2	269	1.000000
2	388	1.000000
2	394	1.000000
2	494	1.000000
2	758	1.000000
3	335	152.375000
3	369	8.517858
8	185	152.375000
9	398	1.000000
9	618	1.000000
9	711	1.000000
9	734	1.000000
9	824	1.000000
30	44	1.000000
30	48	1.000000
30	53	1.000000
30	370	1.000000
30	739	1.000000
38	53	1.000000
38	70	1.000000
38	92	1.000000
38	182	1.000000
38	245	1.000000
38	289	1.000000
38	388	1.000000
38	746	1.000000
39	618	1.000000
44	388	1.000000
44	394	1.000000
47	100	1.000000
47	259	1.000000
47	852	1.000000
48	389	1.000000
48	733	1.000000
48	779	1.000000
49	116	1.000000
49	314	1.000000
49	415	1.000000
50	541	1.000000
52	54	1.000000
52	100	1.000000
52	153	1.000000
52	545	2.000000
54	95	1.000000
54	163	1.000000
54	273	1.000000
54	325	1.000000
54	429	1.000000
54	586	1.000000
54	618	1.000000
54	621	1.000000
54	643	1.000000
54	726	1.000000
54	852	1.000000
61	289	1.000000
61	362	1.000000
61	371	1.000000
61	591	1.000000
70	739	1.000000
75	102	1.000000
82	359	1.000000
89	182	1.000000
89	392	1.000000
89	733	1.000000
92	151	1.000000
92	182	1.000000
92	362	1.000000
92	391	1.000000
92	454	1.000000
92	869	1.000000
93	387	1.000000
93	411	1.000000
93	690	1.000000
96	116	1.000000
96	382	1.000000
96	541	1.000000
100	244	1.000000
100	382	1.000000
100	731	1.000000
101	249	1.000000
101	362	1.000000
101	746	1.000000
101	870	1.000000
102	314	1.000000
102	586	1.000000
102	701	1.000000
103	388	1.000000
103	434	1.000000
103	761	1.000000
103	874	1.000000
104	192	1.000000
104	494	1.000000
104	537	1.000000
104	829	1.000000
104	850	1.000000
104	869	1.000000
105	391	1.000000
105	603	1.000000
116	280	1.000000
116	445	1.000000
116	493	1.000000
116	571	1.000000
116	726	1.000000
116	734	1.000000
124	249	1.000000
126	182	1.000000
126	746	1.000000
132	779	1.000000
148	411	1.000000
148	829	1.000000
148	875	1.000000
151	289	1.000000
151	758	1.000000
153	259	1.000000
153	343	1.000000
153	726	1.000000
156	619	1.000000
156	873	1.000000
163	550	1.000000
163	619	1.000000
163	734	1.000000
163	832	1.000000
179	474	1.000000
185	738	161.000000
192	443	1.000000
192	494	1.000000
196	543	108.000000
196	685	1.000000
196	751	1.000000
200	734	1.000000
202	325	1.000000
202	382	1.000000
202	542	1.000000
202	849	1.000000
208	213	8.517858
208	364	159.000000
208	369	8.517858
208	474	8.517858
208	738	152.375000
213	278	1.000000
213	312	8.517858
213	437	161.000000
213	500	152.375000
213	738	152.375000
221	635	1.000000
221	867	1.000000
225	374	1.000000
225	394	1.000000
225	436	1.000000
225	490	1.000000
225	733	1.000000
232	391	1.000000
232	746	1.000000
232	765	1.000000
235	375	1.000000
235	388	1.000000
235	591	1.000000
236	339	1.000000
236	394	1.000000
236	603	1.000000
236	691	1.000000
239	499	1.000000
239	578	1.000000
241	289	1.000000
241	391	1.000000
243	392	1.000000
243	411	1.000000
243	434	1.000000
243	464	1.000000
243	635	1.000000
243	733	1.000000
243	867	1.000000
243	875	1.000000
244	341	1.000000
244	360	1.000000
244	849	1.000000
244	873	1.000000
245	537	1.000000
249	744	1.000000
249	870	1.000000
252	335	152.375000
259	718	1.000000
259	885	1.000000
260	386	1.000000
260	492	1.000000
260	537	1.000000
260	733	1.000000
269	442	3.000000
269	451	1.000000
269	708	1.000000
273	429	1.000000
278	369	8.517858
278	617	152.375000
289	387	1.000000
289	392	1.000000
289	708	1.000000
289	758	1.000000
289	812	1.000000
307	707	1.000000
314	359	1.000000
314	423	1.000000
314	571	1.000000
314	824	1.000000
317	619	1.000000
317	718	1.000000
325	359	1.000000
325	382	1.000000
325	718	1.000000
330	341	1.000000
330	445	1.000000
330	886	1.000000
335	738	152.375000
338	543	33.428570
338	751	1.000000
339	392	1.000000
339	492	1.000000
339	591	1.000000
341	359	1.000000
360	619	1.000000
360	734	1.000000
361	382	1.000000
361	648	1.000000
362	368	1.000000
362	442	3.000000
364	369	159.000000
364	500	159.000000
368	375	1.000000
368	578	1.000000
368	664	1.000000
369	437	9.000000
369	706	1.000000
370	372	1.000000
370	490	1.000000
371	374	1.000000
372	451	1.000000
372	483	1.000000
372	635	1.000000
372	733	1.000000
374	391	1.000000
374	442	3.000000
374	867	1.000000
374	869	1.000000
375	387	1.000000
382	545	2.000000
386	411	1.000000
386	430	1.000000
386	499	1.000000
387	391	1.000000
387	392	1.000000
387	635	1.000000
388	537	1.000000
388	744	1.000000
388	812	1.000000
388	870	1.000000
389	483	1.000000
389	707	1.000000
391	869	1.000000
394	591	1.000000
398	516	11.000000
411	421	1.000000
411	443	1.000000
415	491	1.000000
415	643	1.000000
421	850	1.000000
423	478	1.000000
423	550	1.000000
423	671	1.000000
423	734	1.000000
429	621	1.000000
429	726	1.000000
430	636	1.000000
430	707	5.000000
430	737	1.000000
433	478	1.000000
433	831	1.000000
434	443	1.000000
434	758	1.000000
436	739	1.000000
441	873	1.000000
442	758	3.000000
442	867	3.000000
443	739	1.000000
445	718	1.000000
447	478	1.000000
451	494	1.000000
451	761	1.000000
478	550	1.000000
478	643	1.000000
478	831	1.000000
483	591	1.000000
483	874	1.000000
490	829	1.000000
492	779	1.000000
493	718	1.000000
494	603	1.000000
499	578	1.000000
516	619	11.000000
537	779	1.000000
542	550	1.000000
550	718	1.000000
555	831	1.000000
571	873	1.000000
586	726	1.000000
586	832	1.000000
597	678	9.000000
600	832	1.000000
635	664	1.000000
635	756	1.000000
635	812	1.000000
636	829	1.000000
654	872	9.000000
661	885	1.000000
661	886	1.000000
671	885	1.000000
690	708	1.000000
691	733	1.000000
701	873	1.000000
718	832	1.000000
718	849	1.000000
718	852	1.000000
726	731	1.000000
726	824	1.000000
734	832	1.000000
734	873	1.000000
737	779	1.000000
739	870	1.000000
779	850	1.000000
873	885	1.000000
