153 376 
56 284 
56 431 
362 90 
9 376 
142 874 
142 52 
142 830 
80 319 
250 418 
478 730 
250 222 
102 515 
83 598 
400 323 
83 523 
295 686 
871 484 
295 376 
673 84 
871 417 
730 84 
709 739 
246 641 
336 96 
49 515 
205 417 
870 395 
50 154 
90 867 
196 481 
630 186 
630 417 
363 867 
279 428 
190 389 
12 417 
695 49 
91 154 
279 52 
279 182 
870 437 
737 388 
737 238 
93 703 
622 31 
515 389 
12 229 
93 585 
871 229 
83 186 
515 107 
631 389 
3 759 
3 68 
3 90 
216 739 
216 874 
205 417 
531 595 
531 320 
50 154 
686 49 
257 94 
870 308 
279 482 
247 417 
279 572 
279 592 
279 282 
279 880 
279 389 
695 49 
141 759 
707 92 
515 759 
548 257 
346 376 
871 417 
871 229 
742 257 
418 251 
418 251 
418 493 
418 290 
418 222 
12 229 
435 867 
435 395 
12 417 
91 290 
515 222 
91 154 
91 734 
91 290 
49 290 
134 867 
367 686 
249 92 
730 559 
49 290 
730 751 
9 251 
255 598 
395 703 
395 222 
395 734 
279 572 
407 572 
499 627 
515 222 
392 86 
398 417 
383 703 
686 49 
861 62 
861 99 
395 222 
861 362 
239 417 
861 36 
786 775 
395 388 
91 734 
398 417 
126 452 
93 290 
394 703 
443 434 
50 154 
742 703 
742 775 
3 759 
395 86 
395 434 
400 257 
400 627 
870 627 
871 417 
742 68 
131 530 
742 598 
564 830 
256 734 
93 597 
93 627 
91 290 
93 92 
93 484 
93 515 
93 686 
93 437 
93 251 
93 282 
93 598 
93 636 
93 759 
742 636 
93 703 
398 417 
93 290 
822 389 
752 55 
786 775 
93 636 
630 417 
9 437 
742 775 
9 636 
742 636 
622 442 
1 741 
12 417 
93 437 
12 99 
93 636 
404 387 
696 357 
283 184 
395 442 
696 734 
395 703 
249 92 
93 92 
92 91 
93 703 
515 387 
447 357 
447 741 
346 184 
515 389 
752 226 
752 154 
752 510 
752 743 
752 60 
9 703 
394 703 
255 739 
400 442 
132 178 
132 617 
846 617 
686 734 
686 96 
363 734 
283 442 
283 184 
478 734 
43 442 
12 229 
395 442 
395 703 
9 703 
395 734 
173 227 
8 90 
8 197 
8 490 
400 442 
9 703 
652 703 
91 734 
395 734 
9 759 
153 448 
274 387 
709 739 
164 362 
164 320 
134 197 
585 739 
216 739 
164 323 
164 99 
158 227 
93 759 
93 703 
93 197 
531 91 
531 880 
742 703 
93 636 
91 734 
742 636 
332 104 
478 734 
9 636 
255 739 
216 739 
418 222 
418 229 
418 175 
418 251 
742 636 
538 490 
290 734 
742 222 
362 197 
362 759 
362 387 
362 867 
362 356 
255 739 
362 90 
216 739 
239 857 
363 734 
634 362 
141 759 
141 387 
141 617 
395 703 
395 222 
395 734 
141 178 
410 157 
410 69 
515 222 
255 739 
255 598 
216 739 
141 759 
861 197 
861 759 
346 184 
255 739 
519 538 
871 229 
205 99 
406 442 
871 417 
90 749 
395 442 
742 557 
585 739 
274 557 
12 417 
12 99 
686 734 
742 81 
870 60 
742 557 
