637 388 
182 477 
233 226 
637 549 
637 294 
106 388 
733 31 
846 477 
124 839 
699 747 
870 734 
870 878 
283 183 
601 839 
395 734 
276 868 
142 830 
784 830 
602 308 
624 851 
395 388 
142 183 
493 66 
592 736 
592 362 
592 206 
164 99 
863 554 
592 126 
592 590 
298 830 
29 443 
202 448 
298 101 
185 736 
619 853 
285 512 
619 895 
494 736 
97 33 
686 392 
686 734 
870 734 
671 261 
472 701 
472 676 
472 636 
83 739 
472 897 
637 512 
637 853 
472 507 
83 874 
83 261 
637 507 
205 91 
205 99 
805 851 
805 391 
637 851 
395 388 
280 227 
744 153 
280 504 
395 734 
313 701 
313 443 
313 596 
313 598 
313 294 
805 2 
805 851 
384 2 
62 734 
636 205 
318 839 
560 557 
560 260 
560 558 
560 742 
870 636 
637 870 
560 128 
560 791 
870 789 
560 852 
560 767 
560 883 
526 843 
83 701 
560 61 
383 897 
560 896 
164 99 
560 152 
383 874 
560 183 
560 592 
624 851 
287 357 
637 775 
637 703 
881 870 
637 437 
637 786 
637 297 
881 226 
72 183 
47 2 
571 153 
637 518 
328 52 
637 369 
744 153 
9 870 
9 512 
637 234 
424 737 
637 870 
346 183 
135 362 
132 108 
132 617 
132 782 
132 178 
601 868 
859 452 
859 308 
496 227 
405 530 
637 713 
637 617 
234 789 
637 127 
637 108 
39 369 
39 632 
39 437 
39 127 
39 206 
62 183 
145 387 
369 748 
62 388 
142 874 
142 830 
142 739 
510 91 
494 387 
872 99 
510 99 
525 40 
510 362 
510 320 
9 530 
141 152 
141 617 
141 492 
137 851 
525 324 
422 880 
805 851 
871 392 
457 560 
57 742 
624 851 
196 705 
255 598 
578 831 
255 867 
39 596 
39 371 
414 543 
9 543 
414 261 
630 357 
65 484 
881 365 
384 897 
91 154 
578 556 
578 7 
91 152 
91 444 
59 221 
59 227 
634 484 
870 734 
496 376 
825 530 
622 31 
134 895 
135 560 
735 421 
333 386 
134 94 
637 362 
637 369 
405 133 
645 895 
326 437 
645 853 
405 530 
345 40 
392 556 
345 388 
813 556 
618 868 
637 741 
585 874 
255 365 
205 776 
205 99 
822 388 
637 388 
39 369 
141 152 
341 479 
784 830 
743 362 
743 99 
578 556 
345 388 
90 867 
190 389 
637 388 
637 362 
216 739 
637 187 
142 830 
822 388 
756 445 
216 874 
623 31 
83 739 
216 739 
422 365 
93 290 
44 880 
83 874 
637 672 
870 290 
152 492 
83 739 
870 878 
383 874 
634 362 
50 55 
83 874 
307 40 
637 362 
858 31 
345 40 
345 388 
307 557 
91 154 
187 180 
29 443 
637 831 
637 180 
91 290 
187 183 
91 152 
83 874 
187 734 
187 150 
187 443 
18 867 
187 786 
539 874 
348 445 
137 851 
460 510 
627 55 
93 290 
743 362 
283 221 
547 857 
283 557 
547 423 
283 183 
3 90 
3 662 
733 31 
870 423 
345 290 
895 560 
383 874 
585 874 
90 737 
173 437 
777 264 
105 763 
395 734 
752 741 
752 284 
752 559 
752 743 
789 618 
152 492 
185 445 
50 154 
9 376 
745 878 
64 324 
538 559 
538 264 
64 445 
243 290 
538 662 
90 749 
345 376 
496 376 
806 392 
216 739 
18 708 
753 236 
637 240 
18 96 
756 445 
870 240 
216 874 
274 96 
93 290 
50 757 
346 183 
870 726 
510 362 
73 241 
346 150 
870 290 
346 443 
627 618 
64 445 
83 739 
91 154 
624 236 
628 502 
347 726 
91 290 
848 896 
813 370 
169 40 
367 444 
367 868 
367 224 
898 236 
375 150 
322 484 
822 290 
822 240 
595 831 
92 373 
92 357 
92 319 
92 297 
72 297 
47 224 
873 68 
873 181 
873 829 
873 676 
91 290 
873 589 
873 182 
424 737 
91 727 
91 734 
91 686 
91 424 
91 152 
91 444 
39 370 
91 542 
699 747 
699 530 
784 830 
509 863 
47 2 
274 240 
405 319 
525 2 
383 224 
345 376 
803 96 
247 763 
98 853 
247 515 
247 290 
628 672 
216 739 
539 376 
142 830 
142 443 
247 417 
98 392 
345 290 
142 874 
216 874 
420 355 
783 491 
274 557 
345 376 
438 874 
420 53 
29 443 
346 53 
619 853 
735 2 
861 62 
637 831 
637 197 
806 392 
601 868 
102 71 
510 445 
83 874 
861 197 
216 874 
4 443 
336 245 
336 734 
521 239 
645 853 
48 105 
164 99 
164 362 
336 357 
164 320 
383 874 
895 349 
274 557 
47 2 
135 557 
50 446 
72 491 
93 863 
93 290 
448 450 
870 557 
91 734 
91 290 
82 91 
637 349 
637 443 
578 831 
770 557 
719 541 
39 68 
39 594 
39 437 
132 741 
719 249 
39 156 
39 46 
719 349 
871 229 
194 105 
141 585 
205 91 
205 99 
205 417 
645 521 
257 479 
737 238 
756 222 
784 830 
737 290 
756 445 
556 90 
105 763 
539 874 
806 90 
395 446 
395 734 
326 445 
637 437 
180 386 
231 452 
634 362 
743 249 
180 117 
743 349 
326 446 
822 240 
64 445 
247 290 
383 874 
247 417 
637 349 
637 240 
870 240 
9 437 
247 763 
637 437 
274 557 
420 94 
395 386 
274 240 
870 149 
395 452 
756 445 
510 362 
510 320 
9 437 
360 264 
637 437 
50 446 
274 594 
351 62 
102 869 
832 100 
870 557 
748 221 
83 738 
725 830 
274 557 
895 270 
274 270 
748 830 
274 594 
748 387 
153 594 
705 445 
295 686 
274 738 
399 70 
18 238 
538 264 
65 221 
496 227 
91 686 
637 362 
51 830 
813 834 
833 643 
833 261 
143 386 
833 641 
833 282 
833 187 
833 853 
833 543 
833 594 
833 735 
833 363 
345 290 
833 691 
645 853 
645 895 
645 127 
393 585 
378 686 
634 362 
326 446 
396 829 
64 445 
396 58 
422 589 
205 229 
8 90 
8 490 
8 662 
130 379 
65 221 
748 221 
395 386 
274 594 
39 594 
39 127 
