83 738 
247 763 
861 62 
861 897 
83 730 
861 546 
861 295 
861 497 
141 92 
861 521 
861 558 
421 492 
861 197 
861 759 
861 644 
861 853 
463 444 
861 36 
861 895 
733 31 
9 92 
9 759 
777 595 
759 759 
777 541 
172 549 
164 853 
164 544 
432 782 
432 241 
432 101 
658 257 
432 873 
164 99 
164 362 
164 320 
432 102 
624 851 
624 53 
624 883 
624 236 
626 530 
712 240 
18 240 
787 284 
709 6 
709 738 
709 357 
480 880 
205 229 
499 241 
499 627 
463 555 
673 84 
786 244 
786 293 
9 530 
786 775 
283 858 
283 51 
283 662 
657 227 
283 183 
657 437 
9 437 
164 738 
673 676 
9 703 
652 703 
102 869 
393 389 
652 585 
742 703 
9 530 
141 183 
141 437 
62 388 
326 446 
173 183 
9 437 
674 448 
861 853 
285 296 
392 869 
510 320 
510 99 
658 549 
281 881 
281 236 
18 240 
90 734 
18 84 
276 49 
276 778 
454 738 
737 238 
740 359 
740 516 
709 324 
709 690 
377 242 
395 869 
777 357 
395 734 
205 99 
55 284 
134 297 
552 560 
552 572 
517 105 
517 236 
517 443 
517 492 
517 239 
517 742 
517 741 
164 853 
744 153 
164 734 
91 734 
588 871 
91 290 
873 871 
588 319 
873 829 
164 99 
91 444 
164 320 
873 589 
18 240 
871 36 
652 870 
9 703 
652 703 
686 734 
742 703 
9 870 
742 703 
9 376 
488 62 
9 870 
384 2 
80 152 
652 870 
488 558 
488 759 
488 90 
9 703 
488 725 
652 703 
488 197 
285 6 
472 701 
472 636 
472 782 
472 869 
18 240 
9 782 
9 703 
652 703 
472 897 
489 99 
742 703 
488 91 
239 319 
488 99 
392 869 
861 197 
861 759 
861 558 
478 734 
432 782 
432 241 
59 757 
578 590 
861 62 
861 897 
861 90 
59 227 
346 179 
346 294 
102 869 
517 387 
274 497 
274 240 
93 703 
18 708 
93 290 
18 897 
18 240 
872 99 
510 320 
510 91 
313 294 
255 598 
422 558 
659 732 
422 589 
422 829 
422 627 
395 446 
395 734 
337 737 
422 880 
422 871 
861 497 
144 618 
392 869 
105 763 
53 881 
413 423 
102 869 
326 446 
383 507 
392 556 
107 260 
742 598 
255 739 
205 91 
652 870 
9 870 
753 596 
753 236 
833 445 
247 763 
422 497 
12 99 
548 257 
709 739 
872 99 
255 739 
255 598 
825 97 
742 598 
91 734 
395 766 
478 734 
844 154 
844 766 
395 703 
238 308 
495 447 
400 627 
255 598 
313 732 
585 739 
480 880 
480 179 
255 739 
313 881 
313 596 
753 596 
313 598 
742 179 
742 154 
742 598 
400 179 
134 308 
448 450 
844 766 
395 766 
274 737 
274 598 
844 766 
62 734 
62 183 
83 701 
336 96 
83 739 
856 442 
142 830 
18 96 
281 881 
142 355 
652 870 
90 737 
709 739 
709 357 
216 739 
255 598 
478 734 
777 357 
91 734 
91 881 
395 734 
418 36 
822 389 
9 36 
9 177 
478 734 
510 91 
510 320 
85 68 
515 757 
62 45 
62 734 
62 376 
501 734 
62 875 
62 395 
793 53 
9 395 
91 734 
422 320 
709 739 
422 395 
422 703 
274 737 
274 598 
422 433 
62 395 
92 91 
573 36 
586 241 
586 726 
92 99 
400 442 
527 876 
383 897 
83 53 
400 96 
686 389 
18 96 
281 881 
255 598 
445 245 
777 739 
752 60 
274 598 
868 185 
861 62 
861 36 
73 241 
709 484 
164 320 
346 294 
346 734 
198 734 
346 376 
336 734 
478 734 
313 596 
395 703 
14 222 
609 92 
890 709 
14 390 
832 58 
14 701 
14 709 
14 484 
47 729 
93 703 
93 376 
400 96 
39 206 
39 632 
39 370 
39 517 
39 152 
39 127 
39 329 
39 226 
39 373 
39 387 
39 242 
39 77 
39 156 
39 248 
39 572 
39 371 
39 231 
39 133 
39 78 
39 555 
39 323 
39 628 
39 593 
39 789 
39 308 
652 585 
517 387 
274 596 
62 734 
422 703 
62 376 
18 96 
422 585 
392 389 
392 703 
753 596 
91 734 
91 881 
93 507 
418 177 
93 703 
510 320 
443 389 
9 703 
634 415 
257 389 
257 62 
50 444 
422 703 
420 355 
9 703 
686 389 
752 481 
