268 492 
392 86 
268 776 
392 869 
268 706 
198 2 
720 236 
243 549 
135 442 
243 776 
624 53 
744 153 
870 290 
243 290 
742 557 
742 53 
624 53 
255 776 
72 706 
384 869 
255 592 
579 759 
255 739 
102 869 
164 99 
72 585 
164 362 
164 320 
283 557 
173 585 
164 323 
709 592 
870 706 
238 729 
400 543 
345 290 
83 33 
173 290 
83 33 
268 60 
367 92 
102 869 
205 99 
62 376 
9 376 
39 248 
39 77 
383 869 
39 323 
679 445 
392 869 
9 376 
384 869 
43 442 
42 484 
173 442 
400 257 
422 388 
400 788 
102 869 
822 290 
578 881 
384 869 
515 360 
283 557 
283 442 
420 53 
102 869 
346 895 
383 869 
188 99 
579 33 
193 260 
239 857 
193 706 
43 53 
752 284 
752 559 
367 94 
367 868 
709 868 
62 376 
786 775 
538 284 
161 117 
83 33 
134 857 
834 94 
59 329 
59 221 
268 729 
59 227 
18 96 
645 895 
400 96 
9 376 
283 748 
283 221 
813 379 
870 868 
562 247 
392 388 
135 442 
392 869 
686 96 
579 636 
83 759 
806 392 
579 759 
686 392 
686 96 
686 94 
279 182 
43 442 
49 106 
126 46 
742 598 
126 555 
9 759 
445 133 
806 392 
742 759 
445 705 
555 257 
891 106 
721 247 
93 376 
93 290 
510 362 
93 585 
510 320 
93 543 
395 442 
93 759 
93 636 
93 706 
93 394 
93 92 
709 636 
135 442 
93 703 
686 392 
93 376 
742 703 
742 81 
395 869 
395 388 
9 376 
93 636 
97 592 
93 394 
220 394 
742 636 
9 703 
92 357 
742 703 
9 376 
384 869 
786 293 
786 775 
525 394 
400 543 
705 751 
400 788 
102 869 
400 741 
400 260 
173 759 
173 442 
400 96 
400 585 
400 257 
400 81 
400 40 
83 636 
400 242 
400 627 
9 703 
742 703 
870 290 
400 442 
742 636 
367 94 
49 106 
43 442 
375 297 
59 221 
102 869 
392 869 
49 106 
686 94 
673 676 
802 706 
579 759 
102 869 
673 84 
49 106 
579 636 
891 106 
367 94 
709 636 
173 442 
367 230 
346 895 
435 887 
435 492 
164 320 
164 853 
164 323 
164 99 
62 388 
742 636 
62 376 
531 320 
93 376 
93 543 
93 290 
255 445 
9 290 
9 376 
496 530 
135 99 
283 221 
19 442 
367 92 
400 543 
806 392 
238 308 
618 868 
618 572 
43 442 
383 869 
83 759 
742 759 
624 53 
62 759 
153 40 
9 759 
686 392 
742 68 
499 220 
499 627 
337 260 
3 68 
93 40 
93 706 
93 394 
93 92 
806 392 
93 703 
93 376 
93 290 
870 734 
395 388 
93 543 
9 40 
93 759 
93 636 
93 133 
93 512 
9 81 
9 4 
93 543 
9 290 
9 437 
346 179 
93 507 
9 876 
9 376 
9 40 
9 870 
9 119 
93 349 
346 40 
9 133 
93 782 
9 597 
9 395 
62 759 
9 512 
9 676 
9 706 
93 759 
9 287 
93 40 
9 543 
346 853 
9 854 
93 107 
19 734 
93 597 
93 627 
9 349 
9 92 
9 179 
9 782 
9 759 
83 759 
9 387 
9 45 
9 703 
93 183 
9 94 
9 790 
9 107 
9 224 
9 52 
93 92 
93 152 
62 734 
9 431 
346 53 
93 703 
93 222 
9 725 
9 627 
93 52 
9 36 
9 530 
9 183 
9 726 
93 4 
62 437 
9 873 
9 152 
93 290 
93 437 
346 854 
93 376 
9 251 
93 870 
9 507 
9 222 
19 442 
141 387 
510 320 
141 585 
93 585 
480 179 
709 636 
786 775 
742 53 
93 703 
742 703 
93 636 
93 557 
478 730 
93 897 
478 868 
283 557 
9 437 
9 40 
9 133 
9 597 
9 782 
9 349 
742 557 
62 437 
538 40 
9 222 
346 179 
705 40 
9 92 
346 897 
9 387 
9 703 
9 759 
347 556 
93 703 
93 222 
752 708 
93 437 
93 133 
93 349 
93 782 
93 759 
93 557 
93 40 
93 597 
752 788 
93 92 
93 897 
742 557 
742 703 
671 261 
742 182 
742 759 
383 556 
93 703 
93 759 
93 557 
548 257 
405 776 
141 437 
367 92 
367 897 
870 734 
806 759 
650 437 
803 868 
18 897 
803 701 
9 703 
548 543 
395 734 
268 492 
400 788 
102 869 
48 559 
345 492 
268 776 
250 713 
392 869 
250 502 
392 703 
745 538 
392 556 
268 45 
48 878 
48 105 
228 415 
83 636 
83 730 
871 853 
392 869 
250 495 
102 789 
47 868 
709 868 
742 703 
18 96 
531 320 
742 636 
193 559 
193 706 
742 788 
870 789 
870 734 
93 543 
93 598 
93 373 
93 759 
93 636 
93 644 
870 878 
93 706 
91 734 
93 91 
93 92 
93 897 
93 703 
164 99 
164 320 
62 759 
62 644 
9 759 
9 703 
742 357 
93 60 
696 49 
93 703 
696 357 
696 558 
742 788 
283 373 
696 394 
93 373 
93 759 
752 60 
392 703 
93 644 
752 843 
752 788 
93 394 
686 96 
686 49 
392 703 
363 867 
363 734 
363 446 
742 703 
696 734 
9 759 
873 482 
39 323 
39 703 
742 636 
748 830 
585 868 
585 874 
742 81 
585 105 
872 323 
83 636 
742 636 
47 759 
813 703 
742 759 
742 883 
285 598 
106 94 
196 705 
488 62 
9 703 
9 94 
9 759 
333 420 
333 734 
9 81 
510 320 
141 92 
90 867 
336 734 
336 748 
336 96 
415 53 
336 105 
336 868 
336 759 
510 91 
336 357 
336 84 
383 869 
47 81 
721 734 
18 96 
194 105 
777 868 
777 264 
133 883 
363 867 
579 759 
777 293 
579 183 
39 78 
39 543 
39 555 
39 323 
39 632 
673 84 
709 868 
709 883 
695 549 
742 759 
192 92 
742 557 
384 703 
90 867 
384 869 
363 867 
62 734 
93 703 
346 183 
538 264 
173 183 
93 598 
93 543 
93 636 
93 759 
93 557 
64 445 
93 92 
93 183 
803 96 
742 222 
83 636 
255 445 
255 598 
141 183 
141 92 
383 869 
777 265 
777 868 
777 790 
777 739 
274 96 
9 376 
9 395 
8 662 
451 782 
9 395 
451 743 
62 395 
451 873 
451 376 
400 96 
451 512 
62 183 
102 789 
451 434 
