308 236 
546 673 
677 443 
418 484 
360 158 
83 355 
680 830 
420 355 
392 869 
495 627 
848 388 
360 242 
83 636 
709 158 
326 673 
326 674 
842 843 
435 544 
437 690 
842 222 
435 759 
560 558 
560 260 
276 874 
437 767 
435 153 
435 92 
424 388 
842 319 
637 672 
209 897 
552 92 
679 596 
870 789 
861 295 
861 63 
552 92 
698 153 
744 153 
51 7 
566 592 
556 90 
326 673 
51 830 
509 750 
435 92 
8 90 
566 789 
424 412 
259 572 
346 376 
861 895 
346 544 
259 388 
383 412 
383 157 
383 869 
709 636 
892 81 
68 640 
295 154 
385 93 
14 484 
47 271 
385 388 
445 853 
385 395 
44 880 
842 361 
424 388 
93 290 
827 388 
347 452 
385 484 
383 701 
98 853 
383 271 
14 701 
385 452 
18 843 
499 627 
203 31 
785 445 
606 452 
238 387 
393 585 
393 544 
393 484 
552 544 
745 387 
209 152 
494 627 
149 376 
135 152 
348 152 
348 445 
745 183 
18 897 
348 391 
367 50 
50 154 
362 435 
18 55 
53 55 
18 867 
585 105 
362 759 
445 152 
362 387 
759 103 
362 767 
362 867 
576 742 
362 758 
392 157 
362 361 
759 759 
193 102 
445 853 
362 90 
619 853 
362 244 
392 869 
362 197 
362 538 
193 102 
93 197 
435 153 
564 152 
84 293 
564 517 
19 102 
438 676 
881 226 
149 759 
83 636 
435 295 
238 758 
564 512 
193 740 
281 740 
564 830 
747 220 
564 673 
564 759 
564 387 
634 362 
714 373 
353 55 
185 102 
747 105 
92 99 
48 105 
592 362 
592 45 
592 222 
592 230 
592 431 
592 835 
592 206 
592 585 
592 880 
592 63 
592 361 
592 388 
194 387 
825 744 
737 388 
737 238 
737 556 
737 290 
679 45 
621 767 
464 40 
464 265 
851 104 
363 767 
627 206 
710 63 
621 242 
405 102 
621 767 
405 850 
360 158 
743 362 
360 738 
362 197 
580 51 
234 789 
360 264 
362 387 
360 876 
719 294 
582 81 
362 767 
360 395 
360 706 
362 867 
362 758 
556 197 
360 874 
582 853 
743 249 
585 736 
585 835 
51 517 
585 105 
777 265 
118 226 
737 388 
365 50 
365 538 
872 880 
709 158 
369 452 
604 197 
350 767 
365 706 
365 242 
365 285 
437 767 
365 873 
365 154 
365 178 
350 874 
585 874 
365 100 
477 295 
365 881 
447 242 
369 850 
870 789 
43 152 
365 390 
365 237 
585 105 
693 291 
365 428 
670 120 
118 850 
346 521 
747 105 
670 88 
365 443 
365 387 
871 521 
411 222 
365 389 
315 644 
365 730 
365 742 
611 437 
102 412 
365 325 
365 843 
365 594 
510 91 
365 618 
625 150 
365 423 
566 789 
510 99 
365 484 
510 320 
709 874 
346 521 
585 105 
747 105 
753 596 
552 572 
556 197 
619 521 
64 706 
445 853 
91 152 
782 426 
414 261 
416 734 
164 99 
515 498 
164 81 
8 90 
50 294 
8 517 
156 394 
164 320 
3 545 
3 558 
3 490 
3 662 
720 236 
8 244 
85 294 
192 92 
8 197 
53 55 
8 545 
53 294 
192 545 
164 544 
633 544 
192 157 
392 157 
118 694 
3 759 
578 590 
238 758 
269 90 
515 221 
193 740 
515 428 
578 7 
118 708 
395 734 
515 50 
347 556 
279 428 
515 637 
515 290 
3 90 
118 70 
3 640 
3 197 
53 558 
118 493 
515 518 
3 558 
3 412 
118 750 
872 99 
347 452 
395 388 
118 154 
3 775 
515 393 
515 53 
515 369 
14 850 
443 734 
363 767 
193 493 
619 895 
556 90 
680 290 
14 484 
154 517 
43 757 
193 102 
10 293 
679 886 
619 853 
298 294 
835 295 
744 431 
434 244 
786 775 
744 153 
835 153 
744 81 
383 869 
383 157 
281 740 
744 40 
737 388 
435 388 
744 673 
149 90 
595 831 
515 393 
585 105 
645 853 
435 244 
395 734 
621 242 
546 673 
618 393 
9 224 
538 545 
445 853 
538 490 
538 662 
538 412 
104 389 
93 120 
9 530 
9 873 
630 558 
9 119 
538 759 
221 257 
556 90 
538 640 
9 107 
601 750 
91 734 
9 179 
392 157 
48 521 
416 734 
445 853 
104 853 
619 853 
367 230 
50 154 
416 390 
9 597 
9 335 
351 637 
164 544 
504 45 
224 226 
438 40 
134 853 
193 740 
313 269 
83 53 
164 99 
224 767 
164 81 
86 442 
8 90 
149 90 
494 308 
83 734 
39 373 
313 732 
8 197 
164 853 
710 254 
671 261 
710 749 
133 592 
133 636 
710 507 
180 386 
237 308 
298 830 
180 117 
250 644 
98 91 
39 517 
285 296 
510 320 
719 249 
83 261 
846 692 
383 2 
747 105 
383 81 
98 389 
39 77 
98 853 
627 107 
383 636 
250 585 
149 77 
250 50 
39 789 
250 96 
345 31 
345 92 
564 673 
825 530 
445 853 
619 853 
281 373 
345 701 
592 590 
48 393 
564 521 
279 2 
345 40 
345 266 
747 105 
645 853 
345 572 
585 105 
274 627 
696 392 
207 498 
274 264 
696 235 
238 84 
561 148 
626 81 
445 853 
274 60 
274 261 
656 154 
619 853 
656 394 
447 242 
238 266 
238 96 
445 107 
274 120 
434 244 
434 86 
231 308 
847 751 
437 86 
48 762 
777 264 
362 758 
362 867 
362 244 
437 244 
315 596 
870 789 
435 244 
56 389 
315 694 
435 762 
426 197 
679 81 
679 2 
49 644 
838 394 
838 244 
551 640 
93 120 
538 296 
418 389 
360 264 
538 264 
285 512 
418 376 
621 242 
8 759 
759 493 
333 386 
645 127 
445 2 
395 442 
645 853 
590 757 
434 767 
395 734 
318 389 
621 295 
49 96 
856 442 
621 498 
679 530 
56 493 
250 96 
49 451 
238 708 
621 518 
621 86 
50 154 
238 96 
705 152 
72 325 
131 530 
279 2 
621 749 
50 152 
621 35 
621 451 
207 242 
556 90 
621 98 
621 598 
383 2 
639 220 
628 706 
777 264 
628 55 
621 451 
848 31 
628 611 
269 90 
237 308 
628 672 
715 260 
679 2 
395 86 
281 376 
133 158 
454 732 
93 133 
149 90 
132 329 
601 732 
555 257 
383 2 
556 90 
239 736 
593 843 
709 158 
601 127 
49 451 
93 222 
362 244 
93 266 
445 2 
130 428 
149 392 
744 673 
721 734 
376 876 
418 376 
337 224 
376 675 
149 90 
733 31 
98 392 
134 895 
733 782 
552 257 
538 759 
733 394 
18 843 
592 611 
871 392 
190 706 
744 40 
588 183 
745 35 
592 220 
121 226 
604 197 
370 868 
621 498 
255 592 
255 886 
149 392 
634 393 
346 376 
592 63 
627 498 
861 895 
239 183 
592 627 
592 744 
121 424 
221 257 
19 393 
621 451 
556 90 
121 421 
837 424 
498 492 
445 152 
100 708 
326 673 
592 308 
592 431 
564 673 
239 240 
564 152 
445 2 
8 90 
8 244 
264 31 
375 744 
362 759 
19 744 
861 266 
7 644 
621 451 
556 90 
363 867 
7 868 
601 750 
416 734 
637 133 
49 451 
601 868 
43 153 
546 673 
582 240 
645 127 
31 750 
8 517 
363 244 
49 240 
637 38 
492 392 
281 868 
637 107 
602 762 
8 183 
733 154 
637 437 
185 102 
7 296 
552 257 
621 394 
43 725 
51 517 
19 744 
637 437 
62 759 
43 81 
326 673 
674 732 
395 734 
43 419 
53 152 
62 734 
43 92 
19 183 
637 627 
274 183 
513 394 
637 294 
274 245 
39 517 
637 873 
492 392 
62 183 
637 851 
3 244 
134 631 
679 81 
274 245 
8 90 
39 437 
735 421 
3 490 
538 296 
362 244 
161 117 
395 86 
3 197 
3 412 
3 545 
52 419 
3 558 
3 662 
492 392 
498 56 
8 244 
434 86 
126 104 
98 392 
8 490 
8 197 
395 394 
360 264 
134 81 
8 662 
744 153 
892 759 
445 245 
3 775 
8 412 
97 592 
68 308 
679 392 
491 102 
250 183 
14 701 
3 782 
3 759 
637 117 
126 159 
892 183 
892 81 
556 197 
52 183 
3 90 
250 96 
8 759 
52 81 
3 640 
209 759 
833 853 
8 240 
556 197 
833 240 
833 735 
98 91 
363 244 
135 152 
447 242 
135 91 
362 244 
8 244 
50 154 
833 60 
833 152 
8 197 
630 102 
833 445 
698 153 
851 104 
362 759 
833 391 
249 394 
203 31 
345 266 
833 81 
336 394 
346 419 
134 357 
98 853 
777 264 
706 102 
134 853 
318 839 
833 242 
551 260 
270 222 
270 131 
871 81 
270 46 
698 492 
14 701 
313 596 
149 418 
19 387 
871 514 
270 596 
270 77 
270 107 
270 835 
270 376 
118 708 
270 261 
270 572 
268 492 
313 598 
270 694 
313 294 
728 352 
270 152 
8 759 
879 352 
405 102 
582 853 
132 617 
270 484 
569 88 
274 701 
698 56 
411 102 
336 357 
83 355 
164 81 
164 320 
8 244 
392 869 
50 154 
118 750 
313 701 
51 357 
270 133 
270 736 
313 421 
270 389 
118 13 
268 729 
510 320 
270 226 
270 390 
118 154 
268 706 
313 740 
85 154 
270 55 
637 437 
295 686 
270 373 
871 91 
270 154 
270 782 
19 373 
582 81 
83 701 
270 387 
268 45 
522 55 
251 394 
744 153 
637 639 
522 308 
348 391 
231 308 
635 790 
243 290 
443 389 
50 446 
891 560 
590 308 
50 235 
351 853 
153 363 
759 493 
238 708 
165 850 
153 610 
98 91 
630 702 
891 790 
443 432 
153 702 
891 432 
134 103 
281 735 
619 853 
281 868 
134 895 
871 91 
645 853 
231 308 
747 850 
522 308 
68 308 
619 895 
291 868 
91 734 
134 853 
15 50 
355 235 
68 777 
98 91 
856 235 
822 235 
719 672 
374 159 
735 639 
98 91 
494 735 
494 60 
335 91 
98 392 
696 394 
64 887 
833 391 
494 104 
871 91 
68 308 
837 686 
231 308 
68 297 
237 308 
785 692 
895 560 
785 598 
281 596 
281 881 
68 308 
231 308 
435 222 
435 869 
435 759 
395 446 
56 493 
519 538 
592 308 
891 560 
592 585 
592 521 
592 777 
737 290 
405 850 
592 187 
762 585 
592 627 
752 788 
825 260 
592 127 
91 686 
592 81 
556 197 
346 4 
679 2 
122 428 
363 446 
122 759 
346 544 
873 68 
14 701 
826 431 
627 206 
824 850 
90 702 
52 290 
247 290 
395 446 
326 446 
623 445 
255 592 
52 514 
153 702 
53 759 
454 732 
231 148 
639 220 
255 867 
504 45 
861 886 
623 31 
715 363 
43 81 
16 323 
383 869 
734 446 
641 352 
623 266 
16 149 
326 445 
16 352 
679 445 
715 290 
16 706 
165 850 
16 293 
623 157 
58 233 
623 876 
138 106 
274 592 
50 757 
176 107 
176 231 
635 585 
434 86 
153 594 
601 732 
699 2 
269 240 
384 2 
619 895 
620 159 
434 750 
709 592 
477 290 
346 897 
601 750 
279 428 
274 596 
619 2 
213 31 
43 757 
434 850 
253 2 
176 241 
274 183 
255 886 
538 545 
538 490 
538 662 
861 725 
538 412 
424 412 
3 545 
420 355 
861 81 
8 490 
319 363 
213 130 
538 640 
510 130 
621 598 
39 323 
747 220 
337 496 
62 734 
699 747 
747 241 
424 412 
281 596 
337 706 
639 672 
85 68 
171 445 
62 759 
384 2 
747 391 
383 2 
747 50 
308 743 
639 220 
275 512 
871 81 
275 61 
395 734 
747 220 
619 2 
679 445 
747 373 
747 154 
747 838 
337 737 
743 99 
679 2 
637 672 
275 221 
308 290 
275 886 
679 743 
3 545 
3 490 
392 735 
472 786 
790 58 
472 701 
472 676 
747 105 
173 50 
715 363 
472 636 
472 782 
472 869 
472 412 
381 418 
4 60 
153 886 
153 363 
4 50 
472 556 
472 897 
47 743 
3 640 
192 838 
472 507 
472 222 
737 556 
102 412 
552 560 
375 706 
688 445 
733 394 
97 592 
592 179 
29 484 
250 897 
512 838 
824 850 
190 706 
592 790 
592 53 
592 517 
592 260 
630 517 
472 556 
472 897 
240 308 
240 878 
281 735 
734 706 
630 706 
472 782 
63 96 
592 45 
522 308 
472 412 
698 517 
592 4 
592 60 
560 295 
737 388 
560 152 
737 556 
679 445 
424 412 
560 245 
694 775 
102 412 
560 544 
395 790 
154 747 
560 40 
395 442 
634 50 
395 394 
634 484 
560 767 
522 394 
281 50 
43 81 
566 592 
14 701 
237 308 
33 282 
522 394 
538 640 
805 446 
384 224 
238 308 
19 152 
805 282 
538 545 
62 734 
538 490 
349 446 
538 412 
134 308 
93 290 
424 412 
679 2 
392 412 
34 154 
487 730 
712 394 
887 392 
326 242 
395 394 
93 233 
16 373 
50 154 
348 370 
829 428 
264 31 
8 508 
395 394 
551 640 
279 2 
805 370 
51 610 
62 759 
371 183 
193 493 
579 743 
870 878 
392 290 
237 308 
30 373 
395 734 
365 730 
395 290 
437 852 
424 412 
630 268 
392 412 
62 4 
552 290 
539 4 
539 637 
552 894 
153 610 
510 99 
637 672 
198 853 
109 443 
130 428 
580 282 
58 81 
172 549 
109 634 
393 734 
50 360 
221 428 
153 786 
134 637 
538 743 
392 290 
353 786 
628 672 
743 124 
221 549 
279 428 
521 50 
745 878 
747 373 
395 734 
580 154 
313 598 
637 388 
347 556 
512 373 
83 730 
747 373 
175 637 
240 308 
83 355 
737 290 
85 60 
152 880 
313 732 
19 373 
522 154 
688 445 
134 837 
18 897 
696 183 
480 880 
522 308 
83 636 
580 634 
870 330 
209 786 
522 239 
19 373 
134 388 
243 290 
259 92 
4 60 
522 105 
4 50 
259 572 
253 2 
348 445 
236 506 
34 379 
118 850 
19 373 
747 50 
34 370 
30 547 
445 245 
231 308 
871 392 
515 50 
30 221 
30 373 
619 2 
197 446 
747 373 
743 99 
445 2 
494 60 
345 701 
238 221 
197 242 
345 40 
90 867 
353 786 
345 572 
353 50 
149 392 
173 50 
173 295 
173 442 
679 2 
306 247 
255 592 
44 880 
255 886 
395 442 
403 887 
678 197 
384 412 
363 867 
737 388 
466 49 
384 2 
308 290 
454 732 
699 2 
308 743 
764 242 
729 70 
560 592 
560 245 
392 412 
560 852 
383 412 
237 308 
560 557 
560 295 
383 224 
782 2 
747 242 
516 730 
560 36 
560 183 
255 592 
91 290 
243 549 
175 637 
637 549 
833 735 
346 183 
445 637 
833 60 
255 867 
833 391 
231 308 
243 290 
833 242 
833 730 
62 443 
556 90 
62 498 
347 433 
556 197 
856 442 
326 391 
279 428 
376 868 
8 90 
376 40 
31 495 
376 876 
62 183 
347 831 
62 50 
100 290 
3 662 
394 240 
842 102 
172 549 
472 786 
472 701 
362 759 
715 363 
3 775 
842 293 
472 636 
14 701 
3 782 
416 773 
3 759 
810 705 
495 737 
3 90 
14 484 
842 701 
842 127 
3 640 
842 159 
472 556 
472 897 
14 242 
842 484 
842 361 
3 197 
495 418 
3 545 
3 490 
346 183 
98 392 
420 355 
412 637 
445 152 
420 428 
734 446 
556 197 
785 692 
39 369 
173 295 
4 50 
522 777 
785 598 
593 50 
83 355 
308 290 
487 730 
19 102 
332 104 
345 40 
522 308 
785 445 
556 90 
621 598 
83 636 
744 40 
134 637 
395 433 
43 442 
848 31 
486 45 
237 308 
35 510 
18 523 
44 880 
805 492 
164 99 
62 510 
164 508 
164 637 
420 355 
281 868 
739 206 
395 442 
234 789 
9 81 
552 92 
9 290 
9 876 
231 308 
480 880 
739 180 
494 50 
679 45 
9 92 
9 179 
121 421 
34 282 
9 759 
250 484 
9 387 
424 737 
9 45 
9 107 
250 96 
250 127 
480 258 
9 431 
9 627 
9 530 
9 432 
9 183 
9 152 
93 290 
743 99 
34 287 
424 773 
28 254 
34 433 
9 740 
805 387 
62 50 
805 52 
739 776 
805 851 
739 124 
556 90 
3 759 
281 50 
601 127 
392 157 
588 392 
805 282 
805 740 
279 428 
556 197 
3 90 
517 492 
200 50 
392 86 
622 31 
3 197 
62 183 
517 387 
328 445 
238 96 
362 81 
394 637 
601 732 
322 363 
362 759 
582 81 
83 776 
322 445 
795 226 
739 293 
153 363 
322 484 
892 392 
764 388 
346 376 
382 221 
892 743 
870 789 
445 107 
346 258 
395 388 
173 50 
699 443 
395 432 
395 433 
237 308 
195 855 
548 289 
871 484 
363 86 
437 86 
265 508 
3 759 
827 852 
743 124 
14 484 
363 734 
265 497 
3 90 
637 511 
538 545 
437 852 
538 490 
132 782 
764 388 
392 86 
3 244 
14 242 
538 662 
265 738 
3 197 
125 637 
363 244 
3 490 
16 293 
3 545 
3 662 
265 874 
637 107 
265 595 
291 242 
133 592 
438 676 
265 517 
3 782 
265 632 
386 103 
438 776 
578 831 
274 96 
623 31 
279 2 
255 776 
384 271 
274 737 
100 592 
363 86 
91 734 
351 637 
424 737 
405 102 
392 86 
255 592 
627 221 
562 247 
164 99 
764 388 
274 592 
274 701 
8 90 
164 508 
392 388 
164 637 
164 320 
8 197 
34 433 
144 257 
279 851 
580 282 
250 734 
371 850 
34 154 
144 124 
580 740 
851 104 
363 119 
50 152 
50 376 
274 737 
34 152 
97 592 
34 445 
144 36 
782 2 
83 776 
34 391 
363 86 
744 40 
424 737 
144 221 
34 855 
34 740 
255 592 
630 376 
250 96 
645 127 
165 850 
274 592 
580 52 
144 290 
435 852 
463 444 
50 444 
592 183 
221 549 
328 484 
376 868 
376 40 
592 777 
826 443 
144 837 
238 96 
144 388 
274 96 
499 627 
376 595 
274 737 
826 387 
243 290 
826 431 
592 308 
548 119 
592 60 
424 737 
274 233 
887 81 
274 587 
747 443 
565 388 
128 51 
856 235 
274 376 
8 759 
856 242 
346 376 
274 183 
833 735 
84 330 
85 443 
494 735 
833 363 
833 60 
494 60 
887 392 
67 4 
67 230 
128 2 
833 183 
84 96 
833 391 
274 72 
856 236 
144 224 
8 662 
629 293 
833 81 
568 222 
274 884 
833 282 
274 335 
369 749 
881 226 
231 308 
568 222 
744 40 
259 92 
833 388 
568 226 
568 628 
259 572 
494 387 
424 388 
833 222 
833 735 
494 735 
494 388 
494 308 
833 60 
568 850 
568 445 
568 788 
281 740 
568 776 
281 740 
383 2 
97 592 
34 282 
34 740 
679 2 
679 2 
420 154 
363 119 
472 676 
472 636 
363 734 
383 587 
472 222 
14 242 
255 739 
510 320 
43 81 
618 388 
255 876 
48 762 
64 282 
39 628 
255 81 
3 759 
826 395 
556 197 
3 639 
538 490 
796 734 
538 662 
3 197 
679 2 
826 491 
753 236 
510 99 
826 443 
3 490 
826 388 
743 99 
3 662 
580 282 
826 390 
826 762 
620 261 
637 639 
332 104 
556 90 
826 387 
83 776 
376 672 
93 233 
639 152 
745 88 
238 152 
464 506 
360 874 
464 287 
773 289 
773 492 
256 492 
464 265 
376 876 
93 290 
264 31 
238 96 
238 492 
126 782 
50 154 
3 662 
90 442 
395 442 
274 96 
255 776 
255 876 
3 639 
785 437 
3 90 
363 290 
205 99 
785 598 
255 491 
205 880 
3 197 
39 206 
39 517 
3 490 
9 224 
9 52 
9 431 
9 627 
9 36 
9 183 
785 598 
833 222 
785 782 
785 850 
833 261 
9 81 
833 152 
274 335 
274 598 
9 335 
274 233 
9 92 
785 2 
785 686 
593 492 
9 45 
9 759 
785 492 
621 598 
237 308 
367 224 
548 119 
9 107 
435 767 
363 290 
538 490 
9 36 
393 484 
102 412 
538 662 
9 432 
363 244 
864 855 
392 412 
371 850 
864 40 
9 740 
9 119 
9 290 
237 762 
435 244 
9 335 
144 36 
383 412 
548 257 
371 50 
747 105 
747 50 
747 484 
363 71 
678 542 
472 782 
367 868 
64 391 
3 759 
737 759 
384 412 
472 412 
753 596 
14 484 
747 762 
747 220 
64 674 
892 392 
538 490 
134 593 
64 737 
747 154 
363 437 
538 662 
735 639 
678 451 
472 222 
363 639 
564 517 
363 390 
443 432 
3 490 
3 662 
363 81 
454 236 
363 349 
250 431 
362 244 
733 31 
238 96 
420 154 
362 81 
637 107 
552 257 
156 6 
429 852 
363 295 
104 393 
9 290 
363 40 
362 759 
739 776 
98 389 
93 233 
345 40 
262 764 
384 179 
363 248 
739 124 
345 572 
91 154 
3 759 
91 734 
363 836 
257 389 
345 31 
363 92 
826 431 
744 40 
345 92 
122 393 
363 13 
91 290 
9 759 
739 293 
445 389 
345 392 
363 734 
363 283 
517 236 
9 431 
91 152 
144 492 
345 492 
285 598 
384 492 
363 244 
363 219 
262 5 
93 290 
262 742 
715 290 
619 389 
392 412 
499 220 
50 154 
420 154 
715 428 
308 290 
274 412 
274 96 
363 248 
274 737 
279 2 
39 248 
274 233 
827 852 
276 495 
420 868 
777 595 
274 596 
715 222 
747 220 
257 636 
308 236 
424 737 
43 53 
91 290 
3 639 
43 92 
83 53 
522 105 
735 389 
363 290 
383 782 
363 437 
747 154 
256 492 
424 412 
384 492 
522 388 
326 437 
363 81 
50 154 
409 843 
192 92 
409 270 
383 2 
871 780 
43 81 
221 257 
91 154 
522 308 
383 412 
43 442 
384 412 
281 391 
49 290 
214 499 
83 53 
838 290 
548 887 
8 759 
346 393 
306 499 
747 154 
264 266 
499 220 
231 777 
346 376 
363 244 
424 388 
753 236 
409 224 
62 4 
838 734 
214 55 
313 732 
8 197 
264 31 
522 55 
214 31 
346 179 
18 897 
8 662 
870 290 
735 53 
891 290 
375 880 
438 776 
838 244 
548 257 
91 154 
409 152 
83 33 
83 636 
384 636 
480 880 
14 701 
744 40 
62 388 
614 843 
478 730 
214 499 
556 197 
384 897 
435 852 
255 81 
164 99 
384 69 
164 81 
336 84 
679 2 
164 320 
326 437 
32 55 
435 734 
435 545 
546 639 
435 266 
614 150 
214 31 
279 2 
255 776 
861 266 
424 393 
580 876 
250 431 
498 253 
348 391 
144 36 
173 393 
556 90 
62 388 
4 858 
259 92 
250 96 
255 81 
193 102 
259 572 
679 81 
861 785 
350 874 
424 388 
522 388 
144 257 
328 52 
384 69 
39 632 
39 517 
424 412 
39 437 
39 127 
50 154 
144 257 
47 69 
267 424 
582 895 
39 831 
601 732 
555 257 
472 701 
805 387 
582 81 
384 636 
634 484 
891 106 
39 156 
39 248 
472 782 
267 585 
472 636 
91 154 
393 290 
91 734 
384 412 
472 412 
548 257 
805 282 
805 391 
267 197 
582 389 
628 672 
747 220 
257 636 
267 388 
634 874 
43 92 
256 734 
250 127 
892 297 
522 105 
805 492 
255 593 
102 71 
62 734 
634 393 
813 556 
102 869 
826 50 
747 154 
494 308 
8 90 
576 150 
494 388 
50 154 
274 96 
243 887 
863 55 
243 290 
44 297 
384 412 
367 868 
353 786 
601 127 
565 412 
85 290 
838 244 
247 290 
384 412 
827 852 
395 734 
347 556 
637 412 
834 389 
709 595 
424 412 
181 391 
506 244 
737 290 
124 70 
8 197 
510 320 
395 442 
347 831 
579 739 
541 729 
747 391 
579 33 
279 2 
346 150 
522 868 
392 556 
388 538 
39 371 
121 226 
494 78 
416 734 
197 446 
541 492 
432 105 
134 881 
637 371 
519 538 
747 154 
424 412 
392 869 
134 297 
392 412 
541 56 
50 154 
392 412 
65 221 
637 786 
173 393 
373 105 
122 393 
825 254 
308 236 
308 290 
881 226 
824 850 
1 850 
824 850 
315 644 
856 442 
315 596 
315 572 
528 874 
315 325 
383 222 
383 786 
383 2 
383 412 
383 897 
895 560 
395 556 
891 290 
777 595 
395 290 
255 739 
47 729 
395 869 
395 442 
454 732 
156 105 
16 639 
47 56 
898 236 
424 412 
335 790 
392 869 
238 729 
335 392 
538 759 
861 224 
392 556 
592 99 
619 895 
592 60 
414 261 
861 90 
856 442 
93 270 
472 556 
538 490 
472 897 
538 662 
472 222 
93 290 
518 540 
472 786 
518 742 
93 233 
619 631 
53 392 
472 636 
388 538 
472 869 
472 412 
753 596 
91 154 
887 81 
395 556 
247 290 
91 734 
743 124 
395 222 
91 290 
785 437 
395 290 
564 222 
43 92 
9 224 
887 389 
785 598 
424 394 
392 412 
39 437 
777 593 
743 99 
392 869 
564 152 
326 437 
887 392 
9 81 
395 442 
785 394 
392 92 
9 290 
412 572 
785 152 
392 556 
346 644 
39 572 
639 572 
249 325 
639 762 
393 734 
556 90 
494 389 
39 68 
315 644 
257 636 
236 572 
256 734 
363 734 
39 369 
592 220 
384 222 
8 90 
119 224 
639 672 
534 239 
435 222 
494 60 
592 241 
93 290 
272 40 
50 154 
308 290 
313 732 
90 737 
93 233 
861 644 
871 36 
829 412 
432 874 
861 224 
472 869 
90 867 
173 290 
871 81 
678 197 
97 33 
424 737 
829 233 
1 850 
313 598 
351 389 
97 596 
363 290 
871 644 
53 885 
472 222 
435 852 
164 99 
9 36 
164 81 
637 672 
164 320 
19 729 
834 724 
580 282 
98 392 
541 729 
454 732 
733 394 
9 40 
274 598 
274 737 
91 154 
83 776 
424 737 
347 556 
813 556 
91 290 
375 150 
555 283 
528 874 
568 776 
392 869 
371 850 
844 93 
255 776 
844 154 
568 222 
335 392 
3 782 
777 265 
3 759 
345 92 
827 852 
363 93 
674 732 
363 92 
83 33 
861 62 
3 639 
3 90 
568 226 
3 197 
3 490 
3 662 
844 706 
510 99 
510 362 
83 881 
473 484 
473 593 
510 320 
104 393 
473 235 
546 81 
473 297 
98 49 
384 869 
522 394 
47 776 
473 373 
383 897 
510 130 
445 49 
47 729 
102 869 
200 362 
383 782 
796 734 
117 593 
376 876 
43 36 
546 81 
43 81 
376 595 
3 782 
429 52 
91 290 
102 869 
510 91 
98 91 
565 868 
376 40 
93 290 
53 40 
534 388 
445 853 
764 876 
480 258 
506 244 
9 81 
373 394 
234 789 
541 729 
595 831 
384 869 
257 853 
259 92 
582 853 
135 390 
134 853 
539 183 
454 595 
384 224 
493 179 
392 389 
64 394 
512 226 
512 373 
645 895 
871 853 
135 572 
424 412 
424 394 
409 224 
313 492 
392 869 
743 362 
636 836 
314 772 
98 389 
90 394 
871 91 
362 759 
313 150 
98 853 
384 179 
556 90 
384 869 
528 491 
522 394 
384 412 
367 868 
250 183 
494 491 
578 590 
363 836 
824 850 
539 183 
367 224 
117 394 
288 831 
164 99 
274 183 
28 106 
164 320 
887 392 
250 393 
274 412 
34 287 
392 869 
833 261 
164 853 
303 93 
34 394 
395 394 
735 53 
833 391 
833 81 
833 282 
384 869 
705 40 
833 388 
395 734 
34 282 
313 598 
443 93 
327 325 
532 499 
4 183 
303 428 
360 106 
538 490 
144 492 
568 49 
285 598 
538 662 
705 106 
8 90 
93 290 
4 492 
102 869 
637 511 
303 778 
833 222 
4 222 
637 775 
521 236 
392 869 
50 154 
753 236 
623 876 
257 49 
43 66 
238 729 
637 639 
392 556 
274 598 
568 222 
98 49 
4 253 
97 33 
274 775 
30 373 
747 220 
568 49 
619 49 
770 701 
564 759 
568 373 
274 183 
346 183 
353 55 
73 241 
770 557 
747 105 
353 786 
881 226 
213 130 
590 757 
98 49 
48 878 
870 878 
274 701 
350 447 
870 789 
870 734 
214 499 
445 389 
18 428 
783 491 
871 853 
383 869 
383 556 
473 319 
395 290 
395 394 
255 876 
395 556 
164 155 
247 290 
164 99 
445 853 
164 81 
93 290 
81 446 
235 388 
164 853 
747 726 
375 590 
56 389 
375 62 
43 81 
743 179 
805 282 
337 776 
805 492 
277 447 
357 40 
337 224 
743 99 
363 446 
743 750 
509 750 
861 895 
737 290 
509 593 
250 349 
509 545 
90 737 
83 776 
83 636 
743 349 
83 33 
861 99 
117 394 
601 750 
445 389 
509 70 
131 224 
601 750 
509 858 
418 484 
134 593 
585 874 
134 881 
509 750 
131 197 
134 857 
838 244 
384 869 
376 595 
383 869 
838 81 
838 515 
367 224 
395 290 
48 40 
838 71 
538 545 
383 874 
871 853 
376 40 
619 853 
464 265 
376 876 
156 394 
395 394 
494 446 
367 446 
395 869 
509 545 
645 521 
346 491 
395 394 
861 497 
719 349 
777 265 
220 394 
257 636 
39 789 
164 99 
645 895 
764 876 
743 750 
743 99 
424 595 
363 244 
739 878 
682 180 
739 776 
98 853 
518 446 
494 491 
47 776 
117 394 
739 99 
739 91 
19 206 
582 853 
842 127 
538 545 
619 853 
223 206 
90 442 
870 789 
621 394 
699 443 
739 180 
811 119 
98 853 
535 220 
891 560 
891 247 
83 636 
62 388 
39 789 
376 876 
8 244 
679 155 
891 432 
8 197 
8 490 
8 319 
679 432 
518 542 
871 91 
