480 258 
64 52 
480 880 
754 386 
93 290 
333 290 
592 99 
49 290 
871 417 
142 874 
142 734 
142 52 
674 308 
400 81 
709 739 
709 636 
363 734 
90 81 
268 437 
393 734 
719 541 
132 617 
134 197 
752 510 
752 128 
651 238 
752 788 
255 739 
249 154 
377 31 
255 739 
400 81 
255 592 
3 490 
858 31 
43 442 
3 759 
216 739 
65 184 
787 615 
346 184 
345 392 
346 734 
141 759 
287 854 
478 734 
785 387 
592 362 
538 490 
395 442 
91 734 
347 556 
39 369 
164 99 
12 99 
142 734 
652 749 
9 222 
9 437 
9 376 
9 119 
9 287 
9 94 
363 734 
648 387 
28 776 
802 437 
725 830 
141 437 
141 387 
141 70 
249 70 
766 123 
93 287 
766 290 
93 222 
93 251 
93 759 
93 636 
93 557 
93 510 
93 60 
93 123 
93 52 
93 376 
93 290 
93 598 
742 636 
742 598 
332 493 
313 433 
332 389 
313 598 
332 420 
742 395 
422 91 
422 703 
422 880 
9 437 
9 395 
422 258 
422 320 
49 290 
422 395 
91 290 
686 96 
91 734 
255 776 
141 545 
141 437 
141 759 
255 598 
9 437 
9 437 
173 376 
173 759 
398 417 
786 775 
802 736 
93 636 
393 290 
93 290 
93 598 
255 598 
742 507 
742 703 
742 222 
872 91 
742 598 
742 759 
872 736 
9 703 
188 91 
393 734 
585 736 
49 290 
363 734 
861 759 
395 433 
742 373 
742 179 
742 479 
742 261 
686 734 
871 417 
742 703 
9 759 
48 522 
696 734 
870 734 
478 734 
755 734 
406 788 
406 437 
478 734 
9 437 
91 734 
239 417 
141 759 
173 437 
141 437 
93 703 
93 222 
93 290 
870 734 
93 598 
93 373 
93 507 
93 759 
91 734 
395 734 
393 734 
255 739 
686 734 
255 598 
362 197 
315 596 
709 739 
480 258 
742 598 
742 507 
255 598 
255 739 
313 596 
742 175 
422 258 
422 395 
422 703 
9 437 
400 543 
5 594 
9 437 
173 437 
393 734 
422 594 
9 376 
753 596 
742 179 
422 395 
742 759 
422 829 
62 734 
742 395 
742 206 
742 81 
742 788 
742 703 
742 373 
742 598 
742 775 
91 734 
9 829 
9 703 
93 703 
93 594 
93 197 
93 376 
93 437 
173 395 
870 734 
93 598 
93 543 
93 373 
93 507 
93 759 
255 598 
392 869 
164 320 
65 184 
268 437 
102 869 
268 128 
268 776 
18 708 
18 96 
274 96 
9 437 
274 598 
5 594 
742 598 
395 556 
395 734 
585 739 
422 320 
422 388 
422 418 
422 395 
422 829 
422 703 
422 594 
420 355 
742 355 
709 128 
709 739 
12 417 
398 417 
742 703 
9 829 
630 417 
422 829 
630 206 
730 708 
255 739 
422 498 
630 418 
585 739 
400 788 
422 365 
50 154 
400 96 
107 829 
274 206 
274 96 
274 598 
9 829 
92 91 
93 270 
93 703 
93 594 
93 437 
93 96 
93 598 
93 388 
742 598 
9 437 
255 365 
255 598 
742 598 
255 739 
422 270 
422 594 
164 320 
153 776 
777 541 
93 270 
93 594 
93 437 
93 598 
313 33 
274 598 
313 598 
313 355 
369 748 
281 106 
173 437 
834 734 
18 708 
18 96 
59 227 
709 739 
395 734 
255 598 
478 734 
573 725 
9 437 
585 105 
585 739 
205 99 
205 417 
205 615 
51 830 
733 31 
422 437 
395 734 
422 388 
422 365 
422 96 
478 734 
83 33 
83 355 
83 734 
9 437 
9 376 
9 870 
9 287 
9 349 
9 224 
9 530 
262 742 
9 222 
400 96 
861 197 
90 734 
737 238 
