870 734 
264 31 
93 782 
346 376 
50 154 
858 31 
870 391 
870 497 
93 376 
872 99 
92 99 
250 349 
400 96 
250 431 
93 349 
205 417 
250 544 
686 154 
18 96 
686 96 
93 349 
686 544 
686 94 
630 417 
164 99 
18 708 
164 362 
12 417 
12 99 
18 96 
18 240 
443 431 
93 240 
394 725 
93 154 
93 96 
394 240 
686 240 
90 81 
742 154 
870 240 
870 96 
18 240 
872 99 
872 362 
394 240 
91 154 
91 734 
9 349 
91 686 
239 240 
363 734 
205 99 
205 417 
285 598 
285 296 
394 240 
384 2 
18 240 
634 362 
538 296 
406 81 
201 370 
18 240 
686 240 
91 734 
686 154 
201 206 
259 708 
201 288 
753 713 
93 598 
93 349 
93 686 
93 96 
47 2 
679 530 
679 81 
400 96 
846 154 
870 240 
393 734 
255 876 
93 96 
18 240 
141 585 
93 585 
400 585 
489 182 
870 734 
870 240 
400 296 
18 240 
898 236 
806 759 
696 154 
696 392 
696 94 
696 357 
871 417 
93 759 
871 81 
538 296 
39 370 
12 99 
12 229 
363 734 
870 734 
870 240 
205 99 
205 229 
624 53 
247 417 
18 96 
515 53 
18 240 
18 708 
752 559 
752 708 
588 549 
337 703 
752 858 
752 788 
752 741 
752 284 
173 423 
367 379 
367 703 
405 417 
48 105 
825 855 
870 423 
825 288 
812 734 
846 154 
93 703 
93 96 
585 105 
9 81 
870 734 
686 96 
730 431 
9 349 
9 703 
686 154 
9 530 
102 869 
102 388 
102 515 
107 829 
696 154 
102 86 
395 858 
50 444 
164 99 
164 81 
164 362 
50 154 
187 150 
582 81 
39 156 
39 206 
496 182 
592 372 
844 782 
239 182 
745 538 
496 182 
93 388 
93 703 
93 515 
753 236 
93 349 
93 782 
93 96 
173 388 
400 96 
93 388 
395 386 
395 734 
812 734 
102 388 
346 376 
93 515 
93 376 
173 388 
346 150 
102 515 
93 388 
247 515 
93 515 
336 240 
49 515 
164 81 
93 515 
102 515 
393 734 
93 388 
870 388 
102 388 
93 515 
870 734 
870 240 
205 99 
12 99 
742 598 
395 734 
742 598 
652 62 
652 92 
742 759 
93 92 
652 703 
164 99 
742 703 
870 734 
93 598 
652 81 
247 515 
696 734 
93 598 
499 627 
93 759 
259 96 
239 627 
49 515 
93 627 
93 703 
93 515 
686 734 
400 96 
259 708 
259 96 
141 92 
870 627 
93 515 
870 734 
93 627 
347 556 
93 92 
742 598 
742 507 
742 703 
752 788 
283 538 
730 240 
247 515 
730 96 
400 96 
730 84 
515 360 
346 734 
255 598 
259 96 
50 360 
696 734 
363 734 
237 452 
237 777 
12 486 
12 91 
91 154 
91 734 
730 389 
49 515 
91 686 
173 389 
91 444 
521 239 
730 96 
395 734 
93 703 
93 515 
93 686 
686 734 
686 96 
93 389 
870 734 
686 389 
93 507 
93 598 
686 708 
834 734 
870 96 
383 507 
91 734 
91 686 
803 96 
803 240 
393 734 
803 595 
259 96 
336 96 
630 556 
395 734 
803 708 
259 240 
592 415 
400 727 
540 91 
400 96 
259 708 
259 96 
696 734 
39 129 
730 96 
686 96 
686 708 
259 708 
274 96 
259 96 
50 360 
274 598 
730 96 
259 240 
50 444 
730 240 
542 251 
173 895 
725 734 
313 776 
313 33 
313 730 
313 596 
313 433 
478 730 
313 598 
313 387 
313 186 
313 701 
313 732 
804 542 
384 507 
351 36 
259 96 
91 727 
351 94 
91 734 
363 734 
91 444 
730 708 
730 240 
730 96 
91 734 
588 251 
9 94 
9 251 
259 96 
686 96 
90 867 
259 240 
696 94 
9 251 
367 444 
283 387 
173 376 
9 94 
9 376 
395 433 
395 867 
173 376 
730 96 
363 867 
730 240 
93 686 
93 376 
93 598 
93 251 
93 507 
9 376 
696 154 
9 376 
686 708 
686 94 
9 759 
173 759 
141 759 
686 96 
421 154 
9 759 
93 96 
400 96 
555 257 
93 759 
93 154 
752 481 
93 376 
515 437 
515 40 
515 498 
515 443 
515 388 
515 395 
515 389 
93 96 
515 226 
93 437 
515 759 
515 240 
515 387 
515 45 
515 222 
515 183 
515 390 
515 360 
515 81 
515 94 
742 257 
730 96 
742 598 
83 186 
742 154 
83 730 
259 240 
93 154 
93 222 
730 240 
400 96 
705 431 
9 222 
259 708 
93 598 
742 222 
601 129 
259 96 
93 40 
93 388 
164 94 
582 240 
50 154 
870 734 
686 96 
686 708 
870 36 
501 36 
268 776 
686 734 
400 96 
515 557 
870 557 
870 222 
395 867 
133 595 
367 224 
395 734 
4 222 
630 418 
811 119 
93 557 
93 154 
93 222 
730 559 
478 387 
515 387 
153 498 
478 734 
478 730 
363 867 
363 867 
742 557 
752 708 
752 62 
752 789 
752 788 
360 387 
752 284 
752 96 
752 388 
9 222 
91 433 
93 557 
91 154 
91 734 
91 686 
730 708 
93 222 
91 708 
745 387 
730 708 
255 598 
395 388 
686 708 
395 433 
395 734 
478 734 
141 759 
478 387 
9 387 
367 686 
132 107 
9 107 
739 99 
12 99 
9 376 
80 319 
742 68 
3 662 
3 224 
153 376 
3 68 
3 90 
3 244 
83 730 
538 662 
90 81 
276 105 
555 257 
83 523 
90 867 
83 598 
83 33 
276 239 
742 597 
742 257 
742 636 
742 598 
742 418 
742 395 
742 53 
742 703 
742 222 
421 437 
336 240 
336 96 
686 240 
742 154 
813 703 
742 206 
141 759 
443 323 
730 708 
730 240 
585 105 
395 703 
395 867 
730 96 
730 708 
730 240 
585 186 
255 598 
686 240 
107 585 
645 523 
515 395 
870 395 
283 387 
515 759 
515 107 
363 867 
83 186 
515 395 
205 99 
9 81 
9 437 
846 319 
9 376 
686 49 
9 597 
9 395 
400 323 
9 703 
9 107 
51 830 
51 357 
51 517 
51 713 
51 542 
51 183 
51 292 
51 369 
51 546 
435 759 
247 515 
742 395 
422 703 
742 703 
164 99 
141 759 
49 515 
164 323 
