649 734 
400 96 
655 853 
18 96 
655 133 
447 600 
205 99 
822 389 
400 96 
480 179 
255 739 
18 96 
153 428 
312 727 
395 734 
312 590 
417 179 
194 734 
395 734 
153 363 
417 507 
221 428 
221 544 
521 236 
752 788 
752 284 
478 730 
243 290 
686 96 
686 493 
173 290 
686 94 
12 99 
515 389 
62 734 
517 734 
91 734 
18 96 
91 727 
346 853 
422 320 
346 734 
501 734 
346 544 
91 727 
91 734 
400 727 
742 68 
745 538 
205 99 
164 323 
164 320 
164 853 
204 777 
204 871 
204 557 
204 323 
93 703 
585 739 
204 308 
93 92 
93 152 
93 183 
93 154 
93 881 
93 484 
93 686 
93 197 
93 376 
93 515 
93 4 
93 839 
93 290 
93 127 
93 249 
93 585 
93 786 
93 512 
93 251 
93 507 
93 295 
93 782 
93 388 
93 759 
93 101 
93 644 
93 40 
93 187 
93 102 
93 371 
93 597 
93 627 
93 517 
93 60 
93 870 
93 598 
872 323 
9 703 
255 739 
422 703 
134 637 
134 853 
663 867 
93 868 
93 636 
93 557 
93 107 
93 706 
93 897 
93 757 
93 703 
9 703 
9 107 
613 370 
255 739 
686 96 
686 389 
281 106 
83 730 
93 107 
93 703 
121 424 
121 421 
255 739 
313 355 
313 701 
313 421 
255 739 
12 99 
9 437 
216 739 
400 727 
188 99 
400 585 
164 323 
205 99 
164 853 
164 99 
296 446 
296 498 
400 96 
686 96 
9 498 
49 515 
400 323 
567 36 
12 99 
18 96 
872 99 
400 96 
281 881 
12 99 
93 515 
93 585 
868 789 
62 388 
62 759 
872 99 
538 759 
661 2 
91 727 
91 881 
12 99 
49 515 
47 2 
663 867 
686 96 
83 355 
83 701 
861 62 
861 897 
205 99 
861 759 
861 636 
861 387 
861 644 
12 99 
663 247 
93 515 
93 388 
93 127 
592 292 
592 127 
93 897 
345 701 
345 133 
585 739 
49 515 
255 739 
709 739 
709 636 
417 507 
395 867 
93 515 
93 507 
93 636 
255 739 
753 713 
753 596 
709 739 
102 869 
8 244 
8 490 
18 867 
255 739 
173 759 
257 389 
164 323 
164 99 
93 759 
90 734 
283 538 
12 99 
93 389 
686 389 
395 867 
665 671 
257 389 
62 734 
419 518 
173 671 
870 789 
870 878 
93 671 
844 154 
93 154 
844 641 
