50 283 
50 295 
50 16 
50 78 
50 79 
50 38 
50 161 
50 267 
11 175 
11 175 
26 151 
225 223 
252 45 
223 225 
225 223 
38 161 
223 225 
225 223 
159 204 
159 249 
219 314 
90 48 
90 23 
90 169 
90 61 
90 98 
90 262 
90 269 
90 99 
90 93 
90 300 
90 75 
90 82 
90 143 
90 150 
90 199 
90 59 
90 230 
90 97 
90 274 
90 183 
90 220 
90 306 
90 281 
90 258 
90 33 
90 264 
90 15 
90 77 
90 39 
90 186 
291 80 
288 216 
161 310 
193 200 
159 318 
90 274 
134 38 
194 291 
134 184 
108 299 
219 6 
134 240 
194 80 
134 284 
134 314 
178 116 
178 250 
134 27 
134 161 
204 159 
134 283 
28 53 
134 120 
134 267 
178 270 
178 202 
83 301 
6 219 
28 4 
134 79 
134 145 
194 40 
134 50 
28 18 
299 114 
178 47 
134 257 
134 112 
230 183 
134 2 
134 71 
134 3 
134 295 
134 16 
134 132 
134 266 
134 218 
134 133 
134 310 
134 78 
21 145 
134 85 
178 253 
134 311 
178 173 
134 231 
134 238 
134 6 
28 280 
28 64 
28 9 
28 180 
28 187 
30 26 
21 145 
28 280 
28 30 
279 7 
28 141 
28 1 
28 293 
28 208 
112 314 
279 94 
28 307 
28 191 
120 310 
28 223 
28 4 
28 285 
28 53 
28 18 
28 127 
28 12 
28 176 
28 298 
28 81 
75 264 
28 174 
90 48 
90 23 
114 242 
291 194 
90 61 
48 90 
90 98 
90 262 
90 269 
75 264 
90 99 
90 93 
90 300 
248 159 
90 75 
90 82 
236 278 
21 145 
90 199 
90 143 
53 298 
90 230 
90 150 
78 38 
90 59 
90 183 
78 161 
90 97 
90 274 
200 58 
21 314 
90 220 
159 248 
90 306 
90 281 
90 264 
90 258 
90 186 
310 120 
90 33 
90 15 
90 77 
90 39 
90 169 
278 236 
108 241 
90 48 
230 183 
279 118 
47 228 
7 263 
178 173 
173 178 
173 116 
80 194 
80 255 
291 80 
80 51 
83 114 
264 75 
75 264 
21 145 
278 279 
310 38 
21 145 
57 45 
202 130 
145 21 
263 7 
184 3 
242 279 
219 6 
202 57 
242 135 
202 304 
135 242 
3 184 
230 306 
21 145 
130 25 
230 93 
291 80 
40 80 
252 221 
120 184 
208 26 
45 57 
60 318 
145 314 
221 252 
242 173 
69 121 
25 130 
223 225 
187 81 
26 208 
26 28 
145 21 
93 230 
