50 267 
21 145 
50 38 
50 161 
291 80 
40 80 
80 291 
254 200 
38 50 
38 283 
306 230 
161 267 
16 132 
90 274 
40 80 
132 284 
45 83 
50 161 
242 135 
16 284 
80 291 
132 2 
16 238 
26 9 
132 16 
161 50 
7 25 
307 28 
161 284 
132 238 
16 2 
132 218 
132 133 
132 310 
132 78 
161 284 
132 145 
132 85 
230 274 
132 231 
132 238 
132 6 
132 38 
38 283 
132 184 
132 112 
132 283 
145 267 
132 3 
132 284 
132 314 
28 285 
132 27 
132 161 
83 45 
40 80 
132 120 
252 10 
132 267 
132 266 
132 79 
81 28 
132 50 
132 134 
132 311 
132 257 
230 306 
132 2 
7 279 
132 71 
132 295 
132 16 
132 240 
133 50 
238 284 
81 142 
238 132 
161 267 
151 152 
90 281 
238 2 
40 80 
267 161 
238 16 
28 18 
112 219 
219 112 
208 28 
279 252 
135 242 
310 295 
112 6 
21 145 
80 40 
310 184 
219 284 
145 21 
279 7 
108 299 
310 44 
145 267 
112 284 
219 6 
142 81 
40 291 
112 284 
184 267 
112 219 
194 40 
267 145 
33 274 
40 194 
267 184 
112 6 
208 225 
267 50 
208 225 
0 259 
90 230 
145 267 
291 80 
225 208 
252 279 
80 291 
267 145 
116 202 
116 173 
79 78 
21 145 
145 21 
90 274 
204 159 
291 80 
116 253 
225 208 
28 18 
50 38 
279 252 
0 259 
38 50 
242 279 
159 249 
262 183 
159 204 
200 254 
254 200 
78 79 
13 278 
199 186 
82 281 
200 254 
25 130 
25 130 
130 25 
159 249 
25 130 
281 82 
256 208 
208 28 
159 204 
50 133 
159 249 
50 38 
159 204 
267 161 
161 267 
279 7 
63 60 
50 38 
50 184 
7 279 
242 279 
242 135 
208 307 
161 132 
161 85 
161 284 
161 120 
161 267 
161 38 
161 295 
161 240 
184 50 
219 112 
254 200 
80 194 
80 255 
80 51 
112 219 
200 83 
