221 252 
161 295 
228 252 
295 161 
295 161 
127 53 
127 256 
38 50 
127 18 
273 288 
278 236 
2 132 
273 111 
161 240 
204 249 
273 70 
278 136 
273 72 
230 306 
200 254 
21 145 
273 276 
183 74 
273 302 
273 89 
145 21 
9 28 
223 28 
28 223 
77 90 
152 180 
152 298 
223 225 
254 200 
21 145 
116 173 
26 180 
7 263 
21 145 
145 267 
26 69 
204 159 
180 26 
116 253 
278 236 
58 162 
262 300 
7 279 
132 79 
262 300 
132 50 
132 134 
132 311 
132 257 
132 2 
159 204 
9 225 
132 71 
132 295 
132 16 
132 240 
133 132 
132 218 
132 133 
132 310 
132 78 
132 145 
132 85 
132 231 
38 50 
132 238 
132 6 
132 38 
132 184 
132 112 
132 283 
132 3 
90 281 
300 93 
132 284 
132 314 
132 27 
132 161 
132 120 
132 267 
132 266 
204 159 
204 249 
38 161 
200 254 
225 9 
145 267 
254 200 
26 280 
116 270 
112 219 
26 28 
38 85 
159 204 
112 6 
21 145 
47 234 
200 254 
159 204 
53 174 
130 25 
45 83 
11 175 
12 4 
208 307 
300 262 
208 307 
58 162 
262 300 
269 93 
300 262 
121 223 
38 161 
200 254 
269 230 
269 300 
269 75 
269 33 
130 25 
269 274 
174 53 
223 121 
219 112 
238 314 
112 219 
132 120 
314 238 
230 306 
200 254 
161 38 
26 28 
7 263 
50 161 
314 238 
38 161 
249 204 
38 50 
161 145 
38 161 
161 184 
161 267 
161 79 
161 38 
280 53 
280 174 
219 112 
116 253 
116 202 
116 173 
262 258 
108 209 
173 253 
21 145 
108 315 
108 104 
173 116 
108 241 
300 262 
9 307 
278 136 
208 18 
254 200 
21 145 
145 21 
161 284 
204 159 
307 18 
9 307 
121 28 
28 26 
121 223 
159 204 
258 281 
161 50 
180 28 
21 145 
121 81 
145 21 
93 300 
93 75 
38 50 
114 299 
151 152 
53 280 
278 136 
164 178 
200 254 
90 61 
94 278 
90 98 
90 262 
2 240 
38 161 
173 253 
90 269 
90 99 
279 242 
90 93 
90 300 
278 94 
90 75 
90 82 
90 199 
90 143 
254 200 
90 150 
173 116 
90 59 
90 230 
90 183 
90 97 
90 274 
90 74 
90 220 
90 306 
90 281 
90 264 
90 258 
280 53 
90 186 
90 33 
90 15 
90 77 
90 39 
279 135 
183 281 
53 280 
90 48 
90 23 
204 222 
50 161 
53 280 
204 103 
28 26 
204 249 
116 173 
200 254 
204 318 
161 50 
204 63 
134 132 
281 258 
50 112 
21 145 
249 204 
204 317 
204 60 
204 159 
116 253 
204 160 
161 267 
90 274 
204 159 
279 278 
204 160 
132 120 
159 249 
204 222 
280 53 
204 249 
204 103 
161 85 
161 145 
279 228 
204 318 
161 184 
204 63 
159 204 
161 50 
21 145 
121 26 
228 279 
204 317 
204 60 
132 184 
112 231 
279 7 
223 28 
112 219 
132 78 
132 184 
132 284 
132 27 
132 120 
132 79 
26 121 
6 112 
85 38 
242 173 
112 6 
145 161 
145 21 
