79 38 
79 267 
230 90 
79 283 
90 230 
38 79 
50 267 
18 28 
306 75 
306 230 
306 59 
306 90 
306 97 
283 79 
200 250 
103 160 
280 151 
242 173 
288 233 
21 145 
194 80 
40 80 
280 151 
194 40 
151 280 
152 280 
116 278 
0 259 
194 291 
180 18 
21 145 
9 28 
194 291 
278 116 
184 295 
279 211 
160 159 
269 230 
249 160 
269 300 
160 249 
269 75 
269 33 
279 308 
269 274 
279 122 
269 93 
200 52 
151 280 
90 99 
134 132 
21 145 
134 85 
145 21 
90 43 
160 249 
134 284 
200 58 
18 180 
160 63 
130 25 
253 47 
278 200 
279 173 
279 10 
194 190 
21 145 
190 194 
21 145 
80 40 
38 283 
173 279 
103 60 
38 78 
200 52 
38 161 
200 254 
25 130 
180 307 
26 225 
117 45 
159 160 
161 145 
180 307 
161 79 
157 185 
13 279 
50 38 
99 90 
79 161 
79 145 
267 161 
79 161 
184 295 
134 132 
134 85 
134 284 
85 132 
78 3 
200 254 
160 159 
85 134 
180 298 
180 18 
283 115 
199 186 
18 307 
253 116 
120 284 
267 145 
104 52 
278 173 
69 223 
161 145 
25 130 
90 199 
223 69 
180 18 
120 310 
161 79 
253 173 
131 113 
120 161 
116 173 
279 211 
78 231 
173 242 
25 277 
78 79 
194 291 
279 7 
180 298 
79 161 
253 173 
279 308 
116 253 
79 161 
202 128 
199 220 
242 173 
199 186 
199 90 
202 209 
173 242 
112 184 
160 159 
249 160 
53 298 
306 230 
279 7 
306 90 
51 80 
66 300 
160 318 
30 28 
6 218 
249 160 
52 104 
157 185 
160 63 
128 202 
230 90 
160 317 
160 60 
160 159 
160 103 
307 127 
160 249 
231 78 
161 267 
161 79 
307 18 
116 253 
161 145 
116 173 
16 132 
151 152 
79 267 
262 74 
0 106 
161 79 
161 145 
161 267 
157 185 
