135 242 
38 50 
40 80 
193 254 
193 200 
279 242 
38 50 
40 51 
38 50 
299 108 
40 291 
108 299 
204 317 
204 60 
204 159 
116 253 
204 160 
204 222 
280 53 
40 80 
90 48 
204 103 
204 249 
48 90 
278 136 
40 255 
116 173 
40 194 
202 116 
204 318 
45 101 
204 63 
7 279 
269 230 
21 145 
269 300 
269 75 
219 6 
269 33 
280 53 
7 104 
51 40 
219 112 
269 274 
6 219 
269 93 
104 7 
101 13 
79 50 
90 48 
300 183 
300 262 
7 279 
79 78 
104 299 
13 101 
21 145 
40 51 
79 38 
145 21 
52 104 
7 299 
7 104 
71 3 
104 279 
104 7 
101 13 
104 52 
10 221 
159 204 
104 228 
80 40 
173 242 
298 180 
225 223 
151 152 
151 81 
53 280 
204 249 
262 300 
300 262 
159 204 
33 274 
7 279 
13 173 
223 225 
279 7 
228 279 
183 300 
225 223 
112 3 
116 13 
242 279 
13 116 
7 299 
7 104 
13 253 
85 6 
300 262 
279 228 
300 183 
85 38 
279 7 
13 253 
242 135 
242 279 
242 254 
145 267 
50 38 
161 295 
252 279 
161 16 
252 299 
180 18 
252 94 
314 268 
268 314 
38 50 
314 268 
223 176 
314 268 
268 314 
225 223 
225 208 
268 314 
262 300 
53 174 
295 161 
53 280 
314 268 
314 268 
268 314 
268 314 
