38 283 
267 184 
38 161 
38 283 
104 164 
300 262 
144 7 
50 79 
184 267 
78 38 
78 161 
78 6 
53 225 
267 184 
38 3 
278 13 
252 215 
278 279 
278 116 
306 230 
254 200 
279 7 
80 255 
80 194 
50 79 
225 53 
79 267 
79 50 
80 291 
6 78 
200 254 
116 173 
18 28 
306 230 
184 267 
116 253 
230 183 
116 202 
262 300 
314 284 
234 108 
3 38 
234 305 
194 80 
78 161 
180 18 
161 38 
283 38 
38 161 
267 184 
117 234 
78 38 
18 127 
38 283 
269 230 
269 300 
139 25 
269 75 
25 139 
269 33 
269 274 
2 132 
2 133 
242 228 
269 93 
86 252 
1 256 
256 1 
78 266 
151 280 
161 284 
78 38 
263 250 
78 161 
18 256 
161 38 
79 50 
161 78 
38 161 
80 194 
79 38 
38 3 
266 78 
50 79 
28 53 
50 38 
38 79 
314 284 
79 50 
279 228 
256 18 
184 310 
47 228 
78 38 
79 38 
279 7 
228 47 
78 161 
161 267 
50 79 
161 38 
38 79 
38 161 
25 130 
141 28 
238 284 
6 85 
6 115 
161 267 
200 254 
50 38 
25 277 
279 7 
280 151 
53 28 
38 283 
204 318 
204 63 
204 317 
204 60 
38 283 
204 159 
204 160 
38 78 
204 222 
204 303 
204 103 
204 249 
38 161 
108 209 
144 7 
108 315 
254 200 
134 38 
108 104 
108 234 
108 241 
79 145 
28 53 
161 295 
28 307 
78 38 
78 161 
234 117 
234 279 
151 280 
199 90 
117 234 
127 293 
159 103 
78 38 
151 223 
78 161 
80 255 
80 194 
151 152 
159 249 
152 180 
200 254 
230 183 
234 108 
50 267 
208 28 
116 202 
279 234 
38 161 
116 173 
161 184 
151 280 
90 199 
18 127 
1 28 
136 309 
116 253 
283 38 
161 38 
132 284 
161 38 
314 284 
79 50 
161 78 
199 90 
90 199 
79 38 
78 161 
132 85 
269 300 
269 75 
78 161 
269 33 
132 284 
132 266 
269 274 
161 38 
132 134 
132 257 
269 93 
161 78 
152 151 
38 161 
269 230 
133 132 
78 38 
132 231 
184 310 
25 130 
18 127 
1 28 
78 38 
25 139 
78 161 
38 283 
25 122 
279 139 
132 266 
283 38 
2 132 
25 241 
278 13 
18 208 
25 279 
256 180 
253 116 
28 81 
230 306 
78 38 
13 7 
78 161 
13 278 
208 307 
83 301 
256 127 
7 13 
7 279 
230 75 
81 28 
242 173 
80 194 
252 221 
78 161 
161 78 
78 38 
161 38 
161 78 
