33 274 
130 116 
230 33 
200 254 
200 52 
21 145 
173 242 
90 274 
204 159 
116 130 
204 160 
33 90 
161 78 
38 161 
85 38 
242 173 
6 112 
183 90 
21 145 
6 314 
204 159 
183 143 
174 53 
128 202 
38 85 
283 38 
6 219 
158 7 
90 306 
90 264 
90 258 
204 222 
90 186 
90 88 
90 33 
90 15 
90 77 
90 39 
288 233 
90 48 
204 249 
90 23 
90 262 
204 103 
94 278 
90 98 
38 295 
204 318 
90 99 
204 63 
90 93 
90 300 
90 75 
90 82 
21 145 
90 199 
90 143 
90 230 
38 6 
90 150 
80 40 
6 38 
204 317 
204 60 
25 35 
90 183 
90 220 
38 283 
90 97 
90 274 
90 74 
90 281 
204 159 
306 230 
306 59 
306 97 
7 158 
283 38 
223 26 
159 160 
48 90 
7 279 
199 90 
48 183 
21 145 
2 145 
38 6 
6 38 
21 145 
199 183 
78 38 
274 183 
174 53 
38 78 
291 40 
291 194 
132 50 
132 110 
18 208 
132 203 
234 47 
132 257 
132 2 
234 299 
90 99 
132 71 
132 295 
132 16 
132 240 
21 145 
132 145 
132 17 
132 218 
47 234 
132 133 
132 310 
132 78 
132 85 
78 38 
306 59 
306 230 
145 21 
132 238 
132 6 
306 90 
78 161 
132 38 
132 184 
132 112 
132 161 
132 283 
306 97 
132 3 
132 120 
132 284 
132 314 
132 27 
132 267 
132 261 
145 2 
24 252 
132 266 
132 134 
132 79 
47 86 
159 249 
28 53 
85 6 
262 183 
12 26 
85 284 
249 159 
299 234 
230 93 
242 254 
26 307 
254 242 
86 252 
281 33 
6 85 
281 183 
161 145 
53 280 
280 53 
53 280 
26 127 
38 295 
161 38 
161 295 
161 310 
278 136 
278 94 
161 184 
280 53 
38 78 
38 161 
278 173 
38 295 
99 90 
13 279 
0 106 
