79 161 
79 267 
161 79 
79 161 
79 267 
79 184 
79 161 
79 283 
79 145 
101 299 
101 301 
79 184 
79 161 
79 145 
79 267 
59 90 
59 306 
299 108 
80 291 
230 306 
273 233 
10 86 
283 79 
204 159 
132 284 
13 278 
204 222 
145 79 
204 249 
204 103 
278 13 
278 136 
159 204 
7 304 
204 318 
204 63 
204 317 
204 60 
136 278 
204 159 
269 300 
269 75 
204 159 
269 33 
18 180 
79 145 
145 79 
13 278 
269 274 
79 50 
269 93 
152 151 
199 90 
269 230 
21 145 
145 21 
52 254 
180 307 
21 145 
306 230 
279 7 
279 242 
7 279 
254 52 
21 145 
50 79 
79 145 
7 299 
50 161 
132 284 
93 274 
132 266 
132 134 
221 86 
52 254 
132 133 
132 231 
59 90 
40 51 
132 85 
134 38 
133 6 
250 242 
283 79 
314 38 
145 79 
35 25 
25 135 
299 301 
2 132 
25 57 
33 274 
151 280 
21 145 
25 35 
279 7 
145 21 
279 7 
112 314 
299 279 
86 10 
86 24 
279 299 
7 279 
159 204 
152 151 
38 161 
38 295 
236 278 
38 267 
161 283 
38 50 
38 283 
161 266 
161 79 
12 28 
38 79 
38 78 
21 145 
25 35 
267 184 
79 283 
161 284 
90 74 
90 306 
90 281 
90 258 
90 33 
90 264 
90 15 
2 132 
90 39 
90 186 
90 88 
230 59 
90 23 
90 77 
230 97 
90 48 
90 262 
230 269 
230 306 
90 98 
90 300 
90 75 
199 90 
90 99 
90 93 
18 28 
90 82 
90 199 
53 12 
90 143 
90 230 
90 150 
90 274 
90 183 
90 220 
90 97 
90 143 
90 230 
45 117 
63 318 
90 150 
16 2 
204 60 
90 183 
90 220 
90 97 
90 274 
204 317 
90 74 
90 281 
204 159 
90 306 
90 264 
90 258 
204 222 
90 186 
90 88 
90 33 
90 15 
90 77 
90 39 
279 299 
28 18 
90 48 
204 249 
90 23 
204 103 
90 98 
90 262 
204 318 
90 99 
16 238 
90 93 
90 300 
90 75 
204 63 
318 204 
90 82 
90 199 
90 99 
90 93 
90 300 
204 318 
90 75 
90 82 
145 184 
90 143 
90 150 
90 199 
53 12 
90 230 
173 116 
90 97 
90 274 
2 238 
90 74 
90 183 
299 279 
90 220 
237 26 
90 306 
90 281 
90 258 
145 79 
90 88 
90 33 
90 264 
90 15 
204 222 
90 77 
90 39 
90 186 
12 53 
2 16 
90 48 
90 23 
262 74 
281 183 
90 98 
90 262 
173 253 
283 231 
279 13 
183 281 
222 204 
279 211 
252 215 
21 145 
13 279 
161 284 
262 232 
79 145 
204 159 
132 120 
132 284 
278 236 
40 80 
25 135 
85 6 
25 57 
298 53 
53 298 
25 35 
318 317 
132 85 
269 300 
79 161 
269 75 
39 90 
269 33 
28 307 
79 145 
269 274 
79 267 
262 300 
269 93 
318 204 
307 28 
269 230 
234 299 
145 21 
234 252 
306 230 
90 274 
204 159 
79 145 
234 7 
234 278 
269 93 
204 318 
159 204 
269 230 
105 305 
184 283 
269 300 
269 75 
204 159 
184 267 
269 33 
269 274 
51 80 
145 79 
291 80 
132 284 
132 266 
80 51 
278 236 
230 90 
242 173 
132 134 
278 234 
132 133 
199 90 
145 184 
132 231 
132 85 
279 239 
80 255 
80 255 
80 51 
230 306 
159 204 
230 232 
230 93 
230 300 
241 116 
116 241 
93 230 
231 283 
182 234 
