47 86 
47 278 
90 98 
90 262 
90 99 
90 93 
90 300 
90 75 
90 82 
90 143 
90 150 
90 199 
90 230 
90 97 
90 274 
90 74 
90 183 
90 220 
204 159 
90 306 
90 281 
90 258 
90 88 
90 33 
90 264 
90 15 
90 77 
90 39 
90 186 
90 48 
90 23 
40 51 
26 208 
90 74 
90 281 
208 26 
9 225 
230 82 
90 143 
194 190 
70 288 
45 117 
194 291 
90 183 
194 80 
204 159 
300 93 
132 284 
90 33 
262 230 
45 83 
139 279 
194 40 
242 173 
300 74 
208 26 
9 225 
278 136 
202 116 
204 318 
278 47 
21 145 
190 194 
47 86 
230 59 
230 97 
262 258 
300 183 
230 306 
159 204 
9 225 
7 279 
161 145 
238 284 
161 284 
242 241 
161 267 
230 232 
258 262 
161 79 
269 300 
269 75 
299 279 
269 33 
221 252 
279 278 
279 182 
269 274 
186 143 
279 299 
269 93 
279 252 
279 211 
279 242 
236 278 
269 230 
161 112 
230 33 
90 75 
90 82 
21 145 
173 242 
90 143 
90 150 
90 199 
90 230 
90 97 
90 274 
90 74 
90 183 
90 220 
204 159 
90 306 
116 253 
90 281 
90 258 
90 88 
90 33 
51 40 
90 264 
90 15 
90 77 
90 39 
90 186 
90 48 
90 23 
116 202 
90 98 
90 262 
116 173 
90 99 
90 93 
90 300 
202 116 
6 257 
6 112 
6 27 
6 2 
6 203 
6 3 
6 295 
135 35 
6 16 
6 266 
6 17 
6 71 
6 218 
6 133 
6 310 
6 78 
6 132 
6 79 
7 263 
6 238 
6 85 
6 38 
6 184 
6 240 
306 230 
279 7 
6 284 
6 314 
6 161 
6 283 
6 267 
6 261 
51 40 
40 80 
6 145 
6 120 
99 150 
6 134 
278 236 
6 50 
6 110 
132 284 
252 10 
279 13 
26 152 
279 228 
132 2 
279 47 
278 279 
13 279 
279 7 
6 284 
252 221 
26 208 
26 307 
176 223 
9 225 
132 284 
26 152 
112 6 
112 161 
81 28 
6 112 
21 145 
21 145 
280 26 
280 26 
21 145 
26 280 
90 300 
21 145 
145 21 
45 207 
116 278 
21 145 
145 184 
145 21 
45 301 
45 270 
45 58 
45 52 
145 267 
45 193 
132 284 
45 83 
45 200 
45 254 
45 144 
204 159 
183 274 
300 90 
180 152 
9 18 
159 204 
21 145 
158 202 
278 116 
183 300 
18 127 
18 12 
145 50 
145 21 
136 278 
204 159 
18 9 
113 299 
300 90 
113 149 
18 256 
18 1 
18 208 
50 145 
278 136 
278 228 
230 306 
18 307 
18 4 
21 145 
9 18 
230 274 
130 113 
306 230 
145 21 
278 236 
304 178 
131 24 
230 306 
30 223 
30 151 
279 228 
30 152 
90 300 
279 47 
30 26 
145 184 
30 81 
30 64 
279 250 
38 112 
30 280 
145 267 
81 30 
204 159 
132 284 
30 69 
90 74 
90 306 
90 281 
90 258 
90 88 
90 33 
90 264 
90 15 
90 77 
90 39 
90 186 
300 90 
90 23 
90 48 
90 98 
90 262 
278 136 
90 93 
90 300 
90 75 
90 99 
90 82 
90 143 
21 145 
90 199 
90 230 
145 21 
90 150 
314 219 
263 7 
90 97 
90 274 
90 183 
6 284 
90 220 
280 225 
90 143 
90 230 
90 150 
90 183 
90 220 
90 97 
90 274 
90 74 
90 281 
299 202 
90 306 
90 264 
90 258 
90 39 
90 186 
90 88 
90 33 
274 33 
90 15 
2 132 
90 77 
300 90 
113 149 
90 48 
90 23 
90 262 
90 98 
132 2 
90 99 
90 93 
25 130 
90 300 
90 75 
112 6 
90 82 
90 199 
279 242 
69 28 
279 304 
279 158 
2 284 
279 250 
112 38 
123 5 
123 165 
263 7 
38 112 
202 299 
2 132 
279 305 
279 299 
279 189 
279 104 
26 152 
279 135 
279 252 
279 228 
279 118 
278 173 
33 274 
199 186 
116 202 
116 57 
202 116 
116 173 
52 254 
112 38 
52 250 
38 112 
116 270 
116 253 
116 35 
52 200 
305 279 
38 112 
7 279 
112 38 
7 279 
21 145 
299 279 
21 145 
109 298 
145 21 
145 21 
90 264 
90 15 
90 39 
90 186 
90 88 
90 33 
90 77 
90 48 
90 23 
90 262 
90 98 
90 300 
90 99 
90 93 
90 75 
90 82 
21 145 
90 199 
90 143 
90 230 
90 150 
90 274 
90 183 
90 220 
90 97 
90 74 
90 306 
90 281 
90 258 
90 274 
149 301 
250 52 
159 204 
9 208 
52 250 
204 317 
204 60 
298 109 
204 159 
204 222 
204 103 
132 134 
204 249 
28 26 
230 306 
204 318 
204 63 
280 26 
202 116 
223 127 
159 204 
223 18 
280 225 
112 38 
263 7 
38 112 
26 280 
90 97 
202 128 
223 176 
90 258 
26 285 
128 202 
2 132 
26 152 
204 249 
33 300 
33 230 
300 183 
33 274 
40 194 
9 208 
134 132 
18 127 
230 232 
38 112 
134 284 
33 232 
307 18 
26 208 
26 69 
204 159 
26 191 
26 223 
26 307 
231 133 
26 174 
26 4 
26 285 
26 53 
26 152 
26 127 
26 121 
26 298 
230 262 
26 18 
230 97 
26 12 
26 81 
230 75 
230 306 
26 180 
26 64 
18 28 
26 9 
21 145 
26 280 
24 131 
112 38 
26 30 
173 178 
26 256 
21 145 
13 234 
145 21 
230 93 
116 253 
13 278 
262 230 
230 262 
116 173 
230 82 
13 228 
202 116 
159 204 
82 264 
306 59 
306 230 
306 90 
35 25 
306 97 
132 267 
274 33 
220 143 
300 33 
183 300 
176 223 
33 300 
300 183 
33 274 
134 133 
145 184 
161 267 
21 145 
145 21 
0 259 
16 132 
16 85 
33 230 
33 274 
133 231 
33 232 
33 300 
133 134 
231 133 
143 220 
21 145 
21 145 
