256 28 
79 161 
38 50 
144 7 
38 50 
26 307 
199 274 
50 38 
288 233 
59 217 
144 279 
38 6 
6 38 
194 291 
132 6 
132 314 
50 38 
86 24 
180 152 
86 252 
38 6 
194 291 
136 278 
223 28 
183 82 
79 161 
160 103 
160 249 
160 318 
160 63 
38 85 
160 317 
160 60 
160 159 
230 33 
85 267 
160 222 
38 6 
18 28 
194 291 
28 256 
230 274 
7 144 
194 80 
291 190 
40 80 
291 51 
194 40 
53 280 
94 278 
116 57 
160 159 
81 26 
269 93 
82 281 
18 28 
278 94 
269 230 
38 6 
269 300 
269 75 
269 33 
1 18 
231 78 
269 274 
26 28 
53 225 
80 51 
234 117 
128 202 
279 299 
53 225 
33 183 
6 132 
80 255 
183 300 
80 194 
299 279 
256 28 
234 242 
234 304 
234 158 
234 305 
234 250 
234 189 
234 104 
98 75 
183 42 
202 116 
160 159 
120 134 
98 264 
234 135 
234 228 
194 291 
80 40 
305 234 
112 6 
234 182 
189 234 
116 253 
45 83 
314 284 
83 58 
116 173 
159 160 
58 83 
6 112 
202 116 
6 314 
7 144 
208 28 
16 2 
38 50 
38 161 
90 220 
90 306 
90 281 
90 258 
90 88 
90 33 
90 264 
90 15 
90 77 
90 39 
90 186 
90 48 
90 23 
90 98 
90 262 
90 99 
90 93 
90 300 
160 159 
90 75 
90 82 
90 143 
90 150 
90 199 
90 230 
306 230 
90 97 
90 274 
90 74 
90 183 
145 283 
2 238 
300 232 
161 267 
90 281 
50 38 
161 38 
2 16 
230 183 
28 256 
142 121 
90 199 
90 88 
58 241 
288 233 
159 160 
38 295 
234 278 
28 26 
116 173 
160 317 
160 60 
160 159 
234 299 
33 281 
234 135 
160 222 
234 228 
306 230 
145 21 
28 141 
306 59 
305 234 
234 242 
160 103 
160 249 
234 158 
306 97 
234 304 
132 3 
234 189 
234 104 
234 305 
234 250 
160 318 
116 253 
160 63 
128 202 
24 252 
45 299 
204 160 
45 83 
257 6 
0 106 
230 90 
257 112 
278 136 
299 234 
314 132 
80 194 
6 38 
306 230 
114 7 
306 90 
204 159 
306 97 
314 284 
53 280 
0 106 
291 194 
278 136 
38 6 
1 28 
204 318 
281 33 
281 82 
80 255 
80 194 
53 26 
280 53 
80 51 
299 45 
26 53 
183 281 
45 299 
159 160 
281 183 
53 280 
241 58 
230 183 
281 183 
223 18 
52 200 
58 241 
242 173 
33 281 
52 254 
161 267 
281 82 
6 38 
13 279 
0 259 
78 161 
186 143 
0 106 
38 6 
7 114 
7 279 
0 106 
38 6 
78 38 
78 161 
295 283 
38 161 
161 145 
161 184 
161 112 
251 28 
133 134 
85 38 
28 26 
204 63 
283 295 
306 59 
204 60 
306 230 
306 97 
40 80 
26 223 
26 28 
38 85 
82 274 
143 183 
160 204 
145 21 
274 82 
222 63 
299 108 
40 291 
40 80 
0 106 
300 262 
291 194 
295 283 
2 132 
2 284 
21 145 
80 40 
204 160 
86 10 
40 80 
90 97 
90 274 
90 74 
90 281 
194 80 
90 306 
90 264 
90 258 
90 186 
90 88 
174 53 
90 33 
2 16 
90 15 
90 77 
90 39 
53 280 
90 48 
90 23 
262 300 
300 262 
90 98 
90 262 
278 136 
90 99 
90 93 
53 174 
90 300 
90 75 
90 82 
90 199 
90 143 
90 230 
90 150 
2 238 
90 183 
90 220 
78 38 
78 161 
26 28 
38 78 
262 300 
38 161 
7 279 
83 45 
108 241 
24 252 
108 209 
108 315 
108 104 
0 106 
21 145 
38 283 
