225 223 
50 283 
50 295 
50 16 
50 78 
50 79 
50 161 
50 38 
50 267 
299 305 
38 120 
306 230 
38 283 
40 80 
38 134 
13 278 
3 132 
81 28 
13 189 
173 253 
89 276 
91 123 
242 25 
80 40 
173 116 
306 230 
180 298 
223 176 
2 132 
278 189 
278 13 
91 123 
91 185 
242 250 
91 14 
280 28 
26 223 
161 38 
230 183 
230 74 
7 279 
230 82 
38 161 
116 173 
152 280 
253 278 
306 59 
306 230 
306 97 
116 253 
281 183 
199 90 
314 6 
132 284 
161 120 
38 283 
278 253 
3 132 
200 250 
200 52 
3 284 
58 45 
58 301 
58 270 
58 83 
58 254 
75 274 
161 38 
58 193 
58 200 
223 18 
132 2 
132 284 
189 13 
7 144 
133 6 
144 7 
79 78 
33 300 
223 225 
79 161 
157 185 
161 267 
161 79 
53 280 
280 53 
225 223 
