90 186 
90 33 
90 264 
90 15 
90 77 
90 39 
90 48 
90 23 
90 98 
90 262 
90 269 
90 99 
90 93 
90 300 
90 75 
90 82 
90 143 
299 234 
90 150 
90 199 
90 59 
90 230 
90 97 
90 274 
90 74 
90 183 
90 220 
90 306 
90 281 
90 258 
204 159 
278 253 
299 45 
53 280 
173 253 
53 28 
105 305 
173 116 
199 90 
161 184 
135 250 
90 199 
194 291 
161 267 
194 80 
194 40 
45 299 
79 3 
138 11 
138 175 
161 145 
253 278 
199 186 
228 135 
200 254 
116 234 
81 142 
254 200 
142 81 
252 299 
228 116 
116 209 
116 228 
152 26 
45 254 
161 240 
53 280 
152 26 
26 152 
114 242 
45 207 
234 241 
300 74 
279 228 
234 299 
25 130 
116 234 
234 135 
25 277 
234 228 
161 284 
45 301 
252 299 
234 242 
45 270 
45 58 
45 52 
234 116 
234 250 
45 144 
45 193 
11 138 
45 83 
45 200 
242 114 
184 267 
25 135 
25 57 
25 188 
138 11 
138 175 
25 263 
250 135 
25 210 
299 252 
299 234 
25 139 
25 35 
184 161 
117 45 
18 208 
7 279 
18 307 
81 142 
228 135 
228 234 
4 28 
269 230 
241 234 
47 228 
80 40 
78 38 
269 300 
253 13 
228 47 
78 161 
252 135 
269 75 
269 33 
269 274 
269 93 
161 240 
199 186 
7 279 
256 18 
161 284 
252 135 
278 116 
252 10 
81 223 
81 28 
278 13 
81 26 
80 255 
80 194 
80 51 
11 138 
26 81 
81 26 
223 69 
231 238 
295 161 
161 295 
21 145 
90 281 
277 25 
40 80 
138 175 
58 193 
58 200 
138 11 
252 215 
9 208 
58 301 
58 246 
58 270 
58 45 
58 254 
58 52 
80 40 
58 83 
252 135 
231 78 
278 253 
28 285 
194 40 
161 295 
300 74 
33 274 
90 230 
108 299 
194 80 
194 291 
241 162 
38 283 
135 116 
135 299 
135 252 
135 228 
135 242 
241 263 
90 143 
90 230 
269 230 
26 225 
269 300 
306 59 
306 230 
306 90 
78 21 
306 97 
269 75 
269 33 
78 145 
11 138 
83 45 
269 274 
283 38 
159 249 
279 135 
279 299 
269 93 
279 228 
222 204 
86 221 
138 175 
40 194 
138 11 
78 231 
90 143 
194 291 
238 231 
38 283 
40 291 
295 161 
204 159 
86 10 
11 138 
231 78 
40 80 
80 51 
194 40 
252 215 
231 238 
80 194 
204 317 
40 291 
80 255 
194 80 
194 291 
270 173 
252 135 
280 28 
40 80 
291 51 
270 116 
252 215 
53 28 
234 299 
234 228 
234 135 
173 242 
194 291 
230 220 
6 314 
194 80 
26 223 
173 278 
24 252 
135 116 
194 40 
230 90 
223 26 
81 28 
279 135 
116 135 
86 252 
173 253 
16 284 
122 37 
307 208 
16 238 
16 2 
16 132 
252 135 
242 135 
202 135 
159 249 
24 252 
79 50 
176 223 
45 299 
253 278 
45 301 
252 135 
228 135 
50 79 
293 26 
79 50 
26 293 
293 26 
69 223 
50 79 
90 230 
90 220 
90 97 
252 135 
90 74 
90 306 
90 281 
90 258 
90 33 
278 253 
90 264 
90 15 
90 39 
90 186 
90 23 
90 77 
90 48 
90 262 
90 269 
90 98 
90 300 
252 215 
90 75 
90 99 
90 93 
90 82 
90 199 
90 59 
90 143 
90 230 
90 150 
90 274 
90 183 
161 284 
50 79 
253 173 
50 184 
50 161 
28 298 
228 278 
50 145 
50 267 
278 228 
200 254 
200 52 
204 318 
161 50 
204 63 
254 52 
220 230 
204 317 
204 60 
204 159 
75 33 
278 253 
204 160 
202 135 
204 222 
298 28 
204 303 
204 103 
204 249 
90 15 
7 135 
90 77 
90 48 
90 23 
90 262 
7 279 
90 98 
255 40 
90 269 
90 99 
90 93 
90 300 
90 75 
90 82 
2 284 
90 199 
90 143 
90 230 
251 28 
220 230 
90 150 
90 59 
79 38 
90 183 
230 220 
90 220 
90 97 
90 274 
90 74 
90 281 
90 258 
204 159 
176 223 
90 306 
90 264 
219 314 
90 39 
90 186 
90 33 
269 33 
159 249 
24 252 
269 274 
50 161 
173 253 
269 93 
90 300 
269 230 
173 116 
269 300 
269 75 
78 79 
78 184 
25 139 
94 252 
184 161 
25 122 
78 27 
78 283 
78 145 
78 267 
78 50 
25 241 
230 306 
25 279 
78 266 
7 279 
25 130 
78 231 
78 133 
78 238 
184 145 
161 184 
299 108 
184 161 
252 135 
117 299 
194 80 
184 267 
3 112 
184 79 
159 249 
24 252 
26 152 
262 97 
262 183 
262 300 
308 279 
288 216 
45 228 
202 116 
45 304 
45 47 
220 230 
45 108 
45 202 
45 301 
279 308 
25 135 
45 83 
314 284 
184 267 
299 117 
176 223 
159 249 
79 267 
12 28 
33 75 
314 284 
279 135 
279 299 
279 234 
279 228 
33 274 
200 52 
81 226 
314 112 
79 38 
79 161 
79 38 
79 161 
145 267 
79 267 
279 299 
279 135 
79 50 
180 152 
145 161 
7 279 
7 299 
7 158 
135 252 
135 7 
279 7 
