145 21 
7 279 
38 161 
38 267 
225 223 
38 79 
50 38 
252 279 
223 225 
159 103 
225 223 
50 3 
241 108 
50 6 
159 204 
223 225 
159 248 
159 204 
161 38 
161 295 
161 85 
161 284 
184 120 
161 267 
161 79 
204 249 
161 145 
161 184 
204 248 
90 82 
90 143 
90 150 
90 199 
90 59 
90 230 
90 183 
90 97 
90 274 
90 220 
90 306 
90 281 
90 264 
90 258 
90 186 
90 33 
90 15 
90 39 
90 169 
90 48 
90 23 
250 52 
90 61 
90 98 
90 262 
90 269 
90 99 
90 93 
90 300 
90 75 
173 253 
173 116 
204 244 
204 249 
97 90 
90 169 
79 50 
204 249 
252 215 
159 204 
132 184 
249 204 
50 79 
132 284 
75 274 
90 183 
90 220 
90 306 
90 281 
90 258 
90 33 
274 33 
90 264 
90 15 
90 39 
90 186 
183 281 
90 48 
90 23 
90 169 
90 61 
90 98 
90 262 
90 269 
90 99 
90 93 
90 300 
90 75 
90 82 
183 90 
50 283 
90 143 
283 50 
90 150 
90 199 
90 59 
90 230 
295 161 
249 204 
90 97 
90 274 
243 279 
249 204 
40 80 
108 241 
183 274 
33 300 
252 10 
204 249 
300 183 
90 61 
90 98 
90 262 
273 72 
90 269 
90 99 
204 87 
90 93 
90 300 
123 192 
204 318 
90 75 
87 244 
204 63 
90 82 
273 233 
273 276 
90 143 
90 150 
204 248 
90 199 
90 59 
273 216 
90 230 
230 220 
108 299 
78 161 
249 204 
90 97 
90 274 
204 317 
204 60 
90 183 
273 89 
90 220 
204 244 
204 159 
90 306 
90 281 
204 160 
90 258 
204 222 
90 33 
273 288 
26 151 
90 264 
90 15 
90 39 
90 186 
90 169 
273 111 
90 48 
204 249 
90 23 
273 70 
204 103 
12 4 
279 189 
26 151 
279 135 
279 299 
135 57 
204 249 
116 173 
161 231 
279 242 
151 280 
151 26 
279 7 
161 266 
107 318 
269 33 
293 28 
120 310 
132 120 
132 284 
255 291 
269 274 
59 41 
280 151 
279 299 
204 249 
204 103 
269 93 
13 234 
151 280 
13 228 
269 230 
145 21 
269 300 
70 288 
279 117 
269 75 
279 7 
21 145 
263 117 
63 222 
223 28 
28 223 
3 50 
10 221 
7 279 
87 244 
223 127 
7 279 
21 145 
145 21 
127 223 
79 161 
79 284 
28 223 
40 80 
252 234 
137 38 
12 223 
223 12 
79 267 
7 305 
7 228 
234 279 
7 304 
7 279 
143 90 
234 13 
7 209 
117 279 
299 279 
117 299 
35 57 
208 307 
161 284 
80 194 
299 108 
79 161 
7 279 
78 161 
60 63 
50 3 
249 204 
249 248 
219 314 
305 105 
