262 74 
90 281 
160 249 
120 78 
273 276 
306 230 
160 249 
184 267 
160 63 
90 99 
249 160 
273 233 
69 223 
83 228 
151 280 
310 184 
176 225 
230 74 
230 183 
160 317 
230 82 
160 60 
18 28 
230 143 
160 159 
230 88 
230 33 
38 231 
230 150 
230 274 
279 7 
26 225 
230 281 
160 103 
230 32 
160 249 
230 264 
230 15 
28 285 
230 23 
160 63 
230 90 
230 169 
97 230 
184 295 
33 230 
279 118 
253 271 
90 150 
7 144 
299 101 
279 117 
90 230 
299 108 
90 97 
90 274 
90 74 
90 183 
299 304 
90 43 
299 279 
90 220 
90 306 
283 79 
90 281 
132 284 
90 258 
90 186 
90 88 
90 33 
299 301 
83 52 
90 264 
90 15 
90 77 
90 39 
230 59 
299 83 
90 48 
262 74 
90 23 
230 97 
83 158 
90 98 
90 262 
230 306 
90 99 
90 93 
90 300 
230 33 
90 75 
90 167 
90 82 
299 118 
299 252 
249 160 
90 143 
90 150 
299 228 
90 199 
26 180 
269 230 
26 64 
26 30 
26 256 
306 230 
88 258 
26 280 
26 225 
269 300 
306 59 
269 75 
79 283 
306 90 
26 208 
306 97 
283 79 
269 33 
26 307 
26 69 
26 191 
26 223 
26 285 
26 174 
269 274 
26 4 
26 53 
26 298 
26 18 
26 152 
26 127 
80 291 
26 12 
26 121 
269 93 
26 81 
26 9 
88 82 
21 145 
132 27 
132 161 
26 191 
26 223 
26 285 
26 53 
132 120 
28 4 
132 267 
132 261 
26 174 
132 266 
26 127 
26 4 
132 79 
26 121 
26 298 
132 50 
26 18 
26 152 
132 110 
132 134 
26 12 
132 311 
158 45 
26 81 
132 257 
132 2 
158 83 
132 203 
26 64 
26 9 
132 71 
132 295 
108 252 
132 16 
132 240 
26 180 
158 315 
132 17 
132 218 
132 133 
132 310 
132 78 
132 145 
132 85 
26 30 
26 256 
158 25 
158 202 
132 238 
132 6 
26 280 
112 161 
26 225 
132 38 
132 184 
132 112 
26 69 
26 208 
132 283 
158 162 
158 101 
132 3 
26 307 
132 284 
132 314 
184 161 
184 267 
184 79 
184 240 
78 238 
161 184 
161 112 
7 279 
112 161 
225 26 
242 173 
280 151 
0 106 
161 78 
78 161 
161 78 
26 225 
306 230 
18 208 
277 135 
83 228 
18 307 
94 252 
90 274 
118 279 
186 90 
116 253 
0 106 
50 267 
116 173 
223 225 
94 252 
230 274 
26 225 
0 259 
230 281 
230 32 
230 264 
230 15 
132 284 
79 267 
230 169 
230 23 
230 90 
230 183 
230 74 
230 258 
90 98 
230 33 
230 82 
230 143 
295 310 
230 150 
57 130 
13 279 
82 232 
306 274 
269 274 
132 134 
269 93 
69 223 
269 230 
269 300 
269 75 
269 33 
253 242 
82 232 
3 50 
3 112 
3 283 
116 253 
3 27 
90 186 
3 132 
3 71 
3 16 
3 78 
97 230 
3 79 
3 310 
3 85 
3 184 
3 295 
116 173 
3 257 
3 38 
3 240 
199 90 
78 132 
151 280 
3 161 
305 299 
90 199 
3 145 
3 120 
3 284 
3 314 
307 28 
3 267 
3 134 
3 6 
178 304 
283 71 
304 178 
71 283 
299 305 
21 145 
242 253 
132 3 
40 80 
307 180 
18 208 
300 74 
2 132 
180 152 
83 299 
7 279 
132 2 
242 250 
2 284 
252 86 
310 3 
93 274 
262 74 
93 33 
284 3 
267 184 
160 249 
160 63 
199 186 
200 52 
90 199 
90 48 
75 232 
58 193 
58 200 
184 240 
278 13 
9 225 
151 280 
21 145 
150 230 
58 45 
58 301 
58 270 
58 83 
184 161 
58 254 
58 52 
278 116 
75 274 
184 267 
278 253 
184 79 
40 80 
28 285 
234 117 
2 132 
251 12 
144 7 
116 278 
2 284 
228 279 
79 184 
93 82 
93 230 
12 251 
38 161 
38 295 
132 133 
21 145 
72 276 
38 267 
38 50 
178 304 
279 228 
279 228 
180 307 
279 7 
79 184 
178 304 
26 92 
253 242 
184 79 
304 178 
11 175 
208 28 
79 50 
47 228 
184 161 
228 47 
50 79 
194 80 
132 284 
79 50 
180 152 
132 2 
194 291 
0 259 
78 161 
161 267 
116 253 
116 228 
131 113 
161 295 
161 240 
161 310 
161 78 
161 145 
116 173 
33 274 
161 184 
21 145 
0 259 
159 317 
21 145 
267 79 
7 279 
267 50 
310 161 
