6 219 
50 267 
21 145 
219 6 
184 120 
184 132 
145 3 
50 38 
112 219 
112 6 
6 112 
69 121 
50 38 
204 159 
80 40 
150 90 
97 230 
38 78 
38 50 
50 78 
219 6 
2 132 
219 112 
280 30 
138 175 
138 11 
159 204 
2 284 
78 38 
299 108 
78 161 
242 108 
28 53 
262 183 
300 262 
262 74 
262 300 
9 127 
7 279 
9 18 
200 254 
200 52 
53 28 
223 225 
116 173 
132 2 
202 178 
223 225 
173 116 
145 3 
225 223 
116 253 
132 284 
178 202 
26 28 
12 28 
116 202 
138 11 
138 175 
173 253 
223 225 
51 291 
28 208 
112 3 
51 80 
159 63 
178 202 
11 138 
204 159 
204 160 
11 138 
204 222 
104 7 
38 78 
291 40 
204 249 
204 103 
138 11 
138 175 
204 318 
33 274 
230 306 
204 63 
40 291 
204 317 
204 60 
41 300 
78 38 
3 145 
279 7 
145 3 
41 230 
41 274 
11 138 
26 28 
38 78 
41 33 
279 135 
138 175 
279 228 
279 242 
138 11 
317 159 
202 116 
236 278 
41 93 
41 75 
159 204 
132 133 
127 293 
242 250 
132 231 
132 85 
78 38 
78 161 
252 319 
132 284 
11 138 
132 266 
38 78 
6 50 
132 134 
138 11 
138 175 
7 279 
230 183 
151 280 
145 161 
145 21 
145 3 
252 189 
132 184 
112 219 
132 120 
112 219 
159 317 
230 143 
49 241 
252 189 
252 57 
189 252 
7 243 
52 83 
0 259 
112 219 
112 6 
38 50 
6 50 
50 78 
50 38 
50 6 
50 184 
79 267 
79 161 
90 199 
90 143 
90 230 
90 150 
90 59 
90 274 
90 183 
90 220 
90 97 
90 306 
90 281 
90 258 
90 264 
90 15 
90 39 
90 186 
90 33 
90 77 
90 48 
90 23 
90 262 
90 269 
90 61 
90 98 
90 300 
90 99 
90 93 
90 75 
90 82 
280 174 
143 230 
151 280 
280 53 
216 273 
83 45 
83 52 
26 28 
101 122 
38 79 
53 280 
90 48 
253 202 
9 18 
241 49 
150 264 
94 7 
13 279 
274 230 
273 216 
295 161 
150 75 
280 151 
204 159 
132 284 
279 139 
279 104 
279 13 
279 305 
279 135 
279 189 
189 252 
279 118 
279 57 
279 158 
279 304 
279 25 
162 58 
101 117 
279 7 
273 216 
79 38 
279 7 
50 78 
204 159 
50 79 
166 119 
252 10 
139 279 
187 297 
189 57 
108 202 
189 252 
199 183 
90 98 
280 174 
116 173 
90 99 
90 93 
90 300 
90 75 
223 225 
90 82 
90 199 
202 52 
13 279 
90 143 
90 230 
90 150 
90 59 
90 274 
90 183 
90 220 
90 97 
90 281 
90 258 
280 53 
234 305 
90 306 
116 253 
189 279 
90 264 
90 15 
90 39 
291 51 
90 186 
90 33 
90 77 
90 48 
52 202 
90 23 
90 262 
90 269 
90 61 
116 202 
279 104 
279 228 
33 274 
10 252 
230 33 
9 92 
279 304 
3 314 
94 122 
230 274 
51 80 
305 279 
159 249 
104 279 
41 274 
112 219 
173 278 
116 253 
3 132 
53 280 
230 90 
41 33 
45 299 
116 202 
202 158 
45 228 
45 252 
230 306 
7 279 
3 184 
202 116 
7 243 
173 253 
116 173 
4 28 
41 75 
41 93 
41 300 
228 279 
173 116 
41 230 
26 28 
13 279 
7 94 
202 116 
252 45 
108 202 
159 204 
159 204 
159 249 
6 219 
219 112 
6 112 
219 6 
219 6 
219 112 
6 219 
