11 175 
307 18 
307 127 
307 208 
307 69 
307 28 
0 106 
144 7 
228 101 
228 278 
228 236 
161 38 
278 236 
278 13 
278 173 
278 228 
250 158 
208 307 
202 158 
283 50 
223 225 
158 202 
160 103 
164 104 
160 249 
118 279 
160 63 
242 173 
202 158 
160 317 
160 60 
200 52 
160 159 
267 50 
242 250 
160 317 
307 208 
160 60 
69 307 
116 173 
152 280 
300 33 
173 242 
160 159 
202 209 
93 183 
160 249 
160 103 
189 279 
116 253 
160 63 
128 202 
238 266 
242 173 
104 13 
299 301 
28 151 
299 83 
184 295 
133 50 
69 307 
38 161 
252 215 
21 145 
299 118 
299 252 
299 228 
299 101 
299 108 
299 304 
299 279 
28 53 
263 172 
269 33 
2 132 
263 260 
269 274 
269 93 
307 69 
269 230 
21 145 
269 300 
134 38 
295 184 
269 75 
116 278 
21 145 
13 116 
160 249 
116 13 
90 281 
26 307 
307 26 
28 285 
291 51 
13 278 
281 90 
291 194 
26 196 
26 1 
50 267 
278 13 
234 299 
283 50 
263 236 
314 132 
278 116 
80 194 
298 109 
4 26 
258 66 
278 253 
26 307 
132 314 
307 26 
132 134 
202 158 
304 263 
134 133 
134 132 
263 304 
134 284 
280 53 
10 252 
7 279 
80 40 
184 295 
132 2 
16 2 
16 132 
209 299 
225 18 
281 82 
