288 233 
283 79 
40 80 
79 283 
194 291 
194 80 
90 258 
90 306 
24 252 
194 40 
278 13 
202 116 
90 93 
200 254 
254 200 
145 267 
204 159 
223 176 
161 38 
204 249 
161 78 
135 57 
135 35 
279 7 
78 161 
79 283 
90 281 
40 80 
267 145 
250 47 
252 24 
194 291 
280 141 
194 291 
183 300 
200 254 
184 145 
38 161 
270 254 
269 230 
269 300 
269 75 
35 135 
7 309 
145 267 
269 33 
269 274 
269 93 
90 48 
90 23 
90 61 
90 98 
90 262 
90 269 
90 99 
90 93 
90 300 
90 75 
90 82 
90 143 
90 150 
90 199 
90 59 
241 162 
90 230 
90 97 
90 274 
90 74 
90 183 
90 220 
145 267 
90 306 
90 281 
90 258 
176 223 
90 33 
90 264 
90 15 
90 77 
90 39 
90 186 
71 310 
283 38 
267 145 
78 161 
38 283 
80 40 
135 35 
257 310 
49 135 
145 21 
80 40 
78 161 
145 267 
80 40 
161 38 
267 145 
59 90 
59 306 
230 306 
173 242 
90 281 
24 252 
230 59 
230 97 
267 161 
161 38 
274 33 
267 145 
40 51 
145 267 
38 283 
258 90 
90 258 
223 176 
38 161 
90 75 
90 82 
90 199 
250 173 
90 143 
90 230 
12 225 
90 150 
90 59 
90 183 
90 220 
90 97 
90 274 
145 267 
90 74 
90 281 
90 258 
176 223 
90 306 
90 264 
28 285 
90 39 
90 186 
90 33 
90 15 
90 77 
28 12 
90 48 
90 23 
90 262 
90 61 
90 98 
252 215 
90 269 
47 250 
90 99 
90 93 
90 300 
233 302 
25 130 
7 144 
176 223 
132 284 
11 175 
194 40 
194 51 
176 223 
269 75 
269 33 
40 80 
269 274 
269 93 
269 230 
80 40 
269 300 
230 274 
57 135 
11 175 
27 145 
230 300 
230 33 
108 209 
230 33 
108 315 
230 274 
108 104 
108 241 
135 57 
307 208 
230 33 
230 274 
108 299 
209 241 
145 267 
209 108 
209 315 
135 57 
135 49 
209 104 
114 94 
38 283 
267 145 
7 279 
7 279 
11 175 
38 283 
79 283 
161 38 
161 295 
161 145 
223 127 
144 7 
161 3 
90 281 
283 38 
132 134 
281 90 
78 38 
78 161 
38 283 
176 223 
122 7 
40 80 
11 175 
38 78 
130 241 
130 162 
38 161 
200 254 
200 52 
145 161 
145 21 
295 161 
38 283 
101 278 
306 230 
279 7 
306 59 
306 90 
78 161 
306 97 
90 306 
151 152 
7 122 
2 132 
194 40 
189 252 
78 38 
250 173 
283 3 
51 80 
51 40 
283 38 
278 236 
194 80 
40 80 
194 40 
40 80 
133 266 
161 295 
28 251 
81 54 
38 283 
145 267 
194 80 
57 135 
283 38 
254 200 
295 161 
145 267 
159 249 
38 283 
52 200 
200 254 
38 161 
