2 132 
94 7 
21 145 
81 28 
7 94 
144 7 
151 54 
242 114 
242 299 
78 38 
78 161 
223 176 
83 301 
145 21 
112 283 
151 152 
286 126 
83 301 
252 10 
286 14 
230 274 
252 10 
230 306 
21 145 
6 112 
159 204 
10 86 
86 252 
6 314 
6 112 
6 112 
145 21 
116 270 
116 253 
116 35 
116 202 
116 57 
116 173 
278 228 
278 234 
112 314 
230 90 
278 189 
278 13 
278 136 
278 173 
230 82 
278 234 
112 6 
278 279 
21 145 
252 189 
263 277 
230 306 
200 254 
278 234 
254 200 
90 230 
234 278 
7 94 
81 28 
114 242 
291 194 
234 308 
189 252 
7 279 
202 209 
254 200 
114 299 
191 225 
112 219 
90 281 
7 114 
7 144 
176 223 
25 242 
278 116 
25 139 
94 7 
30 64 
194 291 
30 280 
279 253 
280 53 
252 10 
279 13 
30 69 
30 223 
30 176 
30 151 
281 90 
230 82 
30 152 
30 121 
116 278 
30 81 
30 26 
269 230 
21 145 
52 158 
269 300 
269 75 
269 33 
269 274 
253 279 
90 23 
279 228 
269 93 
58 162 
7 94 
300 262 
158 52 
21 145 
145 21 
242 228 
80 291 
13 279 
295 184 
157 185 
286 126 
7 279 
144 7 
286 126 
116 202 
116 173 
144 7 
116 253 
189 241 
221 252 
26 92 
82 230 
241 189 
