293 292 
278 13 
116 202 
202 116 
116 173 
159 204 
116 253 
194 40 
183 220 
278 136 
10 252 
30 26 
194 291 
234 242 
194 80 
132 284 
28 307 
151 54 
28 223 
280 53 
299 301 
28 4 
28 285 
28 53 
28 18 
28 127 
28 12 
28 121 
28 298 
81 28 
180 225 
28 251 
28 81 
28 26 
199 186 
189 228 
7 279 
104 188 
28 174 
28 64 
28 9 
3 284 
28 256 
299 228 
28 280 
28 195 
28 30 
28 141 
28 1 
28 208 
279 158 
306 59 
279 7 
306 97 
26 174 
279 122 
279 299 
152 180 
228 299 
173 253 
236 278 
132 78 
303 159 
299 228 
132 145 
132 85 
132 38 
132 184 
132 284 
132 27 
228 301 
132 120 
39 306 
228 108 
228 83 
132 79 
269 274 
93 90 
208 307 
269 93 
58 301 
269 230 
40 51 
269 300 
269 75 
78 161 
299 279 
269 33 
6 314 
234 7 
26 174 
278 236 
194 40 
234 241 
6 112 
180 225 
26 81 
278 173 
40 194 
151 280 
81 26 
234 299 
194 291 
132 6 
108 299 
253 13 
295 184 
295 161 
293 292 
253 279 
2 132 
180 225 
26 81 
279 242 
241 234 
242 234 
202 108 
242 279 
58 162 
108 202 
180 225 
108 209 
200 254 
200 52 
81 142 
103 204 
142 81 
40 80 
24 252 
194 40 
278 236 
278 13 
184 132 
263 7 
6 314 
51 40 
6 219 
299 45 
6 112 
202 116 
116 278 
299 252 
299 228 
307 127 
234 242 
194 80 
299 304 
223 28 
116 45 
86 10 
40 80 
132 120 
58 162 
258 88 
234 241 
80 291 
228 299 
45 299 
307 208 
26 81 
108 299 
45 116 
291 80 
288 233 
45 193 
45 83 
45 200 
234 7 
45 254 
45 144 
45 207 
262 183 
26 81 
45 301 
45 270 
45 58 
45 52 
80 40 
180 298 
40 80 
40 51 
278 47 
81 26 
269 230 
269 300 
306 59 
278 116 
306 97 
269 75 
269 33 
278 253 
269 274 
228 301 
299 301 
278 13 
269 93 
228 299 
26 81 
38 161 
278 228 
278 173 
6 112 
33 274 
26 81 
81 26 
242 279 
6 284 
6 314 
145 79 
161 38 
24 252 
279 315 
132 284 
279 189 
274 33 
112 166 
279 104 
230 90 
279 13 
279 135 
279 299 
279 118 
279 252 
26 81 
279 228 
279 242 
279 241 
112 6 
21 145 
279 304 
279 25 
279 117 
279 250 
279 263 
13 279 
279 209 
279 7 
279 278 
145 21 
16 132 
241 279 
176 223 
133 266 
16 284 
252 24 
230 306 
16 238 
16 2 
241 234 
252 299 
24 252 
252 24 
7 122 
21 184 
159 204 
278 279 
40 291 
194 80 
230 93 
24 252 
194 40 
26 152 
279 299 
279 189 
279 135 
279 118 
279 228 
279 242 
299 228 
288 111 
299 279 
279 278 
189 279 
116 13 
291 80 
116 253 
299 301 
80 51 
299 45 
299 83 
116 173 
35 130 
144 7 
299 252 
299 228 
299 118 
80 255 
263 7 
299 101 
80 194 
299 108 
299 304 
13 116 
299 279 
133 132 
278 279 
295 184 
133 85 
295 161 
58 52 
13 116 
130 35 
194 80 
133 284 
133 134 
208 26 
279 228 
10 252 
18 28 
144 7 
57 116 
256 18 
151 280 
30 26 
314 132 
306 59 
26 208 
306 97 
151 152 
291 80 
45 299 
18 208 
279 135 
279 299 
279 118 
279 228 
299 279 
183 143 
279 278 
279 189 
26 69 
26 208 
26 307 
93 230 
33 93 
299 301 
28 151 
26 298 
26 18 
26 152 
26 12 
12 26 
26 30 
26 280 
26 225 
278 279 
309 136 
3 133 
26 12 
281 183 
21 145 
202 116 
132 120 
279 228 
112 314 
151 28 
143 230 
183 230 
143 183 
209 202 
183 74 
209 279 
183 143 
151 280 
38 161 
7 279 
7 158 
238 2 
238 16 
238 284 
238 132 
