267 184 
24 252 
269 274 
269 93 
269 230 
202 209 
173 242 
269 300 
269 75 
202 128 
223 28 
269 33 
38 283 
234 242 
253 234 
173 234 
279 101 
234 305 
234 250 
279 278 
279 108 
279 315 
234 116 
174 53 
40 190 
279 104 
274 82 
279 13 
279 135 
279 299 
279 189 
234 278 
234 279 
234 47 
279 118 
279 252 
279 234 
279 228 
279 242 
13 234 
190 40 
279 241 
234 13 
279 304 
234 253 
234 228 
279 158 
234 173 
279 116 
279 250 
279 202 
279 117 
279 209 
279 7 
279 202 
13 279 
278 279 
305 234 
241 279 
132 284 
50 267 
240 3 
132 2 
278 234 
199 90 
161 284 
223 28 
128 202 
81 28 
230 90 
161 310 
50 267 
173 253 
184 145 
3 184 
267 50 
80 40 
310 184 
173 116 
184 3 
151 54 
118 279 
186 199 
194 80 
33 300 
38 295 
38 161 
38 267 
194 291 
26 280 
38 50 
300 33 
184 267 
26 307 
40 80 
160 63 
184 240 
158 52 
190 40 
200 52 
173 253 
173 116 
230 59 
230 97 
230 269 
230 306 
158 202 
26 223 
184 161 
7 279 
7 279 
13 211 
13 279 
267 78 
50 16 
50 78 
50 79 
50 38 
50 161 
230 59 
230 97 
50 267 
230 269 
230 306 
50 283 
50 295 
26 225 
86 252 
223 28 
161 284 
223 26 
269 93 
18 208 
252 86 
202 158 
300 74 
230 306 
236 278 
190 40 
161 50 
161 184 
269 230 
173 242 
240 184 
113 131 
194 291 
78 38 
269 300 
269 75 
230 220 
161 267 
269 33 
132 161 
291 190 
223 28 
57 135 
131 113 
132 284 
11 175 
269 274 
50 161 
33 300 
3 132 
161 38 
0 106 
230 90 
85 6 
291 40 
161 295 
97 59 
267 295 
267 38 
128 305 
50 38 
161 38 
131 113 
26 28 
267 161 
291 51 
225 26 
194 40 
50 161 
230 59 
161 295 
230 97 
28 26 
300 262 
3 85 
161 132 
86 252 
50 267 
230 269 
230 306 
267 50 
161 50 
300 33 
6 85 
50 295 
21 145 
97 217 
194 291 
161 267 
26 225 
194 80 
150 74 
202 128 
298 69 
128 305 
278 236 
252 86 
86 252 
161 184 
307 191 
53 174 
254 200 
202 209 
305 128 
26 225 
208 18 
191 256 
209 279 
132 284 
132 2 
7 279 
33 300 
279 7 
50 6 
159 160 
161 134 
230 59 
53 280 
230 97 
230 306 
120 112 
160 63 
120 38 
132 3 
280 53 
200 250 
300 33 
38 120 
223 225 
295 38 
269 300 
269 75 
295 161 
223 28 
269 33 
33 300 
278 253 
295 267 
269 274 
295 50 
262 300 
250 200 
262 74 
269 93 
269 230 
300 33 
134 161 
180 18 
300 262 
291 194 
38 161 
116 173 
180 152 
116 47 
180 298 
13 116 
242 278 
116 13 
116 253 
116 228 
190 291 
38 78 
57 135 
132 284 
161 38 
53 280 
230 59 
230 97 
230 269 
230 306 
80 40 
305 299 
230 274 
263 7 
252 189 
230 59 
230 97 
230 75 
230 269 
230 306 
299 305 
230 33 
105 305 
151 26 
47 228 
228 47 
151 152 
116 13 
13 278 
116 253 
6 50 
26 151 
116 173 
230 306 
278 200 
278 13 
152 180 
299 305 
300 232 
50 6 
57 135 
80 291 
38 161 
6 85 
191 256 
305 299 
256 191 
279 7 
