50 38 
204 249 
204 103 
204 318 
204 63 
204 317 
204 60 
204 159 
204 160 
50 184 
204 222 
184 50 
231 219 
78 50 
173 253 
53 28 
242 250 
50 112 
306 230 
45 117 
173 116 
57 35 
83 200 
50 133 
90 306 
90 59 
90 230 
90 183 
230 220 
50 133 
50 78 
249 204 
90 97 
90 274 
225 223 
90 74 
90 220 
90 306 
184 267 
90 281 
90 264 
90 258 
90 186 
90 33 
225 208 
90 15 
90 77 
90 39 
133 267 
90 48 
90 23 
133 134 
133 50 
90 61 
90 98 
90 262 
90 269 
90 99 
90 93 
90 300 
202 116 
90 75 
223 225 
112 6 
90 82 
21 145 
208 225 
145 184 
83 278 
90 143 
278 279 
305 105 
63 318 
220 230 
90 150 
90 199 
90 75 
78 133 
78 310 
90 99 
90 82 
208 225 
78 85 
118 104 
78 79 
78 231 
90 143 
50 112 
78 238 
78 6 
21 145 
90 199 
78 38 
90 59 
3 267 
78 184 
90 230 
90 150 
78 240 
249 204 
90 97 
90 274 
90 183 
78 284 
78 27 
78 161 
90 220 
78 283 
90 74 
90 306 
90 281 
78 120 
90 258 
90 33 
78 134 
78 145 
225 208 
90 264 
28 53 
90 15 
78 267 
90 77 
90 39 
78 50 
90 186 
28 18 
90 23 
81 28 
78 257 
250 193 
78 112 
90 48 
78 2 
90 61 
90 98 
90 262 
78 71 
78 3 
78 295 
90 269 
180 152 
78 132 
78 266 
7 279 
90 93 
90 300 
143 90 
24 215 
267 3 
90 143 
145 21 
220 230 
142 81 
161 267 
278 263 
145 267 
231 78 
26 223 
28 285 
267 161 
280 151 
90 39 
78 50 
202 116 
78 231 
194 291 
50 78 
204 159 
35 57 
90 281 
57 35 
300 232 
176 223 
121 30 
116 253 
267 145 
121 28 
300 183 
2 240 
176 28 
116 173 
90 93 
176 28 
250 173 
6 38 
145 267 
242 279 
11 138 
280 28 
99 90 
6 50 
250 108 
28 176 
267 145 
138 11 
138 175 
281 90 
90 99 
267 145 
138 175 
83 299 
138 11 
173 253 
2 284 
47 228 
173 116 
242 279 
145 267 
280 28 
47 86 
83 301 
11 138 
2 132 
262 183 
291 40 
83 301 
83 299 
228 13 
13 228 
242 279 
130 35 
130 135 
130 49 
130 57 
183 230 
159 204 
53 280 
50 38 
50 6 
50 6 
50 161 
90 281 
299 228 
204 159 
159 249 
159 204 
161 50 
208 225 
3 284 
202 116 
173 253 
116 173 
230 306 
238 284 
161 50 
21 145 
238 132 
145 21 
202 108 
162 58 
173 116 
202 128 
116 253 
225 208 
50 161 
116 35 
194 40 
230 59 
230 97 
283 161 
53 280 
116 173 
90 99 
7 279 
319 252 
161 283 
306 230 
250 242 
116 253 
252 319 
242 13 
204 159 
108 57 
108 241 
184 134 
274 33 
299 83 
6 50 
300 262 
184 132 
7 279 
300 74 
108 315 
161 50 
6 38 
132 238 
108 104 
90 143 
26 208 
242 139 
50 6 
26 307 
132 284 
2 132 
81 28 
194 40 
6 50 
83 299 
132 2 
252 215 
2 284 
21 145 
204 60 
90 183 
204 159 
24 252 
28 18 
86 221 
2 132 
194 40 
53 280 
3 219 
310 295 
79 71 
2 284 
310 184 
310 44 
204 159 
132 284 
208 28 
18 208 
26 12 
12 26 
18 307 
238 132 
319 252 
132 238 
159 249 
128 202 
12 26 
7 279 
159 204 
208 225 
189 234 
234 189 
280 53 
33 274 
208 18 
208 9 
142 81 
94 290 
53 280 
290 210 
164 94 
125 106 
130 234 
50 38 
50 161 
53 280 
219 3 
28 18 
18 208 
173 253 
173 116 
219 284 
299 108 
50 78 
249 204 
45 301 
189 234 
79 161 
45 270 
45 58 
45 52 
45 144 
45 193 
45 83 
45 200 
280 53 
279 139 
45 254 
50 161 
2 132 
219 112 
45 207 
53 280 
2 284 
21 145 
21 145 
230 274 
274 230 
108 299 
50 79 
280 53 
106 125 
112 219 
161 38 
291 51 
139 279 
50 161 
53 280 
291 40 
291 194 
79 50 
230 306 
161 50 
150 281 
12 26 
189 35 
2 284 
145 21 
230 274 
184 3 
274 230 
26 293 
50 6 
26 223 
2 132 
99 90 
81 28 
26 152 
6 50 
159 249 
78 50 
53 280 
159 204 
249 159 
58 45 
295 161 
35 189 
50 78 
256 28 
204 159 
18 180 
280 53 
6 284 
242 278 
204 159 
53 280 
78 50 
242 173 
299 200 
26 12 
204 249 
50 267 
161 145 
151 280 
108 299 
278 242 
306 230 
108 299 
45 58 
145 79 
143 186 
278 173 
53 174 
269 93 
3 184 
269 230 
53 174 
230 274 
269 300 
269 75 
204 159 
269 33 
112 219 
174 53 
269 274 
128 202 
79 50 
7 242 
1 256 
151 280 
58 301 
47 242 
228 47 
202 128 
7 122 
112 219 
159 204 
0 259 
134 6 
166 112 
6 134 
127 26 
35 116 
26 127 
134 133 
231 3 
31 279 
184 3 
112 219 
26 223 
219 112 
219 166 
