59 90 
59 230 
59 97 
59 306 
2 132 
58 301 
223 225 
80 40 
58 83 
112 219 
26 174 
26 4 
26 285 
26 53 
26 298 
26 18 
26 152 
26 127 
26 12 
26 121 
26 81 
26 9 
26 180 
4 28 
225 280 
26 64 
223 225 
26 30 
280 225 
26 256 
80 40 
26 280 
225 223 
26 208 
204 159 
223 28 
28 223 
26 307 
26 69 
26 191 
26 223 
16 132 
104 108 
82 230 
230 59 
58 162 
161 132 
16 284 
104 52 
161 16 
82 274 
152 151 
16 238 
225 280 
280 225 
16 2 
134 132 
314 112 
134 231 
80 40 
134 85 
279 7 
314 219 
295 161 
134 284 
90 281 
133 3 
81 223 
223 81 
80 291 
108 202 
134 266 
134 133 
202 116 
307 223 
132 85 
132 184 
132 120 
132 284 
132 27 
132 79 
223 307 
161 38 
40 80 
269 274 
161 295 
161 240 
161 132 
281 90 
269 93 
161 85 
161 145 
202 116 
161 184 
269 230 
161 284 
307 223 
161 267 
269 300 
225 223 
269 75 
269 33 
161 120 
132 284 
223 176 
176 223 
299 279 
204 159 
40 80 
81 223 
279 299 
279 228 
202 116 
159 204 
223 225 
225 223 
300 33 
228 241 
63 318 
40 80 
81 28 
82 15 
241 228 
7 104 
81 223 
7 135 
223 81 
221 252 
7 242 
7 279 
200 254 
85 6 
295 79 
295 161 
295 38 
295 50 
90 220 
90 306 
90 281 
90 264 
90 258 
90 186 
50 161 
90 33 
50 38 
90 15 
90 77 
90 39 
90 48 
90 23 
90 61 
90 98 
90 262 
50 267 
90 269 
90 99 
90 93 
90 300 
90 75 
90 82 
90 199 
90 143 
50 295 
90 150 
90 59 
90 230 
90 183 
90 97 
90 274 
90 74 
134 38 
223 176 
223 121 
238 2 
40 80 
2 132 
238 16 
200 254 
200 52 
238 132 
238 284 
223 225 
26 180 
26 64 
26 9 
112 6 
80 40 
26 280 
26 30 
26 256 
112 314 
26 208 
26 69 
26 191 
176 223 
112 219 
291 80 
26 307 
219 112 
26 174 
26 4 
26 285 
26 53 
291 40 
26 152 
26 127 
26 121 
26 298 
26 18 
26 12 
26 81 
200 254 
112 6 
183 300 
161 79 
204 159 
223 121 
298 53 
291 40 
121 223 
250 173 
53 298 
228 242 
250 242 
269 300 
269 75 
269 33 
223 28 
28 223 
25 135 
269 274 
269 93 
121 223 
269 230 
80 40 
250 242 
120 71 
223 28 
280 53 
26 4 
53 280 
152 26 
26 152 
200 52 
82 274 
241 250 
223 225 
80 40 
223 176 
176 223 
40 80 
252 228 
223 121 
152 26 
26 152 
26 307 
221 252 
26 191 
223 176 
26 53 
26 174 
208 307 
26 127 
26 4 
26 121 
26 298 
26 18 
26 152 
26 12 
6 112 
26 81 
26 64 
26 9 
26 180 
26 30 
26 256 
26 280 
26 69 
26 208 
152 176 
108 299 
223 176 
176 223 
40 80 
252 86 
86 252 
314 219 
176 223 
223 176 
223 225 
38 50 
79 161 
79 267 
80 40 
221 10 
252 221 
