159 103 
159 63 
11 138 
267 161 
138 175 
138 11 
0 214 
16 2 
223 28 
280 53 
174 53 
53 280 
16 238 
53 174 
83 299 
7 279 
53 174 
7 25 
7 263 
223 225 
18 180 
120 161 
120 161 
208 28 
160 159 
90 82 
90 199 
90 143 
90 230 
161 284 
279 7 
13 116 
86 10 
280 53 
63 159 
82 230 
53 280 
86 252 
223 225 
298 174 
279 25 
279 263 
279 7 
25 7 
274 230 
269 300 
269 75 
269 33 
131 113 
11 138 
269 274 
269 93 
236 278 
269 230 
208 28 
7 25 
263 272 
160 249 
278 236 
160 63 
28 151 
103 160 
252 86 
202 116 
134 133 
25 130 
134 132 
7 263 
134 85 
26 225 
134 284 
202 128 
278 263 
176 223 
176 223 
161 184 
161 112 
161 120 
161 38 
63 159 
116 173 
26 225 
116 253 
80 40 
159 63 
161 267 
161 79 
63 159 
161 145 
199 90 
90 199 
161 267 
161 79 
161 145 
16 238 
202 116 
199 90 
90 199 
16 2 
238 2 
132 3 
2 16 
150 90 
238 16 
80 40 
2 238 
274 230 
90 150 
143 220 
108 241 
116 202 
180 152 
80 40 
200 254 
200 52 
135 158 
279 25 
233 276 
279 263 
26 225 
279 7 
202 128 
40 80 
127 26 
262 300 
86 252 
202 116 
152 180 
305 113 
279 263 
279 25 
279 239 
279 7 
263 278 
113 305 
11 138 
160 63 
194 40 
230 183 
138 175 
33 274 
138 11 
194 291 
161 120 
160 249 
194 80 
305 234 
0 259 
90 230 
90 97 
234 242 
90 274 
234 304 
90 74 
90 183 
90 43 
90 220 
234 305 
90 306 
234 25 
90 281 
90 258 
90 186 
90 88 
90 33 
90 264 
90 15 
90 77 
90 39 
234 241 
234 118 
90 48 
90 23 
234 279 
279 234 
90 98 
90 262 
90 99 
90 93 
90 300 
90 75 
90 167 
90 82 
90 143 
234 228 
90 150 
90 199 
199 90 
230 274 
241 234 
161 120 
256 121 
40 80 
193 52 
16 284 
116 173 
16 238 
47 228 
26 225 
16 2 
279 7 
35 57 
16 132 
116 253 
270 116 
83 299 
83 228 
270 57 
116 270 
25 139 
132 133 
132 284 
