90 39 
90 186 
90 33 
161 38 
90 77 
90 169 
90 48 
90 23 
90 262 
90 269 
90 61 
90 98 
90 300 
90 99 
90 93 
90 75 
90 82 
90 199 
90 143 
90 230 
90 150 
90 59 
90 274 
90 183 
90 220 
90 97 
90 306 
90 281 
90 258 
90 264 
90 15 
232 258 
21 145 
145 21 
161 120 
161 267 
161 79 
194 80 
83 45 
161 145 
38 161 
161 184 
204 318 
33 274 
204 87 
252 215 
204 63 
41 93 
21 145 
41 300 
173 242 
41 75 
204 248 
41 230 
204 60 
204 317 
221 252 
204 244 
204 159 
41 274 
93 230 
204 160 
204 222 
39 274 
18 180 
161 38 
41 33 
242 173 
230 183 
204 249 
304 202 
204 103 
3 16 
93 274 
3 132 
3 71 
3 133 
3 78 
3 310 
279 135 
3 219 
3 79 
3 110 
3 85 
3 257 
3 38 
279 242 
3 184 
3 295 
3 240 
3 284 
3 314 
3 161 
21 145 
3 145 
3 120 
3 267 
3 231 
3 238 
3 6 
90 97 
295 161 
3 134 
90 306 
3 50 
3 112 
3 27 
3 2 
3 283 
3 266 
90 220 
93 75 
90 97 
90 274 
90 281 
204 159 
90 306 
90 264 
298 307 
90 258 
93 274 
90 39 
24 252 
90 186 
90 33 
90 15 
90 77 
90 169 
90 48 
90 23 
90 262 
90 61 
90 98 
202 116 
273 72 
90 269 
90 99 
228 135 
90 93 
90 300 
90 75 
90 82 
90 199 
90 143 
90 230 
90 150 
273 302 
263 7 
90 59 
90 183 
161 120 
35 25 
7 263 
232 258 
202 108 
93 75 
131 113 
262 183 
202 116 
21 145 
279 252 
41 75 
41 93 
304 299 
41 300 
132 78 
80 40 
41 230 
132 184 
161 120 
283 78 
78 283 
132 284 
132 27 
41 274 
132 120 
11 175 
41 33 
132 79 
104 52 
279 118 
279 252 
33 230 
279 228 
242 250 
173 242 
180 18 
194 80 
283 78 
78 283 
158 279 
57 25 
39 274 
130 25 
248 318 
299 304 
298 307 
252 94 
25 130 
274 39 
145 21 
52 104 
25 35 
35 25 
159 204 
258 281 
281 258 
241 162 
258 129 
219 314 
21 145 
78 284 
50 6 
33 232 
6 50 
33 230 
200 254 
200 52 
6 50 
6 257 
6 112 
6 2 
6 3 
6 295 
6 27 
6 266 
6 71 
6 16 
6 218 
6 133 
6 132 
6 79 
6 231 
6 310 
6 78 
6 238 
6 85 
6 311 
6 184 
6 38 
6 240 
6 314 
6 161 
6 283 
6 284 
6 267 
6 145 
6 120 
6 134 
252 94 
78 3 
252 94 
