161 78 
204 63 
161 267 
78 161 
279 7 
13 116 
132 284 
78 267 
291 40 
27 267 
77 186 
6 78 
78 6 
306 75 
306 230 
306 59 
306 97 
130 25 
223 176 
252 86 
48 90 
176 223 
90 48 
83 301 
202 158 
132 2 
232 262 
250 242 
176 223 
279 242 
135 49 
279 250 
86 221 
252 86 
86 252 
269 93 
86 252 
279 242 
269 230 
279 7 
269 300 
269 75 
269 33 
269 274 
314 284 
133 284 
50 38 
242 173 
86 252 
254 52 
166 314 
53 26 
50 38 
159 204 
57 135 
267 161 
52 254 
144 7 
159 204 
144 7 
50 267 
144 7 
161 267 
283 38 
278 236 
278 136 
267 161 
300 262 
145 21 
228 47 
144 7 
116 278 
78 283 
78 267 
161 283 
161 267 
161 78 
283 161 
78 161 
