21 145 
145 50 
145 21 
21 145 
50 3 
50 161 
145 21 
145 21 
21 145 
81 28 
50 283 
50 78 
50 38 
50 79 
38 50 
38 50 
112 3 
283 78 
283 50 
283 50 
223 225 
50 283 
78 283 
176 223 
133 3 
79 50 
79 3 
79 231 
21 145 
79 78 
79 38 
145 21 
50 78 
79 161 
79 283 
79 137 
3 112 
223 176 
79 267 
78 50 
28 223 
28 307 
293 28 
28 4 
28 285 
28 53 
28 152 
28 127 
28 176 
28 121 
28 298 
28 18 
28 12 
28 251 
28 81 
28 26 
28 174 
176 28 
28 64 
28 9 
28 180 
28 187 
28 195 
28 225 
28 30 
28 256 
28 141 
28 280 
28 1 
28 293 
28 208 
28 69 
145 267 
28 191 
79 38 
79 161 
79 283 
79 137 
79 145 
79 267 
81 28 
307 191 
79 78 
79 231 
21 145 
28 174 
38 161 
28 64 
28 9 
28 180 
38 267 
28 187 
141 28 
28 256 
38 145 
21 145 
28 280 
28 195 
28 225 
28 30 
145 21 
28 141 
38 283 
28 1 
28 293 
28 208 
38 50 
28 307 
28 69 
28 191 
28 223 
280 28 
28 4 
28 285 
28 53 
38 78 
28 298 
28 18 
28 152 
38 79 
28 127 
28 12 
28 176 
28 121 
28 251 
38 295 
28 81 
28 26 
295 310 
143 183 
295 44 
187 28 
161 231 
161 266 
295 161 
280 53 
0 129 
79 78 
78 79 
21 145 
