50 267 
50 283 
50 295 
50 16 
50 78 
50 79 
50 38 
50 161 
132 112 
132 161 
132 283 
132 3 
132 120 
132 284 
132 314 
132 27 
132 266 
132 267 
132 261 
132 134 
132 79 
53 280 
132 50 
132 110 
132 257 
132 203 
132 295 
132 240 
132 2 
132 71 
132 16 
132 218 
132 133 
132 145 
132 17 
132 310 
132 78 
132 238 
132 85 
132 184 
132 6 
132 38 
13 279 
279 278 
279 253 
278 253 
280 53 
279 13 
53 280 
253 279 
33 274 
33 274 
69 223 
98 264 
280 53 
13 253 
135 299 
53 280 
279 299 
298 53 
279 211 
199 90 
90 199 
13 279 
53 298 
306 230 
279 13 
269 33 
11 138 
269 274 
90 48 
269 93 
269 230 
314 112 
269 300 
269 75 
160 249 
1 191 
35 130 
38 161 
116 253 
190 291 
228 299 
116 173 
230 306 
278 279 
151 26 
209 202 
299 228 
209 299 
299 242 
299 209 
7 279 
209 299 
78 79 
6 314 
6 112 
173 253 
202 158 
242 250 
274 230 
161 267 
90 274 
299 209 
12 28 
278 200 
108 209 
152 180 
180 152 
200 254 
200 52 
223 28 
279 278 
223 28 
279 139 
279 135 
279 299 
279 189 
279 118 
279 252 
279 228 
173 253 
279 242 
279 158 
173 116 
279 7 
4 12 
53 298 
52 104 
139 279 
307 180 
53 280 
82 274 
53 174 
199 186 
267 283 
80 194 
299 108 
158 202 
299 279 
81 69 
12 4 
199 264 
104 52 
269 274 
269 93 
269 230 
79 78 
281 82 
190 80 
269 300 
80 194 
269 75 
269 33 
40 80 
230 306 
40 194 
263 7 
40 291 
116 47 
230 274 
173 116 
116 270 
116 13 
274 300 
116 253 
116 228 
116 35 
262 74 
262 300 
307 225 
116 202 
173 253 
278 228 
116 173 
116 57 
242 250 
189 279 
238 16 
238 284 
238 132 
238 2 
161 145 
161 267 
11 138 
209 299 
26 225 
11 175 
26 151 
159 160 
161 120 
