50 79 
90 150 
90 59 
90 274 
90 183 
90 220 
90 97 
90 281 
90 258 
280 28 
90 306 
90 264 
90 39 
90 186 
90 33 
90 15 
280 151 
90 77 
90 48 
90 23 
90 262 
90 269 
90 61 
90 98 
90 99 
90 93 
90 300 
90 75 
90 82 
90 199 
90 143 
90 230 
204 87 
194 291 
194 80 
204 159 
194 40 
299 114 
202 158 
40 194 
135 242 
202 116 
132 133 
223 225 
21 145 
194 291 
202 108 
80 194 
90 281 
291 80 
28 176 
79 267 
51 40 
194 40 
279 135 
279 299 
108 202 
159 204 
279 242 
202 116 
21 145 
145 21 
40 51 
161 284 
288 111 
279 7 
202 108 
204 159 
161 284 
161 267 
161 266 
80 194 
161 120 
194 80 
242 279 
204 159 
132 284 
161 38 
194 40 
242 135 
161 295 
161 240 
7 94 
81 28 
108 202 
161 132 
279 228 
116 173 
161 231 
7 279 
161 85 
7 243 
159 204 
279 304 
94 7 
52 254 
145 21 
306 59 
306 230 
306 90 
306 97 
135 279 
7 94 
7 279 
317 159 
7 243 
52 254 
295 310 
145 21 
58 52 
45 301 
45 270 
299 279 
45 58 
45 52 
45 193 
45 83 
45 200 
45 254 
159 317 
41 274 
116 35 
41 33 
183 281 
120 284 
7 279 
281 183 
7 243 
134 132 
41 93 
41 300 
41 75 
234 252 
80 194 
41 230 
116 270 
279 7 
225 223 
51 80 
252 319 
80 51 
234 25 
281 186 
204 249 
35 116 
281 183 
151 280 
53 28 
223 225 
281 150 
300 33 
132 133 
21 145 
132 231 
132 85 
228 279 
242 279 
299 279 
145 267 
300 93 
132 284 
223 176 
280 151 
279 122 
132 266 
186 143 
132 134 
279 252 
35 116 
189 57 
35 270 
35 277 
184 78 
52 254 
209 202 
228 279 
35 49 
35 25 
35 189 
35 57 
35 173 
184 267 
0 287 
33 300 
35 139 
184 50 
223 176 
228 47 
152 151 
114 242 
145 267 
145 295 
0 129 
145 38 
145 161 
145 21 
0 129 
228 47 
50 184 
50 79 
79 50 
90 15 
90 77 
90 39 
90 48 
90 23 
90 61 
90 98 
90 262 
90 269 
90 99 
90 93 
90 300 
90 75 
90 82 
90 143 
90 150 
90 199 
90 59 
90 230 
90 183 
90 97 
90 274 
90 220 
90 306 
90 281 
90 264 
90 258 
90 186 
90 33 
78 184 
248 222 
248 204 
204 248 
127 223 
248 103 
248 249 
299 202 
291 80 
248 317 
248 87 
133 284 
223 12 
248 318 
248 63 
85 6 
288 233 
270 116 
291 194 
63 248 
248 60 
223 127 
248 244 
248 159 
248 160 
234 279 
132 257 
40 194 
132 2 
7 279 
244 87 
38 284 
244 204 
132 71 
132 295 
132 16 
132 240 
132 218 
132 133 
132 310 
132 78 
234 173 
204 248 
244 248 
132 145 
132 85 
234 57 
132 231 
244 249 
145 21 
40 291 
132 238 
132 6 
132 38 
45 301 
45 270 
132 184 
87 248 
132 112 
173 234 
45 58 
244 318 
234 35 
132 283 
45 52 
35 234 
244 63 
45 193 
132 3 
116 253 
132 284 
132 314 
28 285 
45 83 
132 27 
132 161 
45 200 
244 222 
280 53 
234 305 
234 116 
45 254 
45 144 
291 80 
40 80 
132 120 
132 267 
132 266 
132 134 
132 79 
258 88 
223 307 
132 50 
244 60 
132 311 
230 183 
244 159 
279 234 
90 77 
90 48 
90 23 
90 262 
90 269 
90 61 
116 202 
90 98 
90 300 
116 173 
90 99 
90 93 
116 234 
108 83 
90 75 
116 278 
90 82 
112 85 
90 199 
90 143 
90 230 
90 150 
112 38 
90 59 
90 274 
90 183 
90 220 
90 97 
116 270 
90 306 
151 152 
90 281 
173 234 
90 258 
116 253 
90 264 
90 15 
12 223 
90 39 
90 186 
116 35 
90 33 
132 112 
26 69 
132 161 
132 283 
132 3 
26 307 
132 120 
132 284 
132 314 
28 53 
132 27 
26 174 
26 223 
33 300 
132 267 
279 13 
279 122 
132 266 
26 152 
132 134 
26 4 
132 79 
26 121 
26 298 
132 50 
26 18 
26 12 
132 311 
135 57 
24 10 
230 183 
26 81 
279 228 
132 257 
135 35 
132 2 
132 71 
132 295 
132 16 
132 240 
132 145 
132 218 
132 133 
132 310 
132 78 
132 85 
305 234 
26 30 
13 279 
132 231 
145 21 
35 135 
132 238 
132 6 
26 280 
132 38 
26 208 
145 267 
132 184 
90 199 
319 252 
90 59 
90 143 
127 307 
90 230 
47 228 
40 51 
90 150 
204 248 
278 116 
90 274 
204 317 
204 60 
90 183 
87 248 
90 220 
204 159 
90 97 
90 306 
90 281 
252 319 
204 160 
132 284 
204 244 
90 258 
90 33 
40 80 
90 264 
90 15 
308 319 
78 267 
204 222 
90 39 
127 1 
90 186 
57 234 
25 57 
52 200 
90 23 
90 77 
204 103 
90 48 
204 249 
90 262 
90 269 
90 61 
7 279 
204 87 
49 135 
90 98 
90 300 
151 280 
204 318 
90 75 
90 99 
204 63 
90 93 
90 82 
300 33 
80 40 
78 161 
87 204 
3 50 
11 175 
25 57 
291 194 
26 12 
33 274 
83 108 
232 33 
194 291 
232 274 
252 221 
279 135 
79 50 
28 81 
279 228 
279 242 
21 145 
228 279 
279 7 
228 279 
228 47 
242 279 
159 248 
12 28 
279 135 
26 12 
12 26 
7 279 
279 25 
279 158 
127 256 
256 127 
280 53 
81 297 
159 204 
183 230 
81 142 
183 262 
280 53 
81 28 
7 279 
93 230 
7 279 
93 33 
200 254 
200 52 
159 204 
145 21 
194 40 
159 204 
50 3 
53 280 
280 53 
159 249 
53 280 
273 70 
273 72 
132 133 
299 252 
273 233 
273 276 
299 108 
40 291 
50 79 
299 279 
204 317 
204 159 
223 28 
151 54 
280 53 
53 280 
152 180 
230 183 
108 202 
28 81 
151 280 
317 204 
21 145 
108 299 
183 230 
21 145 
47 228 
204 317 
279 7 
279 162 
204 159 
3 283 
262 90 
186 143 
230 183 
162 279 
25 279 
230 183 
90 262 
230 306 
186 48 
159 204 
108 315 
108 104 
186 199 
108 57 
186 98 
108 241 
186 220 
186 143 
267 161 
116 35 
57 234 
267 145 
234 279 
199 186 
116 202 
267 184 
116 173 
183 230 
200 279 
133 132 
21 145 
234 57 
234 173 
145 21 
267 79 
234 116 
116 253 
7 200 
173 234 
252 221 
280 53 
51 40 
11 138 
200 7 
108 202 
230 183 
200 279 
200 52 
134 132 
87 244 
21 145 
40 51 
21 145 
145 21 
202 108 
187 293 
280 53 
223 176 
242 135 
53 280 
230 306 
151 280 
7 279 
7 243 
183 230 
112 161 
176 223 
262 183 
86 47 
86 24 
262 183 
86 221 
7 279 
252 215 
52 83 
242 279 
86 10 
135 279 
135 25 
30 26 
117 45 
135 279 
280 53 
132 266 
135 242 
7 279 
242 135 
7 94 
79 50 
242 279 
155 157 
