50 6 
6 50 
50 295 
295 184 
50 16 
50 78 
50 79 
50 38 
50 161 
50 267 
50 283 
283 50 
50 267 
160 317 
160 60 
160 159 
160 222 
90 150 
150 183 
160 249 
160 103 
160 318 
160 63 
11 175 
234 241 
252 215 
25 35 
307 18 
25 135 
145 79 
174 53 
25 57 
183 274 
241 242 
241 236 
307 208 
300 74 
283 50 
90 167 
241 234 
50 283 
283 50 
180 18 
202 128 
238 2 
300 74 
307 208 
298 251 
283 50 
299 228 
299 118 
299 252 
241 234 
50 283 
314 3 
299 101 
306 59 
288 111 
299 108 
306 230 
306 90 
299 279 
306 97 
298 195 
202 128 
299 304 
298 141 
186 183 
265 281 
174 53 
299 301 
128 202 
186 143 
299 83 
298 53 
160 63 
160 317 
160 60 
223 225 
161 267 
160 103 
160 249 
161 79 
90 281 
90 281 
3 132 
234 8 
2 132 
85 6 
234 279 
279 234 
69 223 
69 28 
183 199 
47 228 
90 167 
281 265 
186 90 
186 183 
186 143 
3 132 
279 47 
7 279 
199 90 
199 183 
145 21 
50 79 
79 50 
12 28 
159 160 
7 279 
50 267 
1 127 
202 128 
228 7 
7 228 
7 279 
81 28 
16 284 
7 279 
7 279 
7 25 
7 263 
267 50 
50 267 
267 50 
90 186 
173 116 
38 78 
128 202 
80 291 
173 253 
94 278 
183 199 
306 59 
306 90 
306 97 
231 78 
77 90 
50 38 
194 40 
79 50 
300 183 
120 284 
88 90 
26 196 
202 116 
21 145 
78 231 
90 150 
274 199 
145 21 
202 128 
231 78 
90 77 
90 281 
108 241 
90 186 
90 88 
262 74 
90 23 
90 262 
202 116 
10 252 
90 93 
25 7 
90 82 
21 145 
161 283 
90 143 
90 230 
145 21 
183 300 
279 7 
161 120 
180 18 
90 74 
269 300 
108 104 
269 75 
269 33 
132 284 
108 241 
269 274 
199 220 
108 209 
269 93 
269 230 
21 145 
108 315 
199 183 
173 253 
90 82 
145 21 
228 47 
173 116 
77 90 
199 220 
90 77 
82 90 
216 233 
223 307 
83 299 
278 136 
202 116 
38 161 
33 274 
83 228 
274 93 
223 225 
47 228 
194 291 
38 283 
79 161 
202 299 
112 284 
194 80 
132 3 
132 284 
28 53 
79 267 
308 234 
127 298 
127 18 
223 307 
120 284 
33 230 
199 186 
127 292 
127 256 
223 127 
127 307 
127 69 
21 145 
307 223 
127 174 
127 223 
127 223 
300 74 
21 145 
307 223 
145 184 
167 90 
184 267 
16 284 
7 279 
7 279 
38 161 
7 279 
