50 38 
3 184 
79 50 
160 317 
160 60 
160 159 
160 222 
160 204 
57 130 
306 59 
306 230 
184 3 
160 103 
50 79 
306 90 
160 249 
306 97 
160 318 
160 63 
90 281 
90 258 
204 160 
90 264 
90 15 
204 222 
90 39 
90 186 
90 33 
133 134 
90 77 
204 103 
299 200 
79 50 
90 48 
204 249 
90 23 
262 300 
90 262 
90 269 
90 61 
24 279 
90 98 
90 300 
173 253 
204 318 
90 99 
204 63 
90 93 
90 75 
90 82 
90 199 
90 143 
279 24 
90 230 
3 231 
90 150 
173 116 
90 59 
90 274 
204 317 
204 60 
306 230 
90 183 
231 3 
90 220 
204 159 
90 97 
90 306 
50 79 
161 284 
161 112 
161 120 
161 267 
249 204 
50 79 
86 10 
33 232 
86 47 
127 18 
161 38 
86 24 
79 50 
86 221 
257 2 
33 230 
9 225 
161 145 
86 252 
204 318 
33 274 
24 86 
161 184 
3 284 
161 184 
145 21 
279 7 
41 59 
252 319 
47 86 
26 223 
86 47 
280 151 
150 281 
7 279 
90 48 
90 23 
90 61 
93 33 
90 98 
90 262 
90 269 
33 274 
1 256 
90 99 
90 93 
90 300 
26 9 
90 75 
90 82 
90 199 
90 143 
90 230 
90 150 
90 59 
90 183 
295 161 
90 220 
90 97 
90 274 
90 281 
90 306 
90 264 
90 258 
11 175 
90 186 
90 33 
90 15 
90 77 
90 39 
184 267 
283 79 
116 253 
252 234 
9 26 
166 219 
116 202 
116 173 
21 145 
184 161 
78 161 
79 283 
242 279 
280 151 
3 78 
180 152 
256 18 
288 111 
242 279 
151 152 
6 219 
186 143 
116 202 
2 257 
116 173 
33 274 
117 234 
225 9 
189 271 
263 278 
279 309 
24 252 
25 35 
86 252 
208 225 
225 208 
1 256 
256 28 
0 106 
219 6 
208 225 
161 295 
79 50 
9 225 
199 90 
79 78 
90 199 
194 291 
250 242 
79 283 
194 291 
35 25 
50 78 
50 79 
50 161 
108 202 
16 284 
79 295 
9 225 
199 90 
50 283 
90 143 
90 199 
161 184 
79 78 
3 284 
283 50 
161 284 
161 112 
79 161 
79 283 
161 120 
157 155 
157 185 
86 10 
47 86 
79 267 
161 38 
86 47 
86 24 
161 295 
86 221 
79 50 
79 295 
150 281 
202 116 
281 150 
60 222 
281 186 
90 258 
41 274 
90 33 
90 264 
90 15 
128 202 
90 77 
90 39 
90 186 
90 48 
90 23 
41 33 
90 61 
90 98 
90 262 
90 269 
90 99 
116 57 
90 93 
90 300 
90 75 
90 82 
41 93 
3 284 
41 75 
90 143 
234 228 
234 130 
234 252 
90 150 
90 199 
41 300 
90 59 
90 230 
225 9 
90 97 
90 274 
41 230 
90 183 
90 220 
90 306 
90 281 
274 230 
274 262 
274 183 
225 208 
274 33 
230 183 
204 249 
9 225 
208 225 
230 33 
120 311 
120 79 
41 93 
120 50 
120 257 
120 112 
41 75 
120 2 
41 300 
120 3 
120 295 
120 240 
120 132 
274 230 
274 262 
120 71 
120 16 
120 133 
41 230 
120 78 
120 85 
274 183 
204 159 
120 218 
120 231 
120 310 
120 6 
41 274 
120 184 
274 33 
120 238 
120 161 
120 38 
120 27 
204 249 
120 283 
81 28 
41 33 
191 307 
120 145 
120 284 
120 314 
120 266 
120 267 
120 134 
71 120 
152 226 
242 278 
49 130 
6 219 
189 135 
202 158 
152 280 
145 267 
295 161 
279 278 
279 135 
279 242 
