249 204 
249 204 
204 249 
90 143 
90 150 
173 116 
90 274 
90 183 
90 220 
90 97 
90 306 
90 281 
249 248 
90 258 
90 264 
90 15 
90 39 
90 186 
90 33 
90 169 
90 48 
90 23 
90 262 
90 269 
90 61 
90 98 
90 300 
173 253 
90 99 
90 93 
90 75 
90 82 
90 199 
90 143 
90 230 
132 71 
132 295 
132 16 
132 133 
183 230 
132 145 
132 218 
90 143 
132 310 
132 78 
132 85 
306 59 
132 231 
132 184 
132 238 
132 6 
306 90 
108 299 
78 161 
35 189 
132 38 
306 97 
160 103 
132 137 
132 112 
194 80 
132 161 
204 159 
132 283 
176 223 
132 3 
132 120 
132 284 
132 314 
132 27 
132 267 
132 266 
132 134 
132 79 
132 50 
183 33 
132 311 
137 120 
132 257 
132 240 
132 2 
204 249 
273 70 
300 183 
184 132 
10 252 
105 305 
75 230 
273 233 
273 276 
263 117 
249 204 
241 279 
78 161 
184 120 
189 279 
85 132 
279 139 
223 176 
273 111 
132 120 
108 241 
242 173 
221 304 
204 249 
223 307 
273 70 
105 305 
273 233 
273 276 
264 274 
304 221 
132 184 
249 204 
132 161 
38 283 
11 175 
288 233 
221 304 
24 296 
7 279 
223 127 
105 305 
90 93 
90 300 
151 280 
90 75 
105 305 
90 82 
21 145 
90 199 
90 143 
90 230 
145 21 
90 150 
127 223 
90 274 
304 221 
38 50 
90 183 
161 120 
90 220 
90 97 
90 281 
90 258 
204 159 
90 306 
132 284 
90 264 
90 15 
90 39 
90 186 
79 267 
90 33 
120 161 
90 169 
2 133 
90 48 
90 23 
90 262 
90 269 
90 61 
90 98 
33 274 
90 99 
317 159 
252 215 
3 145 
3 267 
3 238 
132 184 
132 120 
3 112 
12 28 
24 252 
291 80 
269 274 
80 51 
242 173 
80 291 
269 93 
33 274 
151 280 
269 230 
80 40 
80 255 
269 300 
80 194 
269 75 
161 120 
269 33 
14 157 
93 306 
93 98 
78 161 
93 75 
225 223 
93 82 
93 143 
93 230 
93 48 
139 279 
93 281 
93 39 
281 90 
7 243 
318 159 
189 35 
93 262 
231 238 
250 173 
145 161 
116 279 
145 3 
176 127 
274 230 
73 159 
144 7 
151 280 
144 7 
143 183 
230 274 
241 162 
241 315 
81 28 
305 105 
249 204 
13 139 
249 204 
204 249 
78 161 
59 75 
21 145 
59 97 
90 281 
59 306 
204 249 
273 72 
87 244 
40 80 
204 244 
204 159 
79 284 
250 24 
161 79 
24 250 
127 18 
145 79 
79 267 
132 134 
204 249 
145 21 
25 130 
249 204 
79 161 
200 58 
159 318 
250 24 
90 281 
79 145 
204 159 
194 40 
159 317 
204 103 
228 13 
38 137 
13 228 
127 176 
159 204 
242 250 
13 234 
116 173 
230 33 
104 304 
132 133 
132 85 
38 50 
183 143 
132 184 
116 253 
132 284 
281 99 
132 266 
132 134 
183 281 
184 132 
279 234 
38 137 
300 74 
252 10 
230 33 
143 183 
93 23 
250 242 
38 50 
116 270 
238 3 
194 80 
204 244 
41 274 
12 4 
194 40 
41 33 
281 169 
281 183 
85 284 
41 93 
41 300 
41 75 
132 231 
41 230 
194 291 
295 161 
145 267 
38 50 
204 222 
283 161 
183 281 
90 48 
231 184 
222 204 
204 249 
230 33 
173 242 
9 18 
204 87 
26 9 
7 263 
248 204 
80 194 
80 255 
80 51 
35 279 
26 12 
281 183 
58 162 
99 281 
230 75 
318 159 
158 83 
230 33 
21 145 
299 252 
230 274 
145 21 
87 204 
180 18 
79 161 
145 267 
9 26 
281 99 
318 159 
7 279 
10 221 
248 159 
180 18 
10 86 
252 299 
26 191 
86 47 
86 24 
86 221 
279 228 
99 281 
21 145 
252 299 
280 53 
33 300 
83 158 
157 245 
191 26 
157 155 
145 21 
191 26 
26 191 
38 137 
191 26 
26 191 
293 26 
249 204 
159 317 
159 248 
204 249 
250 162 
13 228 
13 234 
13 290 
13 279 
299 252 
254 200 
161 267 
194 80 
204 159 
158 83 
223 127 
274 230 
80 255 
252 299 
80 194 
137 38 
80 51 
103 160 
291 40 
59 41 
281 99 
291 40 
81 28 
223 81 
281 90 
7 279 
279 228 
23 93 
278 279 
228 47 
250 290 
90 274 
216 89 
90 281 
101 279 
194 80 
7 144 
51 80 
279 278 
186 98 
80 194 
7 144 
135 278 
204 159 
279 101 
248 249 
80 51 
50 38 
279 13 
204 103 
278 135 
204 249 
38 50 
80 255 
249 204 
21 145 
204 248 
127 223 
204 317 
204 60 
59 97 
26 293 
51 80 
90 281 
249 248 
204 244 
204 159 
59 306 
90 306 
291 80 
204 160 
204 222 
24 10 
204 249 
204 103 
317 159 
204 318 
204 63 
204 87 
116 57 
7 279 
318 204 
38 50 
80 255 
80 194 
79 161 
50 6 
223 28 
80 51 
90 15 
90 39 
90 186 
50 38 
53 280 
90 23 
81 223 
90 169 
90 48 
144 279 
90 262 
90 269 
90 61 
116 57 
90 98 
90 300 
204 318 
90 99 
90 93 
173 242 
90 75 
90 82 
90 199 
90 143 
90 230 
90 150 
263 7 
90 274 
79 161 
299 108 
90 183 
78 161 
90 220 
90 97 
116 270 
90 306 
28 223 
90 281 
90 258 
223 176 
90 33 
116 253 
90 264 
223 176 
291 80 
252 221 
120 137 
223 81 
291 194 
279 228 
279 241 
318 204 
293 256 
299 108 
21 145 
279 7 
279 116 
299 279 
157 155 
279 278 
279 253 
189 279 
279 35 
26 191 
242 299 
248 87 
279 299 
279 189 
35 279 
279 135 
279 252 
230 183 
279 173 
230 306 
279 57 
157 245 
279 242 
7 279 
230 306 
300 33 
108 299 
241 279 
145 267 
238 16 
253 279 
161 284 
230 274 
0 259 
176 223 
7 279 
31 279 
7 279 
78 161 
