135 252 
135 228 
242 228 
7 135 
7 279 
7 135 
13 279 
38 79 
38 161 
38 267 
50 79 
228 242 
135 252 
135 252 
180 28 
108 299 
180 18 
108 228 
108 47 
108 304 
108 202 
108 301 
108 83 
108 45 
108 45 
47 45 
135 299 
135 228 
135 252 
135 242 
135 234 
135 278 
252 135 
108 299 
11 175 
252 135 
135 252 
11 175 
204 159 
90 264 
90 15 
90 77 
90 39 
90 186 
50 161 
90 48 
90 23 
90 98 
90 262 
90 269 
90 99 
90 93 
90 300 
90 75 
90 82 
90 143 
90 150 
90 199 
90 59 
38 50 
90 230 
90 97 
90 274 
90 74 
90 183 
90 220 
90 306 
90 281 
90 258 
150 199 
90 33 
50 38 
223 176 
159 249 
94 108 
38 161 
38 50 
57 277 
53 12 
57 35 
114 299 
57 49 
57 135 
90 281 
108 94 
57 25 
57 189 
280 28 
242 135 
12 28 
288 233 
114 242 
57 139 
25 263 
279 242 
200 52 
53 28 
57 130 
116 173 
249 159 
45 47 
220 230 
53 298 
116 270 
116 253 
116 35 
12 28 
116 202 
242 299 
228 45 
28 152 
28 127 
28 4 
28 121 
28 298 
28 18 
304 178 
28 81 
28 26 
93 33 
28 64 
28 180 
228 135 
299 135 
256 1 
267 50 
28 9 
28 30 
28 256 
28 280 
28 1 
28 195 
28 225 
28 208 
279 7 
242 114 
79 161 
28 307 
202 128 
28 223 
204 160 
28 285 
28 53 
93 274 
135 299 
24 252 
204 159 
145 267 
223 28 
116 253 
145 79 
291 80 
204 103 
204 249 
116 202 
173 253 
116 173 
7 279 
145 184 
145 161 
254 200 
263 25 
173 116 
208 18 
7 278 
299 108 
7 299 
83 45 
159 249 
7 305 
50 161 
7 189 
50 38 
33 300 
7 228 
7 118 
7 241 
50 267 
116 135 
230 306 
7 279 
202 116 
18 307 
38 161 
269 93 
298 127 
200 254 
204 318 
204 63 
208 18 
269 230 
58 45 
58 301 
58 246 
254 200 
58 270 
269 300 
58 83 
58 254 
58 52 
127 223 
204 317 
269 75 
204 60 
269 33 
204 159 
291 80 
127 298 
204 160 
204 222 
269 274 
161 38 
204 249 
223 81 
204 303 
30 28 
204 103 
58 193 
58 200 
7 279 
200 254 
279 250 
78 38 
28 280 
279 116 
204 159 
279 278 
176 223 
219 314 
159 249 
230 306 
250 135 
252 108 
108 252 
50 267 
33 274 
242 114 
159 249 
135 299 
242 135 
252 10 
135 252 
252 108 
135 228 
135 10 
50 267 
249 159 
267 50 
69 223 
145 21 
