78 38 
133 266 
199 90 
78 238 
238 78 
223 225 
78 238 
225 223 
81 187 
145 267 
187 81 
223 26 
26 223 
223 26 
187 81 
45 57 
145 161 
208 28 
293 256 
176 223 
256 293 
280 151 
145 161 
145 161 
283 50 
50 283 
50 78 
50 79 
50 283 
6 231 
187 26 
187 81 
26 28 
28 18 
28 26 
81 187 
3 132 
187 81 
223 81 
28 26 
152 151 
16 2 
16 132 
187 81 
81 223 
223 81 
16 284 
199 186 
16 238 
161 145 
6 78 
6 85 
3 284 
81 187 
112 219 
187 81 
219 112 
281 230 
274 33 
38 78 
293 187 
101 278 
18 180 
187 293 
38 78 
238 132 
161 145 
50 3 
238 231 
