204 249 
50 79 
157 155 
79 50 
157 245 
21 145 
50 79 
79 50 
90 61 
87 60 
90 98 
90 269 
90 99 
16 238 
90 93 
90 300 
90 75 
90 82 
90 199 
90 143 
90 230 
145 21 
90 150 
80 40 
90 183 
90 220 
90 97 
90 274 
50 79 
90 281 
90 306 
90 264 
90 258 
90 39 
90 186 
90 33 
90 15 
90 169 
90 48 
204 249 
90 23 
90 262 
299 83 
262 74 
273 70 
252 215 
21 145 
273 233 
103 159 
273 276 
108 299 
164 104 
10 86 
104 164 
132 284 
103 249 
252 10 
107 159 
28 223 
249 248 
223 176 
291 80 
279 108 
28 285 
291 51 
12 28 
291 40 
223 26 
288 233 
279 299 
28 18 
83 299 
291 194 
144 7 
279 301 
299 279 
176 223 
291 80 
26 223 
12 28 
194 40 
279 299 
204 249 
228 13 
274 232 
101 250 
21 145 
13 228 
38 120 
80 40 
223 26 
80 291 
291 40 
40 291 
299 279 
291 80 
28 223 
40 80 
26 69 
28 69 
183 143 
223 28 
183 150 
132 284 
40 80 
183 281 
183 230 
69 28 
183 97 
75 230 
40 291 
183 82 
41 75 
41 230 
69 26 
103 204 
26 69 
41 274 
38 134 
41 33 
204 103 
279 252 
41 93 
38 120 
41 300 
16 238 
279 242 
10 252 
279 241 
279 304 
279 25 
279 158 
279 250 
24 131 
279 263 
279 117 
240 184 
279 209 
241 279 
279 309 
204 159 
279 278 
279 315 
279 13 
279 305 
238 16 
208 307 
279 299 
279 189 
279 104 
204 103 
183 33 
279 135 
279 252 
279 228 
300 74 
290 13 
108 299 
295 161 
299 279 
241 315 
208 307 
252 279 
7 263 
280 53 
10 252 
176 223 
157 245 
157 155 
79 161 
26 92 
4 12 
59 41 
250 101 
291 80 
305 279 
80 40 
202 45 
231 6 
13 279 
306 230 
75 274 
299 108 
223 176 
176 223 
230 306 
90 61 
90 98 
90 262 
90 269 
90 99 
90 93 
90 300 
279 211 
279 241 
90 75 
90 82 
90 199 
183 90 
90 143 
278 279 
90 230 
90 150 
306 230 
90 183 
7 52 
90 220 
90 97 
90 274 
75 274 
90 281 
120 310 
90 306 
90 264 
90 258 
90 186 
90 33 
90 15 
90 39 
81 28 
90 169 
279 299 
90 48 
90 23 
26 191 
223 176 
90 33 
90 264 
262 230 
90 15 
90 39 
244 107 
12 4 
90 186 
52 200 
90 48 
90 23 
90 169 
90 61 
90 98 
90 262 
90 269 
90 99 
244 87 
90 93 
90 300 
252 215 
90 75 
223 127 
90 82 
90 143 
90 150 
191 26 
244 248 
103 159 
90 199 
90 230 
279 7 
194 291 
255 51 
263 7 
90 97 
90 274 
69 26 
90 183 
26 69 
90 220 
90 306 
90 281 
90 258 
12 223 
90 183 
90 220 
90 97 
90 281 
26 69 
90 258 
90 306 
90 264 
90 15 
12 223 
90 39 
90 186 
223 12 
90 33 
208 307 
90 169 
90 48 
90 23 
90 262 
90 269 
90 61 
90 98 
90 300 
90 99 
90 93 
90 75 
90 82 
90 199 
90 143 
90 230 
90 150 
90 274 
279 304 
279 25 
279 158 
279 250 
279 263 
51 291 
279 117 
306 230 
145 21 
279 209 
279 7 
161 120 
38 283 
279 309 
299 279 
279 278 
176 223 
279 315 
283 38 
279 13 
279 305 
279 299 
279 189 
279 104 
279 135 
279 252 
279 228 
279 242 
279 241 
52 7 
273 70 
278 305 
305 278 
41 75 
41 93 
41 300 
273 233 
273 276 
278 279 
240 184 
41 230 
242 279 
41 274 
305 279 
40 80 
128 202 
12 28 
41 33 
223 26 
230 306 
223 127 
127 256 
230 33 
47 228 
263 7 
223 69 
7 52 
127 223 
202 299 
299 279 
223 176 
157 155 
86 10 
223 176 
176 223 
86 47 
86 24 
161 295 
12 28 
86 221 
86 252 
157 245 
69 223 
279 242 
38 284 
279 241 
38 120 
26 223 
189 279 
159 204 
315 241 
300 74 
13 279 
281 183 
21 145 
145 21 
38 283 
21 145 
86 24 
144 7 
38 283 
26 69 
