204 159 
204 159 
202 128 
204 222 
204 249 
204 103 
230 306 
204 318 
204 63 
306 230 
204 317 
204 60 
90 143 
90 230 
145 21 
234 252 
90 150 
132 85 
90 274 
132 184 
90 183 
132 38 
90 220 
90 97 
90 74 
90 306 
90 281 
132 284 
132 27 
90 258 
90 33 
116 253 
234 25 
132 120 
90 264 
90 15 
234 7 
90 39 
90 186 
25 234 
278 236 
90 23 
90 77 
242 173 
132 79 
90 48 
90 262 
116 173 
7 279 
90 98 
90 300 
90 75 
90 99 
90 93 
18 28 
57 270 
299 136 
132 78 
90 82 
21 145 
132 145 
90 199 
132 2 
132 16 
238 284 
21 145 
238 132 
53 298 
295 184 
306 230 
194 291 
58 52 
158 202 
132 238 
318 317 
79 161 
77 143 
194 80 
7 144 
270 57 
238 2 
132 284 
79 267 
238 16 
283 161 
298 53 
278 136 
199 90 
269 59 
21 145 
90 199 
306 230 
257 240 
79 161 
77 143 
231 133 
12 28 
204 159 
238 2 
132 3 
238 16 
238 284 
21 145 
238 132 
199 183 
145 21 
306 230 
145 21 
28 223 
28 285 
9 26 
306 39 
39 306 
28 18 
28 12 
44 295 
230 306 
254 52 
21 145 
80 40 
279 211 
254 200 
269 230 
28 280 
278 279 
269 300 
269 75 
274 262 
269 33 
279 139 
279 278 
234 25 
39 306 
269 274 
279 189 
279 299 
279 228 
269 93 
279 118 
59 269 
16 284 
16 238 
298 174 
278 279 
16 2 
16 132 
80 194 
79 161 
145 267 
28 285 
28 18 
28 12 
230 33 
145 21 
250 242 
28 223 
200 254 
254 200 
279 7 
279 7 
7 279 
299 279 
161 267 
194 80 
204 159 
108 209 
184 145 
204 63 
242 250 
108 315 
21 145 
108 104 
145 21 
75 274 
94 114 
90 281 
132 284 
108 241 
139 279 
262 300 
184 79 
81 28 
281 90 
86 221 
230 220 
184 283 
75 274 
97 232 
86 10 
75 274 
194 80 
299 279 
283 79 
90 281 
283 184 
33 230 
7 279 
120 134 
53 298 
194 291 
254 200 
307 223 
90 230 
136 309 
234 25 
9 26 
234 308 
279 234 
234 279 
26 9 
230 269 
230 306 
279 47 
53 298 
132 184 
25 234 
230 59 
230 97 
269 274 
230 59 
230 97 
26 127 
230 269 
269 93 
116 173 
230 306 
53 28 
269 230 
269 300 
269 75 
47 279 
59 97 
269 33 
97 306 
79 283 
116 13 
269 33 
194 80 
11 138 
28 53 
269 274 
269 93 
152 180 
279 234 
269 230 
194 291 
269 300 
283 266 
269 75 
266 283 
283 266 
283 79 
189 279 
11 138 
298 53 
133 134 
138 11 
138 175 
26 9 
127 256 
138 11 
202 116 
202 209 
11 138 
138 175 
7 279 
200 254 
254 200 
161 284 
223 69 
11 138 
7 279 
69 223 
79 283 
40 80 
194 40 
40 194 
40 51 
40 291 
138 175 
138 11 
202 116 
202 116 
132 133 
21 145 
132 231 
132 85 
306 59 
306 230 
306 90 
306 97 
132 284 
132 266 
132 134 
138 11 
138 175 
81 28 
234 279 
278 13 
200 254 
53 12 
279 7 
57 35 
12 28 
238 2 
11 138 
9 26 
13 278 
238 16 
204 63 
144 7 
238 284 
116 278 
94 7 
238 132 
263 7 
295 184 
295 161 
279 7 
194 291 
7 309 
116 13 
204 159 
90 258 
11 138 
158 7 
63 204 
138 11 
138 175 
278 136 
309 7 
26 9 
144 7 
254 200 
90 199 
299 252 
144 7 
299 228 
21 145 
299 118 
135 234 
299 101 
295 184 
299 108 
45 270 
295 161 
299 304 
299 279 
135 278 
45 301 
45 193 
45 58 
299 202 
45 52 
45 254 
45 144 
116 253 
45 83 
45 200 
231 133 
135 299 
9 26 
45 207 
299 301 
7 94 
299 83 
116 202 
116 173 
132 50 
269 93 
132 311 
132 257 
132 240 
132 2 
132 71 
132 295 
132 16 
132 133 
269 230 
21 145 
132 145 
132 218 
132 310 
132 78 
132 85 
269 300 
53 12 
132 231 
132 184 
145 21 
132 238 
132 6 
132 38 
269 75 
269 33 
132 112 
132 161 
204 159 
132 283 
132 3 
132 120 
132 284 
132 314 
132 27 
231 133 
269 274 
174 53 
132 267 
9 26 
132 266 
12 53 
132 134 
132 79 
116 253 
77 281 
16 284 
279 299 
116 202 
116 173 
132 2 
16 238 
7 279 
202 116 
132 16 
304 299 
16 2 
145 21 
279 7 
132 238 
28 141 
278 116 
299 279 
16 132 
132 284 
13 116 
16 132 
116 13 
52 193 
52 200 
77 281 
52 207 
16 284 
52 301 
52 270 
52 45 
52 83 
52 58 
52 254 
52 144 
16 2 
45 52 
200 52 
7 279 
144 7 
7 122 
52 200 
52 45 
200 52 
7 263 
299 304 
7 144 
144 94 
69 28 
