204 317 
204 60 
204 159 
204 160 
204 222 
204 249 
204 103 
204 318 
204 63 
159 249 
159 204 
202 86 
202 116 
132 267 
279 104 
132 50 
161 78 
202 158 
202 116 
279 7 
132 38 
132 161 
291 80 
57 252 
40 291 
7 309 
252 57 
283 38 
189 135 
162 241 
173 253 
173 116 
38 283 
204 159 
291 40 
202 116 
204 63 
159 204 
40 291 
204 159 
223 28 
57 252 
194 40 
194 291 
194 80 
92 81 
57 252 
80 194 
57 252 
240 184 
78 161 
204 159 
291 51 
183 262 
279 7 
208 28 
283 38 
7 279 
279 7 
279 7 
0 76 
161 78 
26 121 
40 291 
57 135 
202 116 
279 7 
57 135 
28 18 
262 183 
194 40 
250 173 
78 38 
204 317 
78 161 
121 225 
132 284 
283 38 
28 152 
145 132 
300 262 
86 221 
78 161 
157 185 
279 7 
121 225 
208 28 
7 279 
269 93 
208 28 
269 230 
269 300 
269 75 
269 33 
269 274 
283 38 
7 279 
266 238 
279 7 
38 283 
279 299 
283 38 
78 161 
78 38 
78 161 
161 78 
173 253 
173 116 
160 318 
160 63 
160 303 
160 317 
160 60 
202 116 
160 159 
228 234 
160 222 
160 204 
78 38 
228 279 
78 161 
160 249 
160 103 
204 159 
40 80 
202 116 
241 279 
161 38 
161 78 
279 228 
279 241 
279 228 
173 253 
279 49 
78 38 
173 116 
78 161 
112 284 
204 159 
184 132 
79 78 
78 79 
160 204 
213 80 
40 80 
230 33 
79 78 
279 228 
189 57 
223 225 
241 279 
262 74 
7 279 
225 223 
