90 75 
90 82 
90 143 
90 150 
90 199 
90 230 
90 183 
90 97 
90 274 
90 74 
90 220 
90 306 
90 281 
90 264 
90 258 
90 186 
90 33 
90 15 
90 77 
90 39 
90 48 
90 23 
90 98 
90 262 
90 99 
90 93 
90 300 
111 288 
30 176 
230 82 
279 117 
278 116 
252 189 
230 220 
230 93 
278 253 
40 80 
242 253 
252 189 
242 279 
291 80 
242 13 
7 94 
262 300 
300 262 
230 82 
7 279 
117 279 
94 7 
279 7 
233 288 
234 308 
50 267 
230 306 
116 57 
57 116 
230 75 
143 186 
202 116 
90 82 
279 7 
81 30 
186 98 
11 138 
186 143 
81 28 
230 90 
279 13 
279 228 
90 269 
144 7 
90 59 
314 6 
53 1 
279 253 
157 185 
46 113 
113 46 
279 228 
278 173 
134 133 
13 279 
269 300 
269 75 
279 253 
269 33 
186 98 
269 274 
253 279 
143 186 
189 252 
269 93 
230 306 
186 48 
134 133 
208 18 
269 230 
208 28 
145 161 
4 12 
58 52 
252 189 
145 267 
152 151 
202 116 
230 33 
279 7 
230 93 
7 279 
6 314 
6 112 
145 21 
161 267 
161 145 
314 112 
230 274 
194 291 
314 6 
278 13 
291 194 
230 75 
278 158 
278 299 
278 13 
278 305 
202 116 
112 6 
194 291 
228 279 
52 104 
278 116 
252 189 
112 314 
278 253 
252 57 
57 252 
281 264 
13 278 
18 208 
230 306 
18 307 
269 300 
269 75 
269 33 
11 175 
269 274 
269 93 
127 256 
278 211 
269 230 
230 82 
291 194 
7 279 
202 116 
173 242 
254 200 
21 145 
228 279 
202 128 
230 306 
81 26 
230 274 
144 7 
314 6 
6 314 
6 314 
82 90 
10 252 
82 230 
10 221 
221 86 
26 81 
78 161 
