69 26 
69 223 
145 21 
241 279 
159 204 
144 7 
300 274 
306 230 
50 6 
90 306 
90 264 
90 15 
90 39 
90 186 
90 33 
90 169 
90 48 
90 23 
90 262 
204 103 
90 269 
90 61 
90 98 
90 300 
204 318 
90 99 
90 93 
90 75 
90 82 
90 199 
90 143 
90 230 
90 150 
90 274 
90 183 
90 220 
90 97 
90 281 
90 258 
204 159 
103 318 
103 87 
127 223 
204 317 
204 60 
258 90 
103 63 
204 244 
204 159 
103 249 
204 160 
204 222 
103 60 
103 317 
204 249 
204 103 
103 222 
273 70 
204 87 
252 215 
204 318 
230 33 
204 63 
48 183 
4 28 
103 244 
273 233 
273 276 
204 248 
103 159 
223 127 
4 28 
159 103 
70 288 
127 307 
108 299 
127 223 
242 279 
204 159 
90 258 
249 318 
274 33 
299 278 
299 114 
86 221 
204 73 
204 318 
151 280 
230 33 
4 28 
25 277 
240 184 
98 186 
230 274 
283 71 
10 86 
145 267 
151 54 
183 82 
204 159 
86 10 
86 47 
28 285 
86 24 
38 132 
274 33 
298 28 
24 252 
86 10 
223 176 
86 47 
86 24 
24 252 
86 221 
7 279 
248 159 
90 230 
108 299 
295 161 
10 86 
158 211 
60 222 
299 108 
79 161 
200 58 
232 274 
223 176 
204 160 
318 107 
24 252 
79 267 
230 90 
132 79 
230 183 
200 270 
200 45 
200 301 
318 73 
7 279 
79 132 
204 318 
200 193 
200 83 
7 25 
200 254 
200 52 
24 86 
7 263 
41 93 
41 75 
134 231 
41 300 
90 230 
299 108 
41 230 
204 159 
25 37 
41 274 
86 10 
86 47 
187 81 
231 134 
86 24 
132 79 
41 33 
204 103 
86 221 
204 249 
184 240 
116 135 
230 82 
25 277 
90 230 
230 220 
79 161 
81 187 
120 310 
79 283 
283 79 
79 267 
127 26 
80 51 
83 158 
158 83 
159 204 
279 242 
24 86 
80 255 
80 194 
79 161 
161 79 
79 161 
114 299 
79 267 
82 230 
114 242 
79 50 
82 306 
127 256 
161 266 
10 86 
79 50 
295 50 
161 231 
229 108 
21 145 
251 298 
26 127 
300 74 
50 79 
50 267 
141 28 
50 295 
145 21 
87 63 
230 183 
90 186 
90 48 
90 23 
90 169 
90 61 
33 90 
90 98 
90 262 
90 269 
90 99 
159 204 
90 93 
90 300 
252 215 
127 256 
90 75 
90 82 
298 251 
90 143 
90 150 
90 199 
90 230 
238 231 
28 141 
90 97 
90 274 
90 183 
161 120 
90 220 
90 306 
90 281 
90 258 
90 33 
90 264 
90 15 
86 24 
90 39 
204 244 
204 159 
291 80 
116 253 
204 160 
86 24 
204 222 
291 51 
24 252 
90 33 
204 249 
33 90 
204 103 
291 194 
291 255 
252 215 
204 318 
116 173 
33 274 
204 63 
159 204 
204 87 
21 145 
248 222 
204 248 
204 317 
204 60 
223 225 
28 256 
90 150 
279 250 
117 279 
90 199 
28 280 
28 1 
28 195 
70 288 
279 202 
279 117 
240 184 
90 230 
161 120 
28 141 
28 69 
90 97 
28 208 
90 274 
241 279 
90 183 
28 307 
90 220 
104 279 
90 306 
28 223 
90 281 
305 279 
28 285 
28 53 
90 258 
280 28 
90 33 
28 4 
90 264 
90 15 
28 121 
28 298 
90 39 
279 13 
279 305 
90 186 
279 299 
28 18 
107 248 
28 127 
279 104 
28 12 
90 48 
90 23 
252 279 
90 169 
279 135 
28 26 
279 252 
90 61 
48 90 
28 251 
90 98 
90 262 
279 228 
28 81 
28 64 
90 269 
90 99 
279 242 
7 279 
90 93 
28 174 
90 300 
279 241 
28 9 
90 75 
87 244 
90 82 
279 304 
279 25 
199 183 
90 143 
28 30 
75 230 
258 90 
295 161 
204 159 
33 232 
132 3 
90 258 
304 279 
204 103 
90 48 
204 249 
250 279 
25 279 
33 90 
41 33 
318 73 
304 229 
41 93 
41 300 
41 75 
41 230 
299 108 
108 299 
225 223 
135 279 
299 279 
41 274 
90 306 
90 281 
90 258 
90 33 
90 264 
90 15 
90 39 
90 186 
90 23 
90 169 
90 48 
90 61 
262 300 
90 262 
90 269 
33 183 
90 98 
90 300 
252 215 
90 75 
90 99 
90 82 
90 93 
183 90 
18 28 
220 230 
90 199 
13 279 
90 143 
229 304 
90 230 
90 150 
90 97 
90 274 
90 183 
90 220 
173 116 
279 7 
229 202 
183 143 
242 279 
204 159 
116 253 
183 281 
204 103 
183 33 
300 183 
300 262 
116 202 
7 279 
244 87 
300 74 
173 253 
116 173 
183 230 
300 33 
7 279 
18 127 
318 317 
223 176 
241 189 
293 256 
141 298 
298 141 
24 252 
242 135 
293 18 
248 249 
228 279 
225 176 
93 230 
93 33 
293 256 
93 300 
93 82 
93 306 
93 143 
93 59 
93 230 
93 97 
249 248 
