50 184 
50 79 
79 50 
50 79 
50 38 
199 90 
50 38 
184 50 
26 1 
161 231 
21 145 
161 266 
50 184 
184 50 
98 90 
7 279 
1 26 
28 285 
2 132 
310 295 
7 279 
7 279 
21 145 
281 150 
225 223 
307 18 
281 230 
55 132 
18 307 
281 258 
161 267 
223 12 
223 225 
7 243 
79 161 
79 267 
225 223 
225 208 
225 127 
225 18 
79 50 
38 50 
50 79 
50 38 
101 236 
28 251 
28 81 
28 26 
28 174 
28 64 
28 9 
267 3 
28 30 
28 280 
28 195 
3 267 
28 141 
28 1 
28 208 
28 307 
28 223 
28 4 
26 28 
28 285 
28 53 
28 298 
85 6 
28 18 
28 127 
28 12 
79 50 
133 284 
283 38 
267 132 
6 112 
112 6 
6 85 
12 1 
85 6 
28 26 
6 85 
295 184 
6 112 
281 183 
281 230 
296 252 
18 28 
38 283 
310 161 
18 225 
101 228 
98 90 
145 21 
12 4 
1 26 
310 120 
28 26 
145 161 
26 28 
28 152 
281 230 
161 310 
85 267 
223 225 
26 64 
26 9 
26 180 
26 30 
26 280 
26 293 
26 208 
225 223 
26 69 
26 191 
3 283 
26 307 
26 174 
26 223 
26 285 
26 53 
26 28 
3 78 
26 152 
26 127 
26 176 
26 4 
26 298 
26 18 
208 28 
26 12 
26 81 
298 121 
101 234 
298 226 
133 134 
133 132 
12 28 
111 288 
199 186 
143 183 
145 21 
274 33 
225 223 
79 283 
79 78 
79 132 
79 231 
161 184 
21 145 
161 267 
161 79 
161 145 
283 79 
78 79 
78 3 
