145 21 
38 283 
38 161 
38 120 
38 283 
21 145 
204 249 
38 161 
38 50 
204 159 
38 78 
50 79 
230 59 
230 97 
79 50 
230 183 
230 269 
230 306 
21 145 
45 117 
145 21 
194 291 
204 159 
117 45 
145 21 
194 291 
78 38 
145 3 
279 7 
78 161 
10 86 
145 267 
50 79 
283 38 
308 234 
79 50 
21 145 
145 161 
208 18 
3 145 
194 291 
38 283 
164 104 
176 223 
132 284 
133 284 
50 38 
128 202 
234 308 
79 3 
80 291 
202 116 
38 161 
21 145 
145 184 
78 38 
145 161 
145 21 
80 40 
78 161 
38 283 
204 159 
202 128 
145 267 
283 38 
252 10 
79 50 
300 183 
86 252 
300 33 
306 59 
306 230 
161 267 
306 97 
3 238 
3 6 
220 90 
269 300 
269 75 
3 134 
50 79 
132 3 
269 33 
3 50 
3 112 
130 25 
3 283 
3 266 
3 16 
269 274 
3 132 
3 71 
3 133 
3 78 
3 310 
3 219 
79 50 
3 79 
269 93 
3 85 
3 257 
161 310 
12 26 
3 184 
3 295 
3 38 
3 240 
269 230 
3 284 
3 314 
3 161 
21 145 
3 145 
3 120 
3 267 
83 228 
3 161 
314 112 
3 240 
30 26 
21 145 
3 145 
3 120 
3 284 
3 314 
50 3 
145 21 
26 30 
3 267 
3 238 
3 134 
3 6 
38 283 
184 267 
3 50 
112 314 
3 112 
3 283 
3 132 
3 266 
283 38 
26 28 
3 71 
3 16 
3 133 
3 78 
228 83 
3 79 
3 310 
3 219 
3 85 
3 184 
256 18 
3 295 
3 257 
3 38 
184 85 
83 228 
21 145 
145 161 
83 47 
83 108 
145 21 
184 161 
83 304 
112 314 
83 202 
184 267 
304 47 
184 134 
83 45 
83 252 
83 301 
12 28 
283 38 
223 176 
83 45 
83 252 
83 301 
230 306 
83 228 
108 83 
83 304 
83 47 
83 108 
83 202 
180 18 
221 252 
283 38 
26 28 
108 202 
21 145 
141 298 
298 141 
30 26 
80 194 
80 51 
159 60 
26 30 
21 145 
223 307 
223 127 
223 176 
21 145 
38 283 
38 161 
90 220 
38 161 
230 183 
161 145 
151 280 
161 85 
38 161 
161 184 
144 7 
134 184 
161 267 
161 134 
50 79 
161 38 
274 33 
291 194 
26 28 
79 50 
38 161 
159 204 
314 112 
144 7 
78 38 
78 161 
38 283 
180 18 
132 284 
18 180 
291 51 
50 79 
3 50 
280 151 
273 288 
262 183 
79 50 
230 183 
273 70 
273 72 
3 38 
252 86 
9 92 
50 3 
230 274 
273 233 
273 276 
273 89 
307 223 
254 200 
78 38 
127 223 
180 298 
78 161 
180 1 
38 3 
161 38 
262 183 
38 78 
86 252 
38 161 
307 191 
3 295 
3 38 
3 184 
3 240 
83 228 
79 78 
78 79 
3 284 
3 314 
3 161 
83 47 
3 145 
3 120 
3 267 
83 108 
194 291 
83 304 
3 238 
3 6 
3 50 
3 134 
83 202 
3 283 
3 112 
83 45 
83 252 
3 266 
161 38 
83 301 
3 71 
3 16 
255 194 
299 83 
3 132 
3 133 
3 78 
3 310 
3 85 
3 79 
230 183 
269 93 
291 194 
83 228 
269 230 
83 47 
78 79 
83 108 
194 291 
83 304 
269 300 
269 75 
83 202 
310 161 
269 33 
83 45 
83 252 
83 301 
269 274 
45 83 
252 228 
283 38 
86 252 
21 145 
279 7 
38 283 
78 38 
18 127 
79 161 
78 161 
50 6 
252 228 
79 267 
83 301 
6 50 
193 52 
191 307 
230 183 
193 254 
83 299 
86 252 
228 252 
254 193 
81 26 
48 39 
166 314 
221 252 
0 106 
314 166 
319 252 
223 225 
200 254 
116 278 
145 161 
145 3 
144 7 
145 21 
108 234 
151 152 
305 234 
305 279 
305 234 
