50 161 
50 145 
50 267 
161 50 
50 283 
50 295 
50 16 
50 78 
50 79 
50 38 
50 184 
50 161 
204 159 
90 97 
90 274 
90 183 
90 220 
90 306 
90 281 
90 258 
90 33 
90 264 
90 15 
90 39 
90 186 
50 161 
90 48 
90 23 
90 169 
90 61 
90 98 
90 262 
90 269 
90 99 
90 93 
90 300 
90 75 
90 82 
90 143 
90 150 
90 199 
90 230 
40 51 
116 253 
116 173 
38 161 
230 75 
33 274 
230 82 
199 90 
254 200 
90 199 
53 298 
160 103 
134 161 
161 38 
298 53 
51 40 
161 38 
90 264 
90 15 
90 39 
90 186 
194 40 
6 50 
90 23 
230 90 
90 169 
135 57 
90 48 
90 61 
90 262 
90 269 
279 242 
90 98 
90 300 
230 75 
173 253 
90 75 
90 99 
4 28 
90 82 
90 93 
173 242 
234 252 
21 145 
80 40 
90 199 
90 143 
90 230 
90 150 
173 116 
90 97 
90 274 
80 194 
132 184 
90 183 
194 80 
258 59 
90 220 
161 134 
90 306 
90 281 
90 258 
279 139 
90 33 
80 51 
161 267 
161 79 
132 161 
132 284 
230 39 
204 222 
132 266 
132 267 
132 134 
204 103 
278 13 
143 186 
184 132 
318 73 
161 145 
204 318 
132 240 
230 82 
230 306 
204 63 
132 295 
132 16 
132 133 
161 184 
132 145 
132 231 
40 51 
204 248 
132 238 
132 85 
90 59 
204 60 
132 184 
90 82 
90 143 
90 150 
90 199 
53 298 
90 230 
194 291 
90 97 
90 274 
80 194 
90 183 
194 80 
90 220 
90 306 
90 281 
132 161 
90 258 
90 33 
80 51 
28 4 
90 264 
90 15 
90 39 
90 186 
90 48 
90 23 
90 169 
82 274 
90 61 
161 132 
318 73 
90 98 
90 262 
279 228 
90 269 
90 99 
90 93 
90 300 
90 75 
281 90 
278 13 
161 145 
143 90 
161 184 
112 6 
90 143 
40 51 
306 59 
306 230 
161 267 
3 6 
6 314 
7 144 
306 97 
161 79 
90 281 
3 112 
204 159 
40 80 
13 278 
161 240 
59 41 
161 132 
47 86 
258 82 
298 28 
41 33 
161 145 
40 194 
258 232 
7 279 
161 184 
41 93 
41 75 
41 300 
40 291 
161 267 
204 317 
41 230 
161 79 
40 80 
41 274 
90 183 
90 220 
204 159 
90 97 
180 18 
90 306 
90 281 
248 249 
90 258 
90 33 
51 40 
90 264 
90 15 
90 39 
90 186 
90 23 
252 279 
90 169 
6 112 
90 48 
90 262 
279 252 
90 269 
90 61 
200 254 
90 98 
90 300 
173 253 
90 99 
90 93 
173 242 
90 75 
90 82 
21 145 
90 199 
183 90 
90 143 
90 230 
40 51 
90 150 
173 116 
90 274 
112 6 
21 145 
180 18 
28 208 
178 304 
200 58 
18 180 
200 270 
200 45 
200 301 
38 161 
200 83 
159 204 
200 254 
200 52 
200 193 
135 242 
200 254 
252 215 
21 145 
159 63 
93 75 
0 259 
180 18 
242 173 
135 57 
7 279 
143 230 
59 41 
281 230 
7 279 
80 40 
78 161 
161 267 
161 240 
99 90 
79 267 
79 161 
161 50 
50 78 
249 204 
50 79 
161 79 
249 248 
50 161 
161 78 
204 249 
248 249 
204 159 
80 51 
204 249 
144 279 
173 253 
161 50 
145 21 
173 116 
80 194 
38 50 
204 60 
161 267 
80 255 
38 50 
90 274 
230 281 
204 159 
150 82 
50 38 
204 249 
144 7 
204 318 
230 82 
204 63 
28 256 
204 248 
228 47 
204 317 
38 50 
204 60 
204 244 
204 159 
204 160 
40 80 
204 222 
244 107 
50 38 
28 152 
28 121 
298 28 
204 249 
204 103 
204 87 
244 87 
173 253 
152 28 
242 173 
116 202 
159 204 
244 87 
79 78 
279 7 
230 220 
78 161 
161 267 
180 18 
279 309 
204 159 
50 38 
82 230 
161 240 
108 241 
161 38 
161 240 
204 249 
82 258 
82 150 
30 81 
223 225 
220 230 
230 274 
230 220 
274 230 
228 47 
249 204 
7 162 
161 267 
57 35 
35 25 
240 161 
225 223 
204 159 
204 249 
204 103 
87 222 
204 248 
173 242 
223 225 
222 87 
57 130 
220 230 
35 135 
35 49 
225 223 
3 50 
291 40 
242 173 
87 222 
199 186 
35 130 
7 279 
3 184 
24 234 
262 74 
258 274 
3 184 
173 242 
0 259 
184 3 
38 50 
90 306 
262 230 
291 40 
258 82 
194 40 
242 173 
132 284 
50 38 
93 274 
132 266 
132 134 
135 242 
279 304 
132 133 
50 3 
132 85 
132 231 
279 7 
78 161 
132 184 
279 7 
13 116 
242 135 
82 274 
7 279 
295 161 
7 279 
180 18 
69 28 
161 267 
50 6 
204 248 
204 159 
204 103 
204 249 
159 204 
159 318 
204 159 
204 249 
204 103 
80 291 
199 186 
90 48 
200 254 
200 52 
252 215 
159 204 
94 122 
204 159 
90 281 
112 206 
107 159 
90 281 
194 80 
204 159 
291 80 
5 165 
2 132 
291 40 
81 28 
291 194 
318 159 
199 186 
2 284 
194 291 
180 127 
132 133 
241 162 
83 193 
83 200 
173 116 
145 3 
306 59 
295 161 
3 50 
306 90 
107 318 
204 159 
241 315 
145 267 
132 284 
159 107 
83 270 
83 45 
83 301 
83 52 
3 16 
83 144 
2 132 
82 230 
83 58 
83 254 
41 258 
173 253 
132 2 
159 204 
82 33 
82 274 
90 61 
90 98 
38 161 
3 38 
90 99 
223 127 
90 93 
90 300 
82 258 
90 75 
223 225 
90 82 
90 199 
90 143 
90 230 
90 150 
93 300 
90 274 
38 50 
90 183 
90 220 
90 97 
180 18 
38 3 
90 281 
242 279 
82 75 
90 258 
242 122 
90 306 
278 253 
90 264 
90 15 
90 39 
90 186 
90 33 
161 38 
33 82 
242 173 
90 169 
90 48 
90 23 
90 262 
318 159 
90 269 
161 240 
300 183 
80 291 
184 132 
161 145 
279 242 
279 47 
161 184 
315 241 
80 40 
161 267 
127 223 
225 223 
107 159 
132 184 
161 79 
204 159 
184 133 
300 93 
184 134 
283 38 
204 159 
244 63 
151 152 
132 284 
159 107 
79 145 
145 79 
41 274 
244 107 
41 33 
244 87 
79 78 
41 75 
223 225 
41 93 
41 300 
159 318 
244 248 
225 223 
41 230 
40 291 
47 228 
75 230 
159 318 
40 80 
159 107 
258 82 
279 118 
135 189 
230 306 
25 130 
78 79 
223 225 
220 74 
83 301 
187 81 
116 202 
116 173 
159 204 
230 33 
116 47 
230 274 
16 3 
116 13 
116 253 
116 228 
293 127 
180 18 
33 274 
251 53 
104 7 
104 279 
241 315 
79 78 
