79 161 
79 267 
90 230 
204 159 
90 281 
232 230 
21 145 
90 199 
134 184 
90 281 
132 314 
26 152 
159 204 
267 50 
90 98 
90 262 
173 253 
230 306 
90 99 
90 93 
90 300 
90 75 
318 204 
90 82 
90 199 
90 143 
90 230 
90 150 
173 116 
90 183 
90 220 
90 97 
90 274 
90 74 
90 281 
130 25 
204 159 
90 306 
90 264 
90 258 
90 186 
90 33 
90 15 
90 77 
90 39 
26 152 
90 48 
90 23 
281 90 
307 208 
2 132 
194 40 
12 28 
2 16 
132 79 
173 253 
132 78 
2 284 
132 145 
132 85 
194 291 
173 116 
132 38 
132 184 
2 238 
183 82 
194 80 
204 159 
132 284 
132 27 
132 120 
230 90 
223 28 
189 278 
176 223 
132 314 
176 28 
21 145 
94 7 
314 132 
139 25 
90 230 
145 21 
267 79 
10 86 
86 10 
176 223 
116 253 
116 202 
116 173 
145 184 
33 274 
58 200 
132 240 
58 45 
132 133 
58 301 
58 246 
132 145 
58 270 
58 254 
58 52 
58 83 
132 184 
306 230 
77 143 
132 284 
57 189 
132 161 
86 10 
174 53 
132 120 
132 267 
79 267 
132 134 
221 86 
58 193 
86 221 
9 26 
58 162 
269 93 
241 189 
26 9 
134 133 
269 230 
269 300 
58 83 
0 259 
269 75 
269 33 
204 159 
269 274 
176 223 
230 306 
208 18 
38 283 
230 274 
161 38 
241 252 
230 306 
143 186 
86 252 
314 6 
50 267 
6 314 
38 283 
145 21 
50 267 
26 152 
314 6 
79 267 
151 152 
314 6 
6 314 
6 314 
6 112 
151 152 
7 94 
180 28 
173 116 
144 7 
