161 78 
267 3 
161 295 
204 317 
204 60 
204 159 
204 160 
204 222 
161 240 
204 303 
204 103 
204 249 
204 318 
204 63 
194 291 
202 158 
161 78 
202 116 
79 78 
142 81 
161 3 
78 161 
204 159 
28 4 
242 228 
262 183 
127 26 
194 40 
279 299 
26 127 
50 267 
291 194 
40 194 
279 228 
173 253 
69 223 
279 242 
180 307 
6 85 
263 7 
299 279 
51 80 
194 80 
242 279 
223 28 
127 26 
26 127 
130 241 
7 279 
143 90 
144 7 
21 145 
130 277 
80 40 
80 255 
306 59 
80 194 
306 230 
130 35 
78 161 
306 97 
130 25 
130 189 
130 49 
130 135 
80 51 
49 35 
230 306 
202 116 
230 274 
183 262 
240 161 
80 255 
78 21 
80 194 
78 145 
80 51 
250 234 
78 50 
262 183 
116 173 
230 306 
21 145 
230 274 
223 28 
116 253 
269 33 
28 307 
28 223 
28 285 
79 145 
269 274 
28 18 
28 12 
269 93 
28 26 
269 230 
250 173 
28 141 
269 300 
28 208 
269 75 
173 250 
279 7 
13 116 
253 173 
279 278 
279 122 
279 299 
279 189 
279 252 
279 118 
143 186 
173 253 
25 263 
314 166 
21 145 
81 142 
173 116 
166 314 
242 228 
21 145 
145 21 
314 6 
6 314 
145 79 
279 7 
7 279 
161 240 
38 78 
38 161 
38 283 
267 50 
204 159 
161 38 
161 295 
40 291 
194 291 
204 317 
79 38 
204 60 
299 279 
204 159 
79 283 
204 160 
194 80 
79 145 
204 222 
204 103 
291 194 
79 50 
204 249 
208 28 
204 318 
204 63 
79 78 
79 38 
80 194 
221 252 
204 159 
223 28 
38 79 
242 173 
80 291 
208 28 
10 221 
69 223 
80 40 
279 7 
45 301 
176 223 
40 80 
283 38 
79 145 
204 159 
145 79 
161 38 
314 284 
38 78 
194 40 
161 78 
38 161 
267 50 
21 145 
173 242 
267 3 
194 291 
262 232 
3 267 
228 242 
145 21 
78 161 
79 145 
145 79 
161 38 
304 178 
161 78 
242 250 
21 145 
78 38 
21 145 
307 28 
78 38 
78 161 
189 279 
38 78 
38 161 
193 52 
293 26 
7 279 
202 209 
319 252 
132 184 
204 159 
132 120 
132 284 
132 79 
159 249 
269 274 
18 208 
269 93 
159 204 
269 230 
21 145 
145 21 
26 293 
269 300 
269 75 
269 33 
83 108 
83 202 
7 309 
263 279 
83 47 
47 83 
69 223 
21 145 
21 145 
21 145 
21 145 
69 223 
21 145 
145 21 
38 283 
21 145 
38 161 
21 145 
78 161 
38 78 
305 279 
38 78 
50 267 
69 223 
78 38 
38 283 
78 38 
145 21 
223 69 
38 78 
38 161 
69 223 
21 145 
38 50 
21 145 
21 145 
145 21 
2 132 
2 284 
21 145 
86 10 
86 221 
161 38 
21 145 
21 145 
