38 283 
138 11 
26 208 
208 26 
138 11 
223 225 
307 28 
38 50 
274 82 
26 69 
26 208 
26 307 
26 191 
26 174 
174 53 
26 223 
26 285 
26 53 
12 4 
26 127 
26 176 
26 4 
26 121 
26 298 
26 18 
26 152 
208 28 
26 12 
26 81 
174 28 
26 64 
26 9 
26 180 
220 230 
174 298 
26 30 
26 256 
295 161 
26 280 
26 293 
26 225 
120 310 
12 28 
281 230 
134 132 
50 161 
16 284 
16 238 
16 2 
16 132 
50 38 
274 300 
274 75 
274 306 
12 28 
274 33 
274 82 
296 252 
274 93 
274 39 
274 59 
274 230 
274 90 
274 97 
145 21 
79 161 
79 267 
199 77 
26 9 
199 61 
199 98 
274 230 
199 48 
274 306 
199 220 
78 295 
208 28 
199 186 
26 180 
50 161 
12 28 
79 284 
38 161 
38 50 
50 38 
50 161 
38 50 
38 161 
280 53 
79 50 
6 85 
