16 238 
278 279 
16 2 
278 200 
274 75 
279 250 
80 40 
80 194 
160 159 
278 279 
160 103 
160 249 
40 80 
160 63 
2 16 
160 317 
160 60 
194 291 
194 80 
238 2 
279 13 
279 299 
279 189 
279 104 
234 277 
238 16 
279 252 
152 180 
279 228 
279 118 
279 242 
118 164 
234 122 
161 284 
90 199 
279 7 
279 278 
11 175 
0 106 
202 116 
199 90 
16 238 
16 3 
57 58 
13 279 
278 236 
3 16 
278 13 
13 299 
3 219 
1 256 
116 202 
220 48 
202 116 
13 279 
108 299 
279 13 
132 284 
230 33 
230 274 
230 93 
299 228 
7 279 
173 116 
230 90 
173 253 
199 90 
90 230 
134 38 
58 57 
160 63 
28 121 
60 63 
160 317 
160 60 
160 159 
162 228 
57 58 
310 184 
295 184 
306 230 
306 59 
160 103 
306 90 
160 249 
306 97 
274 33 
28 223 
28 307 
28 285 
58 57 
28 18 
28 12 
28 26 
132 2 
161 145 
28 174 
132 16 
90 230 
132 238 
28 141 
28 1 
213 80 
93 230 
28 53 
7 279 
53 28 
160 317 
132 2 
160 60 
160 159 
184 310 
132 16 
53 28 
90 199 
16 3 
160 103 
160 249 
16 132 
183 143 
160 63 
278 236 
278 13 
152 180 
57 116 
30 26 
228 279 
26 30 
278 116 
75 274 
278 253 
132 284 
202 128 
278 253 
83 301 
85 133 
132 120 
0 76 
83 299 
278 13 
278 234 
234 122 
199 90 
253 278 
230 274 
108 299 
132 284 
252 86 
86 252 
279 228 
71 120 
0 214 
202 128 
161 38 
252 86 
280 53 
11 175 
53 280 
80 40 
120 71 
120 132 
194 291 
194 80 
202 128 
189 279 
40 80 
58 57 
53 280 
208 28 
90 75 
28 256 
28 280 
28 30 
90 230 
28 1 
28 208 
160 103 
28 307 
160 249 
28 69 
28 223 
40 80 
28 4 
160 63 
28 18 
28 127 
28 12 
28 121 
262 300 
28 81 
28 26 
160 317 
160 60 
160 159 
28 64 
28 9 
173 253 
143 183 
75 90 
262 232 
75 274 
253 173 
230 90 
90 264 
7 279 
90 82 
135 25 
90 143 
90 230 
90 281 
242 114 
33 232 
242 299 
33 300 
33 230 
262 300 
277 135 
33 274 
300 33 
135 25 
90 143 
161 284 
13 279 
3 16 
2 132 
279 13 
58 57 
135 277 
135 189 
116 278 
57 58 
132 27 
58 57 
108 209 
116 57 
116 173 
116 234 
278 116 
116 270 
116 253 
230 93 
131 113 
12 285 
161 267 
161 79 
161 145 
16 3 
