157 185 
0 106 
0 259 
281 82 
132 85 
132 134 
7 279 
184 284 
184 295 
152 151 
161 145 
52 254 
21 145 
249 160 
52 158 
184 161 
161 267 
310 161 
161 79 
160 249 
202 128 
28 141 
28 280 
94 252 
28 208 
241 315 
28 223 
28 307 
28 285 
28 127 
186 143 
152 28 
28 18 
28 12 
238 79 
279 228 
28 26 
9 127 
28 195 
90 230 
158 202 
269 230 
269 300 
194 291 
269 75 
269 33 
194 80 
269 274 
194 40 
194 247 
7 279 
269 93 
6 133 
299 83 
93 33 
7 279 
93 274 
90 306 
2 132 
173 242 
90 230 
26 92 
202 128 
184 161 
279 7 
158 57 
160 249 
28 69 
28 223 
28 152 
28 176 
28 151 
28 26 
28 81 
28 64 
283 6 
249 160 
28 30 
28 280 
0 259 
160 249 
50 267 
184 132 
132 2 
7 279 
159 160 
279 242 
202 209 
13 211 
80 40 
13 279 
151 54 
202 128 
278 236 
2 132 
279 189 
35 116 
202 128 
161 267 
314 112 
13 279 
0 259 
50 115 
16 238 
52 158 
16 2 
0 259 
16 132 
132 184 
0 259 
132 2 
132 16 
132 238 
50 161 
50 267 
194 291 
194 80 
132 2 
132 16 
132 238 
194 80 
202 128 
83 209 
108 241 
294 274 
242 173 
291 194 
83 299 
278 236 
241 252 
194 40 
269 93 
202 158 
116 57 
57 116 
116 173 
40 194 
194 190 
267 184 
57 270 
269 230 
69 121 
249 160 
57 253 
194 291 
269 300 
57 35 
269 75 
116 270 
269 33 
194 80 
6 314 
291 80 
116 253 
269 274 
116 35 
57 173 
160 249 
291 80 
160 318 
160 63 
194 40 
80 291 
279 252 
279 228 
160 317 
160 60 
160 159 
158 189 
103 159 
279 7 
160 103 
194 291 
28 285 
194 40 
63 160 
300 262 
202 158 
13 211 
30 26 
314 134 
108 315 
108 104 
26 30 
161 267 
60 160 
112 314 
108 241 
310 120 
161 295 
108 209 
81 226 
249 160 
79 238 
132 284 
279 278 
82 230 
264 75 
184 132 
238 79 
279 242 
53 174 
160 159 
4 12 
132 184 
4 12 
161 267 
0 259 
249 318 
12 4 
230 33 
161 184 
80 40 
134 132 
116 35 
242 173 
152 151 
82 281 
158 52 
288 233 
26 225 
132 284 
132 134 
184 295 
132 134 
13 211 
13 279 
