90 269 
90 99 
90 93 
90 300 
90 75 
90 82 
90 143 
90 150 
90 199 
90 59 
90 230 
90 97 
90 274 
90 74 
90 183 
90 220 
90 306 
90 281 
90 258 
90 186 
90 33 
90 264 
90 15 
90 77 
90 39 
90 48 
90 23 
90 98 
90 262 
299 234 
94 252 
79 283 
299 279 
132 284 
252 228 
39 306 
299 45 
30 223 
299 252 
194 291 
90 274 
90 230 
145 21 
194 291 
204 317 
204 60 
204 159 
204 222 
40 80 
194 40 
204 103 
204 249 
278 136 
7 279 
204 318 
204 63 
228 252 
50 295 
98 186 
7 309 
108 319 
253 173 
86 10 
242 135 
253 279 
253 116 
7 279 
2 238 
145 21 
194 291 
108 319 
132 284 
159 249 
291 40 
194 40 
208 307 
132 284 
262 74 
300 74 
309 7 
90 59 
90 230 
90 183 
256 28 
90 97 
90 274 
145 267 
90 74 
194 80 
90 220 
204 159 
90 306 
90 281 
40 80 
90 264 
90 258 
90 186 
90 33 
90 15 
90 77 
90 39 
90 48 
90 23 
7 279 
90 98 
90 262 
90 269 
90 99 
90 93 
90 300 
90 75 
90 82 
90 143 
90 150 
90 199 
58 209 
314 112 
132 184 
225 53 
7 158 
132 284 
132 120 
132 79 
53 225 
7 279 
200 254 
200 254 
254 200 
94 252 
166 112 
132 284 
45 83 
53 280 
254 200 
223 30 
223 81 
50 267 
7 279 
280 53 
6 112 
7 279 
6 314 
7 309 
90 220 
173 253 
273 72 
159 204 
273 233 
173 116 
273 302 
252 122 
75 274 
273 89 
86 10 
273 288 
86 24 
273 111 
273 70 
86 221 
132 79 
108 202 
132 78 
132 145 
279 7 
202 108 
132 85 
132 38 
132 184 
132 284 
132 27 
278 253 
132 120 
28 285 
253 136 
7 309 
194 80 
204 159 
279 278 
238 2 
101 299 
279 104 
279 135 
279 299 
279 189 
262 183 
279 118 
278 135 
279 228 
279 242 
279 304 
80 40 
228 47 
132 133 
90 143 
132 310 
132 78 
132 145 
132 85 
299 101 
132 231 
132 238 
132 6 
108 299 
132 38 
132 184 
132 112 
132 283 
184 267 
132 3 
186 98 
132 284 
132 314 
132 27 
132 161 
228 301 
132 120 
159 249 
132 267 
101 299 
132 266 
299 45 
132 79 
132 50 
132 134 
132 311 
228 299 
86 252 
132 257 
132 2 
132 71 
132 295 
132 16 
132 240 
132 218 
25 279 
116 202 
116 57 
300 74 
116 173 
277 57 
25 130 
299 228 
277 25 
299 101 
25 139 
299 279 
116 270 
25 122 
132 3 
116 253 
116 35 
3 132 
25 241 
277 135 
114 83 
86 252 
90 143 
105 305 
38 6 
80 194 
256 28 
223 28 
80 51 
269 33 
291 80 
269 274 
279 234 
234 279 
269 93 
314 112 
269 230 
78 38 
108 299 
269 300 
269 75 
314 6 
223 176 
135 299 
135 228 
135 242 
257 284 
242 135 
7 279 
200 254 
200 52 
7 309 
50 79 
252 299 
252 86 
6 38 
252 94 
314 6 
26 1 
6 314 
6 314 
6 314 
161 267 
