47 228 
0 129 
256 127 
242 279 
242 135 
31 279 
249 204 
249 248 
204 249 
144 7 
90 300 
59 75 
90 75 
90 82 
90 199 
90 143 
90 230 
90 150 
59 230 
90 183 
159 318 
59 97 
90 220 
90 97 
90 274 
90 281 
90 258 
59 306 
90 306 
90 264 
159 107 
90 39 
90 186 
90 33 
90 15 
90 169 
90 48 
90 23 
90 262 
90 61 
90 98 
90 269 
90 99 
90 93 
87 63 
10 86 
86 47 
26 28 
86 24 
93 33 
86 221 
86 252 
26 9 
252 215 
173 242 
93 300 
164 104 
218 6 
86 10 
93 230 
223 69 
250 242 
306 90 
90 274 
220 306 
176 69 
10 117 
204 159 
116 253 
40 80 
79 267 
69 176 
242 173 
204 73 
204 318 
116 173 
90 99 
220 39 
145 21 
220 230 
302 72 
187 223 
86 304 
21 145 
241 162 
223 28 
40 80 
249 318 
279 242 
18 307 
127 256 
173 253 
90 99 
18 307 
21 145 
173 242 
53 298 
10 86 
80 51 
28 127 
70 233 
298 223 
262 300 
40 80 
262 306 
49 135 
98 186 
38 50 
127 28 
25 139 
75 274 
280 53 
90 183 
90 220 
90 97 
180 18 
90 281 
90 258 
90 306 
73 204 
90 264 
90 15 
90 39 
9 26 
90 186 
90 33 
90 169 
90 48 
90 23 
33 230 
90 262 
204 73 
3 85 
90 269 
90 61 
90 98 
252 215 
90 99 
90 93 
90 300 
26 9 
90 75 
90 82 
21 145 
90 199 
90 143 
90 230 
90 150 
90 274 
318 204 
27 3 
78 161 
293 127 
9 26 
204 249 
241 189 
223 225 
281 150 
242 279 
25 189 
253 173 
252 228 
187 81 
242 135 
281 169 
51 255 
173 253 
176 28 
230 274 
173 116 
280 53 
18 180 
219 314 
253 279 
202 209 
209 202 
145 21 
230 274 
180 18 
256 127 
230 33 
10 296 
26 9 
202 209 
135 242 
135 49 
50 38 
249 159 
249 204 
230 90 
204 249 
50 267 
232 230 
127 256 
230 33 
127 293 
273 233 
230 274 
90 230 
230 232 
51 291 
90 230 
38 50 
75 274 
87 63 
87 248 
51 80 
90 281 
50 38 
51 40 
293 127 
90 169 
51 255 
87 222 
252 215 
159 204 
69 28 
10 252 
254 200 
241 162 
241 315 
53 225 
33 230 
230 300 
300 74 
230 33 
144 7 
242 250 
254 200 
145 21 
28 141 
28 285 
87 318 
26 69 
26 191 
26 223 
26 307 
26 174 
26 176 
26 4 
26 285 
26 53 
26 28 
26 152 
26 127 
26 121 
26 298 
26 18 
26 12 
26 81 
26 180 
26 64 
26 9 
230 33 
7 263 
26 297 
26 187 
80 40 
26 280 
26 30 
26 256 
78 161 
26 293 
26 208 
41 300 
90 230 
41 230 
225 53 
204 159 
10 86 
86 10 
41 274 
86 47 
86 24 
41 33 
86 221 
33 230 
317 204 
230 33 
71 120 
41 93 
41 75 
281 150 
263 7 
160 103 
128 202 
26 4 
53 225 
204 103 
33 230 
262 300 
281 169 
40 194 
194 40 
242 173 
93 33 
230 33 
21 145 
40 51 
93 300 
53 18 
114 299 
93 230 
51 40 
2 134 
230 33 
18 53 
21 145 
230 274 
295 161 
219 6 
178 164 
116 253 
6 219 
242 173 
53 280 
116 173 
173 242 
53 285 
191 256 
252 10 
116 35 
81 28 
63 248 
21 145 
159 204 
49 135 
