50 267 
250 242 
50 267 
90 75 
90 99 
90 82 
90 143 
90 199 
90 59 
90 230 
90 150 
90 97 
90 274 
90 183 
90 220 
90 74 
90 306 
50 79 
90 281 
90 258 
90 33 
90 264 
159 249 
90 15 
90 77 
90 39 
90 186 
90 23 
79 50 
90 48 
90 98 
90 262 
90 269 
90 93 
90 300 
108 209 
50 267 
90 93 
108 315 
267 50 
249 159 
145 21 
108 104 
230 220 
230 39 
159 249 
108 241 
33 93 
298 22 
200 250 
242 228 
200 270 
291 194 
200 45 
200 83 
220 39 
200 254 
249 159 
220 230 
83 200 
202 108 
200 58 
58 83 
3 267 
86 10 
114 242 
58 193 
86 221 
58 200 
7 279 
249 159 
52 58 
58 45 
58 301 
58 246 
58 270 
58 254 
58 52 
53 28 
161 184 
208 18 
234 228 
161 284 
161 112 
161 120 
78 161 
180 18 
51 40 
161 38 
234 279 
50 267 
228 135 
174 298 
305 279 
28 53 
45 83 
83 45 
83 114 
279 305 
279 299 
304 178 
279 234 
9 127 
202 116 
230 306 
152 280 
9 18 
9 208 
53 28 
208 18 
200 58 
233 89 
204 159 
120 132 
80 255 
80 194 
204 159 
10 86 
80 51 
159 249 
279 189 
152 151 
279 228 
279 118 
279 242 
151 280 
9 208 
9 28 
57 270 
145 21 
173 116 
57 35 
86 10 
93 33 
86 221 
57 116 
173 253 
152 151 
151 152 
280 151 
80 51 
80 255 
80 194 
114 299 
114 83 
114 242 
108 252 
7 279 
280 28 
242 228 
250 242 
199 186 
299 279 
80 40 
90 230 
299 108 
116 253 
26 28 
93 274 
299 114 
58 200 
116 173 
202 116 
269 59 
319 252 
13 279 
204 159 
200 58 
33 232 
50 38 
280 151 
228 108 
33 230 
186 143 
81 28 
64 28 
230 150 
3 284 
194 291 
80 194 
299 108 
80 255 
194 80 
25 189 
204 159 
80 51 
230 93 
133 284 
230 90 
28 298 
194 40 
50 161 
18 208 
82 274 
230 183 
180 208 
30 28 
50 267 
59 269 
82 33 
90 230 
194 291 
194 80 
230 220 
230 274 
38 50 
306 230 
306 97 
202 128 
176 223 
230 39 
50 161 
128 202 
298 28 
230 306 
199 186 
230 82 
127 225 
230 274 
108 299 
194 80 
50 133 
280 28 
82 230 
194 40 
230 183 
33 82 
269 93 
152 151 
230 75 
269 230 
3 314 
230 274 
228 242 
228 47 
269 300 
269 75 
78 283 
184 267 
269 33 
194 40 
269 274 
133 284 
230 75 
241 189 
161 50 
47 228 
279 178 
45 301 
279 7 
38 283 
45 270 
45 301 
45 193 
45 58 
45 200 
45 52 
45 254 
45 144 
45 83 
45 207 
135 252 
82 33 
108 299 
81 28 
83 114 
7 279 
11 175 
173 253 
173 116 
230 281 
231 134 
2 132 
93 274 
94 228 
94 241 
94 118 
94 242 
199 169 
58 45 
94 122 
94 7 
184 120 
306 90 
94 58 
223 28 
90 281 
133 284 
93 230 
25 139 
25 35 
116 270 
283 79 
25 135 
45 58 
204 159 
7 299 
7 158 
25 57 
283 38 
7 94 
270 116 
45 299 
25 242 
208 28 
7 279 
86 252 
58 45 
108 299 
204 317 
21 145 
134 231 
184 27 
189 279 
161 38 
159 249 
128 202 
7 279 
281 230 
281 90 
122 37 
269 93 
116 173 
151 280 
269 230 
145 21 
269 300 
269 75 
269 33 
51 40 
291 80 
116 253 
269 274 
82 230 
116 202 
161 38 
132 267 
132 257 
132 311 
45 228 
132 240 
21 145 
145 21 
132 38 
132 161 
90 281 
132 120 
132 284 
204 159 
280 53 
33 300 
26 28 
93 274 
33 93 
208 28 
230 183 
173 253 
33 274 
21 145 
173 116 
239 164 
81 142 
222 63 
161 314 
108 299 
151 152 
151 54 
204 159 
26 28 
299 45 
291 194 
230 306 
161 6 
134 132 
151 280 
21 145 
94 122 
81 30 
252 86 
283 38 
25 130 
159 249 
157 185 
26 4 
71 38 
