78 161 
161 79 
161 145 
161 184 
161 267 
161 267 
161 79 
161 145 
161 184 
145 184 
145 161 
250 242 
145 267 
90 186 
90 48 
90 23 
204 303 
135 252 
204 103 
204 249 
90 98 
90 262 
90 269 
90 93 
90 300 
204 318 
90 75 
90 99 
204 63 
159 204 
242 250 
90 82 
90 143 
90 199 
90 59 
90 230 
90 150 
90 97 
90 274 
204 317 
204 60 
90 183 
90 220 
204 159 
90 74 
90 306 
90 281 
204 160 
90 258 
90 33 
40 80 
90 264 
90 15 
204 222 
90 77 
90 39 
204 159 
9 26 
161 38 
281 186 
199 186 
161 145 
57 116 
38 161 
38 295 
161 184 
159 204 
26 9 
80 40 
281 150 
161 3 
274 262 
194 291 
295 38 
173 116 
194 80 
204 159 
184 267 
40 80 
194 40 
173 253 
159 204 
278 136 
145 184 
112 38 
3 284 
108 299 
38 112 
194 80 
40 80 
27 267 
199 186 
233 70 
300 183 
161 78 
7 279 
228 242 
184 27 
194 80 
132 284 
139 279 
291 194 
116 234 
25 130 
4 12 
90 150 
183 300 
78 184 
269 300 
3 267 
269 75 
25 139 
25 35 
279 7 
78 283 
7 309 
269 33 
78 27 
25 37 
274 183 
25 189 
78 145 
25 135 
159 249 
78 267 
135 299 
269 274 
25 57 
78 50 
25 65 
132 134 
25 241 
25 188 
269 93 
25 279 
7 279 
279 228 
25 263 
25 170 
78 266 
25 117 
25 177 
78 231 
78 133 
25 210 
78 238 
269 230 
256 226 
25 130 
299 252 
25 277 
78 79 
12 26 
252 215 
204 63 
80 40 
78 161 
12 4 
26 12 
7 279 
61 186 
279 242 
38 284 
230 33 
145 184 
194 291 
78 38 
295 184 
132 284 
199 48 
53 280 
242 173 
116 57 
173 242 
199 143 
4 12 
228 279 
221 252 
7 122 
7 279 
143 230 
143 183 
80 40 
279 228 
199 48 
199 143 
7 309 
7 279 
267 3 
90 274 
130 25 
161 78 
18 208 
199 186 
173 253 
18 307 
3 161 
7 263 
279 263 
173 116 
28 285 
40 80 
3 184 
25 130 
145 161 
7 309 
145 267 
161 3 
78 161 
262 183 
242 228 
161 145 
145 161 
204 317 
21 145 
262 232 
306 230 
78 161 
278 116 
306 59 
51 80 
204 159 
306 97 
139 173 
145 267 
278 253 
161 78 
278 13 
278 228 
230 306 
90 262 
279 228 
279 118 
90 269 
90 98 
90 300 
90 99 
279 242 
90 93 
90 75 
90 82 
90 199 
90 143 
90 230 
90 150 
90 59 
90 274 
83 193 
279 7 
90 183 
90 220 
90 97 
136 278 
90 74 
90 281 
90 258 
90 306 
90 264 
90 15 
90 39 
90 186 
279 122 
90 33 
279 189 
90 77 
279 299 
90 48 
90 23 
269 274 
79 267 
267 145 
269 93 
159 204 
267 184 
144 7 
269 230 
90 143 
269 300 
306 59 
306 230 
274 230 
306 90 
3 134 
79 161 
269 75 
269 33 
299 279 
204 159 
306 97 
40 80 
161 267 
161 79 
280 53 
279 122 
230 59 
230 97 
230 269 
25 130 
263 279 
263 7 
228 242 
266 133 
180 208 
230 33 
280 53 
280 53 
191 307 
242 228 
161 78 
161 267 
7 279 
69 223 
112 6 
133 284 
6 112 
133 2 
