145 21 
145 184 
230 93 
9 225 
254 52 
230 232 
184 161 
161 267 
45 301 
45 270 
184 267 
45 58 
299 202 
204 159 
45 52 
45 144 
291 80 
45 193 
45 83 
45 200 
45 254 
283 38 
45 207 
161 145 
161 184 
184 145 
200 254 
173 253 
180 152 
184 145 
58 301 
254 200 
184 161 
249 204 
230 232 
291 80 
184 267 
58 57 
3 85 
26 81 
81 26 
59 90 
256 28 
223 28 
202 299 
86 10 
202 128 
255 291 
85 6 
288 233 
104 52 
280 26 
202 116 
145 161 
26 280 
145 267 
145 79 
38 132 
38 134 
145 184 
202 116 
184 145 
134 132 
134 133 
145 184 
134 85 
145 161 
52 104 
184 161 
145 267 
134 284 
299 202 
230 93 
202 128 
93 230 
184 267 
189 57 
104 52 
189 252 
230 93 
191 225 
145 79 
202 299 
230 93 
117 45 
116 253 
2 132 
81 28 
16 284 
116 173 
134 133 
200 254 
2 284 
45 117 
16 132 
230 93 
234 228 
254 200 
132 284 
262 74 
132 2 
132 134 
132 38 
114 299 
133 314 
133 112 
71 38 
133 50 
161 267 
161 79 
161 145 
161 184 
184 240 
184 161 
93 230 
173 242 
90 59 
306 230 
230 93 
79 145 
79 145 
79 267 
79 161 
136 278 
50 133 
274 183 
241 315 
202 128 
161 79 
38 71 
50 314 
24 252 
161 145 
118 164 
161 184 
50 112 
254 200 
161 267 
79 161 
71 310 
278 253 
79 145 
79 267 
278 136 
200 254 
281 90 
33 274 
90 281 
18 180 
79 267 
291 51 
112 50 
112 133 
112 314 
223 28 
299 202 
161 79 
204 159 
93 230 
93 274 
250 47 
152 180 
161 145 
6 85 
161 267 
26 280 
306 230 
204 159 
200 58 
33 232 
202 299 
33 300 
2 132 
200 270 
33 230 
33 274 
200 45 
58 200 
200 254 
278 173 
200 83 
180 152 
82 183 
281 90 
230 33 
307 180 
161 295 
230 300 
230 33 
57 270 
161 284 
256 307 
161 120 
34 26 
86 10 
159 249 
159 204 
278 236 
6 284 
262 74 
117 45 
