50 184 
50 38 
50 161 
50 145 
50 267 
50 283 
50 295 
50 16 
50 78 
50 79 
50 6 
280 53 
280 53 
280 151 
161 295 
6 50 
78 161 
38 50 
161 284 
159 204 
159 204 
307 208 
295 161 
314 6 
130 25 
90 143 
90 230 
90 150 
90 97 
90 274 
90 183 
90 220 
90 306 
90 281 
90 258 
90 33 
90 264 
90 15 
90 39 
90 186 
90 23 
90 77 
90 48 
90 61 
90 262 
90 269 
90 98 
90 300 
90 75 
90 99 
90 93 
90 82 
90 199 
90 59 
159 204 
204 63 
278 242 
278 279 
204 317 
204 60 
204 159 
204 160 
204 222 
204 249 
204 103 
278 136 
204 318 
71 120 
90 274 
204 159 
50 38 
204 159 
80 51 
183 48 
80 291 
291 194 
48 90 
94 164 
48 183 
25 130 
151 280 
194 291 
80 40 
80 194 
279 7 
80 255 
120 71 
194 80 
26 30 
81 69 
26 223 
264 75 
90 48 
291 194 
26 81 
116 173 
90 99 
90 93 
90 75 
90 82 
90 199 
90 59 
90 143 
90 230 
90 150 
80 40 
230 232 
90 274 
40 291 
90 183 
90 220 
90 97 
90 306 
90 281 
90 258 
176 223 
90 33 
305 279 
40 80 
90 264 
90 15 
90 39 
24 252 
90 186 
90 23 
90 77 
152 28 
90 48 
90 262 
262 258 
90 269 
90 61 
90 98 
90 300 
50 267 
40 194 
49 135 
79 78 
151 280 
40 291 
161 267 
314 6 
6 314 
184 267 
40 80 
310 145 
108 241 
280 151 
186 143 
48 90 
184 310 
184 145 
145 161 
310 184 
145 267 
310 184 
80 194 
38 50 
80 255 
132 3 
132 284 
80 51 
280 151 
132 134 
7 279 
81 26 
183 90 
145 21 
80 40 
78 133 
78 310 
78 85 
25 130 
78 79 
78 231 
78 238 
78 6 
98 186 
78 38 
78 184 
228 47 
78 161 
78 240 
136 278 
78 284 
78 27 
78 283 
78 145 
130 25 
78 134 
40 80 
78 267 
78 50 
78 257 
78 112 
3 219 
78 2 
78 120 
26 81 
78 71 
78 3 
78 295 
78 132 
78 266 
256 18 
288 111 
288 273 
159 249 
279 135 
7 279 
279 242 
279 7 
279 278 
252 319 
249 159 
199 98 
