50 267 
26 280 
204 159 
231 132 
90 281 
262 74 
262 183 
262 300 
230 82 
280 26 
7 279 
238 132 
141 28 
238 284 
26 280 
242 279 
238 2 
26 28 
280 151 
238 16 
278 236 
90 99 
309 7 
254 200 
38 283 
189 279 
18 180 
194 80 
90 281 
82 230 
291 194 
7 279 
30 121 
204 63 
7 25 
7 263 
269 230 
278 116 
269 300 
242 193 
269 75 
279 7 
269 33 
90 258 
279 278 
11 175 
133 284 
269 274 
279 189 
279 13 
279 135 
279 299 
269 93 
279 252 
278 136 
279 242 
281 90 
299 108 
299 279 
90 281 
21 184 
26 176 
28 176 
221 24 
7 279 
278 173 
4 28 
114 94 
278 279 
145 21 
279 7 
7 114 
176 223 
45 270 
45 58 
45 52 
86 10 
45 144 
45 193 
45 83 
45 200 
45 254 
71 78 
230 90 
86 24 
228 278 
24 252 
45 207 
279 189 
77 281 
86 221 
7 279 
78 71 
230 306 
45 117 
108 299 
45 301 
173 116 
116 253 
228 278 
173 253 
116 173 
132 2 
13 279 
7 94 
299 202 
99 90 
230 97 
230 269 
230 306 
27 284 
230 59 
27 284 
53 280 
291 194 
132 71 
94 7 
194 291 
38 283 
20 252 
94 114 
306 230 
306 90 
45 301 
45 270 
45 58 
204 159 
45 52 
45 144 
45 193 
45 83 
45 200 
45 254 
45 207 
13 278 
58 162 
104 52 
13 242 
13 279 
145 21 
234 252 
28 9 
161 184 
183 230 
28 180 
28 30 
234 228 
28 256 
28 280 
318 249 
28 1 
28 195 
28 225 
306 230 
45 117 
28 141 
38 283 
28 208 
183 82 
28 307 
183 143 
28 191 
28 223 
183 150 
28 285 
28 53 
46 113 
27 284 
28 127 
28 4 
28 121 
28 298 
161 295 
28 18 
28 152 
183 281 
28 12 
28 176 
7 94 
183 33 
28 81 
28 26 
113 46 
28 64 
230 306 
28 174 
7 279 
21 145 
94 7 
53 298 
194 291 
24 131 
7 309 
223 28 
194 80 
299 301 
7 94 
269 274 
269 93 
269 230 
21 145 
269 300 
269 75 
269 33 
38 283 
314 284 
21 145 
63 222 
161 267 
116 253 
253 116 
193 200 
116 202 
116 173 
132 2 
222 204 
13 279 
222 63 
57 189 
2 132 
279 13 
279 299 
98 264 
145 21 
20 252 
209 299 
79 38 
79 161 
79 267 
90 143 
38 283 
204 222 
309 7 
90 98 
90 300 
200 193 
90 75 
90 99 
90 93 
90 82 
90 199 
90 143 
90 230 
90 150 
90 274 
7 309 
90 183 
90 220 
90 97 
90 74 
90 306 
90 281 
90 258 
90 33 
90 264 
90 15 
90 39 
90 186 
90 23 
90 77 
90 48 
90 262 
279 13 
238 16 
279 135 
279 299 
279 189 
16 284 
279 252 
279 234 
161 145 
16 238 
279 242 
238 284 
161 184 
2 284 
21 145 
145 184 
238 132 
145 21 
16 2 
279 7 
161 267 
16 132 
161 79 
238 2 
208 28 
299 200 
293 26 
116 173 
132 2 
299 135 
299 228 
21 145 
13 279 
145 21 
183 74 
299 108 
242 279 
299 279 
194 291 
161 284 
2 238 
25 139 
38 283 
194 80 
234 7 
2 16 
2 132 
234 278 
25 242 
234 13 
2 284 
279 242 
4 28 
13 234 
307 223 
45 117 
307 18 
298 53 
222 204 
250 241 
242 173 
132 134 
132 79 
132 311 
132 50 
132 257 
132 2 
200 254 
132 295 
132 240 
250 13 
13 234 
18 28 
173 242 
132 71 
132 16 
132 218 
132 133 
132 310 
2 284 
132 145 
250 228 
132 231 
132 78 
194 291 
132 238 
132 6 
132 85 
132 184 
132 38 
132 283 
132 3 
132 112 
132 284 
132 314 
132 27 
132 161 
132 120 
132 267 
204 222 
139 279 
132 266 
7 299 
7 189 
83 301 
7 13 
93 274 
7 135 
7 252 
104 52 
291 194 
7 242 
7 279 
199 90 
223 225 
7 25 
52 104 
194 291 
252 122 
112 284 
252 279 
242 114 
242 299 
114 242 
16 284 
16 238 
16 2 
16 132 
26 293 
