90 281 
90 258 
90 306 
90 264 
90 15 
90 39 
90 186 
90 33 
90 77 
135 252 
90 48 
90 23 
90 262 
90 269 
90 98 
57 116 
90 300 
94 279 
33 274 
90 99 
90 93 
90 75 
57 270 
90 82 
90 199 
90 143 
90 230 
90 150 
90 59 
90 274 
90 183 
90 220 
90 97 
90 74 
108 135 
204 317 
204 60 
204 159 
204 160 
204 222 
79 267 
204 249 
204 303 
204 103 
94 279 
204 318 
204 63 
204 318 
204 63 
279 117 
161 314 
204 317 
204 60 
132 184 
204 159 
204 160 
157 185 
132 120 
204 222 
204 303 
204 103 
204 249 
180 225 
194 40 
90 48 
204 249 
90 23 
242 228 
204 103 
208 180 
83 299 
90 98 
90 262 
86 252 
230 75 
204 318 
116 173 
90 269 
90 99 
90 93 
90 300 
202 116 
90 75 
204 63 
90 82 
21 145 
25 130 
90 143 
220 230 
90 150 
90 199 
90 59 
83 108 
204 60 
90 230 
90 183 
38 112 
90 97 
90 274 
204 317 
90 74 
253 173 
298 141 
90 220 
204 159 
176 223 
223 28 
90 306 
28 223 
116 253 
90 281 
204 160 
90 264 
90 258 
204 222 
90 186 
83 45 
90 33 
252 10 
90 15 
230 90 
204 303 
90 77 
90 39 
116 270 
176 223 
116 253 
94 299 
12 28 
262 74 
116 173 
225 180 
200 254 
94 108 
108 83 
94 279 
144 7 
81 142 
94 122 
21 145 
90 230 
145 21 
194 291 
108 299 
6 314 
45 301 
252 135 
161 284 
299 108 
161 120 
252 135 
24 252 
81 28 
132 134 
144 7 
278 279 
202 116 
144 7 
161 184 
25 130 
47 228 
134 231 
305 299 
83 241 
299 108 
250 242 
161 267 
132 184 
132 284 
132 120 
274 82 
231 134 
132 79 
281 186 
230 306 
199 186 
199 169 
199 183 
194 291 
281 150 
199 150 
93 230 
132 284 
262 90 
24 252 
262 183 
114 242 
88 82 
143 90 
230 33 
144 7 
230 274 
262 232 
141 298 
114 299 
38 50 
11 175 
144 7 
144 7 
304 228 
144 7 
50 38 
38 79 
38 78 
48 90 
38 161 
38 295 
38 267 
249 159 
38 6 
38 50 
38 283 
299 108 
299 83 
299 45 
299 228 
33 230 
90 48 
161 145 
94 108 
38 161 
38 295 
94 279 
161 184 
94 122 
38 267 
90 143 
38 50 
161 267 
38 283 
38 79 
38 78 
108 241 
2 132 
24 252 
45 299 
262 300 
262 74 
108 209 
252 215 
108 315 
21 145 
108 104 
90 274 
79 38 
277 130 
204 159 
93 230 
222 60 
189 279 
204 160 
40 80 
204 222 
277 315 
277 35 
204 303 
277 189 
204 249 
277 135 
204 103 
61 186 
204 318 
277 210 
277 57 
204 63 
277 241 
277 188 
277 65 
277 279 
277 139 
295 38 
277 170 
277 25 
277 117 
277 177 
204 317 
277 37 
204 60 
277 263 
90 143 
90 150 
90 199 
90 59 
90 230 
90 97 
90 274 
90 74 
90 183 
298 226 
90 220 
90 306 
90 281 
45 83 
90 258 
90 33 
90 264 
90 15 
230 90 
90 77 
90 39 
90 186 
90 48 
90 23 
199 186 
90 98 
90 262 
90 269 
90 99 
90 93 
90 300 
143 90 
90 75 
242 250 
90 82 
7 279 
309 7 
7 263 
223 28 
279 122 
53 280 
274 33 
204 249 
48 90 
86 252 
144 7 
3 284 
90 143 
314 184 
38 112 
38 314 
186 199 
28 307 
90 220 
90 97 
38 203 
28 191 
90 74 
90 306 
28 223 
90 281 
38 16 
90 258 
90 33 
28 4 
90 264 
38 133 
28 285 
28 53 
90 15 
38 310 
38 78 
28 298 
90 39 
38 132 
90 186 
38 85 
38 134 
28 152 
38 79 
38 311 
28 127 
28 12 
28 176 
90 23 
230 90 
90 77 
38 110 
38 257 
90 48 
38 184 
180 225 
28 251 
90 262 
281 90 
38 295 
28 81 
38 240 
28 26 
90 269 
38 284 
90 98 
28 174 
90 300 
38 161 
28 64 
28 9 
90 75 
90 99 
249 159 
28 180 
90 93 
38 120 
38 267 
38 238 
38 6 
90 82 
28 256 
38 115 
38 145 
21 145 
90 199 
28 280 
28 195 
90 59 
90 143 
28 30 
90 230 
90 150 
28 141 
38 283 
28 1 
28 208 
90 274 
38 50 
7 309 
90 183 
132 145 
132 78 
90 230 
132 85 
132 184 
194 291 
132 38 
132 120 
132 284 
132 27 
28 176 
262 183 
194 40 
132 79 
98 90 
116 173 
176 28 
144 7 
116 13 
204 159 
116 253 
108 94 
79 267 
11 138 
116 202 
242 173 
204 249 
7 279 
230 33 
279 7 
204 159 
159 249 
159 204 
252 215 
228 242 
241 83 
6 85 
78 161 
7 279 
306 59 
306 90 
306 97 
161 78 
145 3 
161 284 
161 267 
69 223 
204 159 
306 230 
204 317 
204 60 
204 159 
204 160 
40 80 
204 222 
90 186 
204 249 
204 303 
204 103 
230 75 
204 318 
204 63 
83 241 
80 255 
80 194 
79 161 
279 7 
204 159 
40 80 
79 267 
80 51 
164 304 
233 70 
279 228 
202 116 
3 145 
233 288 
116 253 
116 173 
200 52 
274 230 
7 309 
194 80 
200 58 
116 13 
262 183 
288 233 
250 272 
262 74 
250 279 
262 300 
269 230 
269 300 
145 3 
269 75 
269 33 
51 80 
128 202 
269 274 
242 173 
278 250 
269 93 
26 81 
81 26 
184 27 
183 74 
291 80 
40 80 
152 26 
26 152 
204 249 
230 97 
230 75 
116 57 
120 134 
230 33 
83 241 
230 274 
173 250 
3 145 
241 83 
204 159 
40 80 
45 270 
45 301 
45 193 
45 58 
45 200 
45 52 
45 254 
45 144 
45 83 
45 207 
279 228 
116 173 
230 274 
279 7 
250 242 
159 249 
80 51 
159 204 
80 40 
80 194 
80 255 
