90 199 
306 59 
199 90 
299 279 
28 53 
161 295 
262 183 
184 295 
279 242 
53 28 
161 184 
184 161 
108 250 
228 45 
50 38 
242 228 
278 136 
50 257 
21 145 
228 242 
204 159 
57 252 
280 53 
159 249 
86 252 
277 57 
21 145 
204 160 
204 222 
204 303 
204 249 
204 103 
204 318 
204 63 
21 145 
6 85 
145 21 
204 60 
204 317 
204 159 
204 159 
83 45 
25 57 
0 106 
82 183 
30 176 
83 299 
159 204 
83 228 
83 108 
83 304 
204 159 
83 45 
83 252 
83 301 
176 30 
57 116 
314 6 
50 38 
306 97 
278 136 
306 230 
306 90 
204 159 
161 295 
279 242 
202 116 
174 298 
298 174 
38 50 
279 228 
173 253 
283 50 
45 117 
295 184 
38 50 
295 161 
86 10 
7 144 
204 159 
117 45 
83 45 
202 116 
7 263 
16 2 
16 3 
2 238 
16 132 
2 16 
3 16 
2 132 
204 303 
16 284 
16 238 
116 173 
200 254 
200 52 
90 300 
21 145 
90 143 
204 159 
86 10 
174 28 
279 242 
21 145 
6 314 
145 295 
7 135 
7 242 
7 279 
202 116 
145 161 
161 267 
161 79 
13 278 
255 80 
16 284 
161 145 
161 184 
221 86 
255 80 
300 42 
221 252 
7 263 
7 301 
278 13 
173 253 
173 116 
90 281 
83 252 
83 301 
299 83 
238 16 
83 299 
83 228 
238 284 
101 117 
38 50 
83 108 
83 304 
90 281 
83 45 
128 202 
202 116 
252 83 
4 28 
3 145 
3 267 
279 7 
45 52 
83 252 
52 45 
278 136 
159 204 
174 28 
53 174 
252 83 
306 97 
45 52 
176 223 
83 252 
90 258 
90 186 
90 33 
90 15 
90 77 
90 39 
238 16 
45 299 
53 280 
90 48 
90 23 
90 61 
90 98 
90 262 
90 269 
90 99 
90 93 
90 300 
90 75 
90 82 
238 132 
90 143 
90 150 
90 199 
90 59 
90 230 
90 183 
90 97 
90 274 
90 74 
23 42 
90 220 
238 2 
90 306 
90 281 
90 264 
90 97 
90 274 
160 103 
90 183 
160 249 
90 220 
90 74 
90 306 
202 299 
90 281 
90 258 
280 53 
83 45 
90 33 
83 252 
160 318 
90 264 
90 15 
160 63 
90 77 
90 39 
90 186 
53 280 
90 23 
90 48 
90 61 
90 98 
90 262 
281 90 
90 269 
160 317 
160 60 
279 242 
90 93 
90 300 
160 159 
90 75 
90 99 
90 82 
90 143 
90 199 
160 222 
90 59 
90 230 
160 204 
90 150 
16 2 
173 116 
16 132 
252 221 
242 279 
299 202 
204 159 
223 176 
280 53 
53 280 
252 86 
279 228 
173 253 
16 238 
242 7 
12 1 
21 314 
242 279 
314 21 
314 284 
242 135 
299 45 
250 200 
86 252 
21 145 
4 12 
157 155 
157 185 
81 28 
21 145 
145 161 
145 21 
145 3 
145 295 
53 280 
191 256 
21 145 
21 145 
