79 161 
79 50 
50 79 
79 161 
0 259 
145 21 
228 104 
314 6 
13 279 
310 120 
299 279 
161 266 
161 120 
90 75 
90 82 
90 199 
90 143 
90 230 
90 150 
90 274 
90 183 
90 220 
90 97 
90 74 
90 306 
90 281 
90 258 
90 33 
90 264 
90 15 
90 39 
90 186 
90 88 
90 23 
90 77 
90 48 
90 262 
90 98 
90 300 
90 99 
90 93 
90 258 
53 280 
83 158 
120 310 
194 80 
280 53 
120 161 
194 40 
158 83 
194 291 
254 200 
158 304 
158 189 
158 305 
145 21 
318 317 
161 120 
158 242 
204 159 
158 279 
299 301 
158 299 
33 274 
158 228 
159 204 
200 254 
204 103 
81 12 
38 161 
204 318 
204 63 
21 145 
230 274 
204 317 
204 60 
204 159 
145 79 
310 120 
204 222 
93 274 
53 280 
28 176 
204 249 
108 202 
161 145 
53 127 
161 284 
120 310 
310 120 
255 51 
161 267 
202 128 
310 120 
116 253 
238 266 
298 28 
116 202 
116 173 
161 78 
202 116 
230 33 
18 28 
223 225 
307 223 
230 274 
145 161 
254 200 
225 9 
78 161 
278 309 
143 232 
28 18 
180 225 
180 152 
225 180 
9 225 
159 204 
202 116 
281 90 
120 310 
299 202 
267 161 
81 223 
116 202 
310 120 
7 279 
7 250 
253 278 
78 161 
120 310 
7 158 
225 163 
225 152 
310 120 
225 208 
314 284 
225 26 
225 307 
158 7 
225 191 
225 298 
225 18 
225 127 
225 256 
225 1 
225 9 
200 254 
50 38 
50 184 
161 78 
161 85 
161 50 
161 284 
161 283 
161 267 
161 79 
161 38 
161 295 
161 16 
161 78 
79 145 
