50 79 
79 50 
50 161 
161 50 
50 79 
161 79 
40 194 
90 61 
90 98 
90 262 
90 269 
90 99 
90 93 
90 300 
90 75 
90 82 
90 199 
90 143 
90 230 
90 150 
40 291 
90 183 
90 220 
90 97 
90 274 
90 281 
90 306 
40 80 
90 264 
90 258 
90 186 
90 33 
90 15 
90 77 
90 39 
90 169 
90 48 
90 23 
50 161 
291 40 
50 79 
250 312 
90 306 
291 80 
116 299 
273 70 
159 204 
133 132 
273 233 
158 250 
273 276 
127 307 
254 200 
161 283 
57 35 
204 159 
254 58 
283 161 
81 28 
248 107 
202 116 
7 279 
230 82 
159 204 
2 145 
35 57 
28 307 
204 244 
18 180 
299 116 
40 80 
26 28 
279 104 
3 79 
279 234 
279 228 
234 279 
28 26 
28 4 
28 176 
26 28 
28 121 
283 161 
28 18 
120 137 
28 12 
204 249 
204 103 
28 81 
28 26 
79 3 
28 64 
204 318 
28 180 
204 87 
28 9 
30 26 
204 63 
300 33 
28 30 
28 256 
204 248 
28 280 
28 1 
161 283 
204 60 
78 161 
307 127 
28 69 
28 208 
204 317 
161 79 
28 307 
204 244 
204 159 
28 223 
204 160 
204 222 
28 127 
204 159 
132 266 
223 81 
161 145 
3 184 
176 28 
204 63 
161 267 
35 25 
161 120 
80 40 
184 3 
78 161 
87 204 
194 80 
176 223 
18 180 
161 78 
204 63 
204 87 
307 223 
82 258 
41 93 
21 145 
41 75 
41 300 
220 90 
295 38 
41 230 
204 159 
41 274 
40 80 
26 28 
81 223 
223 81 
41 33 
28 26 
48 90 
87 222 
279 228 
279 118 
116 173 
87 244 
279 304 
80 255 
80 194 
87 63 
180 18 
279 253 
87 248 
176 223 
116 253 
40 80 
80 51 
18 180 
120 161 
298 53 
49 228 
25 130 
298 174 
21 145 
81 223 
159 204 
82 39 
132 284 
7 279 
86 228 
7 279 
279 7 
78 161 
26 28 
120 161 
145 21 
161 267 
161 50 
50 161 
90 220 
90 48 
277 25 
173 116 
250 158 
78 161 
90 306 
204 249 
161 78 
173 253 
204 103 
230 82 
120 134 
318 204 
2 284 
230 274 
80 255 
80 194 
103 249 
132 284 
80 51 
2 132 
216 233 
204 249 
180 26 
41 274 
176 223 
204 222 
50 161 
274 33 
41 33 
204 103 
200 270 
200 45 
204 249 
200 301 
279 228 
173 253 
7 279 
204 87 
200 254 
200 52 
204 318 
200 193 
161 50 
200 83 
204 63 
41 93 
41 75 
41 300 
204 248 
173 116 
228 49 
204 317 
41 230 
204 60 
204 244 
204 159 
200 58 
50 79 
204 160 
83 193 
83 200 
120 132 
306 90 
258 90 
298 141 
83 270 
204 159 
83 45 
83 301 
132 284 
132 266 
83 58 
274 33 
83 52 
83 254 
83 144 
242 173 
279 135 
132 134 
222 204 
33 274 
279 242 
132 133 
299 252 
173 242 
158 250 
132 231 
88 258 
132 85 
88 258 
180 18 
187 293 
150 88 
90 258 
159 249 
81 28 
242 173 
291 194 
88 82 
90 269 
116 202 
204 318 
279 242 
90 274 
274 90 
204 244 
191 208 
13 278 
255 80 
88 82 
230 306 
49 228 
145 50 
145 21 
90 274 
194 80 
204 159 
51 80 
80 51 
274 33 
204 87 
220 230 
87 204 
35 25 
13 278 
274 33 
252 279 
300 183 
278 13 
279 252 
279 228 
159 204 
144 7 
127 307 
280 53 
158 279 
11 175 
120 161 
279 252 
7 279 
25 35 
25 135 
25 57 
221 86 
25 277 
208 307 
145 21 
21 145 
161 38 
161 50 
161 284 
161 120 
50 161 
161 184 
161 267 
161 295 
204 318 
3 50 
28 256 
28 280 
28 1 
101 117 
78 161 
161 267 
28 208 
28 307 
204 159 
28 223 
233 273 
28 127 
28 4 
159 249 
28 121 
28 18 
28 176 
28 81 
28 26 
279 252 
28 64 
33 274 
159 204 
28 9 
28 180 
28 30 
50 3 
176 28 
204 63 
75 59 
90 143 
194 291 
26 280 
258 90 
204 159 
90 258 
258 82 
258 88 
291 194 
63 204 
184 240 
194 40 
161 295 
159 204 
251 28 
254 200 
194 291 
103 63 
78 161 
103 87 
204 159 
132 3 
26 28 
159 249 
280 28 
161 295 
81 28 
202 116 
293 187 
80 40 
159 318 
295 161 
204 159 
180 18 
295 161 
26 280 
3 50 
204 159 
27 284 
208 307 
7 279 
7 279 
161 145 
28 174 
28 64 
28 9 
28 180 
28 187 
28 30 
50 3 
28 256 
80 40 
28 280 
28 1 
28 195 
28 225 
40 291 
232 33 
28 141 
161 267 
28 69 
28 293 
28 208 
3 50 
28 307 
28 191 
28 223 
28 285 
28 53 
291 80 
40 80 
28 4 
28 298 
3 132 
28 18 
28 152 
28 127 
28 12 
28 176 
262 74 
28 121 
202 272 
80 291 
28 26 
28 251 
28 81 
40 194 
82 274 
159 204 
87 244 
80 40 
40 291 
204 159 
267 161 
33 232 
40 80 
28 285 
33 300 
274 82 
208 191 
208 26 
80 291 
33 230 
33 274 
230 274 
278 202 
279 7 
274 183 
132 284 
230 93 
159 249 
230 300 
225 28 
230 33 
254 200 
230 274 
249 159 
223 225 
78 161 
7 279 
80 51 
80 291 
80 40 
80 194 
80 255 
7 144 
26 280 
252 279 
280 26 
252 234 
280 26 
26 280 
145 267 
280 26 
