443 144 
1064 1163 
1885 280 
22 846 
419 1666 
1939 1761 
293 1163 
160 50 
105 3263 
1064 660 
174 1163 
293 440 
631 1259 
660 412 
157 537 
74 1553 
1064 1509 
155 1163 
1064 272 
515 157 
515 607 
1064 36 
338 464 
1885 2988 
443 440 
1064 4824 
1064 454 
1545 956 
304 1666 
74 16 
443 4824 
3930 4738 
11 3943 
443 193 
319 326 
342 2550 
48 913 
11 4731 
4580 4602 
577 1766 
104 321 
11 504 
1545 2749 
61 1392 
579 4951 
104 3185 
160 3901 
902 59 
454 4235 
289 4216 
48 4971 
1761 1762 
11 1762 
382 848 
3689 94 
335 454 
464 4235 
321 53 
727 1940 
452 3604 
5 3333 
3273 1556 
1596 3960 
379 656 
363 656 
100 1689 
397 2257 
1796 59 
53 4216 
110 4835 
76 1621 
3960 2127 
59 1681 
319 356 
577 4643 
606 53 
2127 16 
71 363 
186 3759 
53 1914 
374 69 
464 440 
515 2988 
9 3764 
11 1192 
16 2075 
464 3060 
3875 788 
842 293 
110 2726 
842 670 
3911 969 
30 374 
452 4553 
266 1033 
321 2002 
158 3875 
412 3604 
160 660 
3399 2962 
986 3123 
4411 2198 
186 1033 
36 2988 
452 3788 
477 1033 
387 2560 
1638 715 
155 2560 
1088 2560 
18 2560 
1146 2560 
412 3310 
1833 24 
524 2560 
266 1023 
158 1078 
5 2560 
579 2328 
76 2560 
1077 2560 
524 2636 
579 1190 
2017 2328 
135 2560 
78 1287 
245 315 
503 791 
104 4777 
243 4280 
452 158 
3636 1620 
884 1033 
453 452 
1939 1033 
186 791 
266 902 
579 2805 
177 1033 
842 622 
266 791 
958 2104 
126 4559 
18 978 
321 2442 
266 1287 
794 234 
321 1116 
631 2442 
412 616 
375 1116 
18 3037 
53 355 
110 1100 
188 1116 
454 728 
3160 234 
1547 234 
2993 1347 
155 2442 
11 1737 
5 3037 
155 234 
248 1033 
622 4144 
155 53 
901 557 
842 319 
419 843 
579 3103 
294 3468 
2019 2912 
155 832 
1547 4357 
53 1641 
237 1642 
448 1827 
615 785 
48 397 
105 3273 
375 362 
338 3273 
104 3273 
631 232 
419 4098 
237 4228 
524 232 
464 3273 
18 3273 
5 232 
155 581 
579 471 
44 4098 
477 468 
11 1737 
375 414 
76 232 
452 1572 
4302 2564 
75 3273 
615 209 
820 821 
5 3273 
69 265 
375 16 
155 232 
266 232 
234 232 
375 2278 
375 1248 
375 1285 
321 232 
884 847 
375 232 
1833 3273 
375 1261 
26 3273 
64 2638 
727 3273 
654 1833 
16 3273 
266 3273 
397 2759 
155 4776 
5 4776 
2606 3724 
1608 4776 
727 2805 
2157 2877 
424 3273 
915 2266 
2563 177 
615 3927 
1264 2752 
615 209 
401 69 
335 1033 
4252 4253 
1146 4776 
908 3004 
524 4776 
177 2563 
160 946 
3855 3856 
16 946 
323 946 
177 2325 
338 946 
266 946 
170 1833 
3552 1423 
11 4318 
1159 562 
18 946 
268 946 
150 946 
454 946 
117 946 
67 2659 
865 946 
946 112 
155 946 
3880 424 
5 946 
727 946 
1264 946 
105 946 
1374 2877 
2017 4951 
53 3727 
174 946 
1375 1374 
873 946 
221 1114 
22 2057 
701 55 
2778 708 
708 686 
1374 701 
11 849 
727 878 
155 946 
220 294 
220 2751 
2017 2954 
18 833 
727 588 
579 659 
319 381 
820 296 
3249 477 
617 3854 
902 584 
220 250 
518 324 
579 2954 
3854 220 
220 232 
2584 3976 
2973 629 
69 3097 
174 3097 
18 3097 
16 3097 
323 3097 
718 975 
6 3097 
117 3097 
75 818 
1542 260 
629 381 
86 3097 
69 4515 
1146 1608 
2017 2450 
477 2450 
2783 1542 
69 410 
2238 4679 
4679 2238 
2238 138 
248 1010 
727 1542 
106 1033 
272 312 
140 1261 
65 174 
321 936 
454 936 
382 936 
2581 260 
188 936 
701 2157 
314 4149 
727 936 
260 485 
319 485 
842 2389 
842 2389 
727 2278 
727 17 
1646 2272 
727 1248 
104 4570 
727 1681 
321 3642 
727 3189 
727 1477 
2085 4516 
321 1163 
727 331 
727 4910 
727 160 
104 874 
18 659 
248 711 
104 711 
71 711 
104 321 
104 1547 
104 2187 
321 1268 
382 711 
