325 326 
239 1666 
1666 1746 
325 18 
304 112 
4838 1666 
2973 584 
325 78 
375 3049 
36 641 
304 588 
144 1340 
325 543 
510 622 
304 1406 
76 186 
325 69 
314 606 
1624 260 
234 2374 
304 810 
304 299 
325 1261 
1252 901 
304 183 
325 53 
307 1523 
325 175 
454 3049 
304 855 
325 1756 
325 1761 
325 933 
117 3049 
304 40 
631 3049 
325 1281 
325 306 
96 1175 
304 126 
96 2127 
325 125 
325 783 
325 2301 
304 358 
375 186 
3216 3794 
325 34 
96 3518 
304 1920 
304 37 
237 590 
5 3049 
105 3049 
155 1252 
785 3237 
325 1634 
304 1624 
76 325 
325 6 
144 1340 
325 581 
325 874 
325 155 
234 2374 
76 3049 
325 42 
325 158 
325 3178 
304 2698 
5 2095 
304 412 
325 74 
325 234 
