74 1226 
160 933 
26 2625 
429 69 
140 327 
1885 105 
160 26 
266 588 
3241 4952 
2290 133 
222 26 
26 2080 
1064 1094 
26 499 
379 852 
319 588 
26 537 
1064 4425 
1064 102 
26 2374 
415 588 
20 160 
1064 133 
75 588 
1064 1427 
1064 280 
363 3694 
26 258 
6 852 
100 777 
26 2571 
588 26 
188 2510 
280 3074 
443 588 
1064 4235 
1064 395 
631 2741 
194 174 
524 1833 
1369 582 
338 582 
193 1559 
104 1559 
524 315 
3846 2792 
194 1999 
194 530 
524 5 
194 2898 
524 1281 
524 104 
194 977 
524 245 
524 105 
356 582 
524 26 
808 809 
194 4235 
524 319 
1939 477 
524 1149 
363 582 
865 2443 
338 2741 
901 226 
323 582 
524 64 
643 757 
727 2443 
524 582 
40 1559 
181 110 
155 1559 
524 1047 
321 2741 
194 1385 
1939 1559 
42 1215 
174 1559 
582 327 
524 324 
194 1624 
232 1385 
864 2741 
64 104 
177 50 
188 3214 
188 3648 
548 2342 
321 2102 
188 1178 
188 3356 
454 2237 
188 4755 
503 2342 
160 2342 
1509 69 
188 1119 
363 3905 
48 4474 
250 122 
727 2342 
76 520 
1509 289 
1939 2342 
1953 1230 
382 1013 
106 125 
459 958 
1135 1134 
3282 1707 
1707 1473 
503 1385 
1134 1426 
1426 3674 
1939 875 
104 875 
321 875 
177 3062 
50 2562 
1637 2562 
887 11 
441 2342 
4374 452 
61 464 
643 313 
452 314 
1617 313 
1623 477 
3264 158 
631 1207 
1040 1926 
94 4158 
138 9 
452 477 
248 536 
387 1927 
1406 632 
1140 1192 
104 61 
2930 232 
1140 4110 
18 1927 
2908 2266 
119 1406 
1146 1927 
2930 1423 
1140 26 
1140 9 
452 53 
71 977 
1140 16 
2160 2333 
1140 48 
5 3338 
1623 452 
579 3338 
48 1040 
382 61 
2266 915 
158 3338 
944 915 
264 480 
160 2955 
842 622 
579 4620 
1264 750 
382 121 
160 480 
222 57 
443 716 
323 750 
441 584 
716 3367 
266 950 
464 950 
40 1369 
268 950 
188 950 
865 323 
524 950 
40 950 
155 950 
61 3639 
454 1369 
530 950 
454 950 
155 1369 
237 3254 
266 1369 
177 323 
1264 950 
75 822 
53 611 
117 3550 
53 1973 
53 3497 
53 65 
855 856 
53 2329 
237 183 
5 881 
46 3099 
53 2434 
2792 2405 
188 4411 
158 579 
356 1776 
397 1978 
441 1951 
441 951 
319 951 
865 234 
3527 2564 
106 67 
69 2106 
655 1978 
332 1978 
104 234 
188 1077 
188 951 
1092 1978 
865 523 
40 523 
160 523 
363 523 
884 1761 
222 299 
727 523 
865 1761 
441 66 
649 1712 
464 523 
1077 3274 
1712 1449 
321 499 
464 499 
579 4916 
1913 304 
18 4916 
865 499 
237 4916 
499 256 
6 523 
158 590 
222 523 
335 6 
304 884 
188 523 
727 499 
4158 314 
232 1338 
1532 2662 
842 573 
727 1280 
727 848 
1338 1763 
1532 828 
177 42 
842 1885 
524 950 
842 221 
842 2544 
727 3074 
5 3358 
4158 395 
842 174 
321 658 
579 2622 
4010 2079 
727 1832 
454 950 
3527 4246 
237 1018 
4302 4246 
464 294 
524 1268 
518 3178 
524 681 
579 4228 
1077 314 
1077 55 
155 523 
579 681 
177 3692 
321 548 
266 1562 
2672 3254 
332 429 
327 548 
654 64 
2286 2287 
1939 192 
865 950 
232 707 
155 548 
160 356 
579 3254 
1473 173 
1265 260 
3211 1040 
1634 317 
181 59 
130 4344 
248 222 
26 3432 
1637 2106 
1189 222 
53 4780 
1791 2223 
3316 1791 
170 78 
42 2127 
443 1637 
323 642 
424 2620 
18 135 
160 2620 
71 503 
1265 779 
454 233 
454 3015 
155 1885 
454 1525 
319 436 
280 2308 
160 2751 
524 2442 
842 225 
