588 728 
110 971 
9 3735 
69 611 
1735 993 
220 232 
1064 986 
480 192 
1092 4801 
151 11 
727 1256 
1064 48 
719 3703 
9 2231 
11 1869 
3854 220 
74 1562 
1064 171 
155 1256 
454 729 
260 16 
1064 1116 
119 1116 
100 3594 
1252 2218 
188 759 
220 294 
660 319 
1735 4522 
46 719 
1064 441 
281 16 
248 631 
631 1693 
575 98 
338 729 
579 2654 
103 3703 
3703 4427 
727 494 
220 617 
1064 1688 
110 3868 
3023 1116 
480 53 
264 719 
260 338 
477 790 
71 1116 
75 790 
233 1116 
260 4252 
64 1256 
260 1666 
260 966 
479 9 
233 1256 
260 688 
71 1256 
260 755 
548 3089 
155 2729 
382 1116 
61 2729 
1198 53 
260 1790 
69 724 
260 16 
155 551 
548 551 
222 2729 
245 1256 
1547 217 
260 928 
260 324 
1692 2544 
314 1180 
415 719 
173 1999 
160 2729 
655 1999 
3941 719 
443 719 
865 2544 
1547 324 
718 360 
1999 69 
3253 1912 
319 1120 
718 4908 
548 2544 
379 1092 
140 1338 
2900 16 
1370 1412 
248 1189 
78 590 
3069 884 
264 2251 
615 590 
565 822 
464 1189 
3393 3394 
104 382 
69 3665 
503 1189 
518 1256 
451 222 
75 1189 
266 590 
548 590 
3394 3207 
3069 958 
727 1866 
548 1866 
2662 4904 
222 1189 
1617 1920 
338 1866 
901 1492 
186 324 
321 1866 
643 1256 
382 1189 
188 1492 
727 382 
1833 1256 
865 1866 
192 849 
901 1094 
2662 3800 
415 2254 
2613 3800 
75 391 
75 26 
237 3349 
2662 1898 
424 255 
398 499 
18 3589 
50 121 
9 4201 
186 328 
884 119 
1744 1745 
3349 155 
379 61 
13 3589 
548 849 
121 1520 
910 1994 
324 779 
104 26 
3349 5 
842 3407 
234 3589 
26 689 
1833 324 
1939 836 
26 187 
321 476 
233 842 
727 187 
233 1677 
375 1677 
64 187 
76 836 
64 735 
64 1657 
338 3589 
250 4711 
16 3589 
188 395 
232 375 
233 1613 
71 777 
233 187 
233 266 
76 936 
64 24 
1979 69 
59 104 
104 334 
233 1023 
104 2493 
71 187 
375 777 
1939 2493 
233 24 
64 842 
375 1613 
18 3589 
64 325 
160 2666 
375 334 
314 4582 
1939 1940 
64 2740 
375 4461 
375 395 
375 1023 
59 187 
233 325 
465 2666 
631 334 
375 951 
234 395 
375 325 
454 513 
13 2666 
865 1542 
233 1657 
64 1677 
375 345 
69 4582 
188 513 
76 334 
233 646 
26 3589 
2666 69 
375 2925 
465 299 
1735 2964 
1542 241 
641 3451 
4188 664 
3589 3590 
1748 9 
69 3215 
184 174 
22 83 
65 590 
1748 1542 
53 1497 
1748 110 
1748 177 
26 1114 
42 3410 
250 3221 
1542 468 
1748 958 
304 1256 
1748 69 
1748 22 
1748 314 
1748 260 
65 174 
631 334 
670 2421 
1391 220 
155 221 
855 3731 
289 3201 
209 3986 
1085 338 
3201 2066 
155 343 
884 1085 
395 3731 
1085 69 
69 2905 
118 1085 
2012 314 
785 3301 
158 1085 
144 342 
643 443 
643 503 
643 405 
643 2417 
397 398 
643 320 
3273 543 
643 2960 
643 1559 
643 382 
643 232 
643 1108 
643 900 
464 643 
643 1541 
375 643 
454 1832 
2017 1642 
588 1085 
643 548 
266 727 
515 3074 
643 280 
643 651 
464 1085 
9 2745 
643 1085 
643 596 
766 350 
643 4029 
338 643 
588 643 
643 2919 
588 727 
548 643 
643 316 
643 884 
643 1976 
643 269 
643 1268 
631 643 
643 525 
18 1085 
643 410 
643 440 
454 622 
643 3214 
643 1043 
643 3648 
3023 643 
643 472 
643 581 
766 59 
59 3023 
643 294 
643 160 
643 37 
643 795 
643 161 
643 1692 
643 1624 
643 515 
159 76 
643 796 
188 1085 
643 1601 
643 339 
148 727 
643 284 
865 3074 
579 1224 
75 643 
643 89 
186 1085 
266 4140 
865 727 
643 724 
59 643 
177 727 
42 331 
643 237 
186 727 
865 643 
643 42 
643 328 
1615 2456 
266 4411 
579 1642 
363 727 
3074 4140 
643 738 
643 1226 
104 643 
266 1620 
5 1642 
643 141 
1939 643 
1542 232 
71 643 
643 1033 
643 2611 
643 148 
454 477 
643 3356 
248 1761 
4971 1646 
643 1064 
643 313 
159 18 
244 2751 
9 2408 
338 3589 
3023 266 
375 1939 
76 331 
71 266 
188 4745 
3854 719 
865 4745 
155 4745 
338 331 
443 727 
319 727 
454 1939 
579 1715 
382 1939 
159 874 
464 4745 
4445 2180 
188 1939 
518 26 
335 266 
104 1939 
321 1939 
135 700 
631 2402 
387 700 
117 2752 
40 3971 
40 2764 
40 3654 
40 1038 
188 2752 
225 3238 
158 700 
40 1624 
338 2752 
40 2765 
40 1020 
40 2740 
40 880 
126 4391 
40 2515 
105 2752 
51 11 
40 3290 
40 1345 
454 1207 
901 477 
382 658 
40 1950 
865 548 
865 2268 
1088 700 
40 1097 
40 3639 
464 2752 
40 2389 
5 1297 
40 2420 
5 700 
40 1428 
40 4915 
40 19 
2856 874 
177 62 
315 874 
18 700 
5 738 
40 2782 
588 62 
464 1207 
2856 315 
1146 700 
75 1085 
40 3248 
40 2797 
2504 1819 
40 4479 
40 41 
40 699 
524 700 
155 700 
96 2504 
76 159 
160 559 
3697 69 
350 1390 
5 295 
874 69 
188 41 
225 1297 
321 1502 
477 159 
175 321 
61 559 
579 4004 
878 2672 
18 4004 
874 11 
189 1297 
188 551 
1951 4004 
174 321 
78 1085 
338 275 
104 3653 
76 395 
454 1681 
117 1085 
338 655 
40 3808 
1040 3033 
2017 700 
266 321 
579 2532 
363 655 
78 1624 
186 395 
237 4004 
548 1085 
454 331 
1634 53 
105 626 
327 626 
424 559 
78 626 
266 658 
579 700 
382 321 
579 159 
327 1297 
1833 3675 
2003 2543 
26 1297 
155 658 
412 2233 
329 879 
879 367 
3214 1542 
464 2698 
314 3746 
879 3891 
61 602 
18 2735 
321 395 
26 626 
321 1207 
548 75 
148 120 
584 585 
78 879 
3214 160 
879 16 
42 1559 
175 879 
375 1634 
11 2458 
3214 424 
313 3033 
220 1604 
321 441 
879 78 
5 2735 
579 2735 
117 879 
2233 2158 
631 658 
18 2197 
234 1634 
443 823 
524 658 
548 848 
879 3214 
338 879 
16 879 
266 879 
3214 933 
76 1634 
3214 306 
3214 74 
321 848 
65 777 
38 3830 
464 879 
548 266 
524 3972 
548 126 
335 879 
503 848 
174 3214 
3516 211 
548 78 
879 2925 
3214 186 
503 879 
879 548 
3214 16 
16 1085 
3214 266 
4271 3172 
335 879 
78 3214 
186 1108 
727 1108 
548 1108 
424 173 
443 1108 
170 67 
158 4004 
615 3986 
579 352 
117 1502 
65 3214 
237 785 
443 3214 
865 1108 
9 1157 
3214 424 
503 1178 
842 3214 
503 3214 
3876 656 
503 434 
266 1207 
5 395 
61 1108 
3876 59 
879 3214 
3876 11 
884 1108 
293 1108 
76 759 
656 9 
2017 352 
222 590 
155 3828 
617 2582 
18 4004 
104 878 
266 878 
280 590 
75 735 
1059 735 
464 3828 
2554 397 
3771 1391 
524 2600 
65 735 
524 3948 
2787 2582 
524 76 
3446 2582 
524 53 
524 4004 
332 993 
2502 18 
177 901 
865 3365 
524 3365 
2200 11 
105 590 
524 1018 
515 590 
524 701 
245 324 
524 818 
524 670 
3571 719 
104 3828 
727 1703 
260 2826 
321 3828 
321 188 
104 3189 
579 878 
524 2056 
524 2654 
656 260 
86 433 
18 2200 
419 2582 
186 20 
524 1375 
2200 69 
2017 4004 
454 878 
314 3675 
2672 878 
524 785 
524 188 
418 2582 
2100 2582 
727 3828 
1939 724 
524 615 
1508 975 
319 724 
188 847 
319 4809 
338 267 
26 2729 
503 4809 
69 841 
451 1227 
237 2600 
48 232 
326 3316 
2787 4780 
1395 232 
319 2224 
2576 4780 
18 559 
3446 4780 
53 4780 
319 6 
319 1818 
11 2615 
319 959 
11 4342 
1448 4183 
40 559 
319 89 
443 2127 
419 4780 
319 523 
319 3451 
418 4780 
2100 4780 
177 338 
319 343 
617 4780 
1136 53 
2017 324 
71 3752 
233 3752 
1833 1038 
631 646 
3446 449 
379 1032 
865 1034 
548 1034 
2787 449 
418 449 
155 646 
69 1034 
321 1034 
2100 449 
617 449 
64 3752 
842 1034 
2281 436 
319 221 
40 4235 
3211 55 
18 800 
319 74 
1891 1892 
319 140 
42 2620 
4655 3055 
617 220 
44 1605 
2145 2586 
548 724 
335 174 
1547 424 
727 424 
177 238 
3064 1953 
71 4235 
177 1556 
304 2375 
177 391 
160 424 
177 144 
148 424 
4922 69 
594 2576 
266 174 
536 1637 
536 9 
503 1545 
1953 536 
536 110 
903 424 
727 174 
65 424 
718 4922 
631 2240 
524 800 
186 173 
237 1085 
524 1302 
727 950 
51 69 
420 38 
382 2240 
78 1085 
420 459 
701 702 
155 2240 
503 548 
314 1657 
69 4580 
104 266 
842 477 
420 1780 
464 2240 
304 266 
466 173 
140 715 
842 654 
4265 4266 
842 1688 
727 119 
177 46 
1374 1375 
69 4473 
71 724 
1375 159 
250 2931 
266 3360 
375 174 
64 513 
375 157 
3527 2555 
715 306 
71 513 
248 174 
64 1620 
708 3107 
248 266 
64 157 
89 513 
59 513 
901 174 
71 157 
326 1484 
503 350 
643 1620 
233 513 
59 157 
2745 2746 
