16 1062 
2010 956 
280 4461 
779 4810 
53 3376 
22 1025 
74 1435 
2010 11 
3584 324 
1545 823 
74 3510 
1064 1978 
1062 1545 
2010 173 
103 2887 
74 877 
74 1634 
74 757 
919 1666 
1064 1441 
1062 69 
1064 588 
110 1973 
1064 803 
46 160 
1885 1634 
1064 2011 
454 3060 
160 1259 
548 3060 
173 233 
1508 718 
188 3060 
155 3060 
266 3060 
443 3060 
175 3060 
520 2737 
2738 2737 
321 3060 
806 928 
1833 718 
50 771 
245 1657 
64 718 
865 3060 
524 3060 
321 2741 
186 3060 
50 848 
78 3060 
901 6 
174 3060 
1657 304 
2274 53 
5 1231 
4411 260 
2003 3435 
1791 1563 
18 1231 
3310 1573 
379 848 
106 1094 
379 380 
2978 11 
3854 103 
332 4891 
4507 4508 
1092 53 
410 524 
4801 1092 
617 2889 
9 4065 
969 243 
4040 2978 
577 1423 
188 1043 
181 11 
410 26 
335 3060 
9 1211 
842 454 
3207 301 
3435 2003 
611 100 
611 53 
441 156 
4782 4411 
4782 59 
588 503 
2003 1897 
2203 2202 
985 2293 
100 374 
1545 16 
735 269 
26 374 
477 978 
3013 4688 
1545 1450 
382 412 
36 711 
50 374 
335 188 
438 827 
443 374 
264 374 
104 412 
61 2740 
2202 2203 
26 2740 
3044 3119 
2737 2738 
260 735 
16 3531 
503 412 
1420 374 
266 2740 
715 374 
312 374 
76 2011 
188 1259 
454 2011 
382 2011 
117 2011 
338 2003 
155 2011 
727 2011 
234 2011 
884 1790 
338 2011 
16 2011 
266 2011 
443 694 
834 234 
18 2003 
105 2011 
565 1917 
1259 16 
464 2011 
26 1790 
375 2011 
18 2011 
65 1790 
188 2011 
524 2011 
631 2011 
100 958 
5 2011 
117 2740 
588 381 
1939 557 
884 4568 
53 2611 
209 4724 
727 557 
643 1116 
266 557 
294 275 
321 557 
715 16 
1939 686 
902 1799 
454 557 
2502 4568 
382 557 
232 694 
188 557 
1940 2744 
16 715 
18 4620 
912 779 
321 2011 
50 174 
18 4737 
1146 4737 
321 698 
631 2011 
174 1541 
234 472 
155 4737 
192 327 
5 3882 
1088 4737 
579 3882 
135 4737 
294 174 
387 4737 
186 1696 
1423 2286 
11 1696 
30 419 
155 1696 
266 1696 
548 1696 
237 3882 
443 1696 
548 4692 
104 331 
94 2001 
175 1696 
1799 902 
579 4737 
382 1949 
148 321 
237 1101 
177 588 
11 755 
76 4737 
3531 2242 
174 3639 
643 1587 
160 626 
321 2988 
71 1587 
319 795 
466 2083 
503 1441 
1684 294 
174 2242 
503 588 
71 367 
1684 260 
395 260 
727 626 
11 7 
842 74 
2389 1385 
234 1962 
464 1435 
155 548 
806 644 
443 1047 
177 55 
510 1104 
454 3074 
356 2769 
806 755 
53 832 
548 3074 
266 3549 
513 1291 
443 3074 
513 324 
104 557 
503 4408 
3665 69 
40 596 
565 1622 
1385 1047 
1294 954 
266 221 
513 2001 
513 2031 
356 803 
5 69 
16 4472 
9 2826 
3665 360 
1637 2826 
173 335 
55 2492 
1011 1012 
264 2900 
36 4472 
260 2826 
16 2665 
332 2826 
160 1047 
94 2125 
465 4368 
1939 338 
186 535 
4368 4369 
71 795 
443 2900 
16 2768 
248 316 
78 1108 
513 18 
761 11 
1563 125 
503 1949 
771 958 
95 69 
4334 3345 
11 4740 
2674 4060 
513 16 
234 2835 
855 232 
125 884 
513 160 
513 1940 
477 681 
986 2548 
441 174 
1851 1852 
237 681 
1554 1851 
234 11 
321 148 
655 379 
891 2620 
832 3303 
155 2011 
1637 379 
1269 577 
454 187 
234 880 
11 379 
61 161 
232 2009 
441 3451 
65 161 
727 631 
443 161 
64 4064 
1939 631 
4426 4427 
160 379 
174 631 
834 631 
865 379 
350 631 
177 161 
441 631 
54 22 
106 294 
104 120 
248 631 
382 160 
50 160 
441 238 
588 966 
232 2403 
232 4203 
1939 1634 
232 189 
503 1268 
110 4551 
138 2238 
11 1687 
138 3181 
321 524 
16 1636 
2672 3719 
1766 779 
524 234 
