319 338 
74 293 
2273 294 
158 4760 
158 833 
1064 312 
842 175 
579 1277 
1634 3492 
1064 322 
1064 1385 
794 260 
1064 2166 
158 1634 
615 818 
397 1394 
1939 338 
50 260 
480 160 
193 966 
266 193 
548 193 
105 1568 
2524 225 
266 660 
382 238 
140 398 
193 3084 
727 238 
104 238 
1939 238 
59 466 
42 342 
42 2417 
338 4745 
53 3267 
1939 1555 
3310 158 
53 799 
155 18 
579 1101 
14 577 
234 2285 
22 2139 
2576 3498 
14 397 
264 2978 
140 171 
510 562 
2576 594 
503 266 
2576 130 
2576 448 
266 1788 
443 3360 
65 4180 
140 457 
61 3891 
65 2144 
177 1144 
443 1144 
65 1772 
588 1144 
266 2144 
266 1144 
61 1108 
1634 762 
65 738 
155 4293 
61 457 
266 824 
2464 11 
50 64 
293 457 
865 2144 
3703 1725 
64 589 
424 3891 
186 2144 
61 2144 
61 1772 
61 1144 
61 1832 
443 2144 
293 2144 
9 3475 
884 1144 
293 1144 
64 457 
443 457 
266 3507 
53 991 
466 2139 
2017 2533 
152 3527 
1164 3347 
1202 998 
466 232 
998 779 
2017 4916 
2981 466 
2981 53 
382 232 
4884 106 
188 1215 
158 4884 
188 1558 
4884 314 
1 1778 
842 926 
2017 4170 
18 4884 
842 708 
5 1571 
4057 1398 
4884 524 
4884 158 
579 1662 
1092 3443 
75 1179 
708 1964 
1777 1778 
579 4884 
188 2375 
762 2507 
232 410 
241 1662 
232 3453 
232 1790 
2017 4884 
477 4884 
842 155 
69 796 
237 1571 
441 1033 
177 694 
2853 452 
579 3395 
985 1361 
1692 1756 
443 250 
71 1756 
160 106 
579 775 
159 24 
104 53 
170 1756 
727 1756 
410 250 
2017 331 
233 707 
670 105 
842 2960 
643 1756 
2853 670 
266 106 
59 707 
806 915 
579 3312 
2375 1252 
1291 1965 
324 98 
53 2240 
264 193 
48 4971 
1406 3646 
314 4461 
4364 4748 
266 3089 
443 266 
1939 24 
9 1673 
727 998 
53 476 
64 735 
234 2288 
998 1202 
1615 2456 
1146 1267 
248 1814 
237 524 
579 703 
64 1681 
64 1023 
579 3338 
237 788 
321 3891 
266 2278 
104 350 
579 1662 
579 1571 
579 1608 
579 2924 
855 2031 
75 350 
579 1267 
579 4560 
321 457 
234 581 
64 515 
579 4178 
155 2924 
579 2946 
64 90 
321 362 
64 2791 
477 524 
961 477 
382 350 
579 4912 
727 350 
503 155 
266 158 
155 1608 
579 2217 
1818 144 
1692 524 
155 4737 
524 2767 
158 857 
314 1568 
158 3003 
158 1662 
155 3712 
382 155 
579 3712 
643 144 
158 1088 
248 524 
477 1568 
2017 1283 
233 144 
237 241 
579 365 
237 1302 
503 588 
158 3712 
441 158 
319 524 
842 144 
579 3463 
441 335 
579 1573 
76 24 
158 4737 
158 1621 
174 158 
2017 2217 
158 1172 
158 1568 
441 2672 
237 1267 
158 4434 
842 524 
1920 3072 
441 155 
158 3788 
158 978 
477 158 
175 155 
3023 144 
18 1568 
865 158 
524 1608 
18 4434 
4884 3310 
170 524 
237 2946 
237 1283 
319 3310 
237 1624 
158 681 
158 1254 
5 1267 
293 144 
237 2924 
158 2115 
158 3237 
441 5 
2017 1302 
901 524 
579 3793 
579 3738 
237 784 
524 2349 
1930 55 
237 2217 
245 144 
441 524 
579 4293 
579 1568 
160 155 
237 3310 
1692 144 
266 155 
2692 2693 
1833 524 
18 1543 
245 524 
397 1394 
2672 158 
2017 1267 
1617 144 
104 1284 
155 1267 
2443 144 
441 788 
579 1302 
518 524 
144 53 
18 3964 
3665 1 
130 2265 
5 1855 
2698 69 
441 3752 
644 1678 
548 3752 
3164 896 
412 413 
477 768 
76 468 
901 707 
174 1587 
126 2095 
515 3269 
188 1692 
174 1108 
1264 2623 
51 53 
174 322 
338 2617 
260 4194 
441 1756 
441 3312 
441 696 
174 1043 
419 3498 
160 1772 
2623 2768 
18 2617 
53 2623 
188 3891 
174 1692 
234 2617 
727 57 
94 4591 
260 4022 
160 1587 
304 3273 
188 1587 
188 1108 
441 775 
160 4180 
160 1692 
160 2095 
174 3891 
69 2659 
175 1441 
245 464 
174 1441 
1833 2099 
173 2099 
803 314 
266 1077 
2017 24 
266 3310 
266 37 
803 225 
221 2955 
155 314 
155 1624 
1116 3646 
64 2955 
104 1624 
266 2925 
548 2925 
192 777 
795 993 
631 1116 
503 192 
443 615 
222 3549 
188 155 
1939 1116 
118 34 
105 34 
94 3035 
34 1158 
175 34 
158 34 
174 34 
464 2729 
464 34 
1532 1898 
268 686 
873 686 
53 577 
441 24 
2615 2061 
2060 2061 
901 24 
356 686 
160 686 
548 34 
34 3704 
135 388 
338 34 
40 686 
1638 660 
11 1751 
266 34 
321 34 
387 388 
34 914 
577 53 
1751 57 
150 686 
9 3275 
18 34 
842 34 
454 34 
117 34 
188 34 
896 34 
530 1756 
6 2592 
186 34 
865 34 
524 34 
727 4357 
155 34 
375 896 
78 34 
34 1113 
691 3413 
464 1555 
530 686 
443 34 
3846 3035 
443 400 
2824 177 
59 2060 
11 3513 
294 3899 
188 1195 
234 667 
234 161 
155 34 
78 234 
234 796 
234 3089 
234 596 
234 2144 
234 1108 
234 261 
234 78 
234 602 
234 651 
234 1541 
319 1796 
234 2640 
234 3360 
140 1180 
234 1043 
234 1525 
2762 3263 
234 1849 
234 1166 
548 234 
3263 412 
234 284 
234 1949 
234 900 
395 4364 
234 1894 
2443 1796 
1815 3284 
234 175 
234 1163 
234 1731 
175 234 
158 234 
174 234 
234 4029 
2753 3149 
234 2480 
234 443 
234 158 
234 1280 
412 110 
234 2549 
234 457 
234 1085 
234 1885 
234 1653 
234 738 
234 3891 
1815 69 
1637 2562 
234 2611 
234 410 
234 4477 
588 535 
234 1885 
234 1281 
234 1086 
234 824 
234 1976 
234 335 
234 3726 
234 1696 
234 3648 
884 1151 
234 1178 
234 667 
234 2417 
234 186 
234 3356 
155 424 
234 1790 
234 4692 
234 78 
234 998 
234 1601 
234 548 
234 3360 
234 1866 
234 1634 
4576 4577 
884 1119 
234 573 
234 3074 
234 757 
234 4080 
842 875 
234 2544 
234 367 
234 1989 
234 1344 
234 1832 
234 1692 
234 515 
234 175 
234 376 
234 443 
234 328 
234 724 
234 2389 
22 911 
2308 11 
53 1827 
234 2417 
67 3956 
1230 1175 
524 2665 
26 249 
2357 2229 
170 1776 
873 686 
3442 264 
268 686 
975 334 
323 686 
237 2018 
40 686 
375 626 
106 16 
441 464 
2391 2392 
1264 686 
530 686 
3435 975 
177 71 
548 3089 
865 71 
65 3089 
1497 338 
441 1624 
1341 4622 
1391 1460 
171 2325 
686 1545 
338 64 
1104 1497 
588 71 
16 1497 
1104 4278 
548 71 
321 71 
1460 69 
2017 441 
293 314 
338 293 
293 1578 
1939 293 
293 1043 
293 1731 
901 1940 
293 738 
59 4260 
11 2086 
11 4915 
2135 577 
293 1344 
26 3110 
293 1692 
293 596 
293 1163 
11 993 
293 2549 
382 4461 
293 3834 
9 1076 
18 2988 
293 503 
293 1587 
293 161 
834 2587 
865 2988 
104 4461 
293 3214 
126 1180 
266 1427 
245 4461 
293 1166 
842 1542 
901 654 
454 1427 
375 727 
71 4461 
104 1591 
293 1790 
727 1427 
100 412 
234 2623 
293 1525 
