266 422 
225 3891 
234 4745 
873 1297 
397 2955 
74 59 
397 3992 
74 83 
1064 1912 
225 2541 
319 1094 
248 884 
1885 1634 
3236 947 
1064 2925 
3911 69 
71 3549 
71 201 
46 2623 
3911 250 
1064 267 
74 4476 
1064 1634 
101 3662 
4200 22 
323 3407 
266 3089 
323 3002 
3298 1666 
294 884 
338 551 
477 188 
815 4781 
177 884 
160 884 
105 4029 
1666 947 
16 1666 
148 884 
323 3749 
9 4200 
2833 11 
3142 3143 
4304 4808 
155 4559 
2833 314 
40 1085 
443 230 
873 3002 
155 1085 
873 1444 
356 1444 
160 65 
155 2619 
101 1064 
266 65 
104 1023 
503 65 
378 2938 
2938 308 
4916 452 
59 382 
217 4570 
4570 59 
1502 105 
459 1404 
89 2095 
468 1307 
503 175 
188 3015 
382 1285 
319 1544 
842 6 
4174 2145 
319 266 
186 1731 
48 378 
524 2544 
524 3015 
548 1833 
1269 2555 
441 2544 
319 2301 
319 686 
225 328 
319 1833 
18 966 
1988 851 
410 415 
579 743 
266 1261 
110 905 
1281 11 
3806 1375 
75 1261 
1375 452 
222 1261 
49 3136 
415 267 
188 2600 
170 2544 
1269 285 
1164 1024 
103 2887 
188 2729 
16 2539 
188 376 
188 328 
69 3135 
188 1731 
188 335 
3135 49 
452 3338 
22 402 
188 176 
188 626 
188 1578 
6 998 
188 757 
104 450 
402 403 
441 326 
815 4781 
26 1447 
110 2234 
459 4384 
36 4425 
356 363 
211 3516 
1999 363 
9 4845 
71 356 
314 238 
452 878 
441 454 
397 4971 
289 3262 
356 966 
26 3589 
468 1307 
1537 250 
4014 4015 
441 878 
397 1717 
335 1653 
1946 11 
3818 3819 
961 962 
515 537 
779 4379 
896 2778 
1395 584 
443 200 
1040 1164 
1040 48 
144 537 
1617 928 
1040 312 
356 1264 
1040 915 
3592 4219 
5 537 
1040 173 
173 3568 
1040 100 
104 509 
1059 884 
177 170 
1040 272 
2083 397 
2525 94 
584 1181 
2083 1040 
94 1890 
1362 4219 
105 537 
577 1766 
1259 26 
42 658 
40 1542 
1988 851 
1259 643 
631 245 
266 477 
1259 389 
1966 1965 
577 270 
1259 78 
1259 293 
441 1094 
237 749 
1259 1756 
1259 183 
1259 1043 
1965 468 
577 369 
1259 1166 
1259 325 
441 241 
1259 105 
919 4395 
1259 338 
94 762 
524 245 
865 477 
1259 1833 
1259 1601 
1502 94 
94 2799 
16 331 
1965 1502 
855 1966 
1259 2925 
1692 51 
4302 648 
577 630 
71 3214 
530 477 
1259 18 
1259 104 
468 395 
1259 2342 
3004 69 
331 2421 
76 79 
260 377 
173 2895 
117 79 
382 79 
321 245 
76 1258 
524 79 
631 79 
188 79 
2246 1620 
160 958 
155 79 
5 79 
1634 1890 
105 79 
441 452 
438 53 
174 1999 
579 580 
615 3237 
16 1326 
375 79 
1999 126 
40 499 
234 79 
438 69 
477 580 
441 1688 
377 250 
321 79 
188 3097 
2017 580 
382 631 
727 641 
631 79 
16 3026 
304 2878 
1555 1044 
631 735 
643 234 
544 2361 
441 520 
16 1273 
1939 1657 
104 3743 
464 1040 
795 2367 
338 641 
731 1502 
865 1976 
2276 2277 
727 2768 
175 1949 
2950 2951 
579 3237 
11 2566 
3940 1642 
3940 874 
266 2442 
1939 2036 
106 2301 
874 188 
232 1215 
503 3060 
1642 331 
464 1043 
266 362 
51 3755 
234 1790 
173 362 
686 3550 
293 1043 
878 1101 
268 1481 
71 1385 
2584 158 
6 3110 
160 46 
865 4255 
2443 777 
631 1620 
2017 2584 
466 225 
2443 694 
184 852 
3095 3096 
237 2532 
2950 2951 
1692 1043 
304 632 
2443 451 
1201 1556 
2129 3582 
83 1566 
46 160 
954 13 
2443 232 
319 852 
3582 2582 
443 316 
260 2005 
65 105 
42 1104 
790 4264 
338 757 
4288 177 
222 1281 
382 266 
865 266 
155 2375 
842 596 
643 3214 
174 757 
4288 59 
464 2375 
16 757 
338 1104 
266 757 
80 4850 
174 1281 
579 960 
42 329 
410 1064 
4010 3924 
16 1621 
71 72 
106 783 
177 332 
454 3743 
160 46 
234 510 
884 266 
3527 4508 
234 2011 
232 711 
105 2011 
126 711 
321 711 
338 2011 
255 711 
1925 591 
314 2318 
266 2011 
160 2080 
160 966 
464 2011 
375 2011 
18 2011 
410 1637 
363 711 
842 1043 
631 2011 
59 2080 
524 2011 
424 711 
213 69 
5 2011 
379 2080 
26 711 
466 2257 
76 2011 
727 966 
270 591 
503 590 
117 2011 
382 2011 
160 711 
126 3851 
155 2011 
588 711 
16 2011 
248 1045 
454 2011 
424 1406 
3584 590 
75 106 
321 2011 
248 343 
443 1978 
110 416 
188 2011 
319 1010 
464 118 
382 2925 
248 1045 
727 2925 
59 689 
441 2925 
424 2925 
248 848 
75 2925 
248 174 
865 2925 
382 1261 
213 1693 
410 1978 
464 1227 
510 59 
220 4893 
588 806 
638 4948 
441 1227 
65 4692 
266 4692 
22 638 
103 4893 
248 1261 
503 4692 
806 1104 
503 1261 
3284 1791 
884 266 
71 646 
53 2309 
1019 3207 
3207 2356 
4272 1145 
4272 1145 
177 104 
1423 4303 
232 1264 
350 4324 
3344 3345 
4302 3528 
441 436 
2017 1088 
16 1257 
727 1264 
443 800 
896 424 
4303 3527 
