1885 16 
727 711 
74 3273 
1064 90 
293 2375 
382 509 
363 1093 
170 157 
1064 795 
1092 1093 
158 4776 
1064 4425 
1064 468 
177 36 
3023 711 
71 2375 
233 711 
424 509 
718 976 
397 1423 
105 3263 
1064 155 
1064 2082 
3023 2375 
11 4177 
3616 1146 
3349 3616 
321 1281 
464 622 
415 204 
46 1423 
1146 314 
155 314 
477 579 
4302 285 
727 124 
264 2514 
248 1010 
4917 397 
174 4677 
412 2549 
104 464 
71 464 
233 464 
424 464 
18 1913 
321 2549 
71 338 
3023 464 
40 362 
3023 338 
548 1790 
321 1166 
464 537 
515 89 
443 1790 
319 2815 
1907 53 
319 133 
1953 2669 
174 129 
4198 717 
717 140 
901 126 
1326 16 
22 1805 
1064 348 
16 1326 
304 129 
327 129 
46 3935 
443 1596 
443 999 
69 1805 
53 1805 
69 993 
6 738 
192 275 
588 1693 
2751 1082 
6 1617 
53 4580 
454 129 
69 2039 
382 293 
48 590 
503 344 
36 4899 
243 1082 
2751 1632 
961 2042 
248 193 
9 969 
397 1935 
319 896 
2457 4378 
110 348 
622 2699 
64 1900 
104 329 
419 4539 
454 53 
188 53 
419 1827 
155 53 
105 53 
660 342 
375 53 
3446 2229 
1991 110 
503 222 
319 719 
71 232 
4880 719 
503 3060 
104 468 
1094 177 
1939 232 
11 342 
1682 1094 
3663 3664 
71 1023 
727 232 
3639 324 
234 1559 
222 509 
234 151 
1897 338 
321 3023 
234 537 
24 1568 
382 3023 
1897 18 
234 926 
1897 234 
1897 735 
1897 2925 
53 175 
1897 718 
174 3023 
71 234 
518 157 
779 3584 
232 410 
319 454 
3584 2273 
53 4344 
75 293 
375 4366 
375 3972 
177 293 
503 643 
18 2741 
78 1541 
382 643 
454 2741 
40 293 
459 294 
375 3443 
42 2741 
375 376 
727 4617 
294 293 
65 643 
727 53 
503 293 
233 314 
524 2741 
266 3023 
382 293 
5 2741 
177 3023 
375 142 
104 3023 
173 2741 
375 1582 
65 293 
375 582 
293 260 
375 3454 
64 293 
375 1558 
222 293 
464 2741 
104 293 
266 293 
1692 293 
293 1104 
375 4871 
266 2741 
144 2741 
232 410 
5 1282 
631 1657 
557 1488 
234 206 
234 293 
631 233 
51 1772 
452 3795 
2434 3856 
234 64 
338 3828 
234 884 
631 2458 
1939 936 
375 643 
1692 324 
1953 1612 
397 1338 
382 936 
65 1033 
155 643 
2269 1271 
16 823 
266 1116 
106 381 
177 643 
535 2857 
248 643 
1833 3023 
232 643 
233 643 
234 6 
220 806 
248 6 
727 235 
69 472 
1776 1264 
3535 3536 
71 1776 
293 472 
71 1634 
160 1814 
785 3839 
3023 1634 
1040 1756 
884 464 
5 1085 
78 1634 
61 1085 
293 2611 
727 1814 
293 3214 
16 2242 
842 548 
293 543 
477 404 
160 1085 
503 1033 
18 2217 
118 1634 
158 1634 
18 1085 
454 2047 
454 3273 
454 1104 
76 381 
454 3465 
454 1077 
1939 334 
424 329 
76 464 
727 1394 
548 1634 
443 1634 
464 1394 
175 1634 
76 104 
174 1634 
237 404 
363 1394 
375 450 
40 660 
1508 1295 
901 513 
865 1634 
865 1385 
1939 513 
727 2502 
375 233 
1692 1634 
18 3178 
842 1033 
104 1634 
548 1634 
382 4411 
375 1364 
