157 155 
157 245 
90 98 
90 300 
90 75 
90 99 
90 93 
90 82 
90 199 
90 143 
90 230 
90 150 
90 274 
90 183 
90 220 
90 97 
90 306 
90 281 
90 258 
90 33 
90 264 
90 15 
90 39 
90 186 
90 23 
90 169 
90 48 
90 262 
90 269 
90 61 
90 39 
90 169 
90 48 
90 23 
90 61 
90 98 
90 262 
90 269 
90 99 
159 204 
90 93 
90 300 
127 256 
90 75 
90 82 
90 199 
90 143 
90 150 
90 230 
90 183 
90 97 
90 274 
90 220 
90 306 
90 281 
204 160 
90 264 
90 258 
90 186 
90 33 
90 15 
132 314 
291 51 
291 194 
281 90 
158 228 
252 215 
0 259 
254 200 
244 248 
107 159 
90 281 
90 306 
116 253 
93 274 
244 107 
26 28 
45 57 
244 87 
279 228 
116 173 
87 244 
202 45 
183 90 
151 26 
90 99 
90 93 
90 300 
13 228 
143 90 
90 75 
90 82 
90 143 
90 150 
57 45 
90 199 
231 238 
90 230 
145 21 
90 97 
228 158 
90 274 
90 183 
90 220 
90 306 
90 281 
90 258 
90 33 
90 264 
90 15 
228 101 
90 39 
90 186 
90 48 
90 23 
101 228 
252 279 
204 103 
90 169 
279 252 
90 61 
90 98 
90 262 
90 269 
90 48 
87 204 
90 281 
248 249 
40 80 
93 274 
41 274 
90 48 
41 33 
48 90 
69 307 
143 90 
33 274 
41 93 
41 300 
6 85 
41 75 
90 143 
194 291 
41 230 
53 12 
90 143 
90 230 
90 150 
241 162 
90 274 
90 183 
291 213 
90 220 
90 97 
90 306 
90 281 
90 258 
93 230 
90 33 
291 80 
90 264 
252 234 
28 285 
90 15 
90 39 
90 186 
18 225 
28 151 
90 23 
213 194 
90 169 
90 48 
90 61 
90 262 
90 269 
90 98 
90 300 
90 75 
90 99 
127 293 
90 93 
90 82 
293 256 
90 199 
213 291 
230 82 
230 306 
41 93 
41 300 
41 75 
230 274 
41 230 
194 291 
41 274 
41 33 
281 90 
230 306 
75 264 
244 87 
117 263 
25 234 
26 151 
38 79 
80 40 
230 232 
230 93 
151 280 
80 40 
241 315 
252 10 
283 38 
315 234 
79 161 
93 230 
249 248 
157 245 
157 155 
59 97 
59 306 
273 233 
273 276 
273 216 
273 70 
293 187 
144 7 
202 304 
232 230 
2 284 
202 130 
4 12 
90 306 
90 281 
176 223 
202 57 
291 51 
291 194 
291 255 
80 51 
279 104 
279 13 
279 305 
279 135 
279 299 
161 295 
279 189 
204 249 
279 252 
279 228 
279 242 
279 241 
52 254 
300 33 
279 304 
279 25 
279 158 
279 250 
279 263 
279 117 
279 209 
194 291 
249 204 
38 283 
241 279 
279 309 
221 252 
279 278 
279 315 
12 4 
299 279 
204 159 
223 176 
305 279 
283 38 
291 194 
228 47 
278 279 
13 279 
80 194 
132 184 
306 230 
306 90 
80 255 
158 94 
291 51 
24 252 
79 132 
80 51 
184 132 
200 52 
304 229 
229 202 
161 120 
204 159 
28 285 
291 80 
3 132 
133 266 
204 103 
228 221 
213 291 
228 304 
241 279 
194 80 
280 53 
41 230 
28 307 
41 274 
291 80 
28 223 
132 314 
28 285 
28 53 
25 57 
28 127 
26 151 
28 4 
28 121 
28 298 
28 18 
28 12 
41 33 
28 81 
28 26 
291 194 
28 251 
28 64 
159 204 
28 174 
28 9 
28 180 
41 93 
151 26 
41 75 
28 30 
28 256 
41 300 
28 280 
28 1 
28 195 
28 141 
28 69 
28 208 
2 284 
79 161 
248 249 
280 53 
79 267 
2 132 
281 183 
159 204 
144 7 
26 293 
234 25 
120 137 
293 26 
137 120 
57 189 
161 184 
267 161 
38 161 
26 293 
161 38 
184 161 
157 155 
157 245 
157 155 
157 245 
204 249 
204 159 
59 41 
204 160 
204 103 
120 137 
254 200 
204 159 
249 204 
200 58 
244 107 
90 217 
204 249 
291 194 
244 87 
204 87 
254 52 
21 145 
244 248 
132 71 
132 295 
132 16 
132 240 
132 218 
132 133 
116 279 
132 310 
132 78 
93 262 
132 145 
132 85 
132 231 
240 184 
132 238 
132 6 
93 98 
132 38 
249 204 
93 75 
132 184 
93 82 
93 306 
132 112 
132 283 
93 143 
132 3 
189 279 
132 284 
132 314 
132 27 
132 161 
127 18 
93 230 
132 120 
132 267 
132 266 
132 134 
132 79 
93 48 
132 50 
93 281 
132 311 
204 249 
132 257 
132 2 
244 87 
38 284 
132 134 
264 75 
204 249 
38 240 
90 269 
132 2 
143 90 
194 51 
41 75 
132 133 
2 284 
41 93 
41 300 
90 143 
132 231 
194 291 
132 85 
38 50 
41 230 
132 184 
103 204 
90 281 
194 80 
41 274 
132 284 
38 132 
132 266 
194 40 
2 132 
38 257 
41 33 
194 255 
86 47 
86 24 
204 249 
208 26 
184 240 
86 221 
230 306 
310 132 
223 225 
86 10 
75 274 
132 184 
204 159 
28 223 
231 184 
204 249 
309 279 
184 132 
244 87 
159 204 
21 145 
112 38 
194 291 
90 93 
90 300 
3 137 
184 231 
3 161 
90 75 
3 240 
90 82 
21 145 
90 199 
3 120 
3 314 
90 143 
90 230 
90 150 
299 94 
3 145 
3 267 
288 111 
3 231 
90 183 
108 299 
3 238 
3 134 
3 6 
132 38 
90 97 
90 274 
10 86 
3 50 
3 112 
90 220 
85 132 
204 159 
50 6 
3 283 
90 306 
90 281 
94 299 
90 264 
90 258 
3 27 
38 132 
90 186 
90 33 
50 38 
3 132 
3 266 
90 15 
255 80 
3 133 
90 39 
3 78 
223 12 
90 169 
90 48 
3 79 
90 23 
3 310 
204 103 
281 90 
132 257 
3 85 
90 61 
3 184 
90 98 
90 262 
132 240 
3 295 
3 257 
90 269 
3 38 
90 99 
28 26 
279 234 
28 81 
234 279 
28 174 
28 64 
28 9 
28 30 
161 284 
103 159 
28 280 
38 50 
28 141 
108 299 
28 208 
28 307 
28 69 
50 6 
28 223 
28 285 
50 38 
103 249 
94 299 
28 4 
28 53 
28 298 
28 18 
28 127 
28 12 
28 121 
255 80 
28 223 
79 267 
80 51 
79 134 
79 50 
79 257 
79 2 
200 270 
79 3 
200 45 
79 295 
79 240 
200 301 
79 266 
127 256 
200 193 
200 83 
79 71 
223 127 
79 16 
79 133 
79 78 
200 254 
200 52 
248 159 
79 85 
278 211 
79 311 
79 218 
79 231 
79 310 
79 6 
300 274 
132 85 
79 184 
79 238 
127 223 
80 194 
79 161 
79 38 
80 255 
79 112 
79 27 
200 58 
223 28 
79 283 
79 145 
79 120 
79 284 
79 314 
79 132 
108 299 
161 267 
223 176 
274 33 
52 7 
83 299 
10 252 
127 223 
13 263 
86 10 
223 176 
176 223 
86 47 
86 252 
223 127 
127 256 
13 263 
13 101 
21 145 
225 223 
249 103 
249 204 
