90 199 
250 242 
79 50 
57 101 
57 188 
57 193 
57 108 
57 170 
57 279 
116 173 
79 295 
57 177 
57 139 
57 202 
57 209 
57 263 
57 270 
57 277 
278 304 
194 291 
57 58 
249 204 
57 65 
79 38 
57 158 
50 79 
57 135 
57 299 
57 189 
57 49 
116 253 
57 173 
57 148 
57 25 
57 117 
291 51 
194 40 
57 211 
57 241 
57 210 
57 242 
291 194 
159 249 
81 223 
81 28 
223 81 
79 78 
151 280 
173 202 
40 291 
204 159 
184 267 
28 285 
12 4 
53 280 
199 90 
53 174 
51 291 
4 12 
90 199 
81 142 
142 81 
3 231 
279 7 
7 243 
25 279 
164 202 
304 278 
199 90 
25 130 
90 199 
25 139 
114 299 
25 122 
79 50 
25 241 
38 79 
38 78 
79 50 
116 202 
38 295 
202 164 
38 161 
278 173 
38 267 
30 26 
278 304 
40 51 
80 40 
38 50 
38 283 
204 159 
50 79 
108 299 
136 278 
242 279 
41 274 
41 33 
278 136 
41 93 
41 300 
41 75 
26 30 
41 230 
232 33 
295 161 
38 50 
35 57 
223 176 
194 40 
7 243 
86 221 
86 10 
86 47 
86 24 
7 243 
184 267 
30 26 
26 30 
279 7 
279 278 
279 305 
279 299 
279 189 
279 228 
279 118 
279 241 
7 243 
69 121 
219 6 
219 112 
78 79 
143 183 
78 50 
121 69 
50 78 
161 145 
161 184 
161 267 
161 79 
278 279 
38 50 
306 59 
204 159 
317 63 
252 319 
40 80 
85 6 
199 186 
79 78 
78 79 
9 18 
9 225 
9 208 
228 47 
204 159 
291 80 
47 253 
291 194 
293 26 
93 33 
50 267 
267 50 
4 12 
40 51 
279 7 
28 256 
250 242 
80 255 
80 194 
252 221 
93 230 
51 40 
93 274 
12 4 
80 51 
12 28 
90 220 
90 306 
90 281 
252 319 
90 264 
90 258 
12 4 
90 186 
90 33 
90 15 
90 77 
90 39 
90 48 
90 23 
121 28 
90 61 
90 98 
90 262 
50 267 
90 269 
90 99 
90 93 
57 116 
90 300 
267 50 
90 75 
90 82 
90 143 
90 150 
90 199 
90 59 
4 12 
90 230 
26 293 
90 97 
90 274 
241 279 
90 183 
4 12 
145 27 
204 159 
187 293 
30 280 
176 223 
238 2 
85 6 
12 4 
12 28 
28 12 
238 16 
120 284 
116 57 
293 187 
238 132 
49 57 
238 284 
94 7 
145 50 
159 204 
279 242 
41 93 
41 300 
279 304 
41 75 
41 230 
242 279 
41 274 
176 223 
279 104 
41 33 
279 135 
300 262 
300 74 
279 228 
299 114 
273 70 
273 72 
273 233 
80 40 
231 6 
273 276 
79 161 
79 267 
273 111 
279 228 
33 274 
13 228 
13 101 
6 231 
13 47 
184 44 
178 164 
250 242 
184 267 
128 202 
279 7 
279 242 
199 90 
11 138 
279 135 
83 52 
199 90 
52 83 
6 219 
11 175 
219 6 
50 145 
225 9 
219 6 
6 219 
219 6 
252 319 
9 225 
120 310 
83 52 
219 112 
