250 242 
204 317 
204 60 
204 159 
160 63 
204 222 
204 249 
204 103 
204 318 
204 63 
233 216 
233 302 
233 111 
233 89 
254 58 
233 72 
233 273 
233 288 
233 70 
28 285 
28 53 
28 152 
28 127 
28 176 
28 298 
28 18 
28 12 
202 158 
28 81 
28 26 
200 254 
28 174 
28 64 
28 9 
241 189 
28 180 
53 174 
21 145 
183 90 
28 280 
28 195 
28 225 
28 30 
28 256 
161 284 
28 141 
278 116 
28 1 
6 38 
28 208 
306 230 
28 191 
28 223 
132 284 
278 253 
28 4 
90 97 
90 274 
80 194 
204 317 
204 60 
90 74 
90 183 
194 80 
90 220 
204 159 
238 2 
90 306 
90 281 
40 80 
90 258 
204 222 
90 186 
90 33 
199 220 
90 264 
90 15 
90 77 
90 39 
90 48 
204 249 
90 23 
204 103 
7 279 
90 98 
90 262 
204 318 
90 99 
90 93 
90 300 
202 116 
90 75 
141 28 
199 90 
204 63 
90 82 
90 143 
90 150 
90 199 
134 38 
53 298 
108 158 
90 230 
230 220 
161 267 
50 283 
50 295 
38 238 
38 6 
254 200 
38 145 
21 145 
80 40 
112 38 
38 50 
306 230 
145 21 
161 284 
306 59 
38 112 
38 314 
257 284 
306 90 
50 78 
204 159 
306 97 
258 262 
50 79 
130 25 
50 38 
38 133 
38 132 
50 161 
38 85 
38 134 
199 220 
38 110 
38 257 
80 291 
38 184 
138 175 
262 258 
50 267 
38 295 
38 240 
48 90 
138 11 
85 284 
161 145 
200 254 
38 161 
161 184 
38 120 
38 267 
184 78 
309 7 
317 204 
30 26 
21 145 
145 21 
98 186 
13 279 
25 35 
230 220 
184 283 
38 283 
204 317 
132 284 
11 138 
184 79 
283 38 
283 184 
250 139 
283 284 
90 264 
90 15 
90 77 
90 39 
90 186 
38 85 
90 48 
90 23 
85 38 
90 98 
90 262 
278 173 
132 2 
90 99 
90 93 
90 300 
309 7 
90 75 
81 26 
90 82 
208 225 
90 143 
90 150 
90 199 
78 184 
90 230 
90 97 
90 274 
2 238 
90 74 
90 183 
78 284 
90 220 
90 306 
90 281 
158 108 
90 258 
90 33 
231 266 
238 2 
161 38 
85 6 
230 183 
58 162 
291 194 
230 306 
309 7 
33 274 
48 183 
18 28 
230 33 
238 284 
307 223 
132 231 
230 274 
134 38 
75 274 
7 263 
161 284 
139 25 
142 81 
180 18 
283 79 
274 33 
299 83 
7 279 
132 2 
132 16 
266 231 
159 204 
242 250 
202 209 
145 184 
145 161 
209 202 
132 238 
142 81 
279 7 
242 279 
7 144 
145 267 
132 284 
145 79 
53 280 
33 230 
83 299 
279 228 
159 249 
230 306 
159 204 
249 159 
242 250 
263 7 
242 279 
225 26 
96 227 
144 7 
238 132 
238 2 
238 16 
144 7 
238 284 
249 159 
161 295 
144 7 
161 284 
161 120 
145 21 
11 175 
204 159 
250 242 
79 161 
79 267 
90 306 
90 281 
132 284 
90 258 
90 186 
132 266 
90 33 
90 264 
90 15 
90 77 
90 39 
299 83 
132 134 
90 48 
90 23 
199 186 
90 98 
90 262 
90 99 
90 93 
90 300 
230 33 
90 75 
132 133 
90 82 
90 143 
132 231 
90 150 
90 199 
132 85 
53 12 
53 298 
90 230 
53 141 
90 97 
90 274 
90 74 
90 183 
194 80 
90 220 
204 159 
7 278 
90 97 
202 128 
90 306 
7 158 
280 53 
174 53 
128 305 
7 189 
53 280 
7 228 
97 90 
138 175 
161 78 
138 11 
116 57 
7 279 
202 116 
7 139 
242 250 
208 225 
28 225 
204 63 
53 28 
90 82 
21 145 
307 28 
306 59 
80 194 
204 317 
204 60 
306 230 
306 97 
204 159 
204 222 
79 267 
204 249 
204 103 
202 116 
204 318 
250 139 
160 159 
53 28 
1 28 
204 159 
28 53 
130 25 
12 4 
59 217 
26 191 
26 223 
238 2 
309 136 
28 53 
26 174 
194 40 
79 267 
26 4 
274 33 
26 285 
26 53 
298 53 
238 16 
81 28 
26 18 
26 152 
26 127 
26 12 
26 121 
26 298 
230 306 
26 81 
53 28 
26 180 
208 225 
26 64 
18 28 
81 142 
26 9 
238 284 
238 132 
26 256 
194 291 
132 238 
26 280 
26 225 
26 30 
79 161 
26 208 
26 307 
194 80 
26 69 
53 298 
90 230 
306 230 
132 38 
132 184 
86 10 
132 120 
132 284 
132 27 
11 138 
132 79 
298 53 
180 225 
291 194 
86 221 
230 183 
200 254 
53 174 
79 132 
230 33 
132 78 
132 85 
269 230 
90 230 
306 230 
269 300 
295 184 
269 75 
38 112 
112 314 
270 57 
269 33 
166 112 
40 80 
269 274 
236 242 
112 166 
298 28 
242 236 
269 93 
230 306 
132 2 
105 305 
199 183 
85 134 
254 200 
306 59 
306 230 
306 90 
80 255 
230 232 
306 97 
80 194 
274 183 
40 80 
132 120 
80 51 
85 6 
86 10 
86 24 
2 132 
236 242 
86 221 
221 86 
161 283 
222 63 
25 139 
161 266 
28 307 
161 79 
53 141 
180 18 
16 132 
159 249 
260 144 
274 33 
159 160 
16 284 
7 279 
202 116 
16 238 
16 2 
53 127 
25 130 
280 28 
280 151 
18 208 
200 254 
159 204 
144 7 
21 145 
86 252 
26 92 
86 10 
26 92 
280 53 
9 225 
280 174 
144 7 
9 225 
142 81 
2 132 
116 173 
53 298 
116 253 
116 202 
