313 214 
90 199 
199 90 
16 238 
161 284 
161 112 
16 3 
161 120 
161 38 
16 284 
307 225 
291 40 
291 194 
30 28 
180 152 
132 2 
161 284 
161 112 
108 299 
161 120 
161 38 
278 236 
291 51 
200 58 
223 28 
38 132 
28 298 
238 16 
81 28 
38 257 
200 270 
38 240 
200 45 
86 252 
38 161 
200 83 
200 254 
254 52 
69 28 
38 267 
305 299 
0 214 
262 274 
9 28 
194 291 
238 2 
11 138 
238 16 
194 40 
152 180 
38 161 
238 284 
138 11 
53 174 
161 120 
90 258 
11 138 
53 280 
279 13 
26 18 
138 175 
180 152 
161 145 
180 307 
278 279 
12 18 
278 236 
3 16 
132 284 
160 318 
160 63 
298 28 
279 13 
132 2 
160 60 
38 161 
160 159 
254 52 
264 74 
116 278 
160 222 
278 116 
160 103 
160 249 
108 299 
173 116 
314 219 
174 53 
103 160 
173 253 
279 211 
241 25 
38 161 
18 28 
38 50 
180 18 
298 28 
159 160 
16 3 
231 6 
225 223 
161 284 
161 120 
161 295 
3 16 
40 194 
13 279 
16 3 
40 291 
40 190 
159 160 
132 2 
132 16 
13 279 
315 228 
90 199 
283 132 
160 103 
280 53 
26 28 
28 285 
283 38 
120 184 
53 280 
64 28 
160 159 
199 90 
202 209 
0 214 
28 26 
7 279 
304 164 
280 53 
103 160 
159 160 
28 81 
160 318 
278 253 
90 264 
90 15 
160 63 
90 77 
90 39 
90 186 
279 299 
279 189 
90 23 
279 252 
90 48 
90 98 
90 262 
279 118 
160 60 
90 93 
90 300 
90 75 
90 99 
90 82 
90 143 
90 167 
90 199 
160 222 
90 230 
90 150 
90 97 
90 274 
160 103 
90 183 
90 43 
160 249 
90 220 
279 278 
90 74 
85 218 
90 306 
90 281 
90 258 
280 28 
90 88 
90 33 
299 279 
160 249 
3 238 
3 134 
3 6 
3 50 
3 112 
3 283 
3 27 
3 2 
3 132 
3 266 
3 71 
314 284 
3 16 
3 133 
3 78 
81 28 
3 79 
3 310 
3 85 
3 219 
3 184 
3 295 
3 38 
3 161 
3 240 
3 145 
3 120 
3 314 
314 3 
3 267 
279 7 
132 17 
249 160 
132 218 
132 133 
279 158 
132 310 
132 78 
132 145 
132 85 
134 38 
194 291 
132 238 
132 6 
132 38 
283 132 
132 184 
132 112 
132 283 
132 3 
132 284 
132 314 
132 27 
132 161 
132 120 
132 267 
132 261 
132 266 
132 134 
132 79 
132 50 
132 110 
28 26 
98 90 
132 311 
90 98 
132 257 
132 2 
132 203 
132 71 
252 215 
132 295 
132 16 
132 240 
161 145 
86 252 
143 90 
283 132 
132 283 
180 18 
202 128 
132 3 
26 28 
28 18 
26 223 
28 18 
7 279 
112 6 
180 18 
112 314 
7 122 
38 283 
180 18 
151 152 
132 120 
86 252 
7 25 
18 28 
108 299 
116 278 
230 74 
295 161 
81 28 
128 202 
209 202 
52 58 
2 284 
2 132 
242 173 
173 242 
238 284 
16 132 
189 279 
132 284 
238 2 
132 283 
93 230 
291 80 
132 3 
132 120 
132 284 
132 314 
132 261 
132 266 
132 267 
132 134 
132 79 
132 311 
150 281 
132 50 
132 110 
132 257 
132 203 
38 161 
132 295 
132 240 
132 2 
132 71 
132 16 
132 218 
132 133 
132 145 
132 17 
132 310 
132 78 
132 238 
132 6 
132 85 
132 184 
120 132 
160 249 
132 38 
132 112 
132 27 
132 161 
186 199 
118 279 
0 214 
90 99 
2 284 
314 132 
2 238 
256 28 
132 314 
131 113 
11 138 
28 121 
2 132 
159 160 
208 28 
180 152 
173 253 
158 45 
116 173 
158 83 
158 315 
116 57 
278 94 
158 25 
57 35 
158 202 
278 116 
116 270 
158 162 
158 101 
116 253 
116 35 
269 274 
138 175 
269 93 
138 11 
269 230 
253 13 
269 300 
269 75 
186 199 
269 33 
189 279 
132 284 
173 116 
152 151 
173 253 
28 9 
38 120 
278 279 
194 291 
194 80 
116 270 
116 253 
143 232 
120 38 
194 40 
116 35 
199 186 
116 173 
116 57 
7 279 
161 184 
279 25 
161 284 
161 112 
279 7 
161 120 
116 270 
161 38 
63 159 
191 256 
9 28 
117 45 
51 291 
