159 317 
159 204 
53 280 
78 267 
78 161 
242 135 
280 53 
159 204 
21 145 
145 21 
79 50 
90 262 
90 269 
90 61 
90 98 
90 300 
204 318 
90 75 
90 99 
204 63 
90 93 
90 82 
90 199 
90 59 
90 143 
90 230 
90 150 
90 274 
79 161 
204 317 
79 38 
204 60 
90 183 
90 220 
204 159 
90 97 
90 306 
90 281 
204 160 
90 258 
79 267 
90 33 
90 264 
90 15 
204 222 
90 39 
90 186 
90 23 
90 77 
204 103 
79 50 
90 48 
204 249 
50 38 
38 79 
38 161 
38 267 
38 50 
219 6 
204 159 
50 79 
161 79 
83 252 
161 38 
161 295 
230 183 
38 295 
10 252 
161 145 
38 161 
53 28 
161 184 
159 204 
299 252 
38 267 
38 145 
21 145 
90 230 
161 267 
35 49 
183 90 
273 233 
273 276 
79 38 
132 184 
135 279 
204 159 
46 113 
132 120 
262 230 
267 295 
273 111 
204 249 
273 70 
281 90 
183 230 
202 158 
83 299 
7 279 
204 87 
204 318 
204 63 
191 26 
25 35 
279 7 
26 293 
204 317 
204 60 
90 183 
242 279 
204 159 
204 160 
28 53 
204 222 
26 191 
242 135 
279 299 
204 249 
204 103 
279 135 
293 26 
293 26 
40 194 
94 7 
12 225 
26 293 
278 116 
40 291 
299 279 
202 299 
40 80 
204 159 
116 253 
38 134 
225 12 
2 132 
116 173 
223 127 
2 284 
90 82 
90 199 
90 59 
274 199 
90 143 
90 230 
90 150 
202 108 
90 274 
90 183 
90 220 
90 97 
90 306 
90 281 
90 258 
90 33 
199 274 
90 264 
90 15 
90 39 
90 186 
90 23 
90 77 
90 48 
262 74 
90 61 
90 262 
90 269 
90 98 
90 300 
90 75 
90 99 
159 204 
90 93 
134 132 
151 280 
41 93 
41 300 
41 75 
12 225 
145 21 
274 199 
41 230 
87 204 
204 159 
41 274 
41 33 
133 134 
279 104 
134 50 
79 50 
50 134 
159 204 
279 304 
21 145 
80 40 
58 254 
80 255 
80 194 
80 51 
291 80 
219 6 
295 310 
4 12 
173 116 
295 161 
223 176 
230 183 
116 202 
254 52 
159 204 
231 6 
252 234 
231 219 
7 228 
7 241 
7 118 
7 279 
183 230 
183 90 
7 278 
116 270 
7 305 
7 299 
7 189 
225 223 
82 274 
