7 279 
157 155 
157 185 
6 112 
6 219 
50 38 
50 267 
219 6 
279 7 
93 300 
279 278 
279 189 
279 305 
279 299 
279 228 
279 118 
279 241 
85 6 
267 161 
6 85 
6 314 
253 173 
58 193 
58 200 
7 279 
278 136 
58 246 
58 270 
58 45 
58 301 
58 83 
58 254 
58 52 
204 159 
223 176 
300 93 
83 45 
204 159 
28 285 
50 267 
266 231 
228 13 
13 228 
199 90 
80 40 
150 183 
90 143 
145 21 
254 200 
220 230 
161 284 
279 7 
50 133 
90 281 
132 284 
152 26 
133 267 
133 50 
50 267 
132 2 
159 204 
200 254 
199 90 
21 145 
90 199 
199 90 
21 145 
90 199 
145 21 
40 291 
50 133 
280 53 
133 284 
40 80 
101 13 
26 152 
161 295 
133 50 
161 310 
7 279 
161 145 
173 253 
199 90 
161 184 
200 254 
254 200 
21 145 
145 21 
173 116 
132 184 
161 267 
145 267 
204 159 
132 120 
161 203 
161 240 
90 220 
51 80 
90 306 
90 281 
90 258 
90 33 
90 264 
90 15 
219 112 
121 69 
90 77 
90 39 
90 186 
230 59 
53 280 
90 48 
90 23 
26 152 
230 97 
52 270 
79 3 
90 61 
7 279 
90 98 
90 262 
86 252 
90 269 
230 306 
90 99 
90 93 
200 254 
90 300 
90 75 
270 52 
90 82 
90 143 
254 200 
90 150 
90 199 
90 59 
90 230 
145 21 
50 133 
90 97 
90 274 
90 74 
90 183 
145 21 
194 291 
269 300 
269 75 
204 159 
269 33 
194 80 
223 176 
26 28 
269 274 
80 51 
152 26 
26 152 
143 186 
3 79 
269 93 
159 204 
269 230 
254 200 
21 145 
252 279 
189 135 
279 252 
112 219 
50 38 
85 132 
85 6 
189 135 
184 284 
112 219 
135 189 
21 145 
