184 161 
184 295 
161 145 
90 98 
90 262 
90 269 
90 99 
159 204 
90 93 
90 300 
90 75 
161 184 
90 82 
90 143 
90 150 
90 199 
90 59 
90 230 
161 267 
90 97 
90 274 
90 74 
90 183 
161 79 
90 220 
90 306 
90 281 
90 258 
90 33 
90 264 
90 15 
90 77 
90 39 
90 186 
90 48 
90 23 
160 318 
160 63 
160 317 
160 60 
160 159 
21 145 
160 222 
75 90 
160 103 
160 249 
204 159 
184 161 
13 116 
75 274 
223 176 
194 40 
184 295 
144 7 
21 145 
145 21 
234 242 
80 51 
24 252 
53 280 
7 279 
75 93 
135 228 
135 242 
279 242 
135 304 
135 189 
135 104 
21 145 
145 184 
241 234 
145 161 
145 21 
135 118 
279 7 
38 112 
135 278 
145 267 
135 279 
298 141 
85 132 
280 53 
135 7 
242 135 
53 280 
53 225 
81 28 
174 53 
193 200 
104 135 
141 298 
299 108 
145 21 
279 7 
90 274 
298 141 
90 281 
28 1 
90 59 
90 274 
161 266 
79 161 
90 183 
90 220 
90 97 
90 74 
90 306 
161 79 
202 299 
90 281 
189 279 
194 80 
90 258 
90 264 
90 15 
90 39 
184 134 
90 186 
79 267 
90 33 
90 77 
90 48 
90 23 
90 262 
28 26 
90 269 
90 98 
90 300 
90 99 
90 93 
90 75 
90 82 
90 199 
161 283 
90 143 
90 230 
145 21 
194 291 
90 150 
7 263 
21 145 
108 299 
204 159 
28 223 
132 284 
184 134 
7 279 
3 184 
3 295 
105 305 
38 6 
21 145 
6 38 
80 194 
314 6 
78 161 
13 116 
3 6 
6 314 
116 13 
184 267 
189 279 
3 112 
299 202 
184 134 
299 301 
159 249 
216 233 
21 145 
145 21 
38 6 
263 7 
6 38 
299 108 
134 184 
314 6 
6 314 
189 279 
184 161 
314 6 
6 314 
184 267 
132 284 
7 279 
81 142 
7 263 
21 145 
45 108 
120 310 
314 6 
6 314 
159 249 
45 299 
108 45 
230 82 
7 279 
228 301 
26 293 
267 79 
79 267 
159 249 
94 7 
280 53 
200 193 
230 90 
230 306 
230 82 
90 98 
204 318 
90 269 
90 99 
204 63 
90 93 
90 300 
90 75 
90 82 
90 199 
90 143 
90 230 
90 150 
90 59 
204 317 
204 60 
90 183 
90 220 
90 97 
90 274 
79 161 
90 74 
90 281 
90 258 
204 159 
90 306 
90 264 
204 222 
90 39 
90 186 
79 267 
90 33 
53 280 
90 15 
90 77 
90 48 
90 23 
204 249 
90 262 
204 103 
293 26 
306 230 
202 299 
279 162 
279 139 
314 284 
279 299 
279 228 
279 252 
279 241 
279 242 
279 47 
134 184 
241 279 
176 26 
7 309 
299 279 
86 10 
176 223 
159 249 
82 230 
26 176 
45 299 
204 249 
199 186 
252 86 
90 98 
90 300 
173 253 
90 75 
90 99 
90 93 
30 26 
223 225 
90 82 
90 199 
90 59 
90 143 
90 230 
194 291 
90 150 
173 116 
90 274 
258 90 
7 309 
90 183 
90 220 
90 97 
279 253 
90 74 
90 306 
90 281 
90 258 
90 33 
90 264 
90 15 
90 39 
90 186 
293 292 
90 23 
223 26 
90 77 
279 13 
299 200 
90 48 
58 162 
90 262 
30 28 
90 269 
90 77 
90 39 
194 40 
90 48 
90 23 
269 93 
90 98 
90 262 
90 269 
90 99 
90 93 
90 300 
151 280 
90 75 
90 82 
269 230 
90 199 
90 143 
90 230 
90 150 
256 307 
269 300 
90 59 
26 30 
13 279 
269 75 
90 183 
90 220 
90 97 
90 274 
90 74 
90 281 
269 33 
204 159 
90 306 
90 264 
90 258 
90 186 
310 120 
269 274 
90 33 
90 15 
120 310 
132 284 
184 134 
26 223 
90 186 
263 234 
105 305 
194 80 
304 135 
186 90 
314 6 
238 2 
38 134 
152 26 
139 279 
26 152 
242 173 
26 127 
300 74 
200 193 
270 52 
38 120 
228 135 
134 133 
234 263 
228 301 
45 299 
152 180 
228 299 
208 307 
127 292 
159 249 
310 120 
263 234 
143 90 
263 7 
6 314 
30 26 
26 30 
280 151 
59 306 
90 97 
90 274 
90 74 
79 283 
90 183 
90 220 
90 306 
90 281 
90 258 
90 33 
90 264 
90 15 
90 77 
90 39 
90 186 
90 48 
90 23 
90 98 
90 262 
79 266 
90 269 
90 99 
90 93 
90 300 
90 75 
90 82 
79 78 
90 143 
90 150 
90 199 
90 59 
90 230 
299 228 
204 317 
204 60 
204 159 
120 310 
204 222 
299 45 
83 114 
204 103 
208 307 
299 200 
204 249 
33 274 
193 200 
204 318 
204 63 
279 135 
279 118 
279 228 
234 299 
279 242 
200 193 
279 304 
234 228 
234 135 
234 252 
80 40 
234 57 
234 211 
228 47 
234 35 
234 242 
279 278 
234 25 
234 189 
189 279 
234 7 
234 263 
83 301 
279 104 
234 241 
279 299 
234 118 
279 189 
234 278 
234 308 
30 26 
158 202 
189 234 
7 309 
120 310 
189 279 
310 120 
151 152 
159 249 
7 279 
159 204 
278 234 
151 280 
278 279 
45 117 
241 234 
295 161 
204 159 
310 120 
291 80 
159 249 
63 204 
159 204 
143 90 
38 112 
45 301 
45 270 
279 309 
45 58 
45 52 
35 234 
45 144 
291 80 
45 193 
132 284 
45 83 
45 200 
252 94 
45 254 
45 207 
230 82 
80 40 
40 80 
221 252 
223 176 
184 267 
228 301 
26 152 
242 250 
80 40 
250 158 
176 223 
151 152 
252 94 
12 28 
274 33 
159 249 
250 279 
228 135 
250 299 
152 151 
200 254 
144 7 
299 279 
