47 228 
121 225 
2 132 
38 78 
38 161 
79 161 
267 161 
262 74 
38 283 
283 38 
78 38 
78 161 
78 38 
78 161 
231 2 
231 132 
231 266 
231 71 
231 16 
231 133 
231 78 
231 134 
231 79 
231 218 
231 310 
231 85 
231 311 
231 184 
231 295 
231 257 
231 38 
231 161 
199 186 
231 240 
231 120 
231 284 
231 145 
231 267 
231 238 
231 50 
231 112 
231 283 
231 3 
231 314 
231 27 
204 159 
152 151 
39 274 
250 139 
78 38 
78 161 
38 283 
314 6 
283 38 
250 242 
274 230 
161 267 
86 10 
283 38 
161 38 
86 221 
33 274 
161 78 
132 2 
108 241 
33 274 
25 130 
230 274 
130 25 
161 267 
108 104 
228 279 
108 241 
11 175 
108 209 
228 104 
228 290 
108 315 
7 25 
7 263 
7 279 
78 38 
78 161 
78 161 
78 38 
78 161 
204 159 
279 228 
279 241 
51 80 
94 114 
50 38 
50 184 
50 161 
230 59 
231 257 
104 52 
230 97 
161 78 
50 145 
50 267 
230 306 
57 116 
50 283 
50 295 
50 16 
50 78 
50 79 
231 132 
51 80 
223 121 
79 50 
279 252 
78 38 
78 161 
2 132 
300 183 
50 267 
161 78 
274 230 
50 132 
176 223 
50 38 
161 38 
274 82 
50 161 
274 33 
269 274 
269 93 
269 230 
269 300 
80 194 
269 75 
269 33 
194 80 
51 80 
116 253 
317 63 
46 113 
150 90 
116 202 
113 46 
116 173 
25 130 
114 94 
234 228 
150 183 
79 161 
145 161 
288 276 
145 267 
161 310 
25 130 
279 228 
7 279 
78 161 
6 85 
104 52 
241 279 
7 279 
