16 132 
11 175 
21 145 
21 145 
145 21 
145 21 
161 184 
161 267 
161 145 
38 283 
21 145 
160 204 
145 21 
145 21 
173 116 
145 3 
283 78 
132 284 
173 253 
21 145 
159 249 
77 90 
211 308 
2 133 
199 186 
279 234 
61 186 
234 279 
184 78 
135 35 
161 78 
202 116 
78 184 
79 38 
35 135 
78 161 
38 283 
79 161 
204 159 
189 279 
234 116 
12 28 
262 183 
262 300 
223 176 
132 284 
262 183 
242 250 
183 262 
288 111 
78 184 
299 279 
204 159 
135 35 
7 279 
234 122 
116 234 
21 145 
130 277 
145 21 
130 35 
132 284 
130 25 
130 189 
280 53 
130 49 
83 45 
116 253 
130 135 
116 202 
61 186 
116 173 
161 78 
164 118 
26 196 
7 279 
202 116 
145 21 
228 279 
184 161 
78 161 
116 13 
28 223 
38 79 
90 77 
26 4 
86 10 
223 176 
86 24 
135 299 
98 90 
86 221 
79 50 
86 252 
184 78 
161 78 
254 200 
80 40 
78 184 
295 38 
79 38 
295 161 
78 161 
135 279 
269 75 
279 7 
295 161 
116 270 
202 299 
269 33 
269 274 
161 38 
161 295 
269 93 
7 279 
279 228 
38 161 
38 295 
230 33 
269 230 
25 130 
269 300 
21 145 
38 50 
295 161 
295 38 
25 135 
50 38 
242 173 
116 202 
38 295 
202 116 
38 161 
252 215 
145 21 
21 145 
145 21 
50 267 
78 283 
145 21 
161 78 
145 21 
78 161 
267 50 
21 145 
145 21 
40 80 
90 98 
50 267 
204 303 
242 173 
204 249 
204 103 
173 253 
204 318 
204 63 
267 50 
145 21 
173 116 
204 317 
204 60 
204 159 
204 160 
204 222 
77 90 
90 77 
279 299 
161 295 
104 52 
50 267 
3 145 
234 252 
145 3 
204 317 
79 38 
299 279 
204 159 
145 79 
234 116 
28 176 
3 78 
79 50 
318 159 
164 118 
7 279 
200 254 
118 164 
116 234 
21 145 
161 78 
138 11 
138 175 
7 279 
38 79 
26 4 
26 121 
26 298 
26 18 
26 152 
26 127 
26 12 
26 81 
26 64 
38 161 
26 9 
26 180 
48 39 
26 30 
26 256 
26 280 
26 225 
38 283 
305 234 
79 38 
40 291 
26 69 
26 208 
202 299 
26 307 
26 191 
26 223 
26 285 
26 53 
11 138 
38 78 
12 4 
26 174 
299 304 
204 159 
86 10 
204 160 
11 138 
204 222 
12 4 
174 53 
12 28 
38 79 
299 301 
38 78 
291 40 
204 303 
299 83 
299 45 
204 249 
7 94 
204 103 
86 221 
138 11 
138 175 
7 279 
204 318 
204 63 
299 228 
299 118 
299 252 
78 38 
299 101 
204 317 
204 60 
299 108 
7 309 
299 279 
299 228 
78 38 
299 101 
3 267 
38 50 
299 108 
78 161 
178 304 
299 304 
299 279 
223 28 
202 299 
40 80 
50 38 
299 301 
38 78 
299 83 
299 45 
138 11 
138 175 
83 299 
38 161 
299 118 
299 252 
7 279 
90 82 
269 230 
3 267 
269 300 
269 75 
7 309 
114 299 
269 33 
269 274 
28 127 
114 242 
242 173 
269 93 
79 50 
180 225 
318 159 
173 116 
279 7 
307 18 
221 252 
28 127 
254 200 
223 69 
262 230 
191 307 
94 7 
53 174 
7 94 
144 7 
