249 204 
249 103 
79 112 
79 161 
112 79 
230 75 
33 230 
33 274 
33 232 
267 161 
33 300 
69 298 
38 50 
161 79 
50 38 
161 267 
256 127 
13 278 
21 145 
252 215 
21 145 
159 204 
159 73 
280 53 
204 248 
204 249 
79 50 
79 50 
278 13 
173 253 
173 116 
315 279 
306 230 
50 79 
204 244 
233 273 
53 280 
103 249 
249 103 
280 53 
13 278 
97 230 
204 103 
143 230 
161 267 
249 248 
145 21 
80 40 
28 141 
25 35 
28 307 
151 152 
50 79 
25 135 
233 273 
219 112 
258 82 
25 57 
28 127 
241 228 
204 103 
28 251 
28 9 
183 230 
13 234 
283 50 
75 230 
28 195 
28 30 
252 215 
24 86 
25 130 
273 233 
273 276 
173 116 
132 184 
25 139 
25 122 
79 284 
291 80 
132 284 
86 24 
12 28 
25 241 
262 300 
273 70 
79 3 
25 279 
173 253 
81 28 
230 97 
230 61 
230 183 
230 98 
230 300 
28 251 
28 81 
230 269 
28 26 
230 99 
184 132 
230 306 
7 279 
230 258 
28 174 
230 75 
28 64 
230 33 
28 9 
230 82 
28 180 
230 143 
28 187 
230 150 
28 30 
230 48 
28 256 
220 230 
228 241 
230 274 
28 280 
28 195 
28 225 
293 1 
279 7 
230 220 
28 141 
28 1 
28 293 
28 208 
230 281 
202 35 
28 307 
28 69 
230 93 
28 191 
230 264 
230 15 
28 223 
230 39 
28 285 
230 186 
310 120 
61 230 
230 23 
293 127 
40 80 
28 4 
28 53 
28 298 
230 169 
230 199 
28 18 
28 127 
28 12 
28 176 
241 228 
35 202 
28 121 
230 262 
274 75 
70 273 
135 13 
137 38 
202 57 
135 130 
135 277 
264 75 
135 57 
87 222 
135 228 
202 304 
135 35 
137 120 
135 242 
7 279 
143 90 
135 25 
248 244 
135 49 
87 244 
199 90 
116 278 
202 130 
278 116 
263 7 
186 230 
132 184 
87 63 
161 267 
252 221 
87 248 
40 291 
78 161 
258 230 
79 161 
75 274 
132 184 
151 54 
116 253 
79 267 
161 38 
293 127 
230 59 
120 137 
97 230 
230 97 
184 132 
161 78 
116 202 
230 75 
116 173 
230 306 
116 278 
307 28 
204 63 
135 189 
82 258 
204 248 
230 274 
278 116 
59 230 
204 317 
204 60 
132 184 
306 230 
204 159 
194 80 
221 252 
204 244 
86 10 
116 253 
86 47 
279 315 
204 160 
86 24 
204 222 
204 103 
208 307 
204 249 
86 221 
184 132 
116 202 
204 87 
204 318 
127 256 
116 173 
242 173 
7 279 
38 161 
6 3 
159 204 
38 115 
21 145 
75 230 
230 274 
263 7 
242 278 
85 3 
250 158 
118 279 
242 279 
298 69 
274 33 
274 75 
230 306 
264 230 
7 279 
230 33 
266 238 
230 274 
251 28 
256 28 
228 86 
280 53 
252 215 
25 130 
25 277 
161 231 
86 228 
161 266 
78 38 
78 161 
225 28 
