38 283 
50 38 
50 161 
145 21 
145 21 
21 145 
21 145 
283 38 
38 283 
38 50 
263 162 
38 78 
208 28 
281 90 
199 90 
199 186 
28 195 
28 225 
3 50 
12 28 
274 33 
28 176 
26 121 
28 251 
187 81 
225 28 
161 231 
81 187 
38 283 
161 266 
4 26 
223 176 
38 78 
38 161 
133 132 
133 85 
81 187 
38 50 
143 230 
143 183 
38 283 
223 81 
81 223 
81 223 
81 187 
251 28 
38 50 
38 283 
38 78 
38 283 
50 283 
50 78 
50 79 
50 283 
50 283 
50 38 
50 161 
50 145 
50 267 
161 231 
50 283 
50 295 
50 16 
134 38 
161 266 
50 78 
50 79 
274 93 
143 183 
45 117 
38 50 
223 30 
152 180 
143 230 
26 9 
223 81 
145 112 
81 223 
152 151 
26 28 
161 145 
112 145 
223 225 
161 112 
112 161 
145 161 
38 283 
274 33 
281 230 
281 90 
256 293 
293 256 
120 310 
38 78 
219 112 
112 219 
225 223 
