144 7 
144 7 
7 144 
6 112 
6 132 
6 284 
6 314 
144 7 
300 74 
26 28 
11 175 
253 173 
208 28 
90 150 
40 291 
274 90 
83 301 
26 28 
28 53 
150 90 
230 59 
230 97 
230 269 
230 306 
132 2 
108 301 
108 252 
279 242 
108 83 
279 250 
108 299 
279 7 
50 133 
90 274 
108 228 
108 118 
108 101 
108 304 
108 279 
249 317 
164 304 
208 28 
314 238 
118 164 
314 132 
90 274 
234 7 
93 230 
90 43 
11 175 
174 195 
256 208 
161 284 
279 250 
90 199 
279 7 
116 270 
194 80 
11 175 
270 116 
199 186 
279 242 
279 211 
50 267 
279 242 
50 283 
50 295 
279 250 
50 16 
108 299 
50 78 
50 79 
50 38 
93 90 
50 161 
249 317 
269 274 
2 16 
200 270 
269 93 
199 186 
200 45 
317 159 
200 83 
200 254 
269 230 
269 300 
306 59 
262 232 
269 75 
2 238 
306 230 
279 7 
306 90 
306 97 
200 58 
116 270 
269 33 
279 315 
300 232 
230 274 
241 162 
117 45 
132 284 
25 242 
18 180 
280 53 
280 28 
