50 267 
90 183 
90 220 
90 306 
90 281 
90 258 
90 33 
90 264 
90 15 
90 77 
90 39 
90 186 
90 48 
90 23 
90 61 
90 98 
90 262 
90 269 
90 99 
90 93 
90 300 
90 75 
90 82 
173 242 
90 143 
90 150 
90 199 
90 59 
90 230 
50 78 
90 97 
90 274 
254 200 
2 120 
2 284 
51 291 
79 6 
273 233 
273 276 
2 6 
2 267 
204 317 
204 60 
2 238 
51 80 
204 159 
2 27 
204 160 
2 3 
204 222 
2 132 
85 6 
291 51 
273 111 
273 288 
2 133 
204 103 
291 194 
51 255 
204 249 
2 257 
2 134 
273 70 
200 254 
2 240 
204 318 
204 63 
2 161 
7 279 
161 145 
90 98 
90 262 
278 136 
262 258 
90 269 
90 99 
90 93 
90 300 
90 75 
71 120 
283 50 
161 184 
180 28 
90 82 
90 199 
50 283 
90 143 
278 279 
90 150 
90 59 
90 230 
90 183 
194 291 
161 267 
242 139 
90 97 
90 274 
225 223 
231 266 
90 220 
204 159 
176 223 
90 306 
90 281 
278 253 
90 264 
90 258 
93 274 
90 186 
242 135 
90 33 
90 15 
90 77 
90 39 
279 305 
78 50 
242 173 
90 48 
90 23 
90 61 
90 77 
90 39 
90 186 
90 48 
90 23 
90 61 
90 98 
90 262 
90 269 
90 99 
94 278 
7 279 
161 145 
90 93 
90 300 
202 116 
38 161 
90 75 
161 184 
90 82 
90 143 
90 199 
78 38 
90 59 
90 230 
90 150 
161 267 
90 97 
90 274 
90 183 
78 161 
90 220 
90 306 
90 281 
90 258 
176 223 
90 33 
50 38 
161 38 
305 279 
90 264 
90 15 
28 191 
28 307 
204 159 
79 284 
28 223 
28 285 
28 53 
80 51 
28 152 
28 127 
28 4 
279 104 
28 176 
28 121 
28 298 
279 305 
28 18 
28 12 
90 48 
28 251 
28 81 
28 26 
28 174 
279 228 
28 64 
48 183 
279 242 
28 180 
28 9 
279 304 
28 30 
28 256 
90 150 
28 141 
79 184 
28 280 
28 1 
28 208 
7 122 
184 79 
204 318 
230 33 
204 63 
151 280 
90 199 
230 220 
204 317 
204 60 
232 33 
255 51 
204 159 
151 54 
77 143 
176 223 
204 160 
26 28 
204 222 
50 38 
77 48 
204 103 
204 249 
208 28 
33 274 
53 280 
28 176 
204 249 
41 33 
279 135 
161 145 
173 253 
159 204 
279 242 
278 94 
161 184 
223 225 
41 93 
21 145 
41 300 
41 75 
245 157 
173 116 
38 50 
279 7 
161 267 
41 230 
204 159 
41 274 
279 278 
223 28 
159 249 
176 223 
283 38 
256 18 
0 259 
145 161 
31 279 
86 10 
86 47 
86 221 
7 279 
50 283 
254 52 
219 284 
7 279 
50 161 
94 278 
278 94 
127 92 
208 225 
219 284 
38 50 
145 21 
204 159 
278 253 
273 111 
3 132 
3 266 
3 71 
219 3 
3 16 
3 133 
3 78 
242 173 
3 219 
3 79 
3 310 
273 70 
278 13 
3 85 
3 184 
3 295 
3 257 
3 38 
159 204 
3 161 
3 240 
3 145 
273 233 
3 120 
3 284 
3 314 
273 276 
278 116 
3 267 
3 238 
3 134 
3 6 
242 278 
3 50 
3 112 
3 283 
194 291 
93 300 
194 80 
291 80 
300 93 
278 253 
40 80 
299 202 
291 51 
225 208 
291 40 
11 175 
291 194 
3 219 
120 284 
21 145 
173 250 
250 173 
38 50 
1 28 
93 300 
28 1 
45 270 
219 6 
45 301 
204 159 
45 193 
300 93 
45 58 
45 52 
45 254 
45 144 
26 28 
45 83 
45 200 
45 207 
219 3 
279 135 
7 279 
279 242 
236 278 
7 279 
267 50 
309 8 
145 161 
145 267 
300 93 
80 51 
278 236 
143 186 
3 219 
278 136 
173 253 
7 279 
309 8 
250 135 
3 284 
173 116 
80 194 
51 80 
8 309 
176 223 
208 9 
135 279 
223 176 
117 101 
194 291 
21 145 
81 142 
80 40 
145 21 
279 7 
279 278 
279 135 
50 267 
1 256 
279 242 
200 254 
200 52 
50 267 
279 252 
86 221 
69 223 
267 50 
230 33 
41 93 
41 300 
41 75 
230 220 
230 274 
0 259 
41 230 
41 274 
86 10 
86 47 
41 33 
223 176 
159 204 
52 254 
161 50 
266 132 
50 161 
7 279 
78 38 
78 161 
7 279 
161 50 
69 121 
225 223 
53 280 
194 291 
38 50 
50 6 
173 116 
319 252 
38 50 
173 253 
279 228 
28 26 
223 225 
278 279 
26 28 
2 132 
6 50 
58 162 
28 26 
7 279 
173 253 
2 284 
21 145 
173 116 
38 50 
232 33 
176 223 
24 252 
267 50 
52 254 
90 167 
41 75 
167 90 
41 93 
41 300 
93 300 
79 38 
41 230 
223 28 
41 274 
41 33 
50 267 
199 186 
7 279 
204 249 
159 204 
21 145 
26 187 
81 187 
202 108 
306 90 
299 279 
204 159 
176 223 
3 283 
300 93 
28 285 
116 253 
24 252 
108 202 
299 114 
50 267 
116 173 
199 186 
104 304 
220 230 
21 145 
183 90 
145 21 
50 78 
204 159 
50 6 
38 50 
50 133 
116 253 
242 135 
50 38 
78 50 
262 183 
135 242 
7 279 
278 136 
50 267 
116 173 
267 50 
242 250 
21 145 
279 7 
7 279 
159 204 
52 254 
161 38 
7 279 
130 57 
219 284 
