90 82 
21 145 
90 143 
145 21 
33 230 
93 230 
33 300 
128 202 
2 132 
278 136 
173 253 
274 232 
2 284 
145 21 
274 230 
202 128 
274 300 
2 238 
90 281 
2 132 
262 74 
300 183 
307 12 
180 18 
230 93 
204 159 
85 6 
38 184 
230 306 
7 279 
7 263 
21 145 
24 131 
194 80 
24 252 
10 252 
314 133 
306 230 
40 291 
279 7 
202 128 
116 253 
280 26 
116 202 
116 173 
278 173 
127 256 
300 33 
314 132 
279 7 
256 127 
242 173 
127 256 
238 2 
230 274 
230 93 
280 26 
26 280 
79 267 
33 274 
79 3 
250 228 
79 161 
230 274 
2 238 
230 220 
145 267 
194 80 
238 2 
40 80 
194 40 
230 33 
21 145 
145 184 
202 116 
132 295 
132 16 
132 240 
132 17 
145 184 
132 71 
132 218 
132 133 
132 310 
132 78 
21 145 
132 145 
132 85 
145 21 
132 238 
132 6 
183 300 
132 38 
132 184 
20 252 
194 80 
132 283 
202 128 
145 267 
132 3 
132 112 
132 284 
132 314 
132 27 
132 161 
33 300 
83 301 
132 120 
132 267 
132 261 
132 266 
132 79 
132 50 
132 110 
132 134 
33 230 
300 74 
132 257 
202 47 
132 2 
132 203 
33 274 
230 33 
21 145 
45 117 
145 21 
40 51 
35 25 
283 78 
202 128 
132 314 
128 202 
274 33 
114 242 
300 183 
279 228 
279 118 
33 274 
7 279 
202 116 
279 47 
7 25 
7 263 
306 230 
90 97 
78 283 
306 230 
208 26 
202 116 
21 145 
12 307 
230 306 
230 274 
108 299 
80 255 
151 152 
80 51 
262 183 
300 33 
173 242 
299 108 
117 45 
230 306 
151 280 
280 26 
7 279 
230 33 
230 232 
230 33 
26 280 
26 225 
159 204 
134 132 
262 300 
