291 194 
291 255 
291 51 
242 173 
255 291 
116 173 
127 92 
223 225 
92 127 
75 274 
204 244 
291 194 
135 25 
194 291 
244 87 
90 93 
28 174 
90 300 
28 64 
28 9 
90 75 
28 180 
90 82 
28 187 
90 143 
28 30 
28 256 
90 150 
204 248 
90 199 
28 280 
28 1 
28 195 
28 225 
90 59 
90 230 
28 141 
263 7 
28 293 
90 97 
28 208 
90 274 
90 183 
28 307 
90 220 
28 69 
204 159 
28 191 
90 306 
28 223 
90 281 
28 285 
28 53 
90 258 
90 33 
28 4 
90 264 
90 15 
28 298 
90 77 
90 39 
90 186 
12 28 
28 18 
28 152 
28 127 
28 12 
28 176 
90 48 
28 121 
90 23 
90 169 
28 26 
204 249 
90 61 
28 251 
90 98 
90 262 
28 81 
173 253 
90 269 
90 99 
204 249 
273 70 
193 200 
174 28 
10 252 
298 174 
273 276 
204 248 
75 274 
101 278 
132 161 
204 159 
26 307 
132 284 
242 299 
26 285 
26 127 
26 176 
26 4 
26 298 
26 18 
234 279 
26 12 
161 78 
279 234 
26 1 
132 2 
26 9 
26 180 
26 187 
26 280 
26 293 
242 114 
75 274 
26 208 
26 191 
41 230 
132 184 
41 274 
28 285 
41 33 
41 93 
41 75 
41 300 
273 233 
202 116 
26 9 
26 187 
298 174 
26 280 
26 293 
26 208 
26 191 
26 307 
26 285 
26 127 
26 176 
26 4 
26 298 
26 18 
26 12 
26 1 
10 221 
26 180 
116 202 
116 173 
200 193 
180 18 
116 253 
38 50 
219 314 
38 283 
204 248 
204 159 
204 249 
204 87 
204 318 
204 63 
79 78 
204 248 
204 317 
204 60 
204 244 
204 159 
204 160 
204 222 
204 103 
204 249 
101 228 
28 298 
161 295 
252 279 
252 122 
78 161 
33 43 
7 309 
93 183 
93 306 
93 300 
93 82 
93 143 
93 230 
128 305 
93 59 
93 274 
93 90 
93 97 
93 33 
10 252 
93 262 
273 72 
318 159 
143 230 
173 242 
191 26 
93 75 
26 191 
274 75 
50 38 
144 7 
204 159 
26 191 
143 186 
202 116 
144 7 
38 50 
225 223 
9 26 
50 38 
254 7 
26 9 
21 145 
7 254 
78 283 
252 234 
252 215 
59 41 
204 222 
204 103 
204 249 
204 87 
204 318 
87 244 
204 63 
204 248 
41 59 
204 317 
204 60 
204 244 
204 159 
204 160 
41 230 
223 69 
249 248 
41 274 
41 33 
94 108 
248 244 
41 93 
41 300 
41 75 
41 59 
33 232 
33 300 
191 208 
33 230 
33 274 
204 63 
234 252 
204 248 
204 60 
204 244 
252 234 
279 305 
279 299 
279 228 
279 118 
279 242 
7 279 
279 241 
279 304 
279 25 
279 158 
305 234 
241 279 
279 101 
279 278 
305 279 
45 117 
87 244 
314 219 
94 279 
94 122 
186 199 
219 314 
