314 219 
219 314 
219 314 
20 252 
59 97 
59 306 
28 4 
33 230 
306 274 
18 180 
143 186 
61 186 
137 120 
38 161 
87 244 
26 285 
26 127 
26 176 
26 4 
26 298 
26 18 
114 242 
26 12 
26 1 
69 223 
26 9 
26 180 
26 187 
26 280 
26 293 
26 208 
200 58 
114 299 
283 78 
26 191 
26 307 
178 304 
252 221 
223 176 
63 244 
116 253 
252 10 
63 87 
233 70 
152 28 
194 255 
143 186 
304 178 
116 202 
116 173 
194 291 
94 252 
279 7 
274 230 
221 252 
262 230 
3 78 
284 184 
173 253 
132 2 
7 279 
173 116 
132 284 
70 233 
25 277 
219 314 
161 284 
7 309 
225 53 
225 127 
225 18 
