161 78 
50 38 
50 161 
50 267 
50 283 
50 295 
50 16 
50 78 
50 79 
279 7 
116 253 
173 47 
80 291 
116 173 
80 40 
48 220 
273 233 
273 276 
116 47 
273 216 
40 291 
194 291 
273 302 
116 270 
116 13 
273 89 
194 80 
291 80 
116 253 
116 228 
40 80 
3 112 
79 145 
291 51 
273 288 
2 132 
291 40 
194 40 
116 35 
273 111 
159 160 
291 194 
33 230 
116 202 
273 70 
273 72 
116 173 
33 274 
40 194 
116 57 
202 116 
278 116 
28 18 
300 74 
18 28 
305 234 
222 63 
53 298 
230 232 
128 202 
279 263 
230 274 
279 25 
298 174 
279 25 
53 298 
279 263 
173 116 
28 208 
279 7 
306 90 
197 258 
116 253 
40 80 
298 53 
38 184 
173 253 
116 173 
33 274 
269 93 
25 7 
269 230 
269 300 
28 208 
160 103 
269 75 
2 238 
269 33 
3 112 
238 2 
186 74 
269 274 
28 18 
160 318 
103 249 
160 63 
199 264 
28 18 
160 317 
160 60 
160 159 
160 222 
158 202 
28 208 
160 249 
160 103 
38 283 
38 314 
38 16 
38 133 
38 132 
38 134 
38 79 
38 310 
38 78 
38 110 
38 85 
38 184 
38 257 
38 161 
38 295 
38 240 
38 284 
38 145 
202 209 
38 120 
38 267 
38 238 
38 6 
38 50 
38 112 
3 284 
161 284 
33 274 
20 252 
78 161 
161 295 
90 150 
90 199 
90 230 
90 97 
90 274 
90 74 
90 183 
90 43 
90 220 
90 306 
90 281 
90 258 
90 186 
90 88 
90 33 
90 264 
90 15 
90 77 
90 39 
90 48 
90 23 
90 98 
90 262 
90 99 
90 93 
90 300 
90 75 
90 82 
90 143 
90 98 
90 300 
90 75 
90 99 
90 93 
90 82 
90 199 
90 143 
90 230 
90 150 
90 274 
90 183 
90 43 
90 220 
90 97 
90 74 
90 306 
90 281 
90 258 
90 33 
90 264 
90 15 
90 39 
90 186 
90 88 
90 23 
90 77 
26 18 
90 48 
90 262 
150 90 
194 40 
300 90 
173 253 
90 300 
173 116 
2 238 
194 291 
150 74 
194 80 
40 80 
86 10 
40 80 
86 24 
150 90 
242 173 
86 252 
144 7 
90 150 
279 263 
279 25 
279 7 
112 3 
298 141 
53 298 
295 161 
18 26 
28 53 
174 53 
299 301 
298 53 
300 262 
300 183 
279 234 
53 174 
53 28 
70 111 
1 256 
90 99 
90 93 
90 300 
90 75 
144 7 
90 82 
90 143 
28 256 
90 150 
90 199 
28 280 
28 195 
28 225 
306 59 
216 276 
90 230 
306 230 
184 161 
306 90 
90 97 
90 274 
90 74 
90 183 
90 43 
90 220 
306 97 
86 10 
90 306 
90 281 
28 285 
90 258 
90 88 
90 33 
90 264 
90 15 
86 24 
90 77 
90 39 
12 4 
90 186 
90 48 
90 23 
28 251 
90 98 
90 262 
300 74 
86 252 
50 267 
279 7 
234 305 
234 305 
314 284 
28 18 
234 279 
18 208 
116 202 
202 116 
144 7 
158 202 
28 208 
252 182 
305 234 
6 314 
230 93 
10 86 
104 164 
280 53 
93 230 
144 7 
264 90 
230 33 
264 74 
279 7 
35 25 
6 314 
230 93 
86 10 
132 120 
132 284 
86 24 
141 12 
86 252 
242 173 
173 242 
7 144 
25 234 
53 280 
25 7 
16 2 
16 132 
280 53 
16 284 
16 238 
7 25 
238 284 
238 132 
238 2 
53 280 
238 16 
161 284 
280 53 
306 230 
306 59 
161 120 
306 90 
306 97 
161 295 
132 284 
132 2 
173 242 
132 16 
132 238 
230 274 
306 59 
306 230 
306 90 
183 300 
306 97 
291 40 
230 59 
230 97 
199 186 
230 269 
230 306 
60 63 
63 60 
3 16 
242 173 
38 134 
120 161 
160 63 
300 183 
38 161 
38 295 
230 306 
160 60 
132 133 
173 242 
38 267 
160 222 
306 59 
38 50 
306 230 
306 90 
160 249 
183 300 
38 283 
306 97 
283 132 
160 103 
132 283 
160 318 
234 25 
132 284 
6 314 
132 283 
20 252 
199 264 
200 254 
200 52 
38 283 
90 82 
90 199 
90 143 
90 230 
90 150 
90 183 
90 220 
90 97 
90 274 
90 74 
90 281 
90 43 
90 306 
90 264 
90 258 
90 186 
90 88 
90 33 
120 184 
90 15 
90 77 
90 39 
90 48 
90 23 
104 52 
90 262 
90 98 
202 116 
90 99 
90 93 
90 300 
90 75 
7 279 
200 52 
199 90 
7 25 
7 263 
90 199 
278 116 
45 301 
278 253 
291 51 
53 280 
291 40 
291 194 
12 28 
199 220 
53 280 
291 194 
230 306 
199 186 
35 270 
278 228 
199 90 
306 230 
280 53 
228 278 
184 267 
143 220 
12 28 
131 113 
143 39 
143 186 
251 53 
278 228 
278 94 
199 90 
116 270 
116 253 
307 180 
116 202 
116 173 
200 254 
252 10 
53 251 
7 234 
7 279 
7 25 
7 263 
313 214 
161 3 
161 120 
161 184 
