173 253 
161 284 
173 116 
53 280 
91 95 
38 311 
53 280 
291 40 
38 257 
38 161 
38 240 
38 284 
242 250 
202 209 
38 267 
105 305 
161 284 
250 242 
202 128 
280 53 
38 132 
128 202 
279 278 
279 122 
279 189 
252 10 
279 299 
279 118 
279 252 
132 2 
69 28 
120 112 
40 291 
134 38 
108 299 
28 285 
25 241 
105 305 
305 105 
53 174 
80 40 
202 128 
33 232 
33 300 
128 202 
53 280 
279 13 
33 230 
33 274 
116 173 
13 279 
299 279 
116 253 
3 16 
269 33 
269 274 
291 194 
269 93 
69 307 
28 180 
269 230 
3 284 
274 230 
269 300 
269 75 
28 191 
2 238 
230 93 
234 116 
278 299 
220 48 
80 291 
86 252 
116 234 
2 284 
278 279 
10 252 
279 278 
279 299 
279 189 
279 252 
279 118 
299 279 
189 279 
11 175 
278 253 
278 200 
278 173 
278 279 
278 253 
278 236 
284 238 
144 7 
161 145 
161 267 
161 79 
242 250 
314 6 
157 185 
0 214 
225 26 
225 307 
225 127 
225 18 
225 26 
26 225 
252 86 
26 225 
82 281 
