223 225 
21 145 
21 145 
26 225 
242 173 
199 82 
199 33 
199 150 
199 274 
199 264 
199 186 
199 169 
199 183 
38 78 
38 161 
0 259 
307 18 
307 208 
0 259 
78 38 
38 78 
82 281 
160 317 
160 60 
160 159 
160 222 
160 103 
160 249 
40 190 
160 318 
160 63 
194 80 
31 279 
306 97 
28 223 
40 80 
274 75 
250 7 
194 40 
299 278 
28 26 
7 279 
202 116 
7 250 
249 159 
173 242 
306 59 
306 230 
194 291 
306 90 
305 105 
281 82 
132 145 
160 222 
45 117 
132 238 
132 6 
132 85 
160 103 
132 184 
160 249 
132 38 
132 283 
132 3 
132 112 
132 284 
132 314 
132 27 
132 161 
160 318 
83 301 
132 120 
132 267 
160 63 
132 261 
132 266 
132 134 
132 79 
83 299 
159 160 
132 50 
132 110 
132 257 
160 317 
33 274 
132 2 
160 60 
132 203 
132 295 
160 159 
132 16 
132 240 
199 90 
132 17 
132 71 
132 218 
132 133 
132 310 
132 78 
26 1 
53 28 
314 132 
279 7 
97 262 
299 279 
223 28 
234 164 
1 26 
298 28 
234 108 
234 299 
183 230 
299 234 
75 230 
80 40 
161 267 
305 234 
79 161 
183 82 
234 158 
117 45 
161 79 
234 305 
13 278 
40 80 
234 202 
28 298 
116 13 
116 253 
116 228 
291 51 
291 40 
298 28 
291 194 
116 173 
160 159 
81 226 
199 90 
116 47 
45 117 
58 83 
269 300 
269 75 
269 33 
230 93 
291 190 
57 135 
278 253 
26 307 
136 299 
40 80 
26 28 
291 51 
269 274 
291 194 
278 13 
269 93 
117 234 
269 230 
306 59 
306 90 
306 97 
26 307 
242 173 
202 47 
186 143 
26 12 
230 274 
274 199 
252 122 
40 80 
57 189 
161 38 
6 283 
280 53 
53 280 
69 223 
69 28 
63 222 
7 114 
108 299 
47 202 
81 28 
33 274 
283 6 
