161 267 
161 310 
161 78 
161 145 
161 184 
79 267 
90 99 
90 93 
90 300 
90 75 
90 167 
90 82 
90 143 
90 150 
90 199 
90 230 
90 97 
90 274 
90 74 
90 183 
90 43 
90 220 
90 306 
90 281 
90 258 
90 88 
90 33 
90 264 
90 15 
90 77 
90 39 
90 186 
90 48 
90 23 
90 98 
90 262 
90 220 
90 306 
90 281 
90 258 
310 145 
90 186 
90 88 
79 267 
90 33 
310 267 
90 264 
90 15 
90 77 
90 39 
278 122 
90 48 
90 23 
199 186 
90 98 
90 262 
90 99 
90 93 
200 52 
90 300 
90 75 
90 167 
90 82 
90 143 
90 150 
90 199 
310 184 
306 59 
90 230 
306 230 
306 90 
90 97 
306 97 
90 274 
310 161 
90 74 
90 183 
90 43 
52 104 
160 249 
316 122 
28 285 
53 280 
103 160 
28 251 
151 280 
89 276 
228 116 
18 208 
180 152 
158 299 
236 116 
236 7 
236 94 
116 173 
236 263 
236 162 
236 315 
249 160 
236 309 
236 122 
80 194 
258 90 
236 13 
236 173 
116 253 
236 253 
116 228 
236 228 
310 145 
116 236 
253 236 
278 122 
90 258 
295 267 
269 274 
295 50 
269 93 
299 158 
38 161 
38 284 
269 230 
90 199 
295 38 
269 300 
295 184 
269 75 
295 161 
316 309 
240 161 
160 249 
78 283 
269 33 
306 59 
90 230 
306 230 
306 90 
309 236 
90 97 
90 274 
90 74 
316 116 
90 183 
194 80 
90 43 
90 220 
306 97 
90 306 
90 281 
90 258 
280 53 
90 88 
90 33 
90 264 
90 15 
90 77 
90 39 
90 186 
26 4 
90 48 
90 23 
90 98 
90 262 
280 174 
180 152 
90 99 
90 93 
90 300 
90 75 
199 90 
90 167 
90 82 
90 143 
90 150 
90 199 
305 299 
51 80 
50 79 
132 284 
116 253 
51 190 
13 236 
79 50 
299 305 
299 108 
278 200 
284 38 
161 38 
284 161 
274 33 
16 284 
50 267 
199 186 
161 310 
161 145 
161 184 
7 263 
161 284 
279 7 
108 299 
161 267 
284 132 
202 128 
284 16 
310 161 
16 284 
7 279 
7 144 
161 310 
284 16 
194 291 
132 2 
79 283 
94 236 
160 249 
223 28 
24 252 
2 132 
132 2 
202 158 
200 254 
200 52 
310 38 
79 283 
283 79 
132 284 
38 310 
252 189 
279 278 
291 51 
12 28 
291 40 
291 194 
278 173 
180 152 
252 154 
278 242 
103 159 
283 50 
50 283 
278 279 
161 120 
131 113 
132 2 
249 160 
161 78 
90 98 
90 262 
132 2 
90 99 
90 93 
90 300 
90 75 
161 50 
90 167 
90 82 
132 145 
90 199 
90 143 
90 150 
52 104 
263 7 
90 230 
90 183 
78 161 
90 97 
90 274 
90 74 
90 43 
90 220 
90 306 
90 281 
132 284 
90 264 
90 258 
90 186 
90 88 
90 33 
3 132 
90 15 
90 77 
90 39 
78 50 
90 48 
90 23 
269 274 
120 161 
158 45 
234 279 
180 292 
269 93 
161 78 
158 83 
161 50 
158 315 
269 230 
249 160 
158 25 
251 28 
158 202 
269 300 
269 75 
160 249 
158 162 
158 101 
116 253 
269 33 
299 170 
202 128 
160 103 
310 161 
242 279 
160 63 
230 59 
230 97 
230 269 
160 317 
160 60 
279 234 
230 75 
230 306 
279 242 
160 159 
21 145 
202 209 
249 160 
160 249 
194 291 
194 80 
160 249 
132 284 
93 230 
209 299 
86 24 
194 40 
194 247 
132 134 
279 242 
266 145 
283 50 
161 284 
78 161 
132 161 
161 132 
161 78 
144 7 
284 2 
284 132 
78 161 
78 161 
161 78 
86 252 
