53 307 
86 252 
86 252 
86 24 
78 161 
306 59 
0 259 
306 90 
160 249 
306 97 
278 236 
173 236 
80 40 
306 230 
150 232 
202 128 
173 236 
200 45 
228 299 
200 83 
200 254 
173 242 
307 53 
21 145 
150 232 
200 58 
40 80 
200 250 
200 270 
104 7 
200 254 
318 249 
150 232 
236 13 
194 80 
236 173 
7 144 
104 279 
236 253 
236 228 
280 53 
299 209 
7 104 
143 232 
253 236 
279 122 
199 220 
279 104 
158 299 
262 300 
236 116 
252 86 
236 7 
280 174 
236 94 
236 263 
236 162 
236 315 
236 309 
299 228 
236 122 
173 236 
21 145 
108 104 
178 304 
202 128 
94 236 
176 223 
108 241 
38 79 
108 209 
90 98 
202 209 
108 315 
94 278 
28 9 
269 230 
269 300 
160 249 
269 75 
269 33 
28 307 
176 223 
28 285 
269 274 
103 60 
278 236 
28 151 
28 18 
304 178 
262 300 
269 93 
300 262 
116 236 
116 35 
13 236 
28 12 
300 262 
262 300 
208 28 
116 57 
79 38 
310 161 
116 270 
116 13 
116 228 
116 270 
258 82 
79 38 
267 50 
225 176 
52 254 
279 7 
161 310 
86 252 
252 86 
161 267 
79 161 
161 79 
38 79 
53 280 
279 242 
21 145 
306 59 
79 38 
306 230 
40 291 
306 90 
306 97 
241 228 
242 173 
238 79 
291 255 
279 228 
228 241 
288 111 
69 223 
279 211 
28 9 
103 159 
26 225 
79 238 
40 291 
103 63 
160 249 
28 307 
116 253 
103 249 
103 60 
280 53 
28 151 
279 13 
28 18 
26 4 
28 12 
238 79 
116 173 
159 160 
151 280 
21 145 
52 158 
160 249 
180 18 
159 249 
12 28 
53 280 
0 76 
151 280 
160 159 
180 18 
151 54 
269 300 
160 103 
269 75 
269 33 
194 80 
160 249 
51 80 
30 54 
160 63 
269 274 
208 28 
269 93 
160 317 
160 60 
158 52 
160 159 
52 254 
269 230 
21 145 
0 227 
53 174 
80 51 
53 280 
266 145 
291 80 
199 143 
