50 79 
90 281 
90 258 
90 33 
90 264 
90 15 
90 77 
90 39 
90 186 
90 48 
90 23 
90 169 
90 61 
90 98 
90 262 
90 269 
90 99 
90 93 
90 300 
90 75 
90 82 
90 143 
90 150 
90 199 
90 59 
90 230 
90 97 
90 274 
90 183 
90 220 
90 306 
204 248 
204 317 
204 60 
204 244 
204 159 
204 160 
204 222 
24 252 
133 284 
204 249 
204 103 
204 318 
204 63 
204 87 
133 115 
200 52 
28 174 
28 9 
183 230 
28 180 
21 145 
300 33 
28 187 
28 30 
16 2 
28 280 
28 1 
28 141 
28 293 
28 208 
16 132 
145 267 
28 307 
28 191 
28 223 
28 285 
28 53 
280 53 
28 127 
28 4 
28 298 
28 18 
28 152 
28 12 
28 176 
16 284 
28 81 
28 26 
230 183 
28 251 
28 64 
193 200 
16 238 
242 173 
90 169 
79 50 
90 48 
230 183 
204 249 
250 47 
63 204 
116 202 
90 262 
90 269 
90 61 
90 98 
90 300 
202 116 
173 253 
90 99 
204 63 
183 230 
90 93 
133 132 
90 75 
90 82 
90 199 
90 59 
133 85 
90 143 
90 230 
251 28 
90 150 
173 116 
90 274 
90 183 
90 220 
204 159 
90 97 
180 18 
90 306 
90 281 
279 309 
90 258 
90 33 
90 264 
90 15 
90 39 
133 284 
90 186 
133 266 
90 23 
133 134 
90 77 
90 306 
90 281 
204 160 
132 284 
90 264 
90 258 
204 222 
77 90 
90 186 
132 266 
90 33 
90 15 
90 77 
90 39 
90 169 
132 134 
90 48 
204 249 
90 23 
204 103 
90 61 
90 98 
90 262 
204 318 
90 269 
90 99 
204 87 
90 93 
90 300 
90 75 
132 133 
204 63 
183 230 
90 82 
90 143 
90 150 
204 248 
90 199 
132 85 
90 59 
141 298 
204 60 
90 230 
90 183 
90 97 
90 274 
204 317 
90 220 
204 244 
204 159 
180 26 
28 141 
28 1 
28 293 
28 208 
90 183 
28 307 
28 69 
28 191 
50 79 
28 223 
28 4 
28 285 
28 53 
28 298 
28 18 
28 152 
28 127 
2 133 
28 12 
28 176 
28 121 
82 274 
28 251 
104 52 
28 81 
28 26 
28 174 
28 64 
28 9 
28 180 
28 187 
132 133 
28 30 
28 256 
21 145 
80 40 
28 280 
28 195 
28 225 
3 161 
3 240 
21 145 
3 145 
3 120 
3 267 
3 231 
3 238 
3 134 
3 6 
231 266 
3 112 
3 283 
40 80 
63 73 
3 27 
3 2 
3 132 
3 266 
3 71 
3 133 
3 78 
3 79 
309 279 
3 310 
3 85 
3 219 
3 311 
3 184 
3 295 
3 257 
3 38 
132 50 
132 311 
230 183 
132 257 
132 2 
132 71 
132 295 
132 16 
132 240 
87 244 
132 218 
132 133 
132 310 
132 78 
80 40 
132 145 
132 85 
132 231 
132 238 
132 6 
132 38 
230 232 
132 184 
132 112 
230 93 
132 283 
132 3 
202 299 
132 284 
132 314 
132 27 
132 161 
132 120 
132 267 
132 266 
132 134 
132 79 
291 80 
252 279 
41 33 
79 50 
279 252 
18 208 
252 215 
242 250 
41 75 
41 93 
41 300 
26 280 
2 267 
133 6 
41 230 
38 283 
41 274 
295 161 
132 184 
50 79 
132 120 
230 90 
79 50 
298 28 
47 228 
79 161 
189 279 
132 284 
79 267 
79 50 
317 87 
63 159 
306 230 
306 97 
230 274 
50 79 
26 280 
161 231 
161 266 
144 7 
79 50 
280 26 
38 137 
26 280 
238 2 
238 16 
238 132 
238 284 
280 26 
26 280 
280 26 
26 280 
38 161 
280 26 
184 132 
184 3 
116 278 
21 145 
