157 185 
238 2 
238 16 
230 82 
238 132 
238 284 
2 284 
2 238 
2 16 
2 132 
314 132 
314 6 
13 253 
314 284 
314 112 
314 3 
78 161 
204 60 
204 159 
204 222 
204 103 
204 249 
204 318 
204 63 
204 317 
204 63 
90 82 
90 143 
90 150 
90 199 
90 59 
90 230 
90 97 
90 274 
204 317 
204 60 
90 74 
90 183 
90 220 
204 159 
90 306 
90 281 
90 258 
204 222 
90 186 
90 33 
90 264 
90 15 
90 77 
90 39 
90 48 
204 249 
90 23 
204 103 
90 98 
90 262 
204 318 
90 269 
90 99 
90 93 
90 300 
90 75 
159 204 
306 230 
26 121 
26 121 
279 228 
145 161 
145 267 
90 281 
299 108 
299 304 
299 279 
204 159 
132 284 
132 314 
230 39 
127 18 
7 299 
299 301 
132 120 
230 97 
299 83 
230 183 
279 228 
230 306 
7 279 
230 82 
116 278 
90 82 
7 25 
299 252 
7 263 
220 230 
299 228 
299 118 
220 90 
299 101 
230 220 
278 116 
161 50 
16 3 
220 230 
279 7 
230 220 
90 220 
16 132 
130 25 
86 10 
161 38 
90 98 
90 262 
90 269 
90 99 
90 93 
90 300 
90 75 
90 82 
90 143 
220 230 
90 150 
90 199 
90 59 
90 230 
25 139 
279 7 
230 220 
90 97 
90 274 
90 74 
90 183 
90 220 
279 278 
90 306 
151 152 
90 281 
90 258 
90 33 
90 264 
90 15 
90 77 
90 39 
90 186 
279 299 
90 48 
25 241 
90 23 
242 173 
299 200 
128 202 
228 278 
90 39 
90 186 
53 280 
90 23 
230 90 
90 77 
90 48 
299 114 
90 262 
278 136 
90 269 
90 98 
90 300 
278 228 
230 82 
90 99 
90 93 
90 75 
90 82 
21 145 
90 199 
94 7 
90 143 
278 279 
90 230 
40 51 
1 53 
194 291 
90 150 
108 299 
278 116 
90 59 
90 274 
90 183 
299 279 
90 220 
53 1 
90 97 
90 74 
90 306 
114 299 
90 281 
90 258 
90 33 
40 80 
90 264 
90 15 
230 93 
7 94 
291 194 
21 145 
220 230 
78 161 
162 58 
21 145 
135 241 
134 284 
230 39 
280 53 
83 45 
191 208 
230 183 
299 114 
281 90 
7 263 
25 277 
279 7 
116 13 
93 230 
25 135 
24 252 
79 267 
25 57 
26 121 
53 280 
11 175 
45 299 
252 24 
202 158 
144 7 
13 211 
13 116 
45 301 
132 184 
116 13 
202 128 
45 83 
174 53 
24 252 
7 234 
7 279 
81 28 
144 7 
314 132 
108 299 
230 75 
133 284 
24 252 
204 318 
204 159 
108 241 
28 121 
45 299 
230 82 
306 230 
306 59 
295 184 
295 161 
306 90 
306 97 
194 80 
79 267 
204 222 
230 90 
299 301 
230 90 
299 83 
299 45 
184 132 
7 279 
299 118 
299 252 
278 279 
299 228 
299 101 
299 108 
70 235 
299 304 
299 279 
117 45 
176 223 
202 108 
217 230 
200 254 
230 82 
80 40 
269 230 
269 300 
269 75 
151 152 
269 33 
151 30 
83 301 
269 274 
108 202 
269 93 
86 221 
82 220 
230 82 
252 24 
228 47 
79 161 
79 267 
51 40 
40 80 
28 4 
220 82 
26 28 
28 285 
28 53 
28 152 
28 127 
28 176 
28 121 
3 16 
28 298 
28 18 
28 12 
28 81 
28 26 
28 174 
28 64 
28 9 
28 180 
28 30 
16 3 
28 256 
28 141 
28 1 
28 208 
28 191 
28 223 
28 307 
299 108 
228 279 
183 82 
33 232 
33 300 
241 135 
183 33 
33 230 
33 274 
228 13 
13 228 
144 7 
279 25 
13 279 
80 255 
80 194 
80 51 
144 7 
81 142 
161 283 
161 266 
161 79 
7 279 
200 254 
7 250 
7 158 
81 28 
161 267 
142 81 
280 292 
