21 145 
38 161 
38 295 
38 267 
238 284 
38 50 
38 283 
38 79 
38 78 
184 161 
184 267 
145 21 
145 21 
21 145 
145 21 
250 263 
161 184 
184 161 
184 267 
204 317 
204 60 
184 161 
204 159 
145 267 
116 270 
184 267 
204 160 
204 222 
150 90 
283 38 
108 279 
204 303 
204 103 
204 249 
279 234 
208 28 
116 57 
204 318 
204 63 
108 83 
133 132 
145 161 
45 108 
299 118 
299 252 
90 150 
299 228 
299 101 
299 108 
112 314 
299 304 
299 279 
280 28 
283 38 
299 301 
299 83 
299 45 
280 30 
45 299 
108 202 
279 252 
35 130 
161 184 
133 132 
132 133 
78 38 
47 228 
310 161 
78 161 
51 80 
35 57 
28 223 
108 228 
132 284 
161 38 
266 134 
12 28 
161 38 
38 78 
299 83 
30 28 
161 78 
38 161 
134 266 
314 112 
21 145 
299 10 
299 47 
38 283 
114 299 
145 21 
83 304 
112 314 
78 161 
83 202 
83 45 
83 252 
83 301 
139 279 
299 83 
262 74 
83 299 
83 228 
21 145 
83 47 
78 38 
83 108 
108 315 
90 150 
108 104 
81 30 
93 75 
132 284 
252 234 
108 241 
108 209 
267 184 
191 307 
38 161 
269 93 
269 230 
234 252 
78 38 
78 161 
161 267 
38 283 
269 300 
242 114 
269 75 
269 33 
50 6 
242 299 
283 38 
38 78 
269 274 
6 50 
24 252 
38 78 
49 35 
279 234 
262 82 
152 151 
38 161 
78 38 
18 127 
79 161 
78 161 
262 39 
252 221 
241 279 
83 301 
114 242 
21 145 
241 130 
21 145 
145 21 
83 301 
223 307 
53 28 
145 21 
184 161 
50 78 
184 267 
223 28 
223 176 
21 145 
78 50 
69 223 
69 121 
78 161 
78 38 
38 78 
145 21 
78 38 
280 28 
161 38 
28 4 
28 176 
28 121 
28 298 
28 18 
28 12 
28 81 
28 26 
161 78 
28 251 
28 64 
28 180 
28 174 
28 9 
199 90 
28 30 
28 256 
28 141 
108 299 
202 83 
28 280 
28 1 
28 195 
28 225 
28 208 
28 191 
28 307 
28 223 
28 285 
28 53 
28 152 
161 38 
28 127 
299 279 
38 78 
283 38 
150 281 
38 161 
252 215 
199 90 
299 234 
90 199 
38 283 
82 262 
38 283 
26 174 
283 38 
38 78 
307 191 
134 132 
307 223 
134 132 
143 90 
145 184 
145 161 
90 143 
281 150 
90 199 
145 267 
83 202 
281 90 
6 50 
264 75 
38 295 
38 161 
252 215 
38 267 
21 145 
78 38 
194 291 
90 150 
38 50 
78 161 
38 283 
50 6 
38 78 
38 79 
204 159 
269 274 
283 38 
38 78 
269 93 
38 161 
269 230 
145 21 
78 38 
269 300 
38 283 
269 75 
269 33 
6 284 
120 133 
176 223 
80 51 
133 120 
283 38 
143 90 
21 145 
38 120 
251 28 
112 314 
21 78 
279 299 
108 202 
251 285 
26 12 
12 26 
26 1 
81 26 
208 18 
21 145 
314 112 
252 221 
120 38 
161 38 
252 10 
161 78 
108 83 
145 21 
299 279 
145 21 
298 141 
223 176 
6 50 
21 145 
50 6 
21 78 
78 38 
78 161 
191 307 
21 145 
