40 80 
40 194 
40 291 
299 252 
204 317 
204 60 
204 159 
278 253 
204 222 
204 249 
204 103 
278 136 
204 318 
204 63 
159 204 
26 293 
79 184 
184 79 
291 40 
52 200 
82 230 
299 200 
48 281 
52 254 
299 228 
145 161 
204 159 
145 267 
231 132 
204 222 
202 57 
86 10 
278 253 
250 234 
274 33 
82 230 
86 221 
173 253 
173 242 
307 28 
145 161 
173 116 
306 230 
145 267 
306 274 
13 278 
26 285 
222 204 
50 267 
7 279 
7 263 
161 145 
299 108 
274 230 
306 274 
132 134 
293 26 
194 40 
269 274 
45 207 
45 252 
116 202 
269 93 
116 173 
7 279 
200 254 
200 52 
223 127 
269 230 
161 284 
80 40 
161 267 
269 300 
45 301 
269 75 
45 270 
194 80 
45 58 
45 52 
306 274 
45 193 
116 253 
269 33 
45 83 
45 200 
45 254 
45 144 
291 80 
116 228 
40 80 
204 222 
108 202 
7 279 
200 254 
252 45 
217 59 
7 309 
253 136 
7 309 
279 278 
278 253 
279 135 
256 18 
253 278 
159 204 
86 10 
159 249 
86 221 
173 253 
173 116 
80 51 
242 173 
80 255 
80 194 
230 82 
230 306 
145 161 
145 267 
194 80 
90 269 
194 80 
217 90 
234 250 
93 90 
199 186 
299 228 
21 145 
274 230 
105 305 
28 307 
306 274 
291 80 
28 285 
277 189 
150 258 
199 186 
208 180 
40 194 
90 93 
279 252 
82 274 
279 228 
79 266 
279 242 
279 211 
82 39 
283 266 
28 141 
28 208 
79 283 
28 307 
279 278 
283 79 
28 223 
28 285 
204 222 
279 139 
51 40 
228 301 
279 13 
279 299 
12 28 
26 121 
279 135 
28 26 
132 120 
28 4 
132 284 
242 13 
194 40 
12 28 
28 127 
211 279 
139 279 
28 18 
59 217 
132 79 
90 48 
28 9 
249 159 
21 145 
132 145 
28 225 
13 279 
132 78 
28 256 
132 85 
228 279 
28 1 
28 208 
189 234 
132 184 
132 38 
28 307 
242 279 
132 27 
223 176 
299 279 
262 59 
71 310 
279 299 
90 48 
223 81 
279 135 
279 252 
7 279 
279 228 
279 242 
279 241 
79 132 
21 145 
45 108 
279 250 
145 21 
132 71 
132 218 
132 133 
132 310 
132 78 
132 145 
145 161 
132 231 
306 230 
145 21 
132 238 
80 40 
132 85 
269 300 
80 194 
217 59 
269 75 
132 184 
132 38 
132 283 
306 274 
145 267 
132 3 
269 33 
132 112 
132 284 
132 314 
132 27 
132 161 
176 223 
132 120 
132 267 
132 266 
269 274 
80 51 
132 134 
132 79 
132 311 
132 50 
222 204 
132 257 
269 93 
132 2 
132 295 
132 16 
132 240 
269 230 
173 253 
116 173 
40 194 
223 225 
173 242 
13 242 
173 116 
93 75 
241 279 
242 279 
204 159 
306 274 
116 253 
28 285 
242 13 
139 279 
300 59 
173 253 
274 230 
173 116 
299 279 
223 176 
116 13 
176 223 
184 79 
242 173 
7 279 
159 249 
161 78 
7 279 
7 309 
26 9 
30 26 
26 30 
26 280 
13 116 
184 79 
295 50 
90 93 
90 300 
173 116 
40 80 
173 253 
2 132 
291 194 
199 169 
2 161 
2 284 
283 3 
98 186 
80 40 
283 266 
116 270 
199 150 
53 280 
176 223 
101 299 
51 40 
228 301 
53 280 
307 285 
13 116 
116 270 
25 162 
145 161 
278 279 
53 298 
145 21 
35 135 
295 38 
299 101 
145 267 
25 135 
280 53 
145 79 
278 253 
53 280 
25 241 
135 35 
184 145 
145 184 
21 145 
90 93 
21 145 
299 252 
78 161 
223 176 
40 80 
79 267 
38 295 
278 13 
116 173 
279 242 
7 279 
80 40 
279 7 
116 253 
204 222 
204 159 
117 45 
306 274 
173 278 
116 253 
40 80 
204 222 
116 35 
204 249 
58 162 
204 103 
48 90 
116 57 
173 253 
204 318 
116 173 
204 63 
253 278 
116 241 
30 26 
116 47 
98 15 
305 105 
80 40 
26 30 
204 317 
204 60 
306 90 
116 270 
116 13 
269 300 
279 7 
38 112 
274 230 
228 279 
269 75 
7 309 
269 33 
269 274 
283 62 
279 228 
269 93 
7 279 
269 230 
278 279 
134 238 
241 25 
223 225 
53 298 
241 114 
299 279 
298 53 
279 135 
279 299 
178 279 
53 298 
178 304 
25 241 
241 25 
241 130 
241 162 
178 304 
241 139 
238 134 
38 161 
144 7 
