83 301 
38 78 
38 161 
267 184 
78 38 
204 159 
184 267 
139 279 
159 204 
279 7 
158 202 
184 267 
204 159 
280 53 
279 139 
12 28 
279 13 
79 50 
279 7 
279 7 
314 6 
12 28 
314 284 
7 279 
38 161 
230 75 
267 184 
9 92 
159 204 
279 242 
7 279 
204 318 
204 63 
204 317 
204 60 
7 309 
6 314 
204 159 
204 160 
204 222 
139 279 
204 303 
204 103 
204 249 
208 28 
307 208 
116 57 
57 116 
278 94 
279 7 
184 267 
204 159 
204 160 
132 314 
204 222 
12 28 
11 175 
204 249 
204 303 
204 103 
208 28 
230 183 
204 318 
204 63 
314 132 
13 279 
132 238 
204 317 
204 60 
194 291 
230 274 
280 141 
31 279 
194 80 
83 301 
283 38 
279 234 
234 279 
186 48 
7 279 
151 280 
7 37 
283 38 
38 284 
38 161 
307 191 
13 279 
13 253 
38 283 
191 1 
310 71 
1 191 
310 71 
280 225 
280 121 
38 6 
38 161 
38 284 
38 161 
38 78 
38 161 
38 284 
38 6 
50 79 
161 295 
254 200 
141 280 
38 283 
283 132 
79 283 
50 79 
283 38 
283 161 
79 50 
94 278 
279 242 
79 78 
127 293 
79 78 
38 50 
79 38 
132 184 
132 284 
280 223 
158 279 
38 79 
132 120 
79 50 
138 11 
138 175 
200 254 
151 280 
161 310 
116 202 
116 173 
279 242 
151 280 
78 38 
79 38 
151 223 
38 283 
151 152 
176 223 
116 253 
11 138 
283 38 
38 79 
38 78 
38 78 
79 50 
180 152 
79 78 
279 158 
105 305 
78 38 
133 6 
79 38 
279 7 
79 161 
79 283 
194 80 
314 240 
274 300 
130 25 
38 78 
280 151 
274 33 
161 184 
269 230 
254 200 
269 300 
269 75 
161 267 
38 283 
269 33 
223 176 
104 164 
38 3 
116 253 
269 274 
283 38 
269 93 
116 202 
138 11 
138 175 
161 145 
94 279 
310 71 
295 310 
189 252 
191 28 
3 38 
200 254 
314 50 
38 3 
176 223 
50 314 
262 300 
267 161 
283 38 
230 90 
2 132 
230 59 
2 133 
230 97 
161 310 
310 295 
230 75 
230 306 
230 143 
267 50 
310 184 
310 44 
161 267 
184 267 
283 38 
71 161 
134 133 
38 283 
127 18 
267 161 
283 38 
161 38 
267 145 
161 310 
7 279 
267 184 
151 280 
151 152 
280 151 
183 230 
183 262 
38 161 
161 267 
161 145 
161 184 
161 112 
306 59 
306 230 
306 90 
306 97 
279 304 
230 274 
127 18 
33 300 
25 234 
159 317 
79 50 
33 230 
33 274 
25 130 
112 161 
164 104 
204 159 
33 232 
50 79 
132 85 
80 194 
132 184 
50 133 
132 161 
116 202 
132 240 
116 173 
159 204 
132 295 
132 133 
90 274 
194 80 
191 127 
127 191 
90 274 
184 79 
280 151 
278 136 
132 2 
81 142 
223 225 
79 184 
45 301 
75 274 
230 274 
262 93 
184 267 
230 59 
161 38 
230 90 
230 97 
230 306 
152 151 
230 75 
11 138 
238 3 
71 161 
191 307 
230 33 
7 309 
38 50 
11 175 
