306 97 
24 252 
306 59 
161 112 
112 161 
16 134 
291 51 
230 59 
283 161 
230 97 
291 194 
230 269 
33 274 
230 306 
38 161 
16 284 
279 118 
279 252 
134 16 
279 242 
13 279 
161 112 
151 54 
189 279 
18 180 
279 278 
40 80 
151 81 
279 189 
279 13 
279 299 
33 300 
160 63 
33 230 
160 317 
33 274 
160 60 
162 7 
108 299 
160 249 
234 242 
160 103 
33 232 
189 279 
250 158 
33 274 
230 33 
134 133 
279 7 
79 267 
120 161 
90 48 
86 252 
159 160 
269 93 
116 57 
57 116 
279 211 
160 159 
269 230 
300 33 
159 103 
279 250 
279 7 
253 13 
269 300 
238 6 
269 75 
269 33 
83 301 
269 274 
238 218 
238 112 
38 184 
116 57 
173 253 
116 173 
238 284 
249 159 
112 238 
173 116 
75 274 
10 86 
26 69 
238 314 
116 253 
159 249 
132 38 
132 184 
132 112 
132 283 
132 3 
132 284 
132 314 
132 27 
132 161 
238 112 
13 253 
132 120 
252 10 
132 267 
86 24 
2 132 
132 261 
132 266 
132 134 
132 79 
132 50 
132 110 
132 311 
86 252 
132 257 
132 2 
132 203 
132 71 
132 295 
132 16 
132 240 
53 28 
7 250 
199 90 
132 145 
132 17 
0 214 
132 218 
132 133 
238 284 
132 310 
132 78 
132 85 
253 13 
132 238 
132 6 
180 307 
242 234 
160 249 
252 10 
2 132 
159 160 
208 28 
18 28 
134 16 
223 225 
47 228 
180 18 
13 253 
242 173 
7 263 
50 161 
50 267 
161 50 
267 161 
16 134 
242 173 
225 223 
250 7 
132 134 
132 50 
199 186 
57 116 
132 16 
90 75 
132 133 
199 90 
132 145 
90 143 
132 310 
90 199 
90 183 
90 264 
132 267 
2 132 
132 284 
132 267 
2 132 
132 134 
132 50 
160 317 
132 2 
132 16 
144 7 
173 242 
267 50 
132 133 
132 310 
132 145 
281 150 
228 47 
16 132 
16 134 
112 3 
90 48 
262 300 
300 262 
48 90 
7 279 
143 90 
7 250 
132 2 
122 277 
47 228 
3 314 
314 3 
90 143 
51 291 
7 144 
51 80 
3 112 
40 80 
2 132 
86 252 
28 18 
50 267 
241 47 
18 28 
228 47 
69 26 
160 103 
86 10 
241 228 
40 80 
238 112 
134 16 
279 7 
316 116 
90 150 
80 40 
269 300 
269 75 
208 9 
16 134 
269 33 
116 253 
83 301 
269 274 
26 151 
208 307 
28 18 
132 134 
269 93 
116 57 
116 173 
10 252 
208 18 
9 208 
298 26 
208 256 
112 238 
269 230 
208 1 
151 26 
208 127 
18 28 
298 26 
47 228 
194 291 
194 80 
47 202 
280 53 
26 28 
53 280 
150 281 
208 28 
307 208 
242 304 
1 208 
307 28 
1 28 
242 308 
242 315 
242 104 
26 28 
133 284 
242 57 
24 252 
241 228 
134 16 
9 208 
28 26 
208 28 
7 279 
1 208 
209 202 
28 256 
1 28 
256 28 
28 26 
7 144 
13 278 
13 211 
13 279 
13 239 
161 50 
26 28 
161 145 
26 208 
50 161 
161 50 
161 267 
50 267 
50 161 
267 161 
161 50 
161 267 
161 267 
250 7 
161 50 
90 274 
252 10 
208 4 
202 209 
132 2 
242 250 
306 59 
306 230 
306 90 
306 97 
90 306 
252 10 
26 28 
262 300 
4 208 
234 279 
279 242 
116 57 
57 116 
279 250 
132 6 
80 194 
160 103 
132 112 
132 284 
132 314 
80 51 
314 6 
220 98 
132 112 
194 80 
132 284 
132 314 
116 253 
252 10 
314 284 
28 298 
298 28 
279 234 
4 208 
116 57 
116 173 
53 174 
314 112 
47 228 
194 291 
132 6 
314 132 
173 116 
208 28 
116 57 
173 253 
7 101 
269 93 
28 26 
3 110 
3 85 
3 257 
160 317 
3 38 
7 242 
160 60 
3 184 
7 139 
160 159 
3 295 
3 240 
10 252 
269 230 
3 284 
3 314 
3 161 
47 228 
7 263 
3 168 
228 241 
3 145 
3 120 
3 267 
7 301 
3 261 
228 47 
7 278 
3 238 
3 6 
269 300 
160 103 
269 75 
160 249 
3 134 
269 33 
3 50 
3 112 
7 299 
3 27 
3 2 
3 283 
7 189 
3 266 
160 63 
3 16 
269 274 
228 315 
3 132 
228 162 
3 71 
7 228 
3 218 
3 133 
3 78 
3 310 
3 79 
3 311 
7 241 
241 228 
160 63 
28 26 
160 317 
160 60 
116 173 
10 252 
314 132 
59 97 
160 249 
160 103 
116 253 
132 284 
199 186 
253 13 
176 26 
180 18 
83 301 
