97 230 
71 120 
120 71 
204 159 
35 116 
204 222 
219 314 
252 10 
59 41 
63 87 
204 249 
7 279 
69 307 
252 215 
69 223 
249 204 
200 58 
33 232 
249 204 
186 143 
252 215 
18 180 
26 28 
252 10 
186 143 
143 186 
143 39 
281 183 
143 186 
69 223 
223 69 
186 199 
223 176 
186 143 
277 189 
143 264 
199 186 
300 232 
189 277 
176 223 
204 159 
41 274 
263 101 
189 279 
41 33 
41 93 
41 300 
41 75 
264 143 
41 230 
180 18 
223 176 
176 223 
278 173 
200 254 
200 52 
180 18 
242 279 
252 10 
38 50 
295 161 
248 249 
286 14 
7 279 
286 282 
21 145 
252 10 
7 279 
252 215 
256 127 
145 267 
249 248 
50 6 
90 306 
90 281 
90 258 
90 33 
90 264 
90 15 
90 39 
90 186 
90 169 
90 48 
204 249 
90 23 
59 41 
90 61 
90 98 
90 262 
90 269 
90 99 
90 93 
90 300 
90 75 
90 82 
90 143 
90 150 
90 199 
90 230 
249 204 
90 97 
90 274 
90 183 
90 220 
0 259 
50 38 
159 204 
28 180 
28 174 
18 28 
28 187 
28 9 
144 7 
273 233 
28 30 
28 280 
28 1 
28 69 
28 293 
28 208 
28 191 
28 307 
28 223 
28 285 
28 53 
101 263 
28 127 
28 4 
28 176 
28 298 
28 18 
53 280 
28 12 
28 81 
28 26 
143 186 
28 64 
204 103 
204 249 
199 186 
204 87 
204 318 
127 256 
134 133 
204 63 
204 248 
204 317 
204 60 
217 90 
204 244 
204 159 
223 28 
28 223 
204 160 
86 24 
204 222 
90 217 
3 283 
90 306 
256 127 
90 264 
77 150 
3 27 
90 39 
3 2 
90 186 
90 33 
3 132 
3 266 
252 10 
90 15 
3 16 
3 218 
3 133 
3 78 
90 169 
264 75 
90 48 
3 79 
90 23 
3 310 
90 262 
273 70 
3 110 
3 85 
3 219 
90 61 
3 184 
90 98 
252 215 
3 295 
3 257 
90 269 
3 38 
90 99 
90 93 
90 300 
59 75 
3 137 
150 77 
3 161 
90 75 
3 240 
90 82 
90 199 
25 277 
3 145 
273 233 
3 120 
3 314 
273 276 
90 143 
90 230 
90 150 
3 267 
3 231 
90 183 
3 238 
3 134 
3 6 
249 204 
90 220 
90 97 
90 274 
90 281 
3 50 
3 112 
90 258 
127 223 
194 80 
79 284 
178 164 
2 133 
81 28 
2 134 
199 186 
223 127 
41 75 
41 93 
41 300 
279 86 
41 230 
194 80 
41 274 
86 10 
86 279 
41 33 
86 221 
127 256 
90 23 
223 26 
242 173 
90 61 
90 98 
90 262 
50 267 
116 173 
90 269 
90 99 
90 93 
90 300 
90 75 
90 82 
21 145 
90 143 
90 150 
90 199 
90 230 
145 21 
90 97 
90 274 
80 194 
90 183 
90 220 
10 86 
90 306 
116 253 
90 281 
256 127 
252 221 
90 258 
90 186 
90 33 
90 264 
252 10 
90 15 
90 39 
90 169 
90 48 
3 112 
204 244 
3 2 
3 283 
3 16 
204 222 
3 27 
3 132 
3 266 
255 80 
3 218 
3 133 
3 78 
3 310 
204 103 
3 219 
3 79 
204 249 
234 279 
3 110 
3 85 
3 257 
204 87 
3 184 
204 318 
3 295 
3 38 
3 240 
204 63 
3 137 
3 284 
3 314 
3 161 
3 145 
3 120 
3 267 
3 231 
204 248 
273 302 
3 238 
3 6 
204 317 
204 60 
295 161 
3 134 
204 159 
180 18 
3 50 
204 160 
223 176 
173 242 
159 103 
57 130 
57 277 
173 116 
57 35 
117 263 
57 135 
57 25 
57 189 
18 180 
57 49 
173 253 
57 139 
57 116 
202 209 
180 18 
242 173 
252 10 
10 252 
80 194 
78 161 
184 120 
238 16 
93 33 
93 300 
93 230 
249 160 
249 204 
249 248 
204 249 
252 215 
18 180 
87 248 
219 112 
87 318 
70 233 
24 252 
87 222 
202 209 
209 202 
87 63 
78 161 
69 26 
103 159 
263 117 
81 187 
38 283 
189 277 
194 80 
176 223 
40 80 
283 38 
59 41 
81 28 
204 249 
252 215 
116 57 
180 208 
90 98 
90 262 
90 269 
90 99 
90 93 
90 300 
127 256 
90 75 
279 243 
90 82 
90 143 
90 150 
90 199 
243 279 
81 187 
90 230 
90 97 
180 18 
90 274 
90 183 
90 220 
90 306 
116 253 
90 281 
90 258 
90 186 
90 33 
187 81 
274 33 
90 264 
90 15 
186 143 
90 39 
242 173 
90 169 
90 48 
90 23 
90 61 
137 161 
59 41 
204 103 
204 249 
300 183 
57 47 
57 116 
57 178 
199 90 
57 270 
57 253 
90 199 
249 204 
57 35 
59 97 
204 159 
59 306 
223 176 
57 173 
194 80 
86 10 
86 47 
86 24 
90 217 
208 307 
204 249 
86 221 
116 241 
199 90 
90 199 
52 250 
299 279 
249 204 
217 90 
10 86 
191 256 
90 150 
90 199 
243 279 
90 59 
90 230 
80 255 
269 300 
90 97 
90 274 
80 194 
269 75 
90 183 
90 220 
90 306 
90 281 
269 33 
90 258 
90 33 
80 51 
90 264 
90 15 
90 39 
90 186 
269 274 
90 48 
90 23 
243 299 
90 169 
194 255 
90 61 
90 98 
90 262 
273 70 
269 93 
90 269 
33 274 
90 99 
7 279 
90 93 
90 300 
116 241 
90 75 
90 82 
269 230 
273 233 
90 143 
7 279 
21 145 
222 63 
273 216 
79 161 
79 38 
103 63 
222 60 
79 267 
117 10 
264 75 
208 307 
253 116 
319 113 
25 135 
176 223 
114 242 
117 279 
295 161 
223 176 
176 223 
25 135 
283 38 
21 145 
25 130 
242 114 
38 79 
38 161 
38 267 
38 283 
