267 184 
267 79 
267 161 
267 145 
50 145 
50 267 
50 283 
50 295 
90 230 
50 16 
50 78 
50 79 
50 161 
50 38 
244 63 
244 222 
50 38 
279 299 
279 189 
279 135 
159 204 
244 87 
244 248 
38 50 
204 159 
63 318 
204 248 
161 266 
204 317 
204 60 
132 184 
41 59 
90 281 
204 244 
204 159 
63 244 
204 160 
204 222 
279 189 
59 41 
279 135 
279 299 
79 50 
230 183 
204 249 
204 103 
152 151 
204 318 
161 231 
204 63 
204 87 
90 93 
90 300 
52 58 
252 215 
90 75 
183 230 
90 82 
90 143 
90 150 
90 199 
132 85 
230 42 
90 59 
79 38 
90 230 
132 38 
90 97 
90 274 
79 161 
230 281 
132 184 
50 79 
90 183 
90 220 
204 159 
231 266 
90 306 
230 15 
90 281 
40 80 
132 120 
132 284 
132 161 
90 258 
252 228 
90 33 
90 264 
90 15 
132 267 
90 77 
90 39 
24 252 
90 186 
194 40 
132 134 
79 50 
90 48 
90 23 
59 41 
90 169 
90 61 
50 145 
90 98 
90 262 
90 269 
90 99 
90 77 
90 169 
90 48 
90 23 
250 47 
90 262 
273 70 
90 269 
90 61 
90 98 
90 300 
90 99 
159 204 
90 93 
254 52 
173 242 
90 75 
90 82 
90 199 
250 228 
273 233 
90 143 
90 230 
90 150 
80 40 
90 59 
90 274 
80 194 
79 38 
90 183 
90 220 
159 63 
79 137 
90 97 
90 306 
90 281 
252 221 
90 258 
90 264 
90 15 
90 39 
90 186 
90 33 
50 38 
159 317 
250 47 
114 242 
242 173 
281 90 
47 250 
79 78 
78 79 
158 250 
103 204 
200 58 
114 299 
299 279 
51 80 
278 116 
35 49 
38 50 
41 230 
104 279 
90 281 
41 274 
132 120 
41 33 
204 103 
173 253 
41 93 
318 63 
41 75 
104 299 
223 225 
41 300 
145 50 
116 278 
299 94 
225 223 
94 299 
80 51 
85 38 
281 90 
94 278 
7 279 
204 103 
208 28 
279 252 
160 60 
135 57 
160 248 
279 228 
281 90 
204 73 
135 35 
160 317 
160 159 
278 94 
116 278 
81 142 
160 204 
21 145 
80 40 
160 222 
142 81 
279 7 
278 116 
57 35 
160 103 
160 249 
70 273 
160 244 
160 87 
79 267 
26 223 
160 318 
40 80 
274 82 
160 63 
11 175 
274 33 
117 45 
7 104 
161 132 
208 81 
161 310 
161 21 
108 250 
161 283 
279 7 
161 120 
200 58 
161 79 
135 279 
7 254 
7 52 
104 7 
7 135 
94 278 
230 75 
7 279 
94 108 
166 145 
7 209 
21 161 
252 215 
116 278 
161 21 
318 73 
299 279 
77 281 
93 230 
21 145 
145 166 
93 230 
90 143 
90 150 
90 199 
90 59 
90 230 
90 97 
90 274 
90 183 
90 220 
90 306 
90 281 
90 258 
90 33 
90 264 
90 15 
90 77 
90 39 
90 186 
90 169 
90 48 
90 23 
90 61 
90 98 
90 262 
90 269 
90 99 
90 93 
90 300 
90 75 
90 82 
38 50 
318 317 
250 108 
204 249 
204 103 
199 186 
90 61 
204 318 
204 87 
252 215 
204 63 
183 230 
21 145 
90 143 
127 307 
204 248 
204 60 
127 28 
127 223 
204 317 
204 244 
204 159 
204 160 
61 90 
204 222 
234 35 
150 274 
230 183 
90 61 
234 108 
317 159 
234 279 
21 145 
234 253 
145 21 
234 113 
127 223 
79 161 
21 145 
3 284 
279 7 
108 234 
194 80 
3 112 
35 234 
108 94 
79 267 
50 161 
194 40 
279 299 
274 150 
230 183 
94 108 
161 50 
116 173 
21 145 
45 117 
253 234 
223 28 
116 253 
108 94 
150 274 
279 135 
262 74 
116 202 
50 161 
90 33 
12 28 
2 16 
85 6 
90 77 
90 169 
90 48 
204 249 
90 23 
90 262 
273 70 
204 103 
273 72 
90 269 
90 61 
7 279 
317 159 
90 98 
90 300 
90 99 
90 93 
90 75 
161 50 
90 82 
21 145 
90 199 
90 143 
90 230 
145 21 
90 150 
80 40 
90 59 
90 274 
127 28 
90 183 
299 279 
90 220 
90 97 
4 26 
90 281 
90 258 
204 159 
90 306 
70 273 
40 80 
90 264 
90 15 
90 39 
90 186 
204 60 
90 183 
194 80 
28 307 
90 220 
204 244 
204 159 
317 318 
117 45 
28 191 
90 306 
28 223 
116 253 
90 281 
70 273 
204 160 
28 285 
28 53 
90 258 
204 222 
79 267 
90 33 
28 127 
24 221 
28 4 
90 264 
90 15 
28 298 
90 77 
90 39 
90 186 
194 40 
90 169 
28 18 
28 152 
28 176 
90 48 
159 317 
204 249 
90 23 
252 279 
204 103 
28 81 
28 26 
230 183 
90 61 
317 159 
90 98 
90 262 
28 64 
116 173 
90 269 
90 99 
204 87 
90 93 
28 174 
90 300 
204 318 
28 9 
90 75 
204 63 
183 230 
28 180 
90 82 
28 187 
90 143 
28 30 
90 150 
204 248 
90 199 
16 2 
28 280 
28 1 
90 59 
90 230 
194 291 
28 293 
90 97 
28 208 
90 274 
204 317 
116 278 
194 291 
80 40 
108 104 
204 159 
4 26 
108 57 
204 160 
116 253 
159 249 
108 241 
310 145 
26 4 
70 216 
80 291 
230 183 
116 202 
116 173 
159 204 
108 315 
145 310 
248 244 
279 304 
244 248 
244 63 
262 90 
248 63 
24 252 
216 70 
7 279 
244 87 
230 75 
230 82 
248 244 
244 248 
35 25 
244 63 
120 310 
244 222 
159 248 
248 63 
281 230 
281 90 
7 279 
114 299 
252 279 
114 242 
242 114 
242 299 
144 7 
144 7 
78 38 
50 3 
90 258 
90 33 
90 264 
90 15 
90 77 
90 39 
90 186 
50 161 
90 23 
90 169 
90 48 
90 61 
90 98 
90 262 
90 269 
90 93 
90 300 
90 75 
161 50 
90 99 
90 82 
90 143 
90 199 
90 59 
90 230 
90 150 
90 97 
90 274 
90 183 
90 220 
90 306 
90 281 
21 145 
248 244 
194 291 
278 116 
248 63 
50 161 
132 134 
291 194 
230 183 
33 274 
278 299 
299 114 
116 202 
116 173 
183 230 
21 145 
16 2 
278 279 
299 242 
145 21 
194 291 
278 116 
116 253 
79 267 
2 16 
299 278 
204 249 
291 80 
266 132 
90 258 
79 267 
28 285 
26 64 
52 254 
230 33 
71 120 
116 278 
283 71 
194 291 
183 300 
71 266 
266 133 
90 281 
71 79 
71 78 
71 238 
194 40 
71 283 
262 74 
93 33 
300 183 
244 87 
127 208 
254 52 
244 248 
21 145 
279 25 
127 28 
145 21 
40 291 
183 300 
93 75 
230 281 
299 279 
230 93 
244 63 
93 230 
291 80 
85 6 
279 299 
11 175 
291 51 
291 194 
7 279 
291 255 
38 161 
236 278 
63 318 
80 40 
38 50 
223 176 
93 230 
202 108 
278 116 
253 234 
189 279 
278 236 
208 28 
183 230 
21 145 
295 310 
166 112 
57 252 
222 244 
230 306 
93 300 
114 299 
80 51 
80 40 
78 38 
231 112 
78 284 
78 161 
151 152 
33 230 
