90 199 
50 283 
50 295 
50 16 
50 78 
50 79 
50 161 
50 38 
50 267 
161 184 
300 33 
161 112 
194 291 
161 120 
75 274 
223 28 
40 80 
161 38 
299 83 
288 233 
300 262 
83 299 
180 152 
7 279 
199 90 
57 35 
274 230 
314 6 
257 267 
299 83 
26 127 
33 230 
33 274 
133 132 
161 284 
40 291 
90 143 
90 199 
90 230 
90 150 
161 284 
90 97 
90 274 
160 103 
90 183 
90 43 
160 249 
90 220 
180 18 
90 74 
90 306 
90 281 
90 258 
18 180 
90 33 
161 257 
90 264 
90 15 
160 63 
90 77 
90 39 
90 186 
90 88 
90 23 
90 48 
90 262 
160 317 
160 60 
90 98 
90 300 
160 159 
89 276 
90 75 
90 99 
90 82 
90 93 
133 132 
160 60 
83 299 
116 57 
160 317 
83 228 
200 254 
200 52 
160 159 
80 40 
230 274 
160 249 
160 103 
116 270 
83 301 
40 80 
160 63 
3 16 
225 26 
269 274 
3 132 
26 12 
86 252 
300 183 
269 93 
269 230 
3 161 
26 225 
269 300 
269 75 
269 33 
223 28 
208 285 
194 80 
176 223 
194 40 
26 28 
127 26 
225 26 
105 305 
233 276 
307 28 
16 3 
194 291 
26 225 
279 263 
279 7 
35 25 
26 225 
267 257 
158 279 
291 80 
225 26 
225 307 
279 228 
7 279 
18 28 
279 25 
24 108 
252 86 
132 2 
132 284 
24 252 
86 252 
242 241 
47 173 
306 59 
306 90 
306 97 
223 176 
80 51 
279 299 
33 90 
300 74 
24 108 
202 116 
306 230 
279 7 
133 132 
234 135 
133 16 
194 291 
75 274 
194 80 
314 38 
86 10 
291 80 
278 253 
86 24 
280 53 
133 284 
63 160 
288 233 
133 134 
180 152 
82 281 
86 252 
242 173 
90 98 
90 262 
241 242 
180 152 
33 274 
90 99 
90 93 
90 300 
90 75 
242 250 
90 82 
90 143 
90 150 
80 40 
90 199 
69 226 
90 230 
183 300 
90 97 
90 274 
90 74 
90 183 
90 43 
299 279 
90 220 
242 139 
90 306 
90 281 
90 258 
280 53 
90 88 
90 33 
90 264 
90 15 
90 77 
90 39 
90 186 
57 234 
53 280 
90 48 
90 23 
116 253 
160 63 
160 317 
160 60 
116 173 
264 90 
160 159 
24 86 
80 40 
306 59 
306 230 
306 90 
160 249 
252 299 
306 97 
160 103 
295 161 
269 75 
269 33 
134 284 
295 284 
40 80 
269 274 
38 134 
295 120 
269 93 
134 132 
134 133 
269 230 
134 85 
269 300 
2 238 
40 80 
2 16 
16 284 
191 127 
117 241 
253 13 
16 133 
16 132 
16 134 
202 299 
280 53 
13 253 
242 173 
279 228 
16 238 
16 2 
279 7 
25 35 
270 57 
116 270 
202 299 
270 116 
202 158 
202 116 
241 117 
241 234 
180 18 
270 57 
270 116 
299 202 
252 215 
144 7 
53 280 
103 160 
58 301 
279 278 
279 139 
3 132 
131 113 
26 28 
279 299 
279 189 
262 300 
279 135 
279 118 
279 252 
202 158 
279 228 
279 242 
202 116 
278 279 
279 158 
0 259 
234 57 
283 132 
79 267 
291 80 
300 262 
279 234 
234 279 
52 104 
306 59 
306 230 
306 90 
158 234 
306 97 
104 52 
189 252 
200 52 
90 199 
53 251 
299 279 
200 250 
202 299 
80 291 
86 252 
180 191 
306 230 
306 90 
279 7 
269 300 
269 75 
269 33 
291 80 
299 202 
269 274 
80 291 
269 93 
6 218 
269 230 
280 225 
202 299 
199 264 
313 214 
7 279 
158 228 
25 241 
25 279 
25 130 
25 139 
25 122 
116 173 
116 253 
