145 21 
145 314 
79 145 
204 317 
204 60 
204 159 
145 79 
204 222 
204 249 
204 103 
204 318 
204 63 
188 250 
116 278 
21 145 
188 47 
274 33 
308 234 
38 134 
262 300 
278 13 
94 278 
278 299 
234 308 
180 225 
173 253 
278 94 
21 145 
58 270 
173 116 
58 83 
79 161 
204 159 
157 185 
225 208 
194 40 
79 267 
79 145 
50 161 
2 132 
161 145 
38 161 
230 306 
145 21 
230 274 
161 267 
161 79 
194 80 
183 74 
24 131 
38 283 
263 7 
81 30 
202 128 
299 202 
13 278 
283 161 
283 38 
111 288 
314 145 
58 162 
33 230 
202 158 
111 70 
202 116 
13 228 
249 159 
208 256 
145 6 
230 33 
80 40 
230 220 
6 112 
30 81 
127 223 
136 278 
6 314 
204 159 
79 267 
288 233 
269 33 
270 58 
83 45 
267 161 
269 274 
58 162 
269 93 
48 90 
269 230 
21 145 
58 270 
299 242 
233 111 
269 300 
274 199 
269 75 
183 74 
250 242 
161 120 
40 80 
250 279 
81 28 
234 131 
131 234 
256 208 
2 284 
132 2 
254 52 
52 254 
13 116 
116 13 
52 254 
209 202 
21 145 
7 144 
299 83 
299 252 
299 228 
299 118 
299 101 
299 108 
299 304 
299 279 
299 301 
21 145 
145 21 
145 21 
161 267 
267 161 
90 48 
267 161 
202 116 
204 317 
204 60 
204 159 
204 222 
204 103 
204 249 
50 267 
16 238 
204 318 
204 63 
134 38 
249 159 
21 145 
38 283 
16 132 
116 253 
40 80 
2 132 
183 274 
300 262 
16 284 
38 161 
116 173 
16 238 
278 136 
200 52 
21 145 
263 304 
250 173 
306 230 
145 21 
250 7 
267 161 
283 38 
238 16 
132 16 
238 284 
21 145 
238 132 
145 161 
145 21 
132 238 
80 40 
307 292 
28 69 
114 299 
132 284 
204 159 
299 114 
161 267 
305 105 
80 40 
230 220 
26 280 
269 300 
79 161 
269 75 
269 33 
133 3 
269 274 
279 299 
269 93 
16 238 
269 230 
202 116 
116 173 
69 28 
241 116 
105 305 
228 241 
251 28 
228 47 
241 228 
298 28 
47 228 
79 161 
257 120 
299 279 
79 267 
262 300 
83 299 
161 145 
184 161 
79 161 
79 267 
24 252 
33 230 
199 186 
112 6 
112 314 
152 151 
21 145 
21 145 
208 127 
145 161 
145 21 
161 267 
21 145 
150 143 
199 220 
199 186 
45 117 
145 21 
38 283 
283 38 
279 13 
58 162 
16 284 
33 274 
162 58 
306 97 
145 21 
33 232 
93 230 
18 225 
199 183 
13 279 
183 199 
3 132 
283 38 
252 24 
9 225 
269 93 
269 230 
295 310 
161 284 
295 184 
269 300 
79 161 
269 75 
202 128 
132 3 
269 33 
79 267 
295 44 
269 274 
3 132 
204 222 
234 118 
234 210 
204 249 
113 46 
204 103 
202 158 
202 116 
204 318 
234 299 
204 63 
299 234 
199 183 
234 252 
158 202 
234 10 
204 317 
204 60 
234 182 
202 128 
234 158 
204 159 
234 10 
234 182 
234 158 
132 284 
295 44 
234 118 
234 210 
132 2 
234 299 
278 241 
295 310 
199 183 
299 234 
254 200 
234 252 
295 184 
158 315 
158 25 
158 202 
132 85 
173 116 
112 314 
158 162 
158 101 
230 93 
279 308 
158 45 
83 299 
158 83 
173 253 
26 1 
132 2 
202 209 
230 274 
191 225 
252 221 
133 284 
274 33 
191 225 
262 74 
7 279 
33 274 
21 145 
52 254 
