204 159 
145 21 
173 116 
173 253 
173 242 
116 173 
230 82 
230 306 
87 244 
202 101 
80 40 
101 202 
145 3 
306 230 
87 63 
38 283 
176 223 
116 253 
230 39 
204 205 
3 145 
3 267 
205 204 
28 26 
258 281 
184 145 
236 101 
145 184 
132 85 
28 30 
204 248 
80 40 
28 280 
28 1 
279 7 
232 82 
28 141 
249 204 
28 208 
28 307 
7 144 
85 132 
204 159 
291 80 
28 223 
28 285 
28 53 
79 267 
28 127 
274 33 
28 4 
184 50 
28 298 
291 40 
24 252 
28 18 
28 12 
204 249 
28 81 
28 64 
279 118 
33 274 
279 242 
232 230 
28 174 
28 9 
7 263 
28 180 
25 130 
230 82 
230 274 
263 7 
40 291 
35 25 
7 144 
83 301 
50 184 
204 249 
184 50 
93 274 
277 122 
230 183 
223 307 
85 112 
7 279 
93 33 
78 3 
230 306 
38 50 
25 35 
87 63 
93 300 
161 120 
7 144 
93 230 
50 184 
130 25 
50 38 
230 15 
41 274 
291 80 
40 80 
242 135 
63 87 
3 78 
41 33 
230 183 
78 3 
293 187 
230 33 
41 93 
230 143 
41 75 
24 131 
41 300 
230 42 
230 232 
178 304 
230 281 
41 230 
242 279 
184 120 
242 279 
79 284 
159 249 
93 274 
242 135 
27 284 
80 291 
33 274 
145 184 
116 173 
244 87 
244 204 
132 133 
244 248 
132 85 
132 231 
244 249 
244 318 
244 63 
116 253 
132 284 
244 222 
132 266 
132 134 
244 60 
244 159 
116 202 
131 24 
26 28 
219 314 
114 83 
184 3 
279 144 
69 223 
184 50 
252 10 
150 82 
291 80 
204 249 
150 217 
204 248 
80 40 
204 159 
194 291 
161 120 
194 80 
291 80 
50 38 
3 16 
80 291 
63 248 
3 184 
252 215 
87 244 
38 50 
90 93 
90 82 
90 199 
90 59 
90 143 
90 230 
90 150 
204 248 
90 274 
90 183 
90 220 
51 80 
204 159 
90 97 
90 306 
90 281 
90 258 
234 305 
90 33 
90 264 
90 15 
90 39 
90 186 
90 23 
90 77 
47 252 
90 169 
90 48 
204 249 
90 262 
90 269 
90 61 
90 98 
90 300 
90 75 
90 99 
307 191 
80 291 
33 230 
38 161 
33 274 
159 204 
38 120 
25 277 
79 38 
16 3 
38 112 
184 3 
221 252 
33 232 
291 80 
25 135 
130 25 
25 57 
33 300 
7 104 
38 79 
3 16 
0 106 
228 278 
228 253 
18 225 
228 13 
3 184 
202 116 
7 263 
7 162 
228 242 
228 47 
184 3 
228 116 
79 137 
252 221 
79 38 
79 137 
38 79 
120 38 
38 161 
137 79 
25 277 
41 93 
41 75 
83 10 
244 248 
41 300 
87 63 
41 230 
184 120 
87 248 
244 63 
244 222 
41 274 
252 234 
50 184 
244 107 
252 279 
41 33 
80 291 
0 76 
278 228 
244 87 
87 244 
279 228 
279 252 
13 299 
33 274 
200 45 
200 301 
200 254 
202 116 
13 228 
200 193 
200 83 
134 133 
200 52 
2 284 
279 7 
202 128 
200 58 
253 228 
134 314 
40 80 
10 83 
120 184 
200 270 
230 183 
230 183 
40 194 
252 215 
87 244 
80 40 
79 38 
279 7 
159 63 
184 120 
40 80 
132 284 
116 228 
116 253 
40 80 
58 162 
116 202 
116 173 
173 253 
25 130 
83 10 
173 116 
86 10 
86 47 
86 24 
10 83 
120 184 
86 221 
145 314 
204 159 
230 183 
204 249 
204 248 
158 250 
204 107 
204 248 
24 131 
232 90 
202 116 
38 161 
24 86 
21 145 
231 133 
24 252 
38 79 
118 7 
120 161 
194 255 
57 270 
53 298 
58 83 
161 120 
274 97 
24 131 
230 274 
173 116 
26 30 
145 21 
194 291 
178 304 
194 80 
161 38 
194 40 
274 150 
173 253 
85 284 
248 159 
21 145 
305 299 
202 116 
38 161 
10 296 
21 145 
145 21 
279 7 
145 267 
90 48 
116 202 
116 173 
299 305 
232 230 
305 299 
21 145 
90 143 
230 274 
288 276 
232 258 
79 38 
288 72 
116 253 
90 281 
252 221 
280 53 
41 274 
221 10 
41 33 
304 178 
232 230 
7 279 
252 215 
280 174 
258 232 
41 93 
41 75 
2 284 
21 145 
41 300 
232 82 
41 230 
284 132 
230 232 
90 183 
72 288 
262 230 
262 183 
194 255 
300 183 
200 254 
9 92 
284 2 
274 39 
202 116 
143 230 
230 42 
145 21 
173 116 
252 221 
161 38 
252 234 
104 7 
264 75 
252 279 
173 253 
33 274 
10 252 
230 262 
7 279 
38 161 
230 143 
80 194 
80 255 
25 135 
80 51 
21 145 
