317 204 
86 221 
161 79 
86 10 
86 47 
86 24 
242 173 
208 307 
208 307 
21 145 
79 161 
79 50 
228 86 
161 50 
21 145 
249 204 
258 82 
258 88 
26 196 
21 145 
145 50 
145 21 
161 283 
161 3 
161 267 
161 79 
161 38 
50 161 
161 295 
79 50 
161 78 
161 145 
161 50 
161 284 
50 79 
79 50 
50 145 
79 50 
50 79 
90 258 
90 264 
90 15 
90 39 
90 186 
90 33 
90 77 
90 169 
90 48 
90 23 
90 262 
90 269 
90 61 
90 98 
90 300 
90 99 
90 93 
90 75 
90 82 
90 199 
90 143 
90 230 
90 150 
90 274 
90 183 
90 220 
90 97 
90 306 
90 281 
204 317 
204 60 
204 244 
204 159 
57 135 
204 160 
204 222 
204 249 
135 277 
204 103 
204 318 
204 87 
204 63 
204 248 
230 33 
173 242 
2 284 
230 274 
80 255 
80 194 
132 284 
230 93 
90 33 
40 80 
2 132 
80 51 
273 70 
233 216 
262 74 
33 90 
16 284 
233 70 
279 118 
279 228 
16 238 
230 33 
7 263 
242 250 
279 304 
230 274 
16 2 
299 108 
16 3 
35 25 
183 300 
16 132 
200 58 
180 26 
28 285 
258 82 
132 284 
132 161 
130 25 
26 191 
90 33 
86 47 
132 267 
132 266 
132 134 
79 50 
262 74 
86 228 
159 204 
7 279 
132 295 
132 16 
132 240 
132 133 
254 200 
191 26 
132 145 
132 85 
132 231 
132 238 
274 230 
132 184 
186 199 
191 26 
81 187 
279 7 
78 161 
49 116 
50 79 
26 191 
191 208 
135 299 
299 135 
220 186 
49 57 
145 38 
223 225 
230 143 
30 26 
26 30 
232 33 
78 161 
225 223 
230 281 
107 159 
293 191 
253 173 
230 93 
279 253 
253 234 
120 310 
93 230 
135 299 
232 264 
253 279 
279 135 
199 186 
161 78 
279 228 
230 75 
135 242 
279 242 
87 222 
279 228 
234 279 
69 307 
87 60 
69 28 
132 16 
87 244 
230 274 
87 63 
87 248 
78 161 
28 69 
204 159 
16 132 
131 113 
87 318 
90 306 
90 281 
40 80 
57 25 
90 258 
90 186 
90 33 
33 300 
90 264 
90 15 
3 16 
90 77 
90 39 
90 169 
90 48 
90 23 
41 33 
194 255 
90 61 
33 230 
279 234 
7 279 
90 98 
90 262 
90 269 
90 99 
90 93 
90 300 
3 161 
90 75 
90 82 
41 93 
41 300 
41 75 
90 143 
254 200 
90 150 
80 40 
90 199 
41 230 
90 230 
90 97 
90 274 
90 183 
57 299 
253 173 
90 220 
41 274 
161 3 
26 280 
75 97 
75 306 
176 208 
60 103 
55 132 
87 244 
75 59 
279 242 
208 307 
279 135 
280 26 
21 145 
25 57 
208 307 
25 271 
242 250 
79 50 
78 161 
79 161 
79 267 
79 3 
