145 21 
267 161 
267 145 
157 245 
267 184 
267 79 
157 155 
204 248 
250 242 
263 7 
273 216 
204 317 
204 60 
299 108 
306 230 
194 80 
204 244 
204 159 
204 160 
204 222 
204 249 
101 228 
273 70 
204 103 
204 318 
204 63 
16 238 
204 87 
273 233 
273 276 
57 116 
57 178 
57 270 
279 304 
116 279 
278 279 
105 305 
57 253 
279 116 
57 35 
93 300 
263 117 
278 116 
263 7 
291 80 
116 253 
278 253 
137 38 
223 176 
57 173 
274 33 
81 28 
57 47 
116 173 
278 173 
38 137 
7 279 
86 252 
230 33 
7 263 
230 274 
279 7 
274 230 
230 232 
137 38 
291 51 
26 223 
230 90 
230 59 
41 33 
223 26 
230 97 
291 194 
38 137 
291 255 
230 75 
33 274 
230 33 
223 225 
41 93 
25 130 
41 300 
41 75 
230 274 
13 279 
41 230 
194 80 
41 274 
59 97 
51 80 
59 306 
26 223 
40 80 
5 165 
33 230 
33 274 
230 33 
59 75 
51 291 
230 274 
317 87 
256 293 
230 33 
173 242 
230 274 
173 116 
263 7 
279 7 
194 40 
120 137 
252 279 
83 158 
137 120 
252 86 
173 253 
252 279 
230 183 
200 254 
127 256 
25 130 
256 293 
220 230 
230 274 
228 304 
26 293 
52 104 
263 7 
230 232 
256 127 
127 18 
288 233 
143 186 
151 280 
133 132 
132 133 
293 256 
243 279 
279 304 
116 279 
279 116 
26 293 
79 161 
161 79 
26 293 
241 315 
280 53 
293 26 
21 145 
300 93 
38 78 
267 161 
26 293 
225 18 
161 267 
161 267 
78 38 
225 223 
78 161 
78 38 
26 293 
293 26 
256 293 
256 127 
161 267 
21 145 
157 155 
157 245 
144 7 
204 159 
4 12 
12 4 
256 127 
157 245 
157 155 
21 145 
161 145 
161 184 
145 21 
161 267 
161 79 
21 145 
