274 294 
173 242 
161 267 
57 35 
233 288 
35 116 
208 28 
33 274 
9 127 
300 74 
173 253 
30 26 
173 116 
26 30 
249 160 
253 35 
7 144 
134 132 
249 160 
238 284 
283 50 
238 132 
0 259 
116 35 
279 13 
7 263 
249 160 
277 188 
306 59 
0 259 
4 12 
306 230 
306 90 
306 97 
160 103 
160 249 
50 78 
160 63 
12 4 
116 35 
35 116 
132 134 
160 317 
160 60 
160 159 
161 184 
13 279 
306 230 
7 263 
278 279 
4 12 
132 238 
160 249 
194 80 
63 60 
131 113 
132 284 
190 291 
278 236 
7 228 
132 134 
7 279 
253 278 
7 25 
134 132 
7 279 
202 209 
28 195 
306 59 
279 7 
159 318 
79 184 
306 90 
306 97 
202 128 
79 267 
190 291 
12 4 
9 26 
0 106 
0 76 
9 225 
161 184 
0 227 
4 12 
209 202 
225 163 
225 208 
225 26 
225 307 
225 191 
225 18 
225 127 
26 9 
225 256 
208 18 
225 9 
26 225 
52 158 
161 267 
161 240 
161 184 
26 9 
26 225 
209 299 
161 79 
161 283 
26 225 
278 253 
78 50 
116 278 
78 38 
160 249 
160 63 
38 78 
299 83 
249 160 
278 200 
132 284 
234 25 
86 252 
249 160 
35 57 
190 291 
53 280 
83 299 
7 279 
194 190 
53 174 
21 145 
279 25 
7 279 
158 52 
7 25 
7 263 
83 301 
7 228 
159 160 
269 93 
269 230 
269 300 
269 75 
269 33 
269 274 
252 20 
79 267 
90 33 
274 75 
131 113 
90 264 
252 10 
7 228 
90 75 
7 263 
242 250 
21 145 
7 25 
90 143 
269 97 
90 199 
90 230 
279 104 
80 291 
144 7 
132 133 
144 7 
38 120 
133 132 
263 7 
38 50 
51 80 
38 283 
104 279 
291 51 
38 134 
252 10 
38 78 
161 295 
132 134 
262 74 
38 161 
33 274 
10 252 
112 161 
112 120 
112 284 
151 54 
116 35 
26 225 
252 144 
6 133 
132 133 
132 134 
26 225 
249 160 
161 284 
161 267 
160 249 
79 161 
161 79 
79 145 
79 267 
160 63 
161 145 
116 173 
160 317 
160 60 
200 52 
279 242 
249 160 
279 250 
263 7 
160 103 
160 249 
38 283 
161 79 
116 253 
160 63 
288 233 
7 263 
202 128 
151 152 
90 43 
160 249 
90 220 
90 74 
90 306 
161 79 
90 281 
90 258 
90 88 
90 33 
90 264 
90 15 
90 77 
90 39 
90 186 
28 18 
90 23 
208 28 
90 48 
90 98 
90 262 
28 26 
90 93 
90 300 
90 75 
90 99 
90 82 
249 160 
90 143 
90 167 
90 199 
90 230 
90 150 
278 116 
90 97 
90 274 
79 161 
90 183 
161 284 
183 300 
161 295 
184 295 
116 278 
38 295 
267 184 
236 279 
4 26 
236 228 
300 183 
208 28 
26 4 
279 104 
223 26 
184 295 
279 13 
16 284 
279 228 
279 118 
38 161 
279 236 
306 59 
256 191 
306 90 
306 97 
26 223 
26 298 
238 78 
298 26 
300 33 
230 274 
26 225 
295 184 
1 196 
184 295 
26 225 
13 279 
13 278 
33 300 
26 225 
26 285 
225 26 
78 238 
