157 155 
157 185 
86 252 
21 145 
93 75 
295 3 
295 161 
161 295 
21 145 
145 21 
38 50 
21 145 
145 21 
145 21 
204 159 
204 249 
104 52 
7 279 
279 242 
52 104 
38 50 
279 7 
204 159 
90 264 
116 202 
116 173 
252 86 
116 57 
267 3 
242 279 
180 226 
116 253 
38 50 
180 226 
50 6 
26 28 
152 180 
86 252 
52 254 
10 279 
52 254 
133 132 
38 50 
133 284 
279 228 
16 238 
132 133 
16 2 
38 50 
16 132 
38 3 
132 284 
16 284 
230 183 
284 85 
108 299 
132 184 
274 183 
16 132 
252 221 
132 284 
223 176 
238 16 
16 284 
262 74 
49 35 
78 3 
132 2 
16 238 
132 16 
254 52 
238 284 
16 2 
132 238 
52 254 
318 63 
135 7 
135 242 
7 279 
279 135 
279 242 
242 7 
266 79 
71 79 
242 135 
11 138 
79 71 
71 79 
0 106 
252 221 
138 175 
138 11 
159 204 
7 279 
0 259 
11 138 
7 104 
