79 78 
50 79 
79 50 
78 79 
90 99 
90 93 
90 300 
90 75 
90 82 
90 143 
90 150 
90 199 
90 230 
90 97 
90 274 
90 183 
90 220 
204 159 
90 306 
90 281 
90 258 
90 33 
90 264 
90 15 
90 39 
90 186 
90 169 
90 48 
90 23 
90 61 
90 98 
90 262 
90 269 
159 204 
127 307 
80 40 
306 59 
306 230 
306 90 
306 97 
145 79 
204 103 
48 90 
87 244 
202 209 
2 267 
277 25 
299 108 
306 230 
107 244 
28 307 
186 230 
279 278 
189 277 
90 281 
234 117 
90 186 
279 299 
279 189 
90 23 
164 304 
250 193 
279 252 
279 234 
234 279 
279 118 
16 238 
90 82 
3 314 
234 13 
3 161 
90 143 
234 252 
231 6 
230 33 
7 263 
230 274 
83 193 
69 26 
295 161 
83 200 
299 279 
26 69 
83 270 
204 159 
83 301 
298 69 
83 45 
12 28 
83 58 
83 52 
83 254 
83 144 
262 183 
28 26 
132 134 
291 194 
230 183 
173 253 
13 234 
132 133 
132 85 
132 231 
295 161 
28 141 
173 116 
28 208 
69 26 
28 307 
28 223 
90 281 
132 284 
28 285 
112 206 
132 266 
28 18 
204 244 
204 159 
41 274 
204 160 
204 222 
80 51 
278 236 
139 279 
41 33 
204 249 
204 103 
204 318 
204 63 
204 87 
41 93 
41 300 
41 75 
278 279 
204 248 
204 317 
41 230 
204 60 
51 80 
145 21 
252 299 
103 204 
205 159 
274 183 
79 145 
208 307 
205 249 
298 28 
3 184 
186 281 
205 248 
299 252 
7 263 
141 298 
204 159 
130 117 
2 132 
281 186 
130 193 
130 193 
281 183 
231 161 
159 204 
16 238 
230 33 
132 133 
230 274 
263 7 
184 3 
73 204 
238 16 
183 274 
193 130 
128 305 
12 4 
183 281 
21 145 
256 28 
256 127 
189 279 
21 145 
223 225 
225 223 
86 10 
281 183 
225 223 
281 183 
281 274 
249 204 
249 248 
252 10 
204 248 
305 128 
248 249 
204 159 
306 93 
159 204 
3 184 
252 215 
3 161 
223 225 
3 120 
3 267 
80 255 
3 6 
80 194 
249 248 
204 159 
291 80 
3 112 
137 38 
80 51 
3 133 
3 310 
3 85 
3 79 
298 28 
41 33 
159 204 
41 75 
41 93 
41 300 
184 3 
41 230 
145 267 
252 221 
204 159 
41 274 
83 52 
137 38 
57 117 
40 80 
79 3 
112 78 
187 26 
223 225 
26 187 
278 279 
258 230 
41 300 
250 173 
273 233 
273 276 
57 58 
41 230 
194 80 
41 274 
58 57 
41 33 
204 103 
3 79 
273 70 
38 137 
187 26 
127 256 
10 252 
41 93 
41 75 
132 2 
51 291 
277 25 
295 161 
225 223 
248 249 
51 80 
132 284 
216 233 
233 70 
281 183 
266 231 
199 186 
79 3 
127 256 
223 225 
80 40 
277 25 
186 199 
145 267 
231 266 
80 51 
145 267 
85 3 
231 266 
137 38 
291 51 
183 281 
4 28 
223 225 
21 145 
145 21 
75 230 
191 1 
225 223 
250 242 
145 21 
159 318 
80 194 
274 183 
291 80 
80 51 
161 78 
274 281 
248 159 
242 250 
21 145 
38 137 
7 279 
270 52 
7 25 
7 263 
145 21 
159 248 
258 82 
78 112 
52 270 
78 79 
78 161 
78 161 
6 314 
280 53 
6 112 
281 274 
159 204 
305 105 
79 161 
52 254 
204 159 
194 80 
244 107 
159 204 
244 87 
254 52 
204 159 
244 63 
204 248 
173 116 
204 317 
204 60 
204 244 
204 159 
149 252 
161 79 
204 160 
204 222 
291 40 
204 103 
204 249 
108 202 
204 87 
173 253 
204 318 
204 63 
159 204 
230 274 
194 291 
13 234 
230 143 
87 244 
183 230 
307 28 
103 159 
228 47 
57 58 
263 7 
87 63 
103 249 
127 26 
58 57 
87 222 
233 70 
116 202 
230 97 
204 103 
3 85 
199 186 
230 183 
230 98 
230 300 
279 228 
230 75 
230 269 
230 99 
230 306 
264 230 
33 183 
7 279 
230 258 
199 230 
230 33 
230 82 
183 230 
230 143 
230 150 
230 48 
220 230 
230 274 
216 276 
230 220 
274 230 
103 204 
80 194 
230 281 
186 230 
216 89 
230 93 
204 159 
230 264 
230 15 
230 39 
230 186 
280 53 
230 23 
33 75 
127 26 
230 169 
230 199 
174 285 
26 127 
230 61 
230 262 
279 315 
98 90 
281 230 
307 208 
264 230 
134 133 
279 47 
7 263 
223 28 
204 159 
274 230 
249 248 
59 97 
7 144 
59 306 
40 80 
132 120 
249 103 
300 183 
199 186 
278 173 
59 75 
0 259 
194 291 
204 159 
70 273 
137 38 
204 249 
273 70 
291 194 
38 137 
234 13 
7 263 
284 2 
21 145 
278 279 
234 228 
145 21 
230 274 
263 7 
306 59 
315 279 
306 230 
306 90 
108 299 
80 255 
306 97 
80 194 
279 278 
80 51 
204 249 
293 127 
230 59 
208 307 
230 75 
13 234 
2 284 
21 145 
230 274 
279 7 
274 230 
230 232 
230 93 
279 7 
200 58 
238 3 
58 162 
50 267 
82 258 
127 307 
159 73 
108 299 
79 161 
7 144 
82 183 
7 279 
7 279 
7 104 
7 279 
144 7 
255 51 
180 18 
7 279 
