21 145 
267 161 
267 161 
161 284 
161 267 
199 183 
204 159 
59 306 
159 204 
3 184 
108 202 
26 9 
145 21 
249 204 
145 79 
9 26 
145 79 
28 285 
79 145 
9 26 
267 145 
300 262 
82 183 
230 306 
267 184 
21 145 
145 21 
28 208 
204 317 
204 60 
314 6 
204 159 
33 232 
204 222 
230 59 
262 300 
204 103 
300 262 
204 249 
204 318 
204 63 
314 112 
21 145 
45 117 
80 40 
108 299 
6 314 
202 128 
28 307 
117 45 
128 202 
26 298 
204 249 
269 93 
118 164 
269 230 
21 145 
298 26 
161 284 
269 300 
269 75 
26 92 
269 33 
63 222 
40 80 
269 274 
159 249 
2 132 
200 254 
173 242 
2 284 
21 145 
45 117 
145 21 
57 35 
7 144 
204 159 
174 53 
242 299 
262 183 
299 278 
159 204 
145 21 
159 204 
161 284 
204 159 
283 38 
152 151 
33 274 
21 145 
230 274 
159 318 
4 26 
274 183 
274 33 
21 145 
145 21 
26 4 
157 185 
159 204 
21 145 
145 21 
267 145 
267 184 
318 159 
21 145 
157 185 
145 21 
21 145 
21 145 
21 145 
145 21 
6 112 
145 21 
6 314 
145 79 
145 21 
208 225 
21 145 
157 185 
21 145 
21 145 
