267 161 
21 145 
194 291 
21 145 
145 21 
21 145 
161 267 
21 145 
21 145 
145 50 
145 21 
145 21 
267 38 
267 50 
21 145 
267 161 
16 284 
281 217 
281 186 
281 220 
161 267 
52 158 
52 250 
52 104 
52 193 
52 200 
52 301 
52 270 
52 45 
52 83 
52 58 
38 267 
52 254 
21 145 
21 145 
109 285 
21 145 
267 161 
204 159 
50 145 
50 267 
161 267 
161 50 
204 159 
223 28 
189 279 
83 45 
16 284 
204 318 
58 200 
158 52 
13 234 
134 266 
234 13 
314 112 
278 241 
58 270 
58 45 
58 301 
58 83 
58 254 
234 24 
234 158 
234 250 
85 16 
57 135 
234 308 
234 315 
234 277 
234 162 
58 193 
234 131 
83 58 
274 33 
278 136 
134 133 
308 309 
79 161 
28 69 
204 159 
202 128 
189 279 
79 267 
183 300 
200 58 
202 128 
143 220 
128 202 
300 90 
204 249 
133 134 
300 183 
143 186 
143 217 
279 228 
131 234 
200 52 
90 300 
174 298 
298 174 
45 117 
241 278 
161 267 
90 143 
279 158 
90 150 
279 250 
90 199 
216 276 
90 230 
90 97 
90 274 
310 161 
90 74 
90 183 
173 234 
90 220 
202 128 
90 306 
116 253 
90 281 
90 258 
173 279 
90 88 
90 33 
85 133 
90 264 
90 15 
90 77 
90 39 
279 305 
90 186 
279 299 
279 189 
279 104 
90 48 
90 23 
279 135 
279 252 
116 202 
90 98 
90 262 
279 228 
234 279 
279 118 
116 173 
90 99 
58 200 
279 242 
7 279 
90 93 
90 300 
202 116 
90 75 
278 241 
116 278 
90 82 
279 304 
7 279 
90 98 
90 300 
267 184 
134 133 
90 99 
90 93 
90 75 
90 82 
90 199 
133 85 
90 143 
90 230 
90 150 
278 116 
90 274 
90 183 
183 300 
90 220 
90 97 
90 74 
90 281 
26 307 
90 258 
90 306 
305 279 
250 7 
90 264 
90 15 
90 39 
90 186 
90 88 
90 33 
133 134 
128 202 
90 77 
90 48 
90 23 
90 262 
300 183 
278 236 
300 183 
241 236 
236 25 
236 7 
6 133 
202 116 
173 236 
236 241 
16 112 
253 278 
26 225 
16 132 
274 183 
236 173 
202 128 
132 3 
236 253 
280 53 
236 242 
145 267 
253 236 
225 26 
33 230 
300 183 
161 145 
250 299 
230 33 
145 161 
47 228 
133 6 
108 299 
16 132 
274 33 
16 284 
6 133 
16 238 
25 236 
228 279 
194 80 
117 45 
21 145 
21 145 
47 228 
