250 47 
252 215 
250 173 
250 242 
252 10 
57 135 
57 148 
57 25 
57 117 
279 35 
173 279 
57 173 
24 319 
35 279 
252 10 
253 279 
135 277 
57 211 
57 241 
57 101 
57 210 
57 193 
57 108 
57 242 
279 173 
57 279 
199 186 
57 139 
57 188 
61 186 
57 170 
94 279 
230 82 
230 306 
57 202 
184 145 
57 177 
57 263 
57 270 
283 50 
21 145 
57 277 
57 45 
57 209 
145 184 
50 283 
273 276 
57 58 
40 291 
57 158 
57 299 
250 305 
202 299 
57 189 
57 49 
305 250 
279 253 
249 204 
230 232 
81 28 
230 306 
278 279 
304 299 
200 254 
200 52 
236 101 
94 122 
4 12 
173 116 
279 7 
178 304 
200 58 
94 299 
40 80 
12 4 
94 241 
94 108 
202 116 
173 253 
242 173 
279 252 
230 183 
279 118 
279 242 
52 254 
145 184 
13 279 
178 304 
279 101 
279 278 
279 139 
90 39 
279 305 
288 233 
279 299 
28 18 
279 189 
253 242 
305 279 
28 285 
230 183 
159 204 
299 304 
299 279 
180 18 
299 202 
252 279 
279 252 
21 145 
278 279 
41 93 
41 75 
132 145 
41 300 
278 279 
4 12 
41 230 
130 35 
230 93 
279 101 
279 278 
130 135 
279 139 
41 274 
130 49 
86 47 
278 253 
279 305 
130 57 
279 299 
279 189 
41 33 
299 83 
279 252 
230 183 
279 118 
40 194 
279 242 
159 204 
6 3 
6 295 
6 27 
279 228 
6 266 
230 75 
6 71 
6 16 
6 218 
6 133 
161 6 
6 132 
6 79 
6 231 
6 310 
6 78 
6 238 
6 85 
6 311 
6 184 
228 279 
6 38 
6 240 
38 50 
127 28 
6 161 
6 283 
6 284 
6 314 
6 267 
6 145 
6 120 
12 4 
6 134 
6 50 
6 257 
6 112 
230 183 
6 2 
252 10 
7 279 
151 280 
144 7 
6 161 
299 279 
79 38 
79 283 
252 10 
10 252 
79 78 
79 161 
252 10 
10 252 
11 138 
252 10 
252 94 
21 219 
21 145 
204 244 
204 159 
204 160 
204 222 
204 103 
204 249 
204 87 
204 318 
204 63 
204 248 
204 317 
204 60 
90 143 
90 230 
90 150 
90 59 
90 274 
90 183 
90 220 
90 97 
90 306 
90 281 
90 258 
305 279 
90 264 
90 15 
90 39 
90 186 
90 33 
90 77 
90 169 
90 48 
90 23 
90 262 
90 269 
90 61 
90 98 
90 300 
90 99 
90 93 
90 75 
90 82 
90 199 
28 174 
28 9 
28 180 
2 284 
21 145 
28 187 
28 30 
28 280 
94 252 
28 1 
28 141 
249 204 
28 69 
28 293 
28 208 
250 158 
28 307 
28 191 
28 223 
90 281 
28 53 
18 180 
28 127 
28 4 
28 298 
2 132 
28 18 
28 12 
28 176 
28 81 
28 26 
138 11 
138 175 
28 251 
28 64 
127 9 
127 180 
204 249 
127 187 
127 64 
127 53 
152 151 
127 30 
13 228 
127 176 
127 293 
127 208 
13 234 
127 307 
127 69 
127 191 
127 81 
127 174 
127 223 
127 4 
127 28 
79 137 
127 12 
120 310 
127 298 
132 3 
189 279 
127 280 
127 18 
13 278 
127 251 
127 141 
127 26 
127 1 
3 112 
3 283 
94 299 
3 132 
3 266 
28 4 
3 16 
3 133 
3 78 
3 79 
3 310 
258 150 
150 258 
3 85 
3 219 
94 241 
3 184 
94 108 
3 295 
3 257 
94 279 
3 38 
3 137 
3 161 
3 240 
4 28 
94 122 
3 120 
3 284 
3 314 
145 21 
3 145 
3 267 
3 231 
3 238 
3 134 
3 6 
178 304 
283 79 
3 50 
90 59 
273 233 
6 38 
273 276 
90 230 
6 184 
90 97 
6 240 
90 274 
178 304 
90 183 
6 284 
6 314 
90 220 
6 161 
6 283 
107 159 
90 306 
90 281 
6 145 
6 120 
90 258 
6 267 
90 33 
6 134 
90 264 
90 15 
90 77 
90 39 
90 186 
6 50 
90 48 
90 23 
262 300 
90 169 
194 255 
291 194 
6 257 
6 112 
6 27 
90 61 
6 2 
90 98 
90 262 
273 70 
278 13 
6 71 
6 3 
6 295 
90 269 
6 16 
90 99 
90 93 
6 132 
6 266 
90 300 
6 79 
90 75 
6 218 
6 133 
194 51 
318 204 
6 310 
6 78 
90 82 
25 130 
6 85 
6 311 
90 143 
6 231 
90 150 
90 199 
6 238 
200 52 
132 133 
4 12 
52 104 
200 58 
305 279 
12 4 
159 317 
279 305 
279 135 
108 202 
279 242 
87 244 
300 33 
279 7 
202 108 
278 116 
204 159 
300 93 
11 138 
279 299 
132 284 
40 80 
228 309 
138 175 
138 11 
10 252 
38 50 
299 279 
79 137 
204 159 
35 25 
178 304 
94 299 
132 284 
130 25 
158 122 
252 279 
94 241 
94 279 
94 108 
94 122 
161 184 
161 267 
161 79 
279 228 
281 90 
161 145 
4 12 
12 4 
219 21 
21 219 
219 21 
252 10 
21 219 
152 151 
101 117 
101 278 
79 50 
50 79 
