0 76 
20 252 
86 10 
86 221 
53 280 
108 299 
6 85 
90 258 
90 186 
90 33 
90 15 
90 77 
90 39 
90 48 
90 23 
90 98 
90 262 
90 269 
90 99 
90 93 
90 300 
90 75 
90 167 
90 82 
90 199 
90 143 
90 230 
90 150 
90 59 
90 183 
90 220 
90 97 
90 274 
90 74 
90 281 
90 306 
40 80 
90 264 
135 299 
135 228 
135 242 
94 252 
127 28 
28 9 
108 299 
28 208 
204 317 
204 60 
204 159 
204 222 
291 51 
28 18 
204 249 
204 103 
28 26 
291 194 
135 242 
204 318 
204 63 
299 252 
173 253 
151 280 
204 318 
234 13 
234 299 
204 63 
13 234 
234 135 
234 252 
173 116 
40 291 
18 127 
194 291 
234 242 
204 317 
204 60 
234 158 
204 159 
151 152 
234 189 
204 222 
234 263 
234 118 
234 278 
204 249 
180 225 
204 103 
90 15 
90 39 
90 186 
242 135 
90 23 
90 77 
132 79 
90 48 
90 262 
90 269 
225 180 
200 254 
90 98 
90 300 
204 318 
90 99 
90 93 
90 75 
299 234 
90 82 
90 199 
304 299 
90 59 
90 143 
90 230 
159 318 
90 150 
90 274 
132 184 
90 183 
314 6 
90 220 
90 97 
90 74 
90 306 
90 281 
194 80 
132 284 
90 258 
90 33 
291 80 
132 120 
90 264 
278 116 
16 132 
225 285 
238 16 
299 45 
222 160 
223 26 
16 284 
16 238 
228 135 
278 234 
288 111 
16 3 
108 299 
90 143 
90 199 
90 59 
90 230 
90 150 
90 97 
90 274 
90 183 
90 220 
90 74 
223 28 
90 306 
90 281 
90 258 
86 10 
90 33 
116 253 
40 80 
90 264 
90 15 
90 77 
90 39 
135 299 
90 186 
90 23 
86 221 
90 48 
135 228 
90 262 
116 173 
90 269 
135 242 
90 98 
90 300 
90 75 
90 99 
90 82 
90 93 
116 202 
90 98 
204 318 
116 173 
90 269 
90 99 
204 63 
90 93 
90 300 
90 75 
144 7 
90 82 
90 199 
45 108 
90 143 
90 230 
40 51 
90 150 
90 59 
204 317 
204 60 
90 183 
90 220 
90 97 
90 274 
90 74 
151 54 
90 281 
194 80 
204 159 
90 306 
116 253 
90 264 
159 249 
90 258 
204 222 
90 186 
113 319 
90 33 
90 15 
152 26 
90 77 
90 39 
26 152 
45 299 
90 48 
204 249 
90 23 
90 262 
204 103 
113 319 
299 45 
152 26 
135 228 
319 46 
144 7 
306 59 
306 90 
306 97 
178 104 
132 38 
132 283 
132 3 
132 112 
132 27 
132 161 
86 10 
132 120 
132 284 
132 314 
132 267 
132 266 
132 134 
132 79 
132 311 
79 50 
132 50 
132 257 
86 221 
132 2 
108 45 
132 295 
143 90 
132 240 
132 71 
132 16 
132 218 
132 133 
144 7 
21 145 
132 145 
132 231 
132 310 
132 78 
132 238 
132 6 
132 85 
108 299 
132 184 
2 284 
161 284 
25 139 
25 122 
238 16 
221 10 
25 241 
25 279 
16 238 
79 132 
25 130 
152 151 
6 314 
252 10 
7 228 
228 135 
252 94 
7 135 
80 291 
80 40 
80 194 
7 309 
145 21 
26 152 
6 314 
144 7 
90 143 
94 252 
132 314 
159 249 
144 193 
144 200 
144 254 
173 253 
143 90 
318 159 
144 207 
144 270 
144 45 
144 301 
144 52 
173 116 
144 83 
144 58 
161 267 
173 116 
116 13 
306 90 
161 79 
132 112 
116 228 
132 284 
132 314 
116 253 
151 28 
173 253 
258 281 
161 145 
116 241 
161 184 
116 242 
116 162 
90 143 
299 228 
116 108 
228 135 
281 258 
242 116 
59 306 
28 285 
278 13 
40 194 
145 161 
90 143 
194 80 
291 80 
194 40 
298 53 
306 274 
173 253 
105 305 
21 145 
145 21 
173 116 
306 90 
306 97 
274 230 
306 90 
314 132 
269 230 
269 300 
269 75 
7 309 
269 33 
269 274 
269 93 
208 180 
21 145 
274 39 
274 230 
18 256 
222 204 
256 18 
79 184 
26 285 
230 82 
10 252 
230 274 
80 40 
80 194 
252 299 
238 16 
