50 267 
305 105 
80 255 
80 194 
80 51 
132 284 
9 26 
299 305 
9 225 
161 145 
252 215 
230 82 
161 184 
202 209 
16 2 
78 38 
161 267 
80 194 
82 232 
78 161 
161 79 
230 274 
78 38 
174 141 
25 35 
230 220 
78 161 
183 143 
75 274 
33 75 
135 277 
183 281 
230 33 
161 50 
220 230 
13 101 
116 278 
204 107 
278 279 
209 202 
204 248 
13 279 
278 116 
194 80 
242 279 
204 244 
252 319 
280 53 
242 122 
234 279 
25 241 
281 169 
200 52 
58 301 
25 271 
194 80 
25 135 
25 189 
104 178 
279 299 
252 279 
41 33 
279 252 
41 93 
41 75 
116 279 
93 183 
41 300 
78 38 
78 161 
252 299 
41 230 
41 274 
204 248 
108 299 
41 230 
299 279 
200 58 
41 274 
101 13 
41 33 
200 270 
200 301 
200 45 
200 254 
200 52 
200 193 
200 83 
41 93 
41 75 
75 230 
220 230 
41 300 
248 204 
82 258 
230 33 
116 241 
234 228 
58 301 
75 230 
220 230 
230 274 
78 38 
194 291 
78 161 
267 79 
220 306 
293 28 
158 279 
79 267 
101 13 
158 299 
7 279 
228 13 
191 307 
13 228 
13 101 
230 220 
228 279 
38 283 
295 161 
194 80 
82 230 
33 232 
252 94 
252 228 
33 300 
252 10 
33 230 
252 215 
33 274 
135 189 
230 33 
230 274 
295 161 
252 221 
135 279 
79 284 
230 75 
141 174 
141 212 
230 232 
141 298 
141 53 
141 285 
21 145 
26 69 
26 307 
161 295 
78 38 
78 161 
11 175 
144 7 
295 161 
7 279 
78 38 
78 161 
93 75 
93 230 
230 183 
93 300 
93 75 
93 230 
93 59 
93 274 
93 33 
33 93 
79 161 
79 38 
267 50 
13 101 
