161 78 
161 267 
141 298 
161 267 
278 253 
225 26 
278 136 
159 204 
254 200 
173 116 
280 53 
291 80 
80 291 
173 253 
204 249 
204 103 
204 318 
202 116 
199 90 
204 63 
253 278 
21 145 
306 230 
145 21 
204 317 
204 60 
204 159 
202 128 
204 222 
145 79 
280 151 
28 18 
90 258 
90 33 
90 264 
90 15 
90 39 
90 186 
90 23 
90 77 
90 48 
90 262 
278 136 
7 279 
90 98 
90 300 
90 75 
7 250 
90 99 
90 93 
90 82 
21 145 
90 199 
230 274 
90 143 
90 230 
145 21 
90 150 
90 274 
0 259 
90 183 
90 220 
204 159 
90 97 
90 74 
120 310 
90 306 
202 299 
90 281 
7 158 
90 183 
90 97 
90 274 
90 74 
90 220 
145 79 
309 136 
90 306 
90 281 
90 264 
90 258 
79 145 
267 161 
90 186 
90 33 
90 15 
90 77 
90 39 
90 48 
90 23 
7 279 
69 307 
90 98 
90 262 
278 136 
33 274 
90 99 
69 223 
90 93 
90 300 
90 75 
144 7 
90 82 
90 199 
90 143 
90 230 
90 150 
204 318 
318 204 
18 28 
299 252 
299 228 
304 299 
299 118 
299 101 
158 202 
161 267 
79 161 
299 108 
299 304 
299 279 
151 54 
299 301 
90 77 
53 280 
299 83 
33 274 
2 284 
145 21 
230 274 
223 69 
249 204 
204 159 
7 299 
28 18 
33 75 
180 225 
225 180 
21 145 
307 28 
90 199 
225 163 
90 281 
230 306 
9 225 
298 141 
120 310 
310 120 
310 295 
295 310 
141 298 
241 162 
310 120 
158 299 
30 176 
158 228 
158 304 
158 305 
158 189 
158 242 
279 7 
279 278 
279 189 
279 305 
279 299 
279 118 
279 228 
279 241 
278 279 
194 40 
281 90 
176 28 
254 200 
59 90 
194 291 
299 279 
59 306 
305 279 
176 30 
90 74 
90 281 
202 128 
90 306 
116 253 
90 264 
90 258 
90 186 
90 33 
199 220 
28 176 
90 15 
90 77 
90 39 
90 48 
90 23 
116 202 
90 98 
90 262 
116 173 
90 99 
204 63 
90 93 
200 254 
90 300 
90 75 
223 225 
90 82 
90 199 
90 143 
90 230 
254 200 
90 150 
150 183 
90 183 
90 220 
90 97 
150 74 
90 274 
304 158 
132 85 
90 59 
132 231 
306 230 
108 299 
204 317 
204 60 
204 159 
132 284 
204 222 
132 266 
81 28 
204 103 
132 134 
199 186 
204 249 
228 299 
204 318 
204 63 
242 250 
132 133 
53 174 
18 28 
223 225 
299 228 
18 127 
80 40 
112 38 
38 112 
120 310 
310 120 
132 3 
28 53 
27 284 
69 223 
7 279 
202 116 
230 88 
7 250 
40 291 
202 128 
7 158 
202 128 
204 222 
2 132 
204 103 
204 249 
300 74 
202 116 
204 318 
53 28 
204 63 
204 317 
204 60 
204 159 
230 220 
45 301 
45 270 
231 266 
45 58 
45 52 
45 144 
231 132 
120 310 
45 193 
45 83 
45 200 
231 133 
45 254 
174 53 
231 134 
45 207 
231 85 
231 284 
230 306 
13 228 
204 318 
204 63 
53 174 
230 274 
306 230 
162 58 
204 317 
204 60 
120 132 
204 159 
202 128 
310 120 
204 222 
199 220 
204 103 
204 249 
300 74 
58 162 
7 279 
93 33 
145 184 
145 161 
180 18 
145 267 
112 314 
280 53 
33 274 
159 204 
116 57 
161 284 
274 33 
53 280 
33 274 
7 279 
281 90 
314 132 
21 145 
204 159 
158 202 
306 59 
306 230 
306 97 
18 180 
204 159 
232 274 
233 288 
278 13 
33 274 
159 204 
80 291 
21 145 
254 200 
145 21 
108 299 
132 314 
274 33 
274 82 
279 305 
291 194 
200 254 
202 116 
223 225 
21 145 
279 7 
202 128 
128 305 
160 249 
45 301 
160 103 
45 270 
45 58 
45 52 
45 144 
160 318 
45 193 
45 83 
45 200 
45 254 
274 33 
53 225 
160 63 
45 207 
58 162 
160 60 
278 136 
160 317 
223 127 
159 204 
200 254 
160 159 
160 222 
25 277 
254 200 
28 141 
162 58 
90 82 
90 143 
21 145 
90 199 
53 298 
90 230 
145 21 
90 150 
90 97 
90 274 
79 161 
90 183 
295 161 
112 314 
90 220 
90 74 
90 306 
90 281 
90 258 
79 267 
90 33 
90 264 
90 15 
262 90 
128 202 
90 77 
90 39 
90 186 
12 28 
90 48 
90 23 
90 98 
90 262 
90 99 
90 93 
90 300 
90 75 
152 180 
161 184 
299 228 
299 118 
299 252 
299 101 
75 274 
299 108 
299 279 
299 304 
27 284 
236 242 
299 301 
299 83 
161 295 
90 33 
27 284 
90 264 
90 15 
90 77 
90 39 
90 186 
90 48 
90 23 
90 98 
90 262 
90 99 
90 93 
90 300 
90 75 
134 133 
90 82 
90 143 
90 150 
90 199 
90 230 
90 97 
90 274 
75 274 
90 74 
90 183 
90 220 
90 306 
90 281 
90 258 
231 133 
183 74 
274 230 
132 284 
234 25 
291 40 
132 2 
230 220 
45 301 
112 314 
45 299 
230 300 
281 90 
278 173 
159 204 
280 26 
299 301 
159 249 
7 279 
116 173 
300 274 
116 253 
191 225 
7 158 
7 299 
