183 262 
183 300 
7 279 
199 186 
135 242 
135 278 
135 299 
119 38 
135 252 
135 228 
119 314 
38 119 
82 33 
82 230 
161 50 
199 186 
90 74 
90 306 
90 281 
90 258 
90 33 
90 264 
90 15 
90 77 
90 39 
90 186 
90 23 
90 48 
90 262 
90 269 
90 98 
90 300 
90 75 
90 99 
90 82 
90 93 
90 143 
90 199 
90 59 
90 230 
90 150 
90 97 
90 274 
90 183 
90 220 
254 200 
252 135 
24 252 
18 208 
232 230 
18 307 
57 139 
57 277 
306 75 
57 130 
306 230 
306 59 
57 35 
306 90 
306 97 
57 135 
57 25 
57 189 
204 222 
57 49 
223 176 
81 223 
136 13 
57 241 
24 234 
204 249 
223 81 
204 103 
184 132 
116 57 
13 136 
57 116 
204 318 
116 173 
45 101 
204 63 
116 241 
57 270 
116 242 
145 161 
116 47 
90 230 
45 117 
57 253 
145 21 
108 299 
53 18 
204 317 
139 25 
204 60 
252 135 
145 267 
136 278 
116 270 
116 13 
194 80 
130 25 
204 159 
223 176 
176 223 
116 253 
204 160 
204 222 
116 35 
13 278 
57 173 
283 78 
204 159 
78 283 
176 223 
78 145 
204 160 
132 120 
132 284 
57 25 
204 222 
231 78 
33 93 
12 28 
299 301 
78 267 
81 223 
78 50 
194 40 
132 79 
90 48 
204 249 
223 81 
3 133 
204 303 
204 103 
291 194 
281 90 
9 18 
33 74 
78 266 
204 318 
314 112 
78 231 
78 133 
204 63 
180 307 
314 119 
228 252 
81 142 
299 252 
78 79 
78 184 
50 295 
78 238 
93 262 
25 35 
194 291 
26 225 
50 78 
262 93 
252 299 
204 317 
204 60 
132 184 
50 79 
78 27 
90 59 
238 132 
90 143 
90 230 
145 21 
253 13 
194 291 
90 150 
80 40 
90 274 
90 183 
306 90 
90 220 
90 97 
78 283 
90 74 
90 306 
90 281 
7 158 
194 80 
90 258 
7 299 
90 33 
13 278 
228 301 
90 264 
108 241 
90 15 
90 39 
101 299 
90 186 
194 40 
90 23 
295 50 
90 77 
238 16 
90 48 
101 228 
90 262 
90 269 
7 279 
200 254 
90 98 
90 300 
90 75 
90 99 
90 93 
299 135 
78 231 
238 284 
90 82 
21 145 
90 199 
90 269 
230 82 
230 306 
90 99 
90 93 
90 300 
90 75 
223 225 
90 82 
21 145 
90 143 
220 230 
90 150 
90 199 
162 58 
53 18 
90 59 
90 230 
306 230 
279 7 
90 183 
230 220 
274 230 
90 97 
90 274 
90 74 
90 220 
90 306 
291 80 
90 281 
90 264 
230 39 
90 258 
90 186 
242 135 
90 33 
159 249 
90 15 
90 77 
90 39 
24 252 
90 48 
230 183 
90 23 
230 97 
90 98 
90 262 
300 74 
291 194 
79 50 
50 145 
50 267 
132 2 
299 252 
50 283 
256 1 
50 295 
194 291 
50 16 
173 270 
50 78 
204 159 
50 79 
50 38 
50 184 
194 40 
50 161 
40 80 
269 274 
184 295 
269 93 
4 28 
269 230 
26 225 
269 300 
38 50 
269 75 
132 184 
158 202 
252 135 
252 299 
90 274 
269 33 
38 50 
38 283 
7 309 
25 135 
13 278 
38 79 
274 33 
38 78 
11 175 
194 40 
242 135 
59 269 
38 161 
38 295 
202 116 
249 159 
38 267 
234 299 
234 135 
253 13 
230 232 
279 7 
13 253 
12 28 
18 208 
7 279 
108 209 
26 81 
81 26 
108 315 
209 116 
108 104 
299 108 
108 299 
108 241 
199 186 
26 81 
81 26 
25 130 
25 139 
45 301 
26 92 
225 26 
45 299 
