173 253 
90 150 
173 116 
278 200 
53 280 
178 47 
159 160 
307 225 
91 68 
199 90 
79 132 
90 199 
242 173 
159 160 
86 252 
52 200 
160 317 
160 60 
200 52 
160 159 
69 298 
160 222 
228 242 
57 35 
279 7 
160 249 
160 103 
7 144 
151 152 
298 69 
160 318 
160 63 
83 301 
160 63 
11 175 
278 236 
178 47 
160 317 
160 60 
7 279 
160 159 
143 90 
180 307 
45 117 
278 116 
160 103 
278 7 
160 249 
279 239 
279 7 
52 193 
53 280 
138 11 
138 175 
278 173 
90 143 
173 242 
80 194 
160 103 
160 249 
116 253 
11 138 
160 63 
116 173 
160 317 
160 60 
93 230 
91 95 
12 4 
13 278 
31 122 
83 301 
63 159 
11 138 
138 11 
138 175 
13 116 
31 242 
31 279 
117 45 
159 160 
202 116 
132 184 
159 63 
116 13 
184 132 
116 202 
194 291 
194 80 
194 40 
291 194 
63 159 
132 79 
164 304 
152 28 
242 250 
194 291 
152 30 
116 270 
132 112 
132 284 
132 314 
116 202 
116 57 
152 151 
202 116 
239 279 
134 38 
132 6 
230 93 
93 230 
230 59 
230 97 
116 202 
202 158 
230 75 
202 116 
230 75 
134 132 
314 219 
183 300 
134 284 
230 93 
93 230 
158 279 
69 285 
230 59 
230 97 
208 28 
230 306 
306 230 
291 51 
269 33 
93 230 
269 274 
230 59 
314 284 
225 26 
230 97 
116 202 
230 269 
269 93 
230 306 
161 78 
269 230 
269 300 
269 75 
314 6 
174 298 
241 58 
202 158 
202 116 
160 159 
230 306 
132 2 
132 203 
202 116 
279 211 
132 71 
132 295 
132 16 
132 240 
208 18 
132 17 
132 218 
132 133 
132 310 
132 78 
80 40 
132 145 
132 85 
132 238 
132 6 
80 255 
132 38 
80 194 
132 184 
186 199 
132 283 
202 128 
132 3 
132 112 
132 284 
132 314 
132 27 
132 161 
128 305 
80 51 
186 74 
132 120 
132 267 
230 90 
11 175 
132 261 
132 266 
279 299 
132 79 
58 241 
186 143 
132 50 
132 110 
242 113 
80 291 
132 134 
18 208 
132 257 
279 7 
299 279 
120 161 
230 306 
120 50 
120 257 
279 7 
252 86 
7 279 
225 18 
225 307 
11 138 
306 230 
194 291 
160 103 
194 80 
194 40 
208 28 
208 28 
202 116 
208 18 
90 230 
194 80 
132 120 
132 27 
279 13 
132 79 
18 225 
113 242 
278 116 
278 253 
278 13 
80 194 
116 278 
269 230 
238 132 
238 284 
16 2 
269 300 
16 132 
269 75 
194 80 
269 33 
238 2 
40 190 
40 80 
85 6 
269 274 
238 16 
16 284 
71 161 
269 93 
40 194 
16 238 
4 1 
291 194 
132 2 
132 16 
1 4 
132 238 
278 116 
80 194 
160 249 
194 80 
279 278 
279 253 
132 284 
279 13 
299 209 
279 13 
279 299 
253 279 
279 242 
281 82 
13 279 
306 230 
279 7 
228 279 
194 80 
299 279 
279 278 
180 298 
16 132 
116 253 
16 284 
279 228 
180 152 
16 238 
116 173 
16 2 
278 279 
35 135 
250 242 
202 209 
279 7 
161 132 
82 281 
161 261 
161 310 
161 78 
161 238 
161 6 
161 85 
161 145 
161 184 
161 50 
209 202 
161 314 
161 27 
161 283 
279 7 
161 3 
161 284 
161 112 
161 267 
161 266 
161 17 
161 218 
161 120 
161 133 
161 134 
161 79 
161 311 
132 284 
7 122 
161 110 
161 257 
161 38 
132 120 
161 2 
161 203 
161 295 
161 240 
161 71 
161 16 
209 299 
279 13 
281 82 
