90 269 
274 183 
104 279 
104 7 
7 279 
86 252 
83 242 
18 180 
7 135 
53 280 
18 208 
7 242 
199 186 
83 299 
13 173 
52 254 
281 258 
159 318 
83 45 
300 90 
299 83 
173 13 
26 12 
12 26 
242 250 
318 63 
63 318 
314 3 
269 300 
108 104 
38 50 
269 75 
269 33 
204 159 
108 241 
83 45 
269 274 
108 209 
269 93 
108 315 
257 310 
269 230 
90 199 
269 230 
10 279 
269 300 
225 223 
269 75 
279 130 
314 6 
269 33 
71 79 
269 274 
86 252 
269 93 
279 135 
132 134 
132 79 
132 311 
132 50 
132 257 
132 2 
12 26 
132 295 
132 240 
279 242 
132 71 
132 16 
132 218 
314 112 
132 133 
132 145 
132 231 
132 310 
132 78 
132 238 
132 6 
132 85 
132 184 
279 7 
132 38 
132 3 
132 112 
132 27 
132 161 
221 252 
132 283 
40 80 
132 120 
132 284 
132 314 
132 267 
132 266 
132 284 
279 299 
279 189 
279 135 
279 228 
279 118 
279 242 
279 272 
18 307 
314 112 
58 254 
108 299 
279 301 
112 314 
307 18 
299 279 
132 184 
299 279 
6 314 
132 284 
132 161 
132 120 
132 267 
9 26 
242 228 
26 152 
143 186 
132 311 
180 225 
252 86 
9 225 
7 279 
132 240 
120 79 
116 278 
120 132 
114 299 
221 252 
26 12 
12 26 
86 252 
159 204 
21 145 
278 116 
45 144 
45 83 
90 186 
45 207 
278 13 
63 318 
254 200 
45 270 
186 90 
45 301 
45 193 
189 279 
45 58 
45 200 
45 52 
45 254 
132 184 
90 183 
132 38 
90 220 
90 97 
90 274 
90 74 
173 270 
90 281 
269 33 
57 189 
90 306 
132 120 
132 284 
90 264 
132 27 
90 258 
90 39 
90 186 
132 266 
269 274 
90 33 
13 278 
90 15 
90 77 
132 79 
90 48 
90 23 
90 262 
269 93 
90 61 
90 98 
278 136 
90 269 
90 99 
90 93 
90 300 
90 75 
132 133 
223 225 
90 82 
269 230 
132 145 
90 199 
90 143 
132 231 
132 78 
90 230 
63 318 
90 150 
132 85 
269 300 
90 59 
305 234 
38 50 
269 75 
145 21 
204 159 
252 221 
189 279 
13 278 
2 132 
274 232 
274 39 
53 298 
7 279 
200 254 
21 145 
299 279 
90 183 
90 220 
90 97 
202 128 
90 74 
90 306 
90 281 
90 258 
90 33 
90 264 
90 15 
90 39 
90 186 
90 23 
90 77 
90 48 
90 262 
278 136 
278 13 
90 269 
90 61 
7 279 
90 98 
90 300 
202 116 
90 75 
90 99 
90 93 
299 252 
90 82 
293 256 
90 199 
90 59 
90 143 
90 230 
90 150 
90 274 
38 50 
132 257 
132 2 
132 71 
132 295 
132 16 
132 240 
132 218 
132 133 
132 310 
132 78 
132 145 
132 85 
132 231 
132 238 
132 6 
132 38 
132 184 
132 112 
135 278 
132 283 
132 3 
132 284 
132 314 
132 27 
132 161 
132 120 
132 267 
135 299 
132 266 
132 79 
132 50 
135 252 
132 134 
132 311 
47 278 
242 279 
176 223 
252 221 
50 38 
223 26 
242 234 
279 7 
13 279 
252 221 
86 221 
86 252 
230 183 
38 50 
159 318 
278 136 
159 204 
80 255 
38 50 
80 51 
204 249 
204 103 
269 93 
26 12 
252 86 
204 318 
90 269 
45 101 
202 116 
161 184 
204 63 
183 230 
269 230 
3 314 
161 284 
161 112 
269 300 
40 291 
161 120 
204 317 
252 189 
269 75 
204 60 
269 33 
204 159 
204 160 
204 222 
39 274 
269 274 
242 135 
161 38 
280 53 
79 120 
50 38 
86 252 
159 318 
219 284 
252 234 
118 164 
3 145 
13 47 
164 279 
145 161 
21 145 
38 50 
145 21 
80 51 
189 252 
33 274 
300 183 
291 194 
48 90 
3 184 
48 183 
300 33 
151 280 
80 40 
225 223 
204 60 
204 159 
291 51 
53 280 
104 7 
291 40 
291 40 
223 225 
80 40 
242 279 
108 250 
228 47 
16 132 
252 94 
278 236 
16 284 
9 127 
18 307 
47 228 
151 280 
314 3 
225 223 
116 270 
242 279 
279 278 
267 161 
16 161 
262 74 
0 76 
116 57 
159 204 
279 7 
253 13 
219 6 
184 267 
13 253 
221 252 
7 104 
223 225 
26 293 
225 223 
