293 256 
145 21 
38 283 
28 53 
81 223 
28 81 
21 145 
152 151 
38 283 
293 127 
223 26 
256 9 
256 293 
293 256 
158 234 
45 301 
45 270 
45 58 
45 52 
45 193 
45 83 
45 200 
45 254 
45 144 
293 127 
143 230 
143 90 
143 183 
38 283 
112 314 
3 112 
38 78 
143 186 
26 9 
307 28 
223 28 
176 223 
295 44 
26 9 
145 21 
184 132 
220 186 
220 230 
21 145 
38 50 
283 78 
50 38 
50 6 
50 38 
6 50 
120 137 
310 132 
38 283 
50 6 
45 252 
4 28 
21 145 
21 145 
161 267 
266 132 
161 79 
38 78 
298 28 
161 145 
161 184 
161 50 
28 53 
21 145 
223 28 
176 223 
133 284 
133 266 
133 134 
184 132 
38 137 
152 151 
143 230 
143 183 
133 132 
21 145 
133 85 
145 21 
293 256 
145 21 
152 180 
152 151 
161 310 
21 145 
145 161 
161 267 
145 267 
176 223 
293 256 
38 50 
187 81 
293 256 
161 267 
161 79 
161 145 
161 184 
50 38 
50 78 
50 161 
50 38 
38 50 
161 283 
161 79 
50 38 
161 78 
145 50 
134 6 
38 50 
233 216 
184 132 
161 145 
216 233 
184 132 
21 145 
134 6 
145 21 
79 284 
16 284 
16 238 
16 2 
16 132 
225 223 
101 45 
45 101 
38 50 
161 38 
101 236 
79 132 
176 223 
274 33 
238 2 
238 16 
79 3 
238 132 
238 284 
223 225 
38 50 
176 223 
26 4 
191 307 
45 57 
256 293 
293 127 
256 293 
293 256 
50 38 
50 145 
