283 133 
283 3 
200 52 
173 242 
234 158 
291 190 
173 278 
242 173 
283 314 
184 295 
278 13 
278 173 
254 52 
314 283 
202 209 
38 120 
47 228 
78 161 
183 300 
38 283 
202 128 
278 253 
132 284 
38 134 
128 202 
120 38 
9 26 
81 28 
278 173 
9 225 
26 9 
202 209 
26 225 
13 116 
202 128 
116 13 
176 223 
199 220 
230 59 
0 106 
230 97 
199 186 
230 269 
230 306 
199 90 
90 199 
160 103 
160 249 
116 253 
160 63 
116 173 
160 317 
160 60 
161 295 
133 50 
161 184 
184 161 
279 315 
279 108 
38 78 
2 132 
279 13 
24 252 
279 299 
279 189 
279 104 
279 135 
300 183 
279 252 
279 228 
279 118 
279 242 
279 241 
279 304 
279 158 
279 116 
279 250 
279 202 
13 279 
315 279 
306 230 
279 209 
279 7 
241 279 
279 278 
118 279 
108 279 
132 2 
160 159 
223 225 
209 279 
85 133 
85 6 
108 252 
225 26 
283 38 
0 259 
283 314 
26 4 
6 133 
6 85 
267 145 
295 184 
78 38 
11 175 
267 50 
78 161 
299 279 
160 63 
278 279 
202 108 
202 128 
200 250 
267 161 
81 28 
18 208 
267 145 
18 307 
151 280 
199 90 
202 209 
30 26 
306 59 
26 30 
306 230 
306 90 
38 283 
306 97 
25 234 
300 262 
103 160 
262 300 
234 279 
208 28 
279 234 
132 266 
132 134 
132 79 
262 74 
262 183 
132 50 
132 110 
132 311 
132 257 
132 2 
132 203 
132 71 
132 295 
132 16 
132 240 
132 145 
132 17 
132 218 
132 133 
236 279 
132 310 
132 78 
90 199 
132 85 
132 238 
132 6 
314 219 
132 38 
132 184 
132 112 
132 161 
51 80 
132 283 
132 3 
132 120 
132 284 
132 314 
132 27 
132 267 
132 261 
194 80 
13 253 
194 40 
194 247 
194 255 
300 262 
262 300 
50 267 
263 228 
7 279 
89 276 
194 51 
194 190 
264 90 
202 209 
279 236 
194 291 
305 234 
51 80 
178 304 
90 150 
90 199 
269 300 
90 230 
160 249 
241 272 
90 97 
90 274 
160 103 
269 75 
90 74 
90 183 
269 33 
90 43 
90 220 
90 306 
160 318 
90 281 
90 258 
90 186 
90 88 
269 274 
90 33 
90 264 
90 15 
160 63 
90 77 
90 39 
194 40 
90 48 
90 23 
269 93 
25 242 
291 194 
90 98 
90 262 
60 63 
40 194 
160 60 
90 99 
90 93 
90 300 
160 159 
90 75 
90 167 
90 82 
236 278 
269 230 
90 143 
202 209 
220 186 
299 252 
299 228 
299 118 
108 299 
299 101 
0 259 
299 108 
299 304 
299 279 
220 98 
223 28 
90 281 
116 253 
131 113 
299 301 
90 264 
103 160 
299 83 
300 262 
108 202 
202 158 
86 252 
116 173 
3 78 
3 79 
3 310 
3 110 
3 85 
3 311 
3 184 
38 161 
3 295 
3 38 
300 33 
3 161 
3 240 
3 145 
3 120 
3 284 
3 314 
78 38 
3 267 
3 238 
3 134 
3 6 
3 112 
3 283 
3 27 
3 2 
3 132 
3 266 
278 236 
3 71 
38 78 
3 16 
3 133 
291 80 
159 160 
252 215 
202 128 
86 252 
310 184 
81 54 
0 259 
314 112 
0 106 
