249 204 
204 249 
249 204 
50 79 
90 220 
90 97 
90 306 
90 281 
90 258 
90 33 
90 264 
90 15 
90 39 
90 186 
90 23 
90 169 
90 48 
90 262 
90 269 
90 61 
90 98 
90 300 
90 75 
90 99 
90 93 
90 82 
90 199 
90 143 
90 230 
90 150 
90 274 
90 183 
231 6 
75 230 
173 116 
90 281 
173 253 
161 231 
40 194 
38 161 
254 200 
40 291 
3 6 
161 266 
204 159 
38 78 
127 26 
98 90 
3 85 
194 40 
26 127 
278 122 
204 249 
204 103 
3 184 
204 318 
231 161 
204 63 
204 87 
300 33 
223 225 
21 145 
183 90 
278 242 
194 291 
204 248 
306 59 
225 223 
204 317 
204 60 
306 230 
306 90 
306 97 
283 79 
194 80 
204 244 
204 159 
233 273 
204 160 
204 222 
242 279 
204 159 
283 79 
279 13 
278 299 
279 228 
281 90 
279 242 
279 211 
28 225 
194 291 
103 204 
79 283 
28 141 
90 281 
208 307 
90 169 
144 7 
141 28 
90 199 
69 26 
50 79 
232 150 
204 159 
70 273 
204 249 
299 114 
16 284 
79 3 
16 238 
230 75 
199 90 
223 225 
90 199 
51 291 
16 2 
16 3 
161 267 
79 161 
79 283 
51 80 
16 132 
283 79 
161 79 
79 267 
80 51 
28 285 
3 16 
291 51 
120 161 
258 82 
3 79 
82 274 
79 3 
120 267 
6 3 
161 3 
3 6 
103 204 
50 79 
12 307 
133 134 
298 28 
79 50 
7 279 
69 121 
108 299 
238 16 
7 279 
252 279 
159 103 
78 38 
78 161 
11 175 
6 231 
262 74 
249 204 
204 249 
90 23 
90 262 
90 269 
90 61 
90 98 
90 300 
90 99 
90 93 
90 75 
90 82 
90 199 
90 143 
90 230 
90 150 
90 274 
90 183 
90 220 
90 97 
90 281 
90 258 
90 306 
90 264 
90 15 
90 39 
90 186 
90 33 
90 169 
90 48 
161 38 
24 252 
161 78 
141 28 
24 131 
38 50 
80 194 
80 51 
80 291 
101 117 
13 279 
80 40 
232 183 
279 304 
279 25 
279 158 
147 279 
279 250 
279 263 
230 274 
279 117 
93 306 
279 209 
283 71 
241 279 
279 309 
299 279 
279 278 
93 230 
279 315 
279 104 
279 13 
279 305 
279 135 
279 299 
279 189 
279 252 
152 151 
279 228 
279 242 
279 241 
304 178 
221 24 
16 238 
13 101 
223 225 
78 38 
28 1 
252 299 
225 223 
194 80 
78 161 
299 279 
217 90 
178 104 
90 281 
256 127 
7 122 
33 75 
90 217 
158 299 
28 285 
291 51 
101 13 
183 274 
288 233 
28 18 
28 12 
28 26 
7 279 
299 252 
281 150 
28 141 
28 208 
288 111 
28 307 
28 223 
194 80 
116 253 
183 281 
150 281 
116 202 
281 183 
116 173 
143 90 
278 279 
40 51 
78 38 
13 279 
78 161 
267 50 
80 40 
108 299 
279 7 
295 161 
242 279 
186 98 
80 51 
309 279 
143 90 
127 256 
4 28 
83 193 
83 200 
50 79 
274 183 
291 80 
132 284 
83 270 
83 45 
50 38 
83 301 
83 52 
143 232 
83 144 
83 58 
83 254 
252 279 
18 9 
231 134 
18 256 
18 208 
6 112 
230 183 
230 306 
7 279 
18 307 
18 223 
159 103 
18 4 
279 250 
230 274 
234 228 
18 127 
18 12 
83 200 
103 204 
223 28 
28 69 
28 223 
252 10 
28 121 
101 13 
28 81 
28 26 
7 279 
50 267 
28 64 
28 30 
28 280 
12 18 
7 228 
223 307 
79 50 
7 279 
80 194 
80 255 
80 51 
161 295 
306 93 
306 59 
306 230 
306 90 
306 97 
145 21 
78 38 
78 161 
145 21 
305 279 
305 299 
145 21 
249 204 
204 249 
80 255 
173 47 
80 51 
159 204 
80 40 
80 194 
278 47 
254 200 
200 58 
75 274 
202 299 
299 202 
280 53 
35 47 
194 40 
53 280 
202 47 
280 174 
299 305 
279 228 
279 118 
135 35 
57 139 
252 215 
299 305 
279 242 
135 25 
135 189 
135 49 
279 304 
13 47 
78 38 
38 50 
82 232 
90 183 
306 90 
78 161 
204 159 
103 204 
266 132 
279 278 
50 38 
279 104 
135 130 
279 13 
135 277 
90 169 
135 57 
90 48 
178 47 
28 251 
28 127 
274 33 
28 4 
28 121 
28 298 
2 132 
28 18 
279 189 
28 12 
28 176 
28 81 
234 47 
28 26 
3 85 
57 139 
38 137 
7 279 
28 251 
28 64 
28 180 
28 174 
28 9 
2 284 
57 277 
28 187 
278 279 
28 30 
57 130 
28 256 
78 38 
28 280 
28 1 
28 195 
28 225 
13 279 
57 35 
69 26 
93 306 
295 161 
28 141 
78 161 
28 69 
28 293 
28 208 
28 307 
90 220 
57 49 
28 191 
57 135 
28 223 
57 25 
28 285 
57 189 
28 53 
75 274 
90 183 
295 161 
194 80 
78 161 
51 80 
41 274 
264 232 
41 33 
90 169 
281 90 
33 274 
38 284 
38 161 
90 99 
41 93 
41 75 
223 225 
293 256 
41 300 
78 38 
160 103 
41 230 
223 225 
183 230 
90 82 
90 199 
51 291 
90 143 
90 230 
90 150 
78 38 
90 183 
78 161 
90 220 
90 97 
90 274 
225 223 
90 281 
51 80 
204 159 
90 306 
189 279 
90 264 
304 279 
90 258 
90 186 
90 33 
51 40 
90 15 
90 39 
90 169 
90 48 
90 23 
90 61 
90 98 
90 262 
252 215 
90 269 
81 26 
90 99 
90 93 
90 300 
274 93 
317 204 
90 75 
38 161 
267 50 
18 28 
132 133 
307 223 
53 141 
160 103 
204 159 
104 279 
141 53 
204 103 
9 26 
132 266 
161 38 
279 104 
7 228 
258 82 
50 267 
230 306 
161 78 
307 208 
279 228 
173 253 
127 256 
230 82 
18 307 
279 304 
307 28 
230 220 
28 141 
173 116 
307 18 
307 127 
307 12 
103 204 
307 26 
12 28 
187 81 
24 252 
216 233 
223 307 
281 169 
279 252 
279 234 
173 253 
141 28 
307 191 
281 150 
173 116 
70 288 
299 108 
159 318 
28 141 
220 230 
78 38 
78 161 
209 279 
118 279 
12 307 
230 183 
158 299 
7 279 
7 221 
219 112 
250 279 
161 267 
262 74 
262 183 
267 50 
21 145 
305 299 
85 3 
