161 145 
161 184 
50 3 
161 267 
161 79 
59 75 
90 82 
80 40 
161 267 
230 90 
204 103 
216 233 
204 249 
232 183 
28 225 
90 230 
204 159 
51 80 
103 204 
87 248 
204 244 
204 159 
204 160 
204 222 
80 51 
204 249 
250 47 
204 103 
7 279 
204 318 
204 63 
204 87 
87 244 
21 145 
51 291 
204 248 
162 58 
204 317 
204 60 
87 63 
7 52 
7 263 
202 130 
7 162 
141 298 
279 7 
307 127 
87 204 
103 204 
117 263 
231 266 
186 98 
103 60 
57 117 
202 57 
58 162 
279 135 
225 28 
202 304 
266 231 
279 242 
7 279 
244 204 
82 274 
244 87 
90 99 
307 191 
18 307 
79 78 
78 79 
263 7 
40 291 
263 117 
161 267 
90 306 
242 279 
11 175 
161 295 
16 284 
318 159 
16 238 
240 184 
16 2 
16 132 
298 141 
204 159 
3 50 
50 38 
40 80 
204 249 
280 26 
7 279 
204 248 
202 209 
80 40 
161 267 
161 79 
116 253 
187 81 
186 98 
298 28 
116 202 
161 145 
116 173 
159 204 
60 204 
161 184 
223 225 
28 81 
132 2 
223 225 
274 230 
108 299 
225 223 
186 143 
86 221 
279 135 
279 242 
145 21 
225 223 
57 189 
279 253 
83 301 
208 307 
189 57 
307 208 
52 254 
242 279 
86 24 
161 38 
78 79 
50 38 
50 6 
204 159 
200 58 
204 249 
267 50 
144 7 
254 52 
307 208 
79 50 
50 267 
50 79 
161 267 
161 231 
161 79 
161 267 
161 145 
161 184 
161 267 
161 79 
159 317 
159 204 
93 300 
93 230 
300 93 
93 230 
