204 60 
90 230 
90 150 
90 59 
90 183 
90 220 
90 97 
90 274 
90 281 
90 306 
40 80 
90 264 
90 258 
90 186 
90 33 
53 280 
90 15 
90 77 
90 39 
90 48 
90 23 
90 262 
90 61 
90 98 
173 253 
90 269 
90 99 
90 93 
90 300 
90 75 
90 82 
21 145 
90 199 
90 143 
90 99 
16 238 
90 93 
90 300 
151 280 
90 75 
90 82 
21 145 
238 132 
90 143 
238 284 
90 150 
90 199 
94 7 
16 2 
90 59 
90 230 
90 97 
16 132 
90 274 
90 183 
90 220 
50 6 
90 306 
90 281 
90 258 
90 33 
238 2 
90 264 
90 15 
90 77 
90 39 
90 186 
39 306 
6 50 
90 48 
90 23 
238 16 
16 284 
90 61 
90 98 
90 262 
90 269 
230 82 
6 50 
230 183 
160 248 
160 317 
160 60 
13 173 
160 159 
160 222 
160 204 
230 274 
160 249 
266 132 
145 267 
160 103 
160 244 
242 279 
50 6 
160 318 
160 63 
160 87 
242 135 
51 40 
200 270 
200 45 
200 301 
200 83 
200 254 
200 52 
200 193 
183 230 
200 58 
51 80 
40 51 
90 274 
2 238 
266 132 
90 281 
51 40 
2 132 
280 151 
2 16 
186 143 
12 26 
127 256 
2 284 
2 284 
40 51 
244 248 
2 238 
306 230 
108 299 
244 318 
90 274 
244 63 
90 281 
28 285 
244 222 
2 16 
2 132 
244 60 
26 12 
281 90 
278 13 
40 51 
230 274 
90 230 
274 90 
132 284 
280 53 
13 278 
278 253 
291 51 
132 266 
299 202 
41 274 
41 33 
2 133 
230 183 
230 82 
41 93 
41 300 
41 75 
230 274 
41 230 
299 108 
101 117 
145 21 
279 7 
242 279 
299 279 
26 223 
242 135 
279 299 
2 133 
238 16 
279 135 
183 230 
230 274 
45 135 
262 33 
10 252 
176 223 
33 262 
219 112 
262 33 
249 159 
25 277 
219 6 
0 76 
53 174 
183 262 
18 26 
16 238 
16 132 
16 284 
26 18 
219 6 
219 112 
219 6 
50 38 
200 7 
7 94 
257 284 
26 307 
26 174 
26 176 
26 4 
26 285 
26 53 
26 152 
26 127 
26 121 
26 298 
26 18 
26 12 
26 81 
26 180 
26 9 
26 280 
26 30 
26 256 
26 293 
26 208 
26 69 
26 191 
26 223 
280 26 
16 238 
208 307 
307 208 
130 35 
307 208 
280 53 
