159 204 
231 238 
63 159 
80 291 
173 253 
204 318 
204 63 
306 262 
306 82 
204 317 
204 60 
306 230 
306 97 
306 183 
204 159 
204 222 
306 220 
53 280 
306 39 
204 249 
204 103 
279 228 
173 253 
264 90 
158 52 
279 7 
159 63 
189 279 
86 10 
200 58 
132 314 
63 159 
53 280 
200 250 
238 78 
279 228 
200 270 
180 152 
132 2 
200 45 
7 279 
200 254 
200 83 
279 242 
30 26 
238 231 
26 30 
220 230 
220 97 
53 298 
194 291 
240 161 
180 18 
204 317 
145 267 
204 60 
240 284 
220 306 
194 80 
220 183 
204 159 
220 82 
204 222 
220 143 
158 7 
194 40 
90 48 
204 249 
298 53 
204 103 
220 281 
204 318 
220 39 
144 7 
204 63 
145 161 
279 242 
144 7 
26 180 
269 230 
202 209 
279 250 
26 30 
26 256 
25 139 
279 7 
26 280 
314 132 
269 300 
230 232 
269 75 
26 208 
202 299 
90 281 
269 33 
26 307 
189 279 
132 314 
26 69 
26 191 
26 174 
269 274 
26 176 
26 4 
26 53 
26 298 
26 18 
26 152 
26 127 
26 12 
253 116 
26 121 
230 183 
269 93 
194 40 
288 233 
77 281 
250 279 
199 186 
90 82 
264 281 
194 291 
194 80 
173 278 
79 267 
204 222 
53 280 
82 90 
204 103 
204 249 
279 228 
281 90 
230 75 
204 318 
204 63 
18 127 
314 132 
204 317 
204 60 
53 1 
204 159 
295 184 
79 161 
83 200 
79 283 
86 10 
86 24 
93 274 
86 221 
159 204 
267 79 
161 79 
242 279 
252 215 
199 90 
200 83 
79 267 
0 106 
7 279 
0 76 
79 267 
145 21 
267 79 
267 79 
79 267 
79 267 
90 82 
90 199 
204 159 
90 281 
90 186 
26 280 
26 208 
204 317 
204 60 
26 69 
204 159 
26 191 
26 307 
204 222 
26 174 
26 223 
161 38 
26 285 
26 53 
9 26 
26 152 
26 127 
26 4 
26 121 
26 298 
204 249 
26 18 
204 103 
18 208 
26 12 
26 81 
204 318 
90 99 
159 204 
26 64 
26 9 
26 180 
204 63 
202 209 
26 30 
26 256 
83 200 
18 28 
80 40 
132 184 
204 159 
266 132 
132 120 
90 23 
114 242 
204 249 
7 279 
26 9 
199 90 
27 2 
90 199 
58 301 
1 53 
299 108 
279 299 
24 252 
25 130 
299 279 
242 114 
242 299 
3 6 
7 144 
33 232 
269 33 
3 112 
204 159 
269 274 
279 299 
269 93 
159 204 
183 230 
269 230 
145 21 
269 300 
269 75 
173 116 
306 230 
161 267 
116 45 
3 112 
208 307 
80 291 
173 253 
6 3 
116 173 
25 277 
204 159 
242 114 
25 135 
280 151 
25 57 
77 48 
77 220 
204 103 
80 51 
12 28 
9 26 
279 299 
26 4 
7 279 
279 228 
116 173 
264 230 
18 307 
267 184 
220 230 
80 255 
80 194 
4 26 
291 80 
116 253 
7 158 
130 25 
223 307 
26 9 
252 10 
230 183 
18 307 
281 264 
9 26 
158 7 
116 45 
116 253 
116 173 
145 21 
204 159 
204 222 
204 249 
204 103 
204 318 
204 63 
204 60 
204 317 
90 230 
90 150 
90 97 
90 274 
90 183 
90 220 
90 74 
90 306 
90 281 
90 258 
90 33 
90 264 
90 15 
90 77 
90 39 
90 186 
90 23 
90 48 
90 98 
90 262 
90 93 
90 300 
90 75 
90 99 
90 82 
90 143 
90 199 
90 99 
183 230 
90 93 
90 300 
90 75 
90 82 
90 199 
90 143 
90 230 
90 150 
173 116 
90 183 
90 220 
90 97 
90 274 
90 74 
90 281 
90 306 
90 264 
90 258 
90 186 
90 33 
90 15 
90 77 
90 39 
90 48 
90 23 
90 262 
90 98 
7 118 
204 103 
204 249 
7 304 
7 279 
7 164 
204 318 
199 90 
204 63 
21 145 
90 199 
94 7 
204 317 
204 60 
204 159 
204 222 
231 71 
231 16 
279 139 
279 278 
231 78 
231 132 
231 79 
231 218 
231 133 
231 310 
279 189 
231 85 
231 134 
231 311 
279 13 
16 284 
279 135 
279 299 
231 295 
231 257 
231 38 
231 184 
279 252 
231 161 
231 240 
9 225 
204 318 
231 120 
231 284 
279 242 
231 145 
231 267 
231 238 
231 6 
231 50 
231 283 
25 139 
279 7 
38 112 
231 3 
231 112 
231 314 
231 27 
231 2 
85 3 
231 266 
228 242 
204 159 
189 279 
57 25 
228 299 
230 82 
314 132 
112 38 
159 204 
264 281 
21 145 
13 279 
145 21 
242 228 
241 25 
299 228 
79 161 
299 279 
204 222 
204 103 
204 249 
204 318 
144 7 
204 63 
108 299 
204 317 
204 60 
204 159 
231 266 
161 79 
184 267 
202 299 
130 25 
12 28 
139 279 
116 47 
105 305 
134 184 
63 222 
47 116 
116 253 
189 279 
189 57 
116 173 
7 279 
221 86 
230 306 
7 279 
159 204 
81 142 
25 139 
279 7 
10 86 
24 252 
81 28 
230 183 
7 279 
230 232 
86 10 
230 90 
252 24 
0 76 
57 189 
314 132 
145 21 
38 283 
