230 306 
242 250 
108 202 
108 209 
269 93 
199 186 
199 90 
108 113 
269 230 
90 199 
202 108 
108 299 
269 300 
269 75 
108 319 
114 7 
269 33 
28 53 
269 274 
199 220 
52 200 
298 53 
278 13 
199 186 
173 253 
113 108 
298 127 
132 2 
90 93 
52 254 
304 299 
173 116 
120 132 
52 104 
263 7 
194 80 
256 307 
262 93 
136 278 
307 18 
26 307 
40 80 
279 234 
234 279 
309 7 
159 204 
173 242 
307 223 
53 298 
35 57 
136 278 
204 159 
307 26 
274 75 
291 40 
21 145 
145 21 
204 159 
40 80 
291 51 
204 159 
77 281 
199 186 
254 52 
145 21 
204 159 
116 253 
2 132 
116 173 
278 173 
2 132 
35 270 
77 281 
120 267 
120 257 
30 26 
58 246 
120 240 
120 132 
120 161 
120 38 
173 253 
173 116 
0 259 
145 161 
21 145 
58 246 
112 238 
58 270 
58 45 
58 301 
306 59 
58 83 
90 230 
306 230 
58 254 
58 52 
306 90 
306 97 
58 193 
180 152 
58 200 
204 249 
279 228 
173 253 
38 240 
279 118 
279 242 
38 284 
38 161 
204 318 
204 63 
90 82 
220 186 
38 267 
279 164 
21 145 
220 199 
279 7 
194 291 
173 116 
38 283 
204 317 
204 60 
12 208 
194 80 
220 98 
204 159 
279 278 
132 3 
279 139 
38 132 
220 143 
40 80 
90 264 
204 222 
279 299 
38 311 
279 189 
220 48 
38 257 
204 103 
279 252 
279 13 
242 228 
90 48 
18 208 
116 173 
184 145 
18 307 
13 279 
278 279 
38 283 
94 114 
116 253 
26 92 
242 279 
242 139 
145 267 
253 234 
191 225 
145 79 
13 253 
0 106 
81 28 
85 38 
26 9 
145 184 
145 161 
13 279 
25 35 
256 307 
112 314 
161 267 
161 79 
38 85 
161 145 
127 256 
161 184 
112 6 
279 242 
258 232 
173 242 
279 234 
180 152 
112 6 
269 230 
234 253 
269 300 
306 230 
186 199 
162 58 
45 301 
242 193 
269 75 
304 234 
269 33 
112 314 
279 253 
132 284 
269 274 
0 106 
234 279 
269 93 
6 112 
58 162 
262 300 
161 145 
228 135 
161 184 
306 230 
161 284 
161 112 
161 267 
38 283 
306 59 
161 120 
35 25 
6 314 
306 97 
161 79 
191 225 
161 38 
191 225 
228 253 
299 200 
38 283 
253 234 
253 228 
253 279 
242 236 
38 283 
26 81 
38 283 
139 279 
38 283 
79 283 
79 50 
79 78 
38 283 
