79 283 
161 145 
283 231 
161 184 
161 267 
79 283 
283 79 
24 252 
283 38 
85 6 
278 236 
24 252 
150 90 
278 13 
161 50 
161 3 
39 90 
306 90 
161 267 
204 159 
306 97 
180 18 
267 161 
173 253 
306 230 
173 116 
306 59 
279 49 
279 130 
7 278 
234 24 
7 158 
7 299 
161 38 
7 279 
38 161 
279 10 
161 145 
199 90 
161 184 
183 230 
306 230 
295 38 
161 267 
306 59 
79 161 
306 90 
252 122 
306 97 
161 79 
79 145 
79 267 
161 38 
183 274 
158 7 
262 74 
279 122 
269 274 
264 232 
80 51 
269 93 
7 242 
7 279 
161 184 
269 230 
279 25 
269 300 
269 75 
184 27 
184 267 
269 33 
279 139 
40 80 
45 270 
45 58 
45 52 
45 193 
45 83 
45 200 
45 254 
45 144 
86 47 
45 207 
21 145 
145 21 
307 127 
45 301 
208 256 
158 250 
230 220 
230 232 
279 7 
158 242 
158 279 
158 7 
128 202 
242 173 
38 161 
278 173 
241 189 
230 306 
145 184 
230 274 
86 252 
200 254 
242 158 
256 208 
242 7 
254 200 
184 161 
242 279 
252 86 
256 208 
252 20 
159 204 
200 254 
159 204 
13 278 
267 161 
79 161 
79 145 
267 161 
40 194 
90 150 
90 274 
40 291 
90 199 
161 267 
45 301 
267 161 
161 145 
159 204 
161 184 
254 200 
230 220 
132 284 
45 58 
145 79 
47 86 
13 278 
139 279 
90 48 
278 13 
208 28 
200 254 
204 159 
278 13 
200 254 
199 90 
307 28 
254 200 
161 267 
90 74 
18 180 
79 145 
145 79 
40 80 
132 120 
28 18 
18 208 
90 48 
48 90 
161 145 
144 7 
18 28 
90 199 
231 6 
306 230 
279 7 
161 267 
204 159 
279 278 
279 250 
279 7 
145 267 
7 144 
7 299 
90 258 
267 161 
13 278 
298 53 
183 230 
279 242 
279 158 
58 301 
145 161 
53 298 
7 279 
279 241 
21 145 
299 118 
299 252 
279 158 
299 228 
299 101 
299 108 
306 230 
279 7 
180 18 
283 266 
132 184 
299 304 
299 279 
279 278 
38 3 
305 279 
79 145 
299 301 
279 13 
279 305 
299 83 
279 299 
279 189 
279 252 
279 228 
279 118 
279 242 
90 48 
90 23 
58 162 
90 262 
33 274 
90 98 
90 300 
90 99 
242 250 
90 93 
90 75 
90 82 
21 145 
90 199 
145 161 
90 143 
278 279 
90 230 
90 150 
90 274 
90 183 
90 220 
90 97 
33 232 
90 74 
90 306 
90 281 
90 258 
86 10 
305 279 
90 264 
90 15 
86 24 
90 39 
90 186 
90 88 
90 33 
82 230 
90 77 
90 306 
90 281 
90 258 
90 88 
90 33 
90 264 
90 15 
90 77 
90 39 
90 186 
90 48 
90 23 
161 145 
90 98 
90 262 
90 99 
90 93 
90 300 
90 75 
90 82 
21 145 
90 143 
278 279 
90 150 
90 199 
90 230 
306 230 
90 97 
90 274 
90 74 
90 183 
242 279 
90 220 
80 255 
267 161 
80 51 
53 225 
230 306 
199 90 
13 279 
145 161 
145 161 
189 279 
12 285 
143 186 
252 279 
151 280 
7 279 
241 279 
116 173 
0 259 
116 253 
79 50 
145 161 
161 267 
161 145 
161 184 
204 318 
204 63 
204 60 
204 317 
204 159 
204 222 
204 249 
204 103 
53 225 
150 281 
199 186 
161 145 
145 161 
161 266 
90 281 
50 79 
161 79 
145 79 
50 161 
50 38 
161 38 
16 161 
161 295 
150 281 
281 90 
50 267 
161 16 
161 78 
9 225 
161 145 
199 90 
161 184 
200 254 
161 50 
21 145 
90 199 
50 283 
145 161 
50 295 
254 200 
281 150 
108 299 
161 283 
75 274 
50 16 
161 267 
50 78 
75 274 
50 79 
50 184 
52 200 
50 145 
216 70 
90 167 
21 145 
230 33 
318 204 
160 159 
279 250 
295 38 
230 274 
78 38 
230 232 
38 50 
38 283 
12 307 
250 234 
38 79 
38 78 
80 291 
38 295 
274 33 
38 78 
278 136 
38 161 
38 295 
30 26 
38 267 
38 50 
79 38 
38 283 
241 279 
90 74 
299 279 
38 79 
79 145 
145 79 
232 274 
128 305 
53 225 
230 33 
90 143 
90 230 
90 150 
78 38 
204 60 
306 230 
90 183 
90 220 
90 97 
90 274 
79 161 
204 317 
90 74 
90 281 
204 159 
128 305 
90 306 
90 264 
90 258 
204 222 
133 3 
90 186 
90 88 
90 33 
90 15 
53 225 
3 133 
90 77 
90 39 
90 48 
204 249 
90 23 
204 103 
230 300 
90 98 
90 262 
204 318 
90 99 
90 93 
90 300 
230 33 
90 75 
204 63 
90 82 
90 199 
234 279 
159 204 
200 254 
200 52 
158 52 
274 232 
161 50 
161 284 
38 50 
79 161 
112 314 
132 284 
79 145 
145 79 
234 250 
93 230 
79 267 
159 249 
38 78 
279 234 
230 300 
230 33 
254 200 
230 274 
279 7 
274 75 
230 93 
33 75 
238 16 
52 200 
230 300 
230 33 
116 241 
242 250 
52 158 
52 158 
281 265 
265 281 
158 83 
158 52 
200 52 
128 202 
104 228 
6 314 
6 112 
