204 159 
161 78 
279 7 
51 80 
79 161 
176 223 
79 267 
116 253 
291 80 
52 200 
116 202 
116 173 
161 267 
194 80 
161 79 
52 200 
200 52 
200 52 
194 80 
53 280 
269 93 
269 230 
269 300 
269 75 
38 283 
269 33 
194 80 
269 274 
79 50 
230 33 
230 274 
274 230 
78 161 
230 232 
50 79 
173 116 
78 161 
50 79 
79 50 
173 253 
161 38 
81 28 
161 78 
267 161 
161 78 
231 266 
50 79 
194 80 
204 159 
194 40 
79 50 
204 249 
145 21 
250 242 
50 133 
249 204 
51 80 
82 220 
82 39 
249 159 
145 161 
130 162 
204 249 
291 194 
194 291 
204 159 
161 38 
26 174 
26 152 
26 81 
26 293 
269 300 
269 75 
26 293 
269 33 
26 174 
269 274 
186 74 
26 152 
293 26 
269 93 
143 186 
26 81 
269 230 
78 161 
26 152 
143 186 
26 81 
143 90 
26 293 
143 82 
77 143 
26 174 
6 283 
228 211 
228 279 
228 47 
228 47 
114 7 
69 26 
26 69 
161 38 
161 78 
173 253 
204 63 
173 116 
159 204 
145 161 
161 267 
161 79 
161 145 
161 184 
116 202 
279 228 
116 173 
159 204 
173 116 
116 253 
132 134 
223 176 
79 161 
79 38 
81 28 
79 50 
80 291 
283 6 
79 78 
105 305 
173 116 
51 80 
33 274 
79 161 
204 159 
79 267 
204 249 
269 274 
186 143 
132 134 
269 93 
269 230 
305 105 
269 300 
274 230 
269 75 
269 33 
186 90 
112 284 
204 159 
143 186 
279 228 
112 6 
69 26 
26 69 
33 274 
184 161 
204 159 
161 38 
161 78 
78 161 
