204 103 
204 249 
204 318 
204 63 
204 317 
204 60 
204 159 
204 222 
90 306 
90 264 
90 258 
90 186 
90 33 
90 15 
90 77 
90 39 
90 48 
90 23 
90 98 
90 262 
90 99 
159 204 
90 93 
90 300 
90 75 
90 82 
90 199 
90 143 
90 230 
90 150 
90 183 
90 220 
90 97 
90 274 
90 74 
90 281 
223 69 
45 301 
204 317 
204 60 
204 159 
11 138 
204 222 
45 299 
204 103 
204 249 
138 175 
138 11 
204 318 
204 63 
204 318 
204 63 
242 234 
174 18 
132 78 
80 40 
132 85 
204 317 
204 60 
132 184 
279 7 
132 38 
223 28 
132 27 
204 159 
132 120 
204 222 
158 7 
230 59 
132 79 
204 249 
230 97 
204 103 
281 90 
230 269 
230 306 
48 90 
138 11 
138 175 
116 173 
69 223 
253 278 
279 158 
300 274 
279 7 
116 253 
279 299 
158 279 
158 7 
2 132 
300 183 
33 274 
300 274 
306 59 
306 230 
306 90 
306 97 
230 220 
80 255 
80 194 
202 128 
80 51 
159 249 
128 202 
80 291 
278 136 
242 250 
80 40 
136 278 
40 80 
45 83 
161 145 
204 249 
204 103 
234 47 
7 279 
204 318 
204 63 
21 145 
204 317 
204 60 
228 7 
204 159 
112 219 
234 25 
7 158 
40 80 
204 222 
7 228 
202 209 
53 127 
145 161 
145 21 
299 279 
158 7 
202 209 
158 304 
158 305 
47 234 
25 35 
7 158 
157 185 
157 185 
69 28 
86 10 
86 24 
90 99 
90 93 
90 300 
90 75 
90 82 
90 143 
90 150 
90 199 
277 25 
90 230 
90 97 
90 274 
90 74 
90 183 
90 220 
90 306 
90 281 
90 258 
90 33 
90 264 
90 15 
90 77 
90 39 
90 186 
90 48 
90 23 
90 98 
90 262 
7 173 
108 122 
204 103 
253 116 
162 241 
242 57 
204 249 
188 182 
279 234 
290 210 
182 319 
135 315 
239 65 
252 24 
37 278 
304 113 
204 318 
8 47 
204 63 
210 253 
113 263 
315 101 
47 118 
13 242 
319 299 
25 162 
35 207 
278 164 
250 242 
207 239 
271 135 
204 317 
204 60 
277 154 
263 8 
211 25 
241 108 
94 290 
204 159 
36 252 
228 7 
114 13 
104 139 
202 37 
154 36 
289 158 
116 209 
57 104 
309 189 
158 309 
24 305 
204 222 
308 228 
173 253 
223 127 
21 145 
162 58 
173 116 
28 69 
80 194 
21 145 
279 7 
277 25 
263 7 
136 309 
280 53 
309 136 
53 280 
33 230 
150 186 
279 304 
263 279 
50 267 
221 86 
204 318 
204 63 
225 280 
21 145 
50 283 
50 295 
145 21 
204 317 
204 60 
50 16 
278 239 
50 78 
38 283 
50 79 
204 159 
50 184 
204 222 
50 161 
50 38 
225 26 
204 249 
180 225 
50 145 
204 103 
132 134 
90 48 
90 23 
58 162 
86 221 
90 98 
90 262 
90 99 
90 93 
90 300 
69 28 
90 75 
90 82 
21 145 
90 143 
90 150 
90 199 
90 230 
145 21 
90 97 
90 274 
90 74 
90 183 
194 80 
90 220 
90 306 
90 281 
90 258 
18 180 
90 33 
90 264 
90 15 
90 77 
90 39 
90 186 
132 284 
132 134 
33 230 
253 116 
33 274 
132 133 
33 232 
90 150 
90 199 
230 274 
90 230 
90 97 
90 274 
230 281 
204 317 
204 60 
90 74 
90 183 
90 220 
204 159 
90 306 
90 281 
230 39 
230 186 
90 258 
204 222 
280 53 
90 33 
90 264 
90 15 
90 77 
90 39 
90 186 
53 280 
90 48 
204 249 
90 23 
230 97 
204 103 
230 183 
90 98 
90 262 
230 82 
90 99 
90 93 
183 186 
53 174 
90 300 
202 116 
204 318 
90 75 
204 63 
90 82 
21 145 
199 183 
90 143 
98 220 
112 6 
98 186 
162 58 
116 253 
116 173 
6 112 
93 33 
88 274 
93 274 
11 175 
79 267 
283 38 
38 50 
250 242 
38 283 
12 53 
38 79 
53 225 
38 78 
280 26 
38 161 
38 295 
38 267 
53 12 
116 278 
