279 252 
80 51 
80 291 
300 262 
299 252 
130 25 
83 45 
183 300 
306 97 
204 159 
83 45 
204 249 
300 183 
306 59 
306 230 
306 90 
223 225 
90 150 
35 25 
128 202 
53 280 
0 106 
202 116 
90 61 
81 121 
90 98 
204 318 
90 269 
90 99 
204 63 
159 204 
90 93 
90 300 
151 280 
90 75 
90 82 
90 199 
90 143 
53 298 
90 230 
234 252 
90 150 
189 25 
90 59 
90 274 
204 317 
204 60 
306 230 
90 183 
90 220 
90 97 
90 74 
90 281 
90 258 
204 159 
234 305 
223 176 
90 306 
204 160 
90 264 
204 222 
90 39 
133 284 
90 186 
90 33 
26 4 
90 15 
90 77 
90 48 
204 249 
90 23 
90 262 
204 103 
234 279 
223 225 
234 158 
274 230 
26 223 
219 314 
3 132 
223 26 
202 116 
3 284 
279 7 
108 315 
130 277 
53 298 
314 219 
130 35 
130 189 
130 135 
130 25 
130 49 
93 274 
280 151 
130 57 
298 53 
108 202 
223 26 
200 254 
21 145 
230 306 
223 225 
53 298 
186 199 
130 25 
104 7 
184 50 
159 317 
81 223 
223 81 
186 143 
223 307 
7 104 
299 301 
256 18 
299 202 
225 223 
26 293 
314 6 
26 174 
26 152 
26 81 
223 225 
26 81 
26 64 
26 9 
26 180 
26 30 
26 256 
26 280 
26 225 
26 69 
26 208 
26 191 
26 307 
26 174 
26 223 
26 285 
26 53 
26 127 
26 4 
26 121 
26 298 
26 18 
26 152 
26 12 
26 285 
90 230 
90 97 
90 274 
204 317 
204 60 
90 74 
90 183 
90 220 
204 159 
90 306 
90 281 
204 160 
90 258 
204 222 
90 33 
90 264 
90 15 
90 77 
90 39 
90 186 
90 48 
90 23 
204 103 
204 249 
90 61 
90 98 
90 262 
90 269 
90 99 
90 93 
90 300 
122 299 
204 318 
90 75 
204 63 
90 82 
90 143 
90 150 
90 199 
90 59 
204 63 
26 64 
269 230 
21 145 
279 49 
269 300 
225 223 
204 317 
269 75 
204 60 
269 33 
204 159 
280 53 
204 160 
204 222 
269 274 
204 249 
204 103 
269 93 
82 274 
280 174 
204 318 
64 26 
223 225 
21 145 
300 33 
307 223 
50 133 
234 242 
254 58 
108 241 
26 4 
121 223 
230 306 
152 151 
300 33 
21 145 
174 298 
306 230 
145 21 
306 59 
306 90 
306 97 
317 318 
108 104 
108 299 
299 279 
299 122 
108 241 
0 106 
223 307 
108 209 
279 228 
200 254 
108 315 
228 279 
174 298 
307 223 
145 21 
108 299 
299 108 
223 28 
28 223 
191 225 
225 191 
223 307 
121 223 
79 295 
230 306 
0 76 
108 202 
199 186 
79 295 
112 6 
21 145 
295 79 
202 108 
299 108 
145 267 
291 80 
191 225 
133 284 
225 191 
223 121 
7 104 
121 28 
300 74 
40 194 
295 79 
25 130 
80 40 
299 108 
40 291 
108 299 
249 204 
295 161 
161 295 
280 26 
230 274 
0 106 
121 223 
184 132 
280 26 
152 151 
26 280 
159 249 
26 280 
223 225 
104 7 
225 223 
280 53 
53 280 
0 259 
295 161 
223 225 
21 145 
142 81 
145 21 
120 132 
274 230 
80 255 
269 300 
45 301 
234 242 
269 75 
45 270 
204 159 
45 52 
45 193 
300 93 
269 33 
45 58 
45 200 
45 254 
80 51 
45 144 
45 83 
135 7 
307 180 
269 274 
45 207 
53 280 
300 262 
52 270 
204 249 
108 202 
300 74 
269 93 
159 204 
120 134 
4 28 
269 230 
81 142 
159 204 
200 254 
200 52 
21 145 
121 1 
161 284 
241 315 
145 267 
280 53 
291 80 
291 51 
7 104 
53 280 
291 40 
7 135 
291 194 
7 242 
121 28 
58 193 
58 200 
10 221 
202 116 
21 145 
58 45 
58 301 
58 246 
58 270 
121 81 
58 83 
145 21 
58 254 
58 52 
176 223 
223 176 
86 10 
108 202 
86 221 
317 159 
176 28 
223 127 
21 145 
145 21 
263 7 
225 223 
274 230 
254 200 
127 223 
202 299 
176 223 
26 4 
159 317 
200 254 
223 127 
45 117 
127 223 
7 309 
28 176 
6 112 
145 3 
63 222 
145 267 
117 45 
219 112 
230 75 
80 40 
230 274 
127 223 
26 198 
26 64 
26 9 
26 180 
26 30 
26 256 
26 280 
26 69 
26 208 
26 191 
26 307 
26 174 
26 223 
7 104 
26 53 
26 127 
26 4 
26 121 
26 298 
26 18 
26 152 
26 12 
26 81 
200 254 
0 106 
