194 40 
230 59 
230 97 
52 270 
230 306 
161 267 
161 79 
194 80 
80 194 
279 242 
228 279 
47 228 
228 47 
194 80 
27 145 
230 183 
306 230 
306 97 
280 223 
78 161 
269 75 
269 33 
269 274 
267 145 
269 93 
86 221 
161 78 
269 230 
6 85 
269 300 
293 225 
242 279 
279 228 
264 230 
83 228 
279 7 
45 301 
47 86 
116 173 
202 116 
116 253 
31 279 
145 267 
7 279 
80 40 
71 120 
228 279 
228 47 
228 83 
26 280 
38 161 
47 228 
38 50 
306 59 
97 230 
280 26 
98 186 
161 38 
230 274 
47 86 
45 228 
293 225 
26 225 
86 47 
128 202 
279 135 
279 228 
279 118 
279 242 
279 25 
279 139 
279 299 
279 189 
279 104 
145 267 
194 80 
279 7 
26 225 
80 194 
279 278 
279 228 
83 228 
25 130 
173 242 
78 38 
78 161 
25 135 
78 161 
38 50 
230 82 
26 293 
200 254 
200 52 
78 161 
