145 21 
21 145 
71 283 
159 204 
183 230 
38 50 
71 266 
71 78 
159 249 
71 79 
71 238 
252 234 
204 103 
204 249 
230 306 
35 253 
204 87 
204 318 
204 63 
183 230 
21 145 
145 161 
204 248 
230 274 
94 252 
145 21 
204 317 
204 60 
204 244 
204 159 
120 310 
204 160 
204 222 
252 94 
304 228 
180 18 
244 63 
242 135 
90 33 
223 26 
244 159 
244 87 
202 116 
78 71 
21 145 
183 262 
145 21 
204 317 
183 90 
90 143 
90 150 
90 199 
94 252 
90 59 
90 230 
145 21 
279 7 
162 58 
90 97 
90 274 
90 183 
90 220 
223 28 
90 306 
90 281 
288 273 
90 258 
79 145 
90 186 
90 33 
26 223 
273 288 
90 264 
90 15 
90 77 
90 39 
132 79 
90 48 
159 317 
90 23 
108 202 
223 26 
90 61 
90 98 
90 262 
279 228 
90 269 
90 99 
241 189 
90 93 
254 52 
90 300 
79 132 
143 90 
90 75 
90 82 
21 145 
132 145 
41 93 
41 75 
268 314 
41 300 
202 108 
274 230 
41 230 
41 274 
133 284 
159 317 
41 33 
108 202 
202 158 
28 121 
216 233 
35 202 
180 225 
194 291 
202 35 
204 159 
176 223 
178 202 
0 106 
230 75 
202 116 
40 51 
230 274 
279 101 
253 173 
6 284 
86 10 
86 47 
101 263 
241 253 
300 183 
253 116 
116 173 
33 274 
135 242 
116 253 
242 135 
116 202 
82 274 
21 145 
79 238 
209 202 
79 184 
79 145 
116 253 
145 79 
209 299 
145 21 
135 279 
268 314 
145 21 
21 145 
145 21 
79 267 
90 199 
157 155 
157 185 
230 183 
199 90 
90 75 
90 99 
90 93 
90 82 
90 199 
90 59 
90 143 
90 230 
194 291 
90 150 
90 97 
90 274 
90 183 
194 80 
6 314 
90 220 
90 306 
90 281 
90 258 
90 33 
90 264 
90 15 
90 39 
90 186 
90 23 
90 77 
291 194 
293 26 
90 48 
90 61 
90 262 
90 269 
161 310 
317 159 
90 98 
90 300 
38 161 
230 183 
0 106 
108 202 
283 145 
183 230 
145 283 
230 274 
26 293 
183 300 
242 279 
242 173 
135 57 
116 35 
291 40 
279 13 
288 233 
216 233 
116 202 
116 173 
53 28 
161 184 
194 291 
230 220 
132 6 
116 253 
250 158 
40 291 
278 7 
194 80 
233 72 
40 80 
132 284 
238 79 
300 183 
40 194 
9 18 
7 279 
13 279 
7 278 
71 120 
238 284 
145 283 
145 21 
176 223 
11 138 
262 74 
283 145 
230 82 
7 279 
63 87 
9 18 
7 279 
132 133 
220 230 
132 231 
279 7 
132 85 
87 63 
307 18 
204 159 
132 284 
159 249 
132 266 
25 234 
132 134 
143 186 
90 264 
90 258 
90 186 
90 33 
90 15 
90 77 
90 39 
90 48 
90 23 
300 262 
293 26 
90 61 
90 98 
90 262 
90 269 
90 99 
10 252 
90 93 
90 300 
90 75 
90 82 
236 278 
21 145 
90 143 
145 21 
90 150 
90 199 
90 59 
90 230 
26 293 
120 71 
90 97 
90 274 
80 194 
90 183 
90 220 
158 279 
90 306 
90 281 
26 293 
266 132 
108 57 
79 267 
108 241 
208 307 
293 26 
279 228 
71 120 
159 204 
108 315 
21 145 
108 104 
38 50 
202 108 
230 33 
274 230 
299 202 
86 24 
278 236 
155 157 
6 284 
114 242 
161 267 
7 94 
7 279 
21 145 
268 314 
145 21 
145 21 
82 230 
82 274 
21 145 
145 21 
145 21 
204 248 
204 317 
204 60 
204 222 
204 103 
204 249 
204 318 
204 63 
21 145 
160 248 
160 317 
160 60 
160 159 
24 86 
160 204 
160 222 
145 21 
40 291 
41 59 
160 103 
160 249 
160 244 
160 87 
160 318 
160 63 
194 80 
204 244 
204 159 
57 49 
204 160 
204 222 
273 111 
273 288 
230 183 
204 249 
273 70 
204 103 
273 72 
204 87 
204 318 
200 193 
278 173 
204 63 
49 57 
57 270 
183 262 
273 233 
273 276 
90 230 
204 248 
273 302 
204 317 
204 60 
273 89 
57 130 
234 252 
230 274 
161 267 
234 25 
234 189 
28 53 
33 300 
85 6 
24 252 
234 279 
199 186 
230 183 
116 57 
258 281 
281 258 
161 184 
24 86 
234 122 
161 184 
90 99 
183 230 
230 274 
189 234 
202 299 
299 202 
234 250 
86 10 
86 47 
86 24 
24 252 
99 90 
86 252 
234 279 
161 310 
90 77 
90 39 
132 134 
132 79 
90 48 
90 23 
262 183 
160 248 
116 49 
132 50 
132 257 
132 311 
160 60 
90 61 
279 234 
7 279 
90 98 
90 262 
132 240 
90 269 
160 317 
132 2 
90 99 
90 93 
90 300 
132 71 
132 295 
160 159 
132 16 
90 75 
132 133 
183 230 
90 82 
21 145 
132 145 
90 199 
160 222 
132 218 
90 143 
132 231 
132 310 
132 78 
160 204 
47 228 
90 150 
132 85 
90 59 
90 230 
132 184 
90 183 
132 238 
132 6 
160 249 
132 38 
90 97 
90 274 
160 103 
132 112 
160 244 
132 161 
90 220 
132 283 
86 10 
90 306 
160 318 
132 3 
90 281 
132 120 
132 284 
132 314 
90 264 
28 285 
132 27 
90 258 
160 87 
90 186 
132 266 
90 33 
90 15 
132 267 
160 63 
230 90 
199 186 
7 279 
183 262 
145 21 
87 204 
6 284 
219 6 
204 159 
13 279 
145 283 
145 3 
45 301 
45 270 
45 58 
159 248 
45 52 
223 176 
45 144 
49 116 
45 193 
116 253 
45 83 
45 200 
45 254 
279 13 
116 49 
223 307 
116 202 
283 145 
116 173 
159 204 
223 18 
21 145 
3 145 
41 93 
21 145 
41 75 
41 300 
230 274 
145 21 
194 291 
228 304 
255 51 
228 47 
173 116 
41 230 
194 80 
204 159 
41 274 
255 80 
41 33 
291 194 
283 145 
173 253 
2 132 
279 234 
279 228 
281 90 
173 253 
116 173 
145 38 
173 116 
6 284 
132 284 
117 252 
116 253 
82 230 
24 252 
161 145 
279 228 
279 243 
145 161 
243 279 
132 184 
243 7 
145 21 
7 243 
279 158 
7 263 
145 161 
145 21 
300 183 
21 145 
145 21 
157 155 
157 185 
21 145 
145 21 
145 283 
145 21 
21 145 
38 145 
21 145 
145 21 
21 145 
145 21 
219 112 
145 38 
