228 290 
228 279 
228 101 
228 83 
228 104 
228 83 
306 59 
306 90 
306 97 
90 199 
50 295 
50 16 
50 78 
50 79 
50 161 
50 38 
278 13 
50 267 
278 228 
50 283 
194 190 
280 53 
178 272 
283 120 
160 317 
160 60 
228 13 
279 228 
13 228 
117 234 
253 278 
53 174 
160 159 
194 291 
160 249 
278 178 
160 103 
160 63 
53 280 
252 319 
28 285 
252 10 
234 117 
279 13 
208 28 
83 228 
202 209 
13 279 
183 300 
160 103 
283 71 
202 299 
314 132 
57 135 
90 258 
26 28 
128 202 
9 26 
72 233 
278 236 
300 74 
26 9 
13 211 
116 57 
57 116 
202 209 
256 307 
153 309 
279 7 
116 270 
253 173 
236 253 
90 186 
194 40 
90 23 
24 10 
270 116 
7 279 
65 234 
279 7 
194 291 
202 128 
116 270 
131 113 
253 236 
128 202 
194 40 
230 93 
93 274 
230 300 
10 252 
279 25 
26 225 
279 7 
70 288 
131 113 
161 295 
161 184 
78 231 
108 315 
108 104 
108 241 
108 209 
161 310 
161 145 
161 184 
161 267 
161 203 
161 295 
161 240 
117 45 
200 250 
108 209 
13 234 
279 25 
279 7 
120 112 
13 279 
160 249 
93 230 
160 318 
132 284 
132 314 
120 184 
160 63 
200 250 
120 38 
279 13 
160 60 
200 52 
178 47 
161 310 
161 145 
161 184 
295 85 
161 44 
249 160 
161 267 
161 295 
161 240 
230 300 
47 178 
128 202 
2 132 
291 194 
202 116 
2 284 
202 209 
194 291 
26 225 
90 82 
13 279 
93 300 
160 63 
208 28 
291 194 
50 267 
93 300 
16 284 
116 202 
279 228 
16 238 
202 116 
69 223 
28 256 
183 262 
183 300 
83 171 
116 270 
83 301 
47 228 
114 7 
114 299 
7 114 
116 278 
25 130 
25 277 
25 234 
7 144 
