307 127 
307 18 
90 61 
90 98 
90 262 
90 269 
90 93 
90 300 
90 75 
90 99 
90 82 
90 143 
21 145 
90 199 
90 59 
90 230 
90 150 
90 97 
90 274 
90 183 
307 18 
90 220 
90 306 
90 281 
90 258 
90 33 
90 264 
90 15 
90 77 
90 39 
90 186 
90 48 
90 23 
291 40 
273 70 
273 233 
273 276 
127 307 
90 230 
194 291 
90 97 
90 274 
90 183 
194 80 
90 220 
90 306 
90 281 
90 258 
90 33 
90 264 
90 15 
90 77 
90 39 
90 186 
194 40 
79 50 
90 48 
90 23 
90 61 
90 98 
90 262 
90 269 
90 99 
90 93 
135 189 
200 52 
90 300 
202 116 
90 75 
279 243 
183 230 
90 82 
90 143 
90 150 
90 199 
307 223 
90 59 
204 63 
159 204 
220 186 
228 241 
228 242 
45 117 
204 248 
228 47 
204 317 
204 60 
228 250 
87 63 
274 230 
307 127 
204 159 
228 116 
50 79 
204 244 
33 300 
204 160 
204 222 
186 220 
228 253 
228 162 
204 103 
79 50 
63 87 
204 249 
28 81 
228 13 
204 87 
204 318 
189 135 
81 28 
28 81 
98 90 
230 74 
230 183 
7 279 
230 82 
53 174 
230 143 
230 33 
183 230 
0 129 
186 39 
230 42 
45 117 
186 77 
101 278 
230 281 
254 58 
230 15 
186 220 
58 299 
186 143 
7 252 
45 52 
86 10 
45 254 
45 144 
45 83 
98 90 
143 186 
63 248 
90 98 
183 230 
299 58 
45 270 
6 284 
45 301 
45 193 
90 281 
45 58 
45 200 
93 306 
87 63 
279 7 
90 183 
219 6 
90 220 
93 75 
90 97 
90 274 
90 281 
93 143 
90 306 
116 253 
90 264 
93 59 
90 258 
90 186 
90 33 
93 90 
90 15 
93 97 
90 77 
90 39 
93 281 
90 48 
63 87 
90 23 
281 90 
90 61 
116 202 
7 279 
90 98 
90 262 
116 173 
90 269 
90 99 
90 93 
90 300 
90 75 
7 263 
90 82 
93 262 
7 25 
90 199 
90 143 
90 230 
90 150 
93 300 
90 59 
28 9 
240 310 
28 180 
41 93 
28 187 
41 75 
28 30 
28 256 
21 145 
41 300 
28 280 
28 1 
28 195 
28 225 
28 141 
263 7 
28 293 
28 208 
90 274 
161 266 
41 230 
240 284 
28 307 
28 69 
28 191 
28 223 
28 285 
41 274 
28 4 
28 53 
28 298 
28 18 
28 152 
161 240 
28 127 
28 12 
28 176 
28 121 
41 33 
28 26 
35 270 
28 251 
28 81 
116 173 
161 231 
28 174 
28 64 
223 307 
233 70 
273 70 
191 307 
193 200 
279 211 
200 193 
278 101 
21 145 
279 308 
186 61 
128 305 
278 236 
186 143 
132 27 
7 122 
13 278 
122 7 
159 249 
58 162 
98 90 
230 75 
7 279 
7 263 
310 161 
132 184 
310 240 
230 93 
132 120 
79 161 
79 267 
114 242 
230 300 
253 278 
228 241 
81 142 
142 81 
108 299 
79 161 
79 267 
38 50 
159 249 
7 279 
21 145 
69 121 
307 191 
161 240 
161 310 
240 310 
26 280 
263 7 
310 161 
28 121 
161 240 
223 26 
161 310 
26 9 
223 280 
310 240 
26 293 
281 48 
145 21 
223 176 
187 26 
240 310 
26 187 
310 240 
120 284 
240 310 
223 225 
26 187 
48 186 
38 50 
225 223 
266 132 
50 38 
7 279 
7 263 
223 225 
2 284 
21 145 
225 223 
7 309 
3 145 
38 50 
310 120 
28 121 
120 38 
21 145 
187 26 
310 240 
280 223 
283 38 
7 279 
240 310 
310 240 
6 219 
26 9 
26 187 
219 6 
7 279 
145 50 
145 21 
219 6 
50 145 
307 127 
307 18 
307 127 
138 11 
120 38 
161 310 
16 238 
187 26 
16 2 
16 132 
310 161 
133 314 
28 121 
16 284 
161 310 
138 11 
38 161 
240 310 
26 187 
310 240 
295 161 
38 112 
310 161 
26 223 
16 132 
310 161 
16 284 
16 238 
16 2 
187 26 
38 161 
187 26 
26 187 
38 50 
295 161 
79 132 
307 127 
79 284 
120 310 
176 187 
176 223 
187 176 
176 223 
187 81 
176 223 
81 187 
310 161 
310 240 
