62 484 
9 597 
62 759 
345 92 
9 107 
753 897 
362 244 
596 363 
834 484 
744 40 
47 897 
844 154 
243 887 
777 264 
285 512 
18 897 
91 154 
220 394 
92 373 
92 319 
538 264 
538 759 
296 498 
135 786 
296 389 
285 546 
871 484 
50 154 
39 373 
5 373 
739 2 
5 388 
5 596 
739 91 
153 40 
822 388 
53 597 
739 2 
30 373 
283 538 
627 394 
627 538 
679 2 
405 491 
813 370 
844 154 
376 595 
376 516 
844 394 
668 417 
472 897 
472 546 
472 786 
9 40 
285 106 
91 154 
285 394 
285 546 
285 183 
277 106 
825 126 
627 394 
705 40 
39 594 
39 370 
237 887 
516 730 
744 776 
538 264 
255 776 
777 264 
803 183 
753 897 
592 790 
844 394 
472 897 
274 183 
592 126 
472 546 
153 594 
844 782 
580 51 
733 394 
842 843 
592 556 
72 593 
870 149 
72 423 
842 127 
274 596 
842 484 
592 491 
592 388 
592 870 
580 282 
274 546 
395 790 
39 594 
813 370 
39 127 
823 359 
39 46 
627 394 
271 106 
808 596 
313 598 
164 94 
826 701 
547 270 
164 323 
50 55 
164 99 
826 538 
164 81 
194 705 
164 853 
164 738 
91 542 
39 323 
91 686 
39 369 
515 387 
308 852 
308 236 
194 387 
579 33 
369 748 
635 119 
3 224 
255 46 
3 759 
3 851 
3 662 
777 264 
346 491 
363 767 
538 264 
822 558 
538 759 
360 264 
360 876 
164 323 
582 853 
60 597 
538 662 
360 738 
679 2 
360 264 
538 264 
384 2 
247 417 
164 853 
538 264 
628 502 
472 869 
628 502 
376 598 
472 897 
318 897 
376 876 
376 40 
472 546 
744 224 
472 701 
472 782 
378 686 
51 387 
8 244 
392 869 
538 264 
8 490 
360 264 
8 662 
124 897 
844 394 
39 323 
538 490 
548 156 
8 851 
360 546 
538 662 
277 106 
383 492 
216 738 
250 502 
135 748 
250 701 
445 245 
313 387 
196 705 
630 558 
313 105 
861 62 
861 724 
318 897 
565 247 
434 244 
861 119 
9 40 
802 105 
645 853 
743 249 
345 40 
345 31 
871 484 
153 40 
424 738 
681 730 
592 127 
592 105 
592 484 
592 51 
592 777 
592 776 
592 491 
592 644 
65 221 
518 742 
18 897 
592 502 
592 222 
32 738 
871 392 
592 394 
83 738 
83 33 
83 387 
83 730 
83 261 
494 104 
83 701 
493 853 
353 55 
264 387 
437 767 
341 240 
472 869 
341 479 
801 150 
744 776 
742 261 
472 222 
472 701 
214 31 
592 790 
472 897 
376 40 
472 546 
65 843 
126 104 
250 502 
250 240 
863 58 
671 261 
384 2 
250 644 
863 236 
834 724 
97 33 
445 853 
395 790 
97 592 
417 507 
142 387 
743 99 
578 831 
142 355 
592 502 
578 92 
83 33 
62 498 
345 92 
83 387 
83 355 
50 154 
142 510 
432 102 
142 183 
62 484 
83 701 
392 869 
420 355 
18 843 
164 738 
164 323 
164 99 
65 843 
216 738 
164 853 
892 287 
892 854 
802 546 
892 762 
892 183 
424 738 
892 392 
257 479 
892 297 
892 187 
457 69 
47 69 
613 370 
9 854 
367 224 
582 853 
9 224 
510 99 
634 484 
870 60 
858 387 
463 593 
194 421 
134 297 
346 854 
531 323 
107 388 
683 855 
592 99 
821 104 
153 40 
1 741 
346 546 
898 236 
72 297 
821 365 
821 357 
821 222 
494 104 
494 104 
341 479 
432 101 
743 99 
578 855 
192 545 
578 7 
383 224 
383 738 
480 880 
39 323 
134 853 
480 428 
134 593 
39 370 
480 258 
336 357 
39 127 
198 227 
405 491 
383 738 
8 662 
417 593 
91 154 
711 871 
90 867 
725 421 
98 853 
14 701 
420 867 
538 662 
194 421 
98 392 
733 387 
276 778 
201 370 
871 392 
347 556 
1 221 
744 627 
194 387 
744 224 
858 387 
345 387 
39 370 
153 627 
472 507 
472 556 
472 222 
472 546 
472 701 
725 421 
725 390 
472 869 
274 264 
72 627 
383 186 
72 593 
72 222 
83 186 
274 546 
288 7 
288 705 
83 186 
193 105 
405 133 
798 60 
510 99 
285 546 
250 127 
443 386 
274 546 
268 729 
538 264 
274 264 
601 127 
3 759 
3 851 
3 244 
3 662 
3 224 
376 186 
531 99 
531 870 
538 264 
538 759 
538 662 
395 386 
14 390 
578 7 
106 157 
813 370 
870 789 
567 637 
83 881 
51 387 
435 867 
185 387 
562 70 
562 247 
39 370 
39 127 
322 363 
562 870 
562 558 
745 538 
802 105 
705 186 
743 99 
62 183 
445 705 
443 386 
395 867 
345 387 
172 549 
870 627 
250 127 
765 790 
619 778 
865 54 
51 69 
744 543 
417 507 
395 790 
98 392 
806 759 
436 244 
861 724 
255 867 
285 546 
367 224 
538 546 
142 387 
39 127 
196 705 
194 705 
142 183 
538 759 
501 572 
758 69 
164 323 
233 870 
501 62 
233 226 
539 738 
424 780 
347 831 
164 853 
164 738 
271 106 
871 392 
83 186 
595 830 
164 99 
815 100 
47 69 
134 853 
378 686 
137 443 
800 829 
899 593 
378 389 
276 778 
383 224 
592 99 
806 706 
460 686 
827 852 
509 863 
445 780 
627 107 
747 443 
813 379 
193 559 
813 370 
200 443 
164 853 
578 831 
412 107 
624 236 
39 370 
135 572 
392 869 
347 831 
345 572 
747 236 
39 323 
624 236 
137 443 
636 443 
93 863 
833 222 
743 99 
833 224 
756 49 
833 183 
90 867 
345 392 
796 734 
345 183 
846 617 
637 107 
255 867 
91 734 
367 224 
637 180 
134 867 
205 99 
865 593 
142 830 
134 853 
9 107 
9 224 
9 627 
134 593 
383 222 
134 881 
164 99 
134 297 
619 853 
134 81 
619 778 
134 637 
383 224 
29 443 
494 443 
137 443 
137 388 
213 31 
333 734 
137 593 
733 31 
194 387 
870 734 
733 387 
137 230 
90 867 
412 222 
637 852 
137 102 
637 107 
295 686 
739 776 
739 180 
216 627 
739 224 
739 881 
51 387 
238 492 
83 881 
255 867 
255 776 
739 149 
562 706 
345 31 
739 392 
578 831 
153 776 
725 830 
72 593 
578 830 
870 149 
378 686 
185 387 
135 572 
19 706 
1 388 
346 443 
72 706 
717 261 
592 99 
747 220 
637 180 
538 546 
383 222 
347 831 
531 706 
278 40 
194 734 
359 126 
499 627 
637 388 
637 762 
637 786 
637 507 
637 133 
637 498 
637 371 
637 627 
637 853 
637 549 
637 617 
637 369 
637 851 
91 686 
264 31 
295 686 
405 776 
383 507 
797 504 
797 386 
51 830 
255 593 
345 290 
345 388 
393 734 
393 290 
592 851 
592 104 
592 133 
592 230 
412 222 
205 99 
285 546 
53 230 
137 443 
137 387 
137 388 
285 598 
257 479 
345 388 
90 867 
744 119 
378 686 
376 598 
106 388 
346 443 
363 867 
93 290 
592 292 
592 776 
