374 538 
428 538 
231 452 
732 538 
374 878 
252 656 
676 538 
428 878 
179 878 
2 538 
187 538 
732 878 
672 656 
792 538 
871 308 
196 705 
692 656 
187 878 
706 538 
179 538 
2 387 
395 386 
672 387 
687 387 
2 390 
428 390 
374 387 
428 387 
732 387 
193 389 
643 387 
333 386 
871 308 
870 308 
184 387 
95 389 
870 878 
870 391 
220 394 
774 308 
323 308 
788 538 
636 387 
512 387 
243 308 
871 308 
545 538 
338 387 
231 308 
388 538 
777 308 
636 388 
353 308 
39 387 
871 390 
492 389 
190 389 
492 705 
190 308 
445 705 
494 387 
494 237 
677 538 
432 241 
432 102 
332 389 
887 240 
887 389 
352 389 
791 148 
79 389 
791 393 
389 394 
193 102 
193 389 
791 452 
196 387 
791 236 
193 393 
127 387 
731 308 
731 484 
257 389 
731 389 
871 484 
731 390 
731 387 
127 389 
251 387 
631 389 
98 389 
871 389 
295 308 
871 389 
244 393 
184 244 
677 245 
153 393 
359 387 
737 388 
244 388 
592 308 
512 389 
290 308 
447 389 
236 392 
236 484 
728 240 
592 241 
236 390 
193 393 
431 387 
431 394 
431 388 
124 389 
637 395 
152 388 
243 106 
152 386 
592 388 
372 387 
443 386 
418 240 
592 99 
95 389 
592 875 
791 239 
372 452 
871 484 
395 386 
636 387 
194 389 
871 389 
705 308 
432 873 
152 388 
443 388 
520 484 
418 484 
193 389 
127 389 
386 386 
152 386 
631 389 
443 656 
98 389 
432 874 
152 452 
190 389 
432 237 
395 386 
204 308 
233 484 
872 99 
443 386 
395 388 
55 389 
443 389 
5 395 
395 656 
519 538 
352 395 
618 308 
121 389 
492 392 
371 387 
492 393 
395 395 
95 389 
443 656 
443 389 
95 389 
237 308 
102 869 
31 389 
237 452 
71 705 
709 874 
392 388 
81 386 
6 452 
235 388 
540 870 
235 395 
395 389 
102 386 
540 388 
6 242 
235 386 
395 656 
764 388 
102 869 
540 237 
352 389 
242 308 
333 386 
81 867 
888 394 
443 386 
395 388 
443 389 
636 390 
395 867 
190 389 
395 386 
395 386 
220 394 
64 394 
443 386 
709 392 
102 386 
98 389 
34 394 
420 871 
369 452 
220 394 
100 869 
420 867 
420 868 
13 242 
55 393 
420 394 
443 869 
102 869 
149 392 
149 740 
190 308 
750 387 
750 100 
65 740 
65 484 
64 391 
55 389 
524 394 
156 705 
640 452 
127 237 
640 148 
517 387 
374 105 
127 867 
512 389 
709 868 
871 484 
149 240 
83 740 
444 874 
444 868 
444 736 
444 394 
444 705 
444 740 
709 874 
709 868 
395 386 
389 868 
389 736 
51 387 
709 868 
153 868 
495 389 
194 389 
226 387 
226 388 
226 237 
51 387 
55 389 
422 240 
332 104 
231 308 
332 484 
395 386 
395 734 
728 242 
709 868 
149 392 
728 240 
332 393 
492 392 
332 734 
231 148 
728 101 
422 585 
193 393 
204 867 
100 735 
728 242 
51 538 
728 240 
704 538 
395 585 
418 484 
447 242 
636 734 
422 871 
98 389 
609 240 
871 392 
395 867 
422 388 
149 867 
418 874 
728 242 
124 389 
389 735 
713 387 
333 386 
728 240 
709 874 
494 104 
442 237 
871 484 
5 388 
51 740 
226 390 
289 100 
389 868 
447 243 
447 242 
870 734 
592 736 
554 734 
445 245 
894 387 
432 874 
432 101 
728 242 
288 245 
31 389 
98 392 
447 242 
709 874 
102 386 
692 656 
224 389 
422 412 
224 387 
709 868 
122 538 
395 386 
193 740 
395 734 
193 389 
31 868 
636 388 
39 387 
442 237 
442 389 
95 743 
851 389 
254 656 
728 242 
548 389 
748 387 
62 734 
728 101 
51 387 
442 740 
39 387 
98 389 
178 743 
692 656 
636 237 
224 389 
447 308 
677 538 
193 105 
389 868 
226 734 
224 387 
709 868 
637 389 
887 389 
5 394 
747 874 
886 386 
637 245 
98 392 
887 392 
132 308 
232 389 
132 741 
392 869 
886 447 
374 736 
506 244 
637 873 
887 392 
120 874 
899 593 
153 740 
120 105 
120 741 
120 484 
39 387 
348 391 
354 734 
358 100 
519 734 
442 237 
538 393 
132 388 
5 395 
244 388 
637 412 
120 241 
5 386 
245 395 
5 594 
548 389 
124 389 
65 388 
637 443 
371 389 
250 389 
672 734 
5 394 
832 734 
422 594 
832 387 
832 100 
232 389 
522 388 
672 656 
832 393 
250 734 
749 100 
250 393 
371 741 
856 394 
98 389 
56 389 
39 387 
883 870 
122 538 
672 388 
250 484 
358 874 
871 484 
590 308 
238 393 
238 308 
34 740 
31 868 
448 392 
179 878 
358 105 
747 874 
747 241 
448 450 
156 394 
540 870 
747 484 
709 874 
187 443 
251 394 
74 388 
636 237 
592 874 
524 395 
237 148 
237 308 
187 387 
709 868 
744 390 
445 389 
231 452 
857 105 
524 394 
636 388 
592 105 
592 484 
237 594 
857 705 
592 590 
251 386 
708 293 
237 394 
871 390 
871 484 
709 874 
709 592 
724 394 
777 293 
777 593 
393 734 
777 735 
120 874 
678 395 
731 740 
55 389 
120 484 
244 392 
746 538 
838 244 
538 291 
538 743 
395 386 
395 446 
747 443 
691 538 
244 412 
495 389 
422 412 
235 394 
1 741 
538 296 
333 386 
538 412 
538 395 
395 869 
188 99 
395 452 
336 734 
133 592 
435 244 
372 237 
422 451 
5 395 
369 452 
587 244 
435 240 
395 734 
124 389 
5 594 
587 736 
587 389 
435 239 
747 874 
709 736 
876 290 
883 387 
227 240 
375 241 
286 395 
375 590 
227 244 
286 393 
286 394 
709 592 
388 538 
791 393 
71 592 
838 290 
56 284 
791 395 
71 105 
120 241 
308 585 
55 284 
791 392 
395 452 
744 240 
434 290 
392 388 
156 394 
120 874 
791 388 
395 388 
838 394 
308 388 
39 387 
744 153 
55 388 
227 244 
97 592 
71 387 
154 389 
55 389 
393 290 
791 148 
395 442 
392 290 
744 157 
392 157 
434 446 
395 290 
434 734 
636 387 
395 157 
375 241 
392 869 
395 869 
392 388 
395 242 
543 388 
395 388 
98 99 
435 734 
871 99 
392 869 
392 388 
434 244 
98 392 
371 387 
395 869 
98 389 
434 295 
871 390 
5 388 
538 284 
435 295 
435 240 
871 392 
392 242 
395 734 
392 157 
871 296 
744 390 
395 656 
445 389 
250 412 
548 156 
871 389 
395 157 
119 294 
134 593 
395 157 
631 236 
744 240 
237 452 
560 245 
363 871 
643 705 
363 152 
395 452 
392 735 
392 869 
392 388 
363 446 
333 393 
392 412 
447 242 
838 295 
560 290 
40 295 
395 869 
187 150 
392 450 
560 236 
395 242 
395 388 
709 392 
838 448 
243 293 
375 294 
237 148 
243 290 
187 867 
395 867 
392 290 
560 295 
363 93 
560 387 
363 867 
709 592 
560 393 
744 157 
560 742 
637 412 
838 290 
392 242 
395 734 
392 157 
744 390 
395 290 
395 93 
435 240 
40 867 
375 150 
744 157 
887 94 
395 290 
245 395 
395 157 
747 241 
744 393 
753 236 
127 389 
98 392 
148 290 
40 295 
395 869 
127 94 
395 388 
31 106 
40 94 
395 242 
40 290 
56 389 
442 237 
745 538 
5 388 
393 290 
709 392 
871 91 
392 386 
870 290 
154 445 
194 105 
392 290 
709 592 
71 592 
154 94 
392 242 
766 290 
154 705 
5 594 
102 388 
98 91 
678 451 
744 240 
870 293 
392 388 
98 99 
870 843 
870 734 
878 290 
678 388 
194 705 
102 386 
363 95 
393 734 
236 734 
422 451 
393 290 
338 97 
392 290 
447 308 
133 868 
100 869 
871 392 
395 386 
428 734 
422 412 
395 290 
766 290 
898 236 
709 868 
485 97 
395 157 
434 95 
445 94 
8 244 
434 244 
187 150 
512 97 
308 290 
395 242 
395 388 
445 94 
703 237 
40 94 
102 386 
880 102 
133 592 
880 388 
395 92 
445 393 
375 150 
880 734 
880 387 
31 868 
880 394 
291 394 
522 446 
308 236 
878 446 
880 244 
435 734 
393 388 
339 761 
486 245 
540 237 
511 387 
511 100 
511 758 
8 90 
587 736 
31 761 
886 93 
8 152 
269 96 
428 387 
764 446 
870 734 
870 240 
435 762 
435 869 
540 295 
506 295 
587 244 
100 869 
56 393 
269 90 
709 592 
486 705 
435 388 
8 757 
856 442 
390 538 
226 387 
486 97 
887 94 
887 95 
3 244 
102 869 
102 388 
709 736 
3 586 
434 95 
443 766 
424 388 
362 244 
435 734 
62 292 
3 157 
886 448 
395 443 
395 869 
3 395 
395 766 
538 759 
8 412 
363 767 
362 767 
3 387 
395 93 
100 869 
395 386 
3 759 
362 387 
178 743 
247 763 
3 93 
90 867 
538 759 
363 767 
3 757 
149 759 
247 290 
90 392 
767 392 
3 759 
435 869 
3 387 
443 452 
98 240 
851 388 
362 758 
548 295 
3 766 
766 290 
776 395 
49 290 
362 448 
767 242 
220 767 
3 90 
8 387 
548 388 
437 767 
435 767 
362 394 
747 154 
102 869 
102 388 
709 736 
8 759 
554 290 
538 490 
759 493 
3 244 
127 237 
362 90 
70 389 
8 90 
554 443 
587 736 
3 392 
538 296 
872 99 
3 296 
3 490 
371 393 
8 244 
767 496 
31 495 
3 412 
49 106 
127 94 
759 740 
767 394 
31 106 
371 308 
102 386 
709 392 
3 395 
49 236 
435 871 
8 490 
3 451 
125 757 
98 392 
93 498 
93 585 
93 104 
767 223 
65 222 
93 244 
709 392 
93 452 
98 389 
833 391 
93 295 
93 100 
8 290 
362 767 
93 107 
93 388 
751 152 
93 101 
393 290 
149 759 
3 759 
220 496 
93 102 
93 394 
93 443 
767 740 
93 742 
767 106 
93 395 
296 395 
833 388 
362 867 
759 496 
495 389 
776 395 
93 152 
388 387 
375 97 
8 759 
93 757 
3 244 
93 734 
93 106 
362 90 
296 308 
149 392 
93 484 
93 656 
134 308 
93 290 
108 589 
499 495 
362 244 
93 90 
8 244 
93 870 
890 222 
767 496 
156 387 
227 295 
375 241 
708 221 
522 154 
359 97 
227 767 
65 102 
592 292 
624 236 
560 387 
747 220 
71 592 
227 762 
560 152 
592 220 
71 443 
560 762 
522 236 
236 290 
435 222 
71 294 
445 152 
592 93 
547 236 
158 594 
158 290 
871 392 
869 294 
504 484 
517 443 
540 237 
592 491 
158 443 
504 443 
158 395 
592 870 
158 734 
121 734 
224 389 
224 767 
121 92 
611 226 
224 226 
244 92 
244 592 
244 90 
395 443 
244 585 
193 284 
244 392 
395 93 
395 386 
395 157 
5 594 
244 843 
127 237 
560 762 
237 452 
395 762 
791 222 
363 244 
478 387 
791 497 
677 245 
395 388 
560 395 
677 387 
237 762 
363 767 
791 874 
677 390 
791 594 
363 867 
677 538 
870 759 
363 734 
560 152 
128 393 
239 155 
709 736 
128 390 
709 874 
81 734 
709 392 
128 387 
709 592 
395 734 
538 759 
362 767 
791 148 
372 226 
557 393 
88 484 
538 490 
538 412 
244 240 
395 452 
81 386 
357 443 
8 244 
395 869 
239 290 
247 445 
435 244 
362 387 
435 762 
256 491 
286 742 
362 767 
247 296 
392 290 
286 152 
395 386 
362 758 
437 767 
445 762 
335 240 
832 758 
362 244 
244 240 
678 451 
870 395 
540 878 
244 240 
886 93 
678 441 
540 205 
870 308 
870 734 
244 592 
636 491 
540 444 
870 290 
636 205 
636 104 
871 392 
709 592 
267 197 
56 284 
49 290 
3 90 
226 387 
55 284 
694 244 
102 869 
237 452 
731 240 
776 395 
389 868 
308 236 
363 734 
389 735 
631 236 
538 296 
363 244 
247 155 
285 296 
8 244 
890 222 
308 290 
750 443 
171 871 
8 290 
97 592 
55 389 
393 290 
375 491 
389 592 
363 93 
704 443 
445 758 
434 767 
118 390 
709 592 
247 296 
121 226 
118 226 
98 94 
71 105 
871 296 
184 850 
445 196 
709 736 
777 293 
121 225 
434 290 
832 850 
71 736 
374 387 
98 392 
435 222 
389 392 
638 308 
709 392 
118 850 
445 107 
851 445 
118 484 
118 393 
98 389 
735 225 
364 90 
637 290 
127 94 
429 852 
434 295 
256 491 
363 95 
348 445 
362 759 
445 152 
870 290 
362 387 
871 152 
348 391 
8 760 
362 767 
434 443 
363 852 
363 767 
445 391 
393 290 
556 90 
870 878 
247 290 
706 387 
870 390 
247 296 
686 388 
98 94 
362 867 
364 767 
445 290 
871 296 
434 446 
374 878 
31 868 
429 95 
434 734 
766 290 
78 734 
429 762 
127 205 
148 757 
8 90 
434 95 
374 387 
70 389 
188 99 
285 296 
31 495 
392 735 
637 107 
363 446 
764 446 
540 205 
395 452 
424 388 
434 290 
392 412 
93 290 
227 734 
737 290 
98 392 
512 97 
735 855 
708 245 
395 869 
634 484 
335 99 
478 159 
227 244 
478 734 
239 736 
838 244 
392 290 
105 763 
395 734 
105 104 
359 97 
634 155 
102 869 
49 290 
3 90 
226 387 
226 388 
127 205 
3 244 
554 443 
102 388 
3 392 
871 99 
392 869 
637 99 
392 388 
871 240 
392 412 
93 290 
3 490 
519 443 
435 734 
3 412 
395 869 
127 387 
3 96 
637 741 
429 852 
133 592 
554 734 
3 451 
435 244 
93 510 
839 244 
149 759 
3 759 
435 295 
709 738 
269 90 
766 290 
437 766 
395 290 
193 102 
55 284 
104 389 
433 97 
51 387 
71 736 
392 388 
98 392 
867 493 
395 443 
395 388 
71 387 
133 592 
231 148 
227 244 
119 90 
5 388 
393 290 
433 443 
486 94 
98 855 
193 740 
624 236 
395 734 
776 395 
71 592 
40 867 
556 90 
224 226 
224 390 
875 308 
3 759 
362 867 
372 452 
363 867 
709 592 
389 868 
760 108 
124 389 
3 90 
193 290 
224 393 
224 387 
224 767 
167 105 
40 585 
362 90 
40 245 
362 244 
333 386 
3 197 
363 244 
392 388 
424 388 
392 412 
3 156 
3 497 
3 412 
412 637 
486 443 
395 295 
3 498 
3 96 
193 393 
395 766 
362 759 
98 389 
193 284 
362 767 
389 592 
394 412 
362 759 
362 387 
875 757 
435 762 
133 592 
394 388 
247 763 
538 759 
394 395 
519 387 
393 734 
227 244 
220 154 
875 740 
363 767 
359 850 
149 759 
519 734 
3 759 
123 106 
618 102 
100 869 
98 855 
95 767 
389 636 
435 869 
244 290 
103 585 
712 585 
709 636 
445 389 
31 868 
1 741 
618 757 
637 108 
618 93 
898 236 
618 868 
709 868 
3 639 
3 90 
375 196 
538 490 
854 736 
735 639 
3 640 
412 152 
618 448 
519 538 
362 90 
445 196 
103 155 
709 736 
587 736 
3 392 
538 296 
705 106 
103 443 
224 767 
244 643 
392 412 
98 99 
735 855 
394 585 
362 244 
227 734 
244 851 
375 760 
392 388 
153 448 
519 443 
559 870 
244 91 
554 495 
244 230 
554 642 
31 106 
705 445 
103 386 
100 850 
821 762 
743 99 
870 293 
126 103 
743 362 
444 758 
873 589 
308 290 
672 656 
637 741 
126 104 
428 387 
227 364 
395 388 
596 94 
447 365 
126 635 
126 452 
127 868 
709 642 
39 387 
349 761 
395 395 
31 594 
126 874 
125 757 
538 759 
227 244 
372 90 
319 363 
363 767 
103 290 
126 735 
444 494 
395 93 
821 104 
393 230 
712 290 
870 878 
709 592 
127 867 
363 93 
126 493 
435 295 
494 443 
103 585 
227 95 
363 867 
437 295 
153 363 
120 241 
596 363 
437 766 
709 868 
437 364 
308 236 
220 640 
745 878 
5 594 
102 388 
428 878 
444 738 
764 736 
747 241 
127 389 
823 484 
226 387 
3 639 
422 365 
3 90 
184 850 
8 759 
220 640 
8 387 
437 767 
3 640 
3 244 
254 360 
887 389 
193 102 
362 90 
547 395 
8 90 
435 361 
102 388 
486 538 
587 736 
224 767 
392 869 
374 387 
873 642 
374 736 
519 638 
3 490 
362 244 
285 296 
8 244 
31 495 
3 412 
49 106 
392 388 
98 392 
709 642 
887 392 
3 156 
388 638 
554 495 
308 358 
8 290 
126 868 
335 99 
372 90 
894 222 
822 108 
631 389 
8 760 
422 360 
894 766 
8 412 
547 236 
547 498 
432 876 
363 767 
149 759 
3 759 
547 297 
31 360 
709 738 
100 869 
547 451 
428 538 
495 443 
792 387 
98 94 
389 868 
126 159 
49 290 
362 448 
8 757 
887 94 
422 589 
388 387 
374 878 
821 104 
269 90 
39 231 
712 290 
871 484 
190 389 
870 878 
270 369 
270 371 
31 360 
871 296 
121 226 
422 412 
270 370 
39 495 
226 642 
375 297 
371 443 
39 594 
39 758 
822 290 
812 387 
8 759 
39 369 
8 240 
375 196 
333 92 
220 757 
39 308 
745 878 
261 373 
270 484 
362 90 
261 495 
39 290 
270 740 
422 91 
39 491 
333 386 
270 375 
270 290 
827 290 
871 240 
8 90 
759 494 
98 99 
8 152 
871 99 
39 152 
375 241 
31 495 
547 641 
422 594 
270 388 
261 369 
39 226 
708 484 
125 743 
270 395 
8 490 
31 594 
547 106 
270 372 
1 870 
746 850 
422 871 
39 387 
871 91 
270 495 
362 759 
422 451 
270 387 
759 103 
393 290 
547 388 
270 594 
270 356 
362 767 
813 374 
434 295 
270 379 
435 871 
494 104 
580 443 
8 290 
359 734 
31 394 
363 759 
93 295 
83 738 
83 159 
39 387 
580 389 
8 96 
826 387 
93 107 
83 739 
93 388 
434 852 
434 767 
296 498 
428 538 
712 290 
149 759 
635 108 
435 869 
93 102 
514 445 
270 376 
31 360 
34 740 
494 103 
83 387 
579 293 
435 388 
220 394 
512 389 
712 585 
93 152 
65 759 
512 226 
435 852 
435 767 
434 734 
813 356 
813 369 
434 222 
8 759 
434 95 
166 538 
31 389 
514 394 
764 736 
712 240 
823 359 
434 290 
587 736 
261 387 
712 388 
494 308 
261 356 
93 290 
51 387 
388 757 
826 443 
270 736 
261 370 
93 870 
579 738 
636 757 
31 106 
512 97 
826 762 
579 739 
514 391 
609 92 
31 448 
580 740 
93 290 
712 364 
580 391 
353 55 
577 105 
373 442 
435 290 
579 159 
93 585 
871 387 
83 740 
482 294 
435 375 
580 491 
579 740 
90 737 
686 389 
353 393 
226 222 
435 762 
188 188 
871 445 
686 49 
149 759 
83 636 
777 868 
90 867 
373 734 
93 388 
503 734 
90 734 
93 510 
712 290 
871 484 
435 356 
373 393 
353 452 
90 393 
777 735 
712 585 
895 393 
712 49 
686 92 
777 293 
353 875 
353 443 
579 53 
712 95 
237 452 
777 593 
871 240 
706 105 
373 739 
374 736 
706 159 
580 51 
187 376 
64 52 
579 739 
856 236 
580 876 
706 736 
831 387 
373 236 
187 387 
580 52 
437 852 
437 767 
854 736 
726 308 
820 395 
766 874 
820 393 
820 222 
726 874 
677 360 
56 284 
677 443 
833 642 
631 236 
447 242 
820 442 
118 850 
631 389 
335 99 
184 852 
422 585 
747 850 
133 636 
93 388 
267 159 
422 240 
267 197 
395 734 
637 108 
64 737 
747 874 
434 95 
93 290 
422 594 
93 585 
422 393 
395 869 
395 388 
422 871 
753 236 
826 443 
285 296 
428 387 
395 388 
822 240 
580 740 
709 105 
709 642 
826 762 
441 874 
678 395 
580 443 
221 428 
826 387 
93 388 
132 108 
709 738 
871 296 
709 636 
580 52 
538 490 
709 736 
678 451 
98 91 
871 99 
435 91 
709 736 
256 492 
821 738 
73 226 
477 294 
435 222 
375 759 
477 295 
477 594 
435 290 
477 766 
395 766 
256 437 
435 762 
495 447 
363 95 
871 91 
821 104 
871 392 
441 738 
375 150 
359 97 
477 150 
389 868 
435 852 
389 736 
538 743 
435 295 
618 102 
153 636 
583 870 
39 239 
363 867 
374 878 
153 363 
362 448 
618 868 
618 757 
374 159 
270 484 
39 375 
352 443 
618 393 
538 412 
583 734 
583 387 
745 387 
737 290 
546 639 
374 736 
435 436 
39 373 
709 105 
153 448 
881 226 
39 387 
871 91 
261 152 
362 759 
538 759 
881 225 
374 105 
39 156 
39 510 
618 442 
270 356 
362 767 
592 45 
735 851 
597 297 
822 108 
90 867 
270 394 
732 592 
270 107 
39 238 
270 694 
39 495 
270 152 
709 636 
39 386 
437 852 
548 156 
39 393 
5 594 
39 290 
735 639 
39 742 
732 590 
745 380 
39 237 
791 222 
732 390 
690 225 
690 394 
735 855 
270 736 
636 757 
39 538 
512 97 
39 380 
690 757 
90 737 
128 55 
375 443 
375 876 
31 245 
308 290 
428 387 
244 230 
435 290 
226 757 
478 159 
239 290 
435 244 
820 222 
375 294 
375 45 
420 294 
375 437 
548 295 
435 759 
34 740 
375 297 
435 767 
428 878 
244 635 
5 594 
548 389 
239 857 
375 759 
392 412 
62 734 
538 412 
62 510 
308 290 
435 734 
498 495 
494 104 
239 290 
538 759 
363 767 
62 498 
51 369 
363 867 
435 766 
380 150 
825 97 
435 767 
62 45 
352 150 
392 290 
395 386 
706 736 
435 759 
395 734 
187 387 
31 868 
745 878 
747 241 
712 95 
333 386 
363 244 
443 432 
121 225 
745 380 
333 393 
187 538 
392 412 
745 387 
362 244 
712 394 
609 443 
98 392 
371 850 
127 868 
493 393 
187 443 
706 380 
363 95 
187 878 
362 767 
747 484 
373 152 
363 767 
64 391 
122 538 
121 226 
106 290 
551 297 
226 387 
551 496 
551 154 
437 244 
712 95 
308 290 
3 156 
106 388 
237 693 
821 45 
244 639 
244 585 
789 388 
551 223 
492 369 
3 412 
3 156 
492 103 
363 95 
359 387 
393 290 
243 290 
3 759 
492 690 
792 380 
712 290 
359 97 
128 51 
709 868 
3 639 
3 90 
745 380 
363 244 
3 490 
833 363 
395 388 
735 851 
56 389 
322 363 
395 432 
322 445 
392 290 
395 734 
56 393 
364 389 
322 484 
56 284 
856 442 
548 156 
353 388 
822 389 
177 226 
392 388 
548 154 
332 734 
105 388 
712 95 
102 388 
424 388 
38 55 
580 51 
90 442 
554 642 
363 95 
493 242 
580 498 
149 759 
149 589 
372 226 
100 735 
424 389 
90 734 
100 868 
425 389 
424 737 
389 868 
435 388 
435 759 
596 363 
813 380 
493 94 
126 105 
493 448 
352 443 
261 736 
118 226 
120 241 
737 238 
709 868 
813 222 
813 356 
389 735 
39 369 
538 490 
813 240 
261 379 
813 369 
237 452 
261 868 
244 636 
813 834 
813 370 
105 388 
261 154 
554 760 
574 691 
813 835 
813 152 
435 734 
813 291 
261 370 
375 241 
181 443 
813 739 
270 736 
261 834 
261 694 
251 394 
336 294 
261 237 
261 835 
261 152 
395 766 
87 222 
181 372 
270 154 
261 452 
813 388 
87 290 
833 691 
627 107 
363 767 
375 294 
813 736 
395 433 
270 356 
261 375 
261 740 
224 226 
270 835 
395 734 
121 226 
39 242 
313 150 
813 388 
261 374 
812 389 
83 105 
239 736 
83 636 
737 442 
105 763 
313 294 
261 388 
193 740 
313 433 
813 379 
1 741 
220 394 
709 636 
737 238 
813 295 
107 694 
83 53 
637 395 
51 830 
261 380 
313 236 
362 244 
376 388 
220 740 
492 361 
261 222 
424 388 
308 290 
813 763 
87 294 
492 369 
637 107 
313 245 
39 538 
376 225 
3 156 
193 393 
39 240 
133 592 
578 831 
362 759 
39 356 
362 387 
319 363 
193 284 
127 868 
872 362 
709 105 
371 431 
820 442 
98 389 
637 437 
39 156 
674 448 
859 185 
611 242 
83 701 
859 308 
83 738 
83 636 
83 739 
254 394 
90 734 
712 290 
392 290 
442 226 
709 592 
859 492 
39 238 
583 242 
887 94 
39 386 
39 495 
445 389 
859 452 
813 356 
295 154 
445 853 
538 490 
764 388 
3 640 
509 108 
447 738 
83 55 
254 360 
887 389 
764 736 
39 290 
102 388 
102 412 
741 98 
859 443 
538 412 
424 388 
745 380 
127 389 
392 412 
93 290 
3 490 
39 237 
282 495 
83 740 
243 393 
73 241 
872 99 
260 370 
822 389 
631 236 
823 359 
8 90 
445 837 
392 412 
826 430 
509 593 
353 55 
98 99 
445 637 
39 226 
120 154 
8 244 
631 295 
98 392 
310 445 
6 452 
445 107 
40 94 
826 762 
851 445 
388 638 
823 875 
148 182 
437 95 
631 389 
39 242 
237 762 
445 152 
78 179 
712 734 
359 387 
8 412 
221 428 
39 387 
6 443 
260 740 
826 240 
39 389 
445 245 
547 242 
434 852 
83 105 
424 389 
190 389 
444 361 
826 431 
237 308 
763 389 
422 412 
672 388 
637 412 
41 735 
359 97 
153 363 
39 594 
295 154 
260 373 
220 640 
437 852 
50 444 
149 392 
237 452 
8 759 
187 183 
353 242 
764 388 
348 102 
348 394 
93 152 
65 380 
39 448 
226 387 
154 705 
577 857 
64 737 
577 493 
102 388 
39 90 
102 412 
93 290 
39 183 
826 443 
154 874 
93 870 
577 105 
39 244 
315 694 
359 373 
249 325 
851 104 
39 692 
431 179 
39 186 
826 56 
871 152 
39 187 
577 242 
93 107 
220 154 
39 358 
812 389 
93 388 
90 702 
286 394 
338 97 
1 325 
150 443 
149 357 
39 689 
826 387 
93 102 
39 55 
827 363 
611 55 
372 226 
871 94 
313 225 
424 389 
93 510 
269 90 
117 394 
48 762 
372 452 
224 226 
447 321 
372 226 
220 394 
121 226 
118 226 
374 878 
435 767 
48 149 
353 443 
435 238 
374 380 
60 45 
435 734 
812 97 
372 369 
428 387 
435 290 
48 393 
335 99 
435 762 
494 104 
747 484 
435 244 
374 105 
444 45 
444 186 
353 308 
71 294 
444 736 
592 372 
444 494 
493 389 
444 324 
592 53 
871 484 
611 154 
444 180 
445 389 
231 452 
618 868 
444 437 
444 372 
237 452 
871 99 
444 738 
71 705 
444 874 
444 735 
444 448 
444 868 
444 105 
444 740 
376 735 
376 448 
376 104 
853 290 
376 868 
376 186 
376 876 
376 102 
376 372 
56 389 
540 328 
376 595 
791 55 
389 592 
126 105 
126 159 
820 393 
271 106 
737 442 
31 868 
637 180 
39 369 
39 448 
39 308 
31 389 
31 495 
443 432 
39 244 
39 373 
76 97 
282 45 
820 99 
335 99 
870 437 
41 736 
395 432 
39 186 
395 433 
41 324 
41 239 
395 734 
389 592 
334 197 
709 738 
424 389 
372 452 
395 386 
709 592 
389 636 
435 388 
898 236 
637 443 
445 389 
41 735 
389 735 
443 388 
363 244 
424 388 
334 45 
519 638 
618 572 
235 388 
395 838 
334 90 
709 874 
395 388 
435 244 
60 444 
39 538 
247 763 
538 759 
445 152 
39 55 
636 328 
602 297 
39 238 
126 152 
39 239 
39 386 
445 389 
39 448 
538 490 
631 236 
39 491 
39 226 
813 763 
509 290 
412 637 
60 600 
226 237 
318 495 
392 735 
813 323 
392 388 
420 154 
826 870 
39 226 
435 436 
120 874 
73 241 
60 444 
336 294 
364 90 
60 329 
826 762 
371 431 
395 443 
429 852 
237 762 
373 98 
359 387 
813 412 
813 838 
881 226 
813 436 
495 599 
371 360 
43 442 
373 734 
636 328 
826 431 
813 451 
435 759 
420 294 
364 389 
429 95 
60 597 
371 443 
1 741 
60 572 
48 149 
813 867 
124 389 
813 495 
420 394 
748 830 
374 159 
226 387 
497 149 
813 735 
376 186 
73 226 
40 328 
376 868 
313 294 
31 868 
153 363 
270 152 
313 186 
120 442 
313 387 
832 225 
678 451 
270 452 
333 734 
832 184 
313 236 
229 442 
333 386 
244 45 
832 734 
443 432 
243 106 
8 90 
424 595 
743 362 
492 392 
592 241 
871 99 
31 495 
577 105 
313 701 
884 390 
244 431 
270 736 
244 493 
832 572 
244 90 
313 740 
244 702 
244 762 
270 379 
321 100 
183 642 
813 436 
270 356 
270 734 
321 387 
422 451 
270 387 
313 326 
592 850 
777 868 
270 107 
813 451 
48 762 
313 225 
422 240 
313 596 
445 393 
270 394 
313 433 
321 152 
777 735 
422 412 
270 694 
871 392 
424 389 
677 538 
777 868 
106 308 
677 360 
363 867 
599 853 
785 692 
747 452 
884 757 
580 186 
599 572 
677 491 
227 762 
106 157 
363 308 
434 734 
353 443 
424 394 
8 90 
747 874 
743 99 
580 391 
269 395 
106 388 
546 639 
580 740 
546 245 
364 90 
363 319 
580 94 
884 740 
677 387 
674 308 
580 102 
580 443 
229 446 
71 387 
229 593 
106 593 
580 389 
434 295 
540 444 
551 433 
118 491 
313 740 
551 640 
335 99 
712 392 
363 759 
631 389 
363 760 
363 852 
363 767 
149 759 
445 393 
60 387 
244 290 
83 326 
126 159 
752 89 
434 446 
445 389 
47 450 
389 735 
149 392 
445 853 
746 838 
745 380 
834 734 
83 294 
712 95 
363 871 
244 636 
434 95 
444 738 
631 226 
60 370 
39 226 
712 394 
631 295 
244 52 
126 452 
444 186 
121 225 
424 388 
392 412 
3 490 
3 497 
509 593 
311 431 
3 412 
392 388 
709 642 
3 156 
677 245 
39 374 
235 388 
120 369 
712 734 
746 95 
812 389 
424 389 
270 394 
709 592 
3 759 
813 451 
392 157 
56 393 
121 226 
576 742 
709 636 
119 294 
709 868 
3 639 
3 90 
522 446 
374 159 
3 640 
3 244 
39 370 
102 388 
434 95 
822 389 
540 237 
424 394 
127 237 
311 393 
357 444 
308 236 
120 241 
443 869 
102 869 
39 369 
62 734 
764 388 
39 308 
127 389 
102 388 
747 874 
583 387 
747 876 
329 237 
376 388 
424 394 
392 388 
424 388 
747 394 
39 104 
93 290 
583 308 
445 94 
269 498 
39 226 
120 874 
93 870 
546 639 
65 221 
93 585 
127 868 
270 372 
39 380 
581 693 
881 225 
747 850 
39 156 
686 49 
93 295 
881 226 
39 387 
93 107 
93 388 
747 740 
270 394 
791 874 
747 443 
747 741 
127 867 
48 762 
268 492 
512 762 
389 636 
624 236 
362 867 
93 152 
791 596 
3 639 
270 323 
777 868 
62 443 
62 388 
93 394 
93 388 
270 376 
121 226 
65 56 
48 105 
270 107 
424 737 
435 869 
313 433 
62 395 
709 636 
388 387 
588 446 
709 868 
3 639 
40 205 
764 388 
270 484 
764 736 
102 388 
633 874 
424 388 
392 766 
132 491 
546 639 
392 388 
270 388 
764 446 
62 292 
709 874 
709 45 
747 726 
40 94 
546 538 
540 328 
435 762 
822 108 
392 446 
93 107 
735 225 
62 875 
633 357 
495 436 
495 498 
389 636 
236 431 
495 597 
395 734 
236 572 
395 290 
260 373 
834 724 
834 725 
395 838 
45 237 
445 107 
596 94 
133 592 
270 373 
395 432 
435 244 
93 107 
334 57 
395 433 
445 393 
633 728 
56 389 
636 205 
290 389 
269 240 
627 107 
709 158 
435 599 
712 290 
861 62 
709 592 
103 237 
861 99 
220 394 
334 388 
116 242 
709 636 
627 221 
855 389 
636 443 
220 640 
712 95 
873 642 
745 380 
712 240 
712 394 
627 55 
120 105 
116 390 
873 182 
103 734 
392 388 
374 736 
710 727 
872 99 
308 290 
583 766 
887 392 
493 393 
371 734 
444 448 
444 874 
448 450 
268 729 
757 197 
759 740 
710 484 
444 868 
637 851 
826 762 
444 735 
372 369 
335 99 
36 372 
181 372 
702 387 
493 66 
375 62 
710 90 
881 226 
363 95 
437 95 
710 491 
861 387 
702 443 
393 734 
767 323 
95 94 
229 446 
444 152 
870 60 
710 390 
201 370 
710 701 
826 387 
767 733 
389 592 
268 45 
444 105 
424 389 
393 230 
393 290 
103 328 
190 389 
870 878 
444 757 
826 431 
270 394 
3 759 
444 740 
389 636 
551 833 
759 837 
767 376 
712 328 
730 389 
41 324 
767 64 
493 837 
389 868 
624 236 
429 95 
371 443 
420 868 
710 155 
509 364 
898 236 
737 238 
759 759 
437 852 
538 490 
127 205 
393 496 
483 437 
767 55 
636 443 
710 635 
887 853 
437 244 
538 412 
181 594 
448 242 
493 493 
448 236 
200 443 
551 325 
826 443 
741 98 
200 484 
296 45 
712 95 
546 240 
120 225 
737 290 
375 241 
125 637 
443 432 
701 244 
712 394 
149 639 
120 874 
106 388 
198 158 
546 639 
428 387 
244 230 
709 874 
498 435 
624 450 
196 705 
395 388 
498 442 
336 245 
836 100 
373 98 
200 45 
712 734 
335 99 
200 442 
434 852 
35 369 
106 593 
270 394 
737 759 
35 510 
737 442 
247 296 
373 236 
395 734 
709 636 
229 225 
83 53 
106 157 
389 736 
106 585 
200 764 
237 308 
709 158 
826 510 
611 100 
777 595 
580 727 
637 637 
637 412 
71 105 
611 387 
813 867 
813 356 
49 437 
637 443 
49 876 
445 853 
8 387 
393 484 
637 108 
745 878 
777 60 
709 736 
8 431 
582 240 
437 244 
8 90 
393 766 
583 308 
583 868 
69 730 
611 854 
43 45 
49 636 
8 183 
49 155 
637 223 
39 226 
611 373 
8 197 
637 107 
445 107 
237 762 
611 832 
745 183 
363 95 
437 95 
538 759 
452 708 
393 290 
43 442 
48 762 
194 105 
269 90 
747 105 
821 395 
833 37 
319 363 
393 594 
154 445 
55 389 
291 868 
444 183 
62 388 
122 538 
187 38 
363 867 
290 734 
291 394 
233 105 
187 387 
282 435 
126 159 
833 395 
39 448 
55 284 
326 446 
187 183 
62 734 
187 60 
821 443 
452 391 
583 734 
393 389 
833 642 
62 510 
731 394 
363 244 
187 45 
49 240 
49 704 
579 738 
579 159 
187 376 
315 89 
579 739 
731 757 
833 445 
8 490 
788 380 
38 55 
579 598 
290 149 
187 291 
193 284 
579 33 
83 598 
588 871 
335 389 
588 183 
187 180 
745 35 
418 36 
709 636 
226 387 
418 222 
437 244 
833 850 
445 837 
50 444 
187 183 
374 149 
448 236 
445 831 
832 734 
353 55 
435 762 
50 360 
353 34 
149 363 
429 95 
832 225 
898 53 
250 222 
618 757 
517 236 
353 443 
353 388 
359 242 
618 572 
353 55 
392 388 
577 105 
353 92 
708 245 
192 92 
221 871 
618 442 
826 240 
629 293 
824 850 
30 97 
452 364 
577 493 
243 106 
3 490 
3 156 
395 388 
237 762 
395 766 
98 94 
395 734 
3 639 
3 90 
308 236 
3 640 
3 244 
587 736 
745 183 
395 432 
363 852 
747 740 
519 60 
395 867 
395 386 
395 446 
244 731 
244 369 
395 429 
244 572 
395 389 
752 39 
870 734 
752 364 
422 871 
334 197 
83 428 
870 878 
334 389 
334 388 
709 868 
752 290 
326 446 
709 736 
870 293 
752 154 
709 595 
538 40 
538 296 
253 149 
333 386 
3 197 
741 98 
538 437 
49 636 
538 412 
290 878 
3 412 
592 736 
343 389 
495 60 
235 388 
538 38 
538 326 
538 759 
93 107 
592 45 
149 759 
340 393 
343 45 
3 759 
512 838 
538 291 
588 871 
495 436 
93 510 
395 386 
343 53 
782 740 
395 734 
62 395 
709 636 
49 437 
120 442 
326 446 
395 858 
62 734 
538 490 
395 734 
495 389 
478 730 
363 867 
30 221 
495 443 
313 598 
495 724 
450 245 
495 737 
627 221 
93 152 
437 766 
313 387 
437 852 
435 852 
134 593 
93 484 
93 222 
30 242 
435 238 
426 730 
495 759 
600 734 
484 225 
443 432 
450 854 
93 585 
627 55 
495 59 
708 641 
495 230 
343 389 
313 245 
347 452 
313 105 
435 762 
148 182 
435 871 
437 95 
432 782 
41 736 
645 853 
313 740 
134 155 
627 107 
93 759 
313 326 
495 594 
495 599 
93 187 
313 150 
435 599 
579 730 
450 395 
313 596 
395 386 
495 437 
93 102 
435 448 
313 433 
588 183 
93 759 
93 636 
93 783 
645 572 
445 245 
395 432 
340 294 
93 107 
340 45 
340 735 
48 878 
395 433 
395 867 
48 762 
93 102 
93 394 
100 869 
89 45 
424 389 
340 493 
340 66 
340 724 
445 389 
119 240 
495 520 
31 389 
424 735 
376 868 
424 595 
495 704 
376 102 
395 452 
443 432 
49 636 
424 388 
445 94 
340 443 
340 644 
100 789 
93 389 
50 154 
340 40 
340 389 
38 55 
235 388 
340 364 
395 443 
858 31 
395 388 
336 245 
93 435 
187 150 
187 291 
340 324 
330 590 
187 38 
340 52 
187 60 
340 150 
445 853 
538 437 
538 412 
8 90 
538 40 
343 389 
870 789 
692 734 
395 432 
8 412 
538 326 
538 759 
751 152 
445 393 
538 291 
624 236 
445 389 
313 433 
745 35 
233 105 
93 152 
313 294 
493 94 
745 878 
504 99 
313 186 
517 236 
49 437 
517 443 
371 706 
346 510 
493 493 
313 594 
376 186 
376 388 
588 591 
424 595 
93 290 
376 102 
313 701 
751 155 
637 704 
493 393 
637 741 
580 740 
313 245 
637 35 
580 94 
435 244 
435 762 
493 66 
376 595 
313 150 
93 107 
493 853 
627 107 
93 759 
313 326 
313 730 
376 735 
546 637 
826 387 
93 102 
580 518 
93 510 
493 837 
751 734 
334 197 
538 326 
445 245 
62 388 
579 596 
62 759 
194 105 
14 701 
363 93 
524 179 
731 152 
363 867 
346 184 
538 518 
731 226 
435 388 
290 387 
745 35 
363 734 
709 636 
445 389 
445 853 
709 595 
346 53 
363 290 
709 736 
546 155 
313 53 
424 595 
62 376 
363 244 
392 388 
363 446 
62 437 
731 518 
546 639 
709 105 
731 92 
524 290 
346 179 
540 870 
546 538 
363 759 
346 150 
346 491 
198 704 
538 759 
62 484 
346 443 
834 724 
39 373 
429 852 
552 92 
238 31 
62 759 
48 878 
340 393 
48 762 
345 31 
340 735 
48 105 
861 62 
39 323 
747 443 
340 66 
62 395 
233 105 
290 393 
345 387 
201 874 
290 308 
233 709 
8 759 
39 369 
678 451 
104 389 
587 736 
418 290 
39 517 
344 103 
340 443 
201 786 
226 237 
290 878 
340 40 
861 437 
324 484 
62 437 
574 691 
69 730 
122 428 
290 878 
201 329 
49 636 
8 183 
49 155 
340 389 
861 295 
202 443 
56 389 
375 62 
538 759 
62 759 
813 451 
546 389 
709 636 
861 62 
56 284 
813 867 
49 437 
8 759 
