510 320 
102 869 
91 734 
451 734 
870 734 
451 734 
451 881 
91 734 
346 734 
424 737 
243 290 
93 290 
384 2 
753 236 
753 713 
753 596 
753 897 
102 869 
93 897 
83 738 
83 739 
83 776 
83 33 
83 186 
83 53 
83 881 
93 881 
531 75 
531 320 
531 874 
268 128 
268 729 
538 881 
709 690 
709 324 
47 729 
93 881 
91 290 
19 729 
19 734 
19 206 
12 91 
478 734 
164 734 
164 99 
164 320 
383 869 
870 734 
446 290 
446 390 
47 69 
336 240 
336 96 
47 2 
336 759 
336 84 
448 450 
451 734 
83 881 
548 257 
93 881 
93 290 
510 99 
83 881 
510 320 
90 734 
18 96 
531 99 
18 240 
346 734 
268 729 
