264 31 
501 727 
405 776 
592 230 
268 492 
455 443 
405 102 
405 590 
200 362 
510 99 
255 867 
255 776 
745 69 
393 290 
221 544 
601 127 
395 867 
259 107 
137 443 
39 369 
418 786 
395 388 
295 686 
259 724 
216 627 
194 734 
274 240 
538 546 
142 387 
393 388 
424 388 
592 546 
628 854 
592 590 
592 101 
142 133 
578 831 
274 96 
153 786 
166 240 
628 706 
393 734 
274 627 
592 362 
891 60 
393 585 
891 96 
274 240 
274 387 
393 544 
142 830 
185 387 
375 241 
375 443 
19 102 
375 590 
194 387 
19 734 
47 776 
17 730 
447 242 
47 69 
90 867 
90 734 
197 242 
194 734 
405 590 
51 830 
51 387 
556 90 
828 31 
106 423 
405 776 
255 592 
870 706 
881 226 
384 2 
62 498 
833 388 
833 242 
62 292 
833 261 
63 49 
205 615 
234 789 
164 853 
739 776 
164 544 
739 149 
205 776 
62 388 
205 40 
164 323 
739 99 
164 99 
62 734 
164 362 
193 260 
39 323 
134 853 
231 881 
72 222 
231 452 
134 867 
637 498 
72 96 
637 672 
637 617 
72 240 
231 185 
72 706 
90 867 
231 308 
255 867 
630 102 
238 31 
53 672 
209 102 
891 96 
619 49 
619 853 
723 260 
637 362 
216 853 
592 126 
592 590 
637 222 
592 99 
592 362 
592 875 
592 222 
592 308 
592 292 
592 60 
405 102 
9 627 
592 105 
637 627 
375 590 
630 102 
185 126 
496 227 
618 102 
135 99 
135 362 
72 627 
135 786 
347 185 
39 593 
405 102 
39 261 
347 831 
592 92 
106 593 
592 222 
592 790 
592 183 
510 99 
592 126 
592 187 
592 627 
18 867 
9 92 
578 871 
214 31 
858 31 
39 593 
39 593 
645 895 
871 99 
204 777 
825 126 
645 521 
645 644 
106 593 
346 443 
346 240 
822 290 
346 895 
72 319 
346 544 
83 261 
822 247 
601 895 
90 240 
142 183 
90 867 
791 596 
378 686 
142 830 
142 776 
142 387 
375 241 
345 183 
345 31 
173 227 
134 895 
405 776 
870 149 
264 31 
743 99 
216 627 
578 590 
705 186 
367 443 
285 546 
193 706 
639 672 
367 230 
445 107 
753 596 
205 106 
623 157 
448 450 
756 512 
395 790 
395 442 
255 867 
623 31 
276 778 
9 627 
164 450 
119 546 
860 858 
345 31 
255 876 
383 450 
18 523 
18 708 
493 66 
9 395 
106 703 
9 179 
9 45 
9 703 
9 52 
9 431 
9 36 
9 530 
9 726 
9 251 
9 873 
634 415 
64 52 
64 887 
756 288 
319 363 
49 515 
634 362 
64 737 
39 206 
134 857 
39 517 
39 373 
747 726 
671 261 
134 197 
39 356 
891 106 
39 77 
39 156 
106 703 
39 248 
39 78 
39 628 
39 371 
39 231 
891 60 
39 129 
39 555 
739 293 
9 703 
326 446 
796 734 
747 373 
39 632 
739 91 
62 45 
72 431 
72 437 
9 726 
345 60 
62 376 
494 735 
68 395 
62 4 
395 86 
494 736 
739 878 
395 429 
494 61 
72 435 
494 329 
494 757 
494 391 
345 156 
395 766 
739 776 
72 627 
872 323 
72 706 
106 593 
62 644 
395 434 
62 875 
395 433 
62 498 
62 443 
494 443 
62 395 
72 593 
9 703 
216 627 
216 395 
39 323 
44 495 
153 363 
797 703 
132 178 
277 447 
711 589 
39 373 
834 725 
243 887 
582 102 
382 132 
418 36 
806 392 
418 493 
582 853 
418 515 
376 186 
376 876 
299 830 
142 497 
216 853 
601 732 
142 183 
276 497 
735 53 
185 102 
142 52 
9 395 
216 627 
216 395 
601 839 
276 239 
9 703 
359 97 
601 372 
9 627 
142 739 
142 776 
568 776 
290 734 
83 53 
185 387 
870 265 
645 895 
637 108 
538 296 
346 376 
645 762 
90 240 
637 856 
83 261 
510 320 
90 737 
185 126 
221 257 
83 739 
645 184 
645 51 
510 673 
64 391 
135 560 
209 102 
422 258 
135 329 
64 282 
64 435 
346 294 
346 184 
135 673 
135 557 
64 737 
630 376 
135 442 
346 53 
784 830 
318 495 
135 152 
135 91 
194 387 
135 99 
64 887 
360 264 
346 179 
227 244 
346 443 
137 424 
822 108 
802 105 
134 895 
531 91 
592 99 
531 320 
592 875 
592 540 
592 78 
564 830 
564 673 
870 636 
93 123 
93 120 
548 257 
595 830 
173 288 
93 290 
173 442 
205 229 
9 152 
173 395 
705 676 
705 445 
395 442 
193 284 
9 395 
619 895 
39 78 
705 751 
9 627 
173 442 
328 52 
193 706 
135 442 
43 153 
193 706 
756 49 
679 743 
745 538 
43 350 
679 392 
43 442 
135 706 
679 206 
679 517 
679 530 
326 673 
137 452 
72 183 
14 709 
137 759 
645 895 
14 242 
176 231 
72 627 
592 61 
9 395 
592 362 
592 632 
105 763 
9 759 
347 556 
9 52 
257 636 
130 523 
9 627 
9 183 
347 452 
392 869 
803 706 
392 395 
62 759 
62 395 
231 452 
392 86 
796 734 
1 329 
164 320 
161 117 
134 895 
274 264 
62 395 
164 323 
106 157 
394 491 
420 556 
637 703 
106 388 
536 349 
285 788 
139 641 
39 323 
49 515 
39 517 
548 154 
307 788 
725 830 
34 855 
34 287 
62 292 
307 40 
135 329 
307 247 
307 724 
825 97 
383 874 
825 855 
307 855 
57 292 
515 518 
250 495 
250 544 
250 240 
250 349 
250 892 
250 418 
216 874 
250 431 
216 627 
216 395 
515 360 
250 521 
216 739 
858 183 
83 33 
216 739 
83 739 
635 181 
367 157 
336 59 
405 776 
861 62 
405 102 
634 362 
438 6 
784 830 
438 874 
336 84 
214 31 
480 495 
395 869 
395 442 
870 240 
579 739 
579 33 
185 102 
53 672 
139 484 
579 743 
418 874 
418 515 
637 518 
395 452 
395 86 
139 247 
418 376 
346 376 
142 776 
142 443 
346 544 
346 521 
744 153 
142 874 
392 556 
295 234 
142 52 
805 391 
346 240 
392 157 
142 830 
142 739 
137 443 
141 97 
137 759 
137 102 
141 597 
141 70 
141 183 
141 92 
141 617 
137 452 
137 388 
137 703 
592 292 
592 38 
395 452 
743 362 
106 703 
307 247 
747 443 
9 703 
91 444 
9 597 
91 154 
9 92 
478 730 
422 589 
50 444 
898 236 
91 444 
383 874 
422 37 
134 895 
422 880 
494 104 
422 871 
39 242 
39 156 
432 241 
62 759 
422 251 
39 231 
447 600 
578 92 
39 68 
813 556 
784 830 
730 240 
582 851 
137 92 
307 897 
137 452 
578 92 
137 443 
307 558 
631 36 
106 703 
255 876 
719 248 
719 541 
263 734 
255 445 
739 776 
255 776 
719 294 
347 452 
871 36 
686 49 
139 748 
347 641 
347 556 
50 444 
686 778 
637 703 
592 437 
645 521 
18 867 
384 2 
592 239 
592 874 
140 106 
140 119 
18 238 
231 452 
333 420 
51 830 
645 895 
592 880 
548 119 
164 323 
420 53 
383 897 
420 829 
711 428 
164 362 
858 31 
209 236 
420 428 
383 293 
142 830 
359 126 
395 452 
548 154 
43 442 
871 521 
359 97 
548 295 
679 2 
50 154 
60 329 
307 897 
351 36 
872 323 
39 248 
243 887 
100 288 
150 760 
797 390 
39 323 
9 703 
797 703 
797 386 
637 829 
328 52 
39 437 
139 876 
872 362 
797 556 
100 260 
9 437 
348 445 
64 445 
64 391 
139 431 
274 703 
347 556 
420 829 
898 236 
91 444 
582 853 
83 355 
510 362 
420 355 
216 874 
637 437 
91 154 
494 437 
83 33 
367 443 
747 443 
91 734 
367 157 
83 53 
216 739 
135 390 
135 329 
50 444 
721 734 
686 154 
686 734 
50 154 
823 178 
705 445 
135 437 
366 282 
64 445 
141 545 
141 97 
72 431 
580 501 
753 236 
57 292 
285 6 
90 867 
285 788 
531 75 
531 362 
531 323 
283 538 
730 437 
9 349 
9 222 
134 895 
318 558 
326 437 
39 323 
62 734 
205 106 
205 417 
39 437 
62 292 
205 615 
480 880 
231 881 
619 895 
90 867 
9 880 
624 53 
62 759 
194 734 
345 31 
72 222 
39 369 
796 734 
645 895 
93 290 
843 34 
139 706 
733 31 
739 881 
822 558 
705 445 
834 545 
231 881 
326 673 
872 880 
137 443 
231 777 
733 31 
214 31 
531 880 
859 185 
224 226 
859 452 
622 31 
255 876 
141 545 
153 776 
392 157 
255 739 
709 595 
784 830 
255 776 
870 290 
392 556 
844 673 
259 724 
539 876 
209 236 
259 92 
287 357 
281 690 
287 854 
9 880 
345 183 
9 290 
345 156 
322 363 
345 40 
695 106 
783 491 
164 323 
164 362 
142 739 
164 99 
637 371 
164 895 
637 222 
347 452 
9 222 
637 290 
142 294 
142 874 
283 183 
142 830 
346 880 
347 185 
231 452 
747 236 
463 444 
898 236 
637 627 
28 52 
637 349 
637 222 
637 376 
173 437 
531 880 
243 290 
29 443 
637 875 
83 874 
637 290 
846 476 
846 617 
846 477 
555 257 
216 874 
141 477 
141 476 
83 874 
422 880 
1 329 
47 2 
72 222 
193 706 
9 880 
9 222 
283 557 
9 290 
9 437 
192 545 
9 706 
744 119 
744 40 
9 52 
631 36 
9 627 
9 36 
383 874 
710 260 
562 558 
562 92 
318 839 
494 443 
193 627 
193 518 
173 437 
898 236 
205 99 
9 627 
634 415 
198 264 
39 323 
198 787 
747 220 
47 729 
634 362 
747 241 
39 437 
422 880 
9 437 
862 55 
141 178 
141 759 
538 264 
62 759 
307 557 
307 376 
405 437 
834 545 
637 372 
141 759 
360 264 
891 290 
637 498 
345 290 
623 31 
173 437 
367 157 
63 240 
538 264 
823 516 
345 31 
637 706 
637 627 
797 556 
14 222 
858 31 
834 477 
371 618 
770 557 
134 491 
601 839 
784 830 
420 53 
142 830 
237 252 
420 881 
142 183 
237 83 
318 839 
420 868 
609 386 
141 477 
895 560 
827 257 
348 391 
90 737 
345 31 
307 557 
90 522 
72 222 
137 443 
90 240 
307 418 
255 739 
313 732 
871 392 
93 290 
214 31 
250 484 
250 521 
39 437 
172 549 
53 392 
62 498 
62 388 
623 31 
476 359 
135 673 
135 101 
803 732 
784 830 
825 126 
624 883 
825 178 
173 437 
346 53 
51 830 
870 734 
14 701 
194 734 
62 734 
285 598 
