318 558 
80 360 
9 725 
488 558 
488 90 
488 725 
510 99 
283 51 
283 184 
18 96 
12 99 
661 417 
538 559 
90 734 
686 96 
18 96 
308 743 
451 734 
18 96 
400 96 
595 830 
595 831 
488 725 
709 739 
47 450 
709 479 
47 356 
47 676 
47 128 
709 592 
635 119 
635 181 
635 672 
395 790 
395 766 
395 434 
395 386 
18 84 
686 96 
478 734 
777 541 
255 592 
777 522 
777 265 
777 357 
777 264 
777 735 
777 293 
538 264 
742 636 
742 759 
742 479 
742 261 
742 883 
742 81 
742 222 
742 546 
742 182 
742 257 
742 598 
742 775 
18 96 
400 96 
220 394 
871 392 
531 320 
673 84 
93 543 
93 598 
93 759 
93 636 
93 394 
93 222 
93 290 
705 423 
255 598 
705 282 
538 392 
538 543 
93 598 
93 543 
443 323 
164 99 
164 320 
538 543 
424 780 
478 734 
164 734 
346 895 
346 854 
346 491 
346 521 
783 491 
400 543 
686 392 
518 178 
518 431 
531 320 
871 392 
609 92 
664 734 
93 543 
91 542 
91 734 
91 290 
93 92 
686 96 
220 394 
673 84 
93 290 
18 96 
93 394 
521 239 
521 391 
239 443 
395 734 
18 84 
400 96 
673 84 
18 96 
624 53 
229 68 
313 598 
538 543 
93 598 
93 543 
83 53 
92 99 
90 734 
255 598 
538 543 
93 598 
93 543 
510 91 
510 320 
759 55 
759 759 
538 543 
47 729 
531 320 
93 543 
93 759 
870 878 
709 484 
709 357 
709 6 
18 84 
538 543 
424 737 
93 484 
93 543 
205 91 
164 320 
164 895 
225 743 
90 737 
90 867 
666 743 
91 734 
346 734 
395 867 
395 869 
510 320 
164 320 
164 734 
92 99 
555 257 
