721 247 
710 63 
281 497 
281 443 
538 490 
93 290 
346 491 
395 388 
861 295 
395 442 
861 497 
395 432 
62 388 
710 636 
395 290 
351 389 
383 293 
98 703 
81 446 
77 881 
637 703 
281 295 
861 503 
98 853 
861 418 
891 247 
106 308 
281 497 
216 497 
257 503 
892 392 
459 448 
593 484 
255 491 
328 52 
85 443 
826 492 
861 636 
593 492 
43 442 
247 515 
238 308 
9 703 
728 352 
208 288 
395 388 
255 598 
9 290 
259 388 
281 236 
593 236 
376 421 
870 265 
337 776 
154 517 
443 432 
838 244 
47 776 
250 127 
560 36 
560 896 
568 776 
291 878 
376 876 
580 282 
580 81 
90 737 
634 484 
560 884 
777 265 
237 308 
250 484 
362 90 
362 81 
362 197 
699 349 
699 2 
362 759 
362 387 
861 853 
861 197 
614 484 
645 127 
454 236 
699 443 
568 282 
14 701 
14 530 
699 747 
699 530 
637 498 
361 253 
255 598 
870 789 
509 545 
234 789 
509 290 
257 544 
255 776 
255 876 
637 220 
870 878 
14 530 
47 2 
637 412 
637 507 
472 869 
306 247 
39 789 
528 874 
472 222 
39 517 
699 530 
637 349 
580 282 
472 701 
637 786 
472 782 
62 388 
257 389 
592 349 
592 239 
592 99 
90 867 
62 759 
592 362 
48 878 
592 632 
363 867 
548 283 
435 759 
376 732 
376 598 
592 220 
166 538 
363 244 
376 736 
216 853 
592 437 
184 244 
679 432 
8 197 
395 869 
395 388 
395 442 
274 736 
360 876 
281 236 
247 515 
395 867 
592 308 
281 740 
272 50 
395 290 
8 90 
255 739 
592 183 
4 50 
592 105 
592 484 
592 63 
527 93 
592 2 
393 389 
592 388 
395 50 
250 544 
375 759 
592 491 
592 590 
592 627 
592 736 
47 69 
592 389 
592 92 
250 431 
9 876 
592 179 
592 373 
62 759 
592 4 
363 867 
592 60 
592 431 
592 206 
47 759 
592 585 
592 517 
493 179 
493 837 
592 431 
592 206 
418 36 
580 184 
592 127 
639 444 
861 252 
445 389 
39 632 
418 515 
418 484 
39 206 
445 2 
39 517 
639 672 
392 869 
637 672 
578 831 
601 732 
635 290 
193 393 
247 763 
601 129 
395 766 
527 732 
9 870 
279 2 
313 326 
43 350 
861 389 
395 434 
247 515 
639 87 
635 181 
9 543 
9 854 
725 830 
789 585 
281 740 
593 236 
313 598 
789 703 
193 740 
1 741 
200 362 
445 389 
279 428 
298 101 
47 450 
102 869 
102 71 
871 853 
313 492 
9 251 
395 429 
279 182 
313 421 
313 732 
424 890 
62 183 
634 415 
62 292 
98 389 
861 759 
62 759 
98 853 
637 220 
62 875 
384 869 
62 498 
39 78 
637 50 
44 589 
588 183 
588 871 
62 644 
588 524 
281 740 
14 701 
861 62 
237 83 
758 69 
601 372 
315 644 
105 763 
14 709 
47 759 
14 484 
637 78 
50 444 
14 326 
637 498 
187 183 
789 290 
238 75 
764 876 
237 252 
62 4 
588 591 
509 108 
509 678 
509 863 
367 444 
326 54 
509 498 
62 50 
367 446 
62 443 
83 428 
83 186 
772 524 
367 541 
593 492 
326 446 
472 556 
472 897 
418 484 
813 834 
383 222 
418 515 
510 91 
509 671 
735 737 
418 229 
735 421 
813 763 
510 362 
268 729 
268 706 
47 69 
129 94 
472 701 
510 320 
129 70 
62 484 
185 126 
129 247 
418 251 
418 752 
336 394 
870 878 
721 247 
509 387 
445 126 
268 492 
383 897 
510 130 
813 295 
384 897 
185 387 
637 108 
813 356 
383 782 
739 91 
14 484 
9 703 
725 387 
509 108 
637 108 
739 362 
637 706 
756 222 
28 106 
51 831 
185 445 
756 389 
28 182 
739 878 
448 450 
756 445 
148 182 
9 876 
185 126 
739 2 
890 709 
14 701 
255 876 
637 50 
346 644 
351 126 
580 727 
777 425 
306 247 
588 251 
98 644 
637 388 
192 93 
16 352 
376 598 
580 516 
539 492 
753 228 
346 854 
580 501 
630 418 
192 545 
348 445 
319 363 
279 182 
881 870 
154 747 
592 372 
62 50 
36 372 
22 484 
336 734 
630 737 
22 241 
279 2 
91 727 
21 424 
592 362 
592 875 
592 292 
445 126 
154 705 
417 593 
445 389 
445 2 
36 504 
359 126 
630 94 
73 241 
568 776 
48 559 
592 484 
85 443 
892 591 
62 376 
39 127 
438 229 
538 559 
345 701 
22 484 
295 234 
48 522 
22 241 
438 776 
568 222 
62 759 
62 875 
62 443 
892 81 
63 495 
62 395 
14 484 
395 290 
493 94 
371 706 
493 493 
493 36 
393 389 
756 445 
756 786 
395 394 
247 445 
630 706 
568 445 
18 897 
493 66 
50 376 
829 395 
493 389 
493 853 
247 515 
395 93 
870 390 
14 701 
346 443 
493 236 
861 418 
825 288 
250 183 
601 127 
870 179 
346 897 
250 222 
326 445 
250 443 
383 897 
861 222 
250 65 
250 127 
756 222 
825 530 
825 183 
541 152 
18 428 
870 627 
861 725 
250 713 
588 737 
588 591 
250 892 
825 326 
870 788 
870 557 
185 126 
568 445 
392 703 
861 387 
756 445 
424 780 
826 762 
371 734 
872 362 
346 544 
371 493 
346 443 
48 762 
601 127 
30 373 
30 50 
326 445 
371 443 
568 373 
250 443 
250 127 
9 530 
362 244 
826 492 
30 37 
870 734 
509 545 
362 197 
509 290 
826 390 
869 269 
30 759 
362 387 
494 329 
274 736 
362 759 
582 81 
582 251 
9 395 
362 867 
493 892 
445 126 
869 294 
509 388 
445 389 
30 126 
509 108 
362 90 
493 424 
281 504 
353 34 
281 868 
48 522 
48 96 
48 762 
48 731 
48 878 
18 428 
48 559 
826 492 
747 443 
829 395 
16 878 
62 395 
62 734 
16 706 
510 91 
255 867 
473 359 
19 734 
512 126 
363 867 
637 108 
285 598 
383 222 
480 589 
285 296 
383 786 
870 706 
564 376 
335 91 
39 373 
302 829 
257 544 
870 290 
335 99 
495 447 
838 244 
564 388 
243 290 
891 290 
637 50 
564 830 
838 515 
473 319 
838 71 
637 829 
870 395 
509 108 
132 873 
134 867 
132 178 
132 617 
538 296 
132 741 
359 126 
637 107 
395 388 
247 515 
132 705 
132 388 
247 290 
568 388 
60 572 
90 867 
384 222 
350 704 
696 357 
4 443 
350 554 
73 241 
255 598 
861 197 
148 182 
861 387 
255 867 
739 776 
148 829 
601 732 
698 153 
255 867 
62 50 
739 2 
341 478 
29 443 
363 867 
619 2 
739 91 
637 829 
257 478 
826 437 
637 704 
247 417 
522 546 
134 297 
395 869 
395 388 
870 423 
395 394 
18 897 
132 55 
237 762 
231 185 
18 843 
636 237 
48 762 
347 504 
48 878 
156 870 
347 641 
347 556 
870 643 
18 238 
347 185 
634 155 
634 362 
279 781 
243 549 
48 790 
279 776 
281 504 
279 224 
285 296 
637 703 
637 14 
637 856 
39 373 
30 97 
415 394 
415 53 
30 373 
48 762 
637 50 
30 373 
91 734 
637 636 
62 395 
756 183 
375 297 
9 107 
822 290 
30 443 
295 155 
637 6 
637 549 
601 70 
822 389 
637 349 
62 376 
756 444 
205 229 
371 618 
30 178 
205 615 
30 423 
637 741 
637 107 
756 854 
699 349 
47 546 
237 762 
822 558 
62 50 
9 870 
637 376 
756 782 
9 395 
405 491 
31 448 
435 871 
34 394 
637 181 
435 762 
770 557 
392 556 
392 703 
9 395 
435 544 
283 183 
435 636 
392 290 
637 875 
770 701 
637 498 
405 737 
637 870 
564 387 
109 349 
637 61 
637 434 
637 349 
538 296 
34 287 
299 830 
637 873 
31 757 
250 734 
65 390 
345 572 
870 878 
193 740 
359 97 
628 502 
870 636 
1 741 
65 132 
345 376 
1 329 
628 832 
50 154 
509 498 
472 701 
870 290 
472 782 
91 154 
592 875 
472 869 
247 290 
91 734 
819 791 
887 251 
47 636 
367 224 
117 394 
509 70 
50 444 
91 444 
472 222 
416 782 
813 295 
892 637 
233 870 
318 897 
892 335 
153 557 
445 637 
166 389 
313 421 
892 155 
313 732 
8 197 
395 790 
892 124 
630 418 
313 105 
345 290 
62 50 
395 394 
153 498 
193 284 
345 498 
844 154 
336 394 
313 326 
393 290 
62 875 
153 776 
153 886 
193 740 
313 269 
395 734 
416 178 
892 81 
313 598 
313 294 
556 197 
719 248 
47 776 
719 541 
281 740 
637 637 
593 236 
9 155 
582 389 
627 617 
3 90 
8 387 
347 740 
363 219 
85 443 
3 490 
521 236 
3 197 
363 244 
803 737 
637 672 
281 295 
3 662 
8 244 
555 549 
363 855 
803 672 
8 197 
803 502 
747 105 
8 96 
582 81 
393 734 
281 236 
735 53 
39 248 
85 546 
257 544 
47 546 
237 762 
747 105 
135 491 
313 740 
3 775 
735 53 
204 243 
383 636 
8 662 
829 395 
384 2 
194 105 
296 498 
223 388 
204 867 
135 390 
281 740 
47 2 
747 443 
204 448 
204 308 
383 897 
738 154 
243 549 
347 740 
383 556 
383 782 
296 45 
47 224 
274 183 
8 90 
510 91 
223 206 
132 741 
8 244 
881 870 
204 871 
135 484 
362 244 
362 538 
392 388 
362 81 
886 526 
362 197 
164 853 
589 106 
371 741 
509 498 
362 759 
362 387 
164 544 
134 81 
11 50 
747 50 
11 880 
231 308 
204 349 
392 556 
134 637 
164 155 
346 853 
392 290 
346 897 
446 290 
718 618 
383 556 
383 897 
446 80 
57 292 
164 99 
383 546 
164 81 
164 637 
164 320 
4 50 
376 886 
39 206 
60 600 
4 443 
590 757 
30 97 
30 50 
29 443 
346 897 
60 365 
104 637 
83 53 
346 269 
346 897 
346 240 
346 880 
345 387 
250 443 
383 897 
250 96 
346 895 
346 376 
250 734 
870 789 
195 70 
346 544 
775 876 
90 867 
346 443 
250 61 
71 105 
885 247 
740 516 
585 324 
345 290 
62 292 
18 897 
62 388 
601 853 
93 863 
93 290 
62 376 
62 183 
62 759 
62 498 
437 86 
437 637 
209 295 
592 880 
209 541 
592 870 
592 124 
237 308 
627 206 
679 2 
790 740 
172 549 
264 31 
395 388 
257 544 
435 871 
384 2 
435 867 
153 886 
395 446 
306 247 
49 515 
124 389 
383 556 
326 446 
383 222 
336 245 
480 880 
22 241 
9 870 
336 59 
392 556 
716 851 
384 2 
345 31 
47 2 
813 295 
538 490 
209 295 
538 662 
803 236 
716 103 
733 31 
733 178 
509 863 
463 555 
472 546 
276 105 
276 436 
276 497 
98 389 
255 776 
255 867 
346 443 
472 782 
472 636 
447 308 
363 86 
447 600 
193 740 
160 734 
276 239 
363 867 
346 897 
276 868 
347 556 
844 360 
715 886 
243 549 
347 740 
472 556 
472 897 
255 886 
276 236 
472 222 
350 874 
85 443 
255 552 
166 538 
39 206 
737 290 
510 99 
510 320 
805 2 
637 290 
39 831 
18 897 
715 363 
129 247 
715 132 
166 240 
90 867 
756 876 
14 701 
19 734 
243 290 
39 555 
715 524 
363 867 
19 206 
173 443 
144 618 
39 789 
362 867 
1 741 
898 236 
805 740 
715 290 
193 740 
362 867 
764 876 
285 598 
216 497 
209 394 
529 90 
156 394 
637 703 
90 737 
375 269 
156 105 
891 247 
891 290 
375 880 
90 702 
285 394 
363 867 
9 876 
281 236 
203 31 
50 360 
383 636 
39 78 
382 132 
383 897 
3 90 
383 874 
3 244 
39 206 
153 702 
3 78 
509 290 
680 101 
785 387 
564 446 
4 443 
562 886 
562 490 
592 324 
562 776 
18 867 
375 880 
635 70 
562 760 
98 853 
705 319 
592 356 
437 86 
562 870 
257 853 
592 851 
281 740 
437 690 
363 867 
153 886 
509 70 
637 875 
19 206 
562 873 
562 247 
592 880 
562 70 
564 376 
872 365 
562 70 
604 730 
90 868 
121 446 
637 376 
637 206 
891 290 
173 290 
872 880 
121 226 
844 360 
367 541 
838 515 
870 636 
333 420 
539 637 
39 206 
424 394 
363 446 
367 446 
395 394 
9 870 
247 515 
367 443 
135 390 
870 390 
582 389 
9 703 
582 853 
464 349 
93 863 
62 734 
376 886 
93 894 
93 290 
376 736 
637 703 
345 290 
756 876 
50 360 
804 510 
376 516 
829 395 
173 290 
9 395 
345 31 
153 886 
173 290 
257 443 
546 637 
346 853 
802 546 
257 853 
885 247 
255 886 
383 556 
123 287 
255 598 
744 153 
313 245 
562 391 
313 105 
214 31 
313 776 
592 373 
135 748 
384 636 
231 308 
135 560 
562 870 
435 636 
509 70 
313 598 
135 673 
135 258 
313 269 
135 435 
135 557 
892 637 
747 373 
313 186 
562 70 
562 247 
803 236 
237 600 
362 244 
448 450 
313 701 
362 435 
435 436 
851 424 
637 617 
562 391 
747 391 
822 247 
562 558 
347 518 
637 117 
91 424 
91 444 
546 673 
739 91 
705 751 
844 360 
823 359 
245 308 
56 94 
245 417 
53 597 
39 373 
443 386 
823 673 
739 2 
715 132 
383 450 
132 319 
601 839 
30 373 
132 108 
891 560 
415 53 
387 418 
424 738 
164 323 
132 617 
132 782 
233 870 
833 240 
833 643 
50 757 
247 417 
375 319 
132 741 
833 858 
164 637 
634 415 
164 320 
833 60 
250 349 
31 757 
250 418 
833 641 
858 757 
833 391 
164 738 
833 445 
833 81 
134 197 
536 349 
833 282 
164 544 
833 691 
250 701 
881 870 
552 751 
838 244 
303 855 
19 787 
346 546 
50 757 
34 287 
564 376 
287 854 
98 49 
314 49 
314 854 
314 179 
499 220 
18 60 
281 504 
709 595 
345 60 
30 597 
345 376 
445 2 
11 880 
870 390 
34 282 
1 741 
825 97 
825 126 
801 788 
801 294 
801 106 
39 323 
801 150 
39 370 
39 448 
47 546 
14 701 
710 701 
4 858 
710 558 
710 727 
710 557 
580 282 
829 855 
710 749 
91 727 
805 282 
383 738 
392 869 
578 780 
285 296 
153 448 
395 442 
578 831 
822 108 
193 59 
868 442 
64 391 
637 220 
395 386 
578 92 
578 7 
392 157 
395 858 
813 295 
637 108 
326 391 
539 637 
813 370 
285 598 
680 127 
637 870 
472 897 
255 81 
699 747 
680 81 
637 775 
472 222 
637 38 
392 869 
472 546 
255 445 
53 597 
631 295 
255 598 
637 376 
595 831 
699 349 
699 2 
472 701 
844 782 
472 636 
472 782 
472 869 
680 222 
680 498 
802 546 
802 706 
384 897 
18 708 
564 376 
93 120 
392 869 
415 492 
564 446 
695 858 
18 843 
424 703 
509 498 
250 585 
383 869 
250 897 
62 498 
383 157 
509 117 
619 49 
838 81 
628 672 
509 70 
346 294 
268 492 
509 108 
509 858 
102 869 
326 446 
679 445 
39 370 
383 703 
93 863 
538 296 
376 876 
363 446 
509 863 
4 492 
362 244 
285 296 
392 869 
362 197 
362 81 
562 391 
285 512 
395 442 
392 703 
868 442 
209 597 
392 157 
562 92 
19 492 
562 70 
562 247 
395 858 
637 108 
326 446 
229 319 
424 703 
375 294 
371 390 
347 504 
743 349 
743 350 
395 446 
564 673 
556 197 
546 673 
255 81 
805 492 
102 869 
510 91 
637 349 
363 390 
756 445 
564 446 
637 703 
510 320 
546 538 
395 394 
637 376 
719 349 
432 241 
556 90 
394 637 
132 319 
28 776 
745 538 
10 391 
537 572 
132 108 
526 843 
124 839 
281 504 
132 873 
10 293 
132 782 
564 376 
10 757 
495 59 
28 182 
418 229 
50 757 
637 873 
148 182 
637 376 
418 251 
283 376 
472 869 
148 673 
14 701 
283 538 
283 221 
710 418 
60 597 
3 90 
472 897 
637 108 
747 241 
375 241 
635 585 
826 492 
50 376 
192 545 
18 843 
392 703 
62 498 
826 431 
635 108 
760 108 
92 91 
826 701 
62 376 
62 510 
281 690 
50 154 
9 873 
123 287 
9 431 
383 703 
415 492 
336 84 
373 394 
3 78 
424 703 
250 431 
621 749 
54 45 
336 394 
250 585 
383 869 
250 701 
556 90 
250 897 
856 323 
3 759 
383 157 
415 394 
825 786 
3 90 
117 394 
637 498 
637 133 
637 78 
635 594 
510 445 
50 154 
363 244 
637 703 
637 376 
435 244 
314 49 
296 498 
733 394 
392 703 
164 94 
872 323 
202 390 
255 46 
743 349 
209 597 
220 394 
803 197 
510 673 
164 323 
164 81 
209 394 
538 296 
392 869 
164 637 
164 320 
802 736 
255 445 
198 2 
395 394 
899 593 
802 152 
85 154 
395 394 
803 502 
369 748 
180 152 
39 77 
22 241 
588 871 
180 386 
865 293 
39 231 
39 323 
614 843 
220 394 
291 394 
134 593 
747 154 
43 68 
180 117 
865 593 
34 287 
801 294 
457 883 
362 244 
799 782 
799 184 
865 484 
362 197 
799 52 
362 81 
562 391 
799 858 
637 437 
865 242 
705 445 
362 759 
735 53 
799 786 
799 762 
799 530 
191 242 
457 560 
799 726 
799 507 
34 445 
799 593 
314 94 
799 484 
799 197 
799 491 
562 873 
892 81 
799 437 
250 187 
382 132 
628 502 
392 157 
392 498 
346 294 
346 184 
392 373 
392 86 
50 395 
65 132 
346 53 
392 179 
92 319 
92 373 
238 221 
392 766 
65 184 
392 735 
92 242 
65 221 
392 395 
275 221 
275 2 
92 297 
92 596 
861 197 
275 644 
346 491 
861 521 
630 644 
392 324 
392 92 
392 703 
539 759 
432 241 
275 512 
393 585 
285 394 
635 108 
132 108 
134 593 
84 293 
132 741 
754 492 
134 297 
89 498 
432 102 
134 197 
285 6 
376 598 
18 523 
47 6 
47 492 
18 55 
395 394 
472 786 
472 701 
395 766 
383 507 
472 782 
395 386 
395 858 
472 507 
70 839 
472 897 
453 593 
279 182 
510 870 
279 2 
279 776 
318 839 
593 492 
91 152 
91 154 
285 394 
395 703 
4 858 
93 123 
93 222 
4 492 
347 452 
518 431 
4 294 
216 247 
498 492 
9 395 
743 179 
281 264 
205 417 
705 308 
392 179 
865 593 
395 452 
392 869 
205 229 
392 766 
255 598 
192 703 
538 264 
250 431 
392 703 
250 897 
829 395 
9 395 
250 701 
601 839 
48 878 
255 876 
601 853 
346 294 
825 260 
739 293 
346 184 
420 94 
8 759 
437 244 
8 244 
392 395 
153 786 
797 504 
437 690 
132 108 
871 521 
132 394 
271 106 
90 867 
9 395 
359 881 
216 627 
216 395 
135 390 
739 91 
135 673 
797 703 
797 386 
9 627 
871 853 
564 376 
362 244 
135 152 
739 878 
216 853 
362 197 
362 81 
135 484 
739 2 
135 748 
362 759 
216 738 
4 294 
9 395 
62 759 
216 395 
62 498 
62 644 
62 395 
306 247 
50 395 
510 91 
801 294 
753 236 
870 726 
623 157 
531 323 
345 152 
39 127 
392 395 
83 701 
346 644 
39 323 
345 92 
362 867 
392 498 
445 853 
564 759 
14 484 
64 394 
803 236 
345 701 
448 450 
803 502 
64 594 
134 197 
345 498 
14 701 
383 157 
384 157 
756 876 
353 786 
347 504 
237 308 
803 701 
580 727 
237 452 
546 673 
803 96 
363 244 
580 282 
153 594 
347 452 
255 867 
281 236 
353 523 
62 498 
827 77 
62 644 
250 484 
347 185 
250 644 
281 504 
562 247 
250 96 
803 236 
418 484 
418 229 
83 355 
803 96 
8 244 
250 502 
8 197 
803 502 
353 308 
539 759 
274 96 
733 394 
22 241 
539 876 
346 491 
134 197 
592 179 
392 556 
592 61 
8 662 
231 308 
592 502 
62 759 
592 222 
326 673 
62 498 
592 308 
592 206 
392 498 
592 182 
592 127 
8 759 
564 222 
231 452 
592 220 
3 244 
592 484 
764 876 
592 81 
239 857 
538 662 
333 386 
592 776 
3 197 
134 857 
753 236 
592 491 
3 545 
552 133 
274 244 
8 244 
347 452 
592 242 
8 197 
592 627 
592 133 
3 78 
362 244 
346 258 
346 150 
822 247 
803 672 
62 484 
326 673 
838 244 
422 258 
19 206 
801 150 
564 673 
803 236 
813 370 
592 585 
592 415 
274 206 
592 484 
562 247 
592 2 
592 258 
753 236 
592 491 
8 244 
203 887 
592 870 
797 556 
592 133 
802 152 
281 236 
592 92 
592 556 
592 324 
580 644 
216 247 
592 673 
255 876 
592 790 
592 735 
326 673 
592 540 
592 394 
592 431 
592 53 
833 644 
472 869 
562 92 
449 105 
833 853 
579 355 
346 240 
43 53 
43 92 
637 108 
281 504 
346 53 
562 247 
346 376 
45 247 
753 236 
833 858 
892 743 
637 703 
18 96 
797 556 
579 739 
346 258 
803 295 
472 701 
346 491 
216 247 
346 40 
630 644 
362 759 
281 236 
39 77 
592 556 
592 673 
346 644 
326 673 
797 504 
148 182 
274 96 
499 627 
803 632 
777 264 
783 491 
9 179 
777 735 
803 236 
803 96 
18 96 
518 540 
764 446 
499 241 
518 431 
346 544 
345 152 
623 157 
899 593 
630 644 
345 40 
345 498 
281 236 
83 701 
861 644 
257 644 
345 92 
72 593 
48 491 
345 376 
861 260 
861 376 
345 701 
809 391 
83 355 
39 127 
346 491 
156 105 
528 876 
494 491 
592 260 
592 431 
592 632 
825 260 
592 127 
592 105 
592 258 
592 491 
592 241 
353 92 
592 627 
592 92 
353 308 
592 556 
592 179 
592 673 
630 418 
528 491 
92 242 
250 431 
250 585 
801 150 
92 91 
250 644 
822 240 
822 247 
255 593 
255 491 
346 150 
257 644 
383 869 
346 897 
825 97 
744 224 
742 546 
285 546 
742 598 
742 428 
438 897 
37 776 
237 452 
395 452 
438 546 
518 540 
518 431 
438 498 
630 644 
395 394 
438 738 
639 220 
257 644 
438 776 
274 598 
83 428 
395 867 
237 308 
153 40 
37 786 
395 887 
803 701 
153 40 
472 556 
472 897 
472 222 
65 184 
472 546 
472 786 
472 701 
472 869 
538 759 
405 319 
538 743 
747 220 
805 282 
346 184 
842 701 
346 546 
873 589 
326 638 
405 491 
538 264 
873 182 
464 595 
464 265 
156 394 
250 892 
797 556 
250 240 
250 431 
231 308 
250 701 
797 492 
250 897 
9 179 
464 128 
592 220 
592 242 
592 179 
592 222 
237 308 
592 540 
592 308 
363 867 
592 517 
346 240 
586 241 
346 491 
580 51 
135 491 
135 786 
3 759 
3 244 
582 240 
486 538 
3 662 
719 249 
3 224 
589 106 
346 491 
539 738 
8 662 
231 308 
494 491 
747 242 
259 92 
148 589 
281 242 
281 628 
384 222 
494 308 
803 737 
527 236 
424 737 
737 238 
538 662 
221 887 
499 241 
538 759 
383 222 
91 152 
383 738 
347 452 
510 870 
281 236 
39 242 
747 484 
39 628 
871 392 
747 242 
871 484 
220 394 
308 236 
231 452 
39 594 
546 673 
39 517 
281 628 
8 244 
546 895 
275 221 
275 2 
39 373 
39 831 
275 644 
546 880 
546 81 
744 224 
255 598 
395 394 
274 737 
200 388 
395 433 
62 644 
39 628 
747 242 
395 556 
3 759 
255 592 
3 244 
395 452 
803 737 
3 662 
3 224 
744 896 
62 759 
637 507 
744 512 
345 392 
9 224 
376 598 
735 737 
376 876 
424 388 
376 672 
376 595 
696 392 
32 738 
791 881 
47 592 
274 737 
85 492 
734 881 
8 851 
803 737 
216 738 
85 154 
8 662 
39 242 
803 595 
705 676 
538 759 
274 737 
747 242 
34 282 
579 355 
281 242 
579 260 
538 662 
833 594 
833 224 
833 517 
833 152 
735 851 
592 373 
636 205 
29 484 
590 222 
833 644 
709 592 
592 308 
833 388 
592 230 
709 636 
833 242 
592 517 
709 595 
281 242 
592 484 
494 308 
592 491 
592 242 
592 870 
592 241 
592 388 
592 556 
592 851 
592 431 
495 183 
90 737 
495 737 
472 507 
472 222 
472 546 
405 491 
472 786 
472 676 
90 737 
472 701 
274 737 
472 636 
405 776 
495 4 
495 737 
405 737 
472 556 
472 897 
274 183 
370 388 
531 323 
274 737 
495 737 
783 491 
347 556 
48 790 
424 388 
454 236 
347 452 
538 264 
384 507 
438 676 
438 738 
639 220 
777 264 
237 308 
39 323 
438 40 
777 595 
39 594 
39 632 
237 452 
384 222 
39 517 
438 392 
62 4 
472 222 
580 282 
62 183 
495 183 
580 644 
5 596 
237 83 
472 556 
346 546 
255 867 
39 242 
803 595 
521 741 
871 484 
341 479 
8 759 
395 452 
395 790 
395 388 
255 867 
185 126 
347 556 
237 452 
347 452 
395 452 
383 507 
510 870 
173 183 
383 636 
383 224 
60 596 
805 282 
60 597 
257 479 
383 556 
805 492 
472 556 
237 452 
472 507 
472 546 
472 636 
336 59 
363 867 
90 867 
807 516 
447 388 
807 730 
807 359 
538 759 
53 152 
