62 437 
592 870 
264 31 
196 53 
412 637 
313 105 
237 762 
375 62 
860 858 
850 388 
832 58 
592 585 
334 395 
437 852 
239 155 
898 236 
334 395 
619 94 
379 290 
831 641 
244 589 
237 34 
149 639 
592 103 
345 290 
62 759 
861 644 
345 31 
831 39 
313 730 
103 237 
494 103 
345 92 
193 740 
220 394 
549 388 
345 387 
83 53 
250 389 
102 869 
8 759 
508 742 
345 492 
103 387 
103 443 
333 386 
253 791 
253 40 
313 245 
313 732 
250 364 
103 92 
677 290 
549 572 
103 290 
103 491 
313 150 
677 245 
677 387 
622 572 
435 244 
435 762 
193 59 
83 732 
745 538 
8 412 
221 428 
193 493 
48 762 
839 244 
83 33 
870 878 
389 636 
345 92 
435 759 
83 186 
709 636 
345 387 
435 852 
83 730 
745 878 
48 326 
49 437 
677 443 
103 387 
622 31 
772 150 
193 389 
49 636 
745 387 
392 869 
435 290 
560 245 
625 150 
340 40 
560 290 
428 387 
395 869 
747 726 
826 762 
560 767 
864 443 
53 55 
149 519 
623 31 
359 734 
395 433 
48 762 
48 878 
48 105 
395 867 
395 734 
777 595 
317 40 
395 858 
826 50 
428 878 
759 759 
777 293 
521 236 
418 290 
51 387 
826 388 
435 734 
521 443 
674 867 
747 394 
435 95 
127 363 
39 692 
735 53 
435 762 
521 239 
362 767 
193 36 
149 759 
560 295 
452 39 
860 858 
492 690 
772 524 
452 45 
709 690 
674 732 
126 159 
709 636 
48 762 
41 324 
351 443 
362 867 
672 388 
452 711 
709 690 
362 758 
362 90 
100 789 
374 387 
284 448 
193 55 
43 152 
364 90 
345 290 
540 870 
540 328 
540 444 
362 759 
284 732 
642 31 
508 149 
418 240 
203 31 
822 108 
109 240 
48 522 
109 704 
515 360 
345 31 
418 152 
745 35 
110 726 
418 36 
48 149 
418 874 
47 450 
418 221 
109 50 
328 52 
418 290 
753 35 
576 443 
287 854 
109 443 
187 538 
48 240 
187 376 
629 34 
249 325 
345 572 
1 325 
445 389 
166 538 
1 329 
859 452 
112 185 
705 40 
705 102 
705 106 
882 870 
124 389 
53 357 
882 484 
444 394 
234 789 
674 448 
133 592 
133 636 
444 183 
882 759 
444 105 
204 448 
352 150 
747 874 
204 361 
444 94 
674 867 
444 186 
674 727 
444 868 
133 158 
547 152 
418 96 
547 726 
547 360 
870 789 
234 789 
547 594 
351 36 
870 376 
418 240 
62 484 
870 290 
270 519 
870 437 
870 60 
547 388 
870 36 
234 36 
870 391 
418 36 
270 694 
547 373 
882 365 
588 290 
418 484 
870 395 
870 706 
424 735 
418 393 
127 389 
149 183 
64 737 
193 102 
452 787 
645 762 
743 99 
495 59 
308 290 
743 484 
826 762 
645 240 
645 644 
578 831 
435 762 
321 100 
645 853 
890 709 
526 843 
190 389 
363 867 
495 443 
645 184 
706 736 
645 393 
588 392 
363 734 
351 443 
190 365 
56 393 
418 36 
776 230 
56 284 
709 636 
709 868 
861 362 
250 96 
314 55 
546 240 
50 55 
418 290 
418 393 
190 284 
122 428 
637 704 
51 387 
546 245 
776 150 
546 538 
861 94 
56 389 
418 240 
667 443 
861 644 
546 637 
193 36 
743 854 
861 728 
239 290 
353 393 
353 34 
90 867 
418 240 
352 230 
870 878 
588 762 
851 102 
418 36 
776 395 
124 389 
334 395 
445 389 
582 389 
861 52 
588 290 
861 437 
445 762 
861 376 
861 36 
861 724 
418 290 
870 726 
870 789 
418 389 
861 295 
861 63 
861 197 
633 36 
592 736 
49 704 
592 103 
193 284 
93 295 
193 393 
124 757 
592 324 
93 394 
424 389 
343 53 
424 737 
93 102 
592 292 
93 152 
49 437 
62 734 
93 484 
418 515 
343 855 
193 706 
364 45 
62 437 
62 376 
363 734 
418 874 
582 240 
343 94 
583 185 
239 183 
576 290 
870 788 
363 855 
41 736 
363 759 
363 852 
43 419 
363 867 
121 226 
576 704 
270 572 
205 443 
871 484 
49 290 
333 420 
250 96 
205 50 
269 96 
49 788 
250 240 
49 704 
897 153 
269 240 
592 93 
205 40 
881 365 
744 153 
237 762 
190 594 
49 183 
744 222 
776 295 
776 418 
49 515 
190 158 
352 295 
332 420 
619 521 
352 418 
813 370 
190 94 
8 90 
49 495 
753 35 
344 103 
778 376 
776 93 
269 90 
445 393 
49 515 
776 876 
49 876 
383 782 
383 874 
744 155 
744 240 
269 96 
776 515 
121 446 
776 95 
308 290 
270 55 
383 738 
881 388 
492 393 
492 392 
870 437 
494 104 
49 182 
492 389 
62 759 
668 91 
445 393 
115 851 
49 515 
239 433 
49 437 
308 236 
115 572 
115 45 
115 702 
193 389 
198 443 
494 736 
198 853 
111 422 
114 222 
198 158 
100 789 
336 392 
198 704 
100 592 
153 421 
48 762 
100 869 
336 592 
250 521 
114 387 
198 787 
494 443 
198 50 
420 53 
624 701 
580 788 
100 735 
580 727 
153 363 
548 295 
341 96 
580 101 
445 853 
114 517 
669 60 
198 443 
250 853 
560 592 
494 735 
669 50 
580 501 
382 52 
579 738 
198 853 
728 101 
743 362 
340 443 
395 443 
395 388 
560 791 
579 598 
645 521 
579 739 
560 852 
579 33 
133 592 
198 704 
580 443 
382 56 
384 179 
334 197 
153 786 
201 517 
579 730 
669 360 
153 55 
340 735 
420 428 
250 484 
100 498 
221 428 
270 131 
445 45 
14 701 
98 49 
435 867 
560 295 
560 387 
786 244 
98 855 
270 370 
709 592 
418 495 
445 133 
669 387 
253 128 
418 515 
424 735 
418 393 
39 517 
435 361 
98 703 
98 99 
98 392 
270 390 
435 35 
435 95 
127 94 
181 372 
125 757 
560 767 
435 762 
616 701 
616 152 
540 40 
121 424 
93 295 
39 156 
93 759 
121 421 
224 226 
125 90 
49 515 
93 152 
435 767 
639 444 
288 831 
14 242 
159 94 
547 152 
93 290 
227 295 
772 328 
93 870 
619 853 
185 445 
104 393 
616 373 
125 587 
601 521 
576 704 
616 242 
579 419 
619 762 
619 49 
745 35 
490 711 
5 594 
125 197 
382 426 
578 386 
898 236 
624 701 
512 387 
382 222 
198 853 
346 183 
258 50 
14 519 
751 155 
522 55 
579 598 
435 35 
578 831 
189 130 
346 150 
871 91 
198 704 
346 443 
578 590 
435 295 
14 701 
338 740 
812 388 
48 762 
445 393 
48 521 
548 295 
492 736 
418 515 
31 389 
445 94 
735 855 
492 392 
583 766 
492 393 
90 388 
601 732 
812 290 
826 762 
30 240 
102 789 
601 129 
826 56 
826 387 
30 221 
601 372 
445 158 
826 392 
30 242 
826 50 
826 538 
826 491 
30 387 
30 45 
540 444 
30 431 
30 443 
114 61 
540 328 
114 421 
359 242 
627 55 
185 102 
153 421 
62 498 
185 45 
185 387 
519 538 
285 296 
250 240 
870 734 
51 292 
369 452 
382 56 
826 431 
677 538 
578 495 
31 94 
94 386 
239 417 
250 443 
507 425 
578 510 
578 871 
341 125 
826 443 
578 238 
250 734 
870 789 
637 704 
234 789 
367 446 
239 290 
201 370 
367 50 
578 186 
62 50 
153 492 
98 49 
76 126 
367 443 
392 290 
512 126 
826 395 
153 40 
791 52 
62 734 
239 857 
392 412 
153 702 
239 5 
392 735 
492 6 
418 393 
250 713 
831 237 
445 831 
601 424 
772 328 
418 290 
234 789 
634 50 
250 418 
554 642 
578 831 
831 328 
378 389 
546 538 
634 484 
250 701 
250 183 
381 40 
445 393 
395 867 
250 50 
601 127 
831 39 
363 867 
578 830 
226 55 
578 7 
363 734 
634 518 
395 734 
871 296 
250 96 
548 156 
30 126 
250 187 
634 155 
51 831 
445 389 
86 50 
812 874 
812 387 
250 65 
345 492 
424 735 
619 389 
333 386 
93 290 
62 376 
250 495 
637 741 
313 732 
492 393 
128 179 
250 424 
250 431 
62 759 
812 126 
619 49 
93 152 
674 4 
313 150 
776 295 
833 644 
313 730 
776 418 
49 515 
619 762 
833 187 
313 598 
384 450 
313 433 
512 597 
745 35 
352 295 
870 125 
512 706 
870 179 
49 290 
424 451 
512 426 
345 387 
352 150 
381 788 
313 186 
5 594 
512 45 
159 94 
507 639 
619 853 
745 387 
49 495 
384 492 
353 55 
892 854 
870 293 
833 858 
381 3 
870 843 
381 291 
384 183 
546 639 
49 704 
65 221 
313 245 
313 701 
870 789 
776 150 
512 97 
601 732 
345 290 
313 732 
546 538 
745 183 
833 641 
114 421 
313 740 
185 126 
384 636 
870 290 
546 515 
313 326 
637 58 
193 393 
494 61 
870 423 
47 492 
270 373 
40 94 
226 222 
40 389 
283 376 
490 443 
745 538 
319 363 
431 45 
283 183 
635 181 
47 183 
353 786 
601 127 
283 390 
431 426 
445 393 
100 868 
595 830 
635 829 
283 538 
62 395 
381 743 
51 158 
226 387 
40 205 
371 706 
445 853 
637 829 
645 127 
515 443 
65 132 
51 830 
172 179 
381 3 
49 788 
40 245 
100 789 
283 380 
637 704 
445 705 
40 585 
418 393 
188 99 
435 222 
341 125 
492 393 
181 372 
49 183 
418 240 
384 2 
226 242 
633 728 
48 731 
48 878 
435 867 
100 735 
104 49 
43 419 
47 2 
892 392 
359 97 
517 236 
226 179 
519 2 
517 443 
418 515 
445 831 
47 743 
418 290 
49 290 
49 437 
582 853 
870 125 
627 221 
418 515 
745 380 
418 290 
71 705 
870 293 
870 434 
357 443 
636 678 
870 240 
315 694 
870 290 
870 437 
71 387 
627 107 
134 637 
247 515 
870 878 
395 433 
49 515 
382 132 
315 644 
445 853 
851 61 
678 451 
507 639 
55 284 
418 393 
418 515 
551 325 
62 510 
285 296 
384 639 
546 639 
678 62 
707 92 
196 705 
204 871 
851 445 
678 395 
851 104 
445 152 
55 389 
204 867 
62 388 
445 393 
226 706 
150 443 
202 240 
515 360 
100 498 
445 290 
153 40 
226 642 
204 448 
83 636 
205 40 
345 178 
83 33 
270 694 
709 592 
424 737 
345 92 
193 740 
83 419 
429 95 
745 35 
83 730 
709 636 
424 451 
83 53 
30 126 
205 91 
253 50 
193 102 
338 126 
424 240 
345 492 
193 706 
71 443 
418 393 
345 152 
359 443 
51 831 
49 636 
864 593 
578 677 
48 393 
429 852 
193 393 
363 95 
578 831 
383 2 
731 448 
83 701 
193 284 
83 738 
51 7 
153 103 
445 245 
345 450 
62 759 
389 592 
48 878 
98 49 
270 372 
185 126 
3 518 
39 156 
346 150 
247 515 
393 290 
618 388 
200 101 
351 637 
812 853 
752 843 
363 867 
395 386 
363 93 
39 703 
153 735 
435 388 
834 389 
812 874 
669 443 
3 197 
424 388 
445 637 
359 126 
120 874 
448 450 
3 412 
120 105 
678 869 
3 498 
834 724 
395 443 
395 388 
65 293 
424 675 
870 293 
345 390 
412 637 
870 734 
435 35 
578 831 
190 594 
432 782 
393 734 
435 762 
55 389 
134 637 
271 106 
776 93 
432 101 
389 592 
14 701 
447 741 
388 538 
348 674 
247 437 
44 297 
435 869 
100 869 
56 393 
190 389 
777 425 
582 389 
462 675 
56 284 
43 53 
3 90 
104 637 
389 736 
445 853 
777 293 
870 706 
84 293 
104 389 
881 421 
247 704 
247 417 
578 376 
435 734 
187 60 
70 290 
777 293 
546 673 
492 736 
181 594 
560 128 
39 290 
424 412 
461 434 
560 245 
494 101 
193 706 
51 831 
70 389 
8 90 
187 538 
637 703 
461 388 
492 393 
187 150 
870 789 
887 392 
173 36 
291 242 
315 694 
429 852 
249 325 
64 437 
345 295 
560 852 
249 394 
345 389 
560 61 
710 65 
173 50 
8 412 
173 393 
873 678 
546 389 
363 93 
49 515 
710 63 
100 498 
290 393 
58 394 
44 495 
445 393 
781 701 
375 150 
833 96 
851 102 
418 36 
495 443 
317 40 
291 308 
378 686 
833 730 
834 389 
291 394 
813 703 
173 227 
47 729 
418 515 
833 240 
645 127 
540 678 
434 290 
833 363 
375 443 
445 521 
833 517 
495 60 
173 671 
64 491 
823 673 
153 492 
833 391 
825 103 
243 293 
315 640 
745 538 
173 423 
315 183 
834 484 
579 596 
579 730 
495 685 
833 644 
345 290 
412 572 
83 701 
249 394 
686 49 
221 428 
346 644 
678 152 
346 443 
887 49 
877 394 
813 412 
83 636 
823 152 
512 126 
478 546 
592 308 
351 637 
678 850 
345 61 
592 53 
619 49 
224 226 
442 226 
47 496 
592 292 
887 240 
346 240 
83 730 
315 644 
445 290 
494 103 
202 448 
812 45 
512 226 
126 105 
375 591 
224 387 
50 444 
315 596 
813 52 
636 443 
579 546 
592 105 
224 767 
418 484 
224 510 
592 484 
507 639 
351 45 
249 102 
50 55 
686 392 
418 290 
71 705 
44 36 
886 447 
173 36 
126 103 
65 51 
887 392 
315 851 
194 705 
83 546 
887 703 
522 55 
592 103 
118 850 
346 521 
521 443 
359 126 
98 392 
371 850 
592 870 
686 290 
371 387 
678 387 
371 741 
820 99 
592 92 
435 158 
156 105 
359 387 
686 49 
202 390 
346 644 
98 49 
192 157 
745 546 
495 40 
678 197 
435 448 
601 127 
495 676 
435 388 
371 443 
346 240 
418 495 
250 187 
669 443 
371 706 
577 394 
592 105 
669 60 
686 392 
678 708 
686 734 
662 444 
764 736 
662 543 
71 705 
353 55 
870 293 
492 392 
250 495 
492 393 
870 789 
83 546 
662 388 
102 789 
675 448 
192 545 
662 394 
121 424 
83 159 
83 739 
662 60 
173 393 
592 850 
662 154 
121 421 
121 226 
353 50 
173 389 
348 101 
678 393 
1 741 
348 102 
618 154 
861 197 
861 728 
861 644 
861 389 
861 99 
861 240 
861 52 
861 36 
861 724 
861 63 
30 547 
826 50 
494 61 
826 56 
870 547 
747 50 
247 515 
334 197 
326 674 
243 290 
334 389 
334 388 
184 850 
521 236 
521 443 
871 99 
752 154 
789 428 
193 393 
592 673 
812 388 
592 178 
731 850 
193 36 
644 672 
825 540 
592 182 
185 387 
709 125 
127 205 
777 293 
678 451 
193 706 
709 425 
592 220 
538 40 
538 412 
221 290 
422 594 
870 789 
592 736 
341 125 
709 874 
592 590 
592 358 
592 133 
721 590 
592 372 
422 585 
592 874 
194 105 
134 637 
592 540 
592 875 
34 391 
538 743 
418 36 
244 731 
34 740 
538 726 
194 389 
639 444 
49 290 
833 853 
39 789 
512 389 
422 365 
39 703 
445 853 
587 736 
538 545 
39 35 
833 735 
512 387 
538 296 
753 35 
359 126 
463 101 
447 242 
4 443 
833 60 
463 387 
100 850 
463 875 
777 546 
375 590 
538 264 
538 703 
481 45 
359 387 
639 220 
100 592 
463 538 
833 637 
432 874 
669 360 
257 389 
777 265 
445 393 
463 484 
512 126 
512 388 
737 388 
777 264 
722 179 
359 387 
103 290 
722 851 
618 522 
98 49 
3 759 
722 443 
14 701 
56 393 
722 858 
203 387 
203 40 
745 35 
56 284 
752 284 
722 92 
3 639 
3 90 
203 152 
3 640 
3 244 
632 45 
345 492 
203 788 
434 95 
3 197 
203 221 
345 390 
3 490 
203 290 
813 323 
578 677 
203 492 
3 156 
119 850 
203 499 
632 415 
90 737 
578 831 
632 50 
56 389 
623 156 
823 178 
623 876 
709 874 
623 157 
134 103 
203 266 
148 182 
345 290 
722 50 
56 389 
823 673 
538 264 
345 40 
345 266 
203 55 
171 96 
422 158 
345 156 
192 545 
171 737 
538 759 
100 592 
83 701 
319 363 
334 197 
345 389 
122 152 
556 90 
538 326 
722 40 
203 519 
171 390 
203 94 
434 852 
345 572 
823 415 
14 701 
171 240 
709 592 
424 737 
203 394 
392 157 
623 266 
203 363 
601 372 
445 133 
538 545 
623 445 
538 490 
14 326 
601 868 
434 222 
418 515 
519 40 
422 37 
712 95 
418 376 
623 674 
392 766 
743 99 
722 266 
345 445 
418 786 
134 297 
93 484 
132 178 
203 183 
345 60 
313 53 
171 268 
250 544 
132 34 
93 290 
203 546 
100 789 
313 245 
48 240 
870 789 
192 92 
313 732 
345 374 
171 34 
269 240 
313 33 
192 545 
171 871 
83 701 
171 706 
712 392 
93 295 
203 31 
93 759 
313 326 
203 421 
171 445 
171 737 
93 187 
313 150 
93 107 
313 596 
132 388 
93 510 
338 97 
93 102 
93 394 
83 33 
338 105 
203 759 
171 240 
83 150 
578 92 
313 433 
93 152 
791 596 
722 183 
83 53 
338 126 
345 92 
363 93 
291 741 
887 319 
290 734 
93 270 
362 448 
751 242 
674 40 
345 60 
418 515 
328 52 
59 50 
269 419 
495 759 
362 244 
203 498 
445 94 
362 197 
345 374 
125 743 
671 261 
601 732 
671 237 
345 498 
153 103 
776 93 
247 515 
362 767 
753 596 
205 40 
203 94 
14 701 
345 31 
723 156 
40 572 
100 592 
133 636 
173 393 
48 731 
14 701 
393 290 
445 393 
237 308 
723 40 
777 264 
49 515 
345 92 
49 290 
315 596 
40 205 
120 242 
205 99 
40 585 
764 736 
70 389 
583 868 
128 701 
198 443 
583 185 
359 126 
871 240 
637 672 
166 389 
49 788 
576 290 
777 546 
328 701 
547 788 
288 7 
48 240 
192 92 
70 154 
345 40 
133 592 
345 266 
39 242 
345 290 
41 736 
173 50 
863 105 
863 832 
764 242 
592 93 
247 515 
744 222 
717 261 
863 55 
381 40 
381 179 
776 869 
35 510 
747 437 
759 636 
43 419 
709 636 
863 236 
747 874 
863 854 
732 590 
871 99 
203 492 
540 40 
395 443 
716 131 
351 36 
716 851 
269 240 
395 766 
247 159 
870 290 
395 433 
345 388 
190 389 
247 290 
633 728 
351 94 
351 637 
395 734 
619 49 
171 240 
352 150 
351 62 
721 734 
229 319 
722 290 
619 853 
833 851 
716 220 
592 437 
98 703 
326 96 
716 675 
463 830 
587 736 
714 373 
611 554 
3 197 
424 675 
735 421 
445 637 
463 100 
714 675 
463 705 
495 59 
8 197 
463 107 
229 517 
463 742 
395 442 
716 155 
716 735 
714 152 
871 152 
633 240 
633 521 
221 544 
776 93 
714 45 
463 843 
521 741 
716 152 
716 572 
716 6 
395 93 
463 106 
714 492 
714 437 
445 126 
522 446 
374 878 
181 726 
463 328 
445 853 
714 220 
3 244 
463 31 
463 591 
31 389 
716 291 
374 878 
721 572 
184 538 
887 240 
825 97 
270 152 
363 734 
3 90 
434 50 
825 871 
221 549 
127 205 
173 428 
244 92 
674 40 
601 868 
418 515 
62 734 
173 442 
637 829 
345 492 
721 734 
645 127 
722 290 
434 290 
40 245 
39 437 
3 490 
464 595 
464 265 
464 791 
62 292 
506 538 
887 392 
39 373 
592 675 
887 703 
721 590 
595 831 
578 831 
345 290 
62 50 
173 585 
51 7 
418 240 
674 290 
393 290 
830 444 
39 572 
825 178 
464 423 
270 131 
887 49 
48 878 
721 40 
3 759 
363 93 
351 126 
494 103 
502 155 
173 290 
579 596 
62 759 
813 328 
776 93 
247 515 
173 393 
43 442 
506 178 
39 543 
428 538 
39 555 
49 515 
220 394 
270 152 
62 395 
49 290 
712 585 
98 644 
813 782 
813 594 
588 290 
813 186 
428 878 
538 545 
538 490 
579 546 
711 428 
8 90 
813 267 
813 376 
428 380 
686 392 
86 443 
51 831 
49 636 
98 703 
93 290 
838 178 
686 290 
98 392 
813 221 
512 97 
579 739 
173 640 
538 264 
193 393 
171 871 
338 547 
712 734 
686 49 
871 152 
712 392 
39 131 
39 46 
813 40 
193 59 
813 236 
813 266 
824 32 
215 154 
674 672 
173 183 
551 549 
187 150 
234 789 
239 290 
428 742 
674 290 
173 585 
429 852 
173 423 
345 266 
93 636 
114 421 
712 734 
93 759 
173 393 
153 786 
715 524 
173 290 
114 434 
93 394 
777 264 
838 244 
100 869 
715 61 
93 510 
712 290 
686 388 
35 510 
363 93 
56 393 
49 290 
114 132 
93 152 
712 328 
813 519 
215 484 
838 290 
359 97 
93 270 
715 484 
50 444 
872 736 
100 133 
863 236 
8 759 
813 270 
813 594 
715 260 
715 290 
715 58 
428 701 
93 484 
93 222 
342 105 
215 96 
521 236 
871 178 
712 388 
363 244 
825 855 
424 388 
579 260 
173 388 
838 178 
686 734 
712 394 
8 244 
93 870 
825 126 
100 789 
686 290 
66 734 
715 428 
93 585 
495 59 
283 387 
261 261 
492 6 
271 290 
574 428 
424 388 
78 97 
173 388 
826 443 
871 45 
492 392 
196 705 
98 392 
31 557 
203 266 
203 492 
196 53 
203 499 
70 154 
291 242 
574 388 
517 741 
216 874 
203 31 
812 126 
620 261 
270 222 
745 538 
211 245 
812 389 
64 391 
14 701 
592 45 
518 446 
833 40 
712 290 
601 127 
492 690 
620 373 
210 40 
318 839 
578 92 
359 97 
216 739 
685 245 
578 7 
1 741 
117 394 
770 701 
639 444 
64 674 
70 558 
221 549 
70 839 
206 326 
133 45 
445 389 
192 93 
580 387 
203 61 
540 237 
250 127 
737 283 
721 734 
833 594 
578 871 
357 40 
580 268 
185 445 
717 373 
31 557 
250 734 
552 54 
192 92 
833 261 
580 740 
250 393 
38 55 
580 51 
540 444 
577 515 
770 557 
580 102 
192 545 
445 245 
118 59 
552 152 
435 869 
226 55 
348 102 
580 788 
712 585 
64 282 
833 644 
866 96 
773 285 
93 102 
93 394 
345 92 
774 240 
93 60 
93 371 
93 395 
315 94 
93 836 
313 269 
313 433 
93 183 
866 542 
72 484 
93 92 
93 152 
119 282 
93 154 
288 831 
93 270 
618 93 
30 412 
93 594 
315 572 
72 297 
93 703 
93 222 
93 678 
93 197 
833 240 
346 376 
345 492 
31 389 
93 266 
93 4 
93 839 
833 735 
93 290 
580 5 
93 437 
445 831 
93 376 
833 858 
93 328 
833 60 
93 133 
93 761 
580 282 
93 444 
866 390 
93 585 
93 543 
345 290 
540 40 
833 391 
221 871 
833 183 
345 266 
694 152 
866 484 
866 197 
345 388 
93 782 
833 282 
256 437 
773 387 
93 759 
313 326 
93 412 
618 442 
173 585 
93 435 
211 245 
173 290 
468 740 
34 282 
93 152 
93 197 
374 538 
866 734 
93 484 
173 40 
468 220 
93 290 
34 287 
374 736 
823 178 
490 701 
93 290 
166 389 
632 415 
632 854 
632 50 
632 484 
632 832 
632 179 
632 853 
632 55 
166 152 
871 644 
632 711 
490 50 
592 362 
592 105 
872 736 
39 437 
62 376 
371 850 
395 442 
395 433 
62 443 
171 543 
43 442 
363 93 
752 267 
546 673 
870 789 
832 421 
395 734 
244 545 
762 102 
93 394 
580 543 
743 179 
318 839 
244 839 
117 394 
244 731 
93 152 
709 636 
49 644 
580 186 
295 154 
51 158 
64 737 
762 373 
93 484 
469 183 
93 437 
93 863 
49 495 
743 99 
49 636 
244 326 
93 839 
447 242 
743 362 
428 387 
244 369 
93 585 
65 51 
244 431 
244 183 
93 543 
821 357 
244 585 
51 292 
580 644 
469 390 
577 242 
832 260 
634 484 
30 431 
776 93 
825 288 
247 515 
395 386 
49 515 
435 759 
318 558 
49 290 
30 412 
762 435 
49 876 
250 65 
634 155 
645 127 
577 152 
51 831 
495 759 
618 572 
435 734 
49 240 
49 788 
203 492 
203 266 
395 838 
395 442 
472 222 
548 543 
620 635 
592 388 
99 45 
282 495 
472 290 
244 493 
244 183 
472 676 
472 708 
540 444 
731 491 
620 152 
639 220 
645 572 
620 159 
472 869 
51 546 
639 40 
244 4 
620 484 
424 737 
731 226 
620 491 
244 731 
813 782 
813 270 
737 556 
813 594 
283 40 
676 380 
592 220 
244 92 
244 557 
592 220 
379 290 
662 543 
392 766 
65 184 
392 735 
392 869 
678 869 
83 546 
551 549 
578 831 
98 5 
881 226 
203 55 
578 186 
472 636 
98 853 
472 782 
813 266 
395 93 
870 878 
678 393 
214 499 
709 636 
342 757 
171 178 
420 428 
171 543 
171 240 
735 392 
267 197 
124 839 
347 556 
92 91 
348 102 
418 495 
49 290 
383 293 
192 93 
512 226 
288 831 
383 587 
851 61 
92 49 
418 874 
383 782 
546 45 
735 639 
418 290 
418 222 
342 360 
383 222 
383 394 
346 183 
870 726 
362 538 
92 357 
418 786 
870 293 
267 270 
418 96 
362 380 
543 388 
244 183 
470 730 
710 65 
171 445 
192 545 
49 183 
870 290 
92 99 
92 836 
267 152 
384 869 
674 4 
92 130 
383 869 
383 186 
157 293 
346 40 
820 99 
773 288 
345 290 
98 5 
637 181 
93 782 
418 251 
823 673 
353 308 
580 644 
773 387 
353 34 
346 644 
580 102 
418 240 
83 428 
92 99 
93 759 
346 419 
353 786 
445 758 
601 127 
345 572 
823 415 
14 701 
345 61 
445 393 
345 92 
83 326 
93 92 
346 184 
374 878 
93 270 
434 734 
823 491 
624 701 
93 154 
445 853 
346 546 
353 242 
631 236 
374 538 
345 492 
345 60 
93 594 
495 759 
93 222 
580 5 
374 380 
93 376 
721 734 
51 831 
445 521 
637 672 
93 839 
185 445 
14 433 
14 373 
31 495 
374 736 
353 92 
580 51 
208 587 
346 544 
39 437 
201 786 
521 236 
362 244 
871 99 
362 538 
392 869 
733 31 
363 244 
184 244 
363 446 
98 392 
863 105 
353 92 
98 99 
506 538 
120 154 
308 290 
362 197 
315 851 
201 288 
345 374 
602 762 
361 543 
39 374 
719 249 
863 58 
362 435 
93 543 
820 99 
98 546 
308 358 
577 515 
8 197 
315 694 
813 374 
474 150 
361 790 
345 388 
157 183 
362 759 
98 853 
184 852 
577 437 
719 265 
813 236 
471 179 
776 869 
157 430 
345 572 
428 850 
39 543 
345 31 
157 484 
428 538 
777 265 
863 324 
90 45 
267 197 
364 839 
362 501 
362 867 
435 759 
361 597 
851 388 
318 839 
361 31 
270 694 
347 641 
157 597 
157 559 
362 758 
201 587 
315 644 
361 678 
813 495 
361 642 
39 369 
361 423 
308 236 
157 676 
39 308 
362 90 
361 424 
813 222 
315 572 
362 5 
813 735 
428 701 
201 260 
813 376 
361 266 
721 734 
619 853 
93 836 
185 674 
44 495 
93 484 
93 678 
93 197 
70 839 
471 757 
686 92 
62 45 
686 154 
209 394 
93 222 
93 376 
93 266 
93 4 
70 444 
62 437 
93 839 
723 4 
93 290 
618 572 
478 510 
456 572 
623 674 
62 376 
478 387 
392 766 
623 387 
712 394 
209 152 
478 394 
31 495 
686 290 
623 876 
395 790 
70 154 
353 308 
790 58 
93 543 
578 831 
773 288 
345 290 
395 766 
346 179 
332 493 
623 31 
270 380 
346 150 
345 266 
346 644 
578 34 
247 515 
345 572 
393 290 
93 510 
62 875 
371 183 
777 265 
395 433 
578 590 
390 858 
93 394 
478 546 
395 93 
345 31 
209 597 
623 266 
203 387 
209 836 
345 92 
93 60 
712 585 
93 92 
93 154 
395 290 
345 387 
62 434 
588 524 
313 596 
395 867 
551 260 
351 443 
313 433 
49 515 
467 757 
49 290 
98 644 
49 644 
418 493 
834 389 
418 495 
745 878 
49 96 
77 519 
49 876 
313 387 
49 676 
467 290 
418 484 
467 590 
98 99 
313 236 
290 878 
351 387 
62 292 
313 421 
313 732 
395 443 
235 388 
98 546 
98 5 
551 640 
551 726 
62 484 
62 759 
745 538 
98 853 
92 99 
313 326 
193 59 
193 493 
395 433 
62 443 
62 388 
39 543 
193 740 
495 133 
362 867 
315 644 
464 249 
719 5 
98 644 
619 2 
44 495 
464 287 
295 155 
315 572 
546 673 
39 308 
149 740 
362 5 
464 40 
619 853 
495 38 
39 437 
583 387 
574 428 
267 635 
521 443 
464 265 
618 572 
98 99 
386 98 
464 541 
362 197 
546 639 
464 54 
49 387 
464 572 
719 249 
49 247 
362 380 
234 789 
618 13 
98 5 
362 759 
464 13 
362 387 
466 541 
279 2 
185 133 
521 239 
221 428 
254 240 
719 265 
62 443 
721 247 
351 443 
361 387 
196 152 
383 2 
171 445 
231 308 
445 152 
62 759 
361 759 
319 363 
384 2 
464 252 
296 498 
48 878 
395 433 
522 394 
361 597 
715 293 
383 450 
719 248 
345 92 
315 644 
361 782 
464 128 
47 2 
345 387 
47 271 
383 726 
48 149 
50 444 
383 782 
445 853 
383 874 
383 587 
361 290 
709 736 
47 743 
361 266 
361 4 
424 394 
47 726 
738 491 
70 444 
65 184 
202 50 
887 323 
464 248 
790 740 
47 495 
709 874 
149 639 
342 596 
342 743 
98 546 
540 444 
383 507 
887 260 
384 507 
308 290 
487 730 
452 436 
31 495 
512 152 
64 52 
452 706 
538 264 
196 152 
624 519 
445 152 
122 152 
62 759 
220 154 
452 38 
787 284 
64 391 
224 226 
538 743 
452 39 
389 636 
452 448 
64 282 
435 759 
318 839 
363 867 
34 740 
452 45 
452 711 
424 737 
117 394 
445 290 
98 644 
452 517 
49 644 
295 154 
452 858 
460 442 
512 226 
64 737 
55 284 
452 872 
363 290 
592 491 
250 65 
220 757 
47 743 
637 395 
871 389 
14 242 
250 127 
619 389 
434 290 
579 260 
279 851 
460 510 
62 510 
363 152 
737 290 
343 94 
424 675 
47 495 
290 878 
14 433 
637 154 
279 35 
222 445 
326 96 
279 182 
601 732 
551 395 
280 493 
343 389 
70 154 
522 55 
395 442 
326 54 
125 587 
95 94 
49 182 
279 2 
871 152 
551 128 
551 726 
62 759 
434 443 
250 701 
393 290 
48 878 
61 497 
870 878 
395 433 
201 517 
522 394 
61 736 
326 674 
201 587 
674 732 
782 740 
201 726 
220 394 
62 395 
14 709 
645 51 
49 96 
49 290 
434 446 
47 2 
395 290 
720 518 
371 443 
318 389 
326 152 
14 326 
517 443 
452 293 
363 290 
428 878 
70 839 
62 395 
786 244 
49 290 
584 505 
813 519 
98 94 
371 443 
49 558 
363 734 
764 319 
98 644 
77 519 
813 495 
371 706 
315 596 
279 428 
426 387 
226 734 
279 94 
185 736 
745 878 
8 222 
870 706 
47 729 
418 874 
104 389 
552 290 
552 544 
517 443 
201 260 
50 55 
863 236 
782 426 
31 389 
148 757 
577 493 
426 730 
712 240 
8 90 
579 260 
686 734 
279 572 
274 244 
712 394 
14 433 
426 542 
737 290 
712 388 
125 637 
49 240 
431 97 
356 100 
445 94 
8 244 
782 45 
460 850 
371 734 
125 743 
686 290 
268 729 
782 705 
870 734 
49 285 
870 240 
98 5 
8 197 
426 850 
148 182 
426 734 
720 31 
412 572 
269 240 
8 290 
645 853 
712 734 
371 493 
98 853 
49 182 
395 433 
737 759 
579 596 
62 759 
478 546 
269 394 
14 701 
601 839 
393 290 
269 90 
243 290 
712 290 
870 878 
538 743 
645 184 
737 388 
686 388 
551 260 
833 391 
51 292 
83 493 
148 829 
39 248 
83 732 
393 734 
48 731 
393 290 
209 786 
361 187 
124 709 
777 265 
837 292 
3 759 
47 507 
274 775 
826 387 
61 736 
353 786 
468 866 
833 644 
786 244 
831 39 
601 839 
269 90 
318 839 
833 242 
833 187 
185 178 
83 387 
39 323 
833 96 
148 589 
833 388 
83 326 
61 372 
601 372 
468 740 
103 585 
833 54 
8 757 
3 639 
3 90 
220 261 
51 158 
1 741 
318 542 
833 543 
61 325 
669 443 
837 546 
837 150 
102 869 
434 222 
14 388 
8 759 
70 839 
220 640 
764 388 
3 640 
637 829 
83 55 
833 222 
362 5 
8 90 
50 55 
51 830 
215 96 
522 546 
61 735 
601 735 
83 874 
3 197 
363 244 
49 636 
827 290 
424 388 
50 757 
185 445 
522 388 
827 546 
51 387 
239 5 
826 443 
3 490 
833 363 
362 244 
669 50 
148 839 
362 197 
83 740 
353 55 
50 154 
833 517 
786 775 
833 858 
126 103 
833 60 
870 734 
827 395 
3 156 
637 741 
345 374 
8 197 
823 673 
215 154 
522 55 
670 498 
102 789 
833 445 
61 636 
833 641 
98 5 
215 125 
362 759 
14 222 
185 126 
125 587 
870 290 
833 282 
362 387 
122 759 
445 94 
610 257 
827 395 
130 428 
576 150 
236 376 
328 701 
70 154 
837 294 
83 554 
623 31 
827 257 
678 395 
579 776 
460 393 
859 185 
577 437 
345 498 
345 266 
236 776 
83 701 
231 185 
220 154 
859 308 
122 152 
540 92 
825 288 
286 510 
825 178 
275 293 
579 743 
14 701 
361 395 
601 839 
678 197 
83 776 
859 492 
635 829 
130 642 
833 388 
601 853 
92 290 
786 244 
833 395 
318 839 
236 432 
426 197 
576 779 
831 387 
345 387 
388 387 
361 642 
619 94 
445 853 
130 523 
837 290 
122 853 
92 854 
540 585 
70 839 
346 376 
328 52 
361 266 
863 554 
51 831 
424 388 
494 736 
619 853 
579 260 
827 546 
346 183 
623 387 
122 428 
772 328 
280 35 
275 701 
65 293 
353 55 
50 154 
236 839 
827 328 
833 260 
859 374 
833 642 
276 572 
357 50 
764 388 
276 779 
374 538 
357 538 
345 492 
277 106 
552 290 
277 447 
424 357 
281 781 
494 308 
870 293 
70 444 
357 40 
424 388 
445 94 
623 674 
357 443 
686 283 
280 35 
281 868 
487 730 
686 290 
50 154 
281 850 
870 734 
833 152 
328 445 
859 148 
276 436 
70 154 
609 92 
579 776 
579 33 
833 445 
833 183 
345 266 
171 96 
720 31 
831 328 
276 497 
623 31 
552 757 
712 734 
345 40 
629 293 
576 496 
345 388 
328 674 
424 35 
712 283 
345 572 
83 776 
712 290 
870 878 
524 55 
220 496 
281 50 
833 388 
887 319 
576 254 
231 572 
281 740 
345 31 
83 33 
171 240 
833 853 
623 96 
576 779 
623 437 
345 92 
1 741 
277 372 
764 319 
497 878 
887 94 
374 878 
623 445 
50 444 
277 868 
281 504 
712 49 
345 92 
277 504 
92 290 
173 389 
870 265 
192 93 
281 504 
552 544 
764 388 
598 572 
870 133 
192 838 
552 290 
192 388 
870 395 
686 703 
712 388 
577 493 
812 97 
583 185 
592 388 
577 701 
281 264 
686 290 
870 789 
192 92 
345 374 
716 288 
173 585 
38 55 
552 92 
345 290 
577 515 
622 572 
712 703 
277 593 
716 851 
345 388 
192 545 
686 544 
92 99 
812 126 
712 686 
524 55 
716 572 
345 31 
224 226 
712 290 
280 504 
686 388 
203 31 
353 786 
764 876 
764 388 
353 55 
622 387 
194 705 
777 265 
395 433 
395 93 
777 264 
14 701 
601 839 
375 437 
369 738 
777 293 
3 640 
777 546 
392 388 
264 31 
747 726 
279 182 
98 546 
217 387 
395 443 
395 388 
39 374 
264 387 
98 853 
361 387 
620 261 
478 546 
247 515 
120 738 
361 31 
361 183 
870 265 
279 428 
256 734 
279 94 
279 851 
521 443 
361 266 
870 293 
98 703 
217 31 
341 125 
14 388 
538 40 
721 734 
464 265 
244 326 
424 388 
538 559 
359 242 
745 387 
122 428 
359 126 
122 759 
326 96 
14 154 
70 154 
538 264 
43 152 
578 831 
244 493 
538 270 
244 702 
244 592 
538 759 
361 759 
478 546 
150 387 
244 545 
538 743 
244 4 
244 839 
244 290 
745 35 
538 640 
244 731 
389 736 
363 734 
445 126 
14 326 
221 549 
538 490 
244 92 
464 128 
538 518 
256 734 
432 873 
721 734 
424 388 
4 443 
432 102 
464 248 
395 388 
578 831 
346 40 
432 782 
495 447 
717 261 
764 242 
432 241 
432 101 
432 876 
342 874 
395 734 
65 56 
813 236 
39 248 
106 593 
777 265 
620 105 
392 290 
106 423 
274 775 
777 264 
538 640 
318 558 
719 248 
83 326 
3 53 
709 636 
777 425 
271 757 
56 493 
3 90 
619 94 
3 701 
538 490 
3 640 
631 236 
709 425 
619 389 
538 40 
83 874 
445 387 
56 250 
424 388 
762 424 
55 250 
239 5 
3 490 
392 388 
424 780 
709 874 
435 436 
346 544 
538 264 
719 249 
239 290 
83 701 
122 92 
122 152 
261 261 
78 390 
261 517 
870 423 
575 359 
859 185 
49 183 
93 782 
78 179 
359 387 
118 59 
78 387 
686 544 
93 107 
78 388 
93 510 
244 4 
78 395 
33 50 
226 55 
49 515 
623 266 
777 595 
623 96 
623 437 
49 558 
93 270 
93 152 
226 179 
619 2 
388 242 
49 876 
870 265 
623 445 
686 92 
93 123 
507 639 
93 484 
244 636 
424 388 
434 290 
359 242 
93 290 
623 40 
712 388 
78 97 
623 876 
277 447 
538 40 
833 642 
93 376 
71 705 
93 266 
424 388 
62 437 
93 839 
267 270 
445 94 
44 36 
833 261 
250 94 
686 96 
371 387 
395 869 
44 122 
250 393 
837 373 
870 789 
495 59 
40 94 
43 36 
538 543 
538 264 
395 388 
623 543 
538 270 
634 484 
870 437 
71 387 
226 242 
686 544 
538 759 
62 759 
209 786 
428 538 
552 572 
250 50 
93 187 
62 388 
62 395 
546 389 
269 90 
833 242 
686 388 
870 544 
833 96 
43 53 
833 395 
93 92 
267 388 
226 642 
470 542 
93 270 
226 387 
250 187 
674 40 
552 544 
250 96 
93 222 
428 878 
546 673 
49 290 
825 260 
538 183 
288 677 
825 254 
220 261 
92 91 
256 734 
93 183 
93 270 
49 96 
93 154 
73 236 
62 734 
719 672 
552 290 
93 703 
538 40 
39 437 
580 5 
93 863 
837 389 
39 35 
837 443 
53 832 
93 376 
712 388 
93 4 
538 120 
538 412 
519 638 
39 517 
62 120 
93 290 
93 437 
98 495 
62 376 
93 120 
53 357 
521 443 
62 4 
53 40 
580 501 
250 544 
73 241 
93 585 
93 328 
633 96 
825 326 
53 597 
39 373 
580 282 
686 96 
637 107 
580 51 
93 543 
624 519 
346 179 
98 5 
194 705 
538 270 
98 389 
636 686 
435 762 
178 743 
93 636 
346 40 
580 498 
825 178 
538 759 
53 154 
61 40 
62 759 
119 437 
93 435 
92 99 
93 759 
495 447 
39 248 
93 412 
825 288 
288 705 
712 686 
633 357 
633 521 
93 107 
194 105 
619 762 
27 150 
712 290 
719 248 
93 395 
495 120 
751 734 
93 60 
395 734 
62 395 
313 150 
62 388 
173 290 
62 644 
64 391 
391 863 
313 596 
715 293 
712 290 
777 265 
62 498 
62 443 
173 443 
777 264 
751 734 
185 117 
576 254 
871 484 
34 740 
64 496 
185 178 
313 294 
578 92 
313 433 
63 124 
125 152 
395 734 
49 290 
98 644 
30 443 
715 290 
715 58 
619 521 
93 484 
93 222 
313 387 
62 734 
313 53 
93 266 
334 222 
93 290 
98 91 
93 863 
512 387 
592 777 
837 389 
93 120 
53 832 
34 287 
62 120 
718 55 
712 394 
30 434 
49 387 
595 831 
30 387 
345 498 
345 266 
226 832 
871 91 
313 33 
62 484 
117 452 
313 326 
123 446 
743 484 
452 291 
276 436 
395 388 
503 226 
185 126 
634 484 
173 423 
361 387 
345 498 
345 266 
812 126 
422 158 
345 388 
78 179 
393 290 
361 187 
78 395 
452 39 
619 158 
276 781 
63 495 
519 773 
49 290 
361 642 
345 387 
326 152 
639 444 
452 293 
361 423 
452 183 
62 734 
761 703 
452 702 
215 96 
743 99 
712 388 
424 388 
452 391 
583 387 
49 495 
351 387 
49 387 
578 517 
346 376 
837 388 
686 154 
424 388 
452 391 
336 84 
125 155 
578 376 
100 850 
253 149 
92 357 
712 388 
100 789 
392 869 
279 35 
153 702 
253 791 
686 283 
14 154 
686 96 
343 853 
578 677 
602 762 
395 388 
837 294 
203 266 
870 789 
39 830 
452 791 
452 785 
747 391 
551 549 
346 150 
871 91 
14 53 
747 105 
551 640 
747 850 
747 484 
24 730 
452 713 
678 542 
708 242 
288 705 
100 592 
237 308 
100 868 
709 592 
452 497 
100 498 
100 869 
395 734 
452 83 
452 247 
745 35 
709 636 
97 596 
3 90 
315 596 
221 549 
452 858 
445 853 
253 128 
3 640 
747 154 
346 53 
5 58 
452 702 
464 595 
464 265 
392 869 
424 388 
424 595 
464 40 
281 264 
445 387 
392 388 
620 874 
49 387 
823 178 
49 247 
823 240 
709 874 
261 261 
194 705 
639 572 
395 790 
343 853 
620 394 
412 637 
735 124 
686 389 
383 2 
25 730 
779 741 
445 152 
56 389 
735 53 
256 437 
100 708 
577 437 
464 757 
226 832 
47 152 
90 702 
837 572 
472 782 
464 222 
472 869 
823 152 
464 423 
281 50 
516 50 
100 869 
464 260 
280 504 
375 437 
452 558 
375 150 
813 519 
392 157 
412 81 
226 179 
125 183 
639 675 
870 265 
452 183 
445 853 
516 730 
823 437 
452 702 
93 152 
273 222 
582 853 
256 734 
296 45 
273 387 
392 86 
273 394 
93 703 
93 484 
472 507 
592 776 
522 777 
40 585 
592 63 
744 155 
864 50 
93 290 
392 766 
522 546 
273 152 
281 690 
623 157 
343 853 
522 55 
503 767 
215 118 
90 737 
445 107 
40 94 
744 152 
345 40 
273 242 
345 498 
345 266 
712 154 
171 96 
472 708 
93 782 
452 708 
633 544 
273 876 
100 708 
522 308 
834 484 
686 544 
93 107 
551 546 
171 178 
296 498 
83 33 
353 786 
551 260 
753 596 
296 395 
445 290 
392 157 
551 40 
49 290 
623 266 
464 737 
93 395 
83 387 
83 53 
464 506 
384 869 
361 187 
62 498 
823 152 
274 598 
62 388 
721 247 
274 324 
61 157 
753 85 
361 597 
269 90 
361 640 
712 96 
623 266 
361 31 
361 61 
198 13 
93 395 
686 388 
361 123 
361 183 
274 758 
361 92 
62 395 
870 149 
361 782 
548 119 
198 671 
84 790 
3 90 
374 878 
274 704 
345 387 
3 640 
274 596 
8 222 
361 424 
93 484 
8 759 
445 853 
62 734 
764 388 
686 92 
426 387 
634 155 
471 81 
274 60 
370 388 
445 196 
188 671 
8 90 
62 772 
198 96 
279 572 
361 498 
361 266 
426 542 
712 388 
445 387 
49 636 
424 388 
62 437 
686 508 
93 290 
100 850 
623 387 
623 157 
93 444 
686 290 
288 196 
686 778 
93 585 
877 372 
623 876 
592 187 
274 120 
198 264 
198 2 
361 197 
173 671 
62 50 
62 484 
426 850 
93 782 
870 290 
361 759 
361 387 
361 40 
93 636 
288 705 
279 290 
361 790 
345 388 
813 266 
471 179 
472 636 
173 290 
361 388 
62 759 
345 572 
361 395 
98 546 
592 372 
346 179 
84 96 
538 264 
353 308 
295 686 
521 239 
361 40 
712 154 
547 437 
8 662 
446 348 
198 704 
322 363 
522 239 
19 373 
538 759 
62 759 
256 437 
279 2 
220 154 
97 592 
363 767 
361 387 
825 673 
719 265 
592 124 
39 572 
777 868 
376 595 
712 82 
3 759 
220 496 
780 242 
777 264 
478 546 
548 257 
231 572 
592 362 
345 61 
269 90 
322 445 
712 96 
712 424 
552 572 
777 265 
361 61 
100 868 
512 126 
745 260 
267 197 
274 264 
592 308 
551 260 
277 504 
775 850 
592 851 
745 35 
576 254 
220 394 
538 640 
719 541 
709 636 
39 239 
712 328 
777 595 
125 183 
825 254 
90 437 
322 484 
745 878 
49 96 
709 868 
77 519 
446 547 
3 90 
8 759 
428 878 
220 261 
764 388 
100 6 
709 595 
712 287 
446 80 
747 154 
538 546 
315 572 
601 868 
325 237 
51 830 
446 117 
446 79 
592 777 
198 96 
460 395 
3 197 
522 777 
274 183 
424 675 
62 437 
267 519 
8 90 
424 595 
538 40 
446 434 
878 80 
100 850 
90 240 
279 572 
376 675 
737 290 
592 437 
3 412 
8 183 
637 672 
326 96 
637 704 
90 759 
3 662 
709 642 
825 326 
637 856 
555 257 
250 94 
592 590 
592 328 
8 197 
186 81 
428 387 
637 107 
49 704 
495 60 
580 740 
361 543 
623 543 
552 92 
772 328 
313 53 
637 518 
19 491 
20 290 
359 126 
712 388 
49 240 
424 388 
538 559 
62 120 
239 183 
19 729 
637 245 
269 96 
93 133 
61 183 
887 703 
313 245 
313 701 
19 590 
249 325 
196 53 
637 594 
39 373 
274 120 
43 36 
8 197 
503 767 
503 226 
345 498 
313 105 
624 519 
720 31 
39 242 
269 240 
273 388 
747 50 
887 260 
359 387 
688 445 
93 759 
313 326 
361 40 
688 86 
345 388 
78 387 
90 867 
747 484 
93 107 
61 157 
887 49 
547 498 
8 395 
363 767 
48 731 
91 154 
715 61 
719 265 
19 734 
224 226 
712 686 
19 387 
777 265 
193 493 
446 222 
19 45 
78 395 
62 388 
274 324 
759 636 
824 850 
351 126 
887 319 
62 395 
712 96 
39 239 
93 395 
313 598 
688 388 
825 254 
157 559 
313 294 
345 92 
49 96 
93 92 
93 152 
61 324 
185 254 
342 493 
547 373 
345 387 
780 373 
688 829 
239 155 
637 395 
637 133 
619 240 
772 685 
342 701 
279 240 
93 222 
446 543 
93 197 
20 56 
538 662 
361 253 
224 767 
688 635 
744 155 
887 853 
538 412 
616 594 
712 240 
538 40 
93 290 
510 91 
688 843 
93 120 
688 829 
239 155 
48 40 
93 270 
274 596 
859 452 
464 287 
745 878 
50 444 
813 703 
198 734 
315 596 
383 782 
8 759 
813 295 
48 559 
637 829 
274 183 
675 295 
464 868 
552 290 
554 443 
93 484 
434 290 
554 290 
499 220 
510 91 
93 197 
287 357 
86 790 
291 446 
103 443 
31 761 
187 269 
712 388 
464 265 
827 290 
424 388 
50 757 
464 40 
93 290 
291 878 
239 5 
499 495 
93 120 
187 734 
464 541 
8 244 
688 703 
464 595 
448 450 
619 780 
50 154 
190 596 
827 328 
313 701 
499 179 
712 395 
464 572 
287 854 
371 850 
827 395 
445 107 
499 241 
243 260 
383 701 
637 703 
720 443 
313 732 
274 120 
294 352 
8 197 
688 290 
20 572 
90 388 
39 830 
118 850 
20 853 
313 776 
98 5 
821 357 
313 740 
370 546 
424 874 
464 13 
827 257 
291 242 
187 786 
712 154 
877 325 
83 732 
871 91 
39 242 
464 672 
260 740 
554 247 
83 701 
712 283 
877 394 
813 412 
93 759 
315 183 
39 248 
93 412 
618 388 
719 265 
313 443 
712 686 
226 242 
870 878 
83 636 
764 242 
637 50 
461 484 
464 423 
499 641 
187 776 
495 120 
753 596 
8 395 
14 701 
601 839 
83 776 
313 596 
464 260 
83 33 
190 389 
274 123 
363 867 
93 395 
274 270 
827 260 
291 868 
20 393 
641 352 
173 443 
813 519 
291 496 
889 290 
291 394 
753 773 
270 261 
662 283 
877 183 
190 250 
877 360 
274 874 
318 839 
712 328 
198 13 
84 790 
522 446 
61 324 
688 388 
554 50 
92 91 
83 53 
313 269 
813 270 
833 644 
14 701 
313 596 
93 510 
777 265 
190 389 
719 248 
274 123 
452 179 
274 270 
686 388 
430 491 
274 775 
33 282 
777 264 
626 510 
827 852 
351 443 
452 642 
753 596 
833 388 
552 152 
833 395 
274 874 
833 242 
93 395 
452 247 
833 730 
261 156 
92 91 
447 389 
371 443 
712 389 
233 452 
626 391 
281 491 
747 220 
173 227 
445 853 
256 734 
548 388 
93 123 
637 395 
93 270 
61 874 
889 218 
618 93 
92 854 
47 450 
552 290 
510 91 
93 197 
833 642 
274 261 
833 240 
845 493 
274 183 
31 389 
827 290 
188 671 
833 850 
452 391 
434 290 
93 290 
93 120 
291 446 
261 46 
479 325 
521 443 
20 290 
92 357 
83 355 
464 595 
464 265 
434 353 
90 240 
261 261 
383 701 
434 86 
83 740 
833 261 
268 729 
431 597 
786 775 
827 388 
764 446 
222 445 
494 61 
712 395 
424 780 
827 395 
40 94 
833 641 
833 152 
274 497 
261 231 
827 389 
20 371 
424 874 
281 766 
626 641 
20 218 
833 391 
83 261 
826 56 
434 227 
833 445 
833 183 
20 853 
671 261 
833 81 
620 4 
8 290 
313 740 
83 701 
833 282 
521 741 
55 389 
39 248 
188 219 
708 242 
50 152 
173 290 
833 637 
83 739 
274 373 
8 395 
173 671 
686 389 
276 497 
8 290 
276 778 
93 782 
424 874 
281 236 
833 391 
93 295 
93 412 
764 242 
577 242 
93 107 
270 46 
512 126 
435 869 
601 127 
391 290 
276 495 
552 152 
288 517 
93 371 
274 435 
391 120 
274 874 
552 572 
190 389 
833 242 
777 595 
444 361 
351 389 
274 155 
863 703 
351 443 
576 254 
445 290 
512 389 
577 155 
93 152 
276 868 
220 261 
445 389 
435 388 
435 852 
629 572 
857 50 
715 484 
93 197 
274 261 
276 236 
276 572 
31 389 
552 290 
188 671 
276 152 
552 863 
291 878 
587 736 
93 863 
93 120 
31 761 
444 738 
827 290 
93 839 
93 290 
857 242 
359 443 
521 443 
93 761 
623 157 
833 261 
34 287 
444 874 
31 495 
435 290 
686 778 
464 791 
857 372 
274 497 
827 389 
194 705 
274 120 
274 412 
8 197 
444 186 
774 786 
20 572 
93 120 
521 236 
392 766 
31 495 
392 869 
250 495 
250 544 
812 97 
576 388 
281 295 
93 761 
20 388 
250 94 
70 154 
93 543 
281 4 
281 766 
540 328 
20 86 
392 703 
93 435 
30 97 
30 547 
392 556 
93 60 
512 389 
374 878 
250 187 
392 389 
194 389 
392 86 
93 594 
93 703 
392 179 
31 389 
633 283 
93 266 
93 4 
70 444 
392 295 
281 236 
20 86 
592 178 
593 386 
635 829 
592 736 
592 328 
592 103 
592 133 
627 107 
519 757 
93 4 
627 55 
93 133 
93 133 
423 872 
39 831 
870 423 
62 50 
62 759 
93 107 
39 133 
62 644 
39 632 
39 517 
62 120 
50 444 
93 120 
47 495 
93 759 
184 852 
97 33 
395 386 
14 484 
825 97 
93 484 
764 388 
740 516 
434 290 
737 283 
93 120 
395 86 
363 244 
93 290 
870 434 
14 373 
8 244 
870 734 
14 557 
14 53 
708 242 
395 434 
538 264 
633 544 
593 843 
813 266 
838 244 
424 389 
361 597 
209 786 
538 518 
437 295 
637 117 
49 290 
318 839 
361 31 
361 61 
209 86 
378 686 
330 117 
359 97 
740 179 
361 92 
277 372 
290 393 
330 247 
634 362 
619 389 
499 220 
634 393 
538 412 
538 559 
538 40 
619 853 
388 757 
290 878 
359 126 
483 220 
619 780 
424 780 
709 642 
837 294 
538 270 
93 839 
522 388 
93 290 
220 632 
499 495 
260 596 
83 740 
221 290 
56 94 
127 94 
519 676 
499 179 
203 498 
39 830 
56 389 
637 120 
134 81 
127 363 
637 260 
435 244 
384 2 
51 292 
384 179 
93 295 
871 780 
93 759 
93 412 
203 519 
56 543 
39 242 
361 790 
221 544 
871 81 
361 395 
637 81 
393 290 
384 869 
39 231 
149 759 
445 393 
580 543 
276 495 
56 393 
83 33 
276 781 
461 498 
318 839 
93 395 
737 388 
93 92 
226 179 
84 790 
341 96 
618 757 
93 270 
519 757 
715 484 
552 544 
56 493 
51 830 
221 549 
39 369 
546 673 
615 45 
83 55 
515 443 
538 120 
499 220 
580 5 
637 349 
93 120 
538 266 
737 290 
93 266 
56 250 
445 853 
764 388 
637 829 
361 290 
361 863 
361 546 
93 863 
837 389 
63 53 
361 266 
155 572 
93 266 
93 290 
153 702 
627 388 
418 96 
580 282 
203 498 
270 628 
56 389 
148 829 
580 40 
361 790 
580 498 
48 522 
580 852 
93 107 
361 759 
499 627 
461 270 
203 31 
627 107 
93 759 
155 188 
63 96 
39 572 
39 596 
39 371 
93 371 
361 31 
517 50 
461 290 
203 387 
155 93 
418 493 
270 371 
346 240 
435 759 
63 495 
56 393 
49 290 
361 123 
639 675 
361 270 
44 495 
93 123 
93 270 
627 538 
639 444 
737 238 
620 498 
517 443 
97 33 
351 443 
841 431 
318 839 
623 266 
777 53 
346 240 
601 372 
361 270 
93 270 
279 240 
538 662 
678 708 
93 266 
538 120 
841 94 
93 839 
149 662 
93 290 
239 60 
93 120 
841 521 
193 250 
841 40 
363 244 
871 240 
98 703 
346 183 
841 357 
887 703 
677 270 
98 546 
601 732 
841 597 
346 544 
345 266 
671 261 
677 290 
538 270 
346 443 
98 853 
279 2 
288 705 
345 61 
601 839 
841 393 
777 265 
445 393 
560 852 
273 388 
445 152 
418 251 
546 81 
49 236 
712 703 
345 498 
560 61 
53 154 
841 45 
779 88 
838 244 
712 283 
452 38 
93 759 
173 393 
848 31 
93 412 
841 759 
712 686 
279 290 
560 295 
834 491 
351 637 
39 371 
345 61 
93 371 
552 572 
361 61 
274 270 
345 92 
834 389 
841 120 
49 96 
49 290 
93 92 
93 152 
318 839 
712 328 
841 780 
209 86 
361 642 
674 893 
361 270 
437 852 
93 270 
274 596 
674 179 
841 152 
552 544 
73 236 
428 878 
560 152 
514 674 
392 86 
92 49 
753 600 
274 183 
40 328 
345 60 
622 31 
560 128 
538 40 
452 702 
514 101 
361 431 
93 120 
392 179 
361 266 
93 266 
538 120 
538 412 
424 388 
93 839 
431 97 
93 290 
445 94 
445 637 
418 96 
50 154 
73 241 
384 152 
512 97 
274 412 
343 853 
677 270 
53 55 
674 672 
560 791 
551 549 
712 154 
345 156 
849 417 
78 97 
637 672 
623 674 
731 627 
555 549 
580 282 
592 328 
677 270 
524 832 
524 88 
612 88 
601 732 
335 780 
173 585 
331 701 
551 549 
770 557 
846 388 
712 154 
619 778 
483 627 
78 179 
627 107 
555 833 
14 701 
601 839 
677 538 
495 120 
775 850 
849 443 
318 558 
623 266 
712 328 
49 558 
93 270 
619 240 
770 701 
747 220 
93 154 
357 444 
104 637 
50 444 
849 117 
428 701 
669 60 
522 388 
627 388 
712 394 
345 546 
420 53 
187 183 
539 637 
445 853 
634 393 
187 60 
592 220 
592 484 
887 389 
887 853 
39 437 
198 443 
745 387 
286 437 
519 491 
424 388 
187 538 
871 45 
187 734 
592 241 
592 675 
592 328 
50 154 
592 437 
738 731 
677 245 
686 389 
887 703 
677 387 
887 65 
861 63 
49 236 
848 266 
712 154 
273 388 
445 780 
887 260 
745 183 
592 92 
686 49 
345 266 
812 126 
345 388 
519 387 
871 81 
887 49 
592 362 
592 673 
592 45 
592 850 
712 686 
39 572 
777 264 
187 38 
887 251 
887 81 
273 154 
83 33 
552 572 
291 394 
187 387 
592 585 
510 130 
777 425 
639 675 
848 387 
308 236 
592 182 
44 495 
392 86 
93 270 
92 49 
639 444 
512 126 
98 94 
624 236 
43 53 
318 839 
378 686 
639 675 
345 387 
745 878 
50 444 
93 92 
23 766 
93 703 
19 221 
318 495 
93 266 
93 839 
90 240 
93 120 
170 709 
445 387 
785 387 
887 703 
395 790 
435 266 
705 445 
848 266 
706 159 
98 546 
874 781 
20 86 
345 266 
239 266 
706 538 
345 388 
478 159 
239 388 
705 282 
785 445 
478 546 
93 107 
90 702 
48 731 
552 572 
887 260 
443 431 
50 360 
392 556 
472 782 
392 703 
826 387 
472 636 
64 391 
48 878 
359 850 
48 105 
866 96 
363 86 
827 260 
887 855 
64 282 
104 49 
619 49 
346 269 
688 388 
124 839 
861 99 
827 852 
813 556 
392 389 
497 878 
887 94 
361 270 
83 53 
392 86 
93 270 
274 60 
472 507 
346 546 
384 222 
173 40 
343 94 
472 222 
688 703 
359 126 
392 766 
580 282 
343 389 
62 183 
464 572 
827 395 
346 40 
848 390 
359 387 
443 431 
592 673 
688 86 
83 159 
98 49 
39 133 
39 572 
106 423 
62 388 
194 105 
93 395 
49 96 
522 105 
250 443 
812 387 
813 270 
861 52 
359 105 
861 546 
592 105 
546 673 
861 65 
343 81 
785 598 
102 869 
709 425 
383 222 
706 105 
841 484 
822 389 
522 388 
241 6 
848 422 
239 60 
552 133 
592 388 
777 546 
424 890 
424 780 
709 642 
241 739 
343 853 
546 245 
706 159 
98 546 
592 372 
194 705 
445 780 
861 94 
592 92 
250 431 
546 81 
49 236 
861 387 
383 2 
606 185 
634 415 
592 133 
98 546 
636 734 
230 896 
320 92 
56 389 
134 81 
18 897 
592 373 
249 393 
720 31 
578 831 
53 154 
185 126 
592 38 
592 349 
592 356 
445 245 
592 502 
62 759 
877 394 
393 290 
484 6 
717 897 
592 790 
592 735 
592 4 
606 452 
56 393 
592 230 
592 260 
592 60 
592 431 
592 835 
592 517 
688 394 
898 236 
592 415 
592 524 
445 389 
669 559 
308 236 
359 105 
592 329 
764 876 
592 361 
56 493 
720 50 
471 81 
578 780 
359 443 
592 126 
592 156 
50 154 
592 638 
308 290 
720 236 
720 443 
39 894 
552 290 
346 53 
774 220 
743 99 
418 290 
721 734 
848 896 
464 265 
552 894 
93 4 
70 444 
93 290 
552 133 
49 495 
20 290 
31 495 
619 780 
50 154 
786 775 
464 572 
64 52 
39 373 
39 831 
70 154 
767 394 
460 393 
20 572 
230 896 
239 290 
418 251 
20 86 
49 236 
712 154 
93 782 
211 245 
220 154 
834 484 
774 56 
39 133 
767 788 
619 49 
592 394 
752 788 
97 33 
721 247 
889 290 
834 389 
64 88 
316 88 
49 290 
93 92 
211 290 
825 260 
774 424 
313 294 
277 372 
464 287 
743 249 
50 444 
326 446 
245 743 
351 389 
499 832 
41 735 
712 389 
83 53 
288 831 
871 389 
777 60 
338 126 
507 425 
813 376 
159 94 
848 896 
538 546 
434 290 
538 40 
499 220 
239 5 
538 266 
50 154 
538 559 
499 179 
871 417 
153 702 
777 546 
230 633 
870 423 
338 387 
499 241 
230 896 
239 290 
538 264 
230 701 
848 266 
712 154 
349 761 
50 376 
338 547 
41 736 
499 627 
220 154 
338 97 
619 895 
499 60 
777 264 
83 739 
239 627 
712 424 
777 265 
41 324 
826 431 
743 349 
274 775 
645 51 
83 33 
173 290 
90 702 
243 290 
98 49 
274 324 
478 546 
644 556 
362 501 
391 290 
592 4 
592 53 
269 90 
185 734 
775 850 
777 53 
743 179 
61 324 
620 899 
615 743 
592 60 
295 154 
777 425 
445 389 
269 391 
274 596 
49 876 
445 853 
592 220 
538 546 
8 90 
445 831 
773 260 
424 388 
514 152 
362 244 
592 894 
592 241 
777 546 
592 627 
593 388 
592 736 
499 241 
601 732 
274 546 
39 831 
538 264 
434 227 
426 734 
620 889 
269 240 
98 5 
775 876 
644 388 
478 159 
98 389 
620 888 
499 627 
592 324 
478 734 
579 739 
499 868 
70 154 
281 735 
833 445 
719 249 
362 435 
595 831 
98 546 
335 780 
281 766 
98 389 
7 296 
579 33 
275 644 
93 636 
712 154 
8 558 
61 636 
833 81 
7 644 
49 183 
362 759 
582 81 
393 734 
340 294 
499 627 
592 324 
93 759 
393 290 
473 359 
841 734 
592 735 
582 251 
274 598 
499 60 
275 293 
173 290 
373 734 
582 94 
579 743 
833 644 
373 105 
274 435 
340 735 
19 734 
269 90 
41 324 
35 60 
61 627 
274 324 
753 596 
362 867 
592 4 
777 735 
211 290 
709 636 
499 491 
276 868 
49 644 
93 183 
49 558 
93 270 
274 596 
173 227 
582 853 
256 734 
362 394 
579 53 
93 703 
434 850 
7 547 
61 735 
274 183 
51 831 
363 244 
93 4 
833 222 
8 90 
582 45 
93 290 
247 417 
582 503 
281 868 
601 735 
737 290 
49 636 
51 387 
592 880 
586 241 
346 4 
833 850 
619 389 
775 897 
833 735 
7 547 
7 36 
445 831 
592 258 
346 895 
601 735 
499 885 
61 546 
51 831 
357 40 
269 419 
61 4 
871 417 
870 434 
592 553 
576 150 
274 546 
499 868 
499 179 
624 53 
592 627 
592 133 
371 850 
276 105 
579 598 
833 60 
7 885 
870 734 
499 241 
346 179 
775 491 
64 887 
346 258 
18 897 
194 547 
173 671 
276 497 
871 36 
775 876 
445 780 
424 874 
274 627 
18 843 
678 395 
499 627 
580 644 
871 780 
346 150 
346 644 
592 356 
51 7 
7 644 
499 60 
346 419 
194 105 
592 850 
592 735 
61 644 
7 627 
579 419 
424 35 
576 735 
592 4 
576 448 
592 632 
104 49 
833 644 
678 197 
777 735 
274 874 
276 781 
499 887 
276 868 
61 627 
775 850 
813 556 
18 121 
227 35 
7 868 
445 133 
374 878 
619 94 
363 887 
7 448 
813 356 
346 53 
592 183 
276 236 
508 516 
61 735 
637 829 
93 152 
313 598 
313 294 
313 269 
848 394 
288 831 
173 862 
93 197 
592 258 
313 53 
93 4 
93 894 
188 671 
601 881 
60 600 
93 133 
50 154 
692 548 
209 129 
313 701 
148 887 
619 495 
576 150 
592 675 
346 258 
348 152 
580 546 
313 245 
369 369 
313 105 
173 671 
209 81 
346 150 
7 644 
345 388 
93 435 
361 759 
220 154 
93 759 
346 644 
83 636 
209 638 
447 600 
253 882 
373 734 
424 35 
361 395 
313 596 
209 597 
93 395 
515 360 
592 4 
7 295 
361 388 
48 105 
883 635 
370 88 
361 423 
361 270 
353 443 
424 388 
392 869 
883 159 
883 585 
747 105 
435 266 
174 152 
353 252 
435 244 
353 523 
435 867 
353 786 
424 35 
435 295 
435 759 
497 878 
435 852 
353 777 
435 222 
435 361 
435 35 
827 395 
827 852 
662 725 
662 444 
662 257 
573 493 
14 701 
43 419 
49 876 
538 296 
731 736 
851 445 
538 270 
193 393 
753 868 
538 759 
418 240 
737 759 
478 546 
361 395 
209 786 
538 743 
743 179 
361 678 
418 495 
743 249 
538 40 
49 558 
49 644 
357 444 
253 556 
357 538 
434 850 
538 545 
538 662 
434 887 
538 40 
62 510 
574 428 
341 179 
499 885 
53 558 
499 179 
418 376 
3 545 
49 247 
3 558 
3 662 
383 701 
418 251 
56 389 
434 227 
434 387 
53 154 
597 297 
434 852 
705 40 
190 389 
721 247 
56 393 
499 887 
870 60 
93 759 
93 394 
276 495 
93 627 
93 395 
291 868 
637 521 
435 759 
93 60 
93 152 
276 868 
639 675 
371 443 
435 852 
93 270 
30 126 
418 495 
386 559 
639 444 
124 389 
184 850 
221 549 
39 369 
645 895 
418 222 
645 523 
39 632 
637 549 
93 222 
499 512 
237 252 
93 376 
237 887 
424 675 
93 266 
435 222 
418 376 
93 290 
499 868 
620 222 
435 266 
70 154 
620 376 
93 233 
56 389 
386 103 
499 60 
53 154 
435 227 
220 154 
184 852 
118 850 
686 389 
378 389 
185 126 
56 389 
295 686 
848 266 
93 636 
50 376 
295 234 
269 240 
592 178 
260 740 
118 491 
220 154 
686 49 
580 644 
93 759 
100 708 
98 49 
592 362 
715 293 
715 61 
209 597 
100 868 
291 868 
295 676 
686 388 
743 179 
93 60 
592 632 
100 735 
100 869 
619 49 
378 686 
639 675 
100 40 
848 387 
279 428 
93 183 
1 741 
871 296 
50 444 
98 644 
295 154 
715 547 
686 154 
149 392 
93 678 
686 392 
871 178 
149 662 
837 389 
295 376 
592 126 
50 154 
149 376 
93 585 
220 632 
743 362 
518 431 
70 154 
518 540 
205 417 
608 235 
745 387 
418 290 
472 222 
83 355 
552 894 
49 636 
93 894 
70 389 
817 851 
93 290 
4 443 
341 179 
50 154 
752 154 
712 395 
100 290 
70 154 
472 701 
689 244 
472 676 
712 154 
472 708 
472 782 
753 868 
8 558 
785 445 
472 636 
83 776 
98 49 
712 686 
472 869 
47 776 
345 61 
205 443 
752 788 
212 88 
233 452 
735 887 
49 290 
47 636 
361 782 
752 89 
871 644 
445 389 
49 676 
70 558 
93 222 
55 89 
328 52 
83 232 
361 290 
8 90 
231 452 
848 394 
745 878 
50 444 
639 444 
173 227 
445 389 
392 86 
39 632 
538 296 
357 491 
424 675 
53 558 
667 548 
70 389 
538 559 
269 419 
538 40 
345 152 
93 290 
848 422 
186 757 
90 868 
825 126 
392 869 
50 154 
886 447 
315 154 
205 229 
166 389 
886 526 
186 222 
871 417 
606 788 
635 585 
100 290 
90 442 
313 421 
558 388 
428 387 
871 229 
834 725 
753 421 
186 484 
719 249 
98 389 
345 40 
392 556 
712 154 
346 40 
186 876 
445 152 
93 782 
346 644 
43 350 
825 899 
100 869 
269 90 
190 389 
817 491 
315 644 
871 296 
825 260 
374 878 
353 523 
645 780 
392 290 
777 868 
295 676 
578 590 
245 777 
578 231 
826 431 
548 283 
499 887 
351 389 
424 737 
90 437 
395 887 
834 389 
499 437 
49 290 
93 152 
445 389 
49 676 
392 86 
601 868 
102 869 
277 447 
295 424 
218 896 
418 290 
826 538 
578 517 
392 869 
156 394 
245 417 
518 387 
578 780 
90 319 
499 868 
738 512 
445 780 
295 686 
871 152 
90 737 
578 831 
319 363 
499 627 
871 780 
499 60 
786 775 
833 183 
90 737 
63 880 
61 636 
345 290 
14 222 
14 850 
445 780 
833 391 
336 734 
871 780 
8 558 
14 53 
63 644 
93 782 
336 35 
375 362 
472 782 
712 686 
712 424 
375 880 
93 394 
351 637 
824 850 
14 390 
833 644 
93 395 
363 86 
424 737 
833 388 
786 244 
49 290 
712 585 
833 395 
63 240 
49 644 
14 484 
378 686 
239 417 
49 558 
363 734 
274 376 
104 637 
14 242 
833 222 
336 729 
14 388 
93 222 
336 357 
833 240 
472 222 
351 734 
833 850 
93 290 
63 268 
833 851 
49 240 
833 517 
245 417 
871 417 
833 60 
313 421 
825 832 
624 186 
592 894 
276 49 
250 495 
42 484 
19 729 
435 290 
126 635 
825 627 
706 159 
194 705 
435 266 
250 431 
20 86 
478 159 
274 627 
499 627 
288 705 
48 762 
478 546 
412 232 
132 388 
276 868 
61 627 
126 159 
519 538 
274 60 
825 530 
825 183 
706 105 
592 484 
848 896 
744 155 
239 417 
539 376 
499 182 
77 129 
522 777 
39 894 
538 40 
538 296 
395 50 
50 757 
604 867 
395 790 
395 443 
395 442 
775 876 
78 179 
464 757 
39 242 
464 392 
395 434 
539 743 
121 421 
