460 442 
764 876 
637 249 
434 850 
475 774 
247 417 
870 434 
279 851 
281 868 
637 672 
245 417 
871 417 
495 627 
637 362 
494 60 
637 107 
395 869 
434 708 
495 60 
637 58 
576 853 
434 227 
7 644 
495 50 
891 106 
475 128 
495 447 
576 868 
288 705 
7 627 
475 628 
47 128 
495 389 
822 672 
637 248 
7 295 
637 266 
735 887 
604 179 
253 128 
507 425 
132 178 
601 868 
635 851 
495 759 
578 780 
281 868 
250 734 
604 734 
604 858 
601 129 
604 53 
39 248 
507 762 
637 437 
375 45 
343 45 
637 503 
759 759 
253 732 
637 775 
351 734 
93 894 
637 38 
844 40 
237 887 
637 704 
308 290 
887 526 
343 853 
49 704 
253 884 
253 544 
193 55 
418 376 
618 572 
51 387 
286 96 
887 703 
592 590 
592 437 
593 443 
870 789 
153 448 
721 590 
827 395 
688 290 
297 50 
295 686 
607 287 
286 240 
764 106 
592 38 
342 597 
887 260 
383 636 
286 387 
887 49 
592 45 
47 128 
827 260 
227 290 
887 319 
887 251 
887 81 
619 49 
827 852 
418 495 
49 290 
539 662 
618 448 
418 229 
93 290 
592 777 
688 843 
574 428 
418 290 
688 703 
34 287 
827 290 
3 701 
813 295 
154 517 
3 640 
274 60 
295 424 
813 376 
39 35 
295 376 
3 197 
827 290 
580 268 
93 290 
3 545 
3 558 
827 376 
494 388 
3 662 
622 387 
871 229 
580 740 
622 506 
274 627 
3 759 
274 775 
637 732 
592 851 
619 762 
14 701 
882 870 
420 428 
93 627 
93 395 
882 388 
813 543 
49 290 
269 701 
274 704 
49 558 
49 96 
517 236 
420 53 
3 90 
580 543 
245 156 
93 627 
60 597 
60 572 
63 495 
278 597 
735 887 
864 523 
269 701 
3 701 
719 672 
773 484 
773 222 
813 222 
274 267 
43 153 
813 52 
274 701 
60 741 
618 572 
360 738 
420 355 
444 874 
49 704 
274 4 
719 249 
601 732 
444 186 
49 236 
735 851 
360 387 
274 627 
773 387 
93 759 
14 701 
447 741 
637 437 
392 703 
253 239 
844 673 
135 437 
348 391 
360 876 
135 491 
844 502 
253 240 
64 391 
253 496 
135 701 
48 762 
871 484 
861 99 
418 36 
348 388 
844 866 
360 874 
253 50 
360 106 
392 86 
418 484 
135 510 
135 572 
392 179 
351 387 
392 869 
245 270 
418 229 
871 240 
418 376 
348 52 
580 391 
637 704 
64 52 
871 229 
135 484 
871 36 
775 876 
8 290 
582 510 
268 729 
90 388 
637 851 
346 179 
194 705 
637 437 
20 86 
412 572 
192 545 
392 556 
135 437 
135 329 
253 260 
192 157 
637 637 
378 686 
870 544 
777 425 
192 93 
522 105 
135 155 
135 572 
215 96 
582 240 
552 894 
618 572 
637 349 
637 556 
250 96 
83 355 
445 705 
83 738 
487 387 
250 701 
392 157 
577 155 
392 86 
841 431 
269 701 
635 851 
294 887 
841 437 
494 60 
288 7 
494 757 
494 740 
173 290 
173 388 
615 874 
678 708 
62 4 
62 183 
62 759 
395 734 
395 388 
362 197 
362 538 
870 734 
362 435 
362 380 
43 36 
362 759 
362 387 
187 878 
98 49 
870 878 
362 867 
187 387 
98 644 
362 448 
362 394 
187 183 
362 90 
362 5 
187 538 
362 244 
864 593 
77 129 
552 290 
827 290 
49 240 
98 392 
187 734 
517 239 
90 388 
98 546 
362 387 
41 736 
737 759 
361 597 
361 61 
817 876 
361 782 
362 887 
318 839 
813 556 
588 392 
361 270 
588 319 
30 126 
822 290 
62 734 
872 99 
285 296 
295 686 
861 759 
861 636 
861 387 
872 91 
392 556 
495 392 
861 644 
297 443 
19 734 
297 242 
392 703 
360 876 
156 105 
360 242 
156 887 
593 673 
592 4 
281 740 
705 40 
861 62 
831 39 
592 517 
378 686 
777 425 
592 182 
705 434 
360 874 
592 183 
705 106 
705 52 
360 738 
592 126 
592 590 
592 437 
592 736 
281 874 
705 445 
499 627 
494 60 
49 106 
243 152 
164 738 
731 850 
552 757 
243 81 
52 100 
731 308 
164 155 
288 705 
52 52 
499 60 
478 546 
360 572 
164 874 
731 291 
239 736 
52 742 
173 437 
164 224 
731 152 
731 226 
731 390 
499 437 
360 106 
49 437 
49 644 
499 182 
871 644 
47 729 
70 839 
164 99 
164 508 
615 874 
52 443 
636 757 
281 874 
52 419 
164 81 
341 544 
487 508 
552 290 
62 4 
741 98 
827 290 
164 637 
164 320 
132 297 
164 450 
552 257 
827 257 
164 544 
552 155 
375 45 
539 876 
243 887 
164 94 
220 154 
522 308 
164 734 
164 156 
171 240 
827 260 
841 127 
164 98 
164 554 
49 876 
318 839 
639 675 
345 387 
639 444 
395 290 
106 50 
186 152 
395 50 
624 496 
624 186 
639 222 
552 560 
381 437 
47 495 
445 637 
494 60 
789 618 
345 266 
744 153 
639 152 
53 154 
838 244 
345 572 
381 40 
392 290 
203 387 
360 572 
250 183 
237 308 
375 437 
578 830 
49 437 
345 387 
351 62 
106 50 
345 290 
205 615 
3 156 
39 830 
735 851 
3 775 
552 496 
686 544 
686 49 
592 99 
106 593 
274 775 
552 152 
375 437 
499 437 
813 222 
3 90 
813 186 
3 701 
3 244 
134 593 
205 417 
3 197 
205 229 
744 153 
3 775 
826 124 
835 153 
645 853 
243 887 
274 387 
826 701 
592 182 
363 887 
72 437 
50 444 
274 60 
360 106 
445 853 
363 244 
3 662 
826 437 
181 242 
49 106 
721 590 
592 258 
592 880 
93 894 
62 437 
497 705 
98 703 
93 290 
362 244 
362 538 
50 154 
592 437 
49 106 
346 544 
744 153 
345 156 
362 387 
98 49 
192 157 
345 572 
93 627 
677 538 
98 644 
93 152 
497 878 
592 60 
93 270 
49 437 
362 887 
345 152 
52 183 
49 644 
52 514 
546 380 
753 228 
52 81 
835 154 
592 508 
50 154 
184 244 
518 673 
494 60 
518 431 
733 31 
428 387 
215 154 
392 703 
499 627 
835 153 
360 572 
817 228 
428 538 
392 157 
619 49 
98 240 
345 572 
825 673 
98 49 
870 878 
192 157 
538 640 
825 254 
817 876 
870 544 
346 240 
71 105 
345 387 
825 97 
464 506 
538 545 
346 376 
395 50 
815 100 
346 183 
51 387 
420 355 
592 613 
362 244 
49 240 
49 387 
499 241 
362 380 
346 521 
744 153 
362 387 
71 387 
269 240 
375 880 
499 60 
775 876 
51 517 
194 705 
624 519 
288 705 
601 839 
420 868 
274 376 
33 634 
815 758 
775 832 
34 287 
269 876 
420 154 
164 637 
345 701 
269 96 
592 241 
592 156 
343 853 
98 392 
753 421 
420 740 
25 40 
313 421 
313 732 
164 853 
871 229 
346 544 
313 740 
164 544 
592 99 
871 392 
164 155 
580 634 
579 419 
164 156 
34 446 
34 740 
345 781 
345 392 
637 133 
34 674 
57 292 
164 99 
106 50 
592 880 
164 81 
753 228 
345 376 
362 758 
345 392 
579 355 
14 887 
49 437 
362 887 
539 662 
539 637 
552 544 
39 437 
580 5 
83 355 
269 419 
420 355 
64 355 
49 240 
98 392 
636 757 
64 850 
196 705 
515 387 
552 92 
194 705 
64 887 
221 544 
221 428 
288 705 
83 428 
515 757 
64 81 
64 373 
362 867 
758 240 
64 40 
64 496 
281 159 
64 391 
281 105 
281 740 
281 423 
418 36 
64 868 
64 94 
281 497 
601 372 
186 759 
445 133 
83 53 
668 417 
64 737 
601 868 
64 736 
445 853 
75 391 
418 229 
619 853 
574 428 
281 628 
192 395 
83 355 
269 876 
71 705 
50 154 
281 86 
668 49 
420 355 
445 705 
64 355 
192 152 
871 229 
64 673 
601 732 
83 732 
418 240 
71 387 
186 876 
64 152 
814 443 
418 240 
592 673 
221 428 
592 53 
418 290 
827 290 
814 360 
871 240 
512 97 
827 395 
601 732 
576 443 
392 157 
370 88 
392 86 
202 183 
173 50 
633 96 
633 544 
171 240 
279 428 
279 240 
279 851 
737 283 
49 240 
279 35 
360 572 
737 40 
49 96 
588 446 
49 876 
56 389 
411 107 
411 101 
716 851 
418 240 
41 736 
276 781 
411 856 
870 868 
411 832 
870 133 
237 887 
592 54 
276 105 
592 736 
592 286 
592 133 
592 873 
592 611 
592 239 
592 373 
63 96 
592 612 
592 881 
345 572 
592 222 
39 133 
276 495 
276 868 
1 741 
276 572 
592 105 
276 49 
362 5 
149 392 
53 558 
871 240 
149 662 
93 290 
60 741 
633 96 
443 386 
593 597 
362 759 
362 387 
592 854 
156 105 
201 517 
291 373 
156 235 
93 627 
392 290 
291 741 
83 186 
83 33 
814 387 
405 102 
405 590 
522 105 
576 391 
362 90 
362 244 
149 90 
872 99 
405 740 
814 150 
731 270 
227 244 
814 559 
405 391 
731 850 
686 544 
83 105 
814 629 
731 594 
731 222 
20 843 
383 869 
633 544 
627 107 
576 868 
592 99 
777 868 
548 257 
362 361 
814 254 
274 183 
593 56 
429 708 
418 290 
633 283 
149 4 
405 850 
731 395 
149 639 
637 107 
383 738 
274 4 
702 55 
553 596 
47 495 
552 257 
346 544 
637 290 
842 293 
346 40 
418 240 
93 782 
622 506 
779 88 
93 759 
149 514 
134 40 
627 786 
39 133 
553 370 
52 4 
583 242 
126 555 
60 596 
52 616 
209 295 
93 270 
842 159 
93 484 
515 395 
779 540 
553 887 
93 290 
428 380 
237 60 
290 424 
279 240 
39 369 
126 552 
39 370 
601 868 
279 851 
39 35 
418 290 
62 4 
351 387 
290 585 
237 887 
279 333 
601 881 
93 290 
132 741 
62 376 
829 428 
62 292 
872 99 
829 855 
842 102 
194 705 
775 832 
39 380 
369 369 
51 542 
775 876 
41 736 
779 741 
227 244 
290 870 
538 369 
39 242 
686 544 
418 240 
62 759 
93 107 
18 107 
62 443 
39 628 
126 609 
274 240 
39 129 
39 555 
414 261 
374 878 
51 639 
779 87 
551 40 
818 675 
281 242 
39 369 
281 86 
367 444 
445 107 
585 105 
93 107 
812 389 
209 786 
744 786 
826 431 
592 292 
592 60 
826 395 
193 740 
816 491 
411 538 
424 738 
411 832 
826 701 
585 738 
585 324 
345 60 
345 152 
585 874 
592 832 
592 81 
376 675 
418 290 
424 675 
418 65 
814 360 
345 701 
592 675 
826 437 
592 736 
445 107 
816 370 
592 133 
816 97 
816 530 
345 40 
826 56 
411 107 
826 240 
376 595 
253 240 
97 33 
826 387 
585 736 
636 360 
464 672 
269 240 
384 636 
384 2 
384 179 
627 107 
825 673 
39 248 
719 265 
538 369 
194 105 
719 248 
41 324 
826 248 
719 541 
153 40 
158 701 
826 701 
592 60 
826 392 
555 283 
158 227 
719 672 
392 86 
464 287 
825 530 
411 102 
39 437 
392 179 
464 40 
637 617 
538 40 
464 248 
384 676 
371 850 
464 541 
518 742 
384 152 
158 557 
134 103 
362 380 
585 105 
362 387 
411 107 
330 876 
47 152 
428 538 
384 735 
593 673 
93 394 
93 92 
93 154 
499 832 
346 376 
585 324 
424 735 
93 594 
93 437 
362 244 
93 376 
269 876 
93 839 
93 290 
239 60 
276 105 
721 290 
93 133 
553 887 
295 424 
424 412 
39 437 
39 742 
93 376 
93 290 
153 557 
553 443 
62 376 
201 786 
351 387 
50 154 
62 183 
637 672 
585 835 
637 107 
39 380 
585 183 
548 833 
39 538 
411 388 
585 152 
540 870 
721 335 
93 636 
585 105 
62 759 
93 107 
93 435 
93 759 
383 412 
153 786 
39 133 
93 102 
553 370 
721 247 
346 240 
93 60 
586 105 
93 152 
209 829 
585 738 
553 50 
411 538 
326 152 
39 369 
637 829 
201 324 
592 835 
592 585 
592 183 
169 40 
93 154 
435 852 
552 544 
705 106 
585 324 
424 735 
201 206 
169 152 
39 206 
39 370 
538 412 
243 106 
93 290 
424 412 
592 832 
346 183 
93 870 
39 104 
592 870 
721 290 
39 183 
93 133 
201 56 
181 242 
201 178 
552 257 
579 738 
346 544 
243 152 
592 133 
552 92 
585 835 
192 92 
274 412 
181 372 
592 92 
551 549 
50 376 
764 106 
592 178 
221 257 
201 254 
721 178 
93 759 
50 360 
592 673 
538 369 
221 544 
62 388 
62 759 
164 156 
470 178 
243 290 
705 40 
592 850 
39 133 
777 265 
592 735 
435 867 
777 868 
551 833 
153 103 
269 240 
686 544 
30 97 
253 393 
271 106 
253 339 
782 2 
601 839 
717 897 
633 644 
686 94 
362 867 
147 431 
347 556 
253 50 
164 99 
546 673 
136 339 
424 412 
418 515 
164 508 
428 380 
418 290 
633 557 
813 370 
538 412 
184 244 
362 380 
274 412 
164 853 
601 129 
822 558 
164 544 
164 738 
633 544 
633 240 
90 868 
842 102 
346 544 
48 393 
592 103 
552 92 
512 97 
346 491 
90 737 
826 762 
362 387 
592 92 
269 240 
221 544 
592 324 
50 554 
719 265 
592 99 
826 387 
360 572 
83 105 
592 790 
826 431 
592 431 
424 737 
345 92 
134 853 
318 558 
39 129 
592 835 
345 392 
346 240 
71 105 
295 154 
693 102 
39 369 
842 701 
592 105 
842 159 
345 60 
552 544 
813 370 
39 370 
592 508 
153 557 
813 835 
50 154 
39 183 
295 183 
592 484 
842 484 
84 555 
560 245 
552 876 
842 319 
592 491 
158 596 
346 183 
552 133 
204 81 
592 388 
134 103 
842 876 
696 889 
552 257 
560 395 
592 103 
592 133 
552 92 
204 35 
346 491 
136 686 
592 92 
842 635 
346 644 
842 233 
842 178 
592 874 
445 245 
842 843 
552 291 
552 547 
560 295 
560 387 
842 107 
136 544 
592 60 
560 393 
136 319 
435 759 
61 372 
98 644 
61 324 
842 152 
842 127 
204 54 
136 40 
61 874 
592 183 
842 183 
592 81 
560 152 
592 220 
318 839 
136 240 
136 319 
136 149 
345 60 
192 388 
85 40 
744 240 
552 894 
84 293 
842 319 
592 491 
346 183 
552 133 
592 894 
192 152 
592 388 
269 876 
237 887 
872 99 
445 107 
192 92 
744 152 
592 133 
187 150 
552 92 
346 491 
744 153 
192 703 
592 92 
136 283 
345 388 
675 448 
192 545 
136 290 
48 762 
619 762 
345 92 
136 543 
346 240 
181 295 
237 308 
250 222 
250 65 
250 544 
592 491 
490 701 
250 393 
346 491 
592 179 
503 103 
279 2 
825 178 
825 673 
825 97 
627 388 
627 107 
270 694 
577 515 
153 448 
176 231 
239 290 
627 53 
39 555 
627 206 
627 786 
627 390 
52 183 
693 102 
39 206 
176 107 
39 127 
813 370 
52 387 
134 308 
209 541 
870 293 
405 850 
383 738 
342 596 
234 789 
362 387 
18 897 
710 65 
383 2 
383 81 
383 412 
209 236 
519 387 
134 40 
209 786 
39 231 
383 293 
405 737 
362 448 
185 254 
383 782 
342 493 
52 81 
405 102 
546 673 
637 133 
637 829 
418 515 
538 545 
538 412 
62 376 
343 853 
56 94 
62 183 
822 558 
733 394 
56 543 
62 388 
62 759 
247 515 
35 369 
247 290 
538 291 
62 395 
494 103 
859 308 
250 701 
383 412 
149 759 
47 81 
49 515 
134 853 
49 290 
859 452 
585 868 
585 324 
618 393 
84 293 
418 376 
731 395 
47 495 
731 627 
49 495 
418 786 
870 789 
512 97 
585 835 
585 183 
90 737 
671 261 
870 290 
731 594 
367 50 
585 105 
70 154 
73 241 
52 133 
209 81 
62 50 
591 890 
369 369 
392 703 
585 105 
744 726 
627 332 
499 627 
52 100 
717 261 
842 897 
153 786 
753 868 
842 178 
209 102 
627 206 
62 759 
395 93 
209 786 
717 897 
224 226 
627 786 
369 452 
827 852 
52 4 
62 395 
499 491 
47 81 
591 352 
627 221 
52 81 
383 293 
70 558 
627 34 
70 839 
392 179 
395 50 
52 387 
842 319 
209 493 
209 206 
52 419 
842 102 
190 735 
345 152 
424 412 
253 283 
93 894 
93 839 
93 290 
253 40 
93 133 
424 890 
371 618 
276 105 
357 102 
192 92 
733 387 
192 545 
93 782 
93 233 
362 387 
93 295 
392 556 
345 388 
93 107 
93 759 
326 673 
209 102 
93 102 
437 708 
840 50 
369 226 
93 183 
93 60 
98 644 
93 92 
93 152 
424 738 
253 50 
93 484 
190 45 
153 735 
848 394 
56 493 
274 376 
500 290 
385 365 
759 493 
136 40 
674 40 
274 701 
593 50 
418 515 
546 673 
418 290 
633 283 
385 549 
418 376 
153 557 
209 493 
274 412 
637 107 
586 726 
14 557 
385 222 
136 50 
56 389 
136 283 
385 103 
181 295 
326 673 
385 49 
47 152 
14 701 
209 786 
546 389 
49 290 
221 544 
221 257 
555 833 
44 589 
592 308 
553 370 
274 874 
149 706 
272 105 
422 589 
553 50 
14 887 
385 735 
164 99 
164 81 
553 887 
592 508 
336 729 
591 74 
424 412 
385 518 
515 395 
813 835 
164 508 
705 308 
592 894 
592 388 
592 491 
422 600 
209 897 
592 103 
592 133 
555 257 
274 412 
164 853 
164 738 
18 897 
70 874 
164 544 
746 850 
592 99 
124 897 
385 887 
592 627 
592 103 
592 133 
825 627 
825 103 
552 92 
700 178 
385 290 
5 179 
136 50 
735 53 
700 155 
592 92 
592 179 
70 874 
136 283 
5 832 
585 105 
221 544 
93 107 
274 627 
700 387 
592 324 
592 673 
825 673 
825 288 
700 858 
592 874 
5 596 
93 102 
871 81 
592 394 
700 36 
93 627 
825 540 
238 308 
592 53 
735 887 
49 290 
93 152 
274 874 
136 544 
592 60 
136 240 
825 97 
147 431 
414 261 
385 388 
552 544 
371 706 
700 734 
626 81 
592 105 
585 611 
637 133 
585 324 
464 868 
464 349 
592 2 
585 874 
592 81 
385 829 
552 894 
93 894 
700 895 
93 290 
825 832 
552 133 
592 894 
93 870 
49 240 
190 596 
371 222 
592 870 
585 835 
445 107 
375 706 
39 206 
39 370 
346 895 
190 596 
227 503 
39 183 
111 422 
637 107 
604 850 
552 92 
842 102 
346 258 
604 387 
346 544 
18 897 
264 387 
842 293 
243 293 
637 206 
274 627 
133 636 
93 295 
842 233 
842 178 
124 897 
326 673 
227 763 
221 544 
745 538 
134 503 
705 102 
753 596 
126 897 
204 308 
395 734 
274 874 
593 492 
150 548 
93 60 
274 596 
604 290 
604 197 
93 92 
395 858 
842 701 
243 549 
39 894 
552 544 
842 183 
39 369 
546 673 
744 240 
637 372 
8 90 
637 240 
637 349 
592 894 
685 72 
126 104 
49 240 
552 560 
126 103 
592 870 
460 850 
592 590 
592 627 
637 851 
637 120 
18 897 
592 178 
274 627 
592 349 
288 705 
58 395 
124 897 
326 673 
209 102 
39 596 
637 544 
29 242 
126 897 
592 851 
29 443 
592 60 
274 596 
592 183 
637 443 
445 389 
445 853 
895 560 
637 133 
39 894 
39 290 
592 258 
546 673 
744 240 
552 894 
842 701 
631 492 
842 104 
383 703 
842 183 
313 387 
411 614 
39 894 
274 701 
255 552 
134 308 
411 102 
478 868 
825 832 
84 330 
222 35 
392 179 
424 394 
552 894 
826 491 
49 240 
592 242 
39 183 
552 133 
826 492 
825 326 
313 245 
313 701 
842 876 
411 435 
313 421 
411 332 
67 888 
411 326 
383 738 
18 897 
825 627 
411 388 
5 179 
735 851 
313 740 
18 843 
592 673 
842 897 
39 387 
39 242 
695 549 
592 178 
274 598 
842 178 
825 178 
39 285 
313 150 
39 596 
5 596 
411 774 
478 546 
383 186 
255 46 
39 133 
522 394 
592 308 
313 736 
67 685 
147 388 
98 240 
238 132 
313 598 
411 354 
39 323 
274 387 
313 433 
238 308 
688 394 
411 832 
313 355 
39 703 
326 673 
522 394 
411 542 
424 35 
551 833 
592 394 
237 308 
18 523 
346 240 
592 517 
98 240 
499 491 
378 686 
411 222 
31 868 
411 686 
154 705 
18 238 
698 337 
39 491 
546 673 
411 437 
384 782 
255 739 
362 90 
417 290 
478 868 
574 428 
39 35 
31 627 
424 394 
424 675 
332 782 
39 517 
98 703 
592 491 
552 133 
255 35 
18 290 
49 240 
700 390 
411 435 
384 152 
371 850 
362 435 
592 675 
578 855 
8 197 
147 157 
546 245 
371 741 
592 627 
592 133 
411 388 
346 491 
51 517 
255 776 
39 46 
700 503 
700 644 
411 517 
499 627 
247 515 
592 673 
592 222 
39 133 
593 843 
700 77 
777 265 
371 390 
777 868 
627 673 
346 544 
579 776 
369 369 
392 92 
369 748 
238 78 
50 376 
39 242 
871 36 
5 179 
623 31 
460 437 
83 701 
620 888 
18 843 
369 749 
39 156 
39 186 
842 897 
392 703 
39 387 
842 178 
686 544 
326 673 
221 544 
39 77 
872 880 
90 734 
39 133 
39 78 
237 308 
637 544 
39 238 
827 852 
363 93 
245 777 
392 157 
83 186 
418 36 
190 78 
627 786 
747 242 
623 266 
546 511 
39 495 
818 675 
77 519 
39 703 
3 90 
417 593 
465 337 
623 445 
279 428 
842 152 
871 78 
39 308 
418 874 
601 868 
346 53 
552 544 
39 290 
539 662 
369 730 
39 369 
585 868 
39 35 
39 491 
417 308 
522 777 
39 517 
585 186 
585 874 
39 437 
39 90 
627 388 
371 178 
392 179 
376 675 
39 152 
250 495 
424 675 
50 154 
3 412 
827 290 
623 156 
98 703 
623 876 
346 854 
3 662 
623 157 
245 308 
785 387 
637 423 
552 92 
39 373 
346 179 
209 206 
538 412 
270 746 
405 850 
93 290 
51 387 
39 183 
686 734 
47 495 
552 78 
826 492 
826 437 
269 876 
19 102 
313 701 
203 266 
32 293 
842 102 
192 92 
238 492 
842 876 
825 78 
552 92 
32 393 
699 2 
101 338 
93 233 
745 183 
203 31 
353 34 
8 558 
51 610 
238 31 
842 178 
825 178 
686 544 
221 544 
270 155 
313 730 
39 78 
507 762 
326 673 
209 102 
39 596 
5 596 
238 393 
14 701 
678 197 
209 786 
363 867 
100 40 
827 852 
359 97 
238 308 
83 326 
353 50 
424 451 
826 701 
19 206 
842 701 
136 240 
437 852 
871 78 
579 355 
435 852 
14 326 
552 544 
856 235 
538 545 
405 102 
546 673 
238 37 
134 308 
424 412 
39 437 
608 235 
538 662 
19 221 
32 224 
83 355 
65 293 
125 637 
737 238 
842 701 
582 853 
579 874 
871 78 
253 50 
593 50 
392 179 
147 106 
863 554 
164 81 
147 337 
134 308 
392 412 
552 876 
582 503 
552 78 
826 437 
269 876 
424 773 
243 308 
871 240 
164 637 
392 510 
552 133 
826 492 
58 862 
775 832 
147 157 
204 35 
512 97 
698 751 
238 78 
775 876 
348 445 
371 308 
627 673 
552 751 
548 833 
392 92 
863 552 
204 706 
367 50 
147 751 
153 786 
164 155 
593 843 
842 233 
39 78 
698 106 
209 102 
526 843 
824 850 
735 183 
14 701 
747 242 
209 597 
428 538 
871 484 
435 867 
747 443 
698 517 
204 308 
371 50 
348 102 
392 157 
318 839 
494 103 
826 701 
367 224 
204 224 
593 492 
619 240 
392 389 
735 887 
39 78 
237 308 
93 102 
371 50 
190 78 
359 97 
93 60 
411 538 
418 36 
18 238 
19 206 
411 686 
825 97 
93 703 
825 183 
93 197 
359 88 
592 880 
835 154 
274 701 
281 781 
747 308 
93 376 
359 437 
237 887 
870 293 
93 839 
418 376 
579 183 
250 892 
149 90 
93 870 
592 437 
19 102 
245 308 
835 394 
592 78 
592 133 
825 78 
706 159 
747 50 
93 782 
93 233 
549 415 
93 636 
842 233 
221 544 
93 107 
860 858 
601 839 
93 510 
345 266 
712 154 
592 178 
712 283 
92 99 
592 673 
522 308 
712 686 
92 130 
712 424 
827 852 
592 517 
619 240 
592 104 
619 2 
418 515 
253 2 
518 178 
277 106 
346 183 
50 154 
871 308 
592 870 
592 675 
70 154 
346 544 
31 887 
93 376 
93 870 
93 4 
346 183 
93 133 
592 78 
346 179 
346 544 
592 179 
221 544 
592 4 
136 544 
93 183 
592 127 
346 240 
274 376 
871 78 
197 446 
592 183 
592 51 
346 376 
274 183 
346 4 
645 762 
93 437 
662 257 
60 435 
93 435 
93 120 
392 179 
585 186 
677 245 
14 701 
677 538 
546 673 
274 183 
250 389 
699 747 
295 424 
777 293 
250 127 
705 308 
705 106 
279 35 
41 738 
250 495 
699 442 
279 2 
478 546 
41 324 
362 867 
153 40 
709 636 
363 867 
873 181 
699 662 
538 40 
39 127 
39 206 
538 412 
199 219 
870 293 
873 589 
51 517 
39 78 
873 678 
519 387 
360 395 
472 676 
635 678 
872 687 
93 782 
78 179 
580 437 
580 876 
472 782 
376 735 
376 448 
635 70 
472 636 
838 244 
411 517 
64 391 
635 181 
472 869 
237 308 
580 634 
762 102 
635 108 
375 150 
472 412 
768 832 
580 543 
105 763 
385 452 
580 897 
768 222 
762 444 
580 727 
19 206 
593 492 
411 222 
411 832 
737 238 
580 52 
376 186 
472 222 
376 868 
376 40 
593 50 
237 452 
580 5 
376 675 
753 35 
269 876 
376 876 
710 727 
478 387 
733 31 
472 786 
592 78 
580 51 
376 372 
838 387 
546 538 
168 516 
279 35 
602 762 
395 442 
686 389 
435 762 
838 244 
435 544 
435 867 
698 517 
478 676 
871 78 
318 389 
645 127 
395 452 
437 244 
250 127 
709 595 
627 498 
634 393 
346 376 
627 614 
346 4 
289 182 
627 388 
36 155 
62 4 
93 376 
39 127 
49 636 
634 415 
826 492 
346 544 
49 387 
634 50 
148 182 
842 293 
540 444 
627 332 
92 99 
445 245 
62 388 
826 387 
627 206 
619 762 
49 515 
250 222 
289 393 
709 636 
709 868 
62 434 
592 4 
29 443 
709 738 
346 269 
623 266 
777 595 
209 543 
392 389 
777 735 
592 517 
257 362 
592 127 
592 415 
592 183 
93 678 
636 443 
346 546 
546 673 
85 40 
346 4 
592 832 
98 495 
392 179 
359 126 
392 869 
209 206 
93 4 
85 443 
592 870 
346 183 
623 157 
592 388 
93 870 
677 245 
751 155 
279 182 
85 68 
623 876 
592 675 
543 388 
775 832 
85 331 
546 245 
712 154 
93 543 
98 546 
346 179 
775 876 
623 31 
98 389 
203 31 
18 897 
209 376 
85 290 
134 155 
346 443 
257 389 
247 515 
592 673 
91 154 
712 424 
526 843 
50 376 
747 50 
842 843 
353 786 
156 235 
721 442 
771 596 
747 443 
697 491 
601 127 
353 50 
19 206 
418 495 
743 249 
50 444 
842 701 
194 389 
752 267 
418 515 
253 2 
424 675 
743 99 
50 154 
743 362 
418 389 
39 183 
827 395 
498 495 
233 519 
842 876 
8 490 
424 763 
32 747 
346 183 
842 96 
375 443 
19 102 
411 435 
634 415 
610 257 
773 288 
842 102 
192 92 
411 332 
192 703 
70 154 
411 326 
346 491 
8 662 
98 389 
346 443 
842 897 
56 543 
247 515 
149 503 
91 154 
243 290 
710 886 
173 389 
842 107 
156 103 
411 832 
842 127 
871 389 
842 159 
842 183 
538 490 
538 662 
411 614 
769 117 
243 106 
104 389 
604 395 
376 40 
411 102 
274 244 
156 387 
376 675 
710 635 
376 876 
91 152 
764 876 
274 183 
764 736 
709 425 
560 592 
709 736 
560 245 
560 544 
424 675 
560 2 
777 392 
269 876 
785 387 
560 40 
827 395 
3 662 
333 572 
777 522 
253 883 
443 386 
745 748 
560 791 
560 883 
560 852 
362 387 
181 372 
560 884 
435 762 
369 748 
445 245 
435 544 
560 543 
346 644 
560 496 
132 443 
345 31 
745 662 
552 572 
709 592 
91 734 
783 491 
560 387 
745 35 
560 260 
91 686 
560 339 
510 130 
560 882 
777 425 
822 235 
35 510 
26 40 
105 763 
53 152 
378 686 
288 245 
1 741 
842 152 
250 127 
14 326 
478 868 
418 393 
26 393 
50 154 
478 387 
333 572 
842 876 
418 389 
842 102 
871 152 
360 876 
279 2 
185 133 
842 635 
619 895 
539 876 
360 395 
478 546 
360 572 
848 31 
777 868 
164 544 
164 738 
135 491 
90 867 
93 107 
247 515 
719 442 
93 102 
93 510 
552 572 
49 515 
719 541 
93 152 
513 294 
106 157 
871 389 
848 394 
405 102 
250 389 
699 747 
104 389 
439 50 
135 572 
552 442 
634 393 
250 544 
325 288 
93 290 
130 183 
250 349 
405 491 
250 393 
719 249 
50 152 
209 376 
326 673 
19 734 
367 443 
552 572 
435 867 
552 152 
62 395 
698 152 
350 372 
460 442 
185 736 
435 572 
619 389 
62 734 
346 546 
253 2 
585 324 
350 271 
698 70 
551 154 
350 447 
62 510 
627 388 
50 294 
756 102 
50 154 
711 589 
250 234 
209 152 
775 491 
775 832 
19 102 
346 544 
619 393 
62 50 
627 673 
295 686 
424 763 
367 50 
185 102 
295 234 
779 88 
93 435 
362 435 
842 102 
350 554 
429 852 
842 876 
295 686 
812 126 
363 767 
712 686 
83 636 
192 157 
578 590 
709 738 
93 510 
712 96 
363 867 
705 102 
83 387 
350 767 
362 867 
91 686 
709 636 
825 260 
378 686 
363 734 
362 394 
709 868 
93 703 
842 183 
460 395 
712 240 
362 5 
709 425 
350 704 
747 874 
478 868 
93 376 
295 376 
363 244 
350 874 
686 734 
62 376 
362 244 
362 197 
363 446 
552 451 
764 446 
62 183 
745 748 
478 868 
552 442 
98 91 
495 704 
362 244 
712 394 
756 102 
386 92 
411 326 
62 183 
756 445 
126 635 
825 103 
395 442 
443 386 
181 372 
295 686 
287 672 
126 46 
435 244 
133 636 
253 240 
97 592 
495 447 
134 503 
209 376 
618 442 
209 102 
14 701 
209 597 
395 867 
435 867 
395 386 
395 446 
362 867 
596 672 
395 734 
126 159 
117 394 
149 183 
411 832 
709 868 
628 672 
348 102 
392 157 
49 644 
295 154 
378 686 
363 734 
743 249 
48 326 
14 326 
62 734 
585 868 
257 503 
376 868 
376 40 
585 874 
582 503 
173 442 
376 675 
743 99 
93 376 
640 730 
363 244 
376 876 
592 870 
62 376 
592 388 
93 870 
264 31 
363 446 
592 133 
592 736 
604 850 
376 372 
777 522 
604 387 
295 686 
546 245 
756 49 
712 154 
756 154 
348 445 
604 895 
185 126 
173 50 
53 672 
592 179 
592 99 
7 644 
227 763 
48 522 
19 734 
712 686 
360 395 
48 762 
743 179 
604 104 
585 736 
743 350 
363 867 
367 541 
257 62 
30 373 
777 425 
566 592 
173 393 
712 686 
519 734 
267 159 
243 887 
136 96 
8 395 
19 734 
269 90 
243 290 
678 393 
616 242 
267 197 
743 124 
712 585 
173 389 
209 86 
136 544 
47 2 
136 240 
93 183 
47 271 
149 183 
625 220 
709 868 
184 850 
49 676 
363 887 
895 560 
392 86 
136 40 
519 538 
148 68 
269 662 
164 99 
309 354 
93 376 
617 618 
712 388 
243 106 
8 90 
93 290 
173 388 
510 99 
478 387 
275 886 
825 126 
353 55 
49 106 
764 446 
579 159 
93 585 
47 495 
519 443 
93 133 
443 386 
8 197 
519 390 
19 102 
519 676 
136 686 
295 686 
712 154 
198 704 
700 644 
891 106 
745 538 
712 734 
49 704 
719 249 
266 63 
833 152 
593 597 
163 442 
566 749 
198 2 
266 222 
266 558 
295 686 
280 227 
266 418 
833 445 
113 155 
50 376 
871 91 
198 704 
32 747 
891 106 
369 749 
478 734 
147 751 
842 635 
266 90 
592 124 
755 388 
43 350 
266 91 
737 40 
132 443 
266 390 
32 49 
712 686 
512 126 
777 868 
737 388 
753 596 
698 517 
753 85 
56 393 
833 242 
822 672 
426 197 
347 556 
848 70 
136 319 
202 387 
710 497 
266 508 
478 676 
424 451 
842 152 
266 863 
132 178 
544 124 
77 129 
266 559 
266 65 
842 159 
842 183 
70 558 
147 446 
478 868 
369 730 
70 839 
266 437 
822 389 
14 242 
592 508 
700 895 
266 451 
375 319 
753 35 
359 126 
295 376 
424 675 
566 735 
266 233 
266 689 
266 61 
592 870 
826 443 
478 387 
645 2 
592 437 
274 244 
275 701 
359 437 
637 672 
561 237 
478 387 
359 126 
592 126 
50 154 
592 437 
835 394 
785 387 
347 452 
637 704 
785 394 
495 634 
592 133 
275 644 
580 644 
568 445 
824 32 
852 729 
338 97 
580 634 
275 293 
275 61 
562 72 
14 701 
318 558 
274 155 
592 585 
592 517 
323 308 
592 60 
445 389 
568 628 
158 227 
568 226 
318 389 
14 242 
378 686 
85 56 
564 387 
277 447 
91 152 
777 293 
346 376 
350 271 
523 446 
85 443 
495 704 
346 183 
564 152 
85 60 
275 221 
580 282 
85 68 
85 294 
346 179 
348 152 
568 360 
346 443 
346 644 
275 512 
187 38 
91 154 
437 690 
721 442 
712 686 
91 734 
580 543 
91 686 
564 830 
231 308 
192 157 
494 103 
706 635 
231 452 
856 235 
238 75 
863 554 
231 887 
238 392 
494 736 
90 319 
706 159 
238 56 
173 585 
173 393 
173 290 
274 319 
173 72 
274 596 
158 596 
173 388 
662 394 
295 686 
48 491 
243 152 
627 618 
56 543 
677 245 
705 445 
705 282 
97 592 
677 538 
49 515 
49 644 
378 686 
19 56 
349 446 
49 106 
164 81 
592 508 
255 552 
255 35 
580 282 
580 514 
580 81 
255 776 
279 2 
164 544 
580 644 
383 412 
164 155 
580 852 
340 735 
340 52 
395 867 
395 386 
47 56 
395 734 
585 736 
268 492 
378 686 
326 446 
383 782 
255 592 
164 508 
395 452 
709 636 
842 701 
250 644 
842 152 
250 65 
637 133 
842 159 
91 152 
519 538 
341 544 
255 552 
148 68 
538 40 
567 757 
164 508 
418 290 
418 65 
842 319 
418 376 
785 387 
870 734 
570 788 
567 36 
478 159 
255 776 
164 544 
842 635 
83 159 
30 437 
785 445 
341 672 
737 40 
255 46 
83 776 
83 636 
91 734 
384 157 
709 690 
83 387 
91 686 
478 546 
14 701 
630 557 
388 538 
48 878 
424 737 
592 851 
52 4 
63 495 
380 294 
861 62 
63 240 
359 739 
57 742 
392 86 
341 544 
592 508 
709 736 
259 572 
630 268 
226 431 
226 237 
418 96 
630 94 
4 443 
519 443 
630 357 
630 558 
863 552 
630 737 
733 387 
478 159 
221 544 
745 538 
98 546 
305 240 
346 491 
560 883 
630 737 
150 319 
395 867 
625 437 
26 70 
630 417 
257 62 
424 737 
346 240 
831 394 
49 96 
209 86 
513 294 
147 517 
435 572 
26 117 
630 268 
257 503 
346 376 
777 392 
705 52 
98 91 
150 734 
50 294 
209 268 
871 417 
630 319 
50 154 
305 854 
764 446 
305 179 
131 50 
328 52 
560 508 
560 290 
131 546 
131 431 
699 628 
870 734 
64 52 
131 443 
243 152 
305 94 
305 393 
131 530 
625 387 
478 734 
734 446 
305 90 
777 264 
478 546 
64 282 
870 878 
630 417 
131 387 
392 157 
49 290 
606 484 
26 705 
131 224 
305 507 
136 319 
239 417 
239 155 
64 394 
856 767 
560 245 
328 484 
49 290 
3 639 
316 297 
383 293 
842 701 
384 782 
383 782 
478 868 
472 507 
714 373 
384 222 
472 222 
842 484 
630 786 
104 389 
842 319 
538 40 
424 412 
93 863 
383 546 
122 428 
833 851 
737 290 
83 734 
384 546 
472 546 
122 759 
478 510 
3 545 
833 60 
3 558 
3 662 
333 572 
201 56 
3 156 
83 546 
842 96 
383 676 
478 394 
567 253 
384 786 
472 786 
630 558 
384 676 
39 373 
350 530 
93 233 
538 264 
384 507 
472 701 
472 676 
712 154 
247 763 
424 763 
383 507 
538 759 
478 734 
29 484 
122 92 
472 782 
383 412 
384 869 
39 572 
472 636 
478 546 
83 739 
383 869 
209 786 
383 450 
712 686 
472 869 
871 484 
83 636 
383 736 
3 759 
560 557 
384 412 
472 412 
122 538 
560 387 
384 157 
560 558 
478 730 
478 676 
437 690 
777 868 
192 157 
777 264 
19 52 
269 90 
83 33 
48 105 
375 297 
395 734 
49 290 
85 56 
838 290 
326 445 
359 105 
269 391 
318 389 
369 730 
437 767 
85 40 
19 56 
538 40 
269 662 
538 662 
737 290 
134 297 
538 78 
448 450 
269 78 
756 445 
85 294 
538 264 
83 261 
285 512 
671 261 
478 734 
369 748 
247 763 
269 240 
305 510 
134 155 
438 498 
371 431 
104 392 
538 264 
438 329 
756 179 
829 412 
393 290 
567 49 
371 360 
777 264 
360 572 
353 786 
737 40 
420 428 
552 572 
438 148 
429 52 
156 235 
743 124 
105 763 
353 629 
49 290 
743 350 
709 636 
709 690 
279 428 
715 886 
173 428 
360 874 
715 484 
743 249 
438 6 
552 544 
438 874 
438 283 
438 81 
438 392 
438 45 
552 560 
438 229 
420 355 
709 874 
871 229 
395 86 
51 831 
578 871 
134 297 
764 446 
3 662 
102 789 
671 261 
675 448 
221 428 
221 544 
576 672 
64 391 
698 517 
503 734 
698 60 
274 319 
628 672 
375 297 
102 86 
269 391 
433 222 
552 544 
102 869 
562 247 
36 50 
698 56 
359 446 
50 444 
50 55 
424 412 
269 662 
499 512 
359 437 
287 357 
582 503 
395 86 
50 154 
411 388 
424 763 
595 831 
47 546 
209 81 
424 874 
91 727 
14 701 
91 154 
863 55 
411 354 
91 734 
283 538 
395 734 
50 283 
209 86 
892 81 
892 392 
135 510 
381 610 
381 788 
392 869 
135 152 
392 412 
623 157 
381 96 
135 484 
98 546 
346 544 
392 92 
424 763 
623 31 
392 556 
247 763 
43 350 
51 610 
381 88 
381 295 
48 105 
381 735 
381 559 
392 157 
381 597 
102 86 
346 880 
842 701 
623 445 
392 86 
14 701 
863 55 
19 734 
743 350 
300 887 
616 706 
493 837 
91 734 
392 157 
91 424 
392 389 
91 290 
102 86 
91 152 
383 874 
19 56 
493 493 
102 869 
424 412 
460 510 
349 446 
62 510 
122 428 
429 690 
418 96 
392 869 
733 31 
245 417 
122 759 
493 393 
118 850 
424 763 
578 831 
60 104 
43 36 
91 542 
247 763 
269 240 
733 394 
384 869 
43 350 
122 538 
384 157 
264 387 
438 738 
269 240 
829 412 
93 782 
384 2 
686 49 
93 295 
891 290 
733 627 
686 544 
62 388 
85 290 
43 442 
28 729 
383 869 
871 81 
556 90 
39 133 
291 868 
3 759 
91 734 
291 496 
581 689 
630 874 
384 157 
383 450 
93 627 
756 36 
628 672 
733 221 
43 53 
91 686 
91 290 
3 90 
737 556 
384 593 
93 222 
568 776 
494 782 
634 393 
507 425 
259 572 
383 874 
85 40 
592 880 
93 290 
384 290 
93 376 
737 290 
392 869 
592 437 
49 240 
438 874 
592 491 
19 729 
3 662 
93 133 
261 261 
448 450 
733 782 
395 869 
395 295 
592 627 
395 442 
395 790 
245 308 
438 546 
384 701 
125 743 
395 869 
538 264 
83 261 
48 393 
162 387 
438 676 
261 835 
424 763 
829 412 
162 388 
424 874 
83 701 
295 686 
247 763 
438 738 
582 81 
505 386 
384 545 
271 106 
83 636 
39 572 
438 776 
295 676 
737 759 
777 264 
438 40 
100 869 
678 197 
705 40 
163 734 
709 690 
100 40 
438 357 
395 734 
162 50 
49 290 
162 850 
274 874 
424 738 
777 425 
842 701 
39 789 
48 521 
438 572 
56 493 
295 154 
261 543 
85 40 
662 444 
384 131 
274 701 
434 290 
424 412 
538 662 
83 355 
392 869 
51 831 
438 874 
162 226 
162 373 
392 86 
299 102 
562 247 
434 222 
592 81 
299 572 
346 376 
592 880 
164 81 
438 874 
424 388 
8 90 
185 445 
592 2 
93 290 
564 517 
438 392 
149 90 
209 206 
149 376 
299 830 
434 86 
580 282 
438 437 
552 257 
630 94 
221 871 
299 387 
417 507 
299 52 
424 874 
579 33 
102 789 
592 373 
185 102 
221 257 
83 701 
301 554 
164 544 
221 428 
438 776 
592 874 
164 94 
434 852 
19 393 
83 776 
19 734 
592 222 
552 572 
783 491 
564 512 
362 867 
592 206 
29 443 
709 738 
49 290 
719 5 
564 830 
564 434 
743 350 
306 247 
579 355 
592 517 
8 222 
424 738 
325 5 
564 387 
842 701 
44 880 
592 53 
564 830 
268 492 
760 108 
580 788 
43 53 
580 727 
19 206 
346 880 
826 50 
39 789 
346 393 
162 492 
346 53 
39 206 
51 830 
443 432 
826 492 
19 706 
268 729 
19 102 
153 448 
765 442 
346 544 
522 55 
346 491 
335 392 
582 81 
682 558 
8 412 
682 54 
506 226 
39 596 
682 180 
392 703 
837 686 
238 56 
8 558 
221 544 
747 50 
747 484 
238 355 
221 257 
887 260 
50 554 
443 157 
98 49 
712 686 
192 157 
209 102 
872 880 
887 49 
19 393 
871 392 
14 701 
712 424 
826 431 
641 352 
351 94 
494 102 
827 852 
887 319 
494 443 
348 102 
392 157 
619 49 
734 222 
887 94 
826 701 
14 484 
50 444 
856 235 
682 673 
842 701 
359 105 
353 443 
50 55 
298 830 
359 88 
842 484 
8 517 
887 853 
249 774 
494 735 
359 443 
50 154 
734 855 
98 392 
19 729 
519 443 
887 392 
192 92 
887 703 
8 197 
19 102 
243 152 
238 729 
249 325 
424 703 
619 106 
249 70 
281 295 
833 261 
93 870 
250 495 
530 641 
630 94 
630 558 
313 701 
250 393 
135 484 
93 507 
477 523 
477 230 
424 703 
14 850 
833 391 
477 634 
392 703 
240 437 
477 269 
221 544 
313 150 
712 424 
281 50 
494 443 
93 627 
250 222 
871 180 
313 294 
313 269 
637 180 
392 157 
250 96 
378 686 
427 491 
250 65 
630 376 
435 572 
93 197 
833 850 
135 572 
93 290 
494 735 
240 724 
494 388 
93 376 
34 287 
281 690 
392 735 
353 55 
392 388 
435 222 
637 672 
392 412 
585 105 
580 634 
34 740 
435 388 
859 452 
580 52 
370 88 
540 444 
30 97 
753 596 
346 544 
346 644 
346 269 
48 393 
871 91 
432 874 
678 197 
48 105 
434 222 
395 734 
49 290 
395 443 
395 388 
395 295 
235 388 
395 442 
14 701 
97 33 
257 558 
538 759 
19 734 
429 52 
56 393 
49 558 
257 636 
709 636 
295 154 
149 392 
295 424 
257 503 
429 690 
395 86 
870 789 
870 734 
538 264 
133 592 
424 890 
715 867 
637 703 
83 261 
825 627 
235 388 
671 261 
414 889 
426 850 
83 701 
627 673 
279 2 
414 543 
5 388 
627 206 
777 264 
83 776 
437 690 
83 33 
395 734 
318 558 
318 839 
619 2 
19 127 
825 97 
418 495 
627 221 
414 261 
445 853 
51 830 
627 388 
83 355 
39 206 
618 572 
414 234 
546 673 
762 395 
93 266 
93 290 
420 355 
238 266 
762 585 
83 261 
671 237 
119 106 
671 261 
228 415 
384 2 
119 90 
762 444 
134 853 
49 290 
19 206 
119 240 
124 839 
477 290 
662 283 
49 290 
619 240 
567 389 
392 86 
418 484 
567 295 
483 220 
276 49 
438 874 
438 283 
477 295 
49 106 
49 240 
201 2 
100 290 
858 31 
538 264 
495 60 
671 261 
891 106 
477 269 
238 287 
238 758 
891 290 
870 878 
438 776 
627 206 
596 672 
575 260 
93 627 
747 484 
733 596 
499 627 
62 388 
737 388 
477 290 
359 97 
117 394 
733 221 
438 517 
50 444 
747 220 
898 236 
299 102 
499 220 
299 830 
521 236 
395 86 
733 31 
50 154 
395 429 
765 442 
166 853 
285 512 
424 763 
299 52 
247 763 
73 241 
870 734 
417 507 
434 86 
789 618 
846 388 
34 394 
710 65 
829 412 
383 507 
563 443 
870 290 
383 636 
53 392 
14 701 
91 727 
98 49 
271 106 
710 701 
779 389 
789 518 
91 734 
710 63 
494 443 
709 592 
118 226 
117 242 
437 295 
710 497 
53 152 
257 636 
14 484 
753 897 
789 703 
107 268 
392 86 
435 572 
861 83 
73 236 
846 548 
257 91 
271 290 
257 36 
134 297 
98 703 
846 617 
515 443 
205 417 
375 241 
417 152 
205 229 
405 850 
3 662 
313 105 
51 517 
313 740 
247 445 
247 763 
861 187 
346 443 
29 484 
712 686 
313 596 
405 319 
247 290 
515 360 
619 49 
102 86 
517 236 
637 133 
495 96 
639 675 
362 758 
92 91 
49 558 
49 290 
639 444 
50 444 
274 261 
822 389 
362 90 
39 517 
8 90 
362 244 
395 86 
362 538 
679 2 
438 229 
39 226 
362 197 
639 222 
186 484 
192 703 
395 443 
83 261 
822 558 
585 105 
362 759 
362 387 
301 554 
257 558 
92 99 
50 554 
392 703 
345 388 
326 673 
362 767 
639 87 
601 839 
556 90 
443 157 
39 133 
639 435 
83 33 
384 2 
363 767 
437 86 
164 94 
777 264 
29 443 
48 105 
744 40 
628 672 
580 727 
360 874 
64 394 
392 86 
669 60 
164 99 
360 158 
679 2 
376 675 
360 226 
679 743 
248 70 
454 732 
671 261 
202 96 
887 703 
472 786 
383 507 
688 445 
472 701 
472 676 
185 102 
393 734 
887 260 
472 782 
472 636 
266 91 
887 49 
737 247 
266 390 
326 674 
472 869 
395 867 
472 412 
887 319 
395 734 
306 247 
887 240 
705 751 
445 853 
154 517 
437 767 
392 86 
255 592 
887 389 
472 507 
259 572 
842 484 
424 675 
53 558 
495 627 
887 392 
395 869 
350 554 
630 558 
67 431 
255 867 
98 853 
812 389 
363 767 
255 674 
238 758 
21 424 
363 867 
350 767 
47 435 
291 394 
98 240 
426 197 
50 444 
255 886 
229 435 
679 886 
149 392 
253 2 
680 636 
39 517 
506 538 
98 392 
67 417 
21 286 
53 558 
521 236 
521 443 
250 240 
250 234 
333 572 
630 558 
733 178 
250 393 
67 888 
300 183 
153 786 
19 734 
552 572 
250 484 
67 297 
250 443 
250 96 
250 644 
333 386 
630 786 
102 86 
414 261 
209 86 
378 686 
19 183 
102 869 
295 424 
19 56 
698 70 
424 412 
209 52 
438 392 
102 412 
3 197 
679 2 
392 869 
438 874 
187 538 
392 412 
93 290 
164 320 
19 102 
539 636 
705 445 
698 751 
424 763 
187 291 
829 120 
97 592 
269 782 
392 556 
295 234 
745 538 
736 388 
737 247 
295 676 
97 33 
209 102 
91 734 
35 510 
19 52 
187 180 
295 426 
678 850 
83 33 
395 386 
347 556 
315 644 
187 387 
180 386 
326 674 
47 636 
347 641 
899 325 
130 523 
259 572 
102 412 
53 558 
680 636 
130 538 
347 452 
45 237 
579 33 
392 556 
247 763 
238 56 
747 484 
680 858 
498 435 
14 222 
8 197 
745 183 
538 264 
83 261 
18 897 
351 36 
539 759 
378 389 
53 154 
14 850 
680 897 
255 674 
881 226 
383 412 
538 759 
735 183 
91 154 
680 222 
891 290 
149 759 
28 729 
698 60 
871 484 
363 867 
351 389 
91 290 
91 424 
49 290 
680 36 
414 261 
680 437 
383 897 
14 484 
255 592 
871 389 
255 739 
538 662 
871 853 
680 81 
255 491 
65 293 
680 295 
49 240 
458 60 
871 417 
458 293 
680 759 
756 445 
19 590 
756 592 
680 389 
8 517 
871 240 
85 60 
747 388 
756 444 
435 734 
756 389 
50 154 
49 240 
53 55 
18 55 
236 506 
837 424 
53 154 
18 843 
8 412 
383 869 
220 154 
680 897 
91 154 
393 290 
243 290 
443 157 
383 157 
747 437 
435 240 
220 394 
539 183 
49 290 
756 36 
351 389 
220 261 
435 388 
363 734 
91 290 
50 444 
255 886 
185 52 
91 444 
777 293 
756 222 
747 874 
709 636 
3 90 
393 544 
393 484 
747 373 
569 88 
181 105 
747 776 
538 662 
582 240 
393 40 
269 662 
247 417 
393 389 
435 734 
393 388 
3 197 
392 869 
281 373 
3 412 
4 443 
3 558 
393 432 
3 662 
181 242 
508 105 
238 96 
19 590 
236 706 
18 55 
494 556 
747 105 
538 759 
393 734 
747 484 
393 290 
635 388 
269 90 
755 426 
247 290 
3 759 
737 388 
747 443 
353 786 
494 443 
392 157 
747 242 
424 157 
477 443 
477 290 
477 150 
14 484 
681 730 
579 759 
562 70 
831 237 
477 294 
477 295 
353 55 
424 890 
164 853 
392 890 
477 230 
477 523 
562 886 
477 634 
833 641 
833 183 
435 544 
833 730 
431 426 
512 426 
619 2 
512 226 
833 240 
424 675 
833 222 
376 40 
833 735 
494 735 
376 675 
593 388 
833 60 
645 2 
833 152 
833 261 
346 544 
593 443 
833 445 
667 548 
714 220 
714 373 
898 236 
526 843 
429 690 
747 105 
295 424 
117 437 
438 676 
91 734 
117 242 
347 556 
363 734 
464 506 
438 572 
464 287 
621 242 
3 640 
3 244 
621 767 
737 290 
3 545 
3 490 
3 662 
3 775 
435 240 
392 157 
3 90 
606 452 
14 701 
424 157 
83 776 
83 636 
538 640 
49 290 
34 740 
274 240 
14 484 
83 730 
255 592 
34 674 
538 545 
538 490 
634 362 
255 886 
274 261 
538 662 
566 789 
538 40 
438 81 
438 484 
34 287 
49 240 
684 50 
733 782 
580 740 
83 261 
438 389 
896 388 
83 701 
98 853 
580 644 
566 592 
149 759 
438 636 
592 373 
375 744 
560 852 
634 484 
360 242 
861 266 
279 2 
274 706 
592 99 
592 362 
91 154 
274 435 
871 484 
274 758 
861 362 
231 452 
634 362 
592 220 
592 484 
126 552 
306 499 
538 412 
560 544 
592 388 
126 104 
50 154 
592 133 
495 59 
274 412 
244 585 
392 412 
93 290 
381 284 
93 120 
744 431 
392 869 
50 154 
678 869 
472 786 
592 133 
394 637 
744 153 
626 781 
19 744 
634 484 
472 701 
8 558 
383 2 
83 701 
383 869 
29 484 
393 290 
472 782 
618 388 
626 107 
39 133 
383 157 
592 362 
678 197 
747 242 
247 290 
392 290 
29 242 
472 412 
47 776 
392 157 
619 49 
383 293 
626 391 
634 362 
626 593 
679 886 
744 673 
472 222 
679 2 
842 701 
464 287 
756 222 
842 183 
472 897 
418 484 
472 222 
842 484 
464 40 
833 735 
833 261 
733 31 
833 183 
472 676 
298 292 
842 293 
383 636 
679 45 
472 636 
383 869 
705 40 
472 869 
237 83 
833 388 
257 853 
424 157 
47 636 
628 672 
833 767 
257 636 
383 897 
295 426 
552 572 
624 236 
291 394 
392 157 
295 154 
546 673 
619 853 
392 869 
392 412 
405 850 
392 735 
193 284 
546 81 
619 895 
744 153 
298 390 
64 152 
281 593 
281 391 
64 391 
572 548 
64 737 
744 673 
706 105 
298 774 
62 510 
669 50 
281 106 
213 237 
698 153 
634 484 
572 387 
627 673 
181 443 
93 290 
34 287 
50 154 
375 590 
62 183 
744 517 
203 499 
395 388 
14 701 
715 293 
744 40 
539 183 
709 592 
715 886 
735 96 
546 673 
14 242 
306 499 
424 388 
445 853 
375 776 
93 222 
592 81 
592 776 
83 355 
539 127 
495 759 
619 853 
592 388 
592 675 
443 386 
786 775 
346 544 
395 388 
83 261 
592 627 
592 744 
698 153 
85 294 
601 732 
207 50 
592 92 
93 782 
83 701 
346 644 
592 850 
48 96 
592 540 
353 786 
592 260 
592 790 
395 386 
29 242 
592 517 
592 60 
592 127 
4 183 
592 585 
420 294 
39 789 
49 290 
49 644 
359 105 
102 869 
346 546 
605 674 
102 412 
499 220 
499 512 
494 735 
298 294 
83 355 
304 388 
420 355 
679 674 
744 431 
238 96 
744 517 
102 789 
49 236 
698 153 
744 153 
546 880 
499 627 
744 546 
709 158 
