394 270 
509 593 
846 476 
412 637 
384 869 
274 270 
412 81 
141 476 
401 62 
401 417 
401 152 
401 615 
401 117 
748 221 
401 637 
383 869 
401 590 
401 54 
637 829 
216 738 
83 261 
705 445 
143 386 
134 62 
538 490 
538 662 
645 81 
619 853 
739 180 
83 738 
739 149 
739 224 
98 853 
739 362 
47 224 
98 392 
233 226 
394 585 
777 593 
777 265 
777 868 
777 264 
216 738 
347 831 
384 869 
83 738 
580 282 
205 615 
578 831 
538 264 
39 594 
846 476 
268 729 
846 638 
134 853 
39 593 
134 593 
873 482 
383 869 
274 738 
582 81 
383 738 
498 62 
498 247 
498 493 
822 389 
283 557 
283 538 
283 221 
870 183 
609 386 
846 617 
141 476 
539 738 
274 738 
865 293 
216 738 
83 738 
347 389 
65 843 
748 221 
805 851 
173 437 
686 94 
422 594 
91 433 
91 477 
91 290 
102 869 
91 152 
822 389 
193 493 
359 97 
359 437 
9 290 
480 495 
375 62 
567 36 
141 477 
43 442 
9 152 
91 477 
318 495 
347 389 
141 477 
117 394 
164 323 
164 99 
117 593 
164 81 
164 362 
164 320 
485 572 
395 442 
395 433 
856 442 
39 594 
578 92 
418 515 
392 869 
870 437 
418 493 
238 75 
813 370 
382 221 
238 729 
756 445 
18 897 
91 433 
219 323 
510 362 
510 320 
346 897 
298 830 
346 183 
164 362 
164 320 
846 476 
846 477 
46 780 
366 282 
745 538 
164 323 
397 672 
744 673 
745 69 
438 874 
438 738 
531 75 
531 320 
812 126 
531 628 
531 762 
531 45 
531 595 
65 518 
531 870 
274 775 
47 69 
188 855 
806 759 
870 395 
870 706 
188 671 
384 507 
283 390 
283 538 
283 221 
283 51 
9 790 
578 871 
578 855 
97 592 
97 33 
18 523 
18 60 
18 762 
447 738 
18 428 
447 242 
395 766 
172 549 
398 45 
205 106 
134 4 
538 296 
164 320 
398 437 
719 249 
276 778 
164 544 
719 294 
538 759 
43 350 
135 329 
719 248 
719 672 
838 515 
838 290 
119 543 
813 703 
119 294 
438 546 
728 101 
438 676 
438 738 
142 874 
119 546 
838 244 
743 349 
743 179 
141 545 
9 45 
9 703 
1 741 
9 759 
141 597 
743 249 
822 389 
141 178 
141 295 
743 99 
367 230 
743 362 
141 759 
63 49 
9 4 
346 544 
744 153 
347 504 
347 389 
346 644 
347 518 
347 433 
220 394 
392 157 
346 184 
450 245 
102 86 
842 104 
347 185 
392 86 
346 4 
102 869 
346 854 
806 644 
637 672 
91 234 
285 296 
18 96 
637 107 
274 4 
285 512 
637 856 
259 388 
285 788 
274 738 
259 724 
91 433 
91 881 
637 180 
805 282 
892 81 
405 102 
892 297 
57 292 
892 743 
395 86 
891 106 
752 54 
395 433 
891 60 
538 759 
870 60 
811 119 
531 320 
48 762 
538 743 
9 759 
48 790 
485 97 
538 545 
164 362 
538 296 
383 869 
695 725 
619 96 
383 157 
695 260 
695 431 
181 372 
383 738 
695 858 
64 887 
383 507 
695 549 
752 284 
752 559 
752 154 
438 6 
538 559 
510 362 
510 320 
509 545 
395 790 
243 152 
438 389 
438 738 
321 734 
695 549 
91 433 
243 290 
394 725 
384 157 
395 386 
243 498 
91 290 
243 549 
813 834 
735 855 
216 738 
264 31 
756 288 
216 874 
872 323 
821 104 
238 75 
834 725 
393 734 
394 725 
397 672 
141 545 
164 323 
870 636 
173 759 
870 627 
164 362 
164 320 
141 759 
870 734 
601 732 
221 257 
274 627 
601 839 
422 589 
231 452 
516 730 
580 501 
580 282 
531 75 
531 320 
392 869 
817 851 
872 323 
255 592 
592 220 
634 362 
51 830 
592 880 
592 99 
592 45 
592 875 
255 876 
529 96 
512 126 
91 734 
592 540 
318 558 
318 839 
592 292 
432 782 
39 77 
39 248 
39 78 
432 101 
39 628 
432 876 
39 555 
39 323 
39 703 
432 873 
578 881 
39 370 
432 102 
244 230 
39 242 
39 231 
105 763 
39 129 
47 729 
39 517 
287 357 
743 99 
743 362 
645 81 
645 521 
645 184 
735 507 
422 829 
809 418 
347 556 
637 829 
838 178 
637 362 
274 96 
91 154 
739 224 
231 777 
803 96 
164 323 
813 703 
164 99 
813 370 
173 759 
164 320 
870 734 
509 545 
142 874 
375 107 
739 224 
141 545 
351 62 
92 357 
62 292 
421 437 
556 90 
351 637 
395 734 
91 734 
141 437 
842 701 
842 854 
50 154 
18 96 
637 437 
231 881 
844 881 
813 379 
624 701 
345 701 
346 854 
871 81 
871 484 
18 96 
274 96 
216 874 
725 830 
395 734 
83 186 
395 858 
494 782 
268 776 
539 597 
494 736 
268 729 
494 61 
268 706 
395 389 
494 104 
83 738 
83 33 
367 224 
394 389 
582 851 
295 234 
747 220 
705 106 
60 600 
705 52 
531 320 
705 760 
705 751 
18 96 
90 867 
891 106 
193 559 
870 706 
870 734 
192 545 
383 507 
99 855 
742 261 
194 734 
142 782 
336 394 
578 830 
813 356 
578 881 
336 84 
283 184 
283 38 
142 874 
3 662 
3 545 
3 558 
3 490 
18 96 
64 52 
62 759 
247 515 
247 290 
3 90 
39 703 
197 106 
274 261 
538 490 
39 370 
39 437 
538 662 
59 227 
59 221 
247 417 
274 96 
39 356 
247 763 
39 389 
531 320 
59 757 
384 224 
39 323 
525 394 
556 90 
797 703 
797 386 
870 789 
870 557 
336 394 
91 290 
124 389 
421 557 
871 417 
870 734 
376 876 
135 362 
336 59 
805 851 
296 498 
395 867 
91 734 
29 443 
274 557 
395 386 
395 734 
805 282 
489 296 
126 104 
489 182 
525 394 
126 897 
141 295 
538 296 
870 734 
637 362 
164 320 
637 703 
443 386 
637 498 
637 443 
164 323 
637 518 
18 96 
816 370 
18 867 
18 897 
346 897 
346 184 
274 96 
346 443 
756 592 
531 320 
637 443 
405 590 
742 261 
803 96 
405 417 
405 437 
405 530 
405 737 
283 221 
83 874 
83 734 
283 184 
274 261 
359 97 
745 69 
619 853 
205 417 
64 737 
229 435 
18 96 
345 290 
421 394 
559 244 
421 557 
137 545 
137 851 
274 96 
813 370 
498 637 
699 747 
65 293 
870 734 
699 442 
686 734 
686 96 
686 389 
238 729 
686 388 
62 734 
238 75 
709 874 
274 96 
628 502 
18 96 
274 96 
346 443 
443 389 
822 389 
83 734 
871 417 
18 96 
30 126 
637 443 
237 252 
753 236 
861 759 
531 75 
861 558 
861 644 
237 83 
405 417 
645 644 
292 482 
9 759 
274 96 
91 290 
873 706 
873 482 
873 589 
62 644 
522 388 
871 417 
18 96 
424 737 
194 734 
733 394 
367 443 
752 559 
29 443 
90 734 
752 788 
134 870 
134 627 
405 102 
