2 9880 4
2 9519 18
2 8792 1
6 9894 21
6 9288 1
6 9665 2
13 8772 1
13 8599 1
13 8909 2
13 9999 5
20 8939 1
23 9861 1
23 9111 3
33 8546 3
33 9025 1
33 9158 1
38 9703 4
38 9553 2
38 8910 2
38 9492 3
38 9442 1
43 9257 27
43 8780 1
43 9345 1
48 9083 2
48 9404 1
48 9497 1
48 9643 1
48 9030 1
48 8675 2
48 9294 1
74 9753 2
74 8827 2
74 9684 1
74 8636 3
88 9731 1
88 8708 3
88 8729 1
88 9348 1
90 9555 65
90 9953 2
94 9214 1
94 8552 1
112 8904 1
126 9647 2
126 8948 24
126 9019 1
126 9355 1
126 9867 1
126 9929 1
126 9182 1
126 9881 2
132 9288 1
132 9196 1
134 9233 1
134 9541 1
134 9201 1
134 9691 1
135 9277 1
135 9321 1
135 9507 1
135 8565 1
135 9372 2
135 9387 3
135 9421 1
135 9826 1
135 8562 2
135 9759 1
135 9960 1
135 9499 7
136 9808 1
136 9349 1
136 9355 2
140 8599 1
140 8853 1
140 9638 1
140 9270 1
140 9871 1
140 9878 1
140 9204 1
140 9292 1
140 9855 1
150 9080 1
150 9461 1
150 9448 1
150 9995 1
150 9607 3
150 9097 1
150 9787 1
151 9021 16
152 9330 1
163 8911 1
163 9358 5
163 9525 3
185 8845 3
185 8708 1
185 9914 2
210 9165 18
216 8927 1
216 8918 1
216 8552 2
218 9080 6
218 8764 1
218 9819 2
218 9951 2
218 9575 1
218 9803 1
218 9907 2
218 9949 1
220 9040 2
233 9929 1
237 8845 1
237 9746 1
241 9981 3
241 9232 1
241 9447 2
255 8995 1
255 8970 1
255 9935 1
255 9118 2
255 9785 2
255 8592 1
255 9462 3
264 9720 3
264 9463 1
264 8671 4
264 9770 1
264 9874 12
264 9047 5
279 8845 1
279 9753 1
282 8888 1
282 9363 1
282 8833 3
282 9675 1
282 9868 1
288 9232 47
288 9910 1
297 9266 1
297 8929 1
297 9673 1
330 9615 14
330 8666 1
343 9325 3
343 8742 2
343 8959 6
374 9108 2
374 9526 1
374 8761 1
374 9919 1
374 9519 1
374 9853 2
381 9887 1
381 9055 1
385 9106 1
391 9729 2
411 9261 14
411 8537 2
411 9495 3
411 9452 18
411 9153 2
421 9841 1
425 9769 1
425 9696 1
425 8610 3
425 9678 1
425 8905 1
425 9914 3
425 9918 2
425 8554 1
427 9401 2
431 8693 1
431 9550 1
438 9961 2
438 8562 1
447 9159 10
447 8805 1
447 9410 1
447 9664 1
447 8815 1
450 9559 2
450 9952 1
460 9814 1
460 8819 1
460 9110 5
460 8794 1
460 8919 1
460 9385 1
464 9821 1
464 8666 2
464 9553 1
464 9627 5
464 9761 1
476 9427 1
476 9874 1
476 8749 2
476 9079 1
476 8571 9
507 9240 1
507 9432 1
507 9974 6
509 8728 1
509 8816 1
509 9140 2
509 9613 2
518 8541 1
518 8565 82
518 9531 1
518 9680 1
536 9592 1
552 8760 1
552 9092 5
569 9103 1
569 9872 2
578 8947 1
578 9575 1
578 8539 1
578 8538 5
578 8880 17
578 9239 1
578 9436 2
578 9848 1
578 9953 1
580 9970 1
580 9503 1
586 9525 1
586 9314 1
586 9217 2
586 9956 1
586 9905 1
586 9170 1
586 9206 1
586 9671 10
586 9940 3
587 9399 1
587 8759 10
588 9770 6
588 9215 1
588 9958 2
640 9784 3
654 8928 1
654 8632 1
654 9495 1
665 8575 18
665 9101 2
665 9788 1
670 8607 2
670 9016 1
670 9685 1
670 8816 2
671 9032 8
671 9125 4
671 9312 1
671 9860 1
671 9547 1
694 9454 22
694 9903 2
694 8738 1
694 8826 2
694 8766 3
694 9401 8
694 8695 41
694 9562 1
707 9207 1
707 8826 4
707 9989 2
707 9838 1
707 9152 2
707 9416 1
707 9759 1
711 8839 4
711 8883 1
749 9347 1
749 8543 1
749 9977 1
751 9876 1
751 8790 1
755 9352 1
755 8779 2
755 8888 8
768 9432 1
778 9768 1
778 8555 200
778 9717 1
786 9953 9
786 9670 2
789 9770 2
789 8879 1
789 9447 2
789 9933 1
795 8740 2
795 8891 1
795 9677 1
798 9778 1
798 9184 2
798 9306 1
798 8664 1
798 9652 6
821 8656 1
821 8857 2
822 8974 2
822 8697 3
822 9276 1
822 8766 2
833 9872 1
833 9443 1
835 9003 1
835 8919 1
835 9675 1
835 8635 1
835 9980 1
835 9332 1
835 9391 1
849 9721 2
853 8751 1
853 9175 5
853 9525 3
853 9571 1
853 8687 1
853 9010 1
853 9604 1
853 9781 21
860 9930 1
860 9677 1
860 8738 4
860 9392 28
860 9632 3
869 9964 10
869 9851 1
870 8747 3
870 9056 1
875 9123 5
875 8992 1
875 9962 1
875 8669 2
878 9070 1
878 8843 2
878 8933 1
881 8631 3
881 9228 1
881 8968 1
881 9726 1
888 9068 1
888 9763 1
888 8805 1
898 9792 2
898 9532 1
898 8610 1
898 9042 1
929 9826 1
929 9634 1
929 9965 2
936 8540 2
936 9163 1
936 9459 1
936 9686 3
936 9123 11
941 8761 1
941 9106 1
941 9833 8
942 8877 2
961 9749 1
961 9952 2
961 9437 1
961 9854 3
963 8775 1
963 9723 4
963 8730 1
963 8584 1
963 8974 1
963 9216 80
969 8769 1
969 9016 4
969 9108 1
1048 9152 1
1048 8991 1
1048 8987 4
1048 9597 1
1048 9471 1
1073 9658 1
1073 8660 2
1073 9701 3
1075 8895 1
1075 9761 11
1075 9266 1
1075 9237 1
1075 9950 1
1088 9716 5
1088 9996 2
1088 8902 2
1092 9407 4
1092 9161 2
1098 9236 8
1098 9561 1
1098 9343 2
1098 9733 4
1118 9777 1
1118 8790 2
1118 8765 2
1118 8935 4
1118 9475 3
1118 9508 1
1118 9538 2
1119 9276 2
1119 9236 1
1119 9294 2
1147 8619 1
1147 9868 5
1147 8599 2
1148 8685 1
1148 8947 1
1173 9819 1
1178 9867 1
1178 8965 1
1178 9511 1
1182 9357 2
1182 8635 1
1182 8654 1
1182 8934 1
1182 9372 1
1182 9605 1
1182 8865 1
1182 8753 1
1182 9181 1
1182 9452 1
1182 9496 1
1183 9847 1
1185 9138 1
1185 9660 2
1185 9883 1
1185 9765 1
1185 9951 3
1187 8765 12
1187 9095 1
1187 9494 1
1187 9925 3
1187 9349 1
1187 9807 1
1196 9242 8
1196 9196 24
1206 8693 1
1206 8821 14
1206 9085 1
1256 8759 1
1256 9282 1
1260 9539 1
1260 9232 1
1260 9401 1
1260 9499 1
1269 8713 1
1269 9543 1
1269 8883 1
1269 9430 3
1269 8685 1
1270 8855 1
1270 9978 1
1274 8703 1
1274 8860 1
1274 9056 1
1274 9333 1
1286 9611 2
1286 8719 1
1305 8914 1
1305 9227 1
1305 9595 3
1306 9149 2
1322 8928 40
1322 9472 1
1322 9879 1
1322 8625 1
1322 8920 3
1322 8809 1
1322 9597 7
1337 9287 1
1337 9900 3
1337 9405 1
1337 9126 1
1337 9847 6
1337 9920 1
1337 9217 2
1337 9600 1
1337 9901 5
1356 8581 1
1356 9602 1
1367 9820 1
1367 9779 1
1370 9961 1
1370 8972 9
1370 9615 2
1373 9583 1
1373 9048 1
1373 9261 1
1373 9435 1
1383 8560 2
1383 8619 7
1383 9669 1
1389 8761 1
1389 8841 2
1389 9204 1
1389 9695 1
1393 9135 6
1393 9059 1
1393 9691 2
1395 9563 3
1395 9091 1
1395 9392 1
1399 9886 1
1399 9282 10
1399 8775 5
1399 8733 1
1399 8738 2
1399 9319 1
1399 9572 1
1399 9739 1
1412 9977 1
1420 8728 1
1420 8909 1
1424 8670 6
1424 9516 26
1424 9795 1
1424 9961 1
1427 9646 4
1427 9363 2
1428 9052 1
1428 9089 5
1433 8602 3
1433 8950 1
1433 8655 1
1433 9205 3
1433 9730 1
1433 8815 1
1433 9680 1
1444 9715 1
1444 9717 2
1444 9620 1
1444 9699 1
1452 9910 3
1452 9417 1
1452 9695 2
1455 9350 1
1455 8907 1
1455 9687 1
1475 9579 1
1475 8696 4
1475 9393 1
1475 9309 2
1484 9711 1
1484 8787 23
1484 9189 11
1484 9500 7
1484 9853 2
1484 9957 1
1496 9927 1
1496 9581 1
1496 9242 2
1496 9417 3
1498 9937 2
1498 9041 1
1498 9058 3
1498 9495 1
1504 9099 7
1504 9808 1
1523 9332 1
1523 9443 1
1523 9605 1
1523 9014 7
1523 9283 1
1523 9315 1
1531 9827 1
1531 8748 1
1533 8626 1
1533 8867 4
1533 9703 2
1533 9779 1
1536 9129 1
1536 8593 1
1553 8961 1
1553 9196 2
1553 8989 1
1553 8568 1
1553 8934 31
1568 9880 1
1572 9348 1
1572 8550 1
1572 9833 1
1573 9025 1
1585 9883 1
1585 9614 2
1585 9807 1
1585 9296 3
1585 8654 2
1621 9294 1
1621 9443 1
1621 9270 7
1621 9610 1
1621 9678 5
1621 9366 3
1621 9513 1
1645 9618 5
1645 9425 1
1645 9391 1
1645 9372 10
1650 9880 2
1650 9798 1
1650 9823 1
1650 9022 1
1658 9629 2
1658 9314 2
1658 9422 2
1658 9667 2
1659 8922 1
1659 8882 1
1674 9464 4
1674 9356 1
1674 9384 1
1674 8628 2
1674 9664 1
1675 8769 1
1675 9269 1
1675 9795 2
1675 9352 12
1675 9362 3
1675 9392 1
1694 8791 2
1694 8765 1
1694 9029 1
1702 8878 1
1702 8974 1
1702 9168 1
1702 9221 3
1702 9266 1
1732 9944 1
1732 9218 1
1732 9939 3
1732 9480 1
1732 8692 46
1740 9996 2
1740 8662 1
1740 8712 1
1740 9227 1
1740 9790 2
1748 9530 1
1748 9204 2
1763 9186 1
1781 9794 1
1797 8660 4
1797 9884 1
1797 9923 1
1797 9181 6
1797 9484 1
1797 9261 1
1797 9718 3
1811 8581 1
1811 9720 1
1812 9820 3
1812 8619 3
1835 9440 2
1835 9512 1
1835 9930 2
1866 8738 16
1866 8575 2
1866 8889 1
1866 9923 1
1908 9460 1
1908 9229 2
1908 9239 1
1915 9431 1
1915 8691 1
1915 9015 1
1915 9656 2
1926 9472 1
1926 9051 1
1926 9286 6
1926 9511 2
1948 9890 1
1948 9667 1
1948 9742 200
1948 8821 1
1948 9260 1
1975 9259 1
1975 9209 1
1975 9305 1
1975 9736 2
1992 9792 1
1992 8644 1
1992 8751 3
1992 8926 1
1992 9186 1
1992 9991 1
2008 9038 1
2008 9126 1
2082 8607 1
2082 9879 1
2084 9843 1
2111 9866 2
2121 9704 6
2121 9956 2
2121 9406 1
2127 9509 2
2127 8548 6
2127 8540 9
2127 9274 1
2141 9391 2
2141 9940 5
2141 8922 1
2141 8997 1
2141 9220 1
2142 8595 1
2142 8645 4
2142 9432 9
2142 8763 4
2142 8777 2
2142 8981 1
2142 9608 51
2142 8998 1
2142 8626 1
2142 8761 2
2142 8919 3
2146 8640 1
2146 8543 1
2146 8712 3
2148 8733 1
2148 9152 1
2148 9289 9
2148 9602 1
2148 9761 2
2148 9316 24
2156 9743 1
2156 8568 1
2156 9271 1
2156 9882 1
2156 9960 1
2173 9272 2
2173 9768 1
2173 9114 1
2173 9143 1
2175 8579 2
2175 8990 1
2175 9536 1
2175 9815 2
2178 9678 1
2178 9106 1
2181 9041 1
2181 9883 1
2181 9254 6
2186 8698 1
2186 8538 2
2186 8590 1
2198 9699 3
2198 9163 14
2198 9251 2
2199 8965 1
2199 8755 14
2199 8830 2
2199 8945 2
2199 9473 1
2199 9964 1
2200 8792 1
2200 9677 2
2200 8787 1
2208 9763 1
2208 9768 2
2229 8807 2
2229 9079 1
2229 9393 1
2229 9189 1
2229 9477 1
2252 9801 16
2252 9467 5
2264 8665 2
2264 9080 1
2264 9267 1
2264 9541 1
2264 9962 1
2264 8841 2
2264 9030 1
2264 9876 1
2279 8997 2
2294 8592 1
2294 9239 2
2294 9954 2
2294 8595 1
2294 8939 1
2294 9817 1
2306 9148 1
2306 9802 1
2313 9304 2
2313 9874 2
2313 8809 1
2313 9689 1
2313 9711 6
2313 9980 2
2317 9851 1
2317 9248 6
2317 9249 1
2317 9976 58
2327 9415 2
2327 8652 1
2327 9821 2
2348 8798 1
2348 8807 1
2367 9310 1
2368 8798 1
2368 9652 2
2368 9745 4
2368 8818 1
2368 8777 1
2368 9575 1
2368 8615 1
2368 9645 2
2368 9233 1
2368 9747 1
2368 9844 4
2371 9743 1
2378 9370 6
2401 9849 1
2401 9236 2
2404 9929 1
2404 9873 1
2404 9606 1
2404 9566 7
2404 9689 4
2421 8852 4
2421 9169 1
2421 9483 1
2421 9794 4
2421 8757 1
2430 9989 1
2430 9736 1
2434 9367 3
2434 9103 2
2434 9105 1
2434 9731 5
2458 9003 1
2458 9894 110
2458 9613 18
2458 9135 1
2458 9155 1
2469 8577 1
2469 9578 1
2491 9902 2
2500 9523 2
2500 9232 1
2500 9899 1
2500 9904 2
2516 9319 1
2516 9127 1
2551 8729 1
2551 9462 1
2567 8768 2
2567 9829 1
2567 8891 1
2567 8753 12
2578 9253 1
2578 9831 1
2578 9886 1
2578 8751 1
2578 9468 2
2578 8985 4
2596 9550 1
2596 9655 1
2596 9748 1
2596 8627 1
2607 9458 1
2607 9537 50
2607 9712 1
2607 9787 1
2607 9611 1
2607 8688 3
2607 9427 1
2610 9876 2
2610 9875 1
2614 8626 1
2614 9237 1
2614 8557 1
2614 9264 2
2619 9594 3
2625 9641 5
2625 8934 1
2633 9259 1
2642 9336 1
2642 9391 1
2642 8830 200
2642 9330 1
2642 9680 2
2649 9679 1
2649 9526 3
2697 9029 1
2697 9433 3
2697 9303 6
2697 8719 2
2715 9039 1
2715 9755 1
2719 8766 2
2719 8902 1
2719 9183 1
2727 9097 4
2736 9356 4
2738 9706 6
2738 9857 1
2738 8855 1
2738 9136 1
2748 9233 2
2748 8791 2
2748 9670 1
2749 9149 1
2749 9577 2
2749 8879 2
2749 9346 1
2756 9914 1
2756 8930 1
2756 8563 1
2756 9205 1
2756 9601 6
2760 9212 1
2760 8958 1
2760 9785 3
2763 9432 2
2763 8697 2
2763 9031 1
2763 9909 1
2763 9944 1
2763 9757 4
2763 8702 1
2763 9311 1
2763 9837 2
2763 9968 2
2797 8716 1
2807 9135 1
2807 9882 1
2807 8945 1
2813 8761 1
2813 9455 3
2813 9535 1
2813 9571 1
2813 9579 1
2813 9962 1
2824 8805 1
2824 8814 1
2830 8579 3
2830 9378 1
2846 9142 1
2846 8610 2
2856 9161 1
2856 9670 1
2856 9268 2
2856 9286 3
2856 9872 1
2856 9691 1
2889 8958 1
2889 8665 1
2889 9139 1
2901 9152 1
2901 9802 4
2901 9386 2
2902 8635 1
2902 9553 1
2902 9841 2
2902 8629 1
2902 9995 1
2902 8737 5
2902 8898 5
2903 8566 1
2903 9669 1
2904 8799 1
2904 9917 1
2908 9506 1
2908 9995 1
2924 9615 6
2924 9359 3
2924 9670 1
2924 8768 1
2933 8583 6
2933 8782 1
2933 9207 2
2933 9538 1
2933 9723 3
2955 8739 1
2955 9493 5
2955 8561 1
2955 9333 1
2978 8933 1
2978 8976 1
2978 9951 7
2978 9415 1
2980 9944 4
2980 8691 5
2981 9304 1
2981 9273 2
2981 9485 8
2981 9527 2
2981 9696 1
2983 9232 1
2988 8984 1
2988 8948 1
2988 8790 3
2988 8903 1
2988 8619 1
2988 8671 2
2995 9558 1
2995 8794 1
2995 9210 3
2995 9289 3
2995 8725 2
2995 8938 1
2996 9869 1
2996 8948 1
2996 9634 5
2996 8984 1
3050 9630 1
3050 9314 1
3063 9938 1
3073 9933 1
3073 8615 1
3073 9178 2
3081 9793 7
3081 9488 6
3083 9076 2
3083 9655 1
3100 8656 3
3100 9068 2
3100 9671 5
3100 8588 1
3100 9338 1
3100 9640 1
3106 8638 1
3106 8971 1
3106 9588 2
3108 8696 1
3108 9347 1
3108 9562 2
3111 9550 1
3111 8986 1
3114 9578 2
3114 9025 1
3114 9601 3
3114 9782 2
3117 9771 1
3117 8580 200
3117 9270 7
3128 8686 1
3128 9247 1
3128 9599 1
3128 9679 6
3146 8739 5
3146 8547 1
3153 9726 2
3153 9148 10
3153 9521 3
3153 9759 1
3153 9769 1
3153 8737 13
3153 9410 1
3153 8925 1
3153 9407 1
3166 9391 1
3166 9643 1
3166 8998 1
3166 9433 1
3166 9473 7
3172 9077 6
3174 9665 1
3174 9755 1
3174 9303 1
3174 9937 3
3174 9627 1
3174 9837 1
3174 8938 1
3175 9501 2
3175 9355 4
3175 9757 2
3175 9704 1
3175 9777 1
3175 8814 1
3175 9911 1
3192 9085 2
3192 9098 1
3192 8702 2
3192 8807 1
3196 9442 1
3196 8684 1
3196 9945 3
3210 9370 1
3223 8989 3
3223 9243 1
3233 9245 1
3233 9840 1
3233 9043 1
3244 8847 1
3244 9796 2
3244 8978 1
3244 9972 1
3244 8927 1
3244 9116 2
3244 9929 1
3251 8982 1
3251 9645 3
3251 9863 1
3276 9348 1
3276 9346 200
3276 8590 1
3276 9516 19
3276 9829 1
3280 9106 1
3287 8839 1
3287 8829 1
3287 9099 1
3287 9387 1
3289 9448 2
3289 8839 1
3289 9987 1
3289 9701 2
3289 9516 2
3289 8565 3
3289 9192 2
3290 9873 1
3290 9343 2
3290 9561 5
3295 9153 78
3295 9641 30
3295 9763 1
3295 8636 1
3314 9277 1
3314 9040 1
3314 9674 1
3320 9426 1
3320 8631 3
3320 9362 1
3351 9466 2
3351 8719 2
3351 8631 1
3361 8563 1
3368 9517 2
3368 8579 1
3368 8971 2
3368 9092 1
3376 9245 2
3383 9945 2
3383 8631 2
3383 9162 1
3383 9344 1
3383 9372 1
3383 9570 7
3383 9905 3
3385 9139 1
3385 8707 1
3391 8707 1
3391 9878 1
3391 9977 3
3391 9493 3
3391 9494 1
3391 8660 1
3391 9634 2
3391 9140 1
3391 8653 1
3391 9119 1
3391 9437 1
3410 9996 10
3410 9712 50
3410 9095 1
3410 9966 1
3421 9163 1
3421 8616 1
3421 9482 8
3421 9748 1
3423 9946 2
3423 9385 2
3425 9869 1
3425 8775 1
3443 9768 2
3443 8561 1
3443 8584 1
3443 9289 2
3446 8602 1
3446 8646 1
3446 9742 4
3496 8921 2
3496 9052 1
3510 9109 1
3510 9861 1
3510 8923 1
3510 9163 2
3510 9665 1
3510 9396 1
3510 9132 1
3510 9352 1
3510 9823 1
3511 9900 4
3511 9483 1
3511 9731 1
3511 8824 2
3511 9781 1
3520 8855 2
3520 8688 1
3520 8923 2
3520 9098 1
3537 9677 1
3537 9782 1
3537 9435 1
3537 9155 2
3537 9014 10
3537 9057 1
3537 9841 2
3539 9334 2
3539 9206 2
3539 9315 3
3541 9887 2
3541 9095 4
3541 8930 2
3541 9486 1
3541 9705 2
3547 8995 1
3547 8632 4
3548 9547 1
3548 9770 3
3564 9337 1
3564 9377 1
3564 9494 1
3566 9329 2
3566 9759 1
3566 8991 1
3566 9262 1
3577 9749 7
3589 8759 1
3589 8907 1
3601 9946 1
3601 9460 54
3601 8768 1
3601 9473 1
3601 9814 1
3635 8785 2
3635 9978 1
3635 9499 1
3635 9410 1
3639 9869 6
3639 9956 1
3654 8702 1
3676 9431 1
3676 9110 1
3676 9461 10
3676 9919 3
3689 9363 1
3689 8763 1
3689 8697 1
3691 8615 4
3691 8703 1
3691 8763 1
3691 8784 1
3691 9492 10
3692 9352 8
3692 9752 1
3692 9902 1
3692 9848 1
3692 9968 1
3692 8742 1
3692 9750 4
3725 9907 2
3730 9853 1
3730 9184 1
3730 9610 1
3730 9674 1
3744 8976 1
3744 9303 1
3744 8897 1
3744 8788 1
3744 8938 1
3744 9938 2
3744 8753 1
3744 9463 39
3786 8542 12
3786 9170 1
3791 9053 4
3791 9524 1
3791 8804 30
3791 9560 1
3791 9651 5
3791 9396 1
3807 9591 1
3811 9401 1
3811 9940 4
3815 9566 1
3815 9704 1
3815 9272 1
3815 9705 6
3815 8555 1
3815 8616 5
3821 9515 3
3821 9273 1
3821 9124 4
3821 9139 1
3821 9099 2
3821 9602 1
3821 8725 1
3821 9589 4
3821 9760 1
3821 8686 1
3831 9936 1
3840 8910 1
3840 9620 19
3840 9976 1
3845 9867 1
3852 9332 1
3852 9801 2
3852 9351 1
3852 9577 4
3854 8700 1
3854 9607 1
3859 8590 31
3859 8724 9
3859 8638 1
3859 8702 5
3859 9365 1
3859 8729 4
3859 8860 8
3859 9934 1
3860 8703 1
3860 9081 1
3860 9224 6
3860 8799 1
3866 9820 1
3866 8860 1
3866 9843 1
3866 9007 1
3894 9329 200
3894 8568 1
3894 9373 8
3894 9405 1
3894 9903 5
3906 9904 4
3924 8805 1
3924 8970 1
3924 9367 3
3924 9549 1
3924 9208 2
3924 9453 4
3924 9799 1
3977 8678 1
3980 9450 2
3980 9721 2
3980 9424 1
3980 9643 3
3988 8882 1
3988 9945 1
3988 9282 12
3988 9360 6
3988 9673 7
3991 8581 3
3991 9116 2
3991 9181 2
3991 9951 3
3991 9031 1
4003 8849 1
4003 9847 4
4003 8827 1
4019 8541 1
4019 8542 1
4019 8769 1
4019 8826 1
4022 9638 11
4022 9215 1
4047 9313 1
4057 9798 9
4057 8935 1
4057 9542 1
4057 9727 4
4059 8824 1
4059 9278 1
4080 8968 1
4086 9132 1
4086 9345 1
4086 9854 3
4086 9543 1
4099 8748 3
4099 8854 1
4099 9361 1
4099 9512 4
4099 9614 1
4099 9970 1
4109 8550 7
4115 9031 1
4115 9055 2
4115 8728 1
4149 9764 2
4149 9459 1
4149 9715 1
4150 9485 2
4150 9421 29
4153 8904 5
4153 8957 1
4153 9877 1
4240 9136 5
4240 9114 5
4258 8939 1
4261 6000 1
4261 9920 1
4261 8991 1
4261 9064 4
4261 9482 1
4261 9939 2
4271 9677 1
4271 9583 3
4279 8737 1
4279 8628 3
4295 8602 1
4295 8981 1
4295 9124 1
4295 8791 2
4295 8877 5
4295 9785 1
4328 8769 1
4328 8742 2
4334 9705 5
4334 9575 1
4334 9902 1
4347 9581 1
4347 8826 1
4347 9307 1
4347 9345 1
4347 8538 1
4347 9277 1
4354 8739 3
4354 9674 1
4365 9797 1
4365 9865 2
4373 9178 4
4373 9548 1
4373 8715 1
4373 8556 2
4373 9207 1
4373 9738 1
4389 9601 3
4389 9882 1
4389 8815 3
4389 8629 3
4389 9298 1
4389 9136 1
4390 9636 1
4390 8764 1
4390 9141 1
4409 9632 2
4409 8833 3
4409 9235 2
4431 8959 2
4431 8757 1
4431 9387 200
4431 9687 2
4431 9873 1
4431 9401 1
4431 9496 1
4431 9099 2
4431 9607 1
4431 9755 1
4435 8995 2
4435 9290 1
4450 9182 1
4450 8779 4
4450 9159 2
4450 9175 12
4464 9282 1
4464 8590 2
4464 9459 1
4464 9659 1
4464 9389 6
4468 9207 1
4468 9949 1
4468 9692 3
4468 9699 3
4473 9010 1
4473 9362 2
4488 9178 7
4488 9592 3
4488 9845 1
4488 8643 1
4488 9466 1
4502 9109 1
4502 9307 1
4502 8632 1
4502 9460 1
4508 8925 1
4508 9252 4
4508 9568 3
4508 8537 1
4508 8914 1
4511 8926 1
4528 9854 1
4531 9636 4
4531 9306 1
4531 9996 2
4531 9542 1
4531 9794 1
4533 9647 2
4533 8581 1
4533 9480 2
4539 8799 1
4539 8656 2
4539 9174 1
4539 9745 4
4540 8717 1
4540 9639 1
4540 8819 1
4540 9280 1
4546 9760 7
4546 9220 1
4546 9660 1
4573 8568 1
4588 8855 6
4588 8593 1
4588 9099 5
4588 9994 10
4588 9653 1
4594 8621 1
4594 9768 3
4594 9784 1
4595 8818 1
4595 9644 1
4595 9847 1
4597 8720 1
4597 9139 1
4611 9043 1
4611 9561 1
4623 9208 1
4623 9604 1
4623 9877 1
4623 9175 2
4623 9492 1
4623 9804 1
4625 9942 3
4625 9154 1
4625 9674 2
4625 9747 1
4625 9858 2
4625 8745 1
4625 9566 1
4626 9309 1
4626 9834 1
4647 8719 1
4647 9391 1
4647 8564 1
4647 9370 1
4647 9831 1
4670 8949 2
4670 8566 3
4670 9640 6
4670 9252 1
4670 9110 1
4670 9201 1
4670 9671 2
4670 9297 6
4695 9949 200
4695 8937 11
4695 9500 2
4723 8627 13
4723 8824 1
4761 9201 1
4761 8987 1
4761 9059 1
4791 9311 3
4791 8903 1
4792 8892 10
4792 9360 11
4792 9109 1
4792 9918 1
4799 9554 1
4799 8805 1
4799 8640 1
4799 8655 1
4808 9196 6
4808 9287 2
4808 9683 2
4808 9049 1
4823 9158 1
4823 9576 1
4824 9752 1
4824 8952 2
4824 8555 1
4824 9048 1
4824 9483 1
4824 8817 1
4824 9643 1
4824 9374 47
4884 9683 2
4884 8653 1
4884 9143 1
4884 9961 1
4884 8772 8
4886 9332 1
4886 9761 3
4886 9958 2
4886 8685 1
4899 8906 6
4911 9416 8
4911 8952 2
4911 9444 1
4941 9524 3
4941 8740 152
4941 9912 7
4945 8928 1
4945 9689 5
4945 9560 22
4945 9838 1
4949 8554 4
4949 9531 1
4961 9127 1
4961 9565 2
4992 9126 1
4992 8904 1
4999 8944 1
5006 8902 3
5006 9930 16
5006 9426 2
5006 9387 1
5006 8917 1
5029 9463 4
5029 9905 2
5029 8910 1
5030 9302 2
5030 8916 1
5030 9252 3
5030 9772 2
5039 9393 1
5039 9091 1
5039 8621 1
5040 8649 1
5040 9304 1
5040 9566 1
5040 9594 2
5040 9974 1
5040 8948 14
5066 9262 1
5067 9923 3
5067 9901 1
5067 9666 1
5067 9483 63
5067 9769 14
5081 8571 1
5081 9252 3
5081 8749 6
5081 8841 1
5081 9196 2
5081 9788 2
5081 9856 1
5081 9982 1
5118 8724 1
5122 9784 4
5122 9529 1
5147 8563 1
5147 9367 18
5148 8688 3
5148 8716 1
5155 9187 22
5155 9816 1
5174 8717 1
5174 8588 1
5174 9356 1
5174 9628 1
5174 9593 2
5191 8638 1
5191 9795 1
5191 9245 1
5193 8687 6
5193 9814 1
5193 9273 1
5193 9742 1
5193 9348 6
5193 8939 9
5193 9260 1
5193 9110 1
5193 9704 1
5199 8784 28
5199 9530 1
5199 9749 2
5199 9653 33
5200 8745 2
5200 8905 1
5200 9435 8
5200 8827 2
5200 9113 1
5200 9968 2
5200 9017 2
5200 8999 4
5200 9261 1
5202 9620 2
5202 9955 3
5202 8653 1
5202 8691 1
5202 9213 1
5207 8717 3
5207 9390 1
5210 9985 1
5216 9684 1
5216 9920 2
5216 8999 1
5216 9753 7
5216 9827 1
5222 9868 1
5222 9965 2
5222 9266 1
5222 9149 1
5222 9898 5
5222 9165 1
5222 9334 2
5228 9420 1
5228 8878 1
5239 8879 12
5259 9730 1
5259 8806 1
5270 9461 1
5270 9665 1
5270 9984 2
5277 9875 1
5277 8769 2
5277 8976 1
5277 8883 1
5277 8983 1
5284 8977 2
5284 9168 1
5284 9496 1
5284 9064 1
5284 9568 1
5285 8854 2
5285 9249 1
5285 9306 1
5285 9947 1
5290 8750 2
5290 8763 1
5290 9167 1
5292 8568 1
5292 8794 46
5292 9041 3
5304 9706 8
5304 9683 2
5304 9907 6
5313 9341 1
5313 8628 3
5313 8549 1
5313 8914 1
5313 8967 1
5313 9088 2
5334 9158 9
5334 9390 1
5334 9715 9
5334 9143 1
5334 9746 10
5334 8917 2
5334 9556 1
5334 8751 7
5334 9148 5
5334 9474 1
5334 8577 1
5339 9088 8
5339 8645 1
5339 8759 1
5339 9780 1
5339 9801 33
5351 9126 1
5351 9703 1
5352 8794 2
5352 9954 3
5357 9517 2
5357 9053 1
5360 9689 6
5360 8947 1
5380 9322 1
5380 9747 1
5380 9521 1
5380 8583 4
5398 9681 1
5398 9998 1
5406 9196 2
5406 9282 1
5406 8728 3
5406 9599 1
5406 9712 1
5422 8857 1
5422 8738 1
5422 9646 2
5433 8748 2
5433 9124 10
5433 8671 1
5433 9366 1
5433 9406 1
5433 9886 4
5438 9820 22
5438 9141 1
5444 9856 1
5444 9067 60
5444 8581 2
5444 9068 2
5444 9481 1
5444 9567 1
5444 9985 2
5449 8952 4
5449 9777 1
5461 8933 2
5468 8616 1
5468 9297 1
5468 8619 2
5468 8695 1
5468 9007 4
5468 9369 2
5468 9987 9
5468 8716 1
5479 9753 1
5479 8592 1
5479 9174 1
5479 8930 2
5479 9098 1
5479 8542 1
5479 8568 40
5479 9410 31
5479 9541 1
5499 9713 1
5499 8945 1
5507 9135 1
5507 9927 1
5507 9887 1
5507 9081 4
5507 9253 1
5515 8934 1
5515 9106 1
5515 8799 1
5515 9699 1
5515 8876 3
5515 8880 3
5515 9156 2
5544 9745 1
5544 8640 1
5544 9534 1
5544 9803 1
5544 8688 1
5547 9664 2
5561 9336 3
5576 9187 1
5576 9512 1
5576 9420 1
5587 9930 2
5587 9960 30
5587 9223 1
5587 9292 11
5587 9431 1
5589 9007 1
5589 9645 2
5589 9660 1
5589 8933 1
5589 9334 18
5589 9781 3
5589 9878 2
5598 9808 1
5598 9227 1
5598 8634 1
5598 9374 1
5598 8584 1
5598 8805 1
5598 9727 1
5600 9083 1
5600 9132 2
5608 8942 2
5608 9053 1
5608 8629 3
5608 9543 1
5624 9205 1
5624 8999 1
5624 9446 5
5643 9460 2
5643 9163 8
5643 9136 3
5643 9671 1
5643 9990 1
5643 8950 5
5648 9898 3
5648 8932 3
5648 8595 1
5648 9542 2
5648 9583 6
5658 9869 2
5696 8716 5
5696 8806 1
5696 8707 4
5696 9957 1
5712 9311 1
5712 9749 1
5712 9057 2
5712 9824 1
5720 9712 1
5720 9760 2
5728 9213 1
5728 9288 2
5733 9488 1
5733 8878 1
5733 9815 12
5733 9471 1
5733 8963 1
5733 9103 2
5734 8785 5
5734 9503 4
5734 9600 1
5734 9257 1
5734 9937 1
5742 8675 1
5742 9105 1
5742 9436 1
5742 8958 1
5742 8990 7
5742 9269 1
5742 9581 6
5742 9999 1
5760 9599 1
5760 9998 1
5760 9242 2
5760 9821 1
5760 9313 1
5760 9994 1
5762 9257 1
5762 8737 1
5762 9756 2
5762 9372 2
5762 9606 1
5762 9861 6
5762 9298 11
5762 8762 1
5762 9329 3
5762 9651 2
5768 8736 1
5768 9272 2
5777 8934 1
5777 8688 3
5777 8669 2
5777 8981 1
5777 9977 3
5777 8781 1
5797 9658 3
5799 9771 1
5799 9968 1
5799 8728 1
5799 8877 1
5799 9845 1
5799 8692 1
5799 9909 7
5805 9591 1
5805 9946 1
5805 9866 1
5821 9918 1
5831 9937 1
5831 9251 1
5831 9756 1
5831 8583 1
5831 8766 2
5831 8895 2
5831 9718 1
5831 9586 2
5831 8872 45
5873 9080 3
5873 9882 16
5876 9210 1
5876 9600 1
5876 9066 3
5889 9954 4
5889 9097 1
5889 8543 1
5889 9922 6
5896 9614 6
5896 8569 1
5896 8769 1
5897 9549 1
5897 8947 3
5897 9481 1
5897 8625 1
5897 9311 1
5897 9829 10
5897 9159 1
5897 9369 2
5897 9425 1
5930 8919 1
5930 8563 1
5930 8864 1
5930 9990 15
5933 9949 1
5933 8692 3
5933 8662 1
5933 9459 2
5933 9615 2
5933 8942 1
5933 9214 1
5933 8865 7
5933 9336 2
5933 9679 1
5947 9416 1
5947 9548 121
5958 8588 7
5958 8906 4
5958 9518 2
5993 8698 1
5993 8806 137
5993 8780 1
5993 9138 1
5993 9639 1
6000 9811 1
6000 9389 1
6006 9434 2
6006 9407 1
6006 9109 2
6010 9206 1
6010 9010 1
6010 9450 1
6010 9942 1
6010 9958 1
6010 8708 1
6026 9267 1
6026 9583 1
6026 8755 1
6026 9011 1
6037 9198 3
6037 8843 1
6037 8804 1
6038 9208 7
6038 9799 1
6038 9396 1
6038 9228 1
6038 8539 1
6038 8971 3
6038 9140 1
6043 9675 5
6043 9314 2
6043 9696 1
6043 9574 12
6055 9442 1
6066 9427 1
6066 9131 1
6066 9396 2
6077 8660 1
6077 9802 1
6077 9290 2
6077 9129 4
6081 9140 1
6081 8765 1
6081 9036 1
6096 8841 1
6096 8549 1
6118 8741 2
6118 9392 8
6118 9229 1
6120 9849 1
6120 8811 1
6120 9701 1
6120 9884 1
6120 8694 1
6123 9446 2
6123 9718 2
6123 9731 2
6123 9912 3
6123 8777 2
6126 8815 1
6155 9218 30
6155 9037 1
6155 8765 1
6155 9276 4
6158 9909 10
6158 8670 3
6158 8698 1
6164 8895 1
6164 9118 1
6164 9640 2
6164 9321 1
6174 9258 2
6174 8838 1
6174 9540 1
6174 9617 1
6181 9452 1
6181 9064 2
6181 9575 1
6181 9678 1
6183 9499 31
6183 8903 3
6183 9872 3
6183 8757 1
6183 9488 12
6183 8811 1
6183 9496 23
6183 9599 200
6183 9876 1
6206 9547 28
6206 9492 1
6206 8878 5
6206 9213 1
6206 9507 1
6206 9233 1
6206 8857 1
6206 9118 1
6206 9219 3
6237 8611 2
6237 9526 1
6244 8809 5
6244 9937 1
6244 9113 1
6296 8977 2
6296 8895 1
6297 8737 1
6297 8838 42
6304 9443 1
6304 8747 1
6304 9058 1
6304 9483 1
6318 9999 1
6318 9732 1
6318 8592 2
6318 9095 1
6338 9650 4
6338 8560 1
6338 9241 5
6338 8989 1
6338 9662 3
6348 9569 24
6353 9507 4
6353 9401 1
6353 8548 3
6353 8644 1
6353 8829 1
6353 8951 2
6353 9212 1
6362 9683 1
6362 9138 2
6371 8655 3
6371 9996 1
6376 9556 1
6376 8957 1
6376 9564 1
6376 9899 1
6376 9162 1
6376 9343 10
6376 9701 1
6376 8575 3
6376 9076 1
6376 8895 2
6376 8977 2
6386 8794 12
6386 9788 6
6386 8716 1
6386 9549 1
6386 8555 2
6386 8698 1
6386 9430 1
6386 9493 1
6386 9564 1
6389 9607 1
6389 9692 1
6389 9037 1
6389 9267 1
6390 8762 17
6390 9864 1
6390 8580 12
6390 8948 2
6390 8950 1
6393 8781 1
6398 8550 1
6398 9144 13
6398 9332 1
6398 8911 1
6398 9277 2
6416 8753 1
6416 9254 1
6416 8785 1
6416 9864 1
6421 9468 1
6421 9991 1
6421 9549 6
6421 9826 3
6422 9844 1
6426 9960 1
6426 8757 2
6426 9192 1
6426 9686 1
6426 8542 1
6426 9539 2
6426 9558 1
6426 9814 92
6430 9694 1
6430 8543 2
6430 8760 1
6430 9729 12
6432 9780 3
6432 9129 3
6432 9273 1
6432 9819 2
6432 8610 7
6432 9116 2
6432 9884 1
6432 9994 1
6440 9108 2
6440 9864 17
6440 9111 1
6440 9523 1
6454 8749 1
6454 8569 2
6454 9871 6
6466 9455 1
6466 9223 1
6466 9425 1
6466 8798 1
6466 9831 1
6472 8712 1
6472 9713 1
6472 9573 1
6472 9894 8
6472 9165 3
6472 9076 1
6492 8621 4
6492 8934 1
6492 9215 2
6492 9218 2
6492 9643 2
6492 9040 1
6492 9247 2
6514 8597 2
6514 9349 39
6514 9484 1
6514 8911 1
6521 9847 1
6521 9292 1
6521 9582 1
6521 9506 1
6525 8933 4
6525 9573 3
6525 9426 1
6525 9534 1
6526 8927 5
6526 9629 4
6526 9647 2
6527 9059 1
6527 9278 3
6527 9003 2
6527 8811 4
6527 9843 4
6527 9885 1
6550 8912 1
6550 9344 9
6550 8772 1
6550 8966 2
6550 9526 1
6550 9868 2
6550 9205 7
6555 8696 1
6555 8864 1
6555 9541 1
6555 8595 5
6555 9099 2
6556 9903 11
6556 8547 4
6566 9065 1
6566 8658 1
6572 8857 14
6572 9162 1
6572 9237 1
6572 9844 9
6572 8573 4
6572 9925 3
6591 9962 14
6598 8730 1
6598 9292 1
6598 9753 1
6598 9879 4
6598 9089 1
6598 8654 1
6598 9325 3
6600 9945 4
6624 9533 1
6624 9466 11
6624 8989 1
6624 8807 1
6624 9887 3
6630 9425 2
6638 9486 1
6638 9132 2
6638 9454 1
6642 8974 1
6642 9233 33
6642 9762 1
6642 9851 5
6642 8976 1
6642 9210 1
6653 9111 1
6653 8762 5
6681 8695 4
6681 9582 4
6682 9329 1
6682 9019 1
6682 9641 2
6690 8935 1
6690 9420 1
6690 9853 1
6690 8957 4
6690 9148 1
6690 8705 10
6690 8918 10
6690 9163 1
6696 8757 1
6696 9903 2
6696 9116 1
6696 9124 1
6696 9811 1
6708 9833 1
6708 9605 1
6708 9936 1
6719 9313 1
6719 9334 21
6719 9444 1
6719 9856 1
6719 9403 2
6719 9849 1
6719 8970 34
6719 9730 1
6723 9272 1
6723 9713 1
6723 8843 1
6723 9019 200
6723 9154 17
6723 8733 1
6724 8982 2
6724 9960 1
6724 9530 1
6724 9385 1
6724 9991 1
6724 8836 1
6724 9462 1
6724 9885 3
6742 9366 3
6742 9605 1
6751 9447 2
6751 9656 1
6751 8670 1
6751 9849 5
6752 9648 1
6752 8978 1
6752 9987 1
6752 9051 1
6752 9568 1
6752 9929 1
6752 9065 1
6752 9258 2
6752 9790 1
6763 9091 2
6763 9147 4
6763 9954 1
6763 9861 1
6783 9534 1
6783 8852 1
6783 9334 3
6783 9743 2
6784 9521 200
6784 8549 2
6784 9017 5
6784 9436 1
6784 9820 1
6799 8538 1
6799 8762 1
6799 9571 1
6799 9437 3
6799 9390 1
6799 9701 1
6799 8909 1
6799 9238 1
6803 9641 1
6813 8541 200
6813 9685 5
6822 8933 1
6822 9861 1
6839 8765 1
6839 8720 3
6839 9167 3
6845 9154 1
6845 9144 3
6845 9560 2
6861 9539 1
6861 8920 1
6861 9292 1
6861 9406 1
6861 8930 1
6861 9014 1
6861 9310 2
6864 8807 1
6864 9066 1
6864 9780 1
6893 9739 1
6893 9927 2
6912 9900 3
6912 9088 1
6912 9067 4
6912 9946 1
6922 8634 2
6922 9334 1
6922 8852 1
6922 9523 16
6942 9367 1
6942 9694 1
6942 8959 1
6943 9206 1
6956 9515 1
6956 8970 1
6960 9689 1
6960 8938 1
6960 9312 42
6960 8847 1
6960 9636 1
6965 9175 1
6965 9499 3
6965 8547 2
6965 9764 2
6965 9187 1
6965 9250 1
6965 9762 1
6969 9349 1
6969 9493 1
6969 8799 1
6969 9012 1
6969 9733 2
6973 8984 19
6973 9039 1
6973 9122 2
6973 9186 1
6973 9950 5
6973 9926 2
6973 9989 1
6994 9492 1
6994 8806 1
6994 9900 1
7000 9935 1
7000 8860 9
7000 9038 7
7000 8993 1
7006 8611 2
7006 8736 4
7006 8916 2
7017 9248 1
7017 8638 1
7017 9769 3
7017 8923 3
7017 9984 1
7036 9572 1
7036 8932 1
7049 9555 82
7049 9360 1
7049 8628 17
7049 8993 1
7049 9644 1
7056 9537 1
7056 9472 2
7056 8649 1
7056 9863 1
7056 8913 1
7056 9791 14
7070 8930 1
7070 9565 2
7070 8548 12
7070 9503 1
7095 8719 1
7095 9209 1
7095 9258 1
7095 9422 1
7095 9629 3
7096 8815 2
7096 9305 3
7096 8562 1
7096 9814 2
7096 9047 2
7096 9228 1
7098 9019 33
7098 9873 1
7098 9268 29
7098 9638 1
7107 8644 1
7107 8787 1
7107 9501 1
7113 9728 1
7176 9155 1
7181 9434 1
7181 9125 1
7181 8950 1
7181 9567 1
7187 8619 1
7187 9220 1
7187 9262 1
7187 9497 37
7187 8717 1
7190 9025 1
7190 9154 1
7208 9535 1
7208 9963 1
7217 9248 1
7217 9640 1
7217 9356 1
7217 9560 1
7239 9958 1
7239 9636 2
7239 9811 4
7239 9108 1
7239 9851 1
7240 9399 7
7240 9587 1
7252 9811 1
7252 9373 1
7252 9964 12
7252 9681 3
7262 8658 6
7262 8685 1
7262 8997 1
7262 9201 2
7262 9732 2
7262 9778 1
7262 9650 1
7262 9853 1
7262 8955 1
7262 9694 1
7264 8926 3
7264 9723 1
7264 9787 1
7264 9241 1
7264 9312 4
7264 9448 1
7266 8977 9
7266 9415 3
7266 9574 1
7266 9251 1
7266 9808 1
7271 9022 1
7271 8892 2
7271 9674 3
7271 9745 1
7271 9547 1
7271 9018 1
7271 9300 5
7286 9791 3
7286 9972 1
7286 9860 1
7286 9837 1
7286 8567 1
7286 9217 52
7295 8541 4
7295 9049 1
7295 9221 2
7295 9083 1
7295 9564 1
7295 9595 1
7295 9854 1
7295 9081 1
7298 8762 2
7298 9370 1
7298 9436 3
7298 8546 1
7303 9723 1
7303 9047 1
7303 9955 1
7303 9262 1
7303 8580 1
7325 9732 1
7325 9795 1
7325 9578 2
7325 9592 1
7328 9280 1
7328 9116 2
7328 8965 1
7329 8616 1
7329 9129 1
7329 9296 1
7339 9746 3
7339 8849 2
7339 9286 1
7339 8684 1
7339 9123 5
7344 8658 2
7344 8653 6
7344 9129 1
7344 9732 1
7347 8615 4
7347 9529 1
7347 8905 1
7347 9615 1
7347 9788 1
7347 9399 1
7347 8847 4
7347 8981 1
7347 9749 3
7359 9787 1
7396 9251 2
7396 8556 1
7396 9614 1
7396 8951 1
7396 9627 1
7396 9793 7
7438 9283 1
7438 9258 1
7438 9149 1
7438 9169 1
7438 9286 1
7438 9628 6
7438 9657 1
7442 9628 1
7449 9161 1
7450 8678 1
7452 9834 3
7452 8658 2
7461 9753 1
7461 8662 2
7461 9632 1
7464 9885 1
7464 9738 1
7464 8784 1
7464 8883 2
7464 9113 1
7464 8745 1
7464 9479 2
7464 9515 2
7469 9728 118
7469 8722 1
7469 8742 1
7469 9168 3
7469 9485 1
7469 9826 1
7469 9444 1
7469 9242 1
7470 8643 1
7470 9239 1
7470 9611 1
7491 8569 1
7491 8963 2
7508 9141 1
7514 8602 9
7514 8987 1
7514 8864 1
7514 8580 1
7514 9644 1
7514 8687 67
7520 9218 1
7520 8967 4
7520 9280 1
7520 8541 1
7534 8826 1
7534 8958 1
7534 9752 1
7534 8878 1
7534 9272 1
7534 9488 1
7539 9404 1
7539 9991 1
7539 9344 1
7545 9374 3
7545 9730 1
7545 9838 1
7545 8705 9
7545 8929 1
7545 8634 1
7560 8970 1
7560 9306 1
7560 9534 1
7560 9463 1
7584 9393 2
7584 9114 1
7584 9024 1
7592 8550 1
7592 8852 28
7592 9477 1
7592 8992 1
7595 8998 1
7595 9041 1
7595 9662 1
7604 9765 1
7604 9909 1
7610 9890 5
7612 9923 1
7638 9564 1
7638 9372 1
7638 8927 1
7638 9977 2
7638 9304 1
7652 9041 2
7664 8733 1
7702 9069 1
7702 8739 2
7702 8836 1
7731 8785 2
7731 9268 8
7731 9960 1
7735 8927 1
7735 9037 1
7735 9148 57
7739 8925 1
7739 9636 3
7739 9640 1
7739 9539 1
7739 9183 1
7739 9549 2
7739 9003 1
7739 9198 1
7739 9559 1
7739 9656 1
7782 8839 3
7782 9861 54
7782 9174 2
7782 8760 1
7782 9168 1
7784 8629 7
7784 9845 1
7784 9421 1
7784 9471 2
7784 8925 1
7797 9772 1
7797 8666 1
7797 9553 4
7797 9803 2
7809 9904 1
7809 9950 2
7809 9124 1
7812 8815 1
7812 9302 1
7812 9692 1
7815 9039 1
7820 8621 2
7820 9874 1
7828 8753 1
7828 9887 2
7828 9517 2
7834 9555 1
7834 9122 2
7834 8575 5
7834 8722 1
7834 8841 5
7853 8815 1
7853 9153 1
7853 9468 2
7853 8892 1
7853 8646 1
7853 9224 1
7853 9487 1
7855 9119 2
7861 9905 1
7861 9232 1
7861 9396 1
7861 9227 2
7861 9781 2
7861 9022 4
7861 9198 1
7861 9947 1
7863 9010 3
7863 8720 1
7863 9657 3
7867 8766 2
7867 9739 55
7867 8563 4
7867 9450 29
7867 9650 1
7867 9486 1
7867 8607 4
7895 9814 5
7895 9954 2
7895 9374 1
7895 9386 1
7895 8705 2
7899 8804 1
7899 8749 2
7959 9945 3
7959 9721 1
7964 9122 24
7964 9827 3
7967 8918 1
7967 8662 1
7967 9927 8
8007 8909 2
8007 9996 1
8007 8664 1
8007 8965 45
8007 8799 1
8007 8975 1
8007 9309 1
8038 8712 26
8041 8665 4
8041 8955 3
8041 9147 1
8041 9379 2
8041 9083 1
8055 9549 1
8055 8565 6
8072 8575 1
8072 8736 1
8072 9984 2
8072 9919 1
8072 9198 3
8072 9169 1
8072 9715 4
8072 9361 1
8072 8597 1
8072 8693 51
8077 9953 5
8077 9761 12
8077 9679 3
8077 9415 1
8077 9513 1
8090 9062 1
8100 9122 1
8100 9031 1
8100 9728 1
8100 9344 1
8100 9507 1
8105 9032 1
8105 9529 1
8110 9079 3
8110 9484 1
8110 9942 3
8127 9289 1
8127 9055 5
8135 9477 1
8135 8569 3
8135 9869 1
8135 9950 1
8154 9507 9
8154 9815 1
8154 9845 2
8157 9160 1
8157 9717 1
8157 9101 1
8157 9563 8
8176 9540 2
8176 9127 1
8176 8966 4
8184 8920 1
8184 9403 3
8189 9182 1
8189 8966 1
8189 8560 3
8194 9942 2
8194 9807 2
8194 8804 2
8194 9259 1
8194 9713 1
8196 9512 5
8196 9024 1
8196 9922 1
8196 8960 2
8196 9114 1
8196 9324 2
8197 9701 1
8199 9935 1
8199 9433 1
8199 9730 3
8216 8883 1
8216 9485 1
8216 8876 1
8216 9883 1
8219 8984 1
8226 8725 2
8226 9208 1
8240 9909 1
8240 9103 1
8240 9015 7
8240 9316 1
8240 9501 2
8248 9538 3
8248 9350 1
8248 9732 3
8278 8818 1
8278 8921 4
8278 9636 1
8278 9972 1
8292 9379 1
8292 9155 4
8292 9587 2
8296 8685 1
8296 9559 1
8298 9264 1
8298 9186 2
8298 9925 1
8298 9048 1
8303 8764 2
8303 9879 1
8303 8978 1
8303 8918 63
8309 8801 1
8309 9380 2
8313 9815 1
8313 8811 1
8313 9771 1
8313 9657 2
8313 9803 7
8313 9474 1
8326 8839 1
8346 9042 1
8358 9976 1
8369 9296 2
8373 8632 4
8373 9796 1
8373 9310 1
8378 9223 1
8378 8815 3
8378 9249 5
8396 8588 16
8396 9192 1
8396 9448 16
8398 9093 1
8398 8951 1
8398 8700 3
8398 9237 1
8400 9759 1
8412 8991 1
8412 9238 1
8412 9347 1
8412 9079 1
8412 9875 5
8422 8597 2
8422 8788 2
8429 8738 1
8429 9436 3
8429 9745 1
8429 9922 3
8429 8892 2
8429 9509 1
8435 9110 1
8435 9933 2
8435 9956 1
8435 9161 55
8435 8579 2
8435 9252 2
8438 9630 1
8438 9913 1
8457 8539 1
8457 9404 2
8457 9763 1
8461 9163 2
8461 9511 1
8461 9798 1
8461 9811 1
8466 9030 2
8466 9144 1
8466 9303 1
8466 9884 1
8494 8801 1
8494 9361 1
8494 9939 1
8494 8845 1
8494 9319 1
8496 9406 5
8496 8974 1
8496 9548 1
8496 9425 1
8496 8653 1
8496 9446 1
8496 9466 1
8496 9524 1
8496 9757 2
8496 9850 1
8507 9473 1
8507 9955 3
8507 8649 4
8507 9573 2
8517 9215 2
8517 9802 4
8517 9999 1
8517 8927 1
8524 9858 5
8524 8640 1
8524 9124 1
8524 8970 1
8524 8929 1
8524 9212 1
8524 9793 3
8524 9771 2
8524 9944 3
8529 9379 1
8529 9036 1
8529 9218 1
8529 9302 1
8536 9136 1
8536 9258 2
8536 9344 6
8536 9257 1
8539 8681 1
8541 9465 1
8542 8743 1
8544 9314 38
8544 9029 1
8544 9144 1
8545 9926 1
8546 8674 1
8546 8624 2
8547 8639 6
8548 8683 1
8548 9074 1
8549 8846 1
8549 8630 1
8551 9276 8
8551 8566 1
8552 9382 1
8553 8976 2
8555 8596 1
8555 8606 1
8558 8883 1
8558 9370 2
8558 9769 1
8558 9440 1
8558 9089 1
8559 9898 1
8559 9105 4
8560 9789 1
8561 8612 1
8564 8796 1
8564 9364 2
8565 8677 14
8565 9465 1
8570 9539 1
8570 9281 1
8570 9343 3
8570 8607 6
8571 8576 1
8572 9374 1
8573 8851 3
8573 9672 1
8573 9789 2
8574 9795 1
8574 8972 1
8574 9576 1
8574 9391 1
8576 9717 2
8578 9119 3
8578 9183 1
8578 9324 1
8578 9550 1
8578 9731 2
8578 8830 1
8582 9059 10
8582 9883 3
8582 9348 1
8582 9443 1
8582 9508 6
8583 9908 1
8585 9029 1
8585 8782 2
8585 9051 6
8586 8769 1
8586 9039 1
8586 9840 2
8587 9053 2
8589 9936 4
8591 8891 1
8591 9170 3
8591 9647 1
8592 8661 5
8593 9074 3
8593 8969 83
8594 8990 2
8594 9321 1
8594 9281 7
8594 9556 1
8596 9813 1
8596 9856 1
8598 8864 6
8598 8978 1
8600 9237 1
8600 9088 2
8600 8916 1
8600 9586 2
8600 9062 2
8600 8602 1
8600 9441 1
8601 8644 1
8603 9884 11
8603 9640 18
8603 8722 1
8603 9158 10
8604 9205 1
8604 8720 1
8605 9987 45
8605 9359 1
8605 9524 20
8606 8933 1
8606 9212 1
8606 9351 1
8606 9582 1
8606 8715 1
8606 9857 2
8607 8840 1
8608 8720 1
8608 8750 1
8609 9872 1
8609 9834 1
8609 9658 3
8611 8894 1
8611 8884 3
8612 8740 1
8612 9032 2
8613 9184 1
8613 9160 1
8613 9743 1
8614 8625 24
8614 8912 4
8616 8699 1
8617 9454 1
8617 9065 1
8618 8879 1
8618 8986 10
8618 9475 1
8618 9347 1
8620 9570 1
8620 8621 1
8620 9153 1
8620 9574 1
8620 8819 1
8620 9357 2
8621 8680 1
8622 8853 1
8623 9422 23
8623 8658 1
8623 9303 1
8623 9867 1
8624 9064 151
8624 9360 1
8624 9440 15
8624 9468 3
8625 9179 1
8625 8893 1
8626 9906 3
8627 9226 1
8627 9090 1
8629 9202 1
8630 9671 1
8630 8932 1
8630 8878 5
8630 9653 1
8630 8942 1
8630 9122 2
8630 9955 5
8633 9317 2
8634 8840 3
8635 8812 1
8637 9513 1
8637 9030 1
8638 9299 174
8639 9213 1
8639 9991 1
8639 8817 2
8639 9765 1
8639 9472 1
8641 9113 1
8641 9486 10
8641 8897 1
8642 9815 1
8643 9959 1
8644 8851 4
8645 8840 1
8647 9067 2
8648 9591 4
8648 9594 5
8648 9874 1
8650 8775 1
8650 8818 1
8651 9480 1
8651 9813 2
8657 8972 1
8657 9807 1
8657 8785 1
8657 9370 2
8659 9369 8
8662 8837 1
8663 9116 1
8663 9673 1
8663 8965 5
8667 8863 2
8667 8885 14
8668 9290 1
8668 9981 3
8672 9030 13
8673 9296 1
8673 9330 6
8673 9769 1
8673 9497 3
8675 8822 1
8676 9736 1
8676 9669 1
8676 9855 2
8677 9963 1
8677 8880 1
8677 9899 4
8677 9873 1
8678 8868 2
8679 9817 1
8679 9238 1
8679 9194 1
8679 9356 1
8680 9628 1
8680 9346 3
8680 9024 1
8680 9608 2
8681 9976 2
8681 9571 1
8681 9254 1
8681 9881 1
8682 9189 12
8682 8857 1
8682 9032 2
8682 9401 1
8682 9854 2
8682 8764 1
8684 9776 1
8687 8743 3
8689 9805 1
8690 8892 1
8690 8694 1
8690 8898 4
8690 9989 5
8690 9805 3
8693 8767 1
8696 8734 1
8697 9005 5
8698 8840 1
8699 9903 1
8699 9680 1
8700 9812 1
8700 8969 1
8701 9014 2
8701 9804 2
8701 9704 1
8701 9361 73
8703 9429 1
8704 9564 4
8704 8784 1
8706 9175 1
8706 8853 1
8707 9818 3
8709 8763 1
8709 8972 1
8710 9019 42
8710 9513 1
8710 9589 7
8710 9972 4
8711 9665 1
8712 9734 1
8713 8726 1
8713 8802 1
8714 9297 1
8714 9966 7
8714 9458 1
8717 8773 2
8718 9795 1
8718 9945 1
8718 9217 17
8718 9450 2
8718 9987 1
8721 9243 4
8721 8936 1
8721 9182 1
8721 9162 1
8721 9869 3
8721 9880 1
8723 9010 1
8723 9319 1
8723 9922 1
8723 9305 1
8724 8773 2
8724 9722 5
8726 8984 1
8726 9970 1
8726 9315 9
8728 8773 2
8730 8851 1
8731 9905 1
8731 8801 1
8732 9880 1
8732 9886 1
8734 9659 1
8735 8847 1
8735 8937 4
8735 9338 4
8736 9382 1
8739 9202 1
8741 9778 2
8743 9647 1
8743 8952 1
8743 9613 39
8743 9752 9
8743 9898 5
8744 9442 4
8744 9606 1
8746 9500 1
8747 8831 2
8749 9906 1
8749 9382 1
8752 9799 2
8752 8935 2
8754 9358 12
8756 9305 1
8756 9240 7
8758 9660 4
8758 9899 3
8758 9393 1
8758 9586 1
8762 9244 1
8767 9796 2
8770 8930 2
8771 8833 1
8772 9180 3
8772 9714 3
8773 8902 1
8774 9055 1
8774 9608 1
8775 8812 1
8775 9931 6
8776 9542 1
8778 8913 1
8778 9907 1
8778 9213 2
8778 9346 1
8782 9979 4
8783 9656 2
8783 9079 2
8783 9416 3
8783 9572 1
8783 9804 1
8783 9954 1
8783 8849 1
8783 9379 2
8783 9555 3
8785 8850 1
8786 9804 4
8786 9780 2
8786 9126 1
8788 8881 55
8789 8968 200
8789 9938 1
8793 8908 3
8793 8802 36
8795 9712 1
8795 9834 1
8796 9170 1
8796 9920 1
8796 9995 1
8796 9233 5
8796 9841 1
8796 9077 2
8797 9302 1
8797 9569 1
8798 8875 1
8800 9965 1
8802 9288 2
8803 9407 2
8803 9554 7
8803 9271 1
8803 9355 2
8803 9650 1
8806 8808 200
8808 9894 5
8809 8894 2
8810 9081 1
8810 9752 3
8812 8914 28
8812 9052 2
8812 9227 2
8812 9296 1
8812 9337 2
8813 9874 1
8813 9711 1
8813 9452 2
8813 9879 9
8813 9484 3
8817 8851 1
8817 8837 1
8819 8915 3
8820 9025 1
8820 9297 3
8820 8920 7
8820 9764 1
8822 9062 1
8823 9543 3
8823 9076 1
8823 9877 9
8825 9448 2
8825 9119 5
8825 9911 1
8826 9776 1
8828 9640 2
8831 9251 1
8831 8922 21
8831 8936 6
8832 9241 2
8832 9900 2
8834 9350 2
8834 9125 1
8834 9521 1
8835 9958 1
8835 9550 1
8835 9405 1
8835 9629 2
8835 8978 1
8835 9097 1
8836 9339 3
8837 9911 1
8837 9479 1
8837 9567 1
8837 9088 1
8837 8854 30
8837 9645 1
8839 9859 1
8840 9283 1
8842 9640 2
8842 9248 1
8844 9392 1
8844 9389 21
8844 9440 1
8844 9358 14
8844 9058 1
8845 8893 1
8846 9248 6
8848 9363 8
8848 9442 1
8848 9805 1
8851 9076 4
8851 9039 1
8851 9386 1
8851 9315 3
8851 9821 1
8851 9582 3
8851 9427 1
8851 9149 7
8852 8969 10
8854 9744 33
8856 9152 1
8856 9890 3
8858 9057 1
8858 8989 2
8858 9051 8
8859 9663 1
8859 9235 9
8859 9815 3
8861 9804 1
8862 9604 1
8864 9445 1
8864 9364 1
8866 8907 1
8866 9963 13
8866 9399 1
8867 9714 3
8868 9253 2
8869 9913 1
8870 8897 1
8870 9570 1
8871 8999 1
8871 9935 1
8871 9434 1
8871 9630 1
8871 9808 1
8871 9920 2
8871 9995 1
8872 9445 1
8873 9321 1
8873 9298 1
8874 9951 1
8874 8975 3
8874 8995 7
8875 9500 1
8875 9221 1
8879 9693 1
8881 9080 3
8881 9910 1
8882 9716 1
8884 8939 4
8885 9861 1
8885 8921 1
8885 9864 3
8886 8898 5
8886 9040 2
8886 9480 1
8887 9424 1
8887 8937 1
8887 9066 200
8887 9307 1
8887 9648 6
8887 9797 1
8890 9540 1
8893 9579 13
8893 9703 1
8894 9798 1
8894 9860 1
8896 9847 1
8896 9104 1
8899 9738 1
8900 9866 3
8901 9898 3
8901 9554 1
8904 9395 4
8905 9818 8
8908 9471 1
8908 9066 1
8908 9970 2
8908 9085 1
8908 9022 2
8908 9259 3
8910 8969 1
8915 9330 1
8915 9530 1
8924 9927 1
8924 9519 1
8928 9074 14
8928 9892 1
8938 9896 3
8940 9236 2
8945 9896 1
8956 9384 2
8956 9135 1
8960 9773 1
8963 9395 1
8963 9672 1
8969 9871 1
8969 9985 1
8969 9201 1
8969 9813 1
8976 9244 1
8979 9243 4
8980 9170 5
8980 9602 131
8980 9243 1
8981 9339 2
8982 9892 1
8984 9179 1
8986 9180 4
8990 9693 2
9004 9870 1
9005 9321 1
9005 9373 1
9005 9178 1
9005 9832 1
9005 9182 1
9008 9740 2
9011 9244 3
9017 9364 1
9021 9979 10
9021 9714 18
9023 9973 1
9028 9546 1
9032 9299 1
9038 9916 57
9058 9916 1
9063 9300 3
9064 9171 1
9066 9892 1
9068 9445 2
9074 9206 1
9074 9500 1
9074 9657 1
9074 9720 1
9074 9917 13
9074 9384 1
9075 9828 2
9077 9889 2
9089 9491 1
9090 9152 15
9090 9728 1
9103 9744 1
9104 9668 1
9105 9891 1
9106 9402 1
9119 9335 1
9147 9172 4
9154 9465 3
9160 9741 2
9162 9812 1
9171 9216 1
9171 9760 1
9171 9318 1
9172 9583 1
9172 9820 1
9172 9681 1
9178 9202 3
9179 9628 1
9179 9547 2
9179 9324 10
9180 9475 1
9180 9832 16
9189 9672 4
9192 9916 4
9202 9274 1
9202 9559 2
9202 9659 2
9203 9414 1
9207 9714 1
9210 9637 1
9214 9619 2
9226 9858 1
9236 9741 2
9244 9431 9
9244 9799 1
9272 9299 1
9275 9344 2
9275 9858 1
9275 9684 4
9286 9812 5
9286 9959 2
9287 9916 1
9298 9908 1
9299 9430 2
9299 9657 1
9299 9404 1
9318 9335 1
9321 9916 1
9325 9766 1
9328 9458 1
9333 9722 1
9335 9667 2
9335 9453 2
9339 9417 1
9339 9616 1
9339 9851 1
9341 9892 3
9341 9491 1
9364 9519 1
9364 9862 2
9365 9908 1
9369 9822 1
9374 9959 2
9384 9776 6
9389 9716 41
9395 9914 1
9395 9684 7
9395 9532 2
9407 9714 1
9410 9465 2
9419 9596 1
9429 9681 4
9434 9672 1
9440 9716 1
9455 9668 1
9458 9722 1
9459 9767 1
9478 9722 1
9492 9773 1
9533 9818 1
9536 9716 3
9536 9698 1
9537 9773 2
9558 9766 4
9576 9896 2
9588 9979 6
9588 9767 1
9589 9906 3
9604 9948 1
9604 9896 1
9605 9744 8
9609 9859 1
9619 9733 1
9644 9889 4
9648 9734 1
9666 9896 6
9666 9822 2
9672 9821 2
9672 9865 1
9672 9706 1
9672 9899 1
9681 9916 1
9683 9776 2
9686 9948 4
9698 9732 1
9698 9817 3
9714 9984 1
9714 9829 1
9715 9906 1
9719 9947 1
9726 9776 1
9730 9744 5
9734 9736 1
9741 9792 1
9743 9776 1
9744 9913 1
9744 9753 1
9746 9773 5
9756 9822 2
9767 9949 1
9789 9905 1
9794 9812 47
9812 9938 1
9813 9959 4
9819 9916 1
9853 9931 1
9859 9999 1
9887 9896 1
9889 9935 1
9896 9951 1
9897 9924 1
9908 9946 1
9938 9959 1
