0 9753 1
1 9196 1
1 9304 1
1 9473 1
1 9440 2
1 9181 3
9 9761 1
9 9896 1
19 9839 2
50 9785 2
68 9487 2
68 9750 1
68 9454 1
71 9684 2
71 9759 1
71 9382 2
71 9842 1
98 9009 1
108 8746 2
108 9759 1
108 8910 1
108 9709 1
113 9085 5
113 9569 2
113 9778 3
113 9269 1
113 9307 25
113 9238 1
113 9717 1
113 8931 9
145 9239 6
145 8891 3
145 9363 18
150 8551 4
150 8590 1
169 8892 1
169 9001 2
186 9070 1
186 9420 2
186 9547 1
192 9821 1
192 8741 1
223 9429 2
223 8620 4
223 8692 1
243 8589 1
243 9608 3
281 9184 2
281 9746 1
281 8909 4
281 8546 5
281 9681 2
281 9754 1
287 9526 1
287 9750 1
287 9662 4
287 8528 4
287 8613 1
287 9426 9
287 9654 1
287 8541 7
287 9377 2
287 9456 1
287 9517 1
289 8936 1
289 9784 1
289 9721 1
301 9667 1
304 8987 1
309 9022 1
309 9640 1
309 8740 1
309 8653 1
309 9508 1
323 8687 2
323 9325 1
323 9144 5
323 9710 1
323 9339 1
323 9824 1
323 8632 1
323 8646 1
323 9296 2
354 9283 1
375 9592 4
375 8774 3
375 9569 1
385 8906 2
385 9230 1
394 8648 2
394 8953 2
398 9968 1
398 9664 1
414 8904 1
414 8980 1
420 9226 1
420 8645 1
420 9731 1
420 8534 2
420 8672 1
424 9591 1
427 9802 6
427 9111 1
427 9311 1
427 9657 1
428 9233 1
428 9398 1
430 9555 1
430 9004 1
430 8608 2
430 9084 1
430 9900 1
436 8831 1
436 9059 1
436 9384 1
453 8922 2
453 9144 4
453 9669 1
457 9656 1
457 8596 1
457 8725 1
457 8593 1
457 8793 4
457 9585 1
460 9940 1
460 9775 1
460 9339 6
461 9968 1
461 9982 36
461 9452 1
485 9589 1
485 8830 1
485 9930 1
486 9572 1
486 9527 1
491 9347 19
491 9620 1
491 8967 3
491 9723 7
506 8712 2
534 9091 1
534 8675 15
534 9057 1
534 9384 1
534 9738 1
534 9880 7
535 9691 1
535 9107 1
536 9681 1
536 9720 1
546 9057 2
546 9865 1
559 8607 2
559 9617 1
559 8932 2
564 9010 3
564 9747 2
567 8538 1
594 9102 1
594 9146 6
594 9618 1
597 8610 8
597 9531 4
597 9298 1
597 9341 2
597 9420 1
640 8741 2
640 9162 2
640 9400 2
646 8869 1
650 8681 1
650 8982 2
651 8582 1
651 8769 1
664 9601 1
664 8940 1
667 8950 1
667 9381 1
674 9938 2
674 9474 1
674 9615 5
674 9969 1
678 9048 1
678 9110 71
678 9253 2
678 8934 1
678 9360 1
687 8808 1
687 9383 2
717 8709 1
717 8553 1
717 9442 1
736 9202 1
736 8919 1
738 8634 1
738 8775 16
738 8983 1
738 9658 1
748 8761 1
748 9100 1
748 9931 8
756 9718 1
756 8724 1
767 9667 1
770 8937 2
770 9171 1
780 9848 1
780 9523 1
781 9004 4
781 9170 1
781 9252 1
781 9080 1
790 9557 1
790 8746 19
790 8863 2
790 9347 1
790 8789 4
799 8801 1
799 9194 2
799 9232 1
799 8658 3
799 8937 1
799 9426 1
801 8658 1
801 9392 2
801 9170 2
801 9315 2
801 9759 1
802 9778 1
802 9366 133
810 9577 1
810 9820 1
810 9897 1
837 9482 1
837 8715 4
837 9205 1
842 9016 138
842 9419 2
842 9609 2
865 9880 1
866 9357 1
870 9894 1
870 8865 16
870 8932 1
870 9756 3
870 9082 4
875 9825 2
881 8868 2
881 8657 4
881 9438 162
881 8923 1
891 9505 1
906 8643 3
906 9698 1
909 9415 1
909 9901 1
909 9056 1
909 9206 1
917 8603 1
917 8660 1
929 8576 1
929 9032 1
929 9585 1
929 9607 6
936 8564 1
936 9670 1
936 8640 1
936 9307 1
936 9385 1
936 9682 1
936 9738 4
936 8742 1
936 9882 5
946 9067 2
946 9901 1
946 9476 5
946 9650 1
946 9590 1
946 9767 1
967 8793 1
967 8935 2
967 8957 1
982 9951 1
982 9235 6
982 9449 1
984 9655 1
984 9040 1
987 2661 1
987 8574 5
987 9000 1
1012 8609 2
1012 9902 1
1012 8585 1
1012 8860 1
1021 9662 1
1021 9390 4
1021 9873 1
1021 9128 1
1021 9293 3
1023 9168 1
1023 9444 1
1023 9884 1
1040 8743 1
1040 8857 1
1040 9828 1
1040 8613 1
1059 8642 1
1059 9160 1
1063 9584 1
1063 8708 1
1063 8587 1
1063 8935 1
1063 9337 1
1077 9134 1
1077 9768 2
1077 8872 1
1077 9189 4
1077 9240 2
1077 9895 3
1078 9360 1
1078 9174 2
1078 9417 1
1078 9509 3
1081 9786 1
1081 8653 11
1081 9015 2
1081 9503 1
1100 9685 8
1100 9637 1
1100 9819 22
1100 8567 2
1100 8673 3
1100 9186 1
1100 8557 1
1100 8987 7
1101 9635 1
1101 9435 1
1101 8554 4
1101 9646 2
1125 8675 1
1125 9406 1
1125 8884 1
1137 9899 4
1137 8879 1
1153 9599 2
1153 9107 1
1153 9137 1
1153 8949 1
1153 8574 3
1208 9807 4
1211 9581 1
1211 9060 7
1211 8652 1
1211 9243 3
1211 8607 1
1233 8686 1
1233 9284 1
1233 9459 1
1233 9376 1
1235 9528 1
1235 8867 4
1235 9226 1
1243 9018 2
1243 9042 2
1243 9746 3
1243 9578 1
1250 9184 2
1253 9236 4
1253 8599 4
1253 9558 1
1253 9621 1
1259 9059 16
1259 9491 26
1259 8756 3
1259 9320 1
1287 9303 2
1287 9903 1
1288 9427 1
1288 8751 2
1288 9602 5
1288 8980 1
1288 9911 1
1299 9150 20
1299 8876 1
1299 8846 3
1302 8751 1
1353 9192 1
1353 9665 15
1353 9675 39
1353 8589 1
1353 9783 1
1353 9874 1
1353 9962 2
1363 9840 1
1363 9849 3
1363 9924 1
1363 9227 1
1374 9815 4
1394 8904 1
1394 9524 1
1394 9838 1
1425 9159 9
1425 9048 5
1425 9122 1
1425 9568 2
1427 9617 2
1427 9059 5
1428 8813 1
1428 9258 2
1433 8646 1
1433 9710 1
1433 9327 1
1438 8651 2
1438 9509 2
1438 9626 1
1438 9227 1
1438 9488 1
1438 9313 1
1438 8978 1
1438 9134 8
1438 8608 2
1438 9225 1
1450 9059 2
1450 9629 1
1450 9898 1
1450 8909 4
1450 9240 1
1450 9405 2
1454 9968 30
1454 8753 1
1454 9157 4
1454 9725 16
1454 8672 1
1454 9232 1
1473 8864 1
1473 8745 1
1473 9598 1
1473 8609 1
1488 9823 1
1488 9151 2
1488 9349 2
1488 9922 2
1500 8603 1
1500 9848 2
1509 8960 1
1509 9047 2
1526 8993 1
1526 9746 1
1526 9499 1
1532 8833 1
1568 9828 2
1568 9793 3
1568 8562 1
1568 8683 1
1568 8695 1
1568 9783 1
1583 9230 38
1590 9895 1
1590 9160 1
1590 9099 1
1590 9300 17
1594 8868 1
1603 9863 1
1603 9403 1
1603 9723 1
1603 8546 3
1603 9625 2
1607 8629 1
1607 9580 1
1607 8674 1
1607 9761 2
1607 8918 151
1607 9553 1
1607 9841 1
1613 8782 1
1613 9811 1
1613 8757 1
1613 8867 1
1613 9183 21
1620 8657 1
1620 9537 1
1622 9837 3
1622 8860 1
1622 9603 2
1622 9270 1
1622 9749 1
1622 9987 2
1622 9007 30
1622 9123 1
1634 9768 1
1634 9229 1
1634 9536 1
1634 9956 1
1635 9725 1
1635 8665 11
1640 8856 2
1640 8943 3
1640 8660 3
1640 8919 1
1640 9635 1
1640 9848 1
1640 8910 1
1640 8581 1
1640 9051 1
1642 9102 9
1642 9788 3
1642 8557 2
1642 9131 1
1642 9340 2
1642 9818 1
1642 9936 1
1642 9519 1
1642 9570 5
1642 8578 1
1644 9382 1
1644 9446 1
1644 9271 1
1644 9442 2
1650 8668 1
1650 8951 9
1650 8647 1
1704 9407 1
1708 9141 1
1708 8822 1
1708 8895 3
1708 9456 1
1708 8540 1
1708 9189 1
1719 8935 1
1719 9280 1
1719 8562 1
1719 9507 1
1771 8725 1
1771 8846 1
1771 9569 1
1771 8741 1
1771 8870 1
1771 9809 2
1779 8764 1
1779 9692 1
1779 9115 2
1779 9234 11
1779 8603 1
1779 8633 1
1779 9553 1
1781 9328 1
1781 8871 5
1783 9874 3
1787 4744 1
1787 9174 1
1787 9485 2
1787 8898 2
1823 8927 19
1823 9464 1
1823 9197 1
1823 8950 1
1863 9594 1
1863 9416 1
1894 9322 2
1894 9280 1
1894 9464 1
1894 9606 1
1894 9965 1
1897 9458 3
1897 9912 4
1898 8972 1
1899 9310 3
1899 9267 1
1910 9924 2
1910 9072 2
1915 8830 1
1915 8993 19
1915 9532 3
1915 9743 1
1915 9834 1
1921 8640 1
1921 9887 1
1921 9158 1
1921 9617 2
1921 8823 1
1934 9868 3
1934 9629 1
1934 9169 1
1944 9464 1
1944 9936 1
1944 9907 6
1944 8541 1
1944 9713 8
1944 9744 1
1944 9157 3
1944 9541 1
1945 8689 2
1945 9596 7
1946 9879 1
1952 8685 11
1952 9110 4
1956 9116 1
1956 9880 1
1956 9778 5
1956 9747 1
1956 8922 1
1956 9406 29
1968 8649 1
1968 8923 1
1968 8910 33
1968 8687 1
1969 9038 4
1969 9757 1
1969 9921 1
1969 9944 1
1975 8853 1
1975 9276 1
1975 9518 29
1975 8983 1
1979 9614 1
1979 9568 1
1982 8725 1
1987 9232 3
1987 9100 1
1987 8659 1
1987 9499 1
1994 9309 4
1994 9251 1
1994 8660 9
2004 8596 1
2004 8686 1
2004 9885 1
2004 9991 1
2019 8633 1
2019 8987 2
2019 9214 1
2019 9546 6
2021 8677 1
2021 9051 1
2021 8879 1
2021 9532 1
2021 9209 1
2021 9657 1
2025 8537 1
2025 8866 1
2025 9807 1
2025 9264 1
2038 9010 1
2038 9519 1
2038 9915 1
2053 9073 1
2053 9378 1
2053 9600 1
2054 9790 200
2055 9879 2
2055 9149 19
2057 9667 1
2057 9042 1
2057 9453 6
2057 9721 1
2057 9502 1
2058 9632 2
2058 9770 2
2058 9899 1
2058 9662 1
2058 9140 3
2063 9120 1
2063 9247 6
2064 9936 2
2064 9702 1
2064 9386 1
2079 9623 1
2079 9306 1
2079 9551 2
2099 9867 4
2099 9814 4
2099 9865 2
2123 9429 15
2123 8913 9
2123 9906 3
2123 9297 1
2182 8860 1
2182 9877 1
2182 9584 1
2182 9632 1
2182 9234 6
2182 9413 2
2184 9887 17
2184 9172 1
2184 8881 1
2185 9581 1
2186 9009 2
2186 8650 2
2186 8668 1
2188 9753 7
2188 8690 1
2188 8694 10
2195 9920 1
2195 9817 1
2207 9632 1
2207 9505 1
2207 9794 1
2208 9890 1
2208 9289 2
2208 9790 13
2247 9551 1
2247 8783 2
2247 8832 5
2247 8936 1
2247 9022 1
2247 9778 1
2248 8878 1
2248 9360 1
2272 8666 2
2272 9383 193
2272 9848 5
2272 8896 3
2274 9894 1
2274 9357 2
2274 9957 4
2274 9785 1
2274 9166 9
2274 9411 1
2274 9387 1
2290 9011 4
2296 9887 3
2296 9533 1
2296 9441 1
2297 8690 1
2297 8895 1
2297 9461 1
2297 9670 2
2297 9967 1
2298 8751 1
2298 9850 1
2298 8712 1
2327 9478 1
2327 8819 1
2327 9743 1
2327 9033 1
2328 8654 1
2328 9632 1
2348 8579 1
2348 9152 11
2348 9970 3
2348 9614 2
2348 8913 1
2361 9403 2
2361 8850 1
2361 9399 1
2361 9136 1
2361 9145 3
2361 9967 24
2361 9141 1
2361 9314 5
2361 9462 37
2373 9515 1
2380 9243 1
2389 9537 1
2389 9961 3
2400 9593 4
2400 9351 4
2400 8902 1
2404 9567 1
2404 9304 1
2404 9395 2
2404 9592 1
2404 9828 1
2414 8561 1
2414 9536 5
2414 9944 1
2414 9185 2
2414 9691 1
2414 9363 28
2414 9720 2
2414 8536 2
2414 9995 1
2414 8711 1
2414 9807 2
2415 9847 13
2415 9024 1
2415 9178 1
2420 8717 1
2420 8993 1
2420 9798 2
2420 9197 1
2423 8576 1
2423 8787 1
2423 8565 1
2423 9056 1
2423 9096 1
2434 8717 1
2434 9156 40
2434 9866 1
2451 9583 19
2451 9355 2
2486 9663 5
2486 9781 1
2486 9042 1
2486 9383 3
2486 8585 5
2486 9994 1
2486 9216 1
2486 9379 1
2486 9790 1
2514 9595 3
2514 8953 1
2514 9656 1
2514 9277 1
2514 8792 9
2529 8818 10
2529 9534 1
2529 8917 26
2529 9038 5
2529 8949 1
2529 9546 1
2540 8943 8
2540 8553 11
2540 9907 1
2540 9404 1
2563 8705 1
2563 9892 4
2563 8744 1
2563 9476 88
2565 9786 1
2565 9013 1
2565 8641 1
2565 9990 1
2565 9264 2
2565 9715 12
2565 8974 1
2565 8585 2
2565 8783 1
2577 8768 6
2597 9295 1
2597 9694 1
2597 9891 1
2597 9925 1
2602 8911 1
2602 9618 1
2616 8536 1
2616 9386 1
2616 9915 3
2626 8747 11
2644 9018 2
2644 9523 1
2646 8744 1
2646 9052 1
2646 9477 1
2657 9625 7
2657 9077 3
2657 9345 1
2657 9524 1
2661 8671 2
2661 9640 1
2674 8922 1
2674 8902 14
2674 8974 6
2674 8718 12
2674 9986 1
2674 8814 2
2678 8630 1
2678 9233 1
2692 8574 4
2692 8692 1
2698 9735 1
2698 8537 1
2698 8952 1
2698 9610 1
2698 9044 1
2703 9045 8
2703 9207 1
2703 9242 4
2703 9685 1
2703 9783 1
2703 9166 1
2703 8859 2
2703 9825 1
2703 9886 1
2703 9978 1
2706 9936 13
2706 9247 1
2706 9908 1
2713 9264 1
2713 9382 12
2713 8598 1
2713 8641 1
2713 9261 29
2713 9627 2
2713 9577 1
2713 9604 4
2738 8841 1
2738 9005 2
2738 9580 2
2738 8713 2
2785 9650 1
2797 9430 1
2797 9186 3
2797 9081 4
2798 8781 1
2798 8974 1
2798 9604 2
2798 9242 1
2798 9954 1
2798 9989 5
2803 9609 1
2803 9785 1
2803 9306 1
2803 9326 1
2803 9471 10
2803 9514 3
2803 9911 2
2810 8778 3
2810 9188 11
2810 8855 1
2810 9162 22
2810 9390 2
2815 9171 1
2815 9490 2
2815 9551 4
2815 8575 1
2828 9759 1
2828 9009 2
2828 9730 1
2828 9867 1
2860 9605 1
2870 8549 1
2883 9897 2
2883 9824 84
2883 9921 2
2883 9241 1
2883 9775 1
2883 9839 14
2931 9518 1
2942 9697 1
2942 8589 7
2942 9518 1
2942 9626 1
2964 8539 31
2964 8778 1
2964 9781 1
2971 8725 3
2971 8632 3
2971 9488 1
2978 8792 1
2978 9553 1
2978 9548 1
2978 9697 1
2978 9140 1
2978 9620 13
2978 8550 1
2978 8581 1
2978 8677 2
2978 8993 5
2987 9514 3
2987 9415 8
2987 9766 11
2987 9250 1
3020 9662 1
3020 9665 1
3034 9128 1
3034 9600 200
3034 8988 2
3034 9730 2
3034 9739 1
3034 9982 9
3034 9622 1
3039 8778 2
3039 8676 9
3039 9841 1
3039 9744 2
3039 9856 1
3039 9169 2
3039 9860 11
3039 8855 1
3053 9084 8
3053 9987 1
3053 9165 1
3053 9751 7
3078 8867 1
3078 8892 2
3078 9236 6
3078 9984 1
3079 9890 1
3079 8549 1
3092 9497 2
3092 9188 11
3092 9487 1
3092 9656 5
3106 9414 1
3106 9073 2
3106 9338 1
3106 9761 2
3106 9921 1
3112 9920 1
3112 9886 2
3112 8999 1
3112 9680 1
3112 9859 1
3126 8641 1
3126 8797 1
3126 9131 1
3126 9601 1
3138 9385 10
3143 9671 1
3143 9403 1
3175 8932 10
3175 9481 20
3191 8859 1
3191 8996 1
3191 9199 21
3193 9505 1
3193 9473 2
3215 8655 1
3215 8681 5
3215 9790 3
3215 8772 2
3223 8751 3
3223 9386 6
3223 9277 1
3223 9725 12
3223 8649 3
3223 8745 3
3223 9364 3
3225 9434 2
3225 8528 1
3225 9951 1
3225 9411 1
3228 8833 4
3228 8806 4
3239 9294 1
3257 9756 1
3257 9499 1
3257 8772 1
3257 9545 3
3257 9443 16
3257 8650 1
3257 9340 2
3259 8695 1
3259 9816 1
3259 9920 1
3281 9077 1
3281 9874 1
3281 8561 1
3281 9742 8
3281 9944 1
3281 9157 4
3308 8676 1
3308 8642 1
3308 9414 29
3308 9620 5
3308 9844 1
3323 8653 1
3323 9214 12
3330 9737 3
3330 9448 1
3342 8723 1
3342 9565 1
3342 9659 1
3343 9015 1
3343 9454 3
3347 8612 1
3347 9684 1
3347 9891 1
3347 9742 2
3347 8674 1
3347 9077 1
3347 9887 11
3347 9375 2
3347 9093 1
3347 9272 1
3347 9312 2
3347 9971 1
3357 9479 1
3357 8640 4
3360 8974 1
3360 9991 1
3363 8887 3
3363 9601 1
3363 9965 1
3363 8988 5
3403 9580 1
3403 9415 3
3403 9022 3
3420 8979 1
3432 9406 3
3432 9169 2
3435 8640 2
3435 9987 1
3435 9598 1
3435 9685 1
3435 9901 1
3435 9133 5
3447 9507 1
3447 9864 1
3471 9824 1
3471 9873 1
3471 8742 1
3471 9421 26
3471 9629 1
3473 8666 1
3473 8593 1
3473 8812 1
3482 8740 4
3482 9706 2
3482 8992 3
3482 9670 1
3493 8810 1
3493 9079 1
3493 9698 8
3499 8971 1
3499 9298 1
3499 9525 4
3499 9819 1
3499 8660 3
3499 9257 1
3499 8934 1
3499 9891 1
3499 9956 23
3500 9329 1
3500 9098 3
3504 8689 4
3504 9880 1
3504 9109 2
3504 9722 2
3504 8584 1
3504 9253 1
3504 9273 1
3504 9703 4
3510 8932 2
3510 9151 1
3512 9243 1
3512 9485 1
3512 8531 1
3512 9654 2
3512 9729 3
3512 9251 1
3519 9966 1
3519 8642 1
3519 9109 2
3519 9252 2
3519 9932 1
3525 9436 3
3537 9609 1
3537 9804 2
3537 8960 106
3537 9057 1
3537 9750 1
3539 8535 1
3539 8765 5
3539 9552 2
3539 9609 2
3559 9486 1
3559 9604 1
3559 9664 1
3559 9325 1
3559 8907 10
3588 9232 1
3588 9496 1
3588 9961 1
3603 9755 6
3603 9635 2
3609 9360 1
3609 9503 1
3609 9243 2
3623 9530 12
3623 9291 1
3623 9387 2
3625 8884 1
3625 8671 5
3625 9717 1
3625 9428 1
3627 9204 1
3627 8538 1
3627 9739 3
3635 8758 1
3635 9547 1
3635 8683 1
3635 9901 1
3652 9743 1
3652 8867 1
3652 8537 2
3652 8694 20
3652 9351 1
3654 9802 1
3654 8895 2
3654 9323 1
3654 9164 1
3654 8877 1
3654 8765 1
3654 9717 1
3654 9392 1
3654 9793 2
3694 9149 5
3694 9829 1
3694 8793 1
3694 9453 1
3716 9932 1
3716 8719 1
3716 8903 1
3716 8775 1
3717 9356 1
3717 9791 1
3749 8923 1
3749 9261 4
3749 8754 200
3749 8818 1
3756 8745 2
3756 9081 1
3756 9260 1
3756 8887 1
3756 9563 1
3759 9672 1
3759 9011 2
3759 9960 2
3759 8906 1
3780 8741 1
3780 8937 2
3780 9654 1
3814 9011 1
3814 8665 2
3814 9706 1
3830 9239 2
3830 9369 2
3836 8861 1
3836 9906 2
3836 8980 2
3836 9530 185
3836 9806 2
3850 8768 1
3850 8842 3
3850 9773 1
3850 9667 2
3850 9018 1
3854 9177 8
3854 9910 1
3869 9095 1
3869 9239 28
3869 9932 1
3869 9646 1
3869 8538 2
3869 8840 1
3869 9411 1
3869 9307 1
3869 9250 1
3880 8826 2
3880 9326 2
3887 9948 1
3887 9658 1
3898 9242 2
3898 8998 1
3905 8758 1
3909 9159 1
3909 9804 1
3909 9591 2
3909 9603 1
3920 8861 1
3920 9810 2
3920 8975 1
3920 9567 1
3939 9349 1
3939 9226 2
3939 9898 9
3969 9276 1
3969 9675 1
3973 9111 1
3973 8906 1
3973 9044 1
3973 9128 1
3973 9037 1
3973 9450 1
3973 9952 3
3995 8882 1
3995 8958 1
3995 9824 1
3998 8608 1
3998 9626 1
3998 8536 2
3998 9033 54
3998 9824 1
3998 8870 5
3998 9497 11
3998 8682 4
4010 9524 1
4010 9376 1
4010 9690 40
4010 9842 4
4010 8763 2
4010 9618 1
4010 9098 10
4010 9328 2
4010 9329 1
4015 9548 1
4061 8819 4
4071 9272 2
4076 9542 4
4079 8683 1
4079 9255 4
4079 8980 22
4079 8602 1
4079 9045 1
4086 8813 6
4086 9150 6
4086 9585 1
4086 9730 1
4086 9822 5
4090 9193 1
4090 9110 2
4090 9986 1
4090 8592 1
4090 8599 4
4090 9304 2
4090 9323 1
4118 9272 5
4118 8757 2
4118 8540 1
4118 9476 1
4118 9685 3
4118 9746 13
4123 9295 2
4123 9031 2
4123 9798 4
4128 9615 1
4128 8744 1
4138 9584 1
4138 9357 1
4153 9289 1
4153 8683 1
4153 8708 2
4153 9378 1
4153 9217 2
4153 9502 1
4153 8570 1
4179 8949 1
4179 9956 56
4179 9028 1
4179 9785 3
4179 9902 1
4198 8566 1
4198 9227 2
4198 9376 3
4198 9840 1
4218 9436 1
4218 9257 2
4218 9671 1
4220 9217 1
4230 9646 1
4230 8881 2
4230 9926 1
4230 8557 1
4263 9607 2
4263 8574 1
4275 8793 1
4275 8846 2
4275 8612 2
4294 9688 1
4294 9492 16
4294 9214 1
4294 9823 1
4297 9793 2
4297 9669 34
4297 8616 5
4297 8932 4
4297 8648 2
4297 9046 9
4297 9405 1
4297 9791 1
4297 9795 1
4316 9426 1
4316 9731 1
4325 9455 1
4325 8698 1
4325 9327 1
4325 9204 1
4332 9650 1
4332 9037 1
4332 8800 1
4332 9723 1
4332 9962 1
4348 9839 1
4373 8808 1
4373 8597 1
4373 9042 1
4373 9046 2
4373 9187 1
4390 8589 14
4390 9557 9
4390 8681 1
4390 9158 1
4390 9842 4
4420 8935 1
4420 9900 1
4420 9743 2
4427 9757 1
4427 9849 1
4458 8687 1
4458 9781 2
4458 9110 1
4458 9744 4
4459 9368 1
4459 8592 1
4459 8753 1
4459 9355 2
4459 9940 1
4459 8610 1
4464 9172 1
4464 9426 2
4464 9658 1
4465 9039 1
4465 9777 1
4465 9170 11
4465 9394 4
4467 9120 5
4467 8563 1
4467 9982 1
4490 8784 1
4490 9434 1
4492 9455 1
4492 9545 3
4492 8626 1
4492 8734 3
4494 8535 4
4505 9275 1
4505 9295 2
4505 9544 1
4505 9195 1
4505 9409 35
4507 9685 4
4507 9931 1
4507 9676 1
4507 8841 1
4507 8864 1
4507 9054 1
4507 9868 2
4510 9291 1
4510 9388 1
4512 8531 1
4512 9116 1
4512 9490 2
4512 8920 1
4512 9010 1
4516 9902 4
4527 9471 1
4527 8760 1
4527 9160 7
4527 9640 1
4539 9986 2
4539 9326 2
4539 9747 2
4539 8681 1
4539 8735 1
4539 8807 10
4539 9782 1
4539 9165 17
4545 9847 2
4545 9187 1
4547 9366 2
4547 9626 3
4547 9777 1
4547 8931 1
4547 9322 5
4583 9928 1
4583 9384 1
4583 9404 3
4583 9287 1
4583 9013 2
4583 9307 9
4583 9957 1
4587 9205 1
4587 9542 1
4587 8939 1
4587 9072 1
4587 9328 1
4587 9623 1
4592 8538 1
4600 9183 2
4600 9387 1
4600 8686 10
4600 9715 1
4604 9922 1
4604 8569 1
4618 8608 1
4618 8784 1
4618 9953 1
4618 9569 1
4670 9842 4
4670 9856 1
4670 8614 1
4687 9637 1
4695 9052 1
4695 9605 1
4695 9884 1
4695 8708 2
4695 9132 1
4697 8557 6
4697 8776 1
4697 9676 1
4698 9746 1
4712 9390 1
4712 8685 2
4712 9157 1
4712 9453 1
4712 9971 1
4721 9132 7
4721 9205 1
4721 8696 1
4721 9845 1
4725 9230 2
4725 8544 4
4741 9813 1
4741 9508 1
4741 9180 1
4741 8665 1
4741 8909 2
4741 8814 1
4741 9349 34
4743 8639 1
4744 9322 2
4744 9319 1
4744 9492 1
4744 9670 1
4744 9802 2
4763 9044 1
4763 9567 1
4763 9698 1
4763 9011 9
4771 8718 1
4771 8933 1
4771 9532 1
4771 9818 2
4783 9618 1
4786 9128 1
4786 9850 1
4786 8826 1
4790 9449 2
4790 9428 1
4790 8712 3
4794 8917 2
4794 8673 1
4794 8877 2
4809 9213 1
4809 8581 2
4809 9249 1
4809 9356 20
4809 9592 1
4809 9736 1
4809 9507 1
4810 8686 3
4810 9232 2
4810 9982 2
4817 8735 1
4817 9131 2
4824 9951 1
4824 9178 1
4824 8959 1
4840 8891 1
4840 8746 4
4840 9289 4
4840 9690 3
4840 9336 1
4855 9847 1
4855 9175 9
4855 9639 20
4855 9599 1
4859 9952 3
4859 9182 5
4859 9785 1
4860 9485 1
4860 9492 1
4860 9615 1
4860 9969 1
4879 9053 2
4879 8632 42
4883 8544 2
4883 9994 1
4883 9620 1
4883 9788 1
4883 9166 1
4883 9837 1
4883 8592 1
4883 9847 2
4884 9482 2
4884 9307 1
4884 8582 1
4884 9368 1
4884 9001 1
4884 8711 1
4884 9663 1
4884 9557 19
4900 9643 1
4900 9923 2
4915 9301 2
4915 8958 4
4928 8920 1
4928 9264 2
4928 9495 5
4952 9904 3
4952 8898 1
4952 9837 1
4961 8650 1
4961 9435 1
4961 8831 1
4961 9152 1
4970 9400 1
4970 9737 5
4991 8530 16
4991 9390 2
4991 9196 1
4991 8868 2
4991 8566 1
4991 9136 1
4991 9651 1
4991 9665 1
4996 9291 2
4996 9994 10
5017 8872 1
5024 9617 2
5024 8751 4
5036 9020 1
5036 9651 1
5036 9500 1
5039 9302 1
5073 9485 1
5073 9505 1
5073 9913 1
5073 9230 7
5073 9996 3
5082 9249 1
5082 8610 1
5091 9053 1
5091 9302 2
5091 9390 1
5091 9601 1
5091 9824 3
5091 9028 2
5091 9903 1
5093 9733 7
5093 9756 16
5093 9035 2
5093 9896 1
5097 9203 4
5097 9207 1
5097 9493 1
5097 9643 2
5117 8753 1
5117 9600 3
5117 8537 1
5118 9505 4
5141 9888 1
5141 8923 2
5141 9151 21
5141 9827 1
5151 9254 200
5151 8781 1
5151 8616 91
5151 9269 1
5151 9464 1
5151 8865 1
5176 9537 1
5195 9863 1
5195 8943 1
5195 9922 1
5195 9064 1
5195 9158 1
5195 9678 1
5195 9815 1
5196 9349 1
5196 9082 1
5196 9525 1
5201 8528 1
5201 8695 3
5201 9525 1
5204 8946 1
5204 9777 1
5208 9603 1
5208 8704 2
5212 9081 1
5212 8609 1
5212 9385 2
5212 9713 1
5212 9260 22
5221 9192 1
5221 9627 1
5221 9689 1
5229 8784 1
5229 8673 10
5229 8818 1
5229 8723 1
5229 9144 1
5229 9454 1
5229 9819 56
5229 8654 1
5240 8850 2
5240 9306 1
5240 9278 7
5240 9960 1
5240 8820 1
5240 9269 1
5240 9933 1
5246 9100 2
5246 8979 1
5272 9202 18
5273 9861 1
5273 8578 1
5273 9213 3
5273 8598 1
5279 8682 1
5279 8665 1
5279 9048 2
5283 8740 1
5283 9502 5
5284 9200 1
5284 9961 4
5284 8564 2
5297 9057 1
5297 9209 4
5297 8903 8
5297 9718 21
5303 9794 1
5321 9300 1
5321 9583 1
5347 8683 1
5347 8749 1
5348 9333 1
5348 8626 1
5348 9156 1
5348 8590 1
5348 8892 1
5348 9626 4
5350 9794 1
5350 9193 1
5350 9249 15
5350 9795 1
5355 8671 1
5355 9052 3
5355 9054 1
5364 9703 4
5364 9202 1
5364 8826 3
5364 8909 1
5364 9418 8
5374 9080 1
5374 9218 1
5393 8769 1
5393 9558 1
5398 9347 143
5402 9503 3
5402 8553 1
5402 8925 2
5415 9241 1
5415 9295 1
5415 9366 1
5418 8716 1
5418 9538 5
5428 9596 1
5428 9145 17
5428 9165 10
5428 9289 3
5428 9948 1
5439 9056 2
5439 9599 5
5439 9940 11
5451 9492 1
5451 9926 3
5451 9398 1
5451 9283 3
5463 9341 10
5463 9623 1
5463 9938 1
5463 9944 1
5463 9517 1
5463 9810 1
5463 9632 1
5463 9242 1
5463 9955 7
5464 9018 2
5464 8657 1
5464 9474 1
5464 9755 2
5465 9658 1
5465 8763 1
5465 9578 1
5465 9239 1
5506 8644 1
5506 9427 1
5506 9477 5
5506 9060 1
5506 9628 1
5524 9629 1
5524 9046 1
5524 9413 1
5524 9929 3
5524 8791 2
5524 9019 1
5524 9434 1
5524 9842 1
5524 8830 2
5524 8713 1
5524 9758 1
5524 9788 1
5524 8763 1
5525 9932 1
5525 8593 1
5525 8856 1
5525 9904 1
5525 9593 1
5545 8587 1
5545 9594 2
5545 8729 1
5545 8784 2
5545 9262 1
5551 9850 1
5551 9311 4
5551 8869 1
5551 8863 3
5551 9305 2
5551 9889 3
5556 8939 1
5556 8705 1
5578 9620 3
5578 9705 1
5578 8953 58
5578 9532 4
5578 9267 7
5578 9418 5
5578 9527 7
5578 9694 2
5578 9134 2
5584 9537 2
5584 9137 3
5584 9686 1
5599 9375 2
5599 9957 1
5599 8936 1
5599 8884 2
5599 8639 1
5599 9019 2
5599 9891 1
5607 9497 1
5607 8858 1
5607 9868 1
5607 9515 1
5607 8650 12
5607 9182 6
5607 9427 7
5616 9634 1
5616 9545 1
5627 8841 2
5627 9500 3
5634 9602 1
5634 8950 46
5679 8538 1
5679 9283 1
5689 9841 2
5689 9860 1
5689 8805 8
5689 9572 1
5696 9040 1
5696 9379 1
5710 8878 4
5710 8853 104
5710 8562 1
5710 9377 1
5710 8831 200
5743 8927 1
5743 9032 2
5743 9637 1
5743 8579 1
5743 8760 1
5744 8652 1
5744 8830 1
5744 8909 4
5744 8563 1
5744 9199 2
5744 9298 1
5744 8999 1
5746 8896 3
5746 9028 1
5746 9883 1
5746 9960 1
5766 9091 1
5766 9570 2
5766 9820 1
5766 8740 1
5766 9177 1
5766 9287 2
5772 9967 3
5772 9558 20
5772 9195 1
5772 9233 2
5772 8579 1
5772 8996 1
5782 9827 17
5782 9228 1
5782 9753 4
5799 8565 1
5814 9363 6
5814 9583 3
5828 8549 3
5828 9202 1
5828 8858 1
5828 9084 1
5828 8943 6
5840 9109 2
5840 9218 5
5840 9627 1
5840 9711 2
5840 9923 1
5840 9059 1
5840 9680 1
5840 9904 1
5840 8640 1
5841 8561 1
5841 9590 1
5841 9213 1
5841 9552 1
5853 9268 1
5853 9429 16
5855 9671 4
5855 8758 1
5855 8634 1
5855 8638 3
5855 9645 1
5855 9959 1
5886 9927 1
5886 8774 1
5906 8651 1
5906 9240 1
5906 9566 1
5906 9928 1
5911 9449 1
5925 9045 3
5925 9930 3
5925 9041 1
5925 9512 1
5932 9297 1
5932 9052 5
5932 9367 3
5932 9595 1
5932 8749 1
5932 9073 1
5932 9536 1
5932 9415 1
5935 8683 1
5935 9015 1
5935 9448 1
5935 9514 1
5935 8929 2
5946 8596 1
5946 8704 1
5946 9013 2
5946 8960 2
5946 8989 1
5946 9741 1
5946 8800 2
5982 9144 1
5982 8652 1
5985 9274 1
5999 9778 2
5999 8841 9
5999 9309 1
5999 9837 2
5999 9895 1
6006 9908 1
6006 9487 46
6006 9607 5
6008 9283 70
6008 9547 2
6008 9731 9
6008 9257 1
6008 9593 1
6015 9245 3
6017 9047 3
6017 9595 3
6026 9694 1
6048 8578 2
6048 9991 1
6048 9064 1
6048 9603 2
6048 8761 1
6048 9432 1
6083 9039 4
6083 9814 6
6083 9175 1
6083 9681 1
6083 9680 1
6083 9276 2
6108 9024 1
6108 9157 18
6127 9678 1
6127 9589 1
6127 9438 2
6136 8575 1
6136 9984 1
6136 8626 1
6136 9085 2
6136 9186 1
6142 8735 1
6170 9889 1
6170 9156 5
6170 9557 1
6188 9145 1
6188 9261 52
6188 9405 1
6188 9319 1
6188 9391 2
6188 9868 1
6197 8649 1
6197 8992 1
6197 9495 2
6197 9310 20
6198 8744 1
6198 9841 2
6198 8670 2
6198 8958 1
6198 9926 53
6198 9936 1
6212 9756 1
6223 9663 1
6223 8729 2
6227 8931 1
6227 9683 2
6231 8880 2
6231 9973 1
6231 9581 1
6231 9381 1
6243 9863 1
6243 9974 1
6243 8676 6
6253 9500 1
6253 9497 1
6259 9938 11
6259 9448 1
6259 8553 2
6289 9630 1
6289 8974 1
6289 9634 2
6293 8584 2
6293 9340 1
6293 9610 1
6297 8913 1
6297 9804 1
6297 9869 1
6318 8877 2
6318 9659 1
6318 9170 1
6318 9203 7
6318 9694 4
6366 9506 1
6366 9517 5
6366 9767 1
6366 8928 1
6366 8744 1
6366 9853 1
6366 8550 1
6366 8716 200
6366 9646 2
6366 9489 1
6374 9106 1
6374 9729 2
6375 8643 1
6391 8968 1
6391 9856 1
6391 8626 3
6391 8793 200
6391 9508 1
6391 9822 1
6391 9193 2
6391 9725 1
6400 8876 1
6412 8819 1
6412 9528 1
6423 9482 22
6423 8584 1
6423 9152 1
6440 9819 1
6440 8972 1
6454 8826 1
6454 9756 1
6454 9903 1
6454 8647 1
6454 9238 1
6454 9404 14
6471 9336 1
6471 9912 6
6471 9107 6
6471 9486 1
6477 8654 1
6477 9889 1
6477 9562 2
6477 9823 1
6477 8931 6
6484 9301 1
6484 8549 1
6484 8564 1
6484 9378 1
6493 9339 3
6493 8698 1
6493 9717 2
6493 9735 1
6493 9821 3
6496 9794 3
6496 8745 2
6522 8842 1
6522 8612 1
6522 9251 1
6522 8701 1
6522 9628 1
6539 9511 1
6539 9429 1
6539 9487 1
6539 8618 1
6539 9581 1
6539 9970 1
6547 9091 1
6553 9911 2
6553 8539 1
6553 9883 1
6553 9859 2
6559 9565 11
6559 9111 4
6559 9374 1
6559 9584 1
6562 9312 1
6575 9628 6
6575 9356 2
6575 8753 9
6575 9038 2
6575 9784 1
6584 9602 4
6584 8620 1
6584 9718 21
6584 9723 3
6584 9995 1
6586 9921 2
6586 8535 1
6586 8830 3
6596 9375 1
6596 8531 1
6596 8763 8
6596 9053 1
6596 8709 1
6596 9495 2
6596 9840 1
6596 8658 1
6596 8787 10
6596 9860 3
6604 9779 22
6604 8968 4
6612 9162 1
6612 9749 2
6625 9368 2
6625 9440 1
6625 9900 1
6625 8539 10
6630 9171 1
6630 8597 1
6630 9311 4
6630 9032 9
6636 9226 2
6636 9845 1
6636 9788 1
6636 9850 1
6647 9039 28
6647 8717 2
6647 8886 4
6647 9544 2
6649 9045 1
6649 9691 1
6649 9496 2
6660 9688 2
6660 8643 1
6665 8675 1
6697 9758 200
6697 9236 1
6697 9395 9
6697 9534 2
6697 9296 1
6705 9198 1
6705 9420 1
6705 8651 2
6705 8754 1
6705 8813 18
6705 9051 1
6705 9217 1
6709 8929 2
6709 9536 1
6709 8544 1
6709 9068 1
6709 9443 3
6714 9234 1
6714 8822 3
6714 8866 1
6714 9238 1
6756 9938 2
6756 9270 1
6756 9806 1
6759 8574 1
6759 8882 2
6785 9254 1
6785 8838 1
6785 9436 1
6794 9304 2
6794 8704 2
6794 8783 2
6794 9713 1
6794 9005 1
6794 9325 1
6794 9274 2
6821 9010 2
6821 8603 2
6821 8740 1
6821 8867 1
6829 9267 1
6829 9651 1
6829 8764 5
6848 9877 1
6848 9116 2
6872 9185 1
6872 9321 2
6872 9651 1
6872 9394 9
6878 8781 1
6878 8946 2
6878 9966 2
6878 9975 1
6882 9478 1
6882 9973 1
6888 9524 3
6888 9954 1
6888 9374 1
6888 9865 1
6888 9891 2
6888 9462 1
6888 9955 2
6888 9818 1
6892 9971 2
6892 9486 1
6892 9944 13
6892 8648 1
6908 9951 22
6912 9948 12
6912 9124 1
6929 9374 1
6929 9459 1
6939 9178 1
6939 9075 2
6941 9984 6
6941 9570 1
6942 9880 1
6945 9479 1
6945 9093 1
6951 9849 1
6951 9827 2
6952 9493 59
6952 9876 1
6952 9446 1
6959 9512 1
6959 8838 2
6959 8635 61
6959 9594 2
6959 9810 1
6970 9606 1
6970 9209 1
6970 9526 1
6975 8753 1
6975 9650 1
6981 9169 3
6981 9580 2
6981 9440 1
6981 9669 10
6981 9877 1
6994 8696 26
6994 9941 1
6994 9320 11
6994 9091 1
6994 8841 1
6994 8887 10
7012 9214 4
7012 9044 4
7012 8966 10
7012 8576 1
7012 9315 1
7034 9141 2
7043 8968 1
7043 8989 68
7043 9567 1
7048 8670 77
7048 9686 6
7048 9258 1
7054 9782 2
7054 9683 1
7054 8727 2
7054 8774 1
7054 9859 6
7054 9180 1
7069 9218 1
7069 8614 1
7069 9137 1
7072 9530 2
7072 8634 1
7072 9075 1
7082 9252 1
7082 9314 54
7104 9193 2
7104 9599 1
7104 9313 4
7104 9691 2
7126 9022 4
7126 8872 4
7144 9438 2
7144 8756 1
7144 8627 1
7144 8644 2
7144 9031 1
7144 9881 1
7150 9345 1
7150 8747 1
7150 9237 3
7150 8878 1
7150 9736 1
7162 9109 1
7162 9249 1
7162 9927 2
7165 9994 1
7165 8903 1
7165 9737 1
7190 9377 1
7190 8674 1
7190 9527 1
7190 9954 41
7190 9482 2
7201 9264 3
7201 9493 3
7201 9654 2
7201 8583 1
7201 8801 1
7201 8861 13
7201 9115 1
7201 9744 1
7201 9892 1
7209 8742 4
7216 8607 6
7216 9734 2
7226 8936 4
7226 9168 28
7227 9491 2
7227 9444 2
7231 9955 1
7231 9068 1
7231 9268 5
7254 9255 1
7254 8647 6
7254 9996 2
7254 8645 1
7254 9766 4
7259 9637 1
7259 8870 1
7265 9718 2
7265 8719 2
7265 9785 1
7265 9654 1
7268 9001 1
7268 9481 1
7268 9684 7
7268 8966 21
7268 9690 1
7268 9873 1
7272 9131 2
7280 9962 1
7280 8647 1
7280 8971 3
7280 9177 1
7280 9472 1
7280 9601 1
7280 9522 1
7286 8715 15
7286 8879 1
7337 9254 1
7337 9869 1
7337 9355 1
7337 9596 1
7337 9705 1
7337 9777 1
7352 9952 1
7352 8658 8
7352 9828 1
7352 8613 1
7352 9610 1
7352 9923 1
7378 9233 3
7378 9364 2
7378 9440 1
7378 9375 2
7384 9313 1
7384 8644 64
7384 9511 3
7384 8861 1
7384 9171 7
7387 9817 5
7387 9845 1
7387 8987 1
7387 9098 2
7387 9377 1
7387 8871 2
7387 9450 1
7399 9605 6
7399 9356 5
7399 9924 1
7411 8996 5
7411 9291 2
7411 9446 2
7411 8792 1
7411 9337 3
7411 9510 1
7411 9678 21
7416 9755 1
7416 9041 2
7416 9198 1
7419 9079 37
7419 9731 1
7419 9924 1
7419 9134 1
7419 9194 1
7419 9806 1
7419 8657 1
7419 9758 20
7419 9930 1
7422 9805 2
7422 8609 1
7422 9321 82
7422 9506 1
7425 9349 1
7425 9379 10
7425 8753 1
7430 9522 1
7430 9437 16
7442 9767 1
7442 9278 1
7442 9704 3
7448 9639 1
7448 9741 2
7482 9258 1
7482 9686 4
7482 9989 1
7504 8546 3
7504 9302 2
7509 9028 1
7509 8878 1
7509 9908 1
7509 9297 1
7530 8878 1
7530 8780 1
7530 9824 2
7532 9927 1
7533 8941 1
7533 9198 11
7533 9931 1
7533 9045 1
7533 9487 1
7533 8538 2
7533 9850 1
7533 9736 1
7533 9284 20
7544 9577 1
7544 8939 1
7544 9756 11
7547 9435 4
7569 9910 1
7571 9049 1
7571 9325 2
7571 9757 1
7572 9904 3
7572 9276 1
7572 8791 1
7572 8992 3
7572 9102 2
7572 9510 1
7574 8548 2
7574 9141 5
7574 9233 2
7574 9940 1
7578 8858 1
7578 9077 1
7578 9200 2
7587 9706 3
7587 8821 1
7587 9098 1
7587 9143 3
7593 9032 1
7593 9840 1
7593 8627 2
7593 8618 17
7593 8704 1
7593 9902 9
7593 9304 2
7593 9598 1
7598 9085 1
7598 9848 1
7609 8873 1
7609 9531 3
7609 9892 4
7609 9164 1
7611 8941 1
7611 9229 1
7611 9023 22
7629 9419 1
7629 8886 1
7629 9907 20
7631 9440 8
7631 9096 1
7633 8530 1
7644 8951 3
7644 9991 1
7654 9819 1
7654 9805 1
7654 9937 1
7654 9577 3
7654 9270 3
7660 9177 1
7660 9207 1
7660 9829 1
7660 9185 1
7686 9158 10
7686 9868 2
7686 9733 2
7704 8566 1
7704 9620 87
7704 8819 1
7704 9355 2
7704 9584 2
7704 9102 3
7704 9754 1
7704 9607 2
7704 9682 1
7715 8865 3
7716 9368 3
7716 9556 1
7731 9066 1
7731 9462 2
7731 9067 1
7736 8870 3
7747 9931 1
7747 8840 5
7777 9973 4
7777 9770 1
7800 9557 1
7800 9950 1
7800 9889 1
7800 8590 3
7800 8634 1
7800 9552 1
7800 9878 12
7800 9589 1
7800 8547 1
7805 9915 3
7805 8776 7
7805 9080 2
7806 9874 1
7806 9783 1
7806 8658 2
7806 8785 2
7806 9975 1
7806 8850 3
7806 9261 16
7817 8999 2
7817 9675 1
7819 8765 1
7819 8655 1
7819 9725 3
7822 8687 13
7822 9876 7
7824 9056 1
7824 9593 1
7824 8654 1
7824 9755 1
7824 9782 1
7824 9974 1
7838 8643 4
7838 8627 1
7838 8718 1
7838 8928 9
7838 9990 3
7838 9413 4
7838 9690 10
7838 9046 7
7838 9471 2
7852 9199 11
7852 9592 6
7852 8677 1
7865 8929 3
7865 8574 3
7865 8999 1
7865 9182 1
7865 9322 1
7865 8718 2
7865 8930 1
7875 9866 1
7875 8747 1
7875 9526 1
7875 9663 1
7875 9669 1
7875 8544 15
7875 9367 1
7929 9415 1
7929 9773 1
7929 9904 1
7946 9207 1
7946 9853 1
7946 8873 1
7951 9481 1
7951 9869 2
7957 8575 78
7957 9784 3
7957 9747 1
7957 8864 1
7957 9374 1
7957 8598 111
7957 9702 2
7958 8710 8
7958 9229 1
7958 9925 1
7970 9542 1
7970 9237 1
7970 8940 3
7979 9503 1
7979 8911 2
8001 9093 1
8001 9551 1
8001 8952 1
8001 9275 4
8001 9814 1
8001 9298 1
8003 9338 1
8003 9141 1
8003 9656 1
8003 9166 5
8006 9357 2
8006 9473 1
8006 9688 1
8006 9196 2
8006 9734 1
8025 8569 1
8025 9989 1
8025 9004 2
8025 9913 1
8026 8967 9
8026 9885 12
8030 9336 1
8030 8585 1
8030 8971 4
8030 9672 1
8030 9890 37
8032 8642 1
8034 8713 1
8034 8651 1
8050 9948 1
8050 9064 1
8050 9881 7
8050 9204 3
8050 9487 3
8050 9547 1
8050 9478 1
8060 9593 1
8060 8928 12
8060 9531 1
8099 9911 2
8099 8715 1
8099 8918 3
8099 8978 2
8106 8645 1
8106 8660 1
8106 9417 1
8106 9481 1
8106 8651 1
8106 8879 1
8106 9927 1
8106 9871 1
8106 8578 1
8106 8710 1
8106 8535 1
8109 9557 2
8109 8763 1
8109 8819 1
8109 8949 1
8109 9053 3
8112 9122 1
8112 9409 1
8112 9895 18
8113 9188 1
8113 9398 5
8113 9948 1
8113 9309 1
8113 8602 56
8113 8785 1
8116 9982 1
8116 8781 1
8116 8853 8
8116 9132 1
8116 9488 16
8116 9023 1
8116 8872 1
8116 9375 2
8166 9382 1
8166 9160 1
8166 9844 1
8167 9968 1
8167 9558 1
8167 8768 6
8167 9168 5
8167 8611 3
8167 9185 2
8167 9533 1
8177 9326 5
8177 8584 1
8177 8725 1
8186 9438 1
8186 8769 1
8186 9578 4
8186 8644 5
8191 9894 1
8191 8805 1
8191 9144 1
8212 9645 1
8212 9928 2
8212 8596 1
8212 8717 4
8212 9448 2
8212 9887 1
8226 9384 1
8232 9754 1
8232 9444 1
8232 9768 1
8264 9087 111
8264 8612 1
8264 9815 1
8264 8639 1
8264 9850 1
8264 8649 2
8264 8675 1
8267 8859 94
8267 9742 1
8267 9761 3
8289 8612 1
8289 9474 5
8289 9455 1
8289 8953 1
8289 9918 7
8289 9996 3
8290 8937 2
8290 9164 1
8290 8768 1
8296 9865 1
8296 9804 1
8300 9536 2
8300 9973 3
8304 8659 1
8304 9528 1
8304 9437 1
8315 9478 5
8315 8727 2
8315 8919 2
8315 8853 1
8323 9732 81
8323 8712 3
8323 9033 1
8328 9435 1
8328 9167 2
8354 9912 1
8354 9009 1
8354 9391 1
8354 8613 1
8354 9898 1
8357 9459 2
8357 8685 1
8357 9637 1
8357 9829 1
8365 8820 3
8365 9992 1
8365 9016 37
8365 9564 1
8375 9271 1
8375 9450 1
8375 8627 2
8375 8783 1
8375 9864 3
8375 8690 1
8375 9650 1
8390 9704 1
8394 9175 2
8397 9741 2
8397 9952 1
8397 9274 1
8397 9184 1
8429 9413 5
8429 9817 1
8459 9301 4
8459 9960 20
8459 9423 35
8459 9967 10
8459 9413 5
8459 9782 1
8459 9477 1
8459 8833 3
8459 9079 1
8459 9085 14
8478 9570 1
8481 9068 1
8481 9923 1
8481 9109 1
8481 9227 1
8481 8869 1
8481 9385 12
8506 8953 1
8506 9658 7
8506 8972 8
8506 9664 10
8506 8880 3
8506 8530 11
8506 9272 2
8506 9602 6
8507 9315 1
8507 9901 1
8507 8919 2
8507 9018 3
8507 9435 1
8522 8949 7
8522 9894 1
8528 8736 1
8529 8632 1
8529 9527 2
8529 9193 3
8529 9414 1
8529 9189 1
8529 9146 1
8530 8542 1
8531 8560 1
8531 8890 2
8532 8966 1
8532 9565 1
8532 8920 1
8532 9458 1
8532 9506 1
8533 9591 1
8533 9655 2
8533 9929 2
8534 9050 1
8534 9803 3
8536 9549 1
8542 8867 1
8542 9159 1
8542 8723 1
8542 9253 1
8543 9080 3
8543 8639 1
8543 9742 1
8544 8605 1
8545 9294 1
8546 9576 2
8546 8915 1
8547 8559 1
8548 8977 15
8548 8994 1
8548 8938 3
8551 8762 5
8552 9481 1
8552 9145 2
8552 9907 1
8552 8754 1
8552 9793 1
8552 8670 1
8553 8852 1
8554 8794 2
8555 8583 1
8555 9572 5
8555 9596 3
8555 8681 2
8555 8798 4
8555 9347 1
8556 9910 6
8556 8671 1
8556 8727 5
8556 9906 1
8557 8997 2
8557 8915 1
8558 9441 4
8558 8949 1
8558 8950 2
8558 9252 8
8559 8715 2
8559 9722 22
8559 8850 4
8559 9203 3
8559 9268 3
8559 9508 2
8559 8582 8
8559 9100 1
8560 8570 1
8560 8644 6
8560 8810 1
8561 8679 1
8564 8738 1
8564 8706 2
8565 8606 26
8566 8726 1
8567 8688 1
8567 8766 2
8568 9992 51
8568 8807 6
8568 8858 1
8571 9753 1
8571 9198 2
8571 9621 1
8571 9156 1
8571 9309 9
8571 9853 11
8572 9184 20
8572 8803 1
8572 9202 1
8572 9245 1
8573 9562 2
8573 9519 1
8575 8916 1
8575 9520 4
8575 8730 2
8576 8766 1
8576 9561 1
8577 8783 2
8577 9741 1
8579 9078 1
8580 9217 1
8580 9315 1
8580 9822 1
8580 9698 3
8580 9486 1
8580 8966 6
8580 9499 1
8580 8927 1
8580 9485 26
8583 9719 7
8584 9058 1
8584 8728 1
8586 9202 1
8586 8701 1
8586 9566 1
8586 8896 23
8586 9421 1
8586 9133 3
8586 9735 1
8586 8810 1
8586 9845 1
8586 9000 1
8586 9986 45
8588 8607 1
8588 8711 1
8588 9692 2
8589 8829 1
8590 8661 10
8591 8690 1
8591 9170 1
8591 9754 1
8591 8670 1
8591 9868 14
8591 9908 1
8591 9479 1
8591 9197 2
8591 9400 2
8592 8890 2
8592 9069 1
8593 8699 1
8594 9643 1
8594 9237 1
8594 9385 2
8594 9491 4
8595 9864 1
8595 8751 1
8595 9453 1
8599 9641 2
8600 8762 3
8600 8779 2
8601 8787 1
8601 9597 2
8601 9881 2
8602 9561 2
8604 8966 1
8604 8694 6
8605 9978 1
8606 8975 2
8606 9692 1
8608 8755 1
8609 9484 2
8611 9062 6
8611 8621 1
8611 8802 1
8614 8845 1
8615 9426 2
8615 8917 10
8615 9706 1
8616 8628 10
8616 9002 118
8617 9093 200
8617 9470 1
8617 9968 1
8619 9136 1
8621 9059 1
8621 8754 1
8621 9607 2
8621 9489 1
8622 8915 1
8623 9478 4
8623 9948 8
8623 8774 1
8623 8882 1
8623 9546 16
8623 8881 5
8623 9194 1
8624 9200 3
8624 9461 1
8624 8923 2
8624 8892 1
8624 9938 5
8624 9944 5
8625 9817 2
8625 9195 1
8625 8880 2
8625 9305 1
8627 8963 1
8628 9067 9
8628 9591 5
8628 9900 1
8629 9475 1
8629 8662 4
8630 8905 16
8630 8688 1
8630 9579 7
8631 9718 6
8631 9757 1
8636 9546 11
8636 9399 1
8636 9562 1
8637 9877 1
8637 9168 3
8641 8678 6
8641 8679 2
8643 8969 1
8643 8661 1
8646 8862 2
8647 8970 1
8648 8707 5
8655 8976 1
8656 8979 2
8657 8777 2
8657 9772 7
8658 9719 1
8659 8767 12
8661 9201 1
8661 9049 1
8661 9967 1
8661 9565 76
8662 8950 3
8662 9271 2
8662 9317 1
8663 9917 1
8663 9039 1
8663 9522 1
8663 9614 1
8664 9442 22
8664 9537 1
8664 9538 1
8664 9368 2
8664 9662 1
8666 8894 1
8666 8700 1
8667 9685 1
8667 9541 1
8667 9120 10
8667 9915 1
8669 9041 2
8669 8952 1
8669 8960 1
8669 8865 1
8670 8799 3
8674 9012 1
8678 9815 1
8678 9077 2
8679 9341 1
8680 9325 1
8680 9235 1
8680 9556 1
8680 9456 1
8684 9056 10
8684 9479 1
8688 9172 4
8688 9137 2
8688 9001 1
8688 9739 1
8688 9452 1
8689 9679 1
8690 8862 1
8691 9592 1
8691 9020 2
8691 9341 51
8692 8816 1
8693 9259 1
8693 9672 1
8694 9679 1
8695 9012 5
8696 9036 1
8696 8901 1
8697 9563 1
8698 8908 5
8699 9999 1
8699 9434 2
8699 9609 1
8699 9950 2
8700 9884 1
8700 9815 1
8702 9312 1
8703 9556 2
8703 9470 1
8706 8882 1
8706 9013 1
8706 9847 8
8706 9566 2
8706 9697 1
8707 9303 1
8707 9690 1
8707 9770 1
8707 9918 1
8707 9450 1
8707 9538 5
8707 9931 1
8707 9016 38
8708 8752 1
8709 8728 1
8709 8990 1
8710 8905 12
8710 8733 12
8711 9857 1
8713 9069 1
8714 9680 7
8716 9062 2
8718 8736 1
8719 9447 1
8720 9767 1
8720 9529 3
8721 9338 19
8721 9232 1
8722 9258 1
8722 9617 1
8722 9688 2
8724 8921 1
8724 8748 1
8725 8766 2
8726 9075 1
8726 8961 6
8726 9478 1
8726 9782 1
8728 8807 4
8728 9024 1
8728 9416 9
8728 9423 1
8728 9517 2
8728 9250 5
8730 8937 1
8730 9280 1
8730 9861 1
8730 9470 2
8730 9615 1
8731 9718 2
8732 9024 1
8733 8743 2
8733 8952 1
8733 9355 2
8733 9545 1
8735 9561 13
8735 8990 57
8736 9243 1
8736 8863 1
8736 9617 1
8737 9367 1
8737 8918 2
8738 8951 2
8738 9783 7
8738 9189 6
8738 9969 1
8738 9798 1
8738 9590 1
8739 8962 1
8741 9330 1
8741 8899 2
8743 8845 1
8743 9286 1
8744 8828 1
8746 8947 2
8747 9066 1
8747 9062 1
8748 9296 1
8748 9310 1
8748 9705 1
8748 9124 4
8750 9732 1
8752 8801 4
8752 9329 1
8754 9934 6
8755 9775 1
8755 9174 26
8755 9839 1
8755 9294 1
8755 9974 1
8756 8901 1
8757 8990 1
8758 9708 1
8759 9678 1
8759 9411 3
8759 9987 2
8762 9978 2
8762 9312 1
8762 9509 3
8762 9181 1
8762 9492 4
8762 9548 1
8762 9941 2
8765 9858 1
8765 9410 2
8766 9125 3
8766 8959 1
8767 9075 1
8767 9091 1
8767 9751 1
8768 8837 6
8769 8824 3
8770 9694 3
8770 9015 1
8770 9084 5
8770 8787 1
8770 9011 2
8771 9530 1
8771 9351 1
8771 9965 1
8772 9852 1
8773 9418 142
8775 8945 87
8777 9913 1
8777 9735 1
8777 9106 1
8777 9192 1
8779 9414 1
8779 9534 1
8781 9946 1
8782 9696 1
8784 9346 1
8785 8899 4
8786 9200 1
8786 9364 2
8786 9580 1
8786 9328 1
8788 9915 1
8789 9745 1
8790 9721 5
8792 8938 2
8793 9549 1
8794 9864 5
8794 9177 1
8794 9367 1
8794 9470 1
8794 9488 1
8794 8946 1
8794 9159 1
8794 9878 2
8795 9643 3
8795 8820 1
8796 9042 1
8796 9045 1
8797 8851 1
8797 8994 1
8798 8817 6
8798 8994 1
8800 9803 1
8802 9070 2
8802 9275 2
8802 9321 2
8804 9975 1
8804 8842 1
8804 9009 2
8804 9702 1
8804 8841 1
8804 9690 1
8805 8901 21
8808 8963 1
8809 9659 3
8809 8933 3
8809 8996 3
8809 9623 6
8809 9933 3
8809 8857 1
8810 9346 6
8811 9491 1
8811 9546 1
8812 8851 3
8815 9663 5
8815 9194 2
8815 9738 1
8815 9095 1
8816 9773 2
8816 9689 1
8817 9987 4
8817 9237 3
8818 8977 1
8821 8839 2
8822 8916 1
8823 8848 1
8824 9096 2
8825 9303 1
8825 8891 1
8825 9737 1
8827 9181 2
8827 9262 1
8827 9948 1
8827 8951 2
8828 9938 1
8828 9048 1
8828 9625 1
8829 9070 37
8829 9941 1
8829 9301 1
8832 8915 1
8833 9030 4
8834 9137 1
8834 9937 2
8834 9805 5
8835 8975 12
8835 9518 2
8835 9868 1
8835 9705 3
8836 9496 1
8836 9667 1
8837 8866 14
8837 9300 2
8837 9682 2
8838 8963 1
8838 9021 2
8839 9015 4
8839 9314 1
8839 9051 1
8839 9486 2
8839 9684 1
8842 9696 3
8843 9128 2
8843 9937 1
8844 9529 1
8844 9992 1
8845 9601 1
8845 9888 1
8845 9080 1
8845 9493 1
8845 9035 1
8846 9036 1
8847 8952 5
8848 9049 1
8849 8859 3
8849 9172 1
8850 9027 5
8851 9940 3
8851 8957 1
8851 9362 3
8852 9303 3
8852 9490 1
8854 9255 1
8854 9970 3
8855 8875 1
8856 8986 1
8856 8897 5
8860 9003 1
8861 9112 1
8862 9809 1
8862 9882 14
8862 9775 1
8863 8976 1
8864 8976 2
8868 9029 1
8872 9576 1
8873 8985 6
8874 9296 1
8874 9885 1
8875 8930 2
8875 9111 2
8875 9992 1
8875 9917 4
8875 9953 7
8876 8899 2
8876 9008 6
8881 8894 1
8883 8920 1
8883 9338 2
8883 9634 1
8883 9711 3
8885 9595 1
8886 8890 1
8887 8991 1
8888 9647 2
8888 9064 1
8888 9413 1
8888 9362 9
8889 9306 1
8889 9443 1
8890 9406 1
8890 9004 1
8893 9719 5
8893 9431 1
8893 8984 1
8894 9784 47
8894 9886 20
8894 9340 1
8894 9045 1
8896 9858 1
8897 9106 2
8897 9600 1
8897 9141 1
8897 9060 1
8897 9733 2
8899 9107 1
8899 9770 4
8899 9254 1
8900 9362 1
8901 8927 3
8901 9199 1
8901 9628 4
8901 9635 2
8904 9696 1
8905 9743 1
8907 8995 5
8908 9202 5
8912 9702 2
8913 9549 1
8914 8982 1
8914 8941 1
8915 9418 2
8915 9971 1
8916 9878 1
8916 9888 2
8917 9074 1
8920 8997 1
8921 9296 17
8921 9260 2
8921 9821 7
8921 9084 2
8921 9149 1
8921 9357 2
8921 9768 1
8924 9897 1
8925 9017 1
8925 9074 2
8926 9598 140
8927 9457 11
8928 8990 1
8929 9772 1
8930 9402 30
8935 9431 5
8936 8962 1
8938 9597 8
8940 8948 1
8941 9043 1
8941 8955 1
8942 9268 1
8942 8982 2
8944 9170 5
8945 9278 2
8945 9940 1
8945 9536 1
8947 9452 9
8947 9902 3
8947 9067 1
8948 9629 6
8948 9830 1
8954 9145 3
8954 9039 1
8954 9409 7
8954 9646 1
8954 9926 1
8955 9756 1
8955 9950 4
8955 9798 1
8956 9881 1
8956 9262 1
8960 9636 8
8961 9029 2
8962 9883 1
8962 9367 2
8963 9861 1
8964 9247 1
8965 9357 1
8967 8994 1
8969 9753 1
8969 9420 4
8969 9809 1
8970 9964 2
8970 9387 1
8970 9508 1
8970 9683 1
8970 9186 1
8970 9970 5
8970 9398 1
8971 9447 1
8973 9811 1
8976 9531 3
8976 9842 1
8976 9865 29
8977 9824 1
8977 9628 1
8981 9067 5
8981 9572 1
8981 9643 1
8981 9125 1
8981 9899 1
8983 9058 39
8984 9199 5
8984 9284 13
8984 9255 1
8986 9562 4
8986 9449 9
8986 9722 4
8991 9302 4
8991 9834 1
8991 9990 1
8991 9538 1
8994 9039 7
8994 9419 1
8994 9811 14
8997 9678 5
8997 9793 2
8997 9472 4
9000 9799 10
9001 9410 1
9002 9489 1
9003 9381 2
9003 9434 2
9005 9616 1
9005 9076 1
9006 9134 200
9006 9356 1
9006 9191 2
9006 9455 1
9006 9762 1
9008 9313 1
9008 9807 5
9012 9217 2
9012 9310 1
9012 9544 1
9012 9751 9
9014 9683 1
9014 9564 2
9014 9323 1
9014 9345 4
9017 9183 1
9017 9825 2
9021 9023 1
9021 9253 1
9021 9542 1
9023 9066 1
9024 9058 9
9025 9599 1
9025 9856 4
9025 9871 6
9026 9743 1
9027 9709 1
9027 9687 2
9030 9928 1
9034 9926 1
9036 9655 1
9036 9111 3
9036 9978 1
9038 9058 53
9043 9269 20
9043 9863 1
9047 9772 1
9050 9663 1
9055 9656 2
9055 9277 1
9058 9295 5
9058 9226 1
9058 9272 7
9058 9269 3
9058 9395 1
9061 9848 1
9062 9889 1
9063 9534 1
9063 9937 6
9065 9384 3
9065 9081 1
9066 9421 1
9066 9715 1
9067 9862 2
9069 9146 2
9069 9879 2
9069 9145 2
9070 9661 4
9071 9115 1
9071 9955 1
9074 9657 1
9074 9192 1
9074 9197 2
9076 9446 1
9078 9200 1
9078 9936 1
9078 9254 2
9078 9406 1
9078 9464 1
9083 9241 1
9083 9291 2
9087 9104 1
9092 9642 1
9104 9310 1
9113 9939 20
9118 9266 1
9118 9229 1
9118 9634 1
9118 9589 1
9118 9861 1
9121 9393 1
9132 9410 1
9133 9641 1
9148 9397 1
9150 9410 1
9150 9616 2
9175 9579 1
9183 9700 2
9203 9679 1
9209 9466 1
9213 9727 1
9216 9579 4
9218 9248 5
9235 9466 28
9248 9687 13
9248 9921 1
9248 9430 2
9248 9786 1
9251 9466 1
9252 9674 1
9254 9696 5
9255 9677 3
9273 9520 1
9277 9636 1
9281 9543 1
9283 9677 1
9286 9720 2
9310 9772 1
9314 9475 1
9322 9616 1
9330 9530 1
9330 9608 1
9331 9456 1
9337 9727 2
9338 9745 11
9339 9858 1
9346 9743 1
9347 9641 4
9354 9620 1
9354 9605 1
9362 9799 2
9366 9700 6
9383 9799 1
9384 9410 1
9399 9410 3
9402 9558 1
9402 9572 5
9402 9606 9
9402 9830 1
9410 9495 5
9428 9708 1
9431 9694 1
9431 9770 2
9431 9713 2
9443 9727 1
9466 9883 1
9475 9966 1
9475 9580 1
9483 9776 1
9484 9515 1
9490 9641 1
9511 9674 2
9520 9913 2
9526 9799 1
9529 9803 1
9549 9847 1
9550 9712 3
9561 9879 3
9568 9980 3
9589 9772 2
9616 9951 1
9632 9679 1
9636 9768 1
9636 9710 1
9639 9727 1
9639 9934 6
9641 9894 1
9644 9905 1
9657 9946 1
9661 9888 1
9661 9758 3
9664 9674 1
9677 9953 2
9679 9703 1
9679 9732 2
9681 9700 1
9685 9799 1
9692 9862 18
9700 9732 1
9700 9927 3
9700 9950 1
9715 9799 1
9722 9727 2
9727 9739 2
9732 9934 1
9799 9899 3
9799 9819 4
9803 9950 1
9816 9980 1
9838 9852 1
9858 9915 4
9934 9990 1
