20 8852 1
45 8758 13
45 9107 2
45 9110 200
57 9357 1
61 9372 4
61 9157 1
63 9536 1
63 9891 2
63 8917 2
63 9069 2
63 9970 2
63 8765 1
63 9780 1
81 9852 3
81 9451 1
81 9993 1
81 9678 5
117 9899 1
117 8749 1
121 9553 9
121 9864 78
121 8862 3
124 9135 1
124 9562 1
124 9186 10
124 9537 10
125 9210 2
125 9861 4
142 9263 1
149 9171 1
149 9941 17
149 8547 1
180 9132 1
180 8666 1
180 9701 1
180 8649 3
180 9619 1
180 9654 4
201 8609 14
201 8681 1
201 9108 2
201 9274 1
201 8674 1
201 8810 2
204 9311 2
204 9393 1
212 9726 6
212 9797 1
212 9912 1
212 8911 6
230 9006 1
230 9055 15
230 8657 1
230 9664 1
230 9523 1
230 9245 1
239 8686 1
240 8695 1
240 9019 1
240 9769 1
241 9448 1
241 8726 1
241 9496 8
247 8572 1
247 9937 1
247 8928 1
247 9384 1
247 9198 1
247 9949 3
247 8763 1
251 8670 1
251 8627 1
251 9105 6
251 9287 2
251 9776 4
251 9058 1
267 9797 1
267 9745 1
274 8618 1
274 9365 4
274 9355 1
280 9835 1
280 9765 17
280 9870 2
287 9668 26
288 9646 1
288 9464 2
288 9027 1
291 9286 10
291 9754 12
291 9296 2
291 9924 1
291 9546 1
291 9213 1
296 9068 1
296 8746 1
296 9437 1
303 8944 1
303 9325 1
303 9607 1
305 9340 1
305 9619 1
305 8944 9
305 9687 1
313 9812 1
313 8664 1
321 9859 10
337 9904 1
342 9640 1
342 9399 22
342 9215 4
342 8788 1
342 8575 1
349 9764 1
349 9724 3
398 9760 9
398 8651 1
398 9314 1
398 9903 2
406 8751 1
406 9343 1
406 9865 1
424 9821 1
424 8713 1
424 9393 12
424 9890 7
424 8941 1
424 9233 1
425 9682 63
425 9726 1
425 8688 1
425 9563 1
425 9897 4
425 9503 1
447 8844 1
447 9352 1
447 9258 1
447 8994 1
451 8900 1
451 8553 1
451 9942 1
451 9571 3
498 9114 1
498 9796 5
507 9184 1
507 9101 2
507 9471 1
507 9934 1
511 9502 1
546 9908 1
549 8832 2
549 8813 1
589 9130 4
589 9414 1
589 9209 1
589 9977 23
593 9539 16
593 9010 2
593 9052 1
593 9617 1
593 9901 1
593 9772 2
632 9814 1
632 8557 2
632 8765 1
632 9207 1
632 8724 1
632 9384 3
632 9958 2
636 9534 3
636 9253 4
636 9892 1
641 8679 1
641 8640 1
641 9788 1
641 8749 4
641 9631 1
641 9857 1
641 9956 4
641 9184 1
646 8677 1
646 8864 3
646 9926 1
650 8718 1
650 9140 1
650 9354 2
666 9693 1
666 8569 1
666 9650 1
666 9748 1
673 9842 1
673 8810 3
708 8754 1
708 8923 1
708 9199 1
708 9020 10
712 9790 1
712 9703 1
712 8767 1
712 9580 2
712 8713 1
712 9512 11
723 8619 1
723 9379 1
723 9609 1
747 9388 1
747 9239 1
747 9649 3
784 8630 1
784 9035 1
784 9201 1
784 9854 1
788 8572 2
788 9869 1
788 9487 17
808 8603 1
810 9980 1
830 9547 5
830 9520 1
830 9019 1
830 9656 6
830 8646 5
832 8963 1
832 8597 16
832 8561 1
832 9530 1
848 9395 11
848 9554 1
848 9052 2
903 9490 1
903 9081 4
903 9959 3
903 9417 1
903 9626 3
903 8688 1
903 9589 4
913 9636 8
913 9802 1
913 9857 1
926 9362 3
926 9137 1
926 8667 1
926 8682 1
927 9378 2
927 9001 1
927 9037 1
927 9437 1
929 8649 1
929 9257 1
929 9099 1
929 9499 1
929 9640 1
939 9120 1
939 9996 1
939 9610 2
939 9286 1
975 8550 1
975 9449 109
975 9947 1
994 8826 1
994 9587 1
994 9857 1
994 9500 2
1003 8562 1
1003 9314 1
1003 9594 4
1003 8587 2
1003 8748 15
1010 9064 2
1012 8569 3
1051 9147 2
1051 8920 1
1051 9098 1
1051 9603 1
1051 8589 1
1051 8994 1
1051 9531 8
1051 9190 1
1051 9533 1
1066 8629 1
1066 8757 1
1074 8769 3
1074 9249 2
1074 8775 1
1074 9502 1
1074 9937 1
1074 9828 2
1074 9891 12
1074 9440 1
1074 9879 1
1074 9293 1
1074 9750 1
1074 9910 2
1075 9535 1
1075 8646 3
1075 9336 1
1075 8630 1
1075 8882 1
1075 9594 1
1075 9694 1
1079 9560 2
1079 9507 1
1087 9280 1
1093 9278 1
1093 8747 1
1093 9556 2
1094 8584 1
1094 8788 2
1094 9109 1
1101 9979 1
1117 9132 1
1117 8661 2
1117 8728 1
1125 8941 1
1125 9153 2
1125 9450 6
1125 9920 8
1126 9507 1
1153 9381 2
1153 9626 4
1153 9688 1
1153 9449 1
1153 9641 1
1154 9606 8
1154 8679 2
1154 9880 1
1157 9941 1
1157 9162 1
1157 8923 1
1157 9906 2
1157 9113 2
1157 9736 1
1216 9168 1
1216 9502 1
1229 8896 1
1229 9244 1
1237 9190 1
1237 8548 2
1237 9813 1
1237 9756 3
1237 9394 1
1255 8653 3
1255 9076 1
1255 9115 1
1255 9536 1
1266 8665 1
1266 9104 1
1266 9289 1
1270 9239 3
1271 8602 1
1271 9081 1
1310 8749 1
1351 9535 9
1351 9684 5
1351 9153 9
1351 9869 1
1388 9676 1
1388 8620 1
1388 8867 1
1388 9742 1
1388 9941 5
1405 9546 5
1405 8592 1
1405 9534 13
1405 9651 1
1410 9210 1
1410 9320 1
1410 9429 1
1410 9578 6
1414 9938 1
1414 8666 4
1414 8854 1
1414 9156 1
1415 9198 12
1415 9801 1
1430 9705 1
1430 9505 7
1430 8995 1
1430 9274 3
1430 8666 1
1440 9863 1
1440 9777 4
1440 9816 4
1451 1968 1
1451 9106 1
1451 8709 3
1451 9511 4
1459 9495 1
1459 9916 3
1459 9076 3
1459 8607 2
1459 8992 3
1459 8867 1
1466 8909 5
1471 9830 1
1471 9693 1
1478 9720 1
1478 8769 1
1478 9472 1
1478 9598 1
1487 9628 3
1487 8726 1
1487 9626 1
1487 9429 1
1487 9725 8
1499 8829 1
1499 9459 1
1499 8919 5
1506 9177 3
1506 9625 1
1506 8844 1
1506 9964 3
1506 9093 1
1506 9255 1
1508 9924 3
1508 8875 1
1508 9530 2
1508 9982 8
1510 8547 1
1510 9308 3
1510 9496 2
1510 9588 1
1511 9924 1
1511 9334 6
1511 9310 1
1511 9431 1
1511 8728 1
1511 8970 5
1513 9746 1
1513 9679 1
1513 9328 2
1513 9442 2
1513 9723 9
1515 9726 7
1515 9969 1
1521 8672 1
1521 9580 1
1521 9439 1
1521 9051 1
1531 8637 1
1531 8762 1
1531 8560 2
1531 9225 1
1531 9339 3
1531 9346 29
1535 8823 1
1535 8633 1
1535 8787 2
1549 9955 1
1549 9783 1
1549 9883 8
1549 8555 6
1550 9537 1
1550 9209 1
1550 8813 1
1550 9058 1
1556 8789 2
1556 9761 1
1563 9464 3
1563 9685 19
1563 9399 1
1578 8776 1
1582 9503 14
1582 9887 1
1582 8781 2
1582 8826 2
1595 8826 1
1605 9519 1
1605 9328 1
1605 9769 1
1605 9754 1
1605 8758 1
1605 9079 5
1605 9488 1
1605 9821 2
1607 8611 1
1611 9642 1
1611 8859 1
1617 9685 1
1618 9191 2
1618 9231 1
1618 9949 1
1618 8930 2
1618 9612 1
1618 9529 1
1634 9517 1
1634 9803 3
1637 9114 4
1637 8945 1
1637 9677 1
1668 9199 1
1668 8706 2
1668 9664 2
1668 9102 1
1668 9800 1
1668 8763 1
1668 9769 14
1668 8874 2
1685 9506 1
1685 9622 1
1685 9816 1
1685 9313 1
1705 9601 1
1705 8785 2
1723 9347 1
1753 9978 1
1753 9955 1
1761 8555 2
1761 9395 6
1761 9637 2
1761 8551 8
1761 9200 1
1761 8587 1
1768 9694 1
1768 9292 3
1768 8567 1
1768 9693 1
1768 8736 1
1768 9028 1
1768 9484 1
1774 9837 4
1774 9094 1
1774 9693 10
1774 9747 1
1788 9120 14
1788 9642 1
1788 9974 2
1788 8804 2
1788 9698 1
1788 9793 4
1788 8985 1
1788 9938 1
1788 9647 1
1788 8567 2
1788 9198 2
1788 9240 4
1788 9522 1
1788 9622 4
1788 9972 1
1798 8972 1
1798 8696 2
1800 9633 1
1800 9456 1
1800 9707 44
1800 8895 1
1800 8742 1
1800 9292 1
1800 9607 4
1820 9457 1
1821 8564 1
1855 9184 1
1855 8846 2
1855 9577 4
1855 9984 2
1855 9775 1
1869 8597 1
1869 9537 1
1871 8832 1
1871 9924 2
1871 9846 3
1882 9213 2
1882 9796 3
1882 9397 1
1884 9813 6
1884 9189 1
1905 8913 1
1905 8782 6
1905 9997 1
1905 9615 2
1905 9976 2
1905 9357 5
1905 9975 6
1906 8815 1
1906 9524 1
1906 9771 1
1929 9608 1
1929 9186 1
1955 8927 2
1955 8689 1
1955 9254 1
1968 9329 1
1968 9034 2
1968 8644 1
1968 9184 1
1968 9604 1
1979 8854 1
1981 9568 1
1981 9272 1
1981 8875 4
1981 9659 8
1984 9734 1
2008 8569 1
2008 9120 1
2008 9431 1
2021 8775 1
2021 9586 3
2021 9169 1
2022 8911 6
2032 8626 1
2032 9985 1
2032 9989 1
2045 8840 1
2045 9545 1
2046 8861 20
2046 8852 3
2046 8589 7
2046 9876 1
2046 8917 1
2046 8927 4
2046 9250 5
2048 9352 1
2048 9177 1
2048 9264 2
2048 9809 1
2048 9674 1
2066 9074 4
2066 9152 4
2073 9852 1
2073 8639 3
2083 9517 1
2083 8723 1
2083 9802 1
2083 8682 1
2083 8882 1
2090 9438 1
2090 9069 2
2090 9180 1
2090 9313 1
2090 9629 1
2093 8651 1
2093 9092 1
2093 9500 1
2094 8637 1
2094 9230 1
2094 9642 1
2113 9757 1
2113 9057 1
2116 9210 1
2116 8626 1
2116 8635 2
2116 8649 1
2116 8784 1
2116 9545 1
2137 8757 1
2137 8677 1
2137 9789 1
2137 8887 1
2137 9864 2
2142 8695 1
2142 9564 3
2142 9718 4
2142 9212 1
2146 9754 3
2146 9079 2
2146 9367 1
2146 9453 12
2146 9564 2
2146 9676 1
2146 9708 1
2154 9110 1
2154 9388 4
2154 9067 27
2154 8691 1
2154 9612 1
2154 9688 6
2154 9921 2
2220 9659 7
2221 8833 1
2221 9984 1
2228 9280 1
2228 8717 4
2228 9652 2
2228 9227 1
2228 9375 2
2233 9113 1
2233 8758 1
2233 9376 1
2233 9649 1
2233 8581 55
2233 9344 1
2233 9698 1
2233 9466 1
2233 8703 1
2233 9193 8
2233 9735 5
2238 9447 1
2238 8930 1
2238 9856 1
2255 8601 2
2255 9980 1
2270 9080 1
2270 9193 2
2270 9590 18
2271 8672 1
2271 9469 15
2271 9880 2
2271 8695 1
2271 9805 1
2285 9477 1
2317 9494 1
2317 8840 2
2317 8884 1
2317 9445 1
2340 9530 1
2340 8950 1
2340 9365 2
2340 8908 1
2340 9637 1
2342 9795 5
2342 8611 1
2342 9801 1
2342 8794 1
2342 8884 8
2342 9384 1
2342 9159 2
2342 9519 1
2366 8991 24
2366 9034 1
2366 9720 4
2366 8716 1
2366 8954 1
2366 8795 1
2366 9264 3
2366 9863 2
2366 9711 1
2366 8638 1
2366 9140 1
2374 8663 1
2374 9600 2
2384 8630 1
2385 9901 1
2385 9801 4
2385 8978 4
2385 9397 1
2385 9777 1
2397 9131 1
2397 9162 14
2397 9647 1
2407 9140 1
2407 9380 1
2407 8817 1
2422 8564 1
2422 8699 1
2435 9457 1
2435 9123 1
2435 9641 2
2435 9865 2
2436 8629 1
2436 9770 14
2436 9418 27
2436 9687 1
2436 9319 1
2437 9683 1
2437 9245 1
2443 9643 1
2443 9129 1
2444 9119 1
2444 9367 1
2444 9348 2
2444 9639 6
2467 9450 1
2467 8590 1
2467 9226 1
2467 9176 1
2467 9650 1
2467 9677 1
2467 9956 4
2467 8563 1
2467 9512 89
2467 9621 3
2467 9441 3
2469 9250 1
2469 9418 1
2469 9733 1
2469 9941 1
2469 9480 8
2469 8736 21
2475 9055 2
2475 9043 1
2489 8667 13
2489 9622 4
2489 8718 1
2489 8822 3
2489 8961 1
2497 9771 4
2497 9637 1
2497 9725 4
2506 9353 1
2506 8858 2
2506 9101 3
2506 9937 1
2507 9395 1
2507 9671 1
2507 9710 1
2507 9155 5
2507 8963 1
2507 8975 1
2507 9642 1
2510 9464 1
2510 8562 1
2510 8651 1
2512 9949 2
2512 9983 1
2512 9507 3
2512 9714 2
2512 8681 3
2513 9006 1
2513 9005 1
2513 9837 2
2525 8778 1
2525 9035 1
2525 9568 25
2525 8765 1
2530 9832 1
2530 9452 1
2530 9674 1
2543 9636 1
2543 9081 2
2543 9518 1
2543 9278 1
2571 9165 1
2571 9037 1
2621 8673 1
2621 9485 1
2626 9983 2
2626 8663 2
2633 9407 1
2633 9582 2
2633 9585 1
2636 8810 1
2636 8812 3
2636 9824 2
2637 8978 1
2637 9056 1
2637 9914 1
2642 9740 1
2645 9473 12
2645 9836 1
2645 9057 1
2645 9283 1
2645 9635 3
2646 9692 1
2646 8600 1
2646 8766 1
2646 8812 1
2646 9972 2
2646 8996 3
2646 9202 1
2664 8812 1
2664 9968 5
2675 8911 15
2675 8721 1
2675 8979 1
2675 9725 1
2675 9708 1
2675 8780 1
2675 9827 2
2675 9954 7
2682 9610 1
2682 9257 1
2682 9459 3
2682 9776 1
2682 9892 4
2682 9118 1
2682 9119 1
2682 9716 5
2702 8794 1
2702 9598 1
2702 8574 1
2702 8826 1
2702 9234 1
2702 9034 1
2707 9824 1
2707 9782 1
2707 9019 1
2707 9212 4
2707 8766 3
2709 9647 1
2709 9791 2
2709 9974 1
2709 8777 1
2744 9326 12
2744 9087 2
2750 9383 6
2750 8900 2
2750 9756 4
2755 9139 1
2755 9227 7
2755 9593 1
2755 9672 1
2775 9378 6
2775 9703 13
2793 9880 6
2793 9579 5
2793 9278 1
2793 9327 1
2793 9233 6
2793 9266 2
2814 8749 1
2814 9596 1
2814 8828 1
2814 8703 1
2814 9945 1
2819 9707 1
2819 9594 2
2819 9867 65
2819 8747 4
2819 9825 2
2823 8996 1
2827 9404 4
2827 9503 1
2827 9861 1
2827 9867 6
2827 8723 2
2827 8698 9
2827 9373 2
2827 9580 3
2836 9225 1
2836 9207 1
2840 9422 1
2840 8596 2
2840 8710 1
2840 9383 2
2840 9655 1
2840 8598 7
2840 9684 2
2849 9742 2
2849 8602 1
2849 9033 1
2849 9540 1
2849 9800 14
2856 9654 15
2918 9015 1
2918 9617 1
2918 8592 2
2918 9641 19
2918 9085 1
2918 9746 1
2918 8958 2
2918 9802 3
2938 8795 1
2938 8579 2
2938 8759 1
2988 9814 1
2988 8606 2
2991 8827 1
2991 8608 2
2991 8678 1
2991 8695 1
2991 9711 1
2991 9536 2
2991 9802 1
2991 8734 1
3007 9689 2
3007 9383 1
3018 9209 1
3018 9072 1
3018 9593 2
3021 8666 1
3021 9577 14
3047 9777 1
3047 8767 2
3047 8827 1
3047 9213 5
3061 9227 1
3072 9032 3
3072 8872 1
3072 9670 2
3081 8976 4
3081 9716 5
3081 9102 1
3081 9778 1
3081 9942 1
3087 9540 1
3087 9132 2
3103 9778 1
3103 9781 1
3120 9223 1
3129 9362 16
3129 8552 1
3129 9440 1
3129 8549 1
3129 9254 1
3162 9168 2
3162 9255 2
3162 8601 2
3162 8883 1
3162 9414 4
3166 9092 1
3166 9554 4
3191 9570 1
3191 9345 5
3191 8551 1
3193 9385 1
3195 9856 1
3195 9837 1
3195 9340 13
3198 9061 132
3223 9968 1
3223 9879 2
3223 9881 14
3223 8880 1
3223 9090 3
3223 9603 2
3230 9015 1
3230 8956 1
3236 9877 2
3241 8769 2
3241 9696 2
3241 9143 1
3241 9595 10
3241 8714 1
3249 8859 5
3249 9180 4
3249 9772 1
3249 9923 1
3249 8721 33
3249 9502 1
3249 9590 1
3256 9568 17
3259 9537 1
3259 9165 1
3272 9429 1
3272 9949 2
3272 9745 3
3272 8798 2
3272 9317 1
3272 9336 4
3272 9861 1
3285 9689 2
3285 9978 1
3285 9750 3
3285 8884 1
3285 9215 14
3298 8996 1
3310 8992 1
3310 8955 1
3310 9226 45
3316 9365 21
3316 9962 1
3316 9107 2
3316 8587 1
3353 9336 2
3353 9148 1
3353 9257 16
3353 8584 69
3353 9323 2
3367 9010 1
3367 9389 1
3367 8653 1
3384 9041 2
3384 9977 1
3384 9385 1
3388 8971 1
3388 8991 28
3388 9810 1
3388 9200 1
3388 9314 1
3392 8905 4
3411 9254 3
3411 9698 3
3411 9358 1
3411 8620 1
3411 8742 1
3411 9099 2
3433 9991 1
3433 8549 1
3444 9638 1
3444 9386 2
3444 9579 7
3444 9946 2
3450 9506 1
3450 9356 2
3468 9339 1
3468 8603 5
3482 9383 1
3482 9143 1
3489 8958 1
3489 9928 1
3489 9958 1
3489 8863 1
3489 9474 7
3489 9676 1
3489 8569 3
3489 8641 1
3489 9374 2
3496 8747 2
3496 9201 1
3496 9034 1
3498 8743 1
3498 9313 1
3498 9595 4
3498 9835 9
3498 9970 4
3516 9886 12
3516 9355 1
3516 9879 2
3516 8782 1
3516 9771 3
3516 8815 2
3516 8821 2
3519 9563 1
3541 9281 1
3541 9805 1
3541 9510 2
3541 9759 1
3541 8836 2
3541 8972 1
3546 8669 4
3546 8616 5
3546 9446 2
3546 9658 1
3546 9009 2
3550 9331 5
3550 9983 1
3558 9506 5
3567 9901 4
3567 8628 1
3567 9318 1
3584 9407 3
3584 8564 1
3597 8948 2
3597 9915 1
3597 8684 3
3615 9600 1
3615 8864 1
3615 9525 1
3615 9914 5
3615 9281 2
3615 9356 4
3615 9510 1
3615 9616 1
3616 8806 6
3616 9885 1
3616 9936 1
3616 8930 4
3618 9602 1
3618 9283 1
3618 9628 1
3627 8669 12
3627 8671 5
3629 9392 2
3633 9373 4
3633 9129 2
3633 8669 1
3633 9858 1
3647 9538 3
3656 8744 1
3658 9493 11
3658 9199 8
3658 9468 4
3679 9258 2
3689 8695 1
3707 8663 9
3707 8647 1
3707 8992 4
3722 8591 2
3722 8655 1
3722 8746 1
3722 8960 1
3722 9089 1
3722 9852 2
3733 9598 4
3733 8880 3
3733 9579 2
3733 9605 3
3733 8646 1
3733 9544 1
3743 8688 1
3743 9424 9
3745 9230 36
3745 9528 1
3745 9544 1
3745 9805 3
3745 9249 1
3758 9961 1
3764 9531 29
3764 9201 2
3764 9855 4
3764 9997 1
3764 9267 6
3764 9293 1
3764 9388 1
3774 9076 3
3774 9552 2
3774 9542 1
3774 8678 1
3774 8777 1
3774 9716 8
3797 9578 1
3797 8589 1
3797 9139 2
3797 8619 2
3798 8584 1
3798 9851 1
3798 9249 5
3798 8836 1
3798 9379 1
3798 8567 2
3798 8941 1
3798 9915 1
3798 8647 1
3807 9168 1
3807 9618 1
3807 9125 2
3810 9359 1
3810 9153 1
3810 9653 3
3810 9735 1
3810 9645 3
3810 9861 1
3810 9496 2
3810 9460 200
3810 9107 1
3810 9775 1
3810 9026 5
3810 9793 1
3836 9050 1
3837 8758 1
3837 9718 26
3839 9610 1
3839 9677 1
3839 9197 1
3844 8942 1
3844 9750 4
3861 9484 36
3861 9677 1
3861 8829 1
3875 9378 1
3875 9357 3
3875 9707 1
3879 8590 6
3879 9345 1
3892 9676 2
3892 9658 1
3892 9053 2
3892 9295 1
3892 9114 2
3894 9220 1
3894 8746 3
3894 9177 1
3904 9327 1
3904 9640 3
3904 9076 3
3920 9460 1
3920 8973 9
3921 8560 2
3921 9607 1
3921 9810 2
3927 9195 2
3927 9243 1
3927 9490 1
3932 9757 1
3940 8685 1
3940 8691 1
3940 9692 10
3940 9118 2
3940 9589 3
3940 9825 1
3975 8906 4
3975 9474 1
3987 9153 4
3987 9339 1
3994 8960 1
3994 9441 3
3994 9986 1
3999 9056 1
3999 9366 16
3999 8702 3
3999 8661 1
3999 9558 1
3999 8728 42
3999 9005 1
3999 8872 1
3999 9164 1
3999 9417 2
4020 9725 1
4020 9967 2
4020 8710 1
4020 9384 1
4020 9195 1
4020 9717 1
4037 9087 1
4037 9843 200
4037 9928 1
4037 9030 1
4044 8896 1
4044 9358 2
4077 8635 1
4088 8868 1
4088 9501 77
4116 9745 1
4116 9773 38
4116 9916 1
4117 8688 1
4117 8643 2
4117 8972 1
4117 9807 1
4117 9991 7
4117 8706 1
4117 9276 2
4117 9291 1
4134 9625 1
4134 9880 1
4134 8886 2
4134 9337 3
4138 8908 2
4138 9152 1
4138 9295 1
4149 9176 2
4149 8664 1
4149 8874 3
4149 9235 1
4149 9388 5
4159 9171 1
4171 9201 1
4171 8819 2
4171 8913 1
4171 8931 1
4171 9171 2
4233 9590 1
4233 8643 1
4233 9360 1
4233 9347 2
4233 9206 25
4233 9974 2
4247 9293 4
4247 9237 1
4247 8667 4
4248 9511 2
4248 9698 1
4248 9820 1
4249 8858 1
4286 9289 2
4286 9012 1
4286 9291 1
4286 9998 3
4286 9328 1
4287 9278 1
4288 9272 2
4288 9387 2
4290 9394 1
4308 8762 2
4308 9914 1
4308 8990 1
4308 9057 1
4308 8699 14
4308 8759 4
4308 9906 1
4309 9900 7
4309 9756 1
4313 9630 1
4313 9723 13
4315 9083 21
4315 8757 1
4315 9451 1
4324 8585 1
4324 9513 1
4324 8862 2
4326 9708 1
4326 9442 1
4326 9591 28
4326 9934 7
4326 9642 2
4326 9947 1
4326 8557 1
4327 9743 2
4327 9861 1
4334 9032 1
4334 9867 1
4339 9351 5
4339 9106 1
4339 9480 1
4343 8950 1
4343 8777 1
4343 9651 1
4343 9040 1
4343 9344 1
4343 9641 1
4343 9239 1
4343 9717 1
4343 8836 2
4343 9094 3
4343 8572 1
4343 9416 1
4363 9953 7
4363 8996 5
4363 8637 1
4363 8972 1
4363 9596 2
4376 9683 1
4376 9089 1
4376 9640 14
4376 8986 1
4376 9329 1
4376 9710 7
4391 9716 1
4391 9646 1
4391 8845 1
4391 9156 1
4393 8751 3
4393 9470 1
4398 9900 3
4398 9801 5
4398 9399 2
4399 8839 1
4399 9366 8
4399 9220 1
4399 8603 1
4431 9536 2
4431 9068 13
4431 9090 1
4431 9381 1
4435 9637 1
4435 9027 1
4435 9163 15
4438 8789 2
4438 9131 13
4447 9440 1
4447 9877 200
4449 8547 1
4449 9801 1
4452 8873 1
4452 9165 1
4452 9449 5
4452 9901 1
4458 9430 1
4458 9495 28
4458 8758 1
4462 9655 67
4462 8640 1
4467 9488 4
4481 8828 1
4481 9477 8
4481 9636 2
4483 8976 1
4500 9140 1
4500 8628 1
4500 9700 3
4500 9959 5
4517 8840 1
4517 9630 2
4523 9968 1
4523 8926 5
4529 9331 1
4529 9827 1
4529 8664 1
4529 9319 1
4529 9956 3
4529 8827 200
4529 9281 1
4529 9564 11
4529 9582 9
4541 9185 2
4541 8778 1
4541 9031 1
4541 9691 2
4541 9734 1
4558 9636 1
4558 8725 5
4558 9092 2
4558 9879 1
4586 9855 1
4586 9891 1
4639 9040 2
4639 9967 1
4639 8911 1
4639 9430 1
4662 9125 23
4662 9183 1
4662 8630 15
4662 8892 1
4662 9721 1
4686 9320 8
4686 8620 1
4686 9809 1
4697 9945 1
4697 8665 1
4697 8788 9
4697 9287 11
4697 8619 2
4697 9231 1
4707 8665 1
4707 9148 1
4710 9364 1
4710 9873 1
4710 9310 1
4710 8717 1
4710 9595 1
4710 9990 2
4736 8945 1
4736 9664 1
4736 9812 3
4736 8695 1
4748 9579 1
4748 9397 1
4758 9153 3
4758 8944 1
4758 9422 2
4758 9065 1
4758 9087 5
4758 8603 6
4765 9268 1
4765 9388 2
4765 9453 3
4765 8859 1
4765 9396 3
4765 9195 4
4769 9168 1
4769 9024 1
4776 9057 24
4782 9356 2
4782 8823 1
4785 9618 1
4785 9517 14
4785 8799 2
4785 9504 7
4789 9619 1
4789 9890 1
4789 9427 1
4789 8743 1
4789 9616 1
4789 9956 1
4793 8970 1
4793 8689 1
4793 9130 3
4804 9353 2
4804 8976 1
4804 9710 1
4804 8927 6
4806 9488 1
4806 9969 2
4806 8577 5
4806 9093 1
4807 9548 3
4807 9224 2
4807 8895 4
4807 8906 1
4808 9456 2
4808 9292 3
4816 8815 6
4816 8735 1
4824 8664 1
4824 9229 5
4829 9223 1
4829 8559 2
4829 8980 1
4843 8704 1
4843 9629 12
4843 9718 4
4843 9438 1
4843 9446 1
4845 8729 1
4845 9061 12
4845 8819 1
4845 9980 3
4845 9982 5
4872 9821 1
4874 9640 1
4874 8554 1
4874 9183 1
4874 9267 2
4874 9384 1
4874 8553 7
4874 8873 1
4874 9507 1
4874 8552 1
4881 9600 2
4881 9743 2
4886 9622 3
4886 8698 34
4886 9563 2
4886 9690 1
4891 8808 2
4891 9962 2
4891 9711 1
4891 9875 2
4894 8674 1
4894 9541 1
4894 9920 5
4894 8878 1
4909 9293 1
4909 8686 2
4909 9606 1
4916 9661 2
4916 9538 1
4916 9464 1
4917 9417 1
4917 8627 10
4917 9055 9
4918 8684 1
4918 9007 1
4918 9453 1
4918 8635 3
4918 9990 2
4918 8762 3
4918 9423 1
4918 9671 1
4918 9902 1
4918 9360 1
4933 9592 6
4933 9545 1
4940 9720 2
4940 9002 1
4940 9261 1
4944 8554 1
4944 9191 4
4947 9360 2
4947 8923 1
4947 9020 7
4947 8718 3
4947 9437 1
4947 9620 38
4947 9379 3
4950 8636 1
4950 9040 1
4950 8961 1
4950 9246 2
4950 9286 1
4950 9318 1
4981 9626 9
4988 9296 2
4988 9270 1
4988 9679 1
4989 9666 1
4989 8887 1
4993 9908 1
4993 9459 18
4993 8928 2
4993 9424 1
4999 8945 1
4999 9336 1
4999 9934 6
4999 8686 1
4999 8744 1
5015 8797 2
5015 9365 4
5015 9286 1
5015 8708 1
5015 9219 1
5031 8619 1
5031 9257 1
5031 9495 16
5031 9506 1
5032 9148 6
5032 9250 2
5032 8859 1
5036 9080 1
5036 9993 2
5036 9439 1
5036 9928 6
5037 8873 1
5037 9056 1
5037 8552 2
5037 8996 1
5037 9813 1
5037 9776 1
5037 9891 1
5064 8799 3
5064 9032 3
5064 9469 1
5064 9959 7
5080 8691 1
5080 9448 8
5095 9560 1
5095 9893 1
5112 9176 1
5112 9758 1
5112 9828 2
5112 9899 1
5112 9904 2
5112 8591 1
5112 8657 1
5124 9334 1
5124 9971 1
5124 9064 45
5124 9139 3
5124 9454 1
5124 9742 1
5127 9199 1
5127 8812 1
5127 9601 1
5127 8833 1
5133 9945 1
5133 9227 2
5142 9982 1
5142 9319 1
5142 9772 8
5142 9682 1
5144 9752 1
5144 9765 6
5144 9230 1
5144 9590 4
5144 9821 1
5144 9750 1
5149 9859 1
5149 8905 2
5153 9197 1
5153 8694 2
5167 9422 7
5169 9937 1
5169 9393 28
5169 9592 1
5169 9997 1
5177 9060 1
5177 9156 1
5177 9886 1
5188 9104 1
5188 9237 1
5188 9056 8
5188 9269 1
5188 8828 1
5196 9068 1
5196 9028 1
5196 9085 7
5196 9269 3
5209 9763 1
5209 9274 1
5209 9455 1
5209 9842 1
5211 8747 1
5211 9692 1
5211 9027 1
5211 9425 2
5211 9265 3
5211 9524 1
5226 8715 3
5226 8602 1
5226 9827 1
5226 9031 3
5226 8669 1
5226 9501 1
5226 9646 1
5237 9595 1
5265 8682 4
5265 9423 3
5269 9654 1
5291 9525 11
5291 9556 1
5291 9513 21
5291 9387 2
5295 9008 3
5306 8767 1
5306 9015 2
5306 9852 19
5306 9653 1
5308 8882 1
5308 8580 1
5308 8830 1
5308 9194 1
5322 8673 1
5322 9194 1
5322 9241 1
5322 9531 1
5326 8813 6
5326 8843 1
5327 9552 1
5327 9496 2
5327 9619 1
5327 8958 1
5327 8947 1
5339 9263 7
5339 9364 6
5339 9781 1
5339 9916 3
5339 9989 7
5339 8846 2
5351 8763 1
5351 9637 2
5351 8974 9
5351 9320 2
5351 9752 5
5368 9782 4
5368 8963 1
5368 9442 1
5368 9343 1
5368 9720 1
5393 9050 38
5393 9967 1
5393 9740 32
5401 9245 2
5401 9032 19
5405 9052 1
5405 9725 1
5405 8549 2
5405 8887 1
5405 9901 15
5405 9141 1
5405 9933 1
5410 9916 1
5410 9513 1
5420 9679 1
5420 9305 1
5433 9353 4
5433 9617 1
5437 9072 8
5437 8795 2
5437 8643 2
5437 9646 2
5450 9677 1
5450 9348 1
5450 8690 1
5450 9550 2
5450 9643 3
5450 9789 1
5459 8591 1
5462 9235 4
5462 8655 1
5462 9353 2
5462 9617 1
5467 8554 1
5467 8945 2
5467 9902 1
5467 9783 16
5467 8748 2
5467 9541 2
5487 8702 2
5487 8882 56
5502 9735 6
5502 9544 1
5502 9727 1
5502 9466 16
5502 9813 3
5520 9842 1
5520 8620 1
5520 8817 1
5520 8835 1
5520 9366 1
5525 9083 3
5525 9224 2
5530 8725 7
5530 8956 1
5530 9041 1
5530 9272 1
5530 9620 1
5541 9652 1
5541 8808 4
5553 9580 1
5553 8684 1
5553 8785 1
5559 9569 1
5559 9747 2
5559 9853 2
5559 9177 1
5559 9816 7
5559 8945 1
5564 9450 1
5564 8813 1
5564 9380 1
5571 9631 6
5571 9143 1
5578 9959 1
5578 9793 1
5578 8990 3
5588 9340 1
5588 9427 2
5588 9622 1
5588 9536 1
5616 9986 1
5616 9618 1
5616 9061 1
5620 9598 2
5620 9841 4
5627 9912 1
5627 8639 2
5667 9381 1
5667 9354 1
5667 9730 5
5667 8789 1
5667 9562 1
5667 9686 1
5667 8584 3
5668 9463 2
5668 8669 4
5668 9706 1
5668 9031 4
5668 8837 1
5668 9655 1
5672 8997 185
5672 9622 1
5672 9009 1
5672 9552 3
5672 9132 2
5672 8637 2
5672 9828 1
5688 8759 3
5723 9430 1
5723 9464 1
5723 9929 4
5723 9248 1
5723 8895 1
5723 8913 2
5723 9788 2
5734 9598 1
5734 8927 4
5734 9051 1
5740 8923 1
5740 8892 1
5740 8636 3
5755 9608 1
5755 9418 1
5756 9586 1
5756 9194 45
5761 9379 1
5761 9190 1
5761 8808 1
5761 8880 1
5761 9074 2
5765 8957 2
5765 8829 1
5765 8685 1
5767 8874 5
5767 9194 10
5767 8673 6
5797 9783 1
5797 9727 1
5816 9926 1
5816 9347 1
5817 9027 2
5817 9380 1
5817 8677 2
5819 9977 2
5819 8781 1
5819 9035 2
5819 9310 3
5819 9921 1
5819 8690 1
5820 9387 3
5820 8862 2
5820 8771 1
5824 9511 1
5824 9201 12
5824 9430 1
5824 9438 1
5824 8672 2
5824 9234 1
5837 9051 1
5837 9964 1
5837 9721 1
5837 9671 1
5837 9929 1
5842 9791 2
5842 9910 1
5842 8795 1
5842 8941 1
5842 9135 1
5842 9197 14
5847 9372 3
5847 9403 1
5847 9289 2
5847 9447 1
5854 9311 80
5854 8618 2
5854 9271 1
5854 8574 2
5854 9427 1
5861 8681 1
5861 9439 1
5861 8608 1
5861 8942 2
5872 9841 1
5872 9733 1
5872 9856 1
5872 9518 1
5875 9661 1
5875 9560 11
5875 9667 1
5878 9900 3
5889 9815 1
5894 9618 1
5899 9157 1
5899 9562 1
5899 9308 1
5899 8574 1
5899 8616 1
5901 9258 9
5901 9417 1
5901 8671 3
5901 9101 7
5901 9524 1
5901 8663 1
5901 9376 1
5901 9668 8
5916 9888 1
5916 8596 2
5916 8699 1
5928 9473 1
5928 8971 2
5928 9053 6
5928 9232 6
5928 9745 1
5928 9007 3
5928 9137 1
5928 9239 2
5952 9504 1
5952 9671 1
5953 9164 1
5986 9791 1
5986 9670 8
5986 9144 14
5986 8710 3
5986 9404 1
5986 9470 1
5986 9482 45
5998 9369 1
5998 8637 1
5998 9243 1
6003 8859 2
6019 9918 2
6019 8923 2
6019 9115 2
6032 9380 1
6032 8914 2
6036 9214 1
6036 9630 1
6036 9033 1
6036 9100 4
6036 9907 1
6051 9152 4
6051 9737 1
6051 9830 1
6067 9457 2
6067 9069 1
6067 9772 1
6067 9236 3
6067 9892 1
6067 9472 1
6067 8622 4
6067 8985 1
6067 9359 1
6067 9735 1
6067 9891 1
6067 8564 1
6067 8790 1
6069 9661 1
6069 9517 1
6069 9672 1
6069 9978 1
6069 8561 2
6076 9303 1
6076 8985 3
6093 9140 1
6093 9099 5
6093 9112 1
6093 9586 3
6101 9381 1
6101 8608 1
6101 9832 1
6101 8851 2
6101 9658 5
6105 8754 1
6105 8778 1
6105 9439 61
6105 9865 2
6105 9100 1
6105 8611 1
6105 9511 1
6105 9954 23
6110 8649 1
6110 9844 1
6110 9466 1
6112 8861 2
6112 8609 1
6112 8721 14
6112 8768 2
6116 9626 1
6116 9552 1
6116 9885 1
6124 9356 1
6124 9010 1
6125 9057 1
6125 9718 2
6125 9633 1
6125 9308 1
6177 8574 8
6177 9200 1
6177 8947 1
6177 8572 1
6177 9734 9
6177 9603 1
6177 9402 2
6181 9209 1
6181 9614 1
6181 9229 1
6181 9863 1
6197 9591 1
6197 9713 1
6197 8911 2
6197 8919 1
6197 9376 6
6198 9726 1
6198 8896 2
6198 9897 5
6210 9616 1
6210 8806 1
6210 8859 1
6210 8713 3
6210 9770 1
6210 8922 1
6210 8725 1
6210 9346 19
6223 9150 5
6223 9687 2
6224 9367 2
6224 8863 1
6224 9723 1
6261 9538 1
6261 9001 2
6261 8708 3
6261 9903 4
6261 8773 5
6261 9902 1
6266 9939 1
6266 9811 2
6266 9123 1
6266 9133 2
6266 9449 2
6266 9592 22
6266 9982 1
6266 9918 1
6290 9717 1
6290 9986 1
6290 9264 1
6295 8671 2
6295 8667 1
6306 8725 1
6306 9024 1
6306 9344 1
6306 8837 2
6306 9434 1
6306 8804 1
6306 9303 1
6307 9159 1
6307 9666 1
6307 8943 1
6307 9525 1
6307 9730 3
6349 9373 2
6349 9362 2
6354 9983 2
6354 9351 2
6363 9511 1
6363 8775 1
6377 8826 1
6377 9321 1
6377 9340 3
6377 9955 1
6377 9358 2
6377 9372 2
6385 9206 1
6385 9985 5
6385 9787 2
6385 9245 6
6385 8835 1
6385 9637 1
6385 8686 8
6385 8790 1
6385 9133 1
6385 9369 1
6398 9791 4
6398 9305 2
6398 8552 2
6398 9404 1
6398 9457 4
6398 9649 1
6406 8920 1
6412 8548 1
6412 9795 1
6412 9812 4
6412 9917 1
6417 9258 1
6417 8602 2
6417 9253 1
6417 8997 3
6417 9180 1
6417 9108 1
6417 9236 6
6447 9770 1
6447 9223 1
6487 8749 24
6487 8799 3
6487 9353 3
6487 8725 1
6487 8780 3
6487 9261 1
6487 9712 1
6487 9964 1
6500 9445 2
6500 9085 1
6500 9008 1
6500 9119 1
6500 9132 1
6500 9256 1
6512 8917 12
6512 9251 8
6543 8905 25
6543 9967 17
6543 8975 1
6543 8641 22
6543 9658 1
6543 9758 2
6543 8676 1
6547 9691 1
6547 8861 1
6547 9109 1
6547 9433 1
6547 9448 31
6547 8922 4
6569 8555 2
6569 8844 3
6569 9814 4
6570 9706 1
6570 8600 1
6581 9194 1
6581 8597 59
6581 9701 1
6583 9742 1
6583 9691 1
6583 9915 1
6592 9035 1
6592 9308 2
6592 8749 1
6592 8790 2
6592 9403 3
6598 9225 1
6598 8678 1
6609 9375 1
6611 9167 1
6611 8836 1
6611 8702 1
6615 9590 20
6615 8628 1
6615 9105 1
6637 8858 1
6637 8582 6
6637 9267 1
6637 9079 1
6637 8580 1
6641 9670 1
6641 9827 3
6666 8746 1
6666 9976 2
6666 8797 17
6666 9499 1
6666 9890 3
6666 9570 2
6689 9072 1
6689 9542 1
6693 9231 1
6693 9815 2
6696 8549 1
6696 9577 1
6696 9542 1
6696 9371 1
6699 9050 1
6699 9007 1
6699 9858 1
6699 8910 1
6699 9015 3
6701 9603 1
6706 9778 1
6706 8994 1
6706 9410 3
6706 9512 3
6706 9608 2
6706 9746 4
6708 8771 1
6710 9494 1
6710 8810 4
6710 9562 2
6710 9009 1
6710 9621 2
6710 9735 2
6710 8998 1
6710 9371 1
6729 9563 2
6729 8551 1
6729 8553 1
6729 8716 5
6729 9917 200
6729 9505 1
6730 9570 2
6730 9868 1
6730 9488 3
6730 9310 1
6735 9533 2
6735 9904 35
6735 9771 1
6735 9030 1
6735 9696 1
6740 9456 1
6740 8845 2
6745 9781 2
6745 9162 7
6745 9423 3
6756 8575 1
6756 9263 1
6764 9558 1
6764 9274 2
6764 9272 1
6764 9535 1
6798 9546 1
6798 8638 1
6798 9227 2
6798 8819 1
6815 9657 1
6815 8764 1
6815 9761 4
6858 8991 3
6858 8900 2
6858 9008 2
6860 9184 11
6860 8799 3
6865 9641 2
6865 8751 4
6886 8575 2
6886 8823 1
6891 9602 1
6891 9129 1
6891 9065 1
6891 9095 1
6891 9169 3
6891 9344 1
6891 9627 1
6918 9887 1
6918 9457 7
6920 9369 5
6920 9517 3
6950 9626 1
6950 9070 1
6950 9468 1
6950 9923 3
6969 8723 1
6969 9280 1
6969 9757 2
6969 9872 1
6979 8620 1
6979 9466 2
6979 9666 1
6979 8931 2
6979 8568 1
6979 9683 1
6991 8829 1
6991 9133 11
6991 9518 1
6991 9904 1
7000 9620 1
7000 9528 12
7000 9814 1
7000 8947 1
7000 9867 2
7008 9454 1
7008 8892 2
7008 9893 1
7041 9153 1
7041 9968 1
7041 9248 1
7042 9115 1
7042 9846 1
7042 8984 3
7042 9937 1
7042 8742 3
7042 9382 1
7042 9843 1
7051 9820 2
7051 9041 1
7051 9049 1
7052 9181 2
7052 9855 5
7052 9507 1
7052 9683 1
7052 9135 1
7052 9446 1
7052 9886 1
7052 9843 2
7052 9872 2
7052 9422 1
7071 9712 6
7071 9341 1
7071 8679 2
7071 9690 2
7071 9743 1
7071 9830 2
7071 9717 138
7080 9431 2
7080 9488 1
7080 9219 1
7080 9416 1
7080 8891 2
7080 9336 4
7089 9534 1
7089 8651 1
7089 9050 1
7089 9203 2
7089 9958 1
7089 9998 1
7089 9820 3
7090 9859 59
7090 9516 1
7090 9692 1
7125 8724 1
7125 9705 1
7125 9544 1
7125 8922 1
7125 9110 1
7125 9627 7
7125 9812 2
7125 9657 1
7125 9354 2
7125 8679 2
7125 8729 1
7125 9032 1
7125 9832 11
7133 9544 5
7133 9124 1
7144 9848 1
7144 9529 1
7144 9886 1
7144 9944 11
7148 9619 5
7174 9528 2
7182 8592 1
7182 8804 3
7182 9727 1
7182 8954 1
7182 9139 1
7183 8944 1
7183 9614 1
7190 8758 1
7190 8957 2
7190 8970 1
7190 9311 1
7191 9104 1
7191 9130 1
7203 9195 1
7203 9499 2
7203 8743 8
7203 9337 24
7207 8896 1
7207 8661 2
7221 8906 1
7221 8562 1
7221 9149 1
7221 9364 5
7228 9030 2
7242 9602 1
7242 9246 1
7250 9137 5
7250 8984 3
7250 9163 2
7251 9651 1
7251 9885 1
7261 8597 7
7261 9658 1
7261 9240 1
7261 9737 1
7261 9001 1
7261 9190 1
7261 9365 1
7261 9887 2
7261 9892 1
7263 9142 4
7263 9118 9
7270 9972 3
7270 9782 1
7272 8832 1
7272 9820 1
7272 9670 2
7272 8847 1
7272 9101 2
7272 9758 1
7272 9847 12
7272 9241 1
7272 8805 1
7318 9855 1
7318 8672 1
7330 9825 1
7330 8733 1
7330 9211 1
7330 8559 3
7330 8582 1
7339 9238 1
7340 9248 2
7340 9164 3
7340 8919 3
7340 8979 1
7340 9550 8
7343 9633 3
7343 9268 4
7343 9317 7
7363 9180 54
7363 8992 1
7380 9053 1
7380 9358 1
7380 8626 2
7394 8974 1
7396 8608 1
7396 9235 1
7396 9395 2
7396 9469 7
7405 9303 1
7405 9432 1
7406 8577 2
7406 9425 1
7429 9346 2
7429 8889 7
7429 9459 1
7441 9522 1
7441 9434 1
7441 9528 1
7444 9190 6
7453 9471 1
7453 8761 1
7454 9721 1
7454 9683 2
7454 8640 1
7454 9545 4
7454 8822 1
7456 8877 4
7458 8686 1
7458 9743 1
7460 9006 3
7460 9798 1
7468 9820 1
7468 9162 1
7499 8694 2
7499 9900 1
7499 9516 1
7499 9671 1
7499 9754 6
7499 9846 5
7499 9195 1
7499 8986 8
7508 9409 1
7508 9582 1
7508 8950 1
7508 9265 2
7508 9645 1
7508 9868 1
7508 9947 1
7558 9863 2
7558 9065 1
7558 9777 11
7559 8794 3
7569 9076 1
7569 8717 1
7569 9807 1
7592 8943 12
7592 9737 1
7592 8690 3
7592 9539 1
7592 9758 23
7592 9633 11
7592 9873 1
7596 8833 5
7596 9323 15
7596 9778 1
7596 9468 1
7608 9220 4
7608 9360 4
7608 8763 5
7613 9219 1
7613 9578 1
7613 8550 1
7633 8638 1
7633 8845 8
7633 9763 1
7660 8944 1
7660 8976 1
7660 9772 13
7660 8920 1
7666 9608 1
7666 9601 2
7666 9686 1
7698 9978 1
7698 9068 13
7720 9807 1
7720 9473 1
7720 9505 13
7720 9849 1
7725 8961 2
7725 9610 1
7742 9635 37
7742 9778 20
7742 8657 3
7742 9325 1
7745 8974 1
7745 9592 1
7745 9883 1
7773 8984 32
7773 8664 1
7773 8572 1
7773 9123 1
7781 9569 6
7781 8554 82
7781 9243 1
7781 8713 1
7781 9159 1
7793 9337 3
7793 9418 1
7793 9321 1
7804 8872 1
7804 8965 36
7805 9824 3
7805 9968 1
7805 8673 1
7805 9470 1
7805 9149 1
7805 9065 5
7805 9373 1
7805 9490 1
7805 9605 13
7817 8560 4
7817 8582 1
7817 9460 1
7817 9854 2
7817 8596 5
7817 8886 1
7817 9811 1
7824 9653 1
7824 8965 1
7824 8798 1
7824 9105 1
7826 9499 1
7826 9976 2
7848 9455 2
7848 9193 3
7848 9496 1
7848 9794 2
7848 8864 7
7852 9976 2
7852 9674 1
7852 9742 2
7852 9970 1
7852 9487 1
7852 9722 1
7852 9448 1
7871 9074 1
7871 9076 1
7871 9323 2
7871 9877 1
7883 9371 9
7883 9830 1
7888 9554 1
7888 9616 1
7888 9225 1
7888 9546 1
7888 9049 1
7888 9642 1
7888 9668 5
7888 9033 1
7888 9453 5
7888 8795 1
7888 9706 1
7914 9875 6
7914 8997 1
7943 9212 1
7943 9748 4
7943 9449 1
7943 9474 2
7943 9712 4
7943 9155 1
7943 9506 1
7943 9856 1
7960 9881 5
7960 8905 1
7960 8716 1
7976 9239 5
7976 8784 2
7976 9326 1
7994 8784 1
7994 9782 1
7994 8618 8
7998 9942 1
7998 9912 2
8010 8744 2
8010 9851 3
8010 9211 2
8010 9399 2
8010 9037 1
8010 9224 1
8010 8919 1
8010 9855 1
8010 9176 1
8010 9990 4
8021 9020 1
8021 8676 2
8021 8713 1
8021 8575 2
8021 9953 32
8030 9474 2
8030 9214 2
8033 9807 6
8033 8790 5
8033 9918 3
8033 9894 2
8040 8902 3
8040 9142 1
8046 9519 1
8046 9855 1
8068 9095 10
8089 9711 1
8097 9455 2
8097 9392 1
8097 9472 1
8097 8560 3
8097 9494 1
8105 9716 8
8105 9605 1
8105 8709 4
8108 9629 1
8108 8698 1
8108 8994 1
8108 9095 2
8109 9305 3
8109 9511 1
8109 8580 2
8109 8902 3
8109 9523 1
8113 9120 1
8113 9417 1
8113 8762 1
8113 9395 1
8119 8600 1
8119 9256 1
8119 9616 3
8119 9089 2
8119 9189 1
8119 9722 1
8142 9680 6
8145 9124 1
8154 8550 1
8154 8950 1
8166 9429 200
8166 9814 1
8171 9447 2
8171 8875 1
8171 9060 1
8171 9722 1
8175 9800 1
8188 9375 2
8188 8980 13
8188 9663 2
8188 9359 1
8193 9357 1
8193 9341 2
8196 9305 1
8196 9937 1
8196 9081 2
8196 9878 1
8196 9451 1
8196 9571 1
8204 9269 1
8204 9134 1
8204 9588 1
8204 8847 1
8204 9053 13
8204 9680 2
8208 9835 6
8218 8973 1
8218 8661 1
8218 9595 1
8234 8979 1
8234 9209 1
8234 8637 1
8254 8839 9
8254 9414 1
8254 8909 3
8261 8644 2
8261 9864 1
8261 8669 1
8264 9967 1
8264 9142 2
8264 9520 1
8264 9685 15
8264 9703 3
8274 9936 1
8274 9253 3
8274 9626 1
8279 9902 1
8279 9210 2
8279 9215 1
8279 9712 1
8279 9816 1
8284 9213 14
8284 9783 1
8296 9201 1
8296 8606 1
8296 9897 1
8296 9298 1
8296 8685 1
8296 8832 8
8296 9064 1
8302 8885 1
8302 9383 1
8302 8591 1
8302 9841 1
8302 9524 1
8302 9724 5
8302 8568 43
8302 8736 1
8302 8552 1
8302 8830 1
8302 8833 1
8302 8995 1
8302 9057 1
8302 9710 1
8312 9504 2
8330 8884 1
8330 8616 16
8337 9276 1
8337 8627 3
8337 9775 1
8337 9953 1
8338 9617 1
8338 8812 1
8338 8908 5
8338 9449 2
8338 9870 1
8338 9105 3
8338 9081 2
8342 9392 1
8342 9660 1
8343 9091 3
8343 9289 1
8344 8910 1
8344 9554 1
8344 9183 1
8344 9352 1
8348 9926 1
8348 9586 1
8348 9594 1
8348 9868 3
8348 9610 1
8350 9881 1
8350 9118 4
8350 9334 2
8350 9888 3
8364 8676 1
8364 9087 5
8383 9730 1
8383 8643 1
8385 9068 1
8385 9124 17
8385 8843 1
8387 9405 3
8387 9949 2
8408 8895 2
8408 8899 2
8432 8970 3
8432 9598 1
8432 9946 1
8435 9571 1
8435 9323 1
8435 9678 2
8435 9737 1
8457 9798 1
8471 9485 1
8474 8619 1
8474 9320 1
8474 9305 4
8475 8787 1
8475 9264 1
8475 9402 1
8475 9835 1
8475 8602 1
8475 8715 1
8475 9758 1
8491 9628 1
8491 9535 2
8491 9225 2
8491 9660 2
8492 8666 1
8492 9757 1
8492 9926 1
8492 9602 1
8492 9985 1
8495 9020 2
8495 9141 1
8506 9155 2
8506 8598 1
8506 9565 1
8506 9447 1
8506 9929 1
8506 9539 1
8506 9726 2
8512 8597 2
8512 8670 1
8512 9157 1
8512 9733 1
8512 9780 1
8515 9770 8
8515 9002 3
8515 8872 4
8515 9362 4
8530 9714 1
8530 9752 2
8530 8551 7
8530 8636 1
8530 9071 1
8530 9936 5
8531 8837 4
8531 9855 1
8531 8779 3
8531 8910 3
8545 8894 1
8545 8995 5
8545 8821 1
8545 8704 1
8548 8740 5
8548 9075 1
8550 8776 2
8552 9122 1
8553 8921 1
8553 9284 3
8553 8731 6
8554 8870 1
8556 9071 2
8556 8635 1
8557 8871 1
8558 8833 1
8562 9443 1
8563 8925 1
8563 8870 1
8565 9098 3
8565 9836 1
8565 9268 1
8565 9770 3
8565 9847 3
8566 8751 19
8566 9144 2
8566 9460 21
8567 8918 1
8568 8881 1
8568 8658 1
8569 8792 1
8570 8891 1
8570 9859 1
8570 9510 1
8570 9945 1
8570 9456 1
8570 9771 1
8571 9191 2
8571 8822 1
8571 9006 1
8571 8979 1
8571 9455 1
8571 9921 12
8571 9973 1
8571 9747 7
8572 8731 1
8572 8871 1
8573 9165 1
8573 9249 1
8573 9684 1
8574 9284 22
8576 8601 1
8576 9550 4
8576 9073 1
8576 9407 2
8576 9969 1
8577 8967 1
8577 8824 1
8577 9017 1
8578 9489 1
8578 9800 1
8578 9144 1
8578 9893 3
8578 9528 1
8580 8860 1
8580 8993 1
8581 9075 16
8583 9540 1
8585 8594 5
8585 8796 1
8585 8750 1
8585 8692 4
8586 9117 3
8588 9254 2
8588 9870 1
8588 9321 4
8589 8841 1
8590 8925 4
8590 8756 1
8591 8916 1
8592 8753 1
8593 9346 1
8593 9571 1
8593 8775 1
8593 8906 3
8593 9328 1
8594 8606 2
8594 8864 1
8594 9798 1
8594 9781 2
8594 9747 1
8594 9973 1
8594 8914 3
8595 8837 2
8599 9530 6
8599 9223 2
8599 9973 8
8600 8949 1
8601 8881 2
8604 9841 3
8604 8665 200
8604 9287 1
8605 9727 3
8605 9117 1
8607 8893 1
8607 9000 17
8608 8807 1
8608 8893 2
8608 8977 1
8609 9391 10
8610 9992 1
8610 9000 1
8611 8650 2
8612 8699 1
8612 9114 1
8612 9986 1
8612 8723 1
8612 9944 2
8612 9205 1
8613 8806 1
8613 9012 1
8613 9569 1
8614 9899 6
8614 9606 1
8614 9810 2
8614 9710 2
8614 9795 1
8614 9542 13
8615 8980 1
8615 9851 1
8615 9985 2
8615 9900 1
8616 9217 7
8617 9841 1
8617 8706 3
8617 8702 6
8617 8957 1
8618 8760 1
8621 9585 1
8621 9257 1
8622 8964 2
8623 9129 1
8623 9244 1
8623 9763 1
8624 9263 1
8624 8681 1
8624 8777 1
8624 9724 1
8625 9698 3
8625 8806 2
8625 9083 1
8627 8876 2
8629 8951 1
8631 9579 1
8631 9942 3
8632 8851 1
8632 9067 7
8632 9657 1
8634 9628 1
8634 9071 1
8634 9847 1
8634 9296 1
8635 8918 1
8641 8850 2
8642 9513 1
8642 9700 1
8642 9691 1
8642 8868 33
8643 8925 2
8644 8865 1
8645 9876 1
8645 9562 1
8645 9996 1
8648 9964 1
8650 8670 1
8650 9982 2
8650 9495 1
8650 8998 3
8650 9963 1
8651 9960 1
8652 9880 1
8652 9564 3
8652 9852 2
8652 8854 11
8652 9280 60
8652 9625 3
8654 9482 2
8656 8840 5
8656 8678 2
8656 9295 1
8656 9552 1
8657 8791 1
8658 9674 1
8658 8887 1
8658 9091 1
8658 9984 12
8659 8847 1
8659 8729 1
8659 9209 1
8660 9369 3
8660 9761 1
8660 9672 1
8661 8898 1
8662 8890 1
8664 9443 1
8665 8946 1
8665 9509 1
8667 8853 4
8667 8907 5
8668 9479 1
8670 8841 1
8673 9623 1
8674 9247 5
8674 9306 2
8675 9220 1
8675 9522 1
8675 8971 16
8675 8976 2
8675 9853 1
8680 9996 6
8681 8707 1
8683 8928 3
8683 9663 2
8684 8993 2
8685 8989 1
8687 8714 1
8687 9094 5
8687 9155 1
8689 8770 1
8690 9808 1
8691 9391 3
8692 9455 1
8692 8974 1
8693 9186 1
8693 9529 2
8693 8710 1
8693 9714 1
8694 8750 1
8695 8737 1
8696 8915 1
8696 8876 1
8697 8757 7
8697 9601 2
8697 9920 13
8697 9354 1
8697 9119 2
8697 9591 1
8697 9791 1
8700 9165 3
8700 9635 1
8701 9226 11
8701 9656 1
8701 8797 1
8701 8743 1
8701 9244 1
8701 9688 2
8701 8840 1
8701 9938 1
8702 8776 1
8704 8730 1
8704 8946 2
8705 9404 1
8708 8964 2
8710 8807 1
8711 9975 1
8711 9367 1
8711 9205 1
8712 9353 1
8712 9367 5
8712 8726 7
8712 9360 2
8712 9713 1
8713 9273 2
8714 8731 3
8715 8776 1
8715 9309 1
8718 9247 3
8719 9055 1
8719 9946 1
8719 9410 3
8720 9271 9
8720 9073 2
8721 8838 9
8722 8742 1
8722 9202 5
8722 9627 5
8722 9501 1
8722 9650 4
8723 9306 1
8723 9483 1
8727 9658 1
8727 9667 3
8727 9859 1
8728 8983 2
8730 9504 7
8730 9237 1
8730 9479 1
8730 9108 1
8730 9168 5
8731 9770 1
8731 9117 1
8731 9203 3
8731 9794 1
8732 9622 1
8732 9916 23
8732 8804 10
8732 9232 3
8732 9538 1
8733 9415 55
8733 8842 1
8733 8800 2
8733 8933 1
8734 8848 11
8736 8952 1
8737 9343 1
8737 9858 13
8737 9750 1
8737 9229 4
8738 9318 1
8738 9163 1
8738 9765 1
8738 9263 1
8738 9803 1
8738 8948 1
8739 9469 1
8739 9636 6
8739 9713 2
8739 8878 3
8740 9678 1
8740 9747 1
8740 9147 2
8740 8754 50
8740 8873 1
8741 9093 2
8741 9149 17
8745 9683 1
8745 8794 1
8745 9433 1
8745 9621 1
8746 8946 2
8752 9230 2
8752 9705 2
8753 9109 2
8753 9670 1
8753 9803 1
8755 9092 1
8755 9220 1
8756 8854 11
8756 9448 2
8756 8911 2
8756 9628 1
8756 9652 2
8756 9759 1
8756 9934 5
8759 8792 3
8760 9894 1
8760 9283 1
8760 9286 195
8760 9693 2
8760 9464 2
8760 9682 13
8760 8861 1
8761 8772 1
8761 9309 1
8761 9702 4
8762 8981 1
8763 8849 1
8764 9774 1
8768 9025 1
8769 9166 4
8770 9744 1
8770 9258 1
8772 9348 1
8772 9197 1
8772 9692 2
8772 9477 2
8772 9872 10
8772 9533 1
8773 8792 2
8774 9030 1
8774 9847 1
8776 9456 1
8776 9633 1
8776 9070 1
8776 9310 4
8776 9372 1
8779 9273 41
8780 9443 9
8780 8814 1
8781 9415 1
8782 8802 1
8782 8982 4
8782 9476 1
8783 9661 6
8783 9969 1
8783 9244 1
8783 9554 1
8783 9851 1
8784 8904 16
8786 9470 2
8789 9122 1
8791 9278 1
8791 9032 2
8791 9428 1
8792 9683 1
8793 9270 3
8793 9748 1
8796 8882 1
8796 9920 1
8796 9631 2
8797 9029 1
8797 8838 1
8798 8916 1
8799 8869 2
8800 9576 2
8800 8954 1
8801 9041 2
8801 9325 1
8801 8909 1
8801 9091 1
8801 9271 16
8801 9355 2
8802 9403 1
8803 9311 1
8803 9135 2
8803 9705 3
8803 9405 1
8805 8977 2
8807 9356 1
8807 9897 1
8807 9442 2
8807 9546 1
8809 9520 2
8811 9892 1
8811 8909 1
8811 9177 1
8811 9125 2
8811 9465 2
8811 9878 1
8814 9915 2
8814 9388 1
8816 9504 1
8816 9652 1
8816 9113 1
8816 9617 1
8816 9615 1
8818 9220 1
8818 9787 1
8818 9849 1
8820 9519 1
8823 8907 1
8824 9877 1
8824 8885 2
8825 9381 1
8827 9361 1
8827 8842 1
8830 8842 3
8831 9797 1
8834 9582 1
8834 8972 37
8834 9693 1
8834 8884 2
8834 8910 4
8834 9518 1
8834 9787 1
8834 9040 1
8834 9392 1
8834 9638 1
8839 9306 1
8841 8975 1
8841 9233 1
8842 9374 22
8842 9734 5
8842 8957 1
8843 8937 2
8844 8962 1
8847 9054 1
8848 8923 2
8848 9892 1
8848 9409 1
8849 8980 1
8849 9210 8
8849 9366 1
8850 9764 1
8850 8942 1
8850 9666 1
8852 8968 6
8853 9893 1
8853 8943 5
8853 9639 8
8854 9444 1
8855 9211 5
8855 8942 1
8855 9442 1
8855 9206 1
8855 9261 2
8855 9439 1
8855 9114 1
8855 9608 1
8856 9620 2
8856 9908 6
8857 9705 2
8857 9689 1
8858 9702 1
8861 9021 8
8863 9247 1
8865 8905 1
8865 9591 1
8866 9206 1
8866 9534 1
8867 9217 2
8869 9246 1
8869 8891 3
8869 9060 2
8869 9544 2
8869 9278 1
8870 9749 3
8870 9407 1
8870 9912 1
8871 9539 1
8871 9890 1
8871 9153 2
8871 9134 8
8871 9440 6
8874 8987 1
8876 9343 1
8877 9016 1
8877 9013 1
8877 9025 6
8878 8929 1
8879 9289 3
8879 9558 1
8879 9389 1
8879 9797 1
8879 9815 1
8880 9833 1
8881 8980 1
8881 9203 1
8881 9385 1
8881 9267 1
8881 9548 5
8883 9014 1
8885 9965 1
8888 9156 1
8889 9046 1
8890 9859 1
8890 9238 1
8893 9682 1
8893 9754 52
8894 8903 1
8895 8934 1
8897 9405 3
8897 9123 4
8897 9080 1
8897 9989 10
8898 9918 6
8898 9752 1
8898 9210 5
8898 9148 1
8901 9195 1
8901 9191 1
8901 9656 2
8903 9635 3
8904 9499 3
8904 9069 1
8904 9984 1
8907 9238 2
8907 9765 4
8907 9899 1
8912 9441 2
8915 8997 1
8915 9232 1
8916 9872 6
8918 9425 2
8918 9379 2
8918 9427 1
8918 9787 2
8918 9836 1
8918 9926 2
8921 9241 7
8921 9339 1
8922 9021 1
8924 9732 2
8924 9471 1
8924 9585 1
8924 9698 2
8925 9796 1
8925 9918 1
8925 9405 3
8929 8986 1
8929 9147 1
8929 9587 1
8932 9131 24
8932 9447 1
8933 9660 7
8933 8991 1
8935 9207 2
8935 9360 120
8935 9875 1
8935 9639 4
8936 9364 1
8936 9452 1
8936 9298 3
8936 9112 7
8936 9202 2
8937 9396 4
8937 9069 1
8937 9523 12
8937 9602 1
8937 8975 1
8937 9473 2
8938 9336 2
8938 9466 1
8938 9134 1
8938 9026 1
8938 9459 1
8938 9524 1
8938 9668 5
8939 9609 2
8940 9908 15
8942 9808 12
8946 9534 1
8946 9271 3
8946 9692 1
8947 8983 1
8948 9284 1
8949 9945 2
8951 9135 2
8952 9885 1
8953 9732 1
8955 9509 1
8959 9577 8
8959 9133 3
8959 9006 1
8959 9760 5
8959 9962 1
8961 8962 2
8962 9102 2
8962 9323 1
8962 9661 1
8962 9881 1
8963 9029 1
8964 9002 1
8966 9329 2
8966 9542 2
8966 9283 1
8966 9737 1
8966 9185 1
8966 9696 4
8967 9055 2
8967 9973 8
8968 9539 1
8969 9120 13
8977 9268 1
8978 9247 2
8981 9117 1
8981 9661 2
8981 9873 2
8981 9199 3
8983 9256 6
8984 9527 1
8987 9664 1
8988 9736 1
8988 9108 2
8988 9298 2
8988 9772 1
8993 9209 1
8993 9923 1
8993 9024 1
8993 9638 1
8995 9342 2
8998 9014 1
8999 9983 1
9000 9524 1
9000 9689 6
9000 9434 2
9000 9764 1
9003 9433 53
9003 9455 2
9003 9733 1
9003 9405 2
9003 9604 1
9003 9454 1
9004 9348 2
9011 9155 6
9011 9609 4
9013 9027 1
9013 9155 1
9013 9409 2
9014 9645 200
9014 9565 2
9016 9558 1
9016 9848 2
9016 9876 1
9017 9329 2
9017 9732 1
9017 9183 10
9017 9479 2
9018 9735 4
9018 9589 10
9018 9568 1
9018 9993 1
9021 9376 1
9021 9060 1
9021 9899 39
9021 9249 1
9021 9978 3
9022 9485 1
9023 9917 1
9023 9851 3
9025 9211 1
9026 9029 13
9029 9394 1
9029 9404 1
9029 9115 1
9029 9974 2
9029 9410 2
9038 9088 1
9044 9277 3
9045 9952 2
9046 9946 1
9046 9327 4
9047 9312 2
9050 9415 3
9052 9483 4
9058 9401 1
9059 9935 5
9065 9699 4
9066 9653 1
9074 9075 1
9077 9834 4
9079 9316 1
9082 9951 58
9083 9965 1
9087 9808 1
9093 9458 1
9098 9833 1
9102 9443 2
9109 9324 1
9119 9950 1
9122 9409 2
9135 9833 1
9147 9728 1
9148 9738 1
9149 9527 8
9150 9599 27
9166 9326 1
9166 9334 7
9166 9422 1
9166 9938 3
9203 9415 2
9215 9391 4
9217 9811 3
9217 9471 7
9217 9971 1
9225 9509 1
9228 9444 1
9237 9950 1
9237 9699 17
9246 9361 2
9247 9722 2
9247 9565 1
9256 9599 1
9273 9837 2
9273 9303 1
9275 9603 1
9275 9991 1
9279 9333 3
9284 9703 3
9284 9849 3
9284 9578 2
9297 9833 1
9313 9960 1
9316 9331 2
9316 9601 4
9322 9653 1
9322 9352 1
9323 9599 1
9324 9457 1
9324 9826 2
9324 9844 1
9331 9702 1
9342 9376 1
9342 9404 1
9342 9501 4
9342 9414 1
9342 9534 1
9342 9733 1
9345 9443 1
9361 9399 1
9377 9753 11
9378 9509 3
9383 9960 1
9389 9401 1
9396 9960 1
9401 9654 1
9401 9848 1
9415 9657 8
9415 9618 1
9421 9918 1
9424 9950 2
9425 9527 1
9443 9967 1
9444 9828 1
9458 9780 1
9476 9479 10
9476 9746 1
9476 9546 1
9483 9794 6
9483 9720 1
9527 9915 4
9531 9833 1
9548 9833 1
9560 9738 1
9566 9999 52
9586 9950 4
9592 9992 1
9623 9949 200
9653 9808 2
9674 9699 1
9679 9960 1
9699 9989 1
9699 9997 2
9774 9776 1
9809 9960 1
9826 9965 16
9890 9992 4
