5 9265 2
40 9643 2
40 9579 1
40 9904 7
60 8858 1
60 8915 1
60 8563 2
60 9395 1
60 9928 3
80 9628 3
80 9667 6
97 8596 1
97 9225 1
97 9193 7
97 8600 1
97 9765 13
99 9202 1
99 9308 2
99 8986 17
99 9592 4
102 9213 1
102 9406 1
102 9546 1
102 8710 1
102 9998 1
102 8879 4
102 9810 1
102 8602 1
102 8820 1
118 9556 1
118 9778 1
118 8691 1
123 9633 1
155 9865 1
155 8683 6
164 9728 1
164 9877 1
196 8758 1
196 9641 61
196 9866 20
198 9873 1
198 9043 1
201 9705 1
201 9874 1
205 8928 1
205 9945 1
205 8740 1
205 9613 1
205 9741 2
227 8740 1
227 9908 2
227 8980 40
227 9626 1
227 9086 1
228 9986 1
228 8578 1
228 9002 2
228 9657 4
228 9717 1
228 9799 1
228 8810 1
235 9325 1
241 9452 1
241 8716 4
270 9834 2
270 9398 1
270 9415 3
270 9236 1
270 8782 1
270 9543 1
270 9526 1
285 8692 2
285 9335 5
288 9148 3
288 8680 1
288 9989 1
294 8735 1
294 9102 1
294 8702 1
294 8902 11
294 9000 1
294 9311 2
296 8945 1
296 9874 1
299 9051 1
310 9653 4
310 8887 1
310 8647 14
333 9440 14
333 8869 1
333 9039 2
348 9110 3
348 9557 1
362 9602 1
362 9205 1
362 9420 5
367 9145 1
367 9962 2
367 9079 1
367 9699 1
367 9773 1
378 9524 1
378 8978 1
378 9443 2
383 8971 47
383 9964 1
383 9198 3
383 8775 1
390 9563 1
390 9315 1
390 9793 1
391 9226 2
391 8577 3
391 8865 1
391 8836 2
391 9150 1
407 8610 6
407 9885 3
413 8575 1
413 9294 1
413 8565 1
413 9571 2
413 9705 2
426 9136 2
426 9432 1
429 9228 5
433 9308 1
433 9342 1
469 9175 2
469 8774 1
487 9086 1
487 9495 1
487 9377 2
487 9709 1
487 9959 1
494 9792 1
495 8692 1
519 8865 1
519 9749 1
527 9694 29
527 9277 1
547 9833 3
547 8631 1
547 9381 33
548 9891 1
548 8980 3
548 9476 1
555 9230 200
555 9941 1
564 9423 1
564 8647 1
564 9019 1
564 8584 1
569 9399 3
569 9058 6
569 9239 1
569 9757 1
572 9516 1
572 9017 1
572 9119 1
574 8584 1
574 8904 1
574 9627 1
574 9724 1
577 9812 1
577 9910 1
577 9028 1
577 8774 2
598 9129 3
598 9759 1
608 9092 33
608 9377 6
608 8818 2
608 8864 1
614 9311 1
614 8792 1
614 9715 3
614 9899 2
623 9564 1
623 9035 2
632 9558 1
632 9228 1
632 9353 1
632 9628 1
646 8899 3
646 9375 1
646 9720 1
653 9543 1
653 9574 5
653 9348 1
654 9716 4
656 9130 1
656 9307 1
656 8900 2
656 8742 1
674 9599 1
674 9232 1
674 9754 1
686 9757 98
686 9600 1
688 9666 1
688 9279 4
692 9028 1
692 8986 3
692 9055 1
692 9227 1
692 9832 1
697 8898 2
697 9285 8
697 9220 1
697 9317 1
697 9969 1
723 8852 2
723 9608 1
723 9328 1
723 9360 1
723 9477 1
723 9668 1
723 9970 1
723 9142 1
723 9143 2
733 9051 1
733 8574 1
733 9780 1
733 9236 1
733 9788 1
733 9823 1
741 9272 2
763 9309 3
763 9462 1
763 8651 1
763 8720 1
763 9241 1
763 9442 15
763 9036 1
771 9699 2
771 9605 6
812 8864 1
812 9090 1
832 8654 1
832 9468 2
832 8944 1
837 9406 1
837 9148 200
837 9040 1
855 9919 1
855 9325 1
856 9649 1
856 9083 2
856 9181 2
865 9564 1
865 9949 13
871 9454 1
871 9838 2
871 9541 5
881 8694 3
881 9997 1
887 9226 1
887 9488 20
887 8661 3
887 9771 2
892 9520 1
892 9822 1
892 9222 18
900 9998 12
903 9911 2
903 8610 1
903 9400 200
903 9187 1
908 8604 1
908 8557 1
908 9775 1
910 9103 1
910 9140 6
916 8829 3
916 9191 2
916 9585 2
921 9612 3
921 8629 1
921 9718 1
932 8636 1
932 9676 1
932 9273 1
932 9854 2
963 8757 1
963 9516 13
966 8674 1
966 8925 2
966 8653 6
966 9760 1
999 8592 3
999 8789 1
999 9666 1
1028 9263 1
1028 8761 1
1028 8876 5
1028 9429 1
1028 9250 1
1029 8582 3
1029 9371 2
1029 9311 1
1029 9764 2
1029 9951 2
1029 9182 1
1031 9216 1
1031 9444 1
1031 8658 9
1031 9377 1
1031 9232 1
1046 9632 1
1046 9321 1
1046 9922 1
1046 8874 1
1046 9454 4
1057 9147 1
1057 9529 1
1058 8673 1
1058 9203 1
1058 9433 1
1089 9965 1
1089 8800 1
1089 8722 1
1089 9002 1
1111 9510 1
1111 8679 1
1111 9164 8
1111 9437 1
1113 9838 1
1113 9574 1
1113 8777 1
1113 9314 1
1125 9775 2
1125 9224 5
1125 9815 1
1126 9312 171
1126 8743 1
1126 9693 2
1126 9217 3
1126 9507 1
1126 9522 2
1133 9519 1
1138 9055 1
1138 9312 1
1138 9398 4
1138 8734 2
1145 9972 1
1146 9359 8
1146 9222 1
1147 8649 1
1147 9577 1
1147 9632 3
1147 9687 2
1147 8787 3
1147 9237 1
1147 9137 1
1171 9813 3
1171 9217 1
1171 8642 2
1171 8652 2
1176 9655 1
1176 9405 1
1176 9929 1
1183 8942 1
1183 9893 2
1183 8736 1
1183 8869 1
1183 8872 8
1183 8679 2
1183 9361 8
1187 9406 1
1187 8575 1
1187 8627 3
1187 8920 4
1187 9653 1
1187 9555 2
1187 8990 2
1190 8766 1
1190 8846 13
1190 9250 56
1190 9087 1
1190 9599 1
1190 8900 3
1204 9415 1
1204 9994 1
1204 9764 1
1204 8746 1
1204 8959 1
1204 9400 1
1204 9578 1
1204 9579 1
1204 8881 1
1204 9318 1
1216 9800 4
1233 9685 2
1233 9404 1
1239 8818 1
1239 9240 1
1239 9366 1
1240 9724 1
1255 8677 1
1264 9771 1
1264 9046 1
1264 9537 9
1264 9786 1
1265 8617 1
1273 8778 1
1273 9101 1
1273 9302 3
1273 9800 5
1273 8649 2
1273 9049 1
1273 9060 1
1273 9341 48
1275 9141 1
1275 8916 1
1276 9354 1
1276 9997 1
1276 9369 131
1293 8580 1
1293 9595 45
1312 8976 3
1312 9147 14
1312 9010 1
1312 9787 3
1312 9914 1
1312 8570 2
1312 8619 1
1312 9578 1
1315 9381 3
1323 9212 1
1323 9352 1
1323 8918 1
1323 9717 4
1331 8871 2
1331 9102 1
1331 9318 2
1331 9662 1
1331 9978 2
1331 8724 2
1331 9992 1
1331 8899 1
1331 8954 1
1333 9541 2
1341 9201 2
1344 9187 1
1344 9487 1
1344 9770 1
1358 9136 2
1360 8886 2
1360 8592 1
1360 9850 40
1370 8648 2
1370 8864 4
1370 8955 1
1387 8742 1
1387 8725 1
1390 9128 18
1390 8868 3
1390 8986 1
1390 9468 1
1394 9653 1
1425 9393 1
1425 9717 1
1425 9184 1
1425 8807 1
1425 9042 1
1425 9419 1
1425 9572 1
1425 9960 7
1425 9014 2
1425 9808 1
1425 9937 1
1427 8564 9
1427 9512 13
1429 9430 6
1429 9369 1
1444 9742 3
1466 9412 1
1466 9108 1
1467 9969 3
1467 9923 1
1469 8683 46
1469 9325 1
1469 9626 2
1469 9850 1
1469 9759 1
1469 8699 10
1469 9076 3
1469 8886 2
1469 8650 1
1469 9954 1
1470 8794 2
1470 9549 1
1470 9119 5
1470 9837 6
1470 9865 1
1496 9765 75
1496 8653 1
1496 9952 1
1505 8605 3
1505 9419 1
1505 9971 2
1519 9342 1
1540 9317 1
1553 8913 4
1553 9723 1
1553 8580 1
1554 9063 1
1554 9669 2
1557 8995 1
1557 9417 1
1557 9033 4
1558 9211 2
1561 9529 2
1561 9636 8
1561 9008 2
1561 9158 1
1561 9973 1
1561 9308 1
1569 8835 4
1569 8776 4
1569 9506 1
1569 9849 6
1581 9325 1
1581 9822 2
1581 9983 1
1584 8623 2
1588 9437 1
1588 9300 3
1588 9769 1
1588 9908 2
1588 8986 1
1588 9009 1
1588 9030 1
1588 9732 1
1616 9636 1
1616 9773 1
1616 9956 1
1616 9620 1
1616 8946 5
1616 9201 1
1616 9269 12
1616 9344 1
1652 8798 1
1652 9705 3
1652 9124 12
1652 8869 1
1652 9523 2
1652 8809 21
1652 8808 2
1652 9344 1
1652 9674 30
1652 8743 1
1652 8791 2
1652 9333 1
1678 9188 1
1678 9626 2
1678 9341 1
1678 8701 1
1678 9106 1
1688 9697 1
1688 9372 7
1688 8866 3
1688 9154 1
1706 9825 3
1706 8890 1
1706 8908 1
1706 9763 1
1706 8812 2
1716 9441 1
1716 9993 2
1720 8875 1
1720 9221 1
1720 8701 1
1720 9396 1
1733 9500 1
1733 9657 3
1733 8787 5
1733 8574 1
1733 9037 1
1733 8932 1
1737 8943 1
1737 8829 2
1744 8934 3
1744 9696 39
1746 9636 1
1746 9506 4
1746 9714 1
1746 9846 46
1746 9075 1
1746 9225 1
1746 9135 1
1759 8628 2
1759 9359 37
1759 8823 7
1759 8845 1
1759 9162 1
1759 8568 3
1759 9813 1
1768 9397 3
1768 9047 4
1775 4579 1
1775 9949 3
1775 9270 1
1775 8771 8
1775 9119 1
1775 9586 15
1777 9143 6
1777 9372 1
1777 8928 1
1777 9769 20
1803 9354 1
1803 8927 1
1806 9865 1
1806 9331 8
1806 9202 1
1815 9832 5
1815 9744 2
1815 8906 2
1815 8782 1
1815 9626 1
1825 9719 1
1827 9843 4
1827 8851 1
1827 8925 6
1827 9504 1
1827 9366 1
1827 9701 1
1827 8709 2
1827 8980 2
1834 8653 7
1834 8994 1
1834 8576 2
1836 9200 1
1836 9204 1
1852 9349 3
1852 9421 1
1852 9611 2
1852 9873 1
1852 9285 1
1852 9946 1
1875 9602 2
1875 9941 1
1875 8934 1
1875 8919 1
1875 9286 1
1875 9293 3
1876 9366 1
1876 9399 3
1876 9871 1
1876 9060 1
1876 9292 1
1898 9584 1
1898 9612 2
1898 9809 2
1899 9389 47
1899 8777 3
1899 9145 1
1911 9226 1
1911 9767 3
1914 9682 1
1914 9800 3
1914 9818 1
1914 9993 1
1919 8773 5
1919 9465 8
1919 9381 1
1919 9551 1
1919 9849 1
1925 9265 1
1925 9036 3
1925 9956 8
1925 9647 1
1952 9994 1
1952 9548 2
1952 9237 3
1972 9575 1
1972 9768 1
1973 9614 6
1973 8737 4
1973 9635 1
1973 9981 3
1973 9440 1
1979 9854 1
1979 9180 3
1979 8735 1
1990 5346 1
1992 8934 2
1992 8747 1
1992 8689 1
1994 9037 1
1994 9615 1
1994 9641 4
1996 9202 4
2008 9689 1
2008 9596 2
2008 8593 3
2008 9743 4
2019 8635 1
2019 9005 2
2033 9903 1
2033 8847 1
2033 9278 1
2052 9158 1
2052 9616 2
2052 9958 1
2059 8584 1
2059 9562 1
2071 8768 3
2071 8735 3
2071 9222 2
2071 9473 2
2071 9670 1
2071 9674 1
2071 9162 4
2071 9547 1
2074 9545 1
2074 8787 1
2077 8808 1
2077 9677 4
2077 9887 37
2093 9903 1
2093 8626 1
2093 9733 1
2105 8959 1
2105 9179 1
2105 9466 1
2105 9985 4
2124 9392 1
2124 9974 3
2135 9102 1
2135 9761 1
2135 8671 1
2135 8798 1
2135 8908 1
2154 9348 1
2154 8926 2
2154 9310 1
2154 9516 1
2169 9561 1
2169 8904 3
2169 8851 1
2169 9249 1
2182 9785 1
2182 9183 3
2182 9203 1
2182 9493 1
2189 9919 1
2189 9838 1
2198 9719 1
2216 9184 1
2216 9263 8
2216 9404 1
2216 9992 1
2216 9596 1
2216 9762 1
2216 9575 1
2222 8739 20
2222 9845 2
2224 9588 1
2224 8862 1
2224 9714 1
2236 9753 1
2236 9243 11
2236 9602 1
2236 9966 1
2236 8862 1
2236 8922 1
2236 9457 4
2236 8945 1
2243 9000 1
2243 9145 1
2243 9405 38
2261 9328 1
2261 8648 2
2261 9221 1
2261 9655 2
2300 9891 1
2300 9104 1
2300 9103 3
2300 9158 2
2300 9214 1
2300 9008 1
2308 9095 1
2308 8705 1
2308 9236 3
2308 9988 2
2308 9567 1
2308 8646 1
2308 8847 9
2308 9504 2
2308 9996 1
2320 8962 1
2320 9487 7
2330 8867 1
2330 8742 1
2330 8944 1
2330 9657 1
2330 9432 1
2330 9582 1
2334 9837 2
2334 8560 2
2334 9377 1
2334 8902 1
2334 9681 1
2334 9206 1
2334 8753 1
2334 8923 1
2339 9584 2
2354 9609 4
2354 8624 1
2354 9340 1
2354 9997 1
2366 9823 1
2366 9165 18
2366 9522 1
2366 8821 1
2366 9045 1
2380 9240 1
2380 9868 3
2380 9965 11
2380 9833 1
2387 8764 2
2387 8790 1
2387 9033 1
2387 9063 1
2387 9960 2
2395 9427 2
2395 9503 31
2395 9898 3
2396 9210 1
2396 8800 2
2396 9058 35
2396 9307 1
2407 9302 1
2407 8592 2
2407 9658 1
2407 8746 1
2415 8792 1
2415 8627 1
2467 8577 1
2467 8710 1
2467 8849 1
2467 9147 4
2468 9242 1
2468 9298 1
2468 8925 1
2468 9556 1
2474 9673 1
2474 8846 1
2474 9757 1
2474 8893 2
2474 8712 1
2474 9392 1
2474 9744 4
2474 9769 1
2476 9397 1
2479 9350 2
2479 9231 1
2479 8908 3
2489 9106 1
2489 9681 1
2507 8944 1
2507 9107 1
2507 9580 1
2509 8753 1
2509 8955 2
2509 9856 1
2514 9676 1
2514 9583 1
2517 8999 2
2529 8798 2
2529 9885 5
2529 8989 2
2529 9844 9
2529 9907 1
2529 8719 8
2529 8750 1
2529 9925 1
2536 8777 1
2536 8794 1
2536 8712 2
2536 9241 2
2539 9877 120
2539 9827 1
2539 9858 1
2543 8802 1
2552 9542 1
2552 9914 138
2552 9179 2
2552 9495 7
2565 7217 1
2576 9786 1
2576 8576 8
2576 9732 54
2576 9156 1
2586 9652 1
2586 9937 1
2586 9996 3
2586 9729 1
2599 9952 1
2602 9526 2
2602 9964 1
2602 8723 6
2602 8729 2
2602 8566 1
2605 9375 4
2605 8601 2
2605 8945 1
2605 9039 1
2605 9626 1
2605 8844 1
2627 9088 1
2627 8981 1
2627 9264 1
2627 9325 1
2627 9381 24
2627 9334 6
2643 9171 1
2643 9182 1
2643 8765 3
2643 9293 1
2643 8720 1
2643 9520 5
2643 9840 1
2643 9066 2
2643 9700 2
2643 8704 1
2643 9886 1
2655 8911 1
2655 9115 1
2655 9590 1
2655 9919 1
2664 9468 1
2672 9077 1
2672 8577 6
2672 9331 1
2672 8597 3
2682 9215 2
2682 9917 1
2685 9507 1
2685 8578 1
2692 9033 8
2692 9592 2
2692 9723 20
2692 9493 5
2692 9564 1
2692 9627 1
2711 9635 1
2711 8568 1
2711 9231 1
2711 8596 1
2711 9636 1
2711 9754 3
2731 8822 1
2731 8925 2
2731 8956 1
2731 9997 1
2735 9773 1
2735 9988 1
2735 9308 1
2735 8999 3
2737 9544 1
2737 9122 2
2737 9969 1
2757 9652 1
2757 9300 1
2776 8692 3
2776 9087 1
2778 9293 1
2778 9411 2
2778 9650 1
2778 9681 12
2811 8885 1
2811 9193 1
2833 9392 1
2862 9825 2
2906 8868 1
2906 9775 1
2906 8784 1
2906 9308 1
2906 9392 2
2906 9466 1
2906 9537 1
2906 8579 5
2906 8750 2
2906 9998 1
2906 8899 1
2906 9689 1
2906 9330 1
2911 9607 1
2911 8822 1
2911 9742 5
2911 9805 3
2921 9865 2
2948 9668 2
2948 8698 5
2948 8895 1
2951 9101 1
2951 9209 1
2953 9962 1
2953 8679 1
2953 8822 2
2953 9527 4
2953 8789 1
2953 9201 97
2964 9643 1
2964 8765 1
2964 9283 3
2966 8851 1
2966 9035 1
2966 8571 1
2979 8708 1
2979 9309 4
2983 9768 5
2983 9626 1
2983 9958 1
2983 8728 2
2983 9174 200
2983 9689 200
2988 9542 3
2988 9073 1
2988 9028 1
2988 9856 1
2988 9929 3
2988 9092 1
2996 9512 1
2996 8832 2
2996 9375 6
3000 9699 2
3000 9163 2
3000 9359 1
3002 9826 4
3007 9908 4
3007 8610 1
3007 8946 1
3007 9350 1
3044 9037 2
3044 9298 3
3044 9844 1
3044 8930 2
3044 9338 1
3075 8879 13
3075 9209 6
3075 9668 1
3075 9057 1
3075 8615 6
3075 9170 1
3075 9679 1
3075 8685 1
3075 9560 1
3089 9101 1
3092 9992 1
3095 8648 2
3095 9138 2
3095 9785 2
3098 8613 1
3098 9217 10
3098 8810 12
3098 9734 1
3098 8806 1
3101 9294 43
3101 8777 1
3101 9646 1
3101 8831 2
3101 9887 1
3120 9791 1
3120 9053 3
3120 9526 1
3120 8875 1
3127 9202 1
3127 9815 1
3141 9837 2
3141 9446 1
3141 9768 3
3189 9361 4
3189 9635 4
3189 9035 1
3189 9747 6
3201 9851 1
3201 8843 4
3201 9575 2
3201 8682 1
3201 8913 1
3209 9097 1
3209 9101 7
3209 8674 1
3209 9049 1
3209 9806 1
3209 9260 1
3209 9651 3
3209 9561 3
3225 8925 3
3225 8862 4
3225 9283 1
3225 9018 71
3225 9563 1
3235 8672 1
3235 8874 1
3235 8900 1
3235 9356 2
3252 9189 1
3252 8981 14
3252 9532 2
3252 9137 2
3252 9440 1
3267 9368 1
3267 9415 1
3267 9617 2
3306 9202 1
3313 9077 3
3313 9344 1
3313 9312 1
3313 9701 1
3346 9612 4
3346 8624 3
3358 9923 15
3358 9804 2
3358 8943 1
3377 9426 1
3377 9525 1
3377 9785 1
3395 9221 1
3419 8790 89
3419 9916 3
3419 9228 5
3419 8662 1
3419 9112 1
3419 9377 1
3419 9634 1
3423 9592 1
3423 9170 1
3423 9660 200
3423 9718 1
3423 9301 1
3423 9643 4
3423 9871 1
3435 9754 1
3435 8820 4
3435 8979 2
3435 9891 31
3437 9087 2
3437 9407 1
3437 8664 4
3440 9193 1
3440 8682 1
3440 9312 1
3444 9739 6
3444 9942 1
3444 9987 8
3444 9014 4
3444 9028 2
3457 9917 1
3457 8661 1
3457 8663 1
3457 8872 1
3457 9053 34
3457 9184 3
3467 9620 1
3467 9088 1
3467 8600 1
3467 9183 1
3467 9580 1
3480 9210 1
3480 9981 1
3481 9349 1
3481 9140 1
3495 9324 1
3495 9334 1
3495 9783 71
3495 8883 1
3495 9084 1
3495 9716 1
3495 9912 1
3502 9173 1
3502 9948 2
3503 8859 1
3503 9494 1
3503 9702 1
3508 8966 5
3508 9891 1
3508 9696 183
3542 9010 1
3543 9433 10
3543 9508 5
3577 8746 1
3577 8601 1
3577 8691 3
3577 9803 2
3577 9659 1
3577 8606 2
3595 9154 6
3595 8932 1
3595 9509 2
3595 9804 1
3605 9397 1
3605 9477 5
3605 9894 1
3605 9191 1
3605 9637 1
3605 9850 1
3605 9063 27
3605 8786 183
3613 9516 1
3613 9821 1
3616 8890 2
3616 9809 1
3616 9892 7
3622 9328 1
3622 9836 2
3635 8868 1
3654 8639 1
3654 9653 2
3654 8712 15
3654 9754 1
3654 9841 2
3661 8806 1
3661 9540 2
3661 8664 10
3661 9478 1
3663 9433 4
3663 9103 1
3663 9426 1
3663 9477 1
3663 9609 1
3672 9398 2
3672 8711 1
3672 9443 1
3672 9537 1
3672 9948 2
3672 9243 1
3672 9588 1
3672 8577 1
3672 8940 1
3673 9739 1
3673 9660 1
3676 9188 1
3676 9521 15
3676 9849 1
3676 8672 2
3676 9843 2
3676 9982 1
3691 8557 1
3691 9322 2
3691 8789 2
3691 8866 3
3691 9298 4
3696 9964 1
3696 9130 1
3696 9924 6
3696 8596 4
3696 8729 3
3696 9562 1
3696 9807 1
3696 9116 1
3707 8753 1
3707 9741 2
3707 9972 2
3732 8883 1
3732 9015 1
3732 9439 1
3732 8681 1
3732 8784 1
3732 8927 6
3732 9475 1
3752 8568 1
3761 8881 1
3761 9442 1
3771 9413 2
3771 9214 2
3771 9520 1
3771 9538 1
3771 9548 1
3782 8763 1
3782 9994 1
3783 9035 6
3783 8639 1
3783 8982 5
3784 9285 1
3784 9901 1
3786 9018 1
3798 8960 2
3798 9812 1
3798 8768 1
3798 8931 6
3798 8601 8
3798 8628 1
3798 9233 3
3805 9738 1
3805 9542 1
3805 9806 1
3805 8628 1
3805 8994 21
3818 9466 5
3818 9834 1
3818 9328 1
3819 9674 1
3819 8922 2
3819 8610 2
3819 9954 1
3819 8768 1
3819 9096 1
3819 9855 1
3821 8598 2
3821 8807 3
3821 9295 3
3821 9952 2
3834 8580 6
3834 9903 7
3854 9968 1
3854 9369 5
3854 9732 1
3854 9087 1
3856 9230 1
3856 9682 1
3856 9637 1
3856 9269 1
3856 9906 1
3863 9348 2
3863 9846 1
3863 9949 6
3866 8817 1
3866 9545 2
3866 8962 8
3866 9210 1
3879 9949 2
3879 9660 1
3879 9672 1
3879 8886 1
3879 9893 1
3905 9224 2
3905 8692 2
3906 9457 1
3906 8765 1
3906 9705 1
3906 8705 1
3906 9115 1
3906 9894 1
3928 8712 2
3928 9212 1
3928 8931 2
3928 9186 3
3928 9697 4
3928 8938 1
3928 9423 1
3941 9537 2
3941 9310 1
3941 9263 1
3941 9414 1
3955 8792 1
3970 9750 3
3970 9660 1
3970 9136 1
3971 9932 2
3971 9024 1
3984 9762 8
3986 9985 5
3986 9393 1
4019 8647 1
4019 8659 2
4019 9352 9
4020 9237 1
4020 8741 2
4020 8704 1
4020 8810 1
4020 8608 2
4020 9091 1
4021 8984 5
4021 8934 1
4021 8737 200
4027 8707 1
4027 8960 2
4032 9053 7
4032 9980 1
4032 8582 1
4032 8902 1
4032 9313 1
4032 8759 2
4032 9041 6
4032 9096 1
4032 9128 1
4032 9694 2
4046 8781 1
4046 8991 1
4046 9413 2
4054 9158 1
4072 9477 1
4072 8978 1
4072 9403 1
4072 9138 2
4072 9915 1
4072 9768 1
4072 9887 1
4072 9117 2
4072 9980 1
4081 8680 1
4081 8843 1
4081 9469 1
4101 8712 3
4101 9783 1
4101 9544 5
4101 9212 5
4104 8873 1
4113 9322 1
4113 8898 1
4119 9509 3
4119 8586 1
4124 8994 3
4124 8760 11
4124 8560 1
4124 9910 1
4128 8882 1
4128 9399 4
4128 9469 1
4128 9753 1
4130 9734 2
4130 8619 1
4130 9489 1
4130 9545 1
4135 9170 1
4135 9607 1
4140 9686 1
4140 8747 2
4168 9100 1
4168 8794 1
4168 9058 1
4168 9389 1
4169 9730 1
4169 8918 1
4169 8899 2
4169 9567 1
4169 9662 3
4191 8642 1
4191 9919 1
4191 8794 2
4191 9198 1
4208 9704 1
4208 9094 2
4208 9752 1
4221 8771 2
4221 9142 12
4221 8977 1
4221 9399 1
4229 9041 4
4229 8584 1
4229 9628 8
4232 9220 2
4232 9381 1
4232 9019 3
4232 9488 4
4233 9216 1
4233 8576 1
4254 9057 3
4254 9696 2
4254 9252 5
4254 9535 9
4254 8663 1
4254 9523 1
4254 9906 1
4257 8655 1
4257 9936 1
4257 9102 5
4257 9810 3
4265 9865 1
4265 9083 1
4265 9601 1
4277 9849 1
4277 9468 3
4277 8576 1
4301 9972 3
4301 9854 1
4301 9178 1
4301 8758 5
4301 8926 1
4301 8639 2
4316 9898 1
4316 9422 4
4338 9915 1
4338 8977 1
4338 9869 1
4340 9195 3
4340 8629 1
4340 9605 1
4340 8802 1
4340 8936 9
4340 9678 2
4340 8652 2
4340 8763 2
4340 9707 4
4363 9954 1
4363 9201 14
4376 9844 1
4376 9215 1
4411 9850 2
4411 8646 1
4419 8900 2
4419 8628 1
4419 9494 1
4419 9975 2
4419 9840 1
4444 9314 6
4444 9584 7
4444 8708 1
4444 9301 6
4444 9585 1
4444 8698 3
4449 9636 1
4459 9183 1
4459 8607 1
4463 8780 3
4463 9066 2
4463 9140 1
4463 9454 1
4463 9491 2
4468 8919 200
4468 9511 15
4468 9770 1
4468 9627 1
4483 8874 1
4483 9632 1
4486 9396 1
4486 9476 5
4486 9596 1
4486 8923 1
4486 9978 130
4495 8569 1
4495 9924 1
4495 9277 1
4495 9431 1
4495 9979 16
4502 8870 3
4502 9159 1
4502 9856 1
4502 8726 1
4502 8977 1
4524 9198 3
4541 8737 12
4541 9278 1
4541 9290 1
4541 8771 4
4541 9693 1
4544 9292 1
4544 9321 1
4544 9624 1
4558 9743 1
4558 9296 1
4558 9987 1
4579 9570 2
4579 9915 69
4584 9679 2
4585 9000 17
4585 9227 3
4585 9716 1
4585 9995 1
4586 9975 1
4586 8704 2
4586 9522 1
4586 9904 5
4586 8629 5
4586 9724 4
4586 9162 1
4599 8864 7
4599 8781 1
4599 9286 1
4599 9427 1
4599 8823 3
4658 9654 1
4658 9437 10
4664 9124 1
4664 8692 1
4664 9115 5
4664 9540 1
4664 9721 1
4664 9251 1
4664 9733 15
4667 8659 1
4667 8760 2
4667 9901 1
4667 9728 1
4671 8689 1
4671 9988 3
4671 8914 1
4672 9214 1
4672 9806 1
4685 9670 1
4685 9836 1
4685 8845 1
4685 9444 1
4685 9873 1
4694 9383 2
4694 9258 4
4694 9536 14
4694 9015 1
4698 9210 1
4698 8827 1
4698 9204 3
4698 9314 1
4698 9493 1
4698 9075 1
4700 8674 3
4700 8845 3
4700 9857 2
4700 9951 1
4704 9949 1
4704 8564 1
4704 9053 20
4709 9463 4
4709 8775 1
4712 9731 15
4714 9573 1
4714 9457 1
4714 9517 1
4725 8648 14
4725 9129 2
4740 9546 1
4740 8995 1
4742 9151 3
4742 9106 13
4753 8885 2
4753 8741 15
4753 9352 4
4753 9673 1
4758 8942 1
4758 9397 1
4789 9536 1
4789 8885 22
4789 9327 21
4789 9459 1
4789 9787 1
4790 9604 1
4790 8650 3
4790 8718 1
4794 8699 1
4794 8741 1
4797 9086 1
4797 9107 1
4797 9174 1
4797 9506 5
4797 8931 1
4797 9216 7
4801 9580 6
4801 9058 3
4801 9182 23
4801 8681 2
4801 8733 1
4801 9163 1
4805 9831 2
4805 9449 1
4805 9173 4
4805 9301 1
4805 9416 4
4849 8571 1
4849 9765 5
4849 9906 2
4849 9348 1
4851 9911 1
4851 8689 1
4851 9451 1
4851 9998 1
4854 9985 1
4854 8747 1
4854 9267 4
4854 9891 6
4854 9606 1
4870 9633 1
4870 8703 1
4870 9793 1
4870 9790 2
4884 9702 1
4884 9159 1
4887 8650 1
4887 9367 3
4887 8747 1
4887 8709 1
4887 8768 2
4887 9340 1
4887 9101 1
4887 8977 1
4887 9804 1
4887 9500 1
4887 9951 3
4893 8942 2
4893 9960 2
4893 9242 1
4893 8702 5
4915 8797 5
4915 9395 1
4924 9215 2
4924 8754 1
4924 8625 76
4924 8651 2
4925 9545 1
4925 8564 1
4933 9606 3
4933 9699 4
4933 9731 2
4933 9876 1
4938 9078 1
4938 8774 1
4938 9715 1
4938 9563 3
4945 9627 2
4949 8893 149
4949 9713 3
4949 9926 2
4949 8876 1
4949 9615 1
4949 9124 1
4949 9839 1
4949 9596 2
4970 8617 1
4980 9431 14
4980 9233 1
4980 8956 4
4995 8668 1
4995 9750 2
5006 9334 1
5006 8922 1
5006 9885 1
5006 8737 5
5006 9443 2
5014 9989 1
5014 9702 3
5024 9857 1
5024 9447 15
5030 8846 1
5040 9753 1
5080 9591 1
5080 9000 1
5080 9236 1
5080 8782 1
5080 8823 1
5080 9069 1
5080 9903 1
5080 9470 1
5109 9623 4
5111 8869 10
5111 9052 1
5111 8872 4
5111 9174 1
5111 9175 2
5125 8628 1
5125 9686 1
5151 9647 4
5153 9118 1
5153 9667 1
5153 8593 1
5153 9936 1
5156 9485 1
5156 8919 3
5156 9951 1
5157 9242 3
5157 9307 1
5157 9840 2
5157 9005 2
5157 9655 1
5157 8817 2
5160 9063 1
5161 9959 1
5161 9030 1
5161 8566 1
5163 9744 1
5163 8893 1
5163 9511 1
5169 8696 2
5169 8905 1
5169 9719 10
5169 8960 1
5169 9701 1
5169 9308 2
5169 9449 1
5169 9676 1
5169 8646 1
5169 9270 1
5201 9237 1
5201 8674 1
5201 8741 1
5201 8890 1
5223 9552 1
5223 9761 1
5223 9241 1
5223 9328 1
5223 9564 2
5228 9586 1
5228 8702 1
5228 8955 9
5275 9262 2
5275 8986 1
5275 9501 6
5275 9948 2
5275 8887 1
5275 8862 1
5275 9709 1
5289 9837 1
5289 8873 1
5289 9389 16
5293 9633 1
5293 8565 1
5293 8760 1
5303 8884 2
5303 9427 5
5303 8827 11
5304 9760 3
5312 8586 9
5312 9579 1
5312 9420 1
5312 9206 1
5346 8715 1
5346 9619 9
5346 9623 13
5346 9672 2
5348 9414 4
5348 8555 1
5348 9731 2
5351 8976 2
5351 9150 4
5351 9641 2
5351 9330 1
5351 9611 1
5351 9397 1
5351 9260 4
5351 8917 4
5351 9459 1
5351 9490 1
5354 9372 1
5354 8592 1
5354 8617 1
5354 9851 5
5354 9852 1
5354 8867 1
5358 8690 1
5358 9485 2
5358 8709 4
5358 9335 1
5365 9317 1
5365 9769 1
5365 9611 3
5365 9316 4
5365 9417 1
5365 9452 4
5376 9357 1
5376 8570 1
5376 9837 2
5377 8707 1
5405 9343 1
5405 8872 1
5420 9901 1
5420 8965 1
5420 9574 4
5420 9796 1
5420 9988 1
5421 9136 1
5421 9434 6
5421 8690 1
5421 9037 4
5450 9049 1
5450 9870 1
5464 9039 1
5464 9124 4
5464 9484 1
5481 9769 1
5481 9203 1
5481 9650 2
5481 9504 49
5482 9597 1
5482 8733 10
5482 9544 1
5490 9316 1
5490 9572 1
5490 8657 2
5532 9571 1
5540 9559 1
5540 9051 8
5541 9609 1
5541 9546 1
5541 8636 31
5541 8714 1
5560 9228 1
5560 9936 1
5560 9293 1
5560 8610 1
5560 9774 3
5560 8605 1
5565 8859 1
5565 9726 1
5594 9354 2
5594 9965 1
5594 9484 1
5594 8876 1
5594 9186 1
5597 9159 1
5597 9620 14
5597 9917 1
5598 9662 1
5598 9972 1
5598 8748 1
5598 9182 2
5598 9295 1
5598 9529 1
5598 8862 1
5598 9430 4
5598 9552 1
5601 9487 1
5601 8566 5
5601 8646 1
5601 9374 104
5601 8915 1
5602 9803 1
5602 9017 1
5602 9171 200
5602 8743 7
5602 8852 1
5602 9181 1
5602 9521 1
5602 9542 8
5604 9226 1
5604 9549 1
5604 9279 1
5604 9490 1
5604 9414 1
5604 9462 1
5604 9803 1
5604 9839 1
5626 8993 1
5626 9214 2
5626 9321 4
5626 9529 1
5626 9907 1
5626 8602 45
5626 9006 4
5636 9523 1
5636 9942 1
5636 8820 1
5636 9536 4
5636 8673 1
5636 9067 1
5643 9613 7
5643 9466 22
5643 9047 1
5643 9446 2
5643 9764 5
5643 9697 1
5650 8563 5
5650 8735 1
5650 9803 1
5653 8932 5
5663 9052 1
5663 9367 1
5668 8786 1
5668 8960 1
5668 9331 1
5676 9540 1
5685 9547 1
5710 8650 3
5710 9604 2
5710 8739 1
5710 8905 1
5710 9552 2
5710 8578 1
5710 9393 1
5710 9566 1
5710 9967 4
5720 8898 1
5720 8852 1
5720 9557 79
5720 9407 2
5720 9097 1
5726 8690 1
5726 9054 1
5726 9685 1
5726 9251 25
5726 9076 1
5726 9584 3
5726 9962 1
5760 9716 1
5760 9262 1
5760 9549 1
5760 9510 1
5789 9335 1
5795 8693 2
5795 9643 1
5795 9832 1
5795 8767 1
5801 9261 1
5801 8734 3
5801 9736 1
5801 9785 1
5810 9779 1
5810 8588 1
5814 8761 1
5814 9397 1
5814 9412 1
5820 9449 2
5830 9201 1
5830 9654 1
5844 9191 1
5846 9514 1
5856 9188 1
5856 8795 2
5856 9807 2
5875 8996 13
5875 8702 2
5875 9024 1
5875 9628 35
5875 8885 1
5875 9868 1
5882 8654 1
5882 9089 1
5882 9000 1
5900 9352 2
5900 9316 1
5900 9728 1
5900 9552 1
5900 9242 2
5900 9852 3
5901 8778 2
5903 9222 16
5903 9658 1
5903 9813 1
5903 8607 1
5903 8739 2
5903 8870 1
5903 9449 11
5913 9432 4
5913 9411 2
5913 9487 3
5920 9956 9
5920 8787 1
5920 9674 1
5920 8676 1
5920 8852 2
5920 8996 1
5920 9763 1
5922 9175 1
5922 9158 1
5946 9180 1
5946 8994 3
5946 9514 12
5946 9558 1
5946 9923 1
5958 9252 1
5978 8736 1
5978 9092 2
6006 9173 1
6006 8660 1
6006 9052 14
6011 9628 1
6011 9507 1
6025 8563 1
6025 8617 1
6025 9538 2
6038 9850 1
6038 9857 2
6038 9320 1
6048 8735 5
6048 8845 4
6048 9750 8
6070 8712 1
6093 9895 3
6093 9220 1
6093 9432 1
6111 9995 1
6111 8934 1
6111 9965 3
6130 9667 1
6130 9843 31
6130 9673 1
6130 9910 1
6130 8574 1
6130 8764 1
6130 9478 1
6131 9788 12
6134 8675 3
6134 8983 1
6134 8895 3
6145 9087 1
6145 9151 1
6145 9191 7
6153 9904 1
6153 9307 1
6153 8666 1
6153 8723 2
6153 9366 1
6153 9946 1
6164 9039 3
6164 9836 1
6164 9981 1
6164 9643 1
6182 9053 2
6182 8847 1
6182 9597 1
6182 9718 1
6182 8827 1
6182 9217 1
6182 9420 1
6191 9615 1
6191 9317 4
6196 9750 1
6196 9925 1
6196 8654 9
6219 8728 1
6219 8613 3
6219 9167 1
6219 9485 1
6232 9892 1
6232 9907 1
6232 9176 1
6250 9559 1
6250 8801 1
6250 9421 1
6250 9762 2
6254 9273 1
6254 9345 1
6258 9615 1
6258 9678 1
6266 8954 1
6266 8836 1
6284 9817 3
6284 9184 1
6284 9444 1
6284 9852 2
6284 9894 1
6284 9180 1
6284 9638 2
6304 8568 1
6304 8821 1
6318 8600 1
6318 9591 1
6318 9129 1
6318 8636 1
6318 8673 6
6318 9102 1
6321 9333 1
6321 9475 1
6321 9585 1
6321 8843 1
6331 9761 1
6331 8657 1
6331 9905 1
6331 9611 1
6351 9910 10
6351 9145 1
6351 9538 1
6351 9676 1
6351 9713 2
6360 9302 1
6360 8764 2
6360 9110 11
6360 9790 2
6360 9750 200
6360 9249 1
6360 9470 1
6360 8846 1
6360 9679 1
6360 9876 2
6363 9405 2
6363 9265 1
6394 8991 3
6394 8605 2
6394 8740 1
6398 8705 1
6398 8576 11
6398 9309 1
6398 9343 1
6398 9714 2
6398 9834 1
6416 8735 3
6416 8703 8
6416 9668 3
6416 9851 200
6431 8849 1
6467 9405 1
6467 8697 5
6467 8766 3
6467 8928 7
6467 9523 2
6469 8758 6
6469 8617 1
6469 9066 1
6469 9649 2
6469 9685 1
6469 9831 1
6494 9571 3
6545 9723 2
6545 8613 1
6545 9541 1
6545 9086 1
6545 9066 1
6545 9067 8
6545 8819 1
6545 8834 1
6545 9433 100
6576 8845 1
6576 9089 1
6585 9849 1
6597 8906 1
6597 8919 6
6597 9360 1
6597 8959 1
6597 8688 2
6597 9614 1
6607 9959 2
6610 8724 3
6612 9140 3
6619 9768 1
6619 8795 12
6623 8981 20
6623 9946 1
6623 9647 1
6623 9165 1
6625 8664 1
6625 9378 1
6625 9928 1
6625 9986 1
6637 9525 2
6637 8966 1
6660 8748 1
6660 9167 18
6660 9005 1
6660 9780 1
6660 8668 5
6660 8728 12
6660 9988 1
6660 9519 1
6682 8719 1
6682 8666 1
6682 9151 4
6683 8820 1
6683 8652 2
6683 8956 1
6683 9989 1
6683 8866 3
6683 9429 2
6686 9544 8
6686 9360 1
6686 9525 1
6690 8600 2
6708 9543 2
6719 8757 3
6719 8944 1
6719 9547 3
6719 9995 3
6722 9304 1
6722 9067 2
6722 9279 1
6722 8758 1
6725 8606 1
6725 9673 2
6725 9290 2
6725 9637 1
6747 8899 1
6747 9440 1
6747 9654 1
6747 9010 1
6747 9985 1
6747 9573 7
6760 9164 1
6760 9487 1
6760 9172 17
6773 8718 1
6773 8831 1
6773 9022 1
6781 9041 1
6781 9215 2
6781 9230 1
6781 9371 2
6802 9042 4
6802 8792 10
6802 9277 3
6813 9621 1
6813 8660 1
6813 8791 3
6813 9619 1
6837 9736 1
6837 9443 1
6837 9830 1
6837 9117 8
6840 8658 1
6840 9184 1
6840 8966 1
6840 9292 7
6840 9688 1
6857 9166 2
6857 8571 200
6857 9597 4
6861 8766 4
6861 8576 1
6864 9115 1
6864 9457 2
6864 9895 4
6864 9422 1
6864 8773 1
6876 8778 2
6876 8887 2
6877 8881 1
6877 9069 1
6877 9715 1
6887 8690 1
6887 9091 3
6887 9778 28
6887 9979 2
6887 9922 1
6914 9517 1
6914 9084 1
6914 9342 1
6914 9200 2
6925 9607 2
6925 9030 2
6925 9659 1
6925 9652 2
6925 9785 1
6925 8820 7
6925 9273 1
6925 9800 8
6931 8631 5
6931 9939 1
6931 9743 1
6931 8767 13
6931 9225 12
6931 8651 1
6931 9624 1
6931 9826 1
6931 9042 1
6931 9322 5
6943 9523 2
6943 9327 1
6943 9987 1
6943 8569 1
6943 9613 1
6943 9844 4
6946 9965 1
6946 8720 1
6970 9145 1
6970 8627 2
6985 9566 1
6985 9817 1
6985 9163 1
6991 8746 1
7015 8906 18
7050 8810 3
7050 8797 200
7050 9881 1
7050 8984 1
7050 9379 1
7081 9205 1
7081 9295 1
7081 8626 8
7081 8784 1
7081 9989 2
7086 9503 1
7099 9180 12
7099 9166 1
7099 8818 1
7099 8960 1
7103 9114 2
7103 9225 3
7115 9877 1
7119 9573 1
7119 9334 1
7119 8894 1
7119 9752 200
7123 9451 1
7123 8906 3
7123 9591 4
7138 9812 9
7138 8626 1
7138 9614 1
7146 9559 1
7146 8802 1
7161 9427 2
7161 8605 1
7161 9488 1
7161 8723 1
7161 9717 1
7165 8724 1
7165 8970 17
7173 8955 3
7176 9166 4
7176 9302 1
7177 8786 1
7177 9898 1
7177 8768 5
7177 8973 1
7180 9128 2
7180 9560 1
7199 9008 18
7199 9379 1
7199 8983 1
7204 8714 17
7204 9010 2
7204 9407 1
7217 9803 1
7217 9292 1
7217 9731 2
7217 8989 1
7217 9794 1
7217 9876 1
7217 8664 1
7217 9383 2
7223 9069 1
7223 9536 1
7223 9041 1
7251 9881 12
7300 8783 1
7300 9796 1
7300 8798 1
7300 9646 3
7300 9773 1
7300 9261 1
7307 9809 1
7307 8936 2
7307 8981 1
7327 9572 1
7327 8990 1
7327 9188 1
7327 8995 5
7327 9130 6
7327 9264 1
7327 9870 2
7330 9678 1
7330 8575 1
7330 8951 1
7330 9010 2
7330 9262 1
7330 9463 1
7334 9564 1
7334 9577 1
7334 9794 4
7336 9969 2
7336 8851 2
7336 9122 3
7336 9952 1
7344 9359 3
7344 9707 1
7344 9774 1
7344 9870 1
7344 9719 1
7365 8701 1
7390 8784 2
7390 8855 7
7390 9110 1
7390 8655 2
7390 8780 2
7390 8932 1
7390 8575 1
7396 9042 1
7396 8927 7
7396 9743 1
7426 9033 1
7426 8915 23
7426 9067 1
7426 9318 1
7426 8571 6
7426 8698 2
7426 8870 5
7426 9076 1
7426 9224 1
7449 8976 2
7449 8993 3
7482 8661 12
7482 9260 1
7482 8984 3
7482 9858 6
7482 8991 1
7482 9572 2
7482 9968 1
7514 9768 1
7514 9087 1
7514 9371 17
7514 9670 2
7528 8819 1
7528 9091 1
7528 9189 1
7531 9759 1
7531 9841 1
7534 8810 1
7559 9263 1
7559 8997 1
7559 9172 1
7559 9114 1
7559 9527 9
7559 9909 1
7577 9225 1
7577 8768 1
7577 9015 2
7577 9075 1
7577 9215 1
7577 9265 4
7577 9559 1
7577 9078 1
7577 9633 24
7578 8812 7
7582 9702 6
7582 9260 1
7585 9117 1
7585 8569 1
7585 9101 1
7602 8560 2
7602 9024 3
7602 9444 1
7602 9452 2
7602 9937 1
7616 8563 1
7625 9258 1
7625 9633 3
7625 9650 1
7625 9388 1
7635 8744 3
7635 9929 126
7635 9007 1
7635 9451 5
7635 9148 2
7644 9022 2
7644 8738 1
7660 8610 8
7660 8593 13
7660 8680 1
7660 9478 1
7660 8957 1
7660 9197 3
7660 9700 2
7660 9100 1
7660 9374 1
7660 9508 3
7667 9434 4
7667 8795 2
7667 9110 1
7670 9352 2
7670 9136 1
7670 9198 2
7670 9264 1
7670 9019 1
7670 9001 1
7670 9150 1
7670 8680 1
7670 9077 7
7670 9549 5
7670 9826 4
7672 8965 1
7672 9669 45
7672 9148 2
7683 9389 1
7683 8726 1
7683 9221 6
7683 9257 1
7683 9294 1
7685 9668 1
7686 9810 1
7686 9231 1
7701 9388 1
7701 8606 1
7701 8736 1
7701 9156 1
7701 9316 1
7701 9173 2
7701 9398 1
7701 9543 5
7705 9473 4
7705 9430 2
7705 8683 1
7724 9330 3
7724 8808 1
7724 8875 1
7724 9033 11
7729 8970 2
7729 9116 1
7729 9980 2
7729 9765 1
7736 9187 5
7736 9383 72
7736 9372 1
7737 9220 5
7737 9282 1
7740 9165 7
7740 9187 1
7756 9465 95
7767 9178 1
7767 9741 1
7785 8809 1
7785 8927 1
7785 9298 1
7785 9926 1
7785 8909 1
7785 8956 2
7785 9942 2
7785 9986 2
7786 9514 119
7786 9033 1
7786 9250 1
7786 9252 1
7790 9043 1
7790 9392 2
7790 9840 2
7790 9698 1
7803 8736 1
7803 8866 25
7803 8647 12
7803 9556 1
7803 8578 1
7803 9719 1
7845 9180 2
7845 9100 1
7852 9278 1
7852 8809 1
7852 8879 8
7866 9360 1
7866 9233 1
7866 9349 2
7866 9914 3
7866 9004 2
7866 9140 1
7866 9975 6
7889 9215 2
7889 9747 1
7889 9232 1
7894 9580 1
7894 8718 1
7894 8801 1
7894 9677 1
7903 9462 6
7903 9575 1
7903 9388 1
7903 9439 4
7907 8893 4
7907 9122 1
7907 8940 1
7907 9148 1
7907 8873 1
7907 9361 1
7910 8560 1
7910 9143 1
7910 8699 1
7916 9951 1
7916 9604 2
7916 9447 12
7916 8766 6
7916 9178 3
7918 8925 3
7918 9765 1
7918 8823 1
7918 9754 1
7918 8562 1
7918 8604 4
7918 9602 3
7930 8960 1
7930 9400 11
7930 8671 7
7930 8970 1
7930 8747 7
7930 8560 1
7930 8635 3
7930 9966 1
7947 8956 1
7947 9454 2
7947 9830 18
7947 9203 3
7947 9628 1
7947 8564 1
7947 8797 1
7947 9037 1
7947 9845 2
7947 8868 1
7961 9162 2
7961 9655 1
7961 9189 1
7961 9732 1
7961 8604 10
7961 8624 2
7961 9367 1
7978 9200 1
7978 9180 1
7978 8631 1
7978 9989 2
7978 8642 2
7978 9426 1
7978 9723 1
7978 8904 13
7978 9764 2
7982 9181 1
7982 9771 1
7982 9999 4
7982 8726 1
7982 9595 1
7983 9414 1
7983 8982 2
7983 9686 2
7986 9657 1
7991 9397 2
7999 9265 1
7999 9790 1
7999 8929 43
8008 8748 6
8008 9018 1
8008 9783 5
8036 9147 1
8036 9258 1
8040 9045 2
8040 9057 1
8040 9725 1
8050 9694 1
8050 8993 1
8050 9693 1
8050 9967 2
8050 9165 13
8052 9558 1
8052 8822 1
8052 9181 2
8052 9620 1
8052 8882 1
8052 8918 1
8058 8754 1
8058 8922 1
8058 9427 1
8058 9700 1
8058 9942 1
8064 9985 1
8064 9252 1
8064 9541 1
8064 8823 1
8064 9830 2
8064 9956 5
8069 9426 1
8069 9540 1
8069 8976 2
8069 9500 1
8069 9939 1
8080 9069 2
8080 9478 2
8080 9987 1
8080 9497 1
8086 8659 1
8086 8881 3
8086 9715 1
8112 9372 2
8122 9810 1
8127 8920 1
8127 8991 1
8127 9922 1
8127 8580 4
8127 9962 1
8127 8930 2
8127 8744 1
8155 9643 1
8155 9366 7
8155 9191 1
8155 8894 7
8155 9739 2
8175 8601 1
8175 9176 1
8187 9852 1
8187 9971 1
8198 9420 3
8198 8808 1
8198 9723 1
8214 9673 2
8214 8767 1
8214 9590 1
8222 9476 3
8223 9454 1
8223 9704 3
8226 9750 2
8226 9571 1
8226 8911 2
8227 8812 1
8227 9621 5
8227 9928 1
8251 8654 5
8251 9657 5
8293 8624 1
8293 8750 1
8293 8874 14
8293 8597 1
8293 8606 1
8293 8724 1
8294 9313 4
8322 9813 3
8322 8868 1
8322 9141 1
8334 8898 5
8334 9551 1
8334 9817 2
8341 9720 1
8341 9790 1
8341 8940 1
8341 9285 1
8341 8668 1
8341 9621 28
8383 9257 1
8383 9463 5
8383 8694 1
8388 8601 1
8388 9073 3
8388 9489 1
8388 9081 1
8396 9226 1
8396 9841 5
8396 9320 1
8396 9615 1
8425 9652 4
8425 9270 56
8425 9821 1
8450 9826 1
8450 8869 1
8450 9538 2
8450 9670 1
8450 9770 2
8450 8658 5
8450 9299 1
8450 9454 4
8450 9542 1
8450 8708 2
8450 9313 2
8450 9654 3
8451 8710 1
8451 8865 3
8451 8713 7
8471 9726 1
8471 9345 1
8471 9395 2
8471 9704 1
8471 8676 1
8474 9141 1
8474 9354 1
8477 8997 1
8477 9107 1
8477 9114 2
8494 8871 1
8494 8884 1
8495 9415 1
8495 9713 19
8495 9912 2
8495 9447 1
8495 9338 1
8495 9577 1
8496 9812 1
8496 9566 1
8504 9367 8
8504 9599 3
8504 9669 3
8506 8801 9
8506 9028 1
8506 9322 2
8509 9526 20
8514 8726 1
8531 9526 3
8531 9096 1
8531 9333 1
8531 9763 1
8531 8711 1
8531 9403 1
8533 9055 1
8533 9392 1
8533 9757 1
8536 8784 1
8536 8636 2
8536 9211 6
8537 8776 2
8539 9222 1
8539 9491 1
8539 9320 1
8539 8783 1
8539 8557 8
8539 8855 1
8539 9434 1
8539 9088 1
8541 8798 5
8541 9917 3
8542 9916 2
8543 9076 1
8543 9285 1
8543 9555 2
8545 8926 2
8545 9446 8
8545 9638 1
8545 8745 2
8545 9491 1
8550 8557 1
8550 9911 1
8550 9396 1
8550 9992 1
8552 9304 55
8553 8584 1
8554 8882 2
8554 9267 1
8555 8988 3
8556 9967 2
8556 8658 4
8556 8835 29
8557 9062 1
8558 8560 2
8558 9608 1
8558 9924 1
8559 9422 1
8559 9570 1
8559 8705 1
8559 9556 1
8559 9845 1
8559 8782 1
8559 9063 15
8559 8912 1
8561 9346 1
8561 9677 1
8561 9282 1
8561 8807 1
8561 8938 7
8562 9502 2
8562 8609 1
8565 9288 5
8567 8920 1
8568 8595 2
8572 9240 1
8572 9001 1
8572 9555 2
8572 8720 1
8572 9924 1
8573 9304 1
8573 9540 3
8573 9964 1
8579 8969 1
8579 8590 1
8581 9226 3
8581 9477 1
8582 8717 1
8583 9362 1
8583 8824 1
8585 9998 1
8585 9570 2
8586 8590 1
8587 9009 1
8587 8626 1
8588 8788 1
8588 8825 1
8588 9050 1
8589 9747 1
8589 8859 1
8590 9039 1
8590 9563 2
8591 9174 2
8591 8681 1
8591 9805 5
8591 8623 1
8591 8693 1
8592 8947 1
8593 9680 1
8594 9838 2
8594 9731 1
8594 9017 1
8594 9170 1
8595 9815 4
8595 8673 3
8595 9677 3
8595 8999 1
8595 9431 2
8595 8621 6
8595 8950 2
8596 8848 2
8597 8687 1
8598 9027 3
8598 9044 1
8599 9836 1
8599 8790 1
8599 9055 1
8600 8947 1
8601 8958 4
8603 8871 1
8606 9920 3
8607 9861 4
8608 9380 2
8609 9252 2
8609 9359 1
8611 9762 7
8611 9623 1
8611 8865 1
8612 9395 1
8614 9649 1
8614 9054 1
8614 9588 7
8615 9802 1
8615 8700 2
8615 8687 1
8616 9216 6
8617 8799 4
8618 9003 18
8619 9756 2
8619 9027 1
8620 9130 2
8620 8855 2
8620 9350 2
8620 8973 4
8620 9905 1
8620 8904 1
8620 9388 1
8620 8978 1
8621 9085 2
8622 9912 1
8622 8797 2
8622 9152 2
8622 9916 1
8623 9863 12
8624 9802 2
8625 9376 2
8626 8975 1
8629 8824 3
8630 9778 1
8631 8731 1
8631 8785 3
8632 8741 2
8632 8914 3
8632 9788 3
8632 9858 1
8632 9687 1
8632 9331 1
8633 8858 2
8633 9024 1
8633 8767 1
8634 9060 6
8634 9357 1
8635 8641 1
8637 9982 2
8637 8876 1
8637 9241 1
8637 9818 2
8637 9501 2
8637 9658 1
8638 9638 1
8638 9924 3
8638 8883 1
8638 9585 2
8639 9745 7
8640 8965 1
8640 9170 2
8640 8858 1
8640 9479 1
8641 8757 1
8641 9778 3
8643 8947 1
8644 9004 6
8644 9600 3
8644 9682 1
8644 9749 10
8645 9290 1
8645 9383 1
8648 9879 1
8649 9048 62
8652 8839 1
8653 9695 1
8655 9082 4
8656 9970 4
8657 8706 3
8658 9026 2
8659 8891 1
8661 9185 1
8663 8749 2
8664 9062 1
8664 8838 1
8665 8694 4
8665 8701 1
8665 9881 1
8665 9898 2
8665 9944 1
8667 9242 13
8667 9485 1
8667 9559 1
8667 9567 1
8668 8939 2
8669 9572 1
8669 8807 1
8669 8688 2
8669 8722 3
8669 8795 2
8669 9511 1
8669 9854 6
8669 9599 1
8669 9652 1
8669 9761 1
8670 9966 4
8670 9083 1
8670 9606 1
8671 8749 2
8671 8755 4
8672 8833 1
8672 8825 2
8674 9139 2
8675 9784 1
8675 8848 6
8675 8992 1
8676 8992 1
8676 9085 1
8677 9016 1
8678 9389 2
8678 9001 1
8682 9863 1
8682 9380 2
8684 9876 2
8684 8881 14
8684 8928 2
8684 9434 3
8685 8837 5
8685 9323 1
8686 8766 1
8686 9356 2
8686 8715 3
8687 9186 1
8687 9163 1
8687 8784 8
8687 9407 4
8687 9892 1
8687 9939 1
8687 8864 2
8687 8911 16
8687 9536 1
8688 9534 3
8690 8907 5
8690 9061 2
8694 8854 2
8695 9239 1
8695 9506 1
8695 9775 1
8695 9068 1
8695 9345 1
8696 8838 1
8696 8811 1
8697 8939 1
8697 8897 3
8700 9136 1
8700 9662 3
8700 9060 1
8703 9913 1
8703 9450 1
8704 8961 1
8704 9297 1
8705 9920 2
8705 8948 3
8706 9125 1
8706 9179 1
8706 9263 2
8707 8805 1
8714 8901 1
8717 9465 15
8717 9368 2
8718 8749 1
8721 9952 1
8721 9296 1
8721 9213 1
8721 8765 1
8721 9753 14
8721 9869 22
8722 9168 7
8725 8805 1
8725 9032 2
8727 9704 1
8727 8996 4
8729 8941 7
8729 9012 2
8730 9301 3
8730 8922 4
8731 9102 1
8731 9687 1
8731 9264 1
8731 9171 1
8732 9008 1
8732 9400 1
8733 8824 2
8736 8901 3
8738 9062 1
8739 9303 1
8739 8992 1
8740 8935 1
8742 8992 1
8745 8896 1
8748 9703 1
8749 9232 1
8749 9225 1
8749 9283 1
8749 9055 1
8749 9188 1
8749 9261 13
8749 9605 1
8749 8851 1
8749 9378 43
8749 9592 1
8749 8936 1
8749 9137 2
8750 9710 1
8750 9020 1
8751 9230 1
8752 9899 3
8753 9048 1
8754 9861 1
8754 9745 2
8755 9360 1
8755 9799 1
8756 9849 24
8756 9407 2
8756 9971 2
8756 9870 1
8756 9156 1
8756 9315 1
8756 9707 3
8756 9968 1
8756 9973 1
8758 9772 2
8759 9050 1
8761 9012 1
8761 9303 1
8762 8869 1
8762 9224 19
8762 9136 1
8766 8963 1
8766 9820 2
8769 9812 1
8770 8829 1
8770 9088 1
8770 9653 1
8771 8992 1
8772 9548 3
8773 8838 1
8774 9772 1
8778 9656 2
8779 9368 4
8780 8825 5
8781 8860 4
8781 8805 1
8783 8805 1
8784 9048 3
8785 9022 1
8785 9822 21
8785 9791 1
8787 8975 1
8790 9012 1
8793 9211 2
8796 9832 1
8800 9435 1
8802 9288 1
8803 9429 31
8804 8980 3
8804 8920 1
8804 9747 1
8804 9779 1
8805 9444 1
8805 9494 1
8806 9458 29
8809 9288 1
8811 9767 1
8811 9202 1
8811 9687 1
8813 9112 2
8813 9217 2
8814 9401 4
8815 9163 1
8815 9999 1
8816 9844 8
8816 9916 1
8816 8832 19
8823 8840 5
8824 9267 1
8824 8957 1
8824 9595 1
8824 9646 1
8825 9670 1
8825 9186 3
8825 9557 3
8826 9632 2
8826 9895 1
8827 9038 5
8827 8830 6
8828 9022 2
8828 9411 2
8828 9911 1
8828 9620 1
8828 9865 2
8829 9059 13
8830 9060 1
8830 9473 3
8830 9682 5
8832 8967 1
8835 8963 4
8837 9348 1
8837 9887 5
8837 9733 1
8838 9945 2
8839 9204 1
8839 9466 10
8840 9601 1
8840 9926 2
8841 9624 3
8841 8970 1
8841 8871 1
8842 9635 2
8842 9230 2
8844 9756 1
8848 9979 23
8848 9001 1
8848 9674 1
8849 9012 1
8850 9333 1
8850 9423 2
8853 8893 3
8853 9729 1
8853 8915 40
8853 9915 1
8854 9129 5
8854 9378 1
8855 8877 6
8856 9410 20
8856 8971 2
8856 9734 1
8857 9647 2
8857 9232 68
8857 9242 5
8858 8969 8
8860 9561 1
8861 9182 33
8861 9999 6
8861 9726 1
8861 9978 3
8862 8963 2
8863 9054 8
8863 8914 1
8863 9209 2
8863 8997 1
8866 9362 1
8867 9297 1
8867 9021 1
8873 9703 2
8875 9861 1
8876 8953 1
8877 9714 1
8877 9881 4
8878 8944 1
8878 9138 1
8879 9065 1
8880 9613 2
8880 9670 1
8880 9007 1
8881 9048 7
8888 9322 1
8888 9815 1
8889 9901 2
8890 9082 1
8891 8918 2
8891 9821 1
8891 9667 2
8892 9994 1
8892 9833 1
8892 9189 1
8894 8972 4
8895 8961 5
8896 9015 1
8896 9866 2
8896 9546 3
8897 8917 1
8897 9406 1
8897 9651 1
8902 9380 1
8903 9850 4
8903 8970 2
8903 9923 1
8905 9370 1
8907 9075 2
8907 9151 1
8907 9942 4
8907 9678 1
8907 9825 1
8907 9914 1
8907 9917 13
8909 9329 3
8910 8922 2
8910 9108 2
8912 9139 1
8913 9458 1
8916 9756 1
8916 9016 1
8918 9802 2
8919 8969 5
8921 9485 1
8924 9958 7
8926 9085 1
8929 8975 5
8929 9038 1
8930 9050 1
8931 9450 1
8933 9672 1
8935 9419 1
8935 9327 1
8936 9016 3
8937 9197 3
8937 9504 1
8937 9334 1
8939 9484 1
8939 9874 6
8939 9128 1
8939 9510 1
8939 9614 1
8939 9634 2
8940 8992 2
8941 9089 1
8941 9915 2
8941 9736 1
8942 9656 2
8943 9160 2
8945 8987 2
8946 8988 2
8947 8973 1
8947 9188 21
8948 9374 1
8949 9689 2
8949 9501 1
8949 9320 14
8950 9185 1
8950 9061 1
8951 9889 2
8952 9212 1
8952 9272 2
8952 8994 3
8952 9524 2
8953 9110 5
8953 9519 1
8953 9118 1
8954 9044 1
8957 8974 2
8958 9590 1
8958 9649 1
8958 9595 1
8958 9096 2
8958 9810 2
8959 9288 3
8961 9315 13
8961 9084 1
8961 9138 2
8961 9725 1
8961 9349 1
8961 9659 1
8961 9812 2
8964 9282 10
8967 9023 23
8967 9924 1
8967 8977 1
8967 9825 1
8968 9813 1
8968 9701 1
8969 9794 1
8969 9739 1
8969 9682 8
8969 9983 2
8969 9905 6
8972 9686 1
8972 9649 3
8972 9982 1
8974 9079 2
8974 9220 1
8974 9296 1
8975 9619 1
8975 9049 200
8975 9832 1
8976 9132 1
8979 9450 1
8980 9064 1
8982 9013 1
8982 9297 1
8983 9072 1
8985 9250 4
8985 9405 1
8985 8997 2
8985 9119 2
8985 9649 1
8985 9907 1
8987 9632 1
8988 9975 1
8988 9509 3
8988 9046 1
8989 9061 46
8991 9027 4
8992 9852 1
8992 9799 1
8998 9334 1
9003 9747 2
9003 9823 3
9008 9065 1
9009 9126 1
9011 9832 3
9011 9103 1
9011 9514 2
9012 9739 5
9012 9143 1
9012 9632 1
9013 9517 1
9013 9583 1
9016 9512 5
9016 9894 1
9016 9941 1
9016 9981 1
9016 9874 2
9019 9820 2
9020 9779 1
9020 9075 2
9020 9316 2
9020 9774 13
9020 9997 1
9021 9582 1
9025 9174 1
9026 9470 1
9026 9887 1
9026 9166 2
9027 9143 2
9027 9805 1
9027 9704 1
9027 9954 1
9027 9421 22
9029 9956 2
9029 9830 19
9029 9469 1
9031 9407 1
9031 9769 1
9031 9925 4
9031 9992 1
9031 9154 1
9031 9584 2
9031 9908 1
9032 9356 1
9032 9895 1
9034 9617 5
9034 9937 1
9034 9602 1
9034 9240 1
9034 9406 1
9034 9441 1
9038 9188 2
9038 9608 2
9038 9479 2
9038 9073 1
9044 9895 1
9045 9458 1
9048 9441 1
9048 9838 2
9054 9297 1
9056 9106 16
9057 9458 1
9059 9117 4
9059 9823 2
9059 9970 4
9061 9225 1
9061 9213 2
9062 9261 1
9062 9685 1
9064 9469 1
9064 9894 1
9064 9489 1
9065 9437 1
9065 9396 2
9068 9656 1
9069 9146 1
9070 9936 1
9070 9600 1
9070 9846 1
9071 9556 7
9071 9501 1
9072 9350 1
9072 9713 4
9074 9296 1
9074 9412 1
9078 9160 5
9080 9212 3
9080 9094 1
9081 9323 3
9082 9790 1
9082 9608 1
9084 9879 4
9089 9861 3
9090 9772 3
9092 9703 4
9104 9458 2
9109 9219 1
9111 9920 1
9124 9160 1
9126 9602 1
9126 9688 1
9128 9297 1
9130 9553 1
9132 9954 3
9132 9484 1
9138 9879 1
9139 9652 1
9139 9256 1
9140 9644 2
9141 9802 1
9143 9370 2
9146 9903 1
9146 9465 1
9151 9756 5
9153 9365 1
9160 9628 1
9164 9297 1
9168 9908 1
9168 9767 1
9185 9236 2
9185 9986 1
9185 9760 1
9188 9593 1
9194 9683 1
9197 9450 4
9204 9680 2
9211 9889 1
9216 9879 7
9226 9863 1
9229 9266 8
9243 9710 1
9245 9332 2
9264 9863 1
9269 9784 2
9272 9534 1
9272 9740 83
9283 9695 1
9287 9862 1
9288 9760 1
9288 9893 1
9293 9380 1
9297 9999 1
9297 9591 1
9297 9340 2
9297 9724 2
9299 9902 1
9302 9703 1
9304 9553 1
9305 9766 1
9313 9448 3
9314 9889 4
9315 9772 3
9323 9524 1
9323 9572 2
9323 9676 2
9325 9534 1
9329 9821 1
9333 9703 2
9339 9553 1
9339 9695 1
9344 9534 6
9351 9415 2
9358 9594 1
9374 9401 1
9376 9604 2
9380 9894 18
9382 9529 2
9382 9901 1
9396 9745 6
9401 9759 1
9410 9565 4
9428 9464 6
9435 9580 2
9435 9909 19
9460 9710 1
9476 9695 7
9485 9618 1
9497 9889 1
9505 9515 1
9505 9680 2
9511 9703 3
9517 9703 1
9522 9879 35
9532 9740 1
9534 9911 1
9535 9740 22
9535 9553 1
9542 9565 1
9553 9899 1
9568 9930 2
9570 9772 2
9592 9618 1
9604 9902 1
9604 9802 1
9618 9885 131
9635 9879 1
9644 9948 1
9660 9695 1
9662 9740 1
9677 9902 1
9680 9808 1
9684 9702 1
9684 9720 2
9685 9703 1
9701 9953 1
9703 9838 2
9703 9915 1
9703 9967 1
9718 9740 4
9721 9802 1
9745 9809 1
9745 9932 2
9780 9889 1
9784 9805 1
9802 9803 1
9802 9909 7
9861 9994 9
