20 8625 5
20 9037 1
25 9189 1
43 8645 1
43 9639 1
43 9796 2
43 9256 1
48 9165 1
49 9523 1
49 9162 1
49 9775 3
54 8994 1
54 9612 1
54 9788 2
54 8786 1
54 9415 1
66 8751 1
66 9447 1
66 9471 1
66 8909 1
79 9060 1
79 9498 3
79 9892 1
79 8756 1
79 9007 4
79 9727 1
124 9083 1
124 9538 1
124 9797 4
136 9360 1
136 8808 16
136 9108 2
143 9239 1
143 9685 1
147 8823 2
147 8953 3
151 9552 1
151 9401 57
151 9995 2
151 9052 3
151 8866 2
151 9099 1
152 9221 10
152 9013 1
152 9467 3
152 9248 1
152 9634 1
152 9953 1
180 9840 7
180 8780 5
183 8967 10
183 9830 1
183 9852 112
183 9199 4
183 9233 1
183 9975 1
238 8866 10
238 8972 1
238 9674 1
238 9171 1
238 9402 5
250 9096 1
250 9619 1
250 9023 1
250 9159 1
255 9491 1
255 8777 2
255 8965 8
255 9619 1
255 8551 27
255 9213 1
270 9601 5
270 9713 2
270 9701 2
270 9828 4
270 9352 29
273 8637 4
287 9812 1
287 8735 2
293 9163 1
293 9713 2
293 8944 1
295 9686 4
304 8984 1
304 9916 1
304 8575 1
308 9909 1
332 8888 1
332 9449 1
332 9650 2
346 9434 39
346 9231 3
346 8943 1
346 9522 6
346 9001 1
346 8756 4
346 8779 1
347 9121 1
347 9082 1
347 9711 1
347 8657 1
347 9702 1
347 9950 1
348 8620 1
362 9189 1
362 9725 2
366 8548 1
366 9966 3
375 9099 1
375 8557 1
375 8958 1
383 8740 1
399 9456 1
401 8991 1
401 8998 1
401 9040 1
429 8969 2
429 9735 1
429 9454 1
429 9288 1
436 9189 1
436 8816 1
436 8762 1
436 9839 3
436 9364 3
443 9080 1
443 8901 1
443 8943 1
443 8851 1
447 8621 1
447 9202 1
447 8688 1
447 8823 4
447 9655 3
447 9980 3
450 9881 1
450 9121 2
484 9905 4
484 9085 1
503 5433 1
503 9882 1
503 8859 1
503 9703 1
503 8630 1
503 8957 4
503 9317 1
518 8660 1
518 9516 1
518 9028 1
518 8710 2
518 8995 1
521 8970 1
521 8742 10
521 9647 3
528 8796 1
536 9708 3
536 8787 4
536 9010 2
536 8919 2
537 9265 1
537 9348 12
544 8801 1
544 9530 2
549 8978 1
549 9492 1
549 9799 4
555 8918 1
555 9453 3
557 8949 4
557 9348 1
557 8597 1
557 8799 1
557 9970 1
557 9847 1
566 9323 1
566 9376 2
566 9652 1
586 8800 1
586 9715 1
588 9937 13
588 8608 1
588 9393 1
588 9392 1
588 9842 1
595 9712 4
595 9381 2
602 9269 1
611 8760 1
611 9513 1
611 8687 1
611 9487 200
611 9819 1
617 8577 1
617 8732 1
617 9729 1
619 9962 1
619 9690 2
619 8715 2
619 9993 1
627 9511 1
627 9533 1
627 9443 1
630 9334 1
645 9927 7
645 8972 3
645 9011 1
659 8867 1
659 8812 1
659 9223 1
662 9929 1
662 8950 1
663 9595 5
675 8792 1
675 9435 1
675 8637 1
680 9900 1
680 8888 1
691 9842 1
691 9880 4
691 8663 2
691 9813 6
704 8568 2
704 9644 6
704 9383 1
704 9848 1
704 9954 2
704 9467 8
705 9901 1
705 8894 3
716 8851 3
716 9862 1
716 9884 1
716 8576 3
742 8838 1
742 9558 2
742 9928 2
742 8916 1
742 8993 1
742 9274 1
743 9278 1
743 9123 1
744 9300 1
744 8620 3
744 8748 2
744 9077 1
746 9595 1
746 9275 5
746 9586 3
746 8932 1
746 9812 2
746 9824 1
747 8666 1
747 9674 1
747 9402 1
747 9037 2
779 9998 6
779 9176 6
779 9212 2
779 9935 1
779 9295 1
779 9511 2
779 9921 1
779 9964 1
785 8753 1
785 9679 18
785 9889 1
785 9797 1
785 9879 1
814 8910 2
814 8774 1
820 8904 1
820 9053 1
820 9551 1
820 9771 1
820 8677 6
820 9977 1
841 9506 1
841 9046 1
841 9901 1
841 9995 1
843 9451 2
843 8975 1
847 9803 2
847 9360 1
847 8963 1
847 9683 1
849 9803 1
849 8977 1
849 9032 2
855 8790 2
855 8827 1
855 9901 1
855 8654 200
855 8725 4
855 9190 7
857 9486 4
858 8599 12
859 9875 1
859 8943 2
859 9458 1
859 9806 4
863 9044 1
863 9567 1
869 9039 1
871 9835 1
871 8677 4
871 8903 1
894 9548 3
894 9060 1
894 9115 1
894 9136 1
894 9500 1
894 9777 6
894 9360 1
899 8975 5
899 8904 1
899 9109 1
899 9682 31
911 9180 1
911 8980 3
912 9674 1
912 8697 14
912 9200 4
912 9269 1
914 9282 18
914 8783 2
914 9768 2
914 9068 1
914 9469 1
935 9170 1
935 9593 7
935 9336 1
935 9720 1
945 8719 3
945 8930 32
945 8792 5
945 8656 1
945 9616 1
945 8999 2
945 9384 4
949 8769 2
949 8863 3
949 9322 3
949 8873 1
949 8751 1
949 8551 9
949 9096 3
955 9505 3
955 9448 1
967 9860 1
967 8646 1
967 9653 5
967 9158 6
967 9425 5
969 9498 1
969 8748 32
969 9037 1
969 9564 4
982 8563 6
982 9227 1
982 9377 3
1003 8843 1
1003 9159 7
1003 9889 3
1006 8687 1
1006 8564 7
1013 8594 1
1013 9794 1
1013 8753 1
1013 9812 1
1013 9373 1
1018 8626 1
1018 9042 5
1018 9713 1
1026 9438 1
1026 9249 1
1054 9927 12
1054 9482 1
1054 9814 1
1054 9001 1
1065 9332 1
1065 9232 6
1065 9562 1
1065 9842 1
1065 9867 2
1065 9922 2
1073 9177 1
1073 8898 4
1073 8817 1
1076 9567 1
1076 8891 1
1076 9759 1
1082 9000 1
1082 8930 1
1092 9441 2
1092 9187 1
1122 8628 1
1122 8973 2
1122 9170 1
1122 8917 2
1122 9548 1
1125 8994 1
1125 9398 2
1125 9620 1
1125 8913 1
1125 9007 1
1131 9598 1
1131 9579 2
1146 9075 1
1146 8663 9
1146 9208 62
1146 9960 4
1146 9433 1
1146 9924 2
1164 9229 1
1189 8894 2
1189 9326 1
1189 9151 1
1193 9358 1
1193 9003 1
1193 8855 3
1193 9234 1
1194 8771 2
1197 9735 3
1200 9739 9
1200 8803 2
1200 9533 4
1204 8765 1
1204 9731 1
1204 9802 4
1205 9583 1
1205 9507 1
1205 8735 1
1205 8870 1
1205 8599 2
1205 9735 1
1210 9363 1
1210 8661 1
1222 9924 4
1222 9784 4
1222 8658 1
1222 8693 2
1222 8701 1
1231 9265 1
1231 8990 1
1231 9944 3
1233 8737 1
1233 9583 1
1233 8576 1
1233 8948 65
1233 8863 14
1233 8949 1
1233 9544 1
1233 9592 1
1253 9661 1
1254 9021 1
1254 9809 1
1254 8811 11
1254 9031 1
1254 9962 1
1254 9639 7
1301 9180 1
1301 9455 1
1317 8546 1
1317 8910 5
1317 9778 1
1317 8892 1
1317 8957 6
1317 9345 3
1317 9698 1
1317 9887 1
1323 9206 1
1323 9619 1
1323 8715 1
1323 8942 1
1323 8760 1
1327 9304 1
1327 9492 6
1327 9840 2
1343 9887 1
1343 8934 1
1343 9566 6
1343 9706 4
1343 8944 3
1343 9288 1
1343 8609 16
1343 8620 1
1343 9095 1
1343 9381 2
1347 8705 6
1354 8549 1
1354 8708 1
1354 9724 6
1362 8553 1
1362 8588 1
1362 9408 5
1362 9667 3
1364 9153 1
1364 9725 2
1364 8905 1
1364 8999 1
1364 9221 5
1364 9460 1
1364 9185 1
1364 9409 1
1369 9471 4
1372 8900 2
1372 9040 1
1372 9077 1
1372 8662 2
1372 9948 1
1372 9841 1
1374 8856 2
1374 9049 1
1374 9363 2
1394 9884 1
1394 9494 1
1394 9955 20
1394 9021 17
1394 9358 1
1404 9944 3
1404 9637 1
1404 9011 1
1404 9542 1
1412 9591 1
1412 9063 3
1427 8980 1
1427 9464 1
1427 9957 1
1427 8671 2
1435 9790 3
1435 9030 2
1445 9247 1
1445 9149 5
1448 9546 1
1448 9715 1
1448 9409 1
1448 8639 1
1448 9238 3
1448 9139 2
1462 9274 1
1462 9979 1
1462 9557 2
1462 8936 1
1462 9883 3
1462 9000 2
1501 9331 1
1501 9853 1
1501 9363 1
1501 9755 1
1501 8651 2
1511 9155 2
1525 9743 1
1525 9141 1
1560 8810 2
1560 8725 1
1560 9427 1
1560 9948 1
1560 8753 1
1560 9609 1
1582 9872 1
1582 9133 1
1582 9622 1
1582 9891 1
1591 9602 1
1591 9299 1
1591 9745 1
1591 8655 2
1591 8967 1
1635 9105 2
1635 9721 28
1640 9141 2
1640 8737 1
1640 9269 2
1640 9703 4
1640 8572 1
1640 9048 4
1640 9411 5
1640 9233 1
1640 9240 1
1640 9745 1
1640 8555 1
1640 9527 1
1640 9666 1
1668 9021 1
1668 9082 1
1680 8977 2
1680 9382 4
1680 9433 1
1680 9520 13
1680 8704 4
1687 9453 1
1687 8548 200
1687 9259 1
1687 9108 3
1687 8567 5
1687 9912 1
1687 8898 1
1687 9588 1
1687 9605 5
1711 9447 1
1711 9978 1
1711 9670 1
1711 9804 3
1721 8942 1
1721 9784 1
1721 8871 1
1721 9831 1
1746 9957 3
1746 9254 1
1746 9077 2
1748 9793 5
1748 8726 1
1748 9214 1
1748 9186 4
1748 9246 1
1748 9448 2
1748 8983 1
1752 8954 2
1752 9588 1
1752 9721 1
1756 8744 1
1756 9817 1
1756 8783 1
1756 8863 2
1756 9374 1
1771 9402 1
1771 9497 1
1771 9842 2
1771 9612 1
1771 8959 2
1773 9164 1
1773 9248 2
1773 9916 2
1773 9850 1
1773 8990 1
1773 9285 3
1773 9220 1
1773 9370 1
1773 9938 2
1774 8893 2
1774 9265 1
1774 9610 1
1774 9515 12
1781 9471 1
1781 9491 1
1781 8651 7
1781 9364 1
1781 9961 8
1787 9732 2
1787 9441 1
1787 9860 12
1787 8873 3
1787 9469 1
1787 8969 1
1787 9631 1
1787 9882 7
1792 9470 4
1792 8791 13
1792 9048 2
1792 9384 3
1792 8660 2
1792 9117 2
1792 8737 9
1792 9401 1
1809 9971 1
1809 8783 1
1810 9391 1
1810 9171 1
1821 8792 29
1821 9554 2
1822 9505 1
1822 8828 1
1827 8583 1
1827 9905 3
1827 9922 18
1827 9853 1
1832 9730 1
1832 9482 1
1832 9507 3
1832 9715 2
1838 9601 1
1895 8716 8
1895 9805 1
1895 9073 14
1895 9352 1
1895 8640 1
1895 8808 1
1895 8934 3
1895 9403 1
1903 8702 11
1903 8757 1
1903 9723 2
1904 9676 1
1904 9322 1
1920 8632 1
1920 8901 1
1920 8573 2
1920 9703 1
1941 9188 1
1946 9485 1
1946 9591 1
1947 9099 2
1947 9286 1
1954 9608 5
1954 9460 2
1954 9676 1
1961 9431 1
1961 9446 1
1972 8660 2
1972 9204 2
1982 8545 1
1982 9295 2
1982 9610 1
1982 8751 3
1988 9695 2
1988 9725 8
1988 9358 1
1988 9835 1
1999 8563 7
1999 9388 2
2018 8818 1
2018 9673 50
2018 8769 1
2018 8828 1
2018 8600 2
2018 9293 2
2018 9646 1
2024 8673 1
2024 9336 1
2024 9391 1
2030 9993 1
2030 8775 53
2030 8963 1
2042 9694 2
2042 8716 3
2048 9387 1
2048 8838 1
2048 9427 1
2063 8953 1
2063 9709 1
2070 9037 200
2070 9934 1
2071 8979 1
2071 9177 8
2071 9683 1
2071 8717 1
2072 9433 1
2073 9451 2
2073 9401 2
2073 9497 1
2073 9298 2
2073 8717 1
2073 9533 6
2073 9934 6
2082 9121 1
2082 9398 1
2089 8716 3
2089 8914 1
2089 9767 1
2106 9717 12
2106 8720 1
2123 9927 1
2127 8970 3
2127 9573 6
2127 8913 1
2127 9506 1
2131 8823 1
2131 9082 3
2131 8750 2
2131 8983 9
2131 9802 11
2131 8570 2
2131 8937 35
2136 9559 1
2136 9812 1
2136 9653 5
2136 9600 3
2167 8719 1
2167 9154 1
2167 9239 1
2167 9606 3
2167 8923 4
2183 8732 4
2183 8818 17
2183 8954 1
2183 9937 5
2183 9073 25
2183 9378 18
2183 8595 1
2185 8732 2
2185 8772 1
2185 9859 1
2186 8735 2
2186 9361 10
2188 9616 2
2188 8744 1
2188 8755 10
2191 9835 70
2191 9295 1
2191 9173 1
2191 9177 1
2191 9872 1
2191 9262 3
2203 9018 1
2203 9466 2
2225 8999 1
2233 9262 1
2233 9432 1
2233 9168 1
2233 9718 2
2233 9065 1
2246 8977 1
2246 9109 1
2246 8625 1
2279 9782 2
2279 8965 1
2279 9775 12
2279 9621 1
2282 9367 6
2282 8712 1
2282 8843 1
2282 8869 1
2285 9505 1
2285 9468 2
2285 9835 7
2290 8879 4
2290 9474 2
2293 9208 1
2293 9207 3
2293 9068 4
2293 9921 1
2293 9878 2
2299 8930 1
2299 9295 4
2299 8707 2
2300 9151 1
2300 9432 1
2300 9810 1
2302 9282 3
2302 9487 1
2302 9041 1
2313 8937 3
2320 9728 2
2320 9194 1
2371 9955 1
2371 9170 1
2371 8889 1
2371 9195 2
2375 9344 5
2375 8746 1
2375 8705 1
2375 9049 1
2375 9605 1
2375 9787 1
2375 8790 2
2386 9637 1
2386 9996 1
2400 9673 1
2400 9844 1
2400 9669 1
2404 9847 5
2405 9469 1
2405 9107 1
2405 9977 2
2405 8587 1
2405 9668 1
2421 8986 1
2464 9019 6
2464 9860 1
2464 9996 5
2464 9825 4
2465 9201 1
2465 8828 2
2465 9446 1
2465 9422 22
2509 9951 9
2509 9935 1
2509 9208 3
2509 9201 3
2509 8912 1
2531 9772 1
2531 8901 1
2540 9259 2
2541 9477 1
2543 8559 2
2543 9142 1
2543 9358 1
2543 8826 3
2543 8622 7
2543 8686 7
2543 9706 1
2543 9630 2
2543 9927 1
2598 8745 3
2598 9415 1
2598 9282 1
2598 9344 5
2598 8681 1
2598 9838 38
2598 8614 1
2598 9438 1
2616 9249 1
2616 9640 1
2622 9144 6
2622 9173 1
2625 9260 1
2625 9095 1
2625 8942 1
2625 9015 1
2625 9044 1
2625 9820 2
2636 9301 1
2636 8670 1
2657 9928 1
2657 8921 1
2657 9625 1
2666 9200 3
2666 9282 10
2666 8572 10
2666 8636 14
2666 8992 4
2666 9522 6
2666 9801 1
2666 9850 1
2674 9226 1
2674 9358 1
2674 8628 1
2674 9515 2
2674 9872 2
2675 9231 1
2675 9015 4
2675 9304 1
2675 9470 1
2675 9199 4
2676 8614 1
2676 8942 14
2689 9803 1
2689 9729 4
2689 9341 1
2689 9730 1
2689 8551 1
2689 8757 1
2689 8793 1
2689 9900 6
2707 8661 5
2707 8799 1
2707 9288 31
2707 8882 3
2707 9431 2
2707 9039 1
2707 9904 2
2708 9810 1
2723 9345 1
2723 8802 1
2723 9029 1
2723 9094 1
2748 9322 1
2748 9513 4
2748 9545 1
2748 9900 1
2748 9923 1
2779 8708 11
2779 9955 5
2780 8929 2
2780 9814 1
2781 9113 1
2781 9186 3
2785 8739 2
2791 9580 1
2791 9824 1
2791 9110 2
2791 9115 1
2791 9787 2
2806 9833 1
2806 9431 2
2806 8667 2
2816 9403 38
2816 8833 5
2816 8859 1
2816 9290 2
2846 9576 1
2846 9447 2
2867 8940 4
2867 9736 1
2867 9861 2
2871 8820 1
2871 8992 4
2871 9128 3
2888 9727 1
2888 9671 1
2889 8779 57
2889 9964 1
2924 9622 1
2926 9028 1
2926 9489 2
2926 9492 1
2927 9134 1
2938 9047 7
2938 9837 1
2946 8826 1
2946 9481 1
2946 8963 1
2946 9583 1
2946 8966 1
2946 9189 1
2959 9873 3
2959 8627 1
2959 8630 1
2959 8856 2
2959 8880 1
2959 9849 4
2963 8756 1
2963 9097 1
2963 8853 1
2996 9248 16
2997 9481 1
2997 9139 3
2997 9050 1
2997 9489 1
2997 9086 7
2997 9619 3
3008 8963 5
3008 9523 1
3014 9448 1
3016 9910 2
3016 8766 2
3026 9168 14
3026 9876 6
3026 9391 1
3026 9941 1
3046 9830 1
3046 9974 1
3046 9394 1
3072 9795 6
3072 9288 3
3094 9895 1
3094 8719 3
3094 8955 1
3094 9963 25
3100 9665 1
3100 8568 1
3100 9423 1
3100 8800 2
3100 9407 3
3108 9727 1
3108 8564 1
3108 8624 1
3108 9714 2
3118 9072 3
3118 9137 1
3121 8731 1
3121 9259 1
3136 8990 2
3136 9935 1
3138 8838 1
3138 9704 1
3138 8876 4
3138 8873 1
3142 8989 1
3142 9674 1
3147 9411 13
3147 9163 1
3147 9441 4
3167 9381 1
3167 9979 4
3167 9326 1
3167 8742 1
3167 9252 1
3172 8708 1
3172 8570 2
3172 8641 1
3199 9351 1
3199 9029 4
3200 9831 2
3200 9149 1
3200 9550 3
3200 9679 16
3204 8969 1
3204 9528 200
3204 9312 1
3204 9229 1
3221 9582 1
3221 9616 1
3221 9223 1
3221 8693 200
3221 9859 1
3221 9298 2
3221 9710 5
3227 8624 1
3227 9882 4
3241 8969 1
3241 8992 1
3241 8948 2
3241 9209 6
3242 8962 1
3265 9305 3
3265 9695 2
3265 9387 1
3265 9431 1
3265 9807 2
3290 8826 1
3290 9896 21
3314 8826 1
3314 9595 1
3315 8734 1
3315 9609 1
3315 9644 1
3315 9203 1
3315 9476 1
3319 8715 1
3319 8671 3
3319 9165 1
3319 9670 1
3325 9504 1
3325 9860 1
3341 8813 1
3341 9203 1
3341 9221 1
3341 8703 2
3341 8967 3
3341 9421 1
3341 9004 1
3341 9375 2
3341 9399 1
3392 9850 1
3392 9734 2
3392 8553 1
3397 9895 2
3397 8992 1
3397 9095 18
3397 9299 1
3406 9398 1
3406 9888 1
3422 9867 1
3422 9367 1
3422 9615 1
3441 9448 5
3441 9753 1
3441 8683 1
3441 8800 1
3441 9835 1
3441 8560 1
3441 9931 2
3447 9099 2
3447 8798 2
3447 9739 1
3447 8754 1
3457 9656 1
3457 9635 5
3471 8587 1
3471 9912 1
3471 9812 1
3471 9904 1
3487 9120 1
3492 9164 1
3492 8577 14
3492 8639 4
3492 9190 2
3492 8905 5
3492 9173 1
3492 9369 4
3492 8708 1
3492 9331 3
3492 9696 1
3518 9080 1
3518 9268 2
3518 9882 200
3518 8904 1
3518 9043 1
3521 9112 1
3525 8608 1
3525 9665 1
3527 8965 1
3527 9188 2
3531 8762 1
3531 9530 1
3531 8910 2
3534 8967 1
3534 9816 1
3535 9828 1
3535 9344 2
3536 9879 1
3536 9304 3
3536 9528 1
3536 8926 1
3537 9249 1
3537 9870 6
3538 8813 1
3538 9834 1
3543 8738 1
3543 9019 1
3543 8553 9
3543 8702 1
3543 9693 1
3543 8579 1
3555 9399 1
3555 8599 1
3555 9040 1
3555 9173 1
3571 8978 1
3571 9185 1
3571 9486 1
3571 9559 1
3577 9007 1
3577 9954 2
3584 9288 1
3584 8843 1
3584 8564 1
3584 9041 17
3589 9597 1
3589 9966 13
3589 9019 1
3589 9974 1
3609 9692 1
3609 9866 1
3609 8755 1
3609 9836 2
3612 9269 2
3612 9613 1
3631 9527 1
3631 9782 2
3631 8594 1
3631 9802 2
3631 8820 1
3631 9507 1
3631 9768 1
3631 8575 1
3631 9154 1
3643 9209 3
3670 8803 1
3670 9154 1
3670 8683 2
3670 9465 4
3685 9068 1
3685 9063 1
3685 9484 1
3685 9623 3
3685 9624 1
3685 8735 1
3685 9536 2
3685 9848 2
3696 9536 3
3696 8594 1
3702 9226 3
3702 8827 1
3702 9466 1
3718 8947 1
3718 8658 4
3737 9010 1
3737 9527 2
3737 9865 1
3744 9391 3
3744 9154 1
3758 8645 1
3758 9130 1
3758 9597 1
3758 9675 1
3770 9180 2
3770 9083 1
3770 9248 2
3773 9494 1
3773 8763 1
3773 9462 1
3773 9912 1
3783 9240 5
3783 9715 1
3783 9304 4
3783 9349 1
3783 9080 1
3783 8961 1
3783 9341 1
3783 9739 1
3791 9711 1
3791 9010 1
3791 9204 2
3791 9014 7
3791 9267 1
3794 9665 1
3794 9861 47
3794 9010 1
3794 9156 4
3794 9730 2
3830 9524 1
3830 9176 2
3831 9678 1
3831 8620 1
3833 8888 4
3833 9045 1
3833 9216 1
3837 9176 3
3837 9268 1
3837 9698 1
3837 9211 1
3866 9622 1
3866 9213 1
3866 9214 1
3866 8843 1
3878 8848 3
3878 9003 1
3878 9217 1
3880 9409 1
3880 9190 1
3880 9654 1
3880 8622 2
3880 9895 1
3880 9971 1
3880 8911 1
3884 9151 1
3904 9427 1
3904 8614 2
3904 9700 1
3904 9469 1
3904 9685 1
3904 9562 5
3913 8628 1
3913 9132 4
3913 9348 1
3940 9259 1
3940 9176 1
3940 9357 1
3940 8838 2
3950 9714 1
3950 9862 2
3951 9788 1
3951 9721 1
3951 8552 2
3951 8609 6
3951 9505 11
3953 9809 1
3957 9425 1
3957 9821 3
3957 8628 1
3957 9794 1
3957 9888 1
3957 9292 13
3957 9386 2
3957 9513 24
3960 9042 1
3960 9923 1
3966 9010 2
3966 8716 1
3966 8857 2
3966 9684 2
3969 9558 10
3969 8745 1
3978 8873 1
3981 9813 1
3981 9175 3
3991 9799 1
3991 9876 1
3995 9656 1
3995 9216 1
3995 9331 1
3995 9921 2
3995 9319 1
3995 9554 1
3995 9607 2
4004 9924 1
4004 8687 3
4004 9917 1
4004 9964 5
4004 8640 1
4010 8911 4
4019 9144 6
4038 8629 1
4038 8875 93
4038 9140 5
4044 8671 6
4044 9296 1
4044 9028 1
4044 8597 3
4044 9369 1
4062 9132 1
4062 9249 2
4062 8833 3
4072 8673 1
4072 8703 1
4073 9223 2
4073 9266 1
4073 9410 2
4073 9461 2
4073 9468 1
4073 9379 2
4073 8577 13
4073 9141 1
4073 9535 1
4073 9866 3
4073 9886 1
4086 9130 3
4086 9857 1
4086 8663 1
4086 9374 1
4086 9461 1
4086 9917 4
4086 9720 1
4098 9501 1
4098 8652 1
4098 9256 1
4104 9708 1
4104 8968 2
4104 9272 1
4104 9157 1
4104 9847 1
4119 8587 5
4129 8796 6
4129 8593 1
4129 8829 1
4129 9745 2
4129 9778 3
4134 8630 1
4134 8916 1
4134 9826 1
4135 9387 1
4135 8981 1
4135 9249 5
4137 8957 1
4137 9026 1
4137 8970 4
4151 8717 1
4151 9838 1
4151 9865 10
4151 8674 1
4158 9151 1
4158 9523 2
4158 9044 3
4158 8704 1
4158 8661 1
4158 9294 1
4172 9456 1
4172 8856 4
4172 9928 1
4172 9624 2
4172 9160 1
4172 9393 1
4172 8793 1
4177 9931 4
4177 9078 3
4177 9285 2
4177 8554 1
4177 9796 1
4190 8838 1
4190 9107 1
4190 8799 5
4190 9603 1
4190 9635 2
4190 9880 2
4202 8670 1
4202 8801 1
4202 9397 1
4202 8687 2
4202 8796 1
4202 9456 1
4215 8791 2
4220 9133 1
4220 9286 6
4220 8673 1
4220 9114 1
4221 9844 3
4232 8869 2
4232 9625 5
4232 9698 2
4232 9076 1
4232 9168 1
4232 9313 33
4248 9113 3
4248 8546 7
4248 9468 1
4248 9665 2
4264 9566 3
4264 9483 4
4276 8704 7
4276 8772 1
4276 9420 1
4276 9747 1
4276 8990 1
4276 9686 2
4288 8669 148
4288 9239 1
4288 9260 1
4292 9040 1
4292 8934 1
4292 9898 1
4308 8893 1
4308 9108 1
4308 9221 3
4308 9881 1
4308 8619 1
4308 9076 17
4371 9893 2
4372 9134 1
4372 9885 200
4372 8740 1
4377 8670 1
4377 8947 1
4383 8962 1
4383 9545 5
4383 9134 7
4387 9943 2
4387 8691 1
4387 9504 2
4387 9512 1
4390 9056 1
4390 9782 33
4394 8808 1
4394 8892 2
4394 8638 1
4394 9206 1
4394 9980 1
4413 9193 5
4413 9332 1
4414 9097 4
4414 9924 1
4414 8646 2
4414 9378 1
4414 9718 1
4414 9742 1
4414 9908 1
4420 9260 1
4420 8980 1
4420 9941 1
4420 8569 1
4435 9712 2
4435 9536 1
4435 9018 1
4435 9497 1
4439 8607 1
4439 9425 1
4439 9679 2
4439 8918 1
4439 8971 1
4455 8756 3
4455 9488 1
4455 9501 1
4455 9815 1
4458 9701 1
4458 8929 1
4458 9559 1
4464 8569 1
4464 8600 1
4464 9849 1
4464 9910 1
4464 9303 2
4473 9553 1
4475 9171 1
4475 9996 2
4475 8766 17
4475 9630 1
4475 9136 1
4475 9516 1
4475 8786 1
4475 9393 2
4494 8614 1
4494 8801 1
4497 9080 2
4506 9628 1
4506 8726 3
4506 9157 1
4506 9281 1
4506 9153 17
4506 9929 1
4542 8551 2
4542 9695 2
4548 9050 1
4548 8787 2
4548 9339 3
4548 9427 1
4560 8882 1
4560 9354 1
4560 9799 1
4560 9734 2
4560 9019 2
4560 9883 1
4560 9922 19
4560 8977 91
4560 8736 4
4560 9323 1
4562 9295 2
4562 9377 1
4562 9368 2
4563 9158 1
4563 9281 1
4563 9163 3
4571 9073 8
4571 8983 2
4571 8950 1
4571 9241 1
4571 9333 2
4573 9465 1
4573 9075 3
4587 9723 2
4587 9708 5
4587 8651 4
4598 9096 1
4598 9906 1
4604 9870 1
4612 9046 2
4612 9741 1
4612 9735 1
4612 8631 4
4638 9323 6
4638 9097 2
4638 9210 1
4656 8619 1
4656 8654 1
4656 9280 1
4656 9434 76
4656 8850 2
4656 9314 2
4656 9212 1
4656 9894 5
4663 9493 1
4663 8900 4
4682 8874 1
4682 9695 6
4682 8728 1
4682 8880 1
4688 9363 6
4688 8775 8
4710 9881 12
4717 9655 1
4717 9978 1
4717 9788 1
4725 9671 1
4726 9809 2
4726 9684 1
4726 9226 8
4741 8889 1
4741 8568 6
4759 9965 1
4759 9237 25
4759 9467 21
4759 9755 1
4759 9911 1
4763 8866 130
4763 8621 1
4763 9530 7
4763 9924 3
4763 9961 1
4763 8554 1
4785 9857 2
4785 9941 6
4785 9195 1
4785 9232 1
4794 9837 1
4794 8790 1
4794 8880 7
4794 8866 3
4794 9410 1
4795 9349 2
4795 9094 1
4795 9461 10
4801 9155 1
4801 9477 2
4801 8827 8
4801 8667 2
4801 8857 1
4801 9000 2
4801 9075 3
4801 9209 2
4801 9391 1
4801 9910 2
4803 9891 2
4812 8646 1
4812 8869 1
4812 9582 1
4814 9229 4
4814 8892 1
4814 9734 1
4814 9893 2
4834 9661 1
4842 9086 1
4854 8589 2
4854 9573 6
4862 9834 1
4862 8756 1
4862 9331 2
4862 8688 1
4862 9203 1
4862 9950 1
4866 8636 1
4866 9256 1
4866 9411 12
4873 9760 3
4873 9459 4
4878 9317 1
4878 9824 1
4878 9129 1
4878 9367 1
4878 8582 1
4878 8919 2
4878 9073 3
4906 8660 2
4906 9524 1
4915 9446 1
4925 8969 1
4925 9056 4
4925 9078 1
4925 9621 3
4925 9880 2
4945 9171 1
4945 9254 1
4945 9383 1
4945 9880 1
4945 8563 1
4945 9582 1
4945 9717 1
4962 8981 1
4962 9895 1
4985 9083 1
4988 9873 1
4988 9644 1
4988 8871 1
4992 9139 1
4993 9085 23
4993 9775 1
4993 9908 2
4993 9807 2
4993 9319 5
5021 9159 1
5021 9983 4
5021 8621 1
5021 9048 1
5038 8729 1
5038 8577 2
5038 9187 1
5042 8903 1
5042 9388 1
5084 9721 3
5084 9870 1
5104 8840 86
5104 9156 1
5104 9353 2
5104 9493 1
5134 9929 1
5134 9159 6
5134 9421 1
5134 8729 1
5134 9576 2
5134 9653 2
5135 8930 1
5135 9795 1
5135 9180 3
5138 9420 1
5138 9602 1
5138 8778 1
5138 8791 4
5138 9896 1
5138 8970 22
5138 9971 1
5149 9410 1
5149 8966 1
5149 9422 1
5149 8683 1
5151 8579 3
5153 9927 1
5153 9525 2
5153 8818 18
5153 9701 1
5163 8893 1
5163 9857 1
5168 9002 6
5168 9951 2
5169 8968 2
5169 9337 1
5169 8816 1
5169 8953 10
5172 9754 3
5172 9974 1
5172 8646 1
5172 9315 3
5172 9726 3
5173 9501 2
5173 8577 1
5173 9345 1
5173 9697 1
5179 9813 1
5179 8710 1
5179 9234 1
5179 8869 1
5179 8962 3
5180 9901 1
5188 8748 8
5188 9128 2
5188 9795 3
5189 9370 2
5189 8669 1
5189 9790 1
5189 9124 1
5189 9375 2
5224 8748 5
5224 9273 5
5224 8780 1
5224 9107 1
5224 9860 1
5242 9388 2
5242 8624 1
5242 8740 1
5242 8687 6
5242 8638 1
5242 8810 16
5242 8779 1
5242 8627 1
5242 9629 1
5262 8708 1
5262 9943 1
5262 8675 1
5264 9083 4
5264 9339 2
5267 9086 1
5267 9471 1
5267 8811 1
5267 9646 3
5267 9402 1
5267 9601 5
5267 9773 1
5268 8906 1
5268 8816 1
5268 9153 5
5268 9690 1
5268 9725 1
5283 9755 1
5283 8548 1
5283 8549 1
5283 9631 1
5308 9266 16
5308 8621 1
5308 9815 1
5308 9487 1
5308 8573 1
5308 9697 3
5308 9557 11
5326 8940 3
5326 9594 2
5326 9702 1
5328 8992 2
5328 8632 2
5328 9525 6
5330 8576 1
5330 9898 3
5330 9767 1
5330 9931 1
5330 9192 56
5335 9504 4
5335 9172 1
5335 9592 2
5335 9957 1
5342 8677 2
5342 9029 3
5342 9488 1
5342 9873 1
5343 9889 1
5343 9353 3
5345 9767 2
5345 9387 2
5345 9841 1
5345 9294 1
5345 8550 1
5345 9106 4
5345 9946 1
5349 8906 45
5349 9435 3
5361 9303 1
5400 8792 1
5400 8906 1
5400 8715 1
5400 9319 1
5405 8821 2
5412 9238 45
5412 9910 1
5412 9682 1
5412 9865 1
5412 8875 3
5412 9322 1
5412 8957 1
5412 9334 1
5412 9690 1
5412 9540 1
5412 9688 1
5433 8760 1
5433 9030 1
5433 9666 1
5433 8765 1
5433 8771 1
5433 9708 7
5436 9975 1
5446 9003 5
5446 8548 3
5446 9656 2
5446 9896 1
5446 8967 1
5446 9667 3
5446 9687 1
5446 8762 1
5453 9495 1
5453 8883 1
5453 9423 2
5453 8628 1
5453 8968 1
5455 9735 1
5455 8989 1
5455 9572 1
5461 8698 1
5461 9702 3
5461 8884 4
5461 9031 1
5463 8930 1
5463 9351 1
5463 9174 1
5472 8694 12
5472 9623 3
5487 9391 1
5487 9650 3
5487 9753 2
5487 9129 1
5487 9327 1
5487 9484 4
5487 8563 4
5487 9454 1
5508 8787 1
5508 9993 3
5508 8816 1
5508 9160 1
5508 9544 2
5536 9181 1
5536 9815 2
5536 9955 1
5536 9657 2
5536 9286 13
5536 9528 1
5536 9623 1
5536 9828 6
5560 8558 6
5560 8697 6
5560 8866 16
5560 9816 1
5574 8721 1
5574 8703 4
5574 9153 11
5574 9231 1
5574 9494 1
5581 9464 1
5581 9808 2
5581 9820 2
5581 8809 1
5581 8594 2
5581 9265 1
5586 9562 1
5586 9082 3
5586 9188 1
5586 9216 1
5586 9706 1
5620 8855 1
5620 9002 1
5620 9828 1
5620 9194 10
5620 8655 1
5620 8698 13
5620 9937 2
5635 9628 1
5640 8916 1
5642 9711 1
5642 9815 3
5642 9368 3
5642 9043 3
5642 8559 1
5642 9476 1
5642 9192 1
5642 9743 8
5642 9916 1
5648 9377 1
5648 8866 4
5648 9435 1
5648 9300 1
5648 9053 2
5648 9287 1
5648 8694 1
5648 9871 1
5650 8829 1
5650 9908 2
5650 9749 4
5650 9800 1
5662 8607 1
5662 9564 1
5662 9504 1
5662 8726 1
5664 9603 2
5664 9312 2
5664 9944 1
5677 8895 1
5677 9495 1
5698 8658 1
5698 9352 1
5698 9977 2
5698 9604 9
5698 9652 3
5698 9764 2
5698 9951 4
5698 8629 1
5698 9481 1
5698 9209 1
5698 9357 4
5698 8654 1
5698 8693 1
5698 9347 4
5698 9821 1
5725 9697 1
5725 9848 1
5725 9410 1
5725 8588 1
5725 9216 1
5725 8936 7
5739 8726 3
5739 8929 1
5739 9429 1
5741 8999 19
5741 9221 1
5741 9389 1
5751 9685 1
5751 9764 18
5755 9731 1
5755 9044 1
5755 9299 4
5755 9593 1
5777 9546 3
5777 9692 1
5803 9072 19
5803 9934 3
5803 8765 1
5803 9620 1
5803 9712 1
5803 9975 1
5828 9963 1
5828 8941 4
5828 9087 1
5828 9983 2
5828 8778 1
5828 9364 1
5845 9252 1
5845 9817 11
5845 8910 1
5845 8893 5
5852 8728 1
5852 9079 2
5852 8916 3
5852 9419 1
5876 8675 1
5876 9635 5
5876 9425 1
5876 8886 1
5876 8660 1
5890 8639 2
5899 9926 2
5899 9373 1
5899 9347 3
5899 8738 1
5899 8649 4
5899 9545 1
5908 9770 2
5908 8817 1
5908 9336 1
5908 8996 1
5912 9602 1
5912 9294 2
5912 9374 23
5912 9853 1
5912 9390 1
5912 9701 1
5919 8983 7
5919 9105 1
5943 9056 2
5943 9810 1
5959 9693 1
5959 8697 2
5959 9192 1
5959 9280 7
5959 9123 1
5959 9324 4
5959 9681 1
5962 9474 7
5962 9988 7
5967 9689 36
5967 9542 4
5969 9016 1
5969 8968 3
5969 9338 2
5980 9848 1
5980 9582 1
5980 9240 2
5980 8624 4
5980 9268 5
5982 8661 1
5984 9592 1
5984 9805 1
5984 9753 2
5985 8558 1
5985 9253 6
5996 8821 1
5996 9808 1
6003 9114 1
6005 9349 17
6012 9304 1
6045 9360 1
6056 8901 1
6056 8923 2
6056 9339 2
6056 9831 1
6056 9018 1
6056 9955 12
6056 9547 4
6056 9680 2
6087 9301 1
6087 9652 1
6087 8567 4
6094 8937 3
6094 9680 3
6094 8903 1
6094 9475 3
6107 9421 13
6107 9202 1
6107 9379 1
6107 9838 1
6139 8792 2
6164 9558 1
6164 8975 1
6164 9016 7
6164 9573 1
6164 9852 9
6193 8608 1
6193 9455 5
6193 9265 1
6200 8787 1
6200 9608 1
6200 8738 1
6203 8833 3
6203 9540 1
6203 9905 2
6209 9144 1
6214 8771 1
6214 9271 1
6253 9422 2
6262 9158 1
6262 9336 1
6262 9400 1
6262 9546 1
6262 9928 1
6264 9962 200
6264 9104 3
6264 9131 1
6264 9781 3
6277 9298 2
6277 8656 3
6297 9287 1
6297 9381 2
6297 8803 1
6297 9673 1
6301 9637 1
6301 9876 4
6306 9601 6
6306 9704 1
6306 9765 1
6322 9780 6
6322 9504 2
6322 8966 2
6323 8694 61
6323 9532 1
6324 8726 2
6324 8583 1
6324 9461 3
6324 9154 1
6324 9553 1
6324 9167 1
6331 9836 1
6371 9135 1
6371 8814 1
6380 8609 1
6380 8747 1
6380 8994 3
6380 9128 1
6391 9647 1
6392 9747 1
6392 8719 1
6392 9035 1
6392 9519 2
6392 8818 1
6392 9397 1
6402 9073 1
6402 9495 7
6426 9673 16
6426 8957 3
6428 9173 2
6428 9671 1
6428 9824 5
6428 9250 1
6428 9916 1
6428 8742 1
6428 9157 1
6458 8637 3
6458 9239 1
6458 9250 1
6471 8972 1
6471 9673 17
6471 8599 1
6471 9482 1
6471 8589 2
6471 9228 1
6471 9801 2
6471 8639 1
6471 9549 70
6471 9612 1
6476 8817 1
6476 8748 2
6476 8777 1
6476 9471 1
6486 8874 1
6486 9891 3
6486 9524 5
6486 9566 1
6490 8886 1
6490 8586 2
6490 8741 1
6501 9836 5
6501 9162 2
6501 8750 1
6501 9549 1
6513 8626 2
6513 9797 2
6513 9433 1
6518 8971 1
6518 9950 1
6527 9334 5
6527 8569 2
6528 9506 1
6528 9072 1
6528 9485 1
6532 8970 1
6532 9620 1
6533 8798 1
6533 9056 1
6533 9884 1
6560 8937 2
6560 8597 1
6585 8782 1
6585 9634 2
6585 9953 1
6585 8926 1
6585 9917 1
6609 8705 2
6614 8579 1
6614 8813 2
6635 9681 1
6635 9326 1
6644 8777 1
6644 8731 1
6644 9053 1
6644 9426 2
6644 8905 2
6644 9678 1
6652 8929 1
6652 8824 1
6652 9301 1
6654 9630 1
6654 9974 1
6661 9124 1
6661 9087 2
6661 9520 6
6661 9796 1
6677 8940 7
6677 9966 1
6677 8681 1
6681 9495 4
6681 9388 1
6708 9438 3
6708 8861 1
6708 9583 6
6712 9572 1
6712 9458 2
6712 9368 2
6712 9943 2
6732 9091 1
6732 9885 1
6732 8712 2
6732 8891 1
6739 9081 2
6739 9683 1
6739 8698 1
6739 9344 1
6742 9594 2
6742 8802 22
6742 9724 1
6782 9991 1
6782 8921 1
6782 9572 2
6782 8589 1
6782 9239 1
6782 8799 2
6782 9079 1
6786 9875 1
6786 9433 1
6793 9342 40
6793 9102 2
6793 9741 1
6793 9818 2
6793 9156 51
6793 8589 1
6793 9024 2
6793 9247 10
6793 9608 1
6802 8824 1
6802 8802 1
6802 8981 2
6802 9688 1
6806 8726 1
6806 9586 31
6806 9872 8
6806 9834 1
6824 8867 1
6824 9697 3
6824 8972 3
6824 9392 2
6832 9744 2
6832 9227 4
6832 9037 1
6832 9759 1
6854 9727 1
6854 8737 2
6854 8809 6
6854 8898 1
6854 9274 3
6854 9639 1
6854 8608 2
6861 9930 1
6861 8593 5
6861 8629 17
6861 8846 1
6861 8867 2
6895 9281 2
6895 8719 1
6895 8739 1
6910 8950 1
6910 9656 1
6913 9176 1
6913 9886 1
6913 8986 1
6913 9160 1
6913 9862 1
6926 9697 1
6926 9802 1
6926 8622 1
6971 9721 3
6981 8579 2
6981 8751 1
6981 8780 2
6981 9312 3
6988 9479 1
6988 9015 2
6988 9895 2
7003 9324 1
7011 9906 1
7011 9093 5
7038 8813 1
7038 9047 2
7038 9181 1
7047 8694 2
7047 9666 5
7047 9217 1
7047 9361 3
7047 8545 1
7047 8820 91
7047 9102 4
7054 8741 2
7054 8790 1
7054 9547 1
7054 9704 4
7054 9211 2
7054 8583 1
7054 9383 1
7060 9361 2
7060 9606 1
7065 9553 2
7065 9241 2
7065 9381 1
7065 9280 2
7065 9244 1
7065 9987 6
7081 8880 1
7081 8740 1
7081 9962 3
7089 9931 2
7089 9052 5
7089 9520 10
7089 9195 4
7089 8734 1
7110 9724 1
7110 8941 1
7110 9871 1
7110 9165 1
7110 9603 1
7117 8978 1
7117 8874 13
7117 9881 1
7134 8811 1
7134 8886 2
7135 9532 1
7135 9886 1
7135 8750 4
7140 9303 6
7140 9806 1
7140 8624 2
7140 9224 1
7143 9102 7
7159 8926 1
7159 9142 2
7181 8962 13
7181 9352 25
7181 9591 1
7181 9839 1
7183 8947 1
7183 9728 1
7214 8579 4
7214 8737 2
7214 9278 2
7235 8736 11
7235 8657 1
7237 9281 1
7237 9681 1
7237 9741 2
7237 9931 23
7237 9760 2
7237 9826 1
7239 8681 35
7239 9371 1
7239 8775 1
7249 8719 1
7249 9726 1
7249 9815 8
7249 8905 1
7249 9861 1
7257 9519 13
7262 8936 1
7262 9550 1
7262 9646 1
7262 9845 2
7285 9167 1
7285 8958 2
7285 8882 2
7285 9672 25
7288 8705 1
7288 9237 1
7288 9664 1
7290 9704 1
7290 9287 5
7290 9710 2
7290 9875 7
7290 8792 2
7290 8883 5
7290 8978 18
7332 9987 1
7332 9889 1
7332 8667 1
7332 8991 2
7332 9769 1
7332 9336 1
7332 9818 1
7339 9301 1
7339 9039 6
7351 9401 1
7351 8647 1
7351 9715 13
7351 8923 1
7351 8906 8
7351 9043 1
7351 9996 1
7361 9278 1
7361 8688 2
7361 9228 2
7361 9032 8
7370 8848 1
7374 8809 1
7374 8793 1
7405 9883 42
7406 8774 1
7406 8821 3
7406 9253 1
7424 9655 2
7424 9191 4
7437 9573 1
7437 9000 2
7437 9806 2
7437 8725 1
7437 8941 1
7437 8827 1
7437 8922 1
7437 9026 1
7437 9097 1
7437 9233 1
7437 9453 1
7445 8637 1
7445 9181 1
7445 9713 4
7445 8840 8
7445 9580 12
7445 9731 1
7445 9606 1
7455 9108 1
7487 9097 2
7499 9371 1
7499 8712 2
7501 9534 1
7501 9566 2
7501 8874 1
7501 9237 11
7532 9045 2
7532 9788 1
7540 9446 5
7540 9163 2
7540 9534 3
7563 9443 1
7563 9583 7
7563 8720 1
7563 9347 2
7563 9489 4
7571 8732 3
7571 8922 3
7571 9276 1
7571 9093 1
7571 9377 5
7586 8861 1
7586 9344 1
7586 9778 2
7589 9931 1
7589 9625 1
7589 8826 1
7589 9023 3
7589 9805 1
7604 8594 1
7604 8662 4
7604 9357 1
7604 9455 1
7604 9468 1
7604 9091 1
7609 9383 2
7609 9825 1
7609 9797 2
7609 9292 1
7609 9332 4
7609 8579 1
7609 9757 7
7609 9477 11
7609 9567 13
7619 8582 1
7619 9368 1
7619 9712 2
7619 8673 2
7619 9351 1
7664 9541 1
7664 8677 1
7664 9562 2
7664 8895 1
7666 9397 1
7666 9465 4
7666 8937 3
7666 9217 2
7666 9624 5
7678 8563 2
7678 9109 1
7678 9495 2
7678 8792 1
7687 9655 1
7687 9792 1
7691 9341 1
7691 8851 1
7694 9486 1
7694 9272 3
7695 9160 3
7703 9077 6
7703 9324 1
7703 9734 1
7703 8991 1
7703 9052 1
7703 9238 7
7703 9282 5
7707 8975 1
7707 9179 1
7707 9323 1
7707 9296 1
7710 9231 1
7710 9278 1
7710 9828 2
7710 9550 6
7710 9975 1
7710 9806 1
7713 9249 1
7713 9213 5
7713 8583 44
7737 9336 1
7737 8674 16
7737 8704 1
7737 8877 20
7737 9158 3
7737 9293 1
7737 9422 1
7737 9804 1
7747 9004 1
7747 9164 1
7747 8910 1
7747 9519 6
7748 8637 1
7748 8662 1
7748 9382 1
7755 9160 1
7755 9464 1
7761 9254 3
7761 8984 1
7761 9155 1
7762 9522 1
7762 9275 2
7779 9548 1
7800 9287 1
7800 9602 1
7820 9579 3
7820 9731 2
7820 8728 1
7820 9151 1
7820 8630 1
7820 9769 2
7832 9453 1
7832 9576 1
7832 9615 2
7837 9448 5
7837 8657 23
7837 9065 1
7837 9888 1
7858 8973 1
7858 8812 1
7858 9684 1
7858 9207 1
7858 9912 1
7858 8979 1
7858 8791 1
7859 9765 1
7859 9174 1
7859 9875 1
7864 8914 2
7864 9060 1
7864 8848 1
7864 9540 1
7864 9678 1
7864 8910 1
7864 8972 1
7864 9604 1
7864 9384 1
7864 9784 1
7868 9213 1
7868 8587 5
7868 9327 1
7868 9667 1
7868 9081 4
7873 8909 1
7873 9313 1
7873 8969 1
7877 9808 1
7877 8721 1
7877 8787 98
7877 9171 1
7877 9227 2
7877 9415 2
7877 8879 1
7878 9731 1
7878 9434 1
7878 9498 1
7881 9114 1
7881 9588 5
7881 8782 1
7897 9889 2
7897 9371 1
7897 9272 3
7939 9293 1
7939 8755 1
7939 9047 3
7939 9053 4
7939 9208 8
7939 9314 2
7955 9667 3
7955 8855 1
7955 8966 1
7955 9632 1
7955 9500 1
7958 9668 6
7958 9325 2
7958 8941 4
7958 9260 7
7968 9929 4
7968 9573 1
7968 9465 1
7968 9988 1
7968 9970 1
7988 8929 2
7988 9089 1
7988 9231 1
8002 8774 1
8002 8810 1
8002 8986 1
8030 9883 27
8030 9928 2
8030 9267 1
8030 9661 1
8030 8607 1
8030 8949 3
8037 9216 1
8037 9853 1
8039 9377 2
8039 8861 7
8039 9881 1
8039 9620 23
8053 9485 3
8053 8947 1
8053 9256 24
8053 9962 1
8053 8575 4
8053 8593 2
8053 9820 20
8060 8978 1
8060 8975 1
8060 9724 1
8060 9292 1
8063 9748 4
8068 9884 2
8068 9711 1
8091 9180 2
8091 9325 8
8091 9752 2
8094 8627 1
8094 9680 1
8120 9203 1
8120 9661 1
8127 9661 1
8127 8914 1
8127 9613 1
8127 9983 13
8158 9924 4
8158 9879 1
8158 8632 1
8158 9839 4
8158 9091 1
8158 9271 2
8169 9138 2
8169 9035 3
8174 9449 1
8174 8572 1
8174 8586 1
8174 9539 1
8194 8954 2
8194 9334 1
8215 8823 1
8215 9629 3
8215 9403 2
8215 9207 3
8215 9975 1
8215 8663 2
8215 9193 9
8240 9171 1
8240 9849 1
8240 8916 1
8240 9646 1
8240 9481 20
8244 9744 8
8244 8879 1
8244 9816 7
8244 8787 1
8244 8889 1
8249 8733 1
8249 9948 12
8250 9403 4
8250 9879 52
8268 8772 1
8268 9878 3
8268 9861 1
8268 9449 1
8282 9345 7
8282 9900 5
8282 9801 4
8282 9266 1
8291 8694 1
8291 9102 8
8291 9887 1
8294 8961 1
8302 9273 1
8318 9353 1
8318 9365 1
8344 9384 2
8358 9221 1
8358 8595 1
8358 8813 1
8358 9631 15
8358 8848 1
8364 9456 1
8364 8823 1
8364 8636 6
8364 9790 1
8374 8671 1
8374 9767 14
8379 9468 1
8379 9172 1
8379 9739 3
8399 8619 1
8399 9664 1
8420 8853 2
8420 9392 1
8430 9686 1
8430 9305 1
8430 9342 17
8430 9673 2
8430 8574 1
8430 8626 1
8443 9338 1
8443 8959 2
8443 9978 1
8458 9420 1
8458 9610 1
8458 9600 4
8458 8754 1
8476 9256 1
8476 8900 2
8476 9305 34
8496 8801 1
8496 9693 7
8496 8796 2
8496 9214 1
8496 9105 1
8496 8560 1
8496 8601 28
8496 9144 1
8496 9558 1
8516 9973 1
8516 9910 1
8516 8869 1
8516 9072 4
8516 9244 1
8516 9353 2
8516 9579 20
8516 9024 1
8516 9539 1
8516 9768 1
8535 8601 1
8535 8823 1
8543 8632 2
8543 9173 1
8545 8561 3
8545 8648 1
8546 8854 1
8546 8659 1
8547 8935 1
8548 8927 1
8549 9405 3
8549 8776 4
8550 9651 7
8551 8836 3
8552 9599 1
8552 9169 12
8553 8571 1
8555 8616 1
8555 8633 1
8556 8923 4
8556 9018 1
8556 9557 3
8556 8840 1
8556 8894 2
8557 8960 26
8558 8806 1
8559 8604 1
8559 8759 1
8561 9425 1
8561 9906 4
8561 8626 1
8561 8748 1
8561 9612 2
8562 8817 7
8562 9752 1
8564 8724 1
8565 8891 1
8565 9666 1
8565 8746 1
8566 9911 16
8566 8886 14
8566 9813 1
8568 8696 1
8569 9561 1
8571 9788 1
8571 9924 1
8571 9844 1
8571 9199 2
8571 9314 1
8571 9369 1
8571 9164 1
8571 9273 1
8571 9654 1
8572 9012 3
8573 9555 2
8574 9965 2
8576 9442 1
8577 8692 1
8578 8739 1
8578 9539 1
8579 8730 1
8580 8751 1
8580 9013 1
8580 9748 2
8581 8995 1
8581 9600 1
8581 9619 1
8581 9708 1
8582 8864 1
8583 8611 5
8584 9099 2
8584 9896 1
8584 9728 1
8584 9885 1
8585 8893 2
8585 9462 1
8585 9616 2
8586 8764 1
8588 8617 1
8589 9362 1
8590 9109 1
8590 9252 3
8591 9885 7
8591 9808 1
8591 9337 1
8592 9731 1
8592 8741 1
8593 8613 22
8595 8834 2
8595 8935 1
8595 9417 11
8596 9613 1
8596 8792 8
8596 9348 23
8596 8637 4
8596 9692 2
8598 8631 1
8598 9426 2
8598 8894 1
8598 9046 1
8600 8752 2
8600 8988 1
8600 9472 1
8601 8849 1
8602 8716 2
8602 8877 7
8603 9675 3
8603 9096 1
8603 9553 2
8604 8991 1
8604 8658 1
8604 8981 3
8604 9820 1
8604 9916 1
8604 9223 5
8604 8772 1
8604 9386 1
8604 8909 16
8605 9210 1
8605 9120 8
8605 8707 5
8605 9970 2
8605 8651 1
8606 8762 2
8607 9033 1
8608 8617 4
8610 9818 2
8610 9135 1
8610 9922 1
8610 9104 1
8610 9446 1
8611 8800 1
8612 9735 3
8612 9142 19
8612 8636 1
8612 9349 1
8613 8627 1
8613 9004 5
8613 8961 1
8613 9498 1
8614 8615 3
8615 9237 1
8615 9754 2
8615 8893 18
8615 9135 7
8615 9361 1
8615 9300 1
8615 9371 1
8616 8656 2
8616 9629 2
8616 9165 1
8616 9060 1
8616 9857 1
8616 8903 1
8616 9042 1
8616 8762 4
8616 9014 13
8616 9754 5
8617 9871 1
8617 8666 2
8617 8940 1
8617 9032 2
8618 9797 1
8618 9028 24
8618 9637 1
8618 9762 1
8619 9025 2
8619 8807 1
8621 9555 2
8622 8709 1
8623 9788 1
8623 9675 1
8623 9945 1
8623 9304 1
8625 9038 8
8626 8659 1
8630 9071 1
8630 8805 1
8631 9071 1
8632 8668 1
8633 9562 1
8633 9493 1
8633 9970 1
8634 9142 1
8634 9177 5
8635 9109 1
8635 9211 2
8635 8774 1
8635 8989 9
8635 9432 1
8635 9628 18
8635 8640 1
8635 9047 128
8638 9197 1
8638 8887 8
8641 8711 2
8641 9575 1
8642 9053 1
8642 9610 1
8643 9929 25
8643 9837 1
8644 9375 1
8644 8652 5
8644 9207 1
8645 8723 14
8647 8695 1
8647 9008 1
8648 9629 1
8648 8798 1
8648 9390 1
8648 9757 1
8649 9599 1
8650 8766 1
8650 9137 1
8650 9050 1
8651 9933 1
8652 8664 2
8653 8877 1
8653 9519 1
8653 9792 1
8655 8849 1
8656 8695 1
8656 9362 1
8658 9055 9
8659 9771 1
8664 9133 1
8664 9655 1
8664 8735 3
8664 9119 1
8664 9696 1
8664 8870 2
8664 9334 3
8664 9564 1
8664 9647 1
8665 9338 1
8665 9836 1
8665 9090 1
8666 8928 2
8668 9456 1
8668 9991 2
8669 8946 1
8672 9141 1
8672 9228 1
8673 8854 1
8673 9992 1
8675 9740 1
8676 8947 1
8676 9475 4
8676 9671 1
8676 9945 5
8676 8753 3
8676 9830 1
8677 8714 3
8678 9090 4
8678 9816 1
8678 9021 2
8678 9381 1
8678 8802 1
8678 9904 19
8678 8954 1
8679 8821 4
8679 9825 1
8679 9703 1
8679 8953 1
8679 9200 4
8679 9893 13
8679 8876 3
8680 9572 2
8681 9555 1
8682 9885 3
8684 9680 6
8684 9035 45
8684 9352 1
8684 9687 1
8685 9850 1
8685 8765 23
8685 9652 5
8685 9523 1
8686 9005 1
8689 8710 4
8689 9177 1
8689 9525 1
8690 9280 1
8690 9492 1
8690 9782 1
8690 9593 1
8690 9804 2
8692 9072 1
8692 9808 1
8692 9179 3
8692 8930 1
8692 9709 3
8692 9132 1
8692 9749 2
8692 9963 1
8692 9932 1
8693 9985 1
8695 9174 1
8695 9123 1
8695 9136 1
8695 9803 10
8696 9173 3
8696 8961 1
8696 9669 1
8696 9809 1
8699 9175 7
8699 9135 2
8700 9079 2
8700 9960 5
8701 8805 1
8701 8776 1
8702 8842 1
8705 9555 2
8706 9757 2
8706 8918 1
8706 8934 1
8708 8928 1
8709 8721 12
8709 9000 1
8709 9299 1
8711 9669 2
8711 9331 29
8711 9945 1
8713 8917 3
8713 9352 1
8713 9709 1
8713 9889 1
8713 9271 1
8713 9695 2
8713 9853 4
8713 9252 1
8713 8778 2
8713 9529 1
8714 8986 3
8714 9529 1
8714 9841 1
8714 9338 5
8714 9607 2
8715 8952 1
8718 9616 7
8718 9523 7
8719 9057 6
8721 8928 2
8722 9616 3
8722 9228 1
8723 8994 1
8723 8959 1
8723 9515 3
8723 8980 1
8723 9512 1
8723 8838 3
8723 9026 1
8723 8888 4
8723 9240 3
8724 9682 1
8724 9339 4
8724 9466 1
8724 9727 1
8725 9575 2
8725 8908 2
8726 8831 1
8727 9586 2
8727 8926 1
8727 8972 3
8727 8996 2
8729 8982 1
8730 9615 11
8730 9016 33
8730 9675 1
8730 9604 1
8731 8832 1
8732 8982 1
8733 8902 1
8738 8847 1
8738 8794 1
8740 9036 5
8740 8795 1
8741 8860 1
8742 9034 1
8743 9749 105
8743 9133 10
8743 8780 20
8743 9451 4
8744 9022 3
8744 8945 1
8747 9116 9
8749 9304 2
8749 9023 1
8749 9478 2
8749 9692 1
8751 9854 20
8753 8896 1
8757 9869 2
8757 9054 2
8758 8769 1
8758 9360 1
8758 9771 24
8758 9410 2
8758 9144 44
8758 9365 1
8759 9966 1
8759 9211 1
8759 9483 1
8759 9130 1
8760 8854 1
8761 9714 1
8764 9163 3
8764 9131 1
8766 8852 1
8766 8864 1
8767 9583 1
8768 9857 7
8768 9479 1
8769 8865 1
8769 9933 8
8770 9631 1
8770 9533 1
8770 9345 3
8770 9389 2
8770 9813 2
8770 9370 2
8770 9844 1
8771 9933 4
8773 9498 1
8773 8892 6
8773 9764 1
8778 9645 8
8781 9993 1
8781 9898 1
8781 8856 2
8781 9120 1
8781 9879 1
8782 8835 1
8782 8806 1
8784 9354 1
8785 9397 4
8785 9408 1
8786 9985 1
8788 9711 7
8788 9753 4
8789 9648 15
8789 9944 1
8789 8876 1
8789 9894 12
8789 9345 1
8789 9694 1
8791 8868 1
8794 8995 1
8794 9938 1
8794 8804 2
8795 9233 1
8797 8904 2
8797 8948 3
8797 9021 1
8801 9651 2
8804 8822 1
8804 9036 2
8805 9035 1
8805 9156 1
8806 9049 4
8806 9505 1
8806 9132 2
8806 9357 3
8807 9281 1
8808 8988 1
8808 8832 1
8809 8852 1
8810 8831 1
8810 9017 4
8811 9022 1
8812 8964 1
8812 9306 1
8814 9009 1
8815 9213 1
8815 9657 1
8817 8899 2
8819 9399 1
8822 9290 1
8822 9746 1
8822 9873 3
8822 9218 1
8824 8945 2
8825 9912 48
8825 9113 1
8827 9062 1
8830 9241 1
8830 9475 1
8831 9285 6
8831 8919 7
8831 9181 1
8831 9382 5
8831 9434 2
8831 9534 1
8832 9484 1
8832 9210 2
8833 9869 2
8833 8836 1
8833 9036 1
8834 9110 1
8834 9787 1
8834 9944 1
8834 9579 1
8834 9892 4
8835 9087 7
8835 9685 8
8835 9979 1
8836 9317 1
8836 9253 1
8836 9021 5
8836 9378 2
8837 9454 1
8837 9768 1
8837 8973 2
8837 9298 1
8837 8947 2
8837 9105 1
8839 9538 1
8839 9511 3
8839 9338 24
8840 9452 2
8841 9757 5
8841 8921 20
8841 9342 1
8842 9216 1
8842 9676 1
8842 9938 1
8842 9199 2
8843 8854 2
8844 9921 1
8844 9110 1
8844 9951 200
8845 9469 1
8845 9862 1
8845 9778 3
8845 8856 2
8847 9734 58
8847 9762 1
8847 9650 2
8847 9749 2
8847 9491 1
8847 9134 2
8849 9226 1
8850 8897 1
8850 8907 5
8850 8938 1
8852 9809 1
8854 9186 3
8854 9461 1
8854 9342 4
8854 9501 1
8856 8931 5
8858 9339 1
8859 9751 1
8860 9461 1
8860 9787 2
8860 8886 1
8862 8943 1
8862 9246 8
8862 9285 1
8862 9840 14
8864 9254 1
8864 9865 4
8865 9338 1
8868 9648 1
8869 9868 1
8872 9117 9
8872 9693 1
8872 9747 1
8878 9494 1
8878 8965 1
8878 9908 1
8881 9500 1
8881 8892 2
8881 8930 4
8881 9892 1
8881 8917 1
8885 9462 2
8885 9671 1
8887 9919 2
8887 9631 1
8887 9218 22
8887 9447 5
8887 9214 2
8890 9653 1
8890 9276 2
8891 9645 2
8896 9254 1
8896 9667 2
8897 9186 1
8898 8974 28
8899 8954 3
8899 9746 1
8902 9175 3
8902 9189 5
8902 9401 1
8904 9618 1
8907 9206 1
8907 9266 1
8907 9546 2
8907 9644 1
8908 9120 1
8908 9730 4
8908 9271 1
8908 9305 1
8908 9476 1
8908 9917 1
8908 9777 4
8911 9008 2
8911 9306 1
8912 8956 3
8913 9405 1
8913 8952 1
8915 9933 17
8917 9058 4
8920 9505 1
8924 9167 4
8924 8965 6
8925 8989 1
8926 9012 1
8927 9319 5
8927 9859 4
8927 9458 2
8928 9102 1
8929 9758 1
8931 8973 1
8933 9769 1
8935 9241 1
8935 9327 2
8936 8946 1
8938 8950 1
8938 9540 1
8938 9650 3
8938 9224 1
8938 9281 4
8938 9771 1
8939 9141 1
8939 8940 1
8945 8971 1
8946 9271 1
8946 9554 1
8948 9034 8
8949 8997 3
8951 9653 1
8951 9390 2
8951 9149 2
8952 9179 6
8952 9628 1
8953 9255 1
8956 9586 1
8956 9742 3
8956 9516 3
8960 8979 3
8960 9354 2
8960 9928 2
8963 9022 5
8964 9833 1
8964 9861 1
8964 9657 1
8964 9904 1
8964 9351 2
8972 9452 1
8973 9555 1
8975 9651 3
8976 9875 3
8979 9472 2
8981 9442 2
8985 9823 3
8987 9164 3
8987 9325 1
8987 9864 2
8987 9117 1
8987 9470 1
8987 9833 2
8988 9937 7
8988 9819 1
8988 9613 1
8988 9817 1
8994 9561 1
8994 9526 1
8996 9761 1
8997 9515 1
8997 9364 1
8997 9288 14
8997 9796 3
8997 9635 1
9002 9514 1
9002 9071 1
9003 9020 4
9005 9290 1
9006 9326 1
9008 9325 1
9008 9432 1
9008 9014 1
9009 9185 1
9009 9749 1
9009 9744 4
9010 9645 3
9016 9933 27
9017 9247 1
9020 9193 2
9020 9124 1
9020 9794 1
9022 9515 1
9022 9060 3
9026 9868 7
9027 9050 1
9033 9552 1
9034 9746 2
9034 9426 1
9034 9814 28
9036 9223 1
9039 9869 1
9046 9965 1
9051 9554 4
9055 9687 10
9055 9544 1
9055 9247 2
9055 9451 1
9055 9387 1
9055 9980 1
9057 9171 9
9057 9273 2
9057 9232 4
9058 9373 1
9058 9631 14
9058 9594 1
9058 9634 1
9059 9274 1
9059 9170 33
9059 9181 2
9061 9604 2
9061 9580 1
9061 9979 2
9062 9906 1
9062 9686 1
9062 9831 1
9062 9287 8
9062 9632 2
9064 9963 1
9064 9332 1
9064 9121 1
9064 9752 2
9066 9943 1
9066 9548 1
9067 9475 1
9067 9128 2
9067 9841 6
9067 9455 1
9067 9403 1
9069 9352 2
9069 9376 2
9069 9477 2
9071 9988 1
9071 9484 1
9074 9168 21
9074 9102 1
9074 9313 1
9074 9324 1
9074 9280 1
9080 9933 5
9082 9169 1
9085 9614 1
9086 9568 4
9087 9255 1
9088 9682 1
9088 9674 1
9088 9119 1
9088 9797 1
9088 9532 1
9088 9478 1
9116 9229 2
9116 9119 1
9118 9556 200
9124 9651 7
9128 9868 1
9129 9758 3
9141 9614 1
9142 9645 1
9155 9740 1
9161 9596 1
9164 9999 8
9167 9306 7
9169 9495 1
9169 9551 1
9174 9197 1
9176 9985 2
9187 9198 1
9187 9618 1
9190 9992 1
9191 9933 1
9197 9221 5
9197 9803 1
9197 9551 1
9201 9417 1
9208 9965 1
9220 9575 2
9244 9651 3
9246 9311 2
9246 9758 1
9259 9985 1
9267 9854 1
9282 9933 1
9284 9933 1
9296 9758 2
9306 9830 1
9306 9607 1
9306 9648 15
9306 9773 2
9311 9419 18
9311 9864 2
9362 9859 1
9362 9466 1
9362 9538 1
9367 9561 2
9372 9897 1
9373 9561 1
9383 9472 1
9400 9645 1
9405 9421 2
9406 9976 3
9409 9555 1
9417 9586 19
9420 9618 1
9423 9854 1
9437 9495 6
9442 9547 2
9442 9934 5
9445 9952 4
9452 9736 1
9452 9700 2
9471 9575 1
9472 9932 1
9485 9599 1
9493 9514 1
9507 9829 1
9520 9854 1
9524 9933 1
9525 9829 5
9526 9678 2
9526 9597 3
9533 9751 1
9534 9783 1
9547 9958 2
9555 9672 3
9561 9742 1
9578 9918 2
9595 9651 1
9599 9993 1
9612 9758 1
9618 9647 2
9635 9933 1
9645 9741 2
9657 9829 3
9719 9915 1
9733 9987 1
9734 9999 200
9740 9807 1
9758 9988 6
9758 9841 6
9834 9999 3
9873 9958 1
9883 9958 1
9946 9992 1
