2 8729 1
2 9704 18
2 8858 3
28 9256 1
28 8614 131
77 9998 1
77 9692 1
97 9872 2
97 9304 1
97 9416 1
101 9739 1
101 8545 11
101 8958 4
101 9714 11
101 9284 1
101 9179 9
101 9613 1
101 9954 1
119 9740 1
119 9125 3
119 9427 1
119 9077 1
119 9385 1
119 9012 97
119 9851 2
135 9702 99
135 9734 6
135 8655 1
135 9402 1
136 9174 1
136 8560 2
136 9983 1
151 9747 1
151 8892 7
151 9251 1
151 9891 1
151 9999 1
207 8846 1
207 9739 10
207 8571 1
207 8606 1
207 8892 1
207 9556 1
207 9691 1
208 9493 1
212 8548 1
212 9060 1
212 8804 1
224 8761 1
224 9315 2
224 9392 1
228 9960 1
232 9177 1
232 9210 1
232 9215 1
232 9368 1
232 9835 1
261 9986 1
261 9307 1
261 9904 5
291 9554 2
291 9623 1
291 9250 1
294 9683 1
294 9385 1
297 9937 1
297 9205 4
303 9717 1
303 8559 1
303 9613 3
303 9435 1
317 8975 1
317 9757 1
318 8878 2
318 9591 2
318 8584 1
328 8947 1
328 9845 1
345 9794 2
345 9273 1
345 9729 7
345 8647 1
345 9753 5
345 9487 2
345 9913 1
345 9509 2
352 9853 1
352 9192 1
363 8877 41
363 8771 1
363 8879 2
372 8694 2
372 8731 5
372 9521 1
372 9238 1
380 9852 2
380 9770 1
406 8857 16
406 9219 1
406 9130 1
413 8857 1
413 9394 1
413 9003 1
416 8633 1
416 9401 151
416 8684 1
416 9249 1
418 9384 2
425 8845 1
425 9565 1
425 9923 1
425 8881 1
425 9434 1
425 9882 1
448 9085 1
448 9001 1
448 9095 1
448 9849 15
454 9540 2
454 9155 1
461 9515 1
461 9192 1
461 9327 9
461 8969 1
461 8621 2
461 8963 6
461 9410 1
461 8919 2
461 9171 1
461 9211 2
461 9280 1
461 9925 3
461 9802 1
469 9563 4
469 8549 2
480 9553 12
494 9160 1
494 8657 2
494 9753 1
494 8839 1
494 9181 1
496 9077 10
496 9069 1
496 9585 1
496 9829 5
503 9342 7
503 9608 4
503 9842 1
517 9500 2
542 9187 1
542 9570 1
577 8796 1
577 9936 2
606 9747 2
606 9121 1
606 9780 1
606 9118 1
606 8697 1
618 9696 2
618 9737 1
618 9489 10
618 9359 1
637 9454 1
637 8752 2
638 8567 1
638 9432 26
638 9872 1
678 9091 1
678 8980 1
699 9332 1
713 9879 1
713 9077 1
713 9584 1
757 9329 8
757 8565 1
757 8695 1
757 9445 1
776 8913 1
776 9638 9
776 9864 1
776 9326 1
776 8745 11
791 9938 2
796 9525 4
796 9216 5
796 9446 1
796 9906 7
822 9896 2
822 8560 1
823 9365 79
823 9893 1
823 9044 1
823 9421 19
838 9095 33
877 9652 1
915 9763 8
915 9545 35
927 9694 1
927 9066 1
927 9858 5
927 8576 30
927 8607 1
935 8551 1
935 9207 1
935 9256 2
937 9857 1
937 9987 1
952 9835 1
952 8649 2
970 9075 1
970 9414 2
974 9579 4
974 8562 1
974 8616 1
974 8882 1
974 9966 3
974 9303 1
979 9623 1
979 8573 1
979 8698 2
979 8718 1
988 9124 1
988 9506 1
988 9250 1
995 8535 2
995 9245 4
995 8548 7
995 9195 2
995 8541 2
995 8614 1
995 9939 1
995 9441 1
995 9120 3
995 9369 1
995 9738 1
996 8654 1
996 8767 1
1003 9657 2
1003 9267 4
1010 9473 2
1010 9166 17
1010 9597 4
1010 9332 2
1013 8931 11
1023 9341 1
1023 9473 49
1023 9875 1
1023 8919 1
1038 9394 1
1038 9180 1
1047 9823 1
1047 9201 4
1047 9852 1
1050 9728 1
1050 8897 2
1050 8687 1
1050 9723 1
1050 8936 1
1050 9783 1
1050 9254 1
1050 9638 1
1050 9773 7
1053 9036 2
1053 9085 1
1054 9664 2
1054 8867 1
1054 9176 2
1072 8934 3
1072 8962 2
1085 8626 1
1085 8637 1
1085 8801 24
1100 9554 1
1100 8755 1
1100 9356 1
1123 9100 1
1123 9669 1
1123 9707 1
1129 9610 2
1129 9487 4
1129 9096 4
1147 9879 1
1147 9546 1
1147 9099 1
1147 9209 1
1147 9987 1
1153 8571 1
1153 9179 2
1153 9324 1
1156 9558 1
1156 9313 1
1156 9997 1
1156 8804 1
1156 9454 1
1156 9707 18
1156 9174 1
1161 9048 4
1161 9884 2
1161 9651 3
1161 9832 11
1164 9062 1
1164 8997 3
1166 9577 2
1166 9070 1
1166 9670 1
1166 9756 5
1166 9659 1
1169 9461 1
1169 9710 2
1169 9944 7
1172 9106 2
1197 8937 1
1197 9158 1
1197 9918 1
1197 9042 2
1197 9389 1
1202 8973 1
1202 9865 7
1202 8646 1
1202 9782 2
1203 9135 1
1215 9010 4
1215 9251 1
1215 8902 3
1215 9383 1
1215 8623 1
1218 9521 1
1218 8940 2
1220 9958 1
1220 9933 1
1238 8991 1
1238 9128 14
1238 9544 2
1238 9362 9
1238 9431 1
1243 9211 2
1243 9932 3
1243 9457 1
1243 8989 1
1243 8874 9
1243 9860 46
1243 8962 2
1260 8886 1
1260 9432 2
1305 9628 1
1305 8707 1
1305 9544 3
1305 9000 1
1305 9800 2
1326 9321 1
1326 9825 1
1326 9828 1
1326 9855 7
1326 8945 2
1329 9279 3
1329 9643 5
1329 8772 2
1333 8727 1
1333 9934 2
1333 9133 1
1357 9628 1
1359 9124 1
1359 9854 1
1359 9183 1
1359 9725 1
1359 8542 2
1360 8803 1
1376 9452 5
1376 9150 1
1385 8928 2
1385 8665 115
1385 9228 1
1385 9667 3
1385 9637 5
1385 9688 2
1390 9077 1
1390 9640 1
1390 9311 1
1390 8860 3
1390 8876 3
1390 9625 1
1390 9752 2
1396 8529 1
1399 9738 1
1399 8845 1
1399 9611 1
1399 9863 2
1401 9415 3
1401 8550 1
1401 9306 1
1401 9556 1
1401 9328 1
1401 8534 2
1402 9851 2
1402 9913 4
1402 8691 1
1409 9983 1
1421 9650 4
1421 9277 1
1421 9984 1
1421 8846 1
1430 9019 2
1430 9913 2
1440 9931 2
1440 9640 2
1440 8855 17
1440 9645 1
1440 9897 1
1444 9207 1
1444 9326 4
1455 9791 8
1455 8978 1
1455 9029 1
1463 8703 1
1463 8784 3
1463 9236 2
1463 9667 2
1466 9395 2
1488 9063 5
1496 9594 16
1496 9663 1
1496 9745 1
1515 9393 1
1515 9729 1
1525 8886 2
1525 8939 5
1535 8813 3
1535 9624 7
1535 8695 3
1535 9026 1
1535 9604 1
1535 9899 3
1536 8742 1
1536 8968 1
1536 9375 2
1536 9731 1
1536 9971 9
1543 8698 6
1543 9485 1
1543 9728 1
1544 9820 1
1544 9512 1
1579 9878 2
1599 9283 6
1599 9528 1
1599 8918 22
1608 8580 1
1608 8608 2
1608 8882 1
1608 9541 1
1608 9676 1
1617 9758 1
1617 9272 2
1634 9738 1
1634 8879 2
1634 9129 1
1634 8530 1
1634 8607 11
1634 8588 1
1634 8647 1
1634 9699 1
1653 8766 1
1653 9601 1
1653 9738 1
1653 9997 1
1659 9975 2
1659 8624 1
1663 8885 1
1663 9739 1
1663 9052 1
1663 9669 11
1663 9950 2
1663 8571 1
1672 9681 1
1672 9210 1
1672 9536 1
1672 9664 2
1672 9979 2
1672 9668 1
1673 9202 1
1688 8977 1
1688 8573 1
1708 8976 1
1708 9877 54
1708 9679 1
1708 8753 12
1708 8793 2
1708 9414 1
1708 9725 1
1708 9155 1
1708 9640 1
1710 9961 1
1710 8657 1
1720 9537 3
1720 9135 2
1720 8825 7
1720 9609 1
1720 9985 1
1725 9233 4
1725 8614 1
1725 9003 1
1725 9845 7
1734 8809 1
1734 9150 7
1734 9394 1
1739 8785 5
1739 9243 2
1739 9714 4
1739 9955 1
1741 9062 1
1741 9114 1
1746 8606 1
1746 9746 1
1746 9616 1
1746 8748 2
1747 9604 1
1747 8863 1
1747 9129 1
1747 9861 3
1747 9664 1
1747 9269 1
1747 9368 7
1747 9820 2
1752 8537 1
1752 9418 1
1752 9611 4
1755 9745 1
1755 8817 3
1755 8564 1
1755 9496 1
1755 8846 1
1776 9147 7
1776 9902 1
1776 8612 4
1804 8589 2
1804 9797 1
1804 8951 1
1804 9733 4
1818 8551 11
1818 9279 1
1818 9789 1
1818 8891 5
1818 9903 2
1838 9029 1
1838 9053 2
1838 9464 4
1839 8839 17
1839 9238 1
1839 9594 5
1854 9445 5
1854 9240 1
1854 9646 1
1881 9000 2
1881 8532 1
1881 9177 1
1881 9408 1
1881 9081 4
1881 9494 1
1881 8709 1
1881 9125 1
1883 9329 73
1883 8966 1
1883 9555 1
1883 9147 1
1883 9204 8
1883 9577 8
1890 9488 2
1890 9857 1
1890 8945 12
1890 8562 1
1890 9061 1
1895 8915 11
1895 9558 2
1895 9042 1
1895 9999 1
1895 9986 2
1899 9496 2
1904 9341 4
1904 9139 1
1904 9172 1
1904 9747 4
1904 9929 2
1914 9107 1
1914 9423 1
1931 9192 1
1931 9309 2
1931 9948 1
1931 9694 3
1934 9193 2
1934 8761 1
1952 8854 1
1952 9396 1
1952 8742 2
1952 9820 1
1952 8622 1
1955 9675 1
1955 9048 4
1961 9746 200
1961 9416 25
1961 8845 2
1961 8890 1
1963 9137 3
1964 9982 3
1964 9587 2
1964 9721 1
1975 9583 1
1984 9975 1
1984 9716 1
2002 9274 1
2002 9771 3
2015 9175 1
2015 9152 1
2015 9858 1
2030 9959 1
2048 9243 1
2048 9224 1
2048 9479 2
2075 8547 1
2075 9606 2
2077 9039 1
2077 8903 1
2077 8976 1
2077 9864 2
2101 8796 1
2101 9625 1
2101 8578 2
2101 8536 1
2101 9803 1
2102 9910 6
2111 8769 5
2111 9697 1
2111 9039 1
2111 9259 1
2111 9742 2
2123 9129 9
2123 8565 1
2123 8588 1
2123 9245 1
2123 9507 1
2123 9929 5
2123 9182 1
2123 9526 1
2123 9027 1
2123 9859 1
2126 9040 1
2126 9664 1
2126 9563 56
2126 9616 1
2126 8584 1
2126 8709 1
2126 9012 1
2126 8656 4
2126 9063 2
2126 9931 1
2128 9243 1
2128 9617 1
2128 8640 2
2128 9235 1
2128 9963 5
2130 9673 1
2130 9010 1
2130 8723 1
2130 9219 1
2130 9741 2
2131 8874 1
2131 9959 1
2131 8736 1
2131 8839 2
2165 8701 1
2165 8735 2
2165 8622 3
2165 8756 1
2173 8980 1
2175 9544 1
2175 9536 7
2175 9789 1
2175 9609 1
2175 9882 2
2175 9944 1
2175 9100 1
2175 9158 1
2176 9681 1
2198 9567 1
2198 9846 1
2198 9863 1
2198 9921 2
2215 9047 1
2215 9800 1
2215 8715 1
2230 9228 1
2230 9079 1
2230 8915 2
2230 9512 1
2248 9937 1
2248 8655 1
2248 9021 1
2248 9295 1
2248 9947 3
2293 8788 1
2293 9100 1
2293 9534 4
2293 8916 1
2293 9006 1
2293 8541 1
2293 9169 10
2293 9314 1
2303 9377 2
2303 8937 70
2303 9454 1
2303 8805 1
2303 9025 16
2303 9915 1
2303 9062 1
2303 9373 1
2307 9984 1
2307 9219 8
2307 9288 1
2307 9437 1
2307 9704 4
2319 8615 1
2336 8756 1
2336 9368 1
2336 9062 1
2336 9602 4
2336 8604 1
2370 8742 1
2370 9529 1
2370 8535 1
2376 8575 1
2376 9606 1
2376 9644 1
2376 9760 1
2412 8760 2
2412 8816 1
2412 9340 4
2412 8719 1
2412 9870 2
2412 9850 19
2416 9906 23
2416 9998 1
2421 9973 1
2421 8969 200
2435 9655 1
2435 9525 3
2435 9844 1
2435 9855 1
2435 8596 1
2435 9012 1
2435 9295 1
2435 9436 1
2438 9316 1
2438 9093 1
2438 9913 1
2438 9837 1
2440 9489 1
2440 8606 1
2440 9278 2
2441 9399 1
2441 8871 1
2444 8718 1
2444 9856 3
2444 8801 1
2444 9951 2
2444 9003 1
2444 9627 4
2456 9627 1
2456 9959 1
2456 8734 34
2456 8877 1
2456 9251 1
2456 9299 1
2456 9305 1
2456 9550 1
2457 9914 1
2457 9562 2
2457 9812 1
2459 8984 1
2459 9096 2
2459 8670 1
2459 9148 1
2459 9172 1
2459 9666 1
2459 9118 7
2459 9575 1
2475 9603 2
2475 9216 1
2528 9365 5
2536 8614 2
2536 9949 2
2536 9989 3
2546 9554 1
2546 9985 1
2546 9920 1
2546 9979 2
2560 9936 1
2560 8892 1
2560 8660 56
2560 9385 1
2571 8803 2
2571 8753 1
2571 9070 3
2571 8822 5
2571 8750 2
2582 9206 11
2582 9731 4
2582 8739 39
2588 9340 1
2588 9182 1
2618 9680 1
2618 8633 1
2618 9323 1
2622 8537 1
2650 9358 3
2650 8659 1
2650 9666 1
2650 9655 2
2653 9867 1
2653 8952 9
2653 8900 1
2653 8589 4
2658 9388 5
2658 9849 4
2658 8762 1
2658 9418 1
2658 9710 1
2671 9767 2
2671 9275 1
2671 9529 1
2679 9583 2
2679 9645 2
2679 9990 2
2685 8726 1
2685 8612 33
2685 9454 1
2707 8801 1
2707 8580 1
2707 9203 1
2707 8897 1
2707 8637 1
2708 8622 1
2708 8926 1
2708 9549 1
2708 9588 1
2708 9750 1
2709 9728 1
2709 9069 1
2709 8548 1
2711 9042 1
2719 9291 1
2722 9522 1
2722 8725 1
2722 8813 1
2722 8887 2
2722 9359 2
2725 9649 1
2725 8859 2
2725 9450 17
2728 9447 1
2728 9939 1
2728 9464 9
2728 8532 1
2728 9404 1
2729 9590 2
2729 9261 4
2729 9419 1
2729 9469 1
2729 9562 1
2729 9890 1
2754 8931 2
2754 9132 2
2754 9602 1
2754 9302 17
2757 9741 1
2757 9961 1
2758 8901 2
2758 9687 1
2758 8616 7
2758 9508 1
2762 8986 1
2762 8901 1
2762 9343 1
2762 8974 1
2765 9600 1
2765 8656 2
2765 8831 118
2772 8718 1
2772 8607 1
2772 9357 1
2772 9743 1
2789 9646 2
2789 9999 2
2789 8702 13
2789 9525 1
2789 9816 1
2794 9205 1
2794 9452 1
2811 8660 1
2811 9660 4
2827 9066 1
2827 8610 1
2827 8940 4
2827 9498 1
2827 8633 1
2827 8837 7
2827 9160 1
2827 9241 2
2838 9280 8
2838 9332 5
2838 9295 14
2838 9813 2
2838 8776 1
2838 8880 2
2838 9374 1
2838 9652 1
2842 8716 2
2842 9241 1
2842 9166 1
2842 9737 1
2848 9216 1
2848 9011 1
2848 9639 1
2853 8788 2
2853 9268 1
2853 9614 2
2853 9930 1
2859 8718 1
2859 9956 1
2867 9417 1
2867 8630 1
2867 8670 1
2867 9480 1
2881 9638 2
2881 9532 1
2881 9617 1
2884 9821 1
2884 8767 2
2884 8951 1
2907 8951 1
2907 8796 3
2907 8872 1
2907 8707 1
2907 9516 1
2925 9713 1
2925 9040 4
2925 9238 2
2925 9370 3
2925 8963 2
2925 9240 2
2931 9804 2
2931 9874 1
2931 9982 1
2931 8946 1
2931 9781 1
2960 8649 1
2960 9344 1
2960 8829 1
2960 9393 2
2983 9668 1
3001 9716 1
3001 9233 1
3001 9503 1
3001 8668 3
3001 8529 9
3001 8931 1
3009 9445 3
3009 8624 3
3009 9565 1
3009 9752 1
3009 8572 30
3009 8952 1
3009 9480 1
3009 8768 1
3009 8963 3
3014 9950 1
3014 9963 14
3014 8700 1
3014 9215 2
3014 9646 2
3014 9903 4
3014 9236 1
3022 8564 1
3022 9452 2
3022 9979 2
3022 9738 1
3022 8774 2
3022 9895 2
3027 9412 1
3027 8875 22
3043 8968 3
3043 9303 4
3043 8937 1
3043 9867 3
3052 9130 1
3052 9849 1
3065 9621 1
3065 8630 96
3065 9794 2
3065 8957 1
3065 9790 2
3065 9540 1
3104 8814 1
3104 9151 1
3104 8549 1
3126 9067 1
3126 9795 4
3126 9543 3
3126 8764 2
3126 9816 1
3126 9391 6
3126 9501 1
3126 9866 3
3136 9547 1
3136 8686 1
3136 9660 2
3136 8727 2
3136 9835 1
3145 9328 1
3145 9775 2
3152 9695 1
3152 8875 1
3152 9810 3
3152 8735 1
3152 9583 5
3152 9975 2
3155 9377 2
3155 9235 4
3155 9486 1
3155 9175 1
3159 9374 1
3159 9311 5
3159 9897 2
3159 9890 1
3159 9508 2
3159 9938 15
3159 9104 1
3166 9527 1
3166 8675 1
3166 9436 2
3166 8545 1
3166 9625 2
3190 9219 1
3190 9965 1
3190 9315 6
3190 9462 2
3190 9112 2
3190 9197 2
3190 9940 1
3196 9445 1
3196 9616 2
3196 9624 58
3197 9213 1
3197 9124 1
3215 9911 3
3215 9002 1
3215 9556 1
3215 9876 1
3215 9966 1
3215 9997 1
3235 8955 2
3235 9687 1
3237 8689 1
3237 9390 2
3237 9405 1
3237 9247 1
3237 9424 2
3237 9683 4
3237 9791 1
3248 9141 1
3248 9284 1
3263 9760 3
3263 8755 3
3263 8952 2
3263 9328 105
3263 9458 2
3263 9517 1
3263 9507 8
3263 9542 4
3267 9949 1
3280 8531 1
3280 8600 1
3280 8896 2
3290 9613 2
3290 9117 2
3290 8823 2
3290 9458 1
3290 9207 1
3290 9373 1
3290 8648 50
3291 9486 2
3291 9739 1
3291 8606 2
3309 8736 1
3309 8989 1
3309 9408 1
3316 9927 2
3316 8626 1
3316 8902 1
3316 9275 7
3316 9713 1
3316 9950 1
3325 8737 1
3335 9469 1
3335 8897 1
3335 9988 1
3341 9978 1
3341 8665 1
3341 8768 1
3353 9228 4
3353 9942 1
3353 9624 1
3353 8974 1
3353 9852 2
3359 9610 1
3366 9963 1
3366 9183 2
3366 9511 3
3366 9551 1
3366 9639 1
3378 9875 2
3378 9412 1
3378 9696 1
3378 9592 2
3378 9680 2
3410 9256 1
3410 9487 1
3410 8817 3
3410 9147 50
3421 9416 6
3421 8900 9
3421 9620 15
3423 9516 1
3423 9907 13
3423 8739 3
3423 9402 1
3423 9694 2
3423 9624 1
3429 9010 4
3429 9361 1
3429 9213 1
3429 9597 4
3430 9949 6
3430 8811 2
3430 9126 1
3436 9024 3
3436 9888 34
3436 9684 1
3436 9376 4
3436 9895 1
3436 9083 1
3436 9121 2
3446 8784 1
3446 9706 1
3446 9729 2
3446 9112 1
3449 9171 1
3449 9871 1
3449 9679 1
3449 9319 2
3449 9770 10
3449 9876 1
3476 9306 16
3476 9804 2
3484 8739 1
3504 9746 1
3504 8969 1
3504 8976 1
3504 9505 1
3504 8803 5
3504 9923 1
3514 9384 1
3514 9758 1
3514 9345 1
3514 8764 1
3514 9391 1
3526 9808 1
3526 9370 2
3528 8593 5
3528 8766 1
3528 9583 1
3528 9679 1
3528 9870 1
3534 9546 31
3534 9837 3
3534 9932 1
3534 9803 1
3534 8919 5
3534 8561 1
3534 8676 1
3534 9065 1
3534 9203 15
3534 9688 1
3534 9914 1
3543 9993 7
3543 8555 9
3563 8903 3
3563 8997 1
3563 9648 4
3563 8767 18
3563 9483 1
3575 9303 1
3575 9090 2
3575 8549 2
3575 9193 1
3575 9275 1
3579 8853 1
3579 8846 1
3579 9872 1
3579 9459 3
3579 8566 1
3579 8722 1
3592 9547 1
3601 9891 2
3601 9183 1
3601 8568 3
3601 9488 1
3601 9089 1
3638 9869 3
3638 8593 23
3638 8707 2
3638 9327 1
3638 9776 1
3653 8622 1
3653 9319 1
3653 9462 2
3653 8737 1
3653 8768 2
3653 9114 1
3653 8823 1
3653 9740 1
3653 8928 2
3653 9110 3
3653 9206 10
3653 9584 3
3653 9873 96
3655 9501 1
3655 9773 4
3655 8666 1
3655 9719 2
3655 9891 3
3668 8697 1
3668 8934 3
3668 9870 1
3668 8702 1
3668 9534 2
3701 9607 3
3701 8565 3
3709 8801 8
3709 8533 20
3709 8768 2
3709 9623 1
3709 8553 1
3709 9848 1
3724 8954 26
3724 9687 2
3724 9729 2
3727 8981 2
3727 9233 1
3727 9110 3
3727 9971 1
3727 8718 1
3735 9812 2
3735 9776 2
3735 8776 11
3735 8831 1
3741 8825 2
3741 9446 25
3741 9098 1
3741 9236 1
3741 9303 9
3749 9538 1
3749 9927 3
3749 9976 2
3749 9449 1
3749 9528 1
3749 9548 3
3764 9829 1
3764 8760 1
3764 8885 1
3764 9978 1
3774 8880 2
3774 9156 1
3774 9255 1
3774 8611 2
3774 9592 2
3774 9113 2
3774 9553 1
3774 9576 2
3774 9682 1
3774 8592 1
3774 8980 2
3774 9936 4
3778 9925 4
3778 8598 21
3778 8970 3
3827 8663 1
3828 9311 1
3828 9039 1
3835 9155 1
3835 9510 1
3854 9150 1
3854 8593 1
3854 8737 3
3854 9605 2
3854 8698 138
3854 9299 1
3854 9691 2
3871 9651 1
3890 9710 1
3891 9905 2
3891 9662 2
3911 9138 1
3919 8748 5
3919 8926 1
3919 9519 1
3919 9822 1
3924 9621 2
3924 8608 1
3924 9573 3
3924 9870 1
3924 8897 2
3924 9857 1
3924 9155 1
3924 9797 1
3924 9445 2
3924 8701 1
3924 9644 4
3924 9292 5
3928 9899 1
3928 9457 1
3939 9603 1
3939 8554 1
3946 9785 1
3946 9446 2
3946 8597 7
3947 9802 1
3947 9683 1
3964 9910 1
3964 9977 3
3964 8853 1
3964 9505 1
3964 9506 1
3964 9555 1
3964 9861 2
3980 9205 1
3980 9768 1
3980 9981 1
3981 9169 3
3981 9633 1
3981 8968 1
3984 8647 1
3984 9464 2
3984 9762 1
3984 9806 2
3984 8739 1
3984 9716 1
3984 9740 3
3984 9759 4
3984 9943 4
3985 8782 10
3985 8896 1
3985 9644 4
3986 9733 1
3986 8976 7
3986 9015 4
3986 9641 1
3990 9934 1
3990 8749 12
3990 9418 13
3990 9201 1
3990 9578 9
3995 9819 1
4010 8702 7
4010 9184 1
4010 8885 1
4010 9326 1
4020 9599 6
4020 9148 3
4020 9922 2
4020 9193 6
4020 9784 1
4020 9940 2
4037 9483 1
4075 8854 200
4075 9854 2
4100 9649 1
4100 9891 1
4100 8650 5
4100 8793 1
4100 9023 1
4100 9155 1
4100 9373 2
4119 9750 8
4119 8888 1
4119 9604 3
4119 9713 2
4132 9594 1
4132 9230 2
4144 9752 1
4144 8848 1
4152 8928 1
4152 9777 1
4152 8973 4
4152 9775 1
4203 8584 2
4206 9510 1
4206 9085 1
4206 9021 1
4206 9333 31
4215 9855 1
4215 8571 1
4215 9815 2
4215 9587 3
4215 9597 1
4215 9336 2
4219 9905 1
4219 9136 4
4235 9532 1
4235 8721 2
4245 9982 2
4245 8732 1
4245 8998 40
4245 9358 1
4245 9861 1
4245 9921 1
4248 9292 1
4248 9188 1
4248 9695 1
4259 9660 1
4259 9739 1
4259 9503 1
4269 9758 2
4269 9188 1
4269 8816 1
4275 9283 2
4275 9616 21
4275 9763 9
4285 9662 1
4285 9594 2
4285 9904 1
4285 8816 9
4285 8827 1
4285 9171 1
4285 9137 1
4285 9652 3
4285 8660 2
4285 9494 1
4285 9090 1
4292 9699 1
4292 9781 2
4292 9965 1
4292 8686 1
4292 8762 65
4292 9156 1
4298 8761 5
4298 9864 1
4311 9256 2
4311 9184 1
4311 9450 1
4311 8694 14
4325 9396 9
4325 8530 2
4339 9878 2
4340 9002 1
4340 9647 3
4340 8863 1
4340 9360 6
4340 9324 1
4345 9030 3
4345 8874 1
4345 9522 1
4345 9556 1
4345 9699 1
4345 9806 1
4345 9902 1
4345 8957 4
4361 9096 1
4361 9542 1
4361 8889 1
4361 9930 125
4361 9944 12
4361 9002 1
4361 9815 1
4361 9605 2
4361 9837 2
4361 9549 4
4364 9638 1
4364 9254 1
4364 9849 13
4364 9422 2
4364 8532 1
4381 9940 4
4381 8986 2
4381 8560 2
4381 9265 2
4393 8539 1
4393 9399 1
4416 9490 2
4416 9961 2
4456 9152 1
4456 9886 1
4477 9501 6
4501 9669 200
4501 8939 1
4504 9827 1
4504 8734 1
4504 8918 1
4508 9607 3
4508 9555 1
4508 9344 1
4508 9633 1
4508 9821 3
4513 9694 6
4513 9458 3
4513 9491 1
4513 9647 2
4525 9367 3
4525 9730 4
4525 8901 1
4525 9001 27
4525 9125 1
4525 9793 1
4525 8889 2
4525 9637 1
4528 9040 1
4528 9488 2
4543 9230 1
4543 9273 15
4577 8675 2
4577 9197 1
4577 8970 1
4577 9621 7
4577 9324 1
4577 8969 2
4577 8805 1
4577 8532 4
4577 9486 1
4577 9601 1
4577 9401 1
4591 9648 1
4600 9044 20
4600 9215 1
4613 9251 8
4613 9160 1
4613 8734 5
4613 9132 1
4613 9222 1
4625 9781 1
4630 9224 1
4630 9184 8
4630 8753 1
4630 9780 1
4630 9375 1
4642 9882 6
4661 9522 1
4661 8614 3
4661 9232 1
4661 9774 5
4661 9972 12
4661 8786 1
4661 9052 2
4662 9819 1
4662 9037 1
4668 9474 1
4668 9292 1
4668 9938 1
4668 9023 1
4682 8982 7
4682 8843 2
4682 8716 1
4682 8717 2
4712 9540 1
4718 8665 2
4718 9884 1
4719 9030 1
4719 9902 3
4733 8544 1
4733 9258 1
4733 9357 1
4733 9393 1
4733 8703 1
4733 8848 48
4733 9053 1
4733 9447 1
4740 9367 2
4740 9254 16
4740 9898 1
4753 8756 1
4760 9336 1
4765 9258 4
4765 8742 1
4776 9710 2
4776 9607 1
4776 9823 8
4794 9501 1
4794 8688 2
4794 9252 1
4794 9329 1
4807 8540 1
4810 9511 9
4812 9888 2
4812 9030 1
4812 9309 1
4825 8752 36
4825 9395 1
4825 9431 2
4826 9323 2
4826 9943 1
4826 9357 1
4826 8934 1
4827 9201 1
4827 9960 1
4827 9977 1
4836 9467 1
4836 9757 2
4855 9845 3
4859 9475 1
4859 9527 1
4878 9827 2
4878 9040 12
4878 9025 1
4878 9177 2
4888 9594 6
4893 9480 1
4893 9217 1
4910 9070 1
4910 9987 4
4910 9629 1
4910 8748 5
4910 9610 1
4940 8779 1
4940 9030 2
4940 9934 1
4942 8659 1
4942 9803 1
4942 8986 1
4969 9594 2
4969 9586 2
4969 8843 1
4969 9559 200
4969 9362 1
4973 8793 1
4973 9502 1
4973 9254 14
4973 9506 3
4973 9152 1
4973 9403 1
4973 9952 1
4973 8860 2
4989 9757 1
4989 9314 2
4989 8697 1
4989 9369 1
4989 9808 1
4989 9984 2
5027 8760 9
5027 9973 1
5038 9728 6
5038 8915 1
5038 9893 2
5043 8910 12
5043 8559 44
5043 9151 2
5050 8786 1
5050 9797 1
5050 8886 20
5050 9087 1
5050 8675 1
5050 8712 4
5050 8881 1
5050 8952 2
5062 8892 1
5062 9141 2
5062 9949 1
5068 9861 1
5068 9916 1
5071 8887 1
5071 8885 1
5071 8878 1
5071 8958 5
5071 9334 1
5071 8638 1
5071 9415 1
5078 9295 8
5078 9283 1
5100 9545 1
5100 8579 5
5100 9554 1
5100 9196 1
5100 9608 4
5100 8646 1
5100 8593 1
5108 9904 2
5108 9316 2
5108 9533 1
5125 8599 1
5150 8622 1
5150 8875 1
5150 9545 2
5167 8612 1
5167 9196 3
5167 9549 2
5167 9816 15
5167 9973 1
5167 9539 1
5167 9071 3
5167 8814 2
5167 9325 1
5183 9254 1
5184 8804 1
5184 8936 3
5184 9142 1
5184 9996 1
5184 8903 1
5184 9076 1
5184 8679 1
5184 9517 5
5192 9702 3
5192 9951 2
5228 9742 1
5228 9877 1
5228 8953 1
5228 9867 2
5228 9965 1
5241 8882 1
5241 8723 1
5241 8601 2
5241 9050 2
5251 8596 14
5251 9227 1
5272 9389 1
5272 8683 2
5272 8978 3
5275 9443 1
5275 8647 1
5275 8769 2
5275 9128 1
5275 9381 4
5294 9174 1
5294 9987 2
5294 9445 2
5298 9791 14
5298 8936 1
5307 8731 31
5307 8549 6
5307 9204 1
5307 8948 1
5323 9961 3
5324 9473 200
5324 8649 2
5324 9011 1
5324 8600 1
5324 8847 1
5337 9195 1
5337 9367 2
5337 9623 2
5344 9186 3
5344 9666 1
5344 9907 1
5347 9841 1
5347 9628 3
5347 9225 1
5347 9341 4
5391 8545 1
5391 9940 3
5391 9655 1
5391 9723 2
5392 9795 1
5400 9014 3
5400 9657 4
5400 9815 1
5400 9673 1
5400 9272 1
5400 9762 5
5400 9783 6
5407 9846 1
5407 9152 5
5407 9559 1
5407 9896 1
5411 9606 4
5411 8952 3
5419 8562 1
5419 8939 1
5419 9969 1
5433 9367 1
5433 9075 1
5433 9684 3
5436 9435 5
5436 9682 1
5436 9245 1
5436 8648 2
5436 8760 2
5439 9011 3
5439 9431 1
5439 9701 3
5439 9592 1
5439 9606 1
5443 9036 1
5443 8874 1
5443 9222 1
5443 9410 1
5458 9998 3
5458 9746 1
5458 9255 1
5458 8641 1
5510 9997 1
5511 9230 2
5511 8732 1
5511 9374 2
5511 9563 1
5521 9192 5
5521 8731 1
5521 9269 1
5521 9367 1
5521 9510 1
5521 9432 1
5521 9581 25
5521 8823 1
5521 9871 1
5531 9619 1
5531 9754 5
5538 8691 1
5538 9106 1
5538 9873 11
5538 9965 2
5538 8630 1
5546 9783 5
5546 9845 1
5546 8947 1
5564 8760 49
5564 9704 3
5564 9955 1
5564 9565 6
5567 9215 1
5567 9210 3
5567 9469 2
5567 8822 1
5577 9830 2
5577 8555 1
5589 8809 2
5589 9110 1
5589 9567 2
5589 8572 1
5643 8761 1
5643 8716 5
5643 8802 200
5643 9396 1
5643 9021 2
5643 9800 1
5643 8821 1
5643 9316 23
5643 9610 1
5648 8920 3
5648 8551 2
5648 8554 2
5648 9450 2
5648 9321 3
5648 9871 1
5671 9930 4
5671 9031 4
5671 8948 3
5671 9952 26
5696 9211 1
5696 9403 5
5696 8782 1
5696 9542 1
5696 9838 1
5697 9141 4
5717 9376 7
5717 9540 1
5717 9782 1
5730 9543 1
5730 9740 1
5733 8951 8
5733 8709 1
5733 8765 1
5733 9256 2
5733 9467 1
5733 9753 1
5738 9630 1
5738 9137 5
5738 9911 9
5738 9938 200
5749 9716 1
5749 8878 2
5760 8945 3
5760 9876 2
5760 9486 2
5761 9104 19
5761 9186 1
5761 8686 4
5773 8553 4
5773 8621 1
5773 8836 1
5773 9150 1
5784 9591 1
5784 8592 1
5784 8737 3
5792 9617 2
5792 8665 1
5793 9292 1
5793 9752 1
5793 9588 2
5793 9828 1
5793 9214 1
5801 9323 18
5801 8923 1
5823 9871 1
5823 9950 1
5823 8736 1
5823 9584 23
5823 9519 1
5823 9399 3
5826 9360 1
5830 8765 1
5836 8766 2
5836 9534 1
5836 9664 1
5861 8660 5
5861 8803 3
5861 9873 1
5861 8877 1
5861 9002 1
5861 8998 1
5861 9888 4
5882 8547 1
5882 8988 1
5883 9236 1
5883 9436 1
5883 9608 48
5883 9721 1
5883 9107 1
5890 9197 3
5890 9684 1
5890 9675 1
5901 8593 1
5901 9026 3
5901 9331 1
5902 8650 2
5902 8934 2
5902 8879 1
5908 9485 15
5908 8827 2
5908 9868 1
5913 9904 1
5913 8616 1
5913 9029 200
5913 9491 1
5917 9108 1
5918 9137 1
5918 8584 7
5918 9614 1
5918 9055 1
5918 9120 2
5918 9489 1
5918 9636 2
5918 9853 3
5919 9395 2
5919 9075 1
5922 9784 1
5922 9699 1
5928 8559 1
5928 9601 2
5935 9937 1
5936 9730 1
5936 8671 2
5952 9162 1
5952 9746 1
5952 9821 1
5952 8532 1
5952 9273 2
5952 9511 1
5958 9259 1
5958 9484 1
5958 9869 1
5958 9960 1
5958 9108 1
5958 9203 1
5958 9915 1
5958 9055 1
5958 9138 1
5970 9221 1
5970 9419 1
5970 9479 1
5970 9277 3
5978 8684 1
5978 9944 5
5980 9036 1
5980 9558 1
5980 8802 1
5980 9773 5
5980 8536 1
5980 9774 3
5980 9081 1
5988 8916 1
5988 9932 1
5998 9587 1
5998 8584 4
5998 9727 4
5998 8589 10
5998 8691 200
5998 9765 6
6019 9589 5
6019 8566 1
6019 8647 1
6019 9780 11
6019 8547 1
6019 9650 1
6020 8848 2
6020 9909 1
6029 8568 3
6065 8772 2
6065 9811 8
6065 9333 1
6065 9493 3
6065 9973 1
6071 9691 1
6071 8829 1
6071 9775 3
6071 8823 1
6071 9032 1
6071 9730 1
6089 9003 1
6089 9886 2
6089 8710 1
6091 9770 1
6122 8581 3
6122 9219 1
6122 8839 2
6122 9125 1
6122 9572 1
6122 9316 1
6122 9750 1
6122 9851 33
6129 9361 5
6129 9331 2
6129 8553 4
6129 8921 1
6129 9264 1
6129 9547 3
6151 8729 1
6151 9115 1
6151 9171 1
6168 8749 2
6192 9727 1
6192 9204 3
6202 9969 1
6202 9588 1
6202 9379 19
6202 9607 2
6202 9609 1
6202 9672 1
6204 9125 2
6204 9907 3
6204 8946 5
6222 8619 2
6222 9868 1
6222 8854 7
6222 8915 1
6222 9076 1
6222 8620 3
6227 8626 34
6227 9053 1
6227 9510 2
6233 9402 2
6233 9031 1
6233 9279 1
6246 9882 1
6246 9469 1
6246 9587 18
6246 8676 1
6246 8654 1
6246 9097 2
6247 9235 1
6247 9707 1
6247 9852 6
6248 9461 1
6248 8968 1
6249 9666 15
6249 9274 2
6251 9500 1
6251 8776 2
6251 9221 6
6251 9402 1
6251 9181 3
6251 8580 2
6260 9188 4
6260 9526 1
6260 8726 1
6266 9228 1
6277 8805 1
6277 9984 1
6277 8679 3
6277 8734 1
6277 8886 1
6277 9857 2
6277 9939 1
6302 8845 2
6302 9783 2
6307 9955 1
6307 8954 6
6321 8848 1
6321 8560 2
6321 9192 1
6321 9285 1
6341 9789 2
6366 8558 1
6366 9093 5
6366 9171 1
6366 9245 1
6366 9405 1
6441 9292 1
6441 9667 2
6441 9527 1
6441 8752 1
6460 9298 1
6460 9533 1
6460 8966 2
6460 9268 3
6460 9422 2
6477 8547 1
6477 9802 24
6477 8881 1
6477 9585 1
6485 9053 13
6485 9645 4
6485 9589 1
6485 9643 1
6485 9815 1
6486 9913 3
6486 8986 1
6486 9404 1
6489 9911 1
6489 9302 1
6508 9186 1
6508 9627 4
6508 9954 4
6508 8533 6
6508 8843 2
6508 9269 4
6521 9422 1
6521 8622 1
6521 9176 1
6521 9323 2
6521 9311 5
6523 9717 5
6523 9393 2
6523 9135 1
6541 9265 1
6541 8668 3
6541 8650 12
6541 9172 17
6541 9823 2
6541 9826 1
6545 9011 2
6545 9304 1
6545 9721 1
6545 9822 2
6551 8723 1
6551 9027 2
6551 9328 1
6551 9855 1
6577 8947 2
6577 9837 1
6577 9927 1
6577 9454 1
6623 8565 1
6623 9148 2
6623 9230 1
6623 9996 1
6643 9534 1
6643 9553 1
6643 8715 3
6643 9064 1
6643 9603 1
6643 9404 1
6645 9408 2
6649 9479 3
6649 8916 1
6651 9206 2
6651 9232 1
6681 9655 2
6699 8801 1
6699 9397 2
6701 8887 2
6701 8553 1
6714 9205 6
6714 8668 2
6714 9734 12
6727 9381 3
6729 8755 50
6729 9660 1
6744 9602 1
6744 8579 200
6744 9119 1
6744 9697 1
6746 9921 1
6746 9910 4
6754 9236 1
6773 9731 1
6773 9156 3
6773 9221 1
6773 9302 1
6773 9482 1
6784 9606 1
6784 9704 1
6784 8794 1
6784 9574 1
6784 8802 1
6784 8920 1
6790 8947 3
6790 9331 1
6790 9376 11
6790 9932 8
6801 9856 1
6801 8792 1
6801 9077 1
6801 9541 1
6823 9789 1
6828 8567 1
6828 9738 6
6828 8853 2
6828 9370 2
6848 9187 3
6848 9978 2
6853 9623 1
6853 9948 2
6853 8916 2
6853 9940 1
6853 8619 1
6853 8986 1
6853 9443 1
6853 9517 1
6853 9565 2
6856 8773 1
6856 9690 1
6869 8878 1
6869 9120 1
6869 9186 200
6869 9533 3
6869 9489 1
6869 8659 3
6876 9462 1
6876 8616 1
6876 8700 1
6876 8786 2
6876 9813 3
6894 9559 1
6894 9709 1
6894 8985 1
6894 9957 3
6905 9648 1
6905 8592 1
6905 8687 1
6905 8989 1
6905 8991 1
6905 9389 1
6905 8703 1
6905 8920 1
6914 8721 1
6914 8742 4
6914 9083 1
6914 8792 2
6939 9803 3
6939 9577 1
6939 8977 3
6939 9544 8
6939 9611 1
6939 9148 2
6939 9865 1
6940 9701 7
6940 9998 1
6940 9630 2
6954 9762 1
6954 8581 3
6957 9376 1
6957 9923 1
6974 9993 4
6974 9000 2
6977 9264 21
6977 9686 9
6983 9989 1
6989 9706 2
6989 9374 1
6989 8717 6
6989 9024 1
6990 9979 1
6990 9753 3
6990 9541 1
6990 9764 1
6990 8985 1
6990 9358 1
6991 9521 3
6991 8886 44
6991 9064 2
6991 9929 7
6995 9965 1
6995 9015 1
7009 9570 2
7009 9169 1
7009 8705 1
7023 9486 1
7023 9902 1
7023 9663 2
7023 8778 1
7023 9621 13
7023 9633 3
7023 9875 1
7023 8561 2
7023 9243 1
7035 9651 1
7036 9217 1
7036 9340 8
7036 9437 1
7036 9090 3
7036 9152 1
7036 9598 1
7037 9334 3
7037 9516 1
7055 8937 1
7055 9099 1
7055 9232 3
7070 9124 1
7070 8611 1
7070 8876 1
7097 9978 1
7097 9302 3
7097 9050 1
7097 9427 5
7104 9392 2
7104 8814 1
7104 9585 3
7104 9461 1
7118 8898 1
7118 9343 1
7118 9650 1
7118 9305 2
7118 9676 1
7128 9759 5
7128 9283 8
7128 9345 1
7128 9663 5
7128 9714 3
7151 9113 1
7151 8831 1
7151 8955 16
7151 9666 1
7153 8542 1
7153 8575 1
7153 9911 1
7153 9767 1
7155 8721 5
7155 9359 1
7155 8718 1
7155 8853 50
7155 9427 1
7155 9546 4
7155 9790 1
7164 8928 1
7164 8778 1
7164 8863 1
7182 9150 1
7184 9299 1
7184 9463 24
7184 9519 1
7196 9355 1
7200 9464 1
7200 9764 1
7212 9141 1
7212 8958 1
7212 9473 2
7212 9782 2
7222 8705 1
7229 9758 1
7229 9402 38
7229 9706 2
7229 8855 1
7236 9303 1
7236 8589 1
7236 9547 13
7236 8936 2
7236 9624 1
7236 9776 2
7236 9473 2
7236 9933 1
7245 9633 7
7245 9846 1
7245 8766 2
7245 9835 1
7245 9731 1
7251 9596 1
7251 9859 2
7251 9866 5
7265 8649 1
7265 9295 2
7265 8736 1
7265 9117 1
7268 9381 1
7268 9122 1
7268 9516 1
7282 8888 1
7282 8675 1
7282 9052 30
7282 9369 2
7282 9933 2
7283 9357 1
7283 9268 13
7283 9064 1
7283 8847 1
7291 9794 1
7291 9362 1
7291 9797 1
7294 9660 1
7294 8725 8
7294 8872 1
7294 8769 1
7294 8825 2
7294 9597 1
7307 9803 1
7307 9709 1
7310 9509 1
7310 9081 1
7310 9684 1
7310 8836 1
7310 9037 1
7310 9463 1
7322 9547 1
7322 9730 2
7322 9313 1
7329 9467 1
7331 9179 10
7331 9952 1
7332 8978 1
7332 8859 1
7332 9509 1
7332 8533 1
7332 9062 1
7332 9108 1
7353 8540 1
7353 9326 4
7353 9321 1
7353 9550 1
7353 8670 5
7353 9825 1
7353 8596 2
7358 9594 1
7358 9910 6
7358 9662 1
7365 9425 5
7365 9567 2
7379 9717 18
7379 9392 4
7379 8655 1
7379 9603 1
7379 8578 2
7379 9590 1
7379 9959 1
7386 9596 2
7386 9475 1
7388 9756 1
7388 8589 1
7398 9500 1
7398 8534 4
7398 9359 2
7398 9491 1
7413 9921 1
7413 8955 1
7413 9006 1
7431 9275 5
7431 8958 6
7433 9435 1
7433 9269 200
7458 9984 1
7458 8779 2
7458 9388 2
7462 8661 3
7462 9510 5
7462 9109 2
7463 9714 1
7463 8739 2
7463 8687 1
7466 9850 1
7466 8784 3
7466 9376 1
7481 9119 1
7481 9883 2
7491 8731 1
7491 9620 1
7498 9365 1
7498 8596 1
7498 9929 1
7498 9955 1
7498 8535 1
7514 8592 1
7514 8771 7
7514 8988 1
7529 9573 12
7529 8726 1
7562 9496 1
7562 9075 3
7562 8836 1
7562 9060 1
7562 9122 1
7564 9174 2
7564 8973 1
7590 9957 59
7590 9019 1
7590 9627 1
7590 8782 4
7590 9553 1
7590 9544 2
7598 8554 3
7598 8582 1
7598 9334 2
7650 8536 3
7650 9950 1
7650 9532 2
7650 9622 1
7650 9877 1
7662 9541 1
7671 8872 1
7671 9723 2
7685 9292 2
7685 9185 1
7685 9628 1
7691 8558 1
7691 8748 1
7691 9447 2
7691 8968 1
7691 9922 1
7691 9785 2
7691 9709 1
7691 9858 2
7691 9196 1
7710 9931 1
7710 8948 2
7710 8568 1
7710 9758 1
7715 9668 1
7715 8610 1
7715 9064 7
7730 9419 1
7730 9176 3
7730 9636 1
7730 9441 32
7730 9466 1
7731 9226 1
7731 9279 29
7731 9625 2
7731 9884 1
7731 9963 1
7731 8562 12
7731 8687 6
7731 8901 3
7735 9139 1
7735 9558 16
7738 9365 200
7738 9576 2
7738 8953 1
7738 9425 1
7738 9925 1
7739 8571 1
7739 9686 1
7739 9822 1
7739 9713 4
7739 9759 1
7739 9974 1
7774 8762 1
7774 9393 1
7774 9777 1
7774 9874 2
7774 9278 1
7774 8601 1
7774 9825 1
7774 9899 2
7774 8548 1
7774 9066 10
7774 9976 11
7776 8561 1
7776 9215 3
7776 9717 3
7776 8632 1
7776 9233 1
7778 9426 1
7778 8910 1
7778 9806 1
7782 9083 7
7782 9309 1
7801 8535 1
7801 8940 1
7807 8867 13
7807 9823 1
7807 9660 1
7807 9619 1
7830 8620 2
7830 9306 1
7834 9614 1
7834 9098 1
7859 9283 1
7859 8750 1
7859 9896 2
7859 9067 1
7874 9091 3
7874 8882 1
7874 9487 2
7884 8601 1
7884 9927 1
7884 9985 1
7887 8731 1
7887 9395 1
7887 9652 1
7890 9436 2
7890 9588 2
7890 9703 1
7890 9993 18
7892 8926 3
7892 9441 1
7925 8616 6
7925 9110 1
7925 9246 1
7925 9546 1
7925 9010 1
7925 9673 3
7935 9343 1
7935 9116 1
7935 9573 1
7935 9682 9
7937 9719 1
7937 8575 1
7952 9166 2
7952 9001 1
7952 9982 11
7985 9225 146
7998 9441 2
7998 8671 1
7998 8739 6
7998 9828 3
7998 9501 1
8006 8657 1
8006 9419 1
8006 8567 1
8009 9422 1
8009 8776 2
8009 9140 1
8009 9320 5
8014 9283 1
8014 9118 1
8016 9185 2
8016 8541 2
8016 8666 1
8049 8600 1
8049 9405 1
8049 8539 1
8049 9578 2
8049 8582 2
8049 9293 2
8049 9858 6
8077 9230 2
8083 9085 2
8098 9537 1
8098 9562 3
8098 8887 1
8098 9903 1
8098 9126 4
8099 9331 1
8100 9771 1
8100 9023 1
8100 8593 2
8100 8817 1
8100 9305 5
8150 9315 1
8150 8753 1
8150 9923 3
8150 8581 10
8150 9184 5
8150 9543 1
8155 9104 1
8155 9069 1
8163 8773 6
8163 9090 1
8163 9185 1
8163 9777 2
8163 8539 1
8168 8978 1
8168 8947 1
8168 8937 1
8169 9314 3
8169 9969 3
8169 9874 3
8178 9421 1
8178 9264 3
8178 9641 1
8189 9217 33
8189 8599 7
8189 9130 3
8202 9788 4
8210 9952 1
8210 8548 5
8210 9255 1
8210 9437 2
8237 9265 1
8237 8926 1
8243 9233 1
8247 9380 1
8247 8753 1
8250 9533 1
8250 9216 4
8250 9939 3
8250 8719 6
8250 9358 1
8250 9528 1
8264 9529 1
8264 8707 1
8264 9212 1
8266 9808 2
8266 9725 1
8266 9288 1
8266 9500 1
8268 9767 1
8268 9691 3
8268 9944 1
8268 8566 4
8272 9983 2
8272 9637 3
8272 9201 1
8272 8991 1
8275 8669 1
8279 9140 3
8279 9240 2
8281 9177 2
8281 9502 6
8281 8659 1
8281 9651 1
8281 9828 1
8281 9983 3
8282 8736 178
8282 9210 1
8282 9878 1
8289 8597 1
8289 9011 5
8289 9813 1
8289 9918 1
8295 9150 7
8295 8745 1
8295 8641 1
8295 9630 54
8295 9883 3
8295 9957 1
8302 9681 1
8302 9702 1
8313 9902 13
8313 9958 1
8313 9868 1
8313 9648 1
8343 9898 1
8343 8619 1
8386 9997 1
8392 8593 4
8392 9536 2
8396 9942 1
8396 8626 1
8423 9896 5
8443 9419 1
8443 8555 3
8443 9447 1
8443 9506 2
8443 9375 1
8450 9617 4
8456 9981 1
8456 9394 31
8456 9426 2
8459 9342 1
8474 9581 5
8474 9259 1
8476 9494 1
8476 9988 7
8476 9214 1
8479 9754 5
8479 9272 2
8479 8887 1
8479 9868 1
8479 9968 1
8480 8945 2
8480 9044 1
8480 9117 1
8480 9490 3
8480 9622 1
8483 9929 3
8483 9336 1
8483 8854 32
8483 8898 4
8483 9019 14
8483 9091 1
8490 9600 3
8490 9719 1
8490 8901 8
8490 9795 1
8502 9454 4
8502 9032 3
8502 8809 2
8502 9174 2
8502 9918 1
8502 9497 1
8510 9718 2
8510 9378 1
8510 8773 2
8510 9224 1
8510 9648 1
8510 9811 1
8515 8656 3
8515 9780 1
8526 8772 2
8531 8713 2
8531 8546 1
8531 9220 1
8533 8917 3
8535 8758 1
8537 8704 1
8537 8866 14
8538 8847 12
8538 8779 1
8538 9547 1
8538 9891 1
8538 9169 1
8540 8941 2
8540 8674 3
8542 9072 1
8542 9173 1
8543 9097 2
8543 8827 2
8543 9554 1
8543 9774 2
8544 8747 2
8544 8961 4
8546 9614 2
8546 9378 4
8547 8917 1
8548 8603 3
8550 8815 3
8551 9346 2
8551 8899 1
8552 9512 1
8554 9043 1
8556 8969 1
8556 9856 2
8556 8661 1
8557 9605 9
8557 9502 1
8558 8728 2
8559 9102 8
8560 8602 1
8561 9908 2
8561 8856 1
8562 9005 1
8562 8634 2
8563 9663 1
8563 9060 1
8563 9260 3
8564 8763 2
8565 9168 1
8567 8873 1
8568 9008 46
8569 9650 2
8569 8764 1
8569 9502 8
8569 9443 1
8570 9971 1
8570 8765 2
8570 9002 2
8570 9118 1
8571 8594 21
8572 8826 1
8572 8933 1
8573 9635 1
8573 8763 1
8574 9743 12
8574 9916 3
8576 9017 2
8576 9082 2
8577 8626 1
8577 9204 1
8578 8922 1
8579 8744 1
8580 8906 24
8580 8849 1
8581 8865 4
8582 8819 2
8583 9121 3
8583 8646 1
8585 9376 1
8585 8717 3
8585 9598 1
8586 9240 2
8586 8771 1
8586 9426 1
8586 9827 2
8587 9488 2
8587 9860 1
8588 8819 1
8590 8626 1
8590 9211 2
8591 9323 1
8594 8953 104
8594 9725 1
8595 9245 2
8595 9367 1
8597 8912 3
8598 8930 1
8599 8791 1
8599 8645 1
8600 8824 1
8601 8828 1
8602 9345 1
8602 9547 1
8602 8881 1
8602 9709 1
8602 9723 1
8602 9911 1
8602 8641 13
8602 9365 2
8602 9856 1
8602 9915 1
8603 8845 1
8603 9097 2
8603 9012 2
8603 9389 2
8603 9120 2
8603 9222 1
8603 9790 1
8603 9974 2
8603 9142 1
8603 9246 1
8604 8933 1
8604 8870 1
8605 8836 1
8605 9788 2
8605 9482 1
8605 9519 4
8605 9138 1
8606 9058 4
8607 8904 1
8608 8708 1
8608 8667 1
8609 9044 18
8609 8788 4
8609 9327 1
8609 9914 3
8609 8877 10
8610 9199 1
8613 9848 1
8613 9860 1
8615 8949 1
8617 9578 1
8617 8973 45
8617 8701 1
8617 9049 1
8618 9388 1
8621 8979 1
8623 9123 5
8623 8924 2
8623 8754 4
8624 8662 1
8625 9759 2
8625 9954 1
8625 9403 22
8625 9108 3
8625 8742 3
8625 9415 1
8625 9957 1
8626 8995 1
8627 9121 1
8627 9378 1
8628 8954 11
8628 8921 2
8628 9747 1
8628 8700 1
8629 9648 1
8629 8776 6
8631 9306 1
8631 9832 1
8631 8889 2
8632 8840 2
8634 8900 1
8634 9098 1
8634 9325 5
8634 9508 1
8635 9556 1
8635 9844 1
8635 9345 2
8635 9947 1
8635 9969 2
8636 9378 1
8636 9906 1
8636 9011 4
8636 9483 7
8639 9085 2
8640 8826 1
8642 9025 1
8642 9937 4
8643 9578 1
8643 9063 1
8643 9377 1
8644 9110 2
8644 9087 9
8644 9624 1
8644 9842 1
8644 8981 1
8644 9848 3
8644 9813 1
8644 8921 3
8645 9657 1
8645 9161 1
8646 8678 1
8647 9007 1
8650 8899 1
8651 9001 5
8652 8762 1
8653 9247 1
8654 9082 4
8656 8924 1
8656 9354 2
8657 8930 39
8658 8984 1
8658 9717 200
8661 9912 6
8661 9736 2
8662 9545 1
8662 9688 9
8663 8787 1
8663 8964 2
8664 9062 1
8664 8731 1
8664 9539 1
8666 8746 1
8667 9578 2
8667 9071 1
8667 8857 2
8667 9812 5
8669 9149 1
8670 8899 1
8671 8733 13
8672 9641 1
8672 8748 1
8672 9589 1
8673 8821 1
8673 9682 1
8673 9741 1
8673 9760 6
8673 8766 1
8673 9467 3
8674 9160 2
8676 8780 1
8676 8895 4
8677 9422 1
8677 9860 200
8677 9670 1
8678 9946 1
8678 9609 3
8678 9380 1
8678 9727 1
8680 9673 2
8681 8934 2
8681 9866 1
8682 8808 1
8682 8899 4
8683 9468 6
8684 8819 1
8685 9295 1
8685 9161 7
8685 9292 1
8686 8938 1
8688 8842 1
8688 8787 1
8689 8929 1
8689 8844 1
8690 9515 1
8690 9343 3
8690 9459 3
8690 9879 2
8691 8861 20
8692 8837 1
8692 9000 1
8692 8715 2
8692 8821 1
8692 9462 1
8692 9600 1
8692 9719 1
8693 9743 2
8694 9163 1
8694 8930 1
8695 8720 2
8696 9536 1
8696 9484 3
8696 9066 1
8697 8914 5
8698 8781 1
8699 9534 34
8700 9817 1
8701 8818 1
8702 8834 1
8704 9063 1
8704 9427 1
8706 9172 1
8706 9083 1
8706 9692 4
8706 9020 1
8706 9113 1
8706 9819 1
8708 9176 2
8708 9981 9
8708 9377 1
8708 9381 1
8708 9258 1
8710 9736 4
8710 9237 1
8711 8940 1
8712 8783 1
8712 8789 1
8713 9065 3
8713 9633 2
8713 9396 1
8714 9356 1
8716 9310 1
8717 8960 1
8720 8872 1
8720 9384 1
8721 9013 4
8722 8930 1
8723 8819 2
8724 9231 1
8724 9159 1
8725 9168 1
8726 9009 1
8727 9043 1
8728 9166 2
8729 8838 1
8729 8799 1
8730 9119 1
8730 9076 1
8730 9340 3
8732 8795 1
8733 9859 10
8734 8812 2
8734 8783 1
8735 8835 1
8735 8960 1
8737 8993 1
8738 9536 1
8738 9355 2
8738 9896 1
8740 9563 1
8740 9737 1
8740 8794 2
8740 9496 8
8741 9907 1
8741 8947 1
8741 8782 1
8741 8966 1
8741 9972 30
8743 8848 5
8743 9742 1
8743 9360 1
8743 9586 1
8744 9279 1
8744 9960 7
8744 8891 8
8744 9423 1
8744 9026 4
8744 9788 4
8744 9898 1
8747 9256 84
8747 8814 1
8747 9765 1
8749 9168 1
8749 9347 5
8750 8820 1
8751 9920 2
8753 9199 1
8754 9487 1
8754 9177 1
8754 9128 2
8754 9315 2
8756 8906 1
8757 8794 1
8757 9800 1
8757 9584 1
8757 8837 3
8758 9747 1
8758 9232 2
8758 9793 4
8759 9545 3
8759 9391 1
8759 9113 2
8759 9114 1
8759 9449 1
8762 9371 1
8763 9581 4
8763 9507 3
8763 8793 2
8765 9005 1
8765 8979 1
8766 9167 2
8767 8932 1
8769 9908 1
8770 9951 1
8770 9221 49
8774 8996 1
8775 9979 1
8777 9523 1
8777 9835 1
8777 9211 1
8777 9442 1
8777 9522 11
8780 9457 1
8780 9651 1
8780 9636 1
8780 9029 1
8780 9948 2
8781 9873 7
8781 8785 2
8781 9061 1
8781 8855 1
8781 9810 1
8781 8804 3
8781 9331 2
8781 8977 1
8781 9515 1
8783 9390 5
8783 9648 1
8783 9139 4
8783 8974 1
8783 9158 1
8785 8895 2
8787 9780 1
8787 9156 13
8788 8810 1
8789 9692 1
8789 9883 2
8789 8931 3
8789 9044 1
8789 8813 2
8790 8830 1
8791 8847 1
8791 9001 1
8791 9383 1
8791 9048 1
8791 9132 11
8791 9810 1
8795 9212 1
8795 9287 1
8796 8972 3
8797 9064 3
8797 9257 7
8797 9904 1
8798 8898 1
8798 9024 6
8798 9457 2
8798 9784 1
8798 9851 1
8799 8822 2
8800 9701 14
8800 9485 1
8800 9959 2
8801 8820 1
8805 8865 1
8805 9814 1
8805 9007 1
8806 9304 1
8807 9462 1
8807 9794 1
8808 9957 1
8808 9756 1
8808 9403 1
8808 9649 1
8809 9980 1
8810 9765 1
8810 9197 6
8810 9781 1
8811 9191 1
8811 8956 2
8812 9129 1
8812 9420 1
8812 9484 1
8812 9825 2
8812 9946 6
8813 9263 2
8815 8880 1
8815 9572 2
8815 9711 1
8816 9058 1
8818 9934 3
8818 9897 2
8818 9730 10
8818 9356 9
8819 9187 11
8819 8829 1
8819 9621 2
8819 9638 44
8819 9679 1
8819 8880 1
8819 9976 1
8820 9590 1
8823 8835 4
8828 9115 19
8828 9797 1
8830 8936 1
8830 8910 1
8832 9878 1
8832 8954 1
8832 9319 1
8832 9521 1
8832 9687 1
8833 9785 1
8834 9647 1
8835 9672 1
8835 9414 5
8835 9897 2
8838 9844 1
8838 9846 1
8839 9834 1
8840 9609 2
8840 9965 3
8840 9670 6
8841 9196 15
8841 9621 1
8841 9768 1
8842 9132 1
8842 9600 1
8844 9099 2
8847 8904 1
8849 9209 1
8849 9922 1
8849 9193 11
8849 9284 20
8850 9399 3
8850 9500 2
8851 9672 1
8851 9523 12
8851 9756 3
8852 9515 1
8852 9280 1
8852 9526 1
8854 8996 1
8854 8944 1
8855 9263 1
8856 9750 3
8856 9136 1
8856 9107 3
8859 8996 6
8859 8912 1
8860 9834 19
8861 9287 1
8862 9020 1
8862 9745 1
8862 9989 2
8864 9759 1
8864 9577 4
8864 9093 8
8864 9574 3
8865 9886 2
8865 9910 1
8866 9039 1
8868 9437 1
8868 8888 1
8868 9311 2
8868 9187 1
8868 9690 3
8869 9694 1
8869 9334 1
8869 9458 2
8869 8902 1
8869 9355 2
8869 9745 9
8869 9785 2
8870 9436 1
8870 9933 1
8870 9454 2
8870 9261 1
8870 9537 2
8871 8922 1
8873 9767 14
8873 9946 1
8873 9827 2
8874 8961 1
8880 9465 1
8880 9755 9
8882 8930 13
8883 9390 2
8883 9981 1
8884 9695 1
8885 9102 1
8893 9954 2
8893 9774 1
8894 9158 8
8895 9050 1
8897 9191 4
8899 9480 2
8899 9563 2
8899 9361 1
8900 8983 1
8901 8996 1
8903 9013 1
8904 9140 1
8904 9049 1
8904 9066 5
8904 9543 1
8904 9979 1
8905 8953 1
8905 9147 1
8905 9186 1
8907 9177 1
8907 9789 1
8907 9841 1
8908 9918 1
8908 9473 1
8908 9605 5
8908 9637 1
8909 9649 5
8909 9280 1
8909 9859 1
8909 9869 2
8909 9657 1
8909 9701 1
8911 9844 5
8911 9142 1
8912 9913 1
8912 9716 1
8912 9356 1
8912 9079 1
8913 9058 1
8913 9157 1
8913 9814 1
8914 9180 1
8917 9645 1
8917 9291 1
8922 9588 1
8922 9551 1
8922 9142 1
8922 9608 1
8922 9228 1
8924 9503 1
8924 9362 1
8924 9556 1
8924 9370 1
8924 9463 1
8924 9907 1
8924 9789 200
8924 9452 3
8924 9739 1
8925 9655 2
8925 9483 3
8925 9179 3
8925 9272 1
8925 9940 1
8925 9403 1
8925 9538 11
8925 9869 1
8927 9770 3
8927 9395 5
8928 8932 4
8929 9570 1
8929 9765 1
8929 8940 2
8929 9115 4
8929 9432 1
8929 9458 2
8929 9434 1
8930 9753 1
8930 9855 2
8930 9160 3
8930 9424 1
8930 9559 1
8932 9669 1
8932 9332 1
8932 9032 1
8932 9927 1
8932 9412 1
8933 9754 1
8933 9397 1
8933 9006 1
8935 9703 1
8935 9777 1
8938 9179 4
8941 9668 1
8941 9859 12
8941 9972 1
8942 9480 2
8942 9591 1
8943 9546 1
8947 9371 1
8949 9195 5
8949 9629 1
8950 8957 1
8950 8955 1
8950 9213 5
8950 9475 2
8950 9780 1
8950 9855 1
8950 9384 3
8950 9184 1
8954 9967 1
8956 8974 2
8956 9151 3
8959 9002 1
8959 9344 1
8959 9773 2
8959 9257 1
8960 9961 2
8960 8962 1
8960 9245 2
8961 9389 3
8961 9001 3
8961 9305 2
8961 9408 1
8961 9327 6
8961 9508 4
8961 9765 2
8961 9015 85
8961 9459 2
8961 9342 1
8961 9539 1
8961 9841 3
8963 9817 3
8964 9062 1
8964 9874 1
8965 9866 1
8965 9553 1
8965 9927 2
8966 9530 4
8967 9487 1
8967 9548 1
8968 9262 2
8968 9199 1
8971 9958 1
8971 9071 1
8972 9692 2
8975 9007 1
8975 9008 2
8976 9016 14
8979 9996 1
8979 9913 2
8979 9717 2
8981 9772 1
8982 8983 1
8983 9904 1
8983 9140 2
8983 9958 1
8984 9465 60
8987 9360 1
8987 9251 1
8987 9399 2
8987 9963 1
8987 9753 1
8987 9273 2
8990 9676 13
8992 9764 1
8992 9920 6
8993 9296 1
8993 9449 1
8993 9875 8
8994 9422 1
8995 9551 3
8995 9327 1
8996 9872 1
8996 9875 1
8996 9287 1
8996 9138 26
8996 9079 1
8996 9133 2
8996 9686 3
8997 9262 1
8999 9113 2
8999 9662 2
8999 9613 2
9004 9922 1
9004 9099 17
9004 9572 2
9005 9483 1
9005 9087 1
9005 9775 4
9005 9365 2
9007 9956 17
9007 9052 1
9007 9225 2
9007 9532 1
9008 9791 1
9008 9070 1
9008 9498 2
9009 9040 1
9013 9286 1
9016 9257 1
9017 9050 3
9017 9108 2
9020 9086 2
9023 9755 1
9028 9133 1
9028 9258 1
9031 9082 1
9034 9833 12
9036 9237 1
9037 9157 1
9038 9134 1
9039 9465 1
9040 9371 2
9043 9175 3
9043 9183 2
9043 9694 1
9043 9182 1
9043 9696 1
9056 9060 1
9056 9852 2
9056 9494 1
9056 9342 4
9056 9602 4
9056 9795 1
9057 9713 2
9057 9655 1
9058 9067 2
9058 9565 1
9058 9401 5
9058 9951 1
9067 9444 1
9072 9112 2
9072 9390 5
9082 9854 1
9086 9759 1
9086 9464 1
9086 9756 3
9086 9161 1
9086 9493 7
9086 9576 4
9087 9817 1
9092 9219 1
9092 9231 1
9101 9831 1
9102 9345 2
9102 9521 1
9104 9173 3
9106 9167 2
9109 9173 4
9109 9444 5
9123 9286 9
9123 9899 4
9136 9817 2
9149 9426 1
9156 9199 1
9157 9898 1
9157 9743 6
9157 9215 3
9157 9853 1
9163 9394 1
9163 9596 1
9167 9922 1
9167 9942 6
9168 9540 1
9168 9643 1
9173 9505 2
9173 9936 1
9173 9771 1
9180 9220 1
9185 9945 1
9189 9215 1
9189 9232 1
9189 9537 2
9191 9747 2
9191 9475 64
9192 9834 1
9195 9468 5
9196 9689 2
9199 9746 1
9199 9575 1
9199 9995 1
9209 9980 4
9227 9817 3
9231 9817 5
9231 9792 1
9237 9946 1
9242 9290 2
9259 9444 1
9276 9887 2
9277 9468 1
9310 9942 1
9332 9347 2
9346 9686 10
9347 9659 1
9354 9390 3
9371 9405 1
9374 9814 2
9379 9465 1
9383 9635 1
9386 9928 17
9390 9980 1
9413 9615 1
9442 9735 2
9460 9720 3
9466 9945 2
9468 9702 1
9468 9501 66
9492 9539 1
9494 9967 1
9494 9530 2
9497 9814 2
9503 9945 25
9530 9570 2
9543 9908 1
9581 9792 1
9583 9689 1
9590 9792 1
9596 9792 1
9605 9735 1
9623 9817 1
9635 9882 1
9635 9747 2
9663 9945 2
9681 9912 1
9689 9846 2
9689 9863 1
9689 9869 2
9706 9912 1
9729 9908 3
9736 9752 5
9736 9830 9
9746 9967 5
9755 9909 9
9772 9837 1
9783 9817 1
9792 9986 2
9792 9905 1
9793 9908 1
9814 9958 2
9897 9967 1
9908 9915 2
9945 9956 3
