12 8743 1
12 8709 2
12 9123 7
20 9137 1
20 8969 2
20 9009 1
20 9523 1
24 8882 1
24 9155 13
26 8744 1
26 9011 2
26 9073 1
26 9263 3
27 9503 1
27 8668 1
27 9282 1
27 9043 9
27 9744 1
39 9554 1
55 9334 2
55 9818 2
55 8791 2
55 9493 200
55 9624 1
55 9700 14
55 9888 6
59 9438 1
59 9275 1
88 8610 1
88 8948 1
97 9353 1
97 9580 1
97 8850 1
97 8869 6
97 9711 7
97 8768 2
109 8615 1
109 8688 1
109 8924 1
109 8923 2
124 9249 1
124 9464 1
125 9435 54
125 9833 1
125 8710 1
125 8884 1
125 9250 7
147 9131 1
152 8836 5
152 9903 1
153 9294 1
153 9535 1
153 9209 4
184 9791 1
184 9985 3
184 9416 3
184 9418 11
184 8866 1
184 9300 1
184 8883 1
199 8937 1
228 8671 1
228 9266 1
228 9280 1
228 9628 1
228 8640 1
228 9119 1
228 9980 1
228 9264 2
228 9650 1
238 9710 1
238 9127 1
238 8594 1
238 9536 4
238 9828 2
238 9938 1
238 8636 1
238 9027 7
238 9562 1
238 9829 200
248 8711 1
248 8883 13
256 9614 1
256 9323 21
256 9485 1
256 8643 3
256 8755 4
256 9310 3
260 8625 2
260 8629 1
260 8973 2
260 9438 1
260 9938 1
263 9886 1
263 9422 1
263 8766 2
263 9782 2
263 8836 3
263 9068 2
263 8722 4
263 8980 2
263 9795 2
264 9502 1
297 8844 2
299 8590 2
299 8718 1
299 9472 2
325 9353 1
325 8744 3
326 9329 1
326 9231 1
326 8616 1
326 9365 1
326 9617 1
326 9063 3
326 9710 1
327 9079 1
327 9256 1
327 9599 1
327 8617 42
327 8835 1
327 9724 1
331 9050 6
331 9805 2
344 9856 1
344 9284 1
354 8903 4
354 9551 1
361 8871 33
361 9982 1
361 9382 1
364 8957 1
364 8929 1
386 9584 2
386 9926 1
411 9378 1
411 9398 3
411 8624 1
411 9276 3
411 9443 1
444 9209 1
449 8861 47
449 9923 1
449 8809 1
449 9099 2
453 9313 2
453 9692 3
475 8906 2
475 9193 1
475 9490 4
475 9633 1
496 9875 5
526 9630 1
526 8681 1
526 9407 1
529 9480 3
529 8834 1
529 8951 5
529 9885 1
546 9998 1
546 9279 1
582 9657 1
582 9028 5
582 9860 1
582 9937 1
582 9009 1
582 9888 1
582 8661 1
582 8771 1
582 8938 1
582 9683 2
589 9192 1
589 9028 3
589 9419 8
589 9048 1
589 9334 1
589 9670 5
597 8569 1
597 8817 3
605 9206 5
605 9715 8
605 9090 1
605 8628 1
605 9926 1
605 9828 1
617 8771 4
617 9958 1
617 9680 1
617 8751 1
617 9502 1
622 8988 58
622 9440 2
622 9921 10
622 9602 4
622 9727 2
624 9783 5
624 9191 200
624 9550 2
643 8938 12
643 9834 1
643 9483 1
643 9078 2
643 9258 1
645 9757 10
645 9090 1
645 9362 1
645 9906 9
654 9767 5
658 9951 1
663 9782 1
663 9147 4
663 9465 25
699 9011 1
699 9542 3
699 9561 1
699 9403 4
706 9068 3
706 9520 1
706 9677 2
706 8850 1
706 9317 1
718 8891 1
718 9474 1
718 8994 4
725 9489 1
725 8691 4
725 9633 1
725 8765 1
725 9182 1
725 9688 1
725 9969 1
769 8872 3
769 9836 1
769 9979 1
774 9951 1
774 9435 1
774 9482 1
774 9040 6
786 9523 2
786 9859 1
786 8578 1
786 8703 5
789 8787 3
789 9489 1
789 9677 1
789 8755 2
789 9470 2
789 9689 10
789 9935 1
789 8733 1
789 9801 2
789 9780 1
803 9673 21
806 8840 1
810 9431 1
810 8652 1
815 9652 1
828 8770 1
828 9856 3
829 9783 1
829 9302 2
829 8630 2
829 9107 1
829 9187 3
829 9456 3
829 8649 1
829 8781 1
829 9533 1
830 9266 1
830 9503 2
830 8646 2
833 8731 2
833 9845 2
847 9450 1
847 9674 2
850 9034 1
850 9323 1
850 9486 1
850 8772 1
861 8647 1
861 9858 33
861 8928 1
861 9665 2
861 9961 1
861 9970 1
867 8648 4
867 8954 1
867 9247 2
869 9724 1
869 9746 2
869 9472 3
869 8704 1
891 9039 1
891 9447 1
891 9982 40
898 9627 2
902 9818 1
903 8594 2
903 9725 1
903 8606 1
903 8601 7
912 9099 1
912 9181 1
929 9640 1
929 9178 2
931 9272 1
931 8991 1
947 9283 4
947 9156 1
947 9759 1
947 8858 2
954 9813 1
954 8937 1
954 9262 1
962 8567 3
962 9840 1
962 8856 2
962 9002 1
962 9335 1
962 9313 1
974 8646 1
979 8604 1
979 9452 1
984 7364 1
984 9119 13
984 9497 200
984 9755 1
984 8935 1
984 8658 1
984 8681 1
984 9135 1
984 8644 1
984 8795 3
988 8754 1
988 9229 2
988 9706 3
992 9989 3
992 9297 1
1005 9775 1
1005 8950 2
1005 9643 1
1005 8707 1
1005 9894 7
1005 8815 1
1005 9770 1
1020 9253 3
1020 9095 3
1021 8787 1
1021 8639 1
1021 9135 1
1021 9473 1
1021 9673 1
1046 9317 3
1046 9503 7
1046 9444 1
1063 9334 1
1074 9392 8
1074 9525 2
1077 8916 3
1077 9743 4
1086 9350 1
1086 9609 2
1086 9008 2
1086 9141 2
1086 9783 1
1086 9830 1
1086 9164 5
1086 9726 1
1096 8758 1
1096 9780 1
1096 8919 1
1096 9233 6
1111 8881 3
1111 8635 1
1111 9830 1
1112 9373 1
1123 9812 1
1123 9250 1
1123 8591 5
1137 9301 4
1137 9680 1
1137 8760 1
1137 9245 11
1137 9868 1
1137 8691 6
1137 9592 4
1137 9402 1
1139 9347 3
1139 8845 1
1139 9302 5
1144 8955 7
1144 9432 1
1144 9075 5
1144 9731 10
1144 9175 1
1144 9244 1
1144 9767 2
1148 9168 6
1148 9642 1
1148 9782 1
1148 9925 1
1148 9537 8
1148 8614 1
1148 9676 3
1152 9536 6
1152 9961 1
1152 9468 2
1152 9407 1
1152 9072 1
1152 9154 1
1154 9644 2
1154 9565 2
1154 9013 1
1154 9273 6
1154 8917 6
1154 9412 1
1154 8768 1
1154 8910 2
1154 9216 2
1158 9157 1
1158 8955 1
1158 9231 1
1158 8685 1
1158 9257 1
1158 9924 1
1158 9259 9
1158 9869 1
1181 8976 2
1181 9007 1
1181 8578 1
1181 9209 1
1181 9148 1
1181 9976 1
1181 9203 4
1181 9914 1
1181 9018 4
1181 9276 1
1181 8723 3
1186 8594 4
1203 8606 18
1203 8897 2
1203 9076 2
1203 9195 10
1203 8867 3
1229 9096 1
1229 9318 1
1229 9949 4
1229 9941 2
1234 9469 3
1234 8907 1
1234 8615 2
1234 9339 1
1251 9105 3
1251 9427 2
1265 8954 1
1265 9697 1
1265 8882 2
1265 9031 1
1265 9341 1
1267 9406 5
1267 8688 1
1267 9472 1
1270 8760 3
1270 9629 2
1270 8971 1
1270 9573 1
1295 8854 1
1295 9192 1
1295 9165 2
1295 9004 1
1295 9892 1
1295 9164 1
1295 8717 1
1328 9820 2
1338 9078 125
1338 8705 1
1338 8928 1
1338 9311 2
1338 9480 3
1363 8569 3
1363 9194 4
1363 9376 1
1363 9728 16
1363 9725 2
1366 8798 12
1366 9324 1
1366 9694 13
1366 8941 2
1366 9953 1
1369 9393 1
1369 8551 1
1369 9697 1
1369 8791 17
1372 9513 8
1372 9564 4
1372 8552 1
1372 9033 1
1372 9050 1
1372 8955 30
1372 9628 2
1372 9896 2
1388 9566 1
1388 9258 1
1388 9884 1
1388 8682 1
1388 9076 10
1389 9034 1
1445 9228 2
1445 8933 1
1445 9652 1
1445 8678 2
1445 9332 1
1445 9773 1
1446 9803 1
1446 8567 1
1475 9650 2
1475 9748 1
1475 9220 1
1475 9383 2
1485 8861 2
1493 8971 1
1493 8933 1
1493 9078 2
1496 9729 1
1496 8873 1
1496 9096 93
1512 9131 1
1512 8706 1
1512 9412 6
1515 8886 1
1515 9643 1
1515 8867 19
1515 9364 1
1515 8565 3
1526 9345 1
1526 8688 2
1526 9319 5
1526 9705 3
1527 8951 2
1527 8887 5
1527 9503 1
1531 9594 1
1531 9027 1
1531 9650 175
1531 9619 1
1567 9739 6
1567 9953 1
1567 8698 13
1567 9535 1
1567 9594 1
1567 9156 1
1567 9867 1
1577 9274 1
1599 9481 1
1599 9541 3
1599 9470 1
1599 8717 3
1599 8886 1
1599 8551 4
1599 9876 1
1599 8951 1
1620 9353 2
1620 9859 9
1620 8578 1
1623 8775 1
1623 9433 2
1623 8625 8
1623 8632 1
1690 9012 8
1690 9953 2
1690 9189 5
1690 9096 1
1690 9808 1
1690 8597 1
1690 9644 1
1694 8616 1
1694 8941 2
1694 9571 1
1694 9807 1
1708 9772 1
1708 9969 1
1708 8552 1
1708 9950 3
1709 9450 1
1731 9102 2
1731 8748 1
1731 8589 2
1731 9186 1
1765 8711 2
1765 9163 3
1765 9446 41
1765 9984 2
1768 9147 1
1768 9206 1
1768 9757 1
1768 8587 2
1768 9933 2
1768 9592 1
1781 9444 10
1781 9146 3
1781 8929 9
1781 9670 1
1781 9304 1
1781 9781 1
1781 8675 1
1798 9554 1
1798 9560 1
1798 9680 7
1798 8864 1
1798 9705 5
1798 9110 1
1815 9175 10
1815 8702 2
1815 8703 1
1815 8677 4
1815 9274 1
1815 9865 1
1864 9912 1
1864 9965 1
1864 8770 5
1864 8991 2
1901 8711 8
1901 9367 2
1912 9345 1
1912 8560 1
1912 9150 1
1912 9220 2
1912 9561 1
1912 9515 1
1912 8789 2
1922 9677 14
1922 9567 2
1930 8756 4
1930 9559 1
1935 8751 2
1935 9584 2
1935 8789 7
1935 9111 1
1935 9505 62
1948 9107 1
1948 9172 6
1948 9482 1
1970 9333 3
1970 9855 27
1970 9902 11
1970 8718 32
1970 9265 1
1973 8757 1
1973 8575 1
1973 8810 1
1973 9559 1
1974 9385 1
1981 9308 1
1981 9530 1
1995 9228 16
1995 9227 1
1995 9977 1
1995 9574 1
1995 9961 1
1999 9732 1
1999 9262 2
1999 9005 1
1999 9344 1
2028 9610 18
2028 8616 7
2028 9063 1
2028 9155 1
2028 9917 1
2030 9171 5
2030 9958 1
2034 9157 1
2034 9791 1
2037 9680 12
2037 9969 3
2037 8639 1
2038 9676 6
2038 9853 8
2038 9455 1
2038 8707 1
2038 8891 1
2041 9883 1
2067 8633 1
2067 8671 1
2067 9291 1
2067 9446 1
2067 9860 2
2068 8723 1
2072 9269 1
2072 9177 1
2080 9628 3
2082 9144 1
2082 9463 1
2082 9805 1
2097 9295 1
2097 9809 1
2097 9501 2
2099 9558 1
2099 8956 2
2099 9661 1
2099 9107 2
2099 9233 2
2099 9871 1
2131 8819 1
2134 8819 2
2134 8903 3
2148 9052 1
2148 8633 2
2148 9085 1
2148 9822 2
2148 9731 4
2148 9848 1
2173 9917 2
2191 8603 1
2191 8891 1
2191 9113 1
2191 9887 1
2199 8939 14
2199 9207 3
2199 9851 3
2208 9106 4
2208 9188 1
2208 9078 1
2211 8684 1
2211 9882 1
2221 9354 1
2226 8632 1
2226 9315 1
2226 9554 1
2248 9478 1
2248 9929 1
2270 8714 3
2270 9015 1
2270 9052 1
2273 9759 1
2273 8671 1
2273 9368 1
2273 9715 1
2273 9216 161
2281 9733 24
2281 9910 2
2290 9578 1
2290 8591 1
2290 9030 1
2290 9346 1
2290 9392 2
2290 9295 1
2322 8959 1
2325 9974 1
2325 9977 1
2325 9994 1
2339 8976 39
2339 8980 1
2339 9586 1
2353 8999 45
2353 9257 2
2353 9594 6
2353 9748 1
2387 8615 13
2387 9099 1
2387 8877 1
2388 8893 6
2388 8648 1
2388 9171 1
2388 9957 1
2390 9559 8
2390 8950 2
2390 9069 2
2390 9250 2
2390 9525 2
2396 9472 1
2396 9646 2
2396 8685 1
2396 9816 3
2404 9143 1
2404 8698 2
2404 8836 2
2404 9075 12
2404 9310 1
2404 9276 1
2404 9271 2
2421 8661 1
2421 9966 1
2422 9398 1
2422 8581 1
2430 9251 1
2430 9194 2
2430 9322 1
2430 9827 3
2438 9092 13
2438 9936 1
2438 9192 2
2440 9813 2
2440 8948 1
2453 8777 1
2453 9561 1
2461 8774 19
2468 9438 1
2468 9329 1
2468 8952 1
2468 9376 5
2468 9731 5
2468 9570 7
2468 9993 1
2469 9023 1
2469 9400 1
2481 9113 1
2481 9543 1
2527 8629 14
2527 8715 1
2527 8773 1
2527 9234 1
2527 8706 1
2527 9605 16
2527 8935 1
2527 9473 1
2527 8945 1
2527 8561 1
2557 9569 1
2586 8713 1
2586 9400 2
2586 9733 1
2586 8903 1
2593 8721 1
2593 9900 1
2593 9757 1
2593 9075 12
2593 9012 1
2607 9985 1
2607 9912 35
2607 8564 1
2607 9455 1
2607 9596 2
2607 9254 1
2607 8798 1
2607 8997 1
2607 9459 7
2621 9498 2
2621 9121 10
2621 8833 1
2631 9452 6
2631 9480 4
2631 9568 1
2633 9508 1
2633 8684 1
2641 9941 1
2647 8626 1
2651 9323 1
2651 9638 32
2651 9463 1
2651 9618 4
2651 9684 3
2663 9109 2
2663 9777 1
2663 9164 3
2663 9481 1
2663 9240 3
2663 9733 1
2663 9257 1
2663 9328 1
2668 9432 5
2668 9809 37
2668 9258 1
2668 9186 1
2669 9861 1
2669 9108 2
2669 9175 1
2671 9252 1
2671 8664 1
2671 9847 1
2671 9283 12
2671 9729 3
2671 9676 1
2671 9209 3
2671 9018 1
2673 8853 1
2673 8790 1
2684 8664 1
2684 8834 1
2699 8582 1
2699 9130 1
2699 9376 1
2699 9576 1
2699 9914 1
2707 9028 1
2707 9418 3
2707 9086 44
2707 9797 6
2707 9806 1
2729 9117 1
2729 9068 1
2737 9400 1
2737 9365 1
2737 9736 1
2737 9108 22
2737 9974 3
2737 9349 1
2737 9712 7
2737 9822 20
2739 9485 1
2739 9049 3
2739 9439 69
2766 9488 1
2766 8781 6
2766 9569 3
2766 9227 5
2766 9050 2
2766 9089 2
2766 9129 1
2771 8665 3
2771 9109 1
2771 9438 1
2771 8872 35
2771 9430 1
2771 9937 1
2775 9614 8
2785 9311 1
2785 9843 1
2785 9920 3
2797 9830 1
2797 9699 1
2805 9280 1
2805 9392 2
2807 9965 3
2810 9366 3
2812 8972 4
2812 9908 1
2812 8976 2
2812 9077 6
2812 9103 2
2824 8846 1
2824 9523 118
2833 9084 5
2833 9244 1
2840 9844 1
2840 9928 1
2841 8956 1
2841 9263 1
2841 9968 1
2841 9614 1
2883 9361 2
2883 9152 1
2898 9421 1
2898 8565 1
2898 8725 1
2898 9362 1
2898 9978 2
2901 9394 1
2901 8629 1
2901 9422 1
2923 8706 1
2923 9222 1
2923 9786 22
2923 9479 8
2923 9742 1
2937 9387 1
2937 8736 1
2937 9432 1
2947 9845 1
2947 9537 1
2947 9723 5
2947 9301 1
2947 8582 1
2947 9363 1
2947 9803 4
2952 8699 1
2952 9520 1
2952 9507 1
2957 9362 1
2957 9766 1
2984 8560 10
2984 9579 1
2984 9923 1
2984 8608 2
2984 9828 4
2984 9837 2
3003 9511 4
3013 9609 1
3013 8581 3
3013 9884 5
3016 9738 1
3016 9845 1
3016 8779 1
3020 9562 1
3020 8856 12
3020 9580 1
3021 9638 1
3021 9077 22
3047 9959 2
3047 9299 1
3064 8852 3
3064 8933 16
3065 9355 200
3065 9632 1
3065 9147 2
3065 9746 1
3092 8904 2
3092 8969 2
3092 9597 1
3094 9089 1
3094 9828 1
3094 9851 1
3094 9866 4
3109 9129 1
3109 8689 1
3109 8597 1
3109 9747 2
3109 9589 3
3109 9741 13
3163 9803 1
3163 9886 1
3163 9408 6
3171 9738 3
3176 9112 1
3176 9689 2
3176 8861 1
3190 9340 1
3190 9418 1
3198 8610 3
3198 9417 2
3198 9399 23
3198 9888 12
3199 8923 4
3199 9617 1
3199 9252 37
3199 9632 1
3199 9976 1
3206 9825 2
3206 9421 1
3206 9732 16
3206 8917 2
3206 9229 1
3206 9435 3
3210 8866 3
3210 8699 4
3210 9114 1
3211 8960 1
3211 8980 3
3211 9767 1
3211 8766 1
3211 9430 1
3211 9618 2
3248 9462 1
3248 9085 1
3248 8715 4
3248 8951 1
3278 8953 9
3278 8568 3
3287 9257 1
3287 8608 1
3287 9244 3
3287 9985 6
3287 9818 1
3294 9225 1
3294 8614 2
3294 8898 1
3294 9797 2
3294 9440 3
3299 9464 1
3299 9778 1
3299 8571 2
3300 9003 1
3300 8860 1
3327 9829 5
3327 9107 1
3338 9645 20
3338 9220 2
3338 9985 1
3341 9174 2
3341 9419 1
3341 8664 1
3341 8673 4
3341 9807 8
3341 8799 1
3341 9742 1
3341 8853 1
3341 9146 1
3341 9316 1
3341 9908 1
3343 9941 2
3343 9736 1
3345 9494 4
3345 9087 53
3345 9582 1
3345 9765 1
3351 8770 1
3351 9188 1
3351 8754 2
3367 9886 22
3367 9764 2
3369 9840 1
3369 9002 3
3370 9008 2
3370 9570 9
3370 9720 3
3370 8835 1
3370 9543 1
3370 9044 1
3370 9480 1
3389 8562 3
3389 9421 3
3390 9560 3
3390 9533 6
3391 8871 2
3391 8685 9
3391 9670 1
3407 9358 1
3407 8703 2
3418 9465 6
3418 8819 1
3418 9075 1
3418 9324 1
3418 9476 1
3423 9924 2
3423 8568 3
3423 9080 1
3423 8640 2
3423 9889 29
3423 8977 1
3426 9635 1
3426 9301 1
3426 9317 1
3426 9631 1
3436 9809 2
3436 9301 25
3436 9091 2
3463 9711 1
3463 9573 1
3464 9039 1
3464 8551 6
3464 8604 1
3464 9489 1
3495 9289 20
3495 9929 1
3495 9481 1
3495 9406 1
3510 9951 1
3510 8739 1
3510 9288 2
3510 9634 4
3517 9042 1
3517 8553 14
3517 9836 1
3522 8717 1
3522 9014 3
3522 8893 1
3523 9212 60
3544 9451 24
3544 9316 1
3551 8865 1
3551 9048 3
3566 8919 1
3566 9561 1
3566 9870 1
3566 9645 1
3566 9801 1
3590 9027 1
3590 9692 1
3592 9430 44
3592 9612 1
3622 9323 2
3622 9462 18
3622 9256 1
3622 8649 2
3622 9794 1
3622 9821 2
3625 9586 2
3625 9582 1
3644 8761 3
3644 9390 1
3655 9028 2
3655 9578 1
3664 9479 2
3664 9618 1
3664 9443 2
3664 9716 1
3676 8779 1
3676 8860 2
3695 8971 2
3695 9005 1
3695 9089 1
3695 9562 2
3702 9729 4
3702 9102 1
3702 9148 7
3702 9952 1
3702 9896 2
3702 9946 2
3705 9196 1
3705 9233 3
3705 9274 1
3705 9673 1
3705 8743 1
3705 9215 5
3711 8658 1
3711 9412 1
3711 9627 4
3711 9998 1
3719 9492 2
3719 9562 1
3719 9496 1
3719 9541 1
3719 9661 2
3719 9237 1
3719 9542 2
3719 9723 1
3725 8885 1
3725 8850 1
3725 9683 1
3725 8973 2
3725 9902 2
3733 8587 1
3733 8833 187
3733 9565 3
3733 9759 13
3756 8706 1
3756 9757 1
3770 8677 3
3770 9044 1
3781 9212 1
3781 9795 1
3781 9335 1
3781 9409 7
3781 9386 1
3781 8594 1
3781 9507 1
3784 9222 2
3784 8891 5
3784 9700 1
3784 9576 1
3784 8755 1
3784 8758 1
3800 9076 1
3800 8658 1
3814 9592 1
3814 9596 8
3814 8769 6
3814 8975 2
3816 9731 1
3816 9409 3
3816 9455 3
3816 8551 1
3816 9629 1
3816 9879 16
3819 9665 1
3819 8978 1
3819 9596 1
3835 9244 3
3835 8976 1
3835 9240 16
3835 9527 2
3835 8810 3
3835 8731 1
3843 8631 1
3843 8661 1
3843 9132 1
3843 9285 1
3877 8958 1
3877 9049 3
3877 9043 1
3877 9345 1
3877 8997 1
3877 9027 1
3877 8671 1
3877 9157 1
3880 9426 22
3896 9651 1
3896 8673 7
3896 9490 1
3896 9897 1
3896 9188 1
3896 9921 1
3899 8932 1
3914 9219 2
3914 9601 2
3928 9696 11
3928 8998 1
3932 9741 3
3932 9812 1
3937 8557 3
3937 9328 1
3937 9378 4
3937 9678 1
3946 8889 9
3950 9602 1
3950 8926 1
3950 9498 1
3950 9207 1
3980 9613 3
3980 8899 1
3980 9246 1
3983 9117 23
3995 9262 1
3995 9427 3
3995 9142 1
3995 9223 1
4000 8625 1
4000 9254 1
4000 8561 1
4000 8610 1
4002 9511 1
4002 8592 1
4002 8605 116
4002 9322 1
4004 9983 1
4004 8712 1
4004 9331 2
4004 9068 1
4004 9969 1
4004 9450 1
4007 9099 1
4007 9196 2
4007 9288 1
4007 8834 2
4007 9209 3
4007 9106 3
4007 8597 1
4009 8587 1
4009 9868 1
4009 9408 1
4016 9144 1
4016 9275 1
4016 9784 4
4016 9162 2
4016 9496 2
4026 8765 1
4026 9264 4
4026 9721 1
4026 9542 1
4026 9717 1
4026 8584 1
4026 8842 1
4026 8894 1
4027 9525 1
4027 9886 5
4055 9288 1
4055 9925 1
4055 9777 1
4055 9173 5
4056 9352 1
4060 9576 1
4060 9802 1
4060 8824 2
4060 9344 1
4060 8979 1
4060 8642 3
4060 9630 1
4063 9678 4
4063 9239 1
4063 8908 21
4063 9481 1
4072 9093 2
4076 9720 4
4076 9490 1
4076 9946 1
4076 9084 10
4085 8902 1
4085 9959 6
4085 9076 1
4085 9146 1
4090 8601 1
4090 9827 2
4097 9112 1
4097 8937 6
4097 9165 1
4097 9613 2
4097 8953 1
4097 8881 2
4100 9953 2
4100 8621 1
4100 9013 1
4100 9709 1
4100 9849 1
4100 9866 7
4128 9719 1
4128 9779 2
4128 8675 4
4128 8846 1
4128 9608 2
4128 9178 5
4128 9674 1
4129 9890 1
4129 8627 7
4130 9631 1
4130 9876 1
4130 9577 1
4141 9424 1
4151 8979 2
4151 9865 1
4151 9812 1
4151 8655 3
4151 9245 1
4151 9324 1
4151 9163 1
4151 9870 1
4185 9284 1
4185 9930 2
4185 9961 1
4185 8934 96
4185 8935 2
4185 9584 1
4185 9722 1
4223 8677 1
4223 9089 7
4223 8989 7
4223 9497 1
4236 9894 1
4236 8859 1
4236 9806 2
4236 8884 1
4236 9070 1
4236 9984 1
4236 9995 14
4236 8811 5
4236 9882 2
4239 9868 3
4246 9123 5
4246 8809 1
4246 9999 2
4246 9489 10
4246 9968 1
4246 8556 1
4246 9454 2
4246 8647 2
4261 9869 1
4261 8943 1
4261 9035 2
4278 9515 2
4278 9837 1
4278 8901 1
4281 8608 1
4281 9638 1
4281 8687 1
4281 9796 1
4288 9850 1
4288 9859 2
4288 9840 7
4293 8851 1
4293 8718 4
4293 8748 2
4293 9399 1
4298 9422 1
4299 9246 2
4323 9233 1
4338 8760 1
4338 8719 1
4338 9826 2
4343 9105 1
4343 9708 1
4350 8937 1
4350 8892 3
4354 9023 4
4354 8881 1
4354 9191 1
4369 9182 3
4369 8886 1
4369 9545 1
4369 9699 2
4369 9873 2
4372 9785 2
4372 9502 3
4386 9497 4
4386 9004 1
4386 9201 1
4386 9269 1
4403 9661 5
4403 9268 1
4403 9470 4
4403 9013 1
4403 9130 1
4403 9283 2
4413 8561 1
4413 9257 4
4413 9974 1
4413 8965 19
4413 9152 23
4413 9303 1
4413 9539 1
4420 9708 1
4420 9638 1
4420 9114 1
4420 9597 8
4420 8795 1
4420 9515 2
4420 9642 2
4420 8699 3
4430 8976 1
4430 9844 1
4443 9742 1
4443 9998 4
4448 9010 18
4448 9307 1
4448 9390 5
4448 9219 3
4448 9588 38
4456 9300 1
4456 8756 1
4456 8871 1
4456 9346 1
4459 8824 3
4467 9680 1
4467 9910 2
4467 9007 5
4481 9133 1
4481 8967 2
4524 8704 12
4528 9340 1
4528 8736 2
4528 8907 1
4563 8957 1
4563 9840 1
4563 8834 8
4563 9540 1
4606 9840 1
4606 8887 9
4606 9133 2
4606 9755 1
4618 9353 120
4618 9700 3
4618 9494 1
4622 9856 1
4622 8917 1
4626 9152 1
4626 9670 2
4626 9301 1
4626 8568 2
4626 8928 2
4626 9747 1
4632 9858 1
4632 9667 6
4637 8811 1
4637 9141 1
4637 9383 1
4637 8807 2
4637 8693 2
4641 9899 1
4641 9808 1
4654 9340 1
4654 9106 7
4654 9236 2
4665 9412 1
4665 9137 2
4665 8910 1
4669 8837 5
4669 8950 1
4670 9920 1
4670 9003 2
4670 9168 1
4670 9550 10
4673 9123 2
4673 8879 1
4676 8601 1
4676 9709 1
4676 9069 3
4683 9352 1
4683 9439 1
4683 9453 4
4706 8766 1
4726 8945 1
4726 8994 5
4726 9102 6
4726 9370 1
4726 9508 2
4726 9023 2
4733 9086 1
4733 9215 96
4733 8567 12
4733 9124 1
4733 9085 9
4733 9157 2
4752 9851 1
4752 8676 1
4752 9497 1
4752 8921 1
4782 9722 1
4782 9254 1
4782 9289 15
4782 9889 138
4790 9778 1
4790 9109 2
4790 9617 1
4794 9616 1
4794 8682 58
4794 9930 1
4800 9470 1
4800 9833 2
4800 9875 2
4810 9363 100
4810 8705 1
4810 9001 9
4839 9052 1
4839 9356 1
4839 9381 1
4851 9579 1
4851 9386 1
4851 9788 1
4851 8842 3
4851 9080 1
4851 9951 1
4851 8853 2
4851 9258 1
4864 9882 1
4864 8921 2
4864 9201 1
4864 9035 1
4864 9864 2
4878 9154 1
4878 9528 6
4878 8958 3
4878 9455 13
4883 9253 3
4883 9981 1
4883 9231 1
4883 9772 1
4887 9304 45
4887 9079 15
4887 9868 1
4916 9103 1
4916 9565 26
4917 8594 1
4917 9984 1
4917 9957 19
4917 8617 2
4928 9530 3
4945 8879 1
4945 9095 1
4945 9335 15
4945 9644 1
4950 8941 1
4950 9219 2
4950 9600 3
4950 9212 5
4950 9520 1
4977 9797 2
4996 9450 1
4996 9809 1
4999 9716 1
4999 8649 1
4999 8724 2
4999 8833 1
4999 9132 2
5006 8970 12
5006 8757 3
5006 9064 8
5006 9366 1
5006 9661 3
5032 9444 24
5032 9530 63
5032 9653 1
5040 9845 2
5060 9038 2
5060 9044 2
5060 9510 1
5073 9724 1
5073 9008 1
5073 9324 3
5073 9694 1
5073 8903 1
5073 9564 1
5076 9683 1
5076 8589 1
5078 9001 200
5078 8617 4
5078 8887 1
5080 9950 1
5080 8643 1
5101 8992 1
5101 9739 2
5104 8559 2
5104 9620 33
5104 8952 8
5104 9515 5
5104 9558 1
5115 9153 1
5115 9601 3
5115 9807 12
5118 8965 1
5133 9492 2
5133 8758 2
5133 9050 1
5133 9632 1
5133 9974 2
5133 9500 1
5145 9928 1
5145 9537 1
5145 9395 1
5160 9453 4
5160 8565 2
5160 9080 1
5165 9969 2
5165 8739 5
5165 9766 1
5167 9576 2
5195 9798 1
5195 9444 4
5195 8894 1
5195 8885 1
5195 8592 200
5195 9559 3
5195 9126 1
5195 9358 1
5204 8754 1
5204 9030 1
5204 9150 2
5209 9069 1
5209 9962 2
5209 9989 4
5221 9391 1
5221 8571 5
5221 8994 4
5221 9719 1
5260 9869 1
5260 9541 8
5260 9094 1
5291 9229 6
5291 9539 3
5291 9563 1
5291 9155 1
5293 9878 2
5293 9454 2
5299 9536 1
5299 9386 10
5306 9828 1
5306 9878 6
5306 9933 1
5320 9770 1
5320 8615 1
5320 9556 1
5320 9021 1
5320 9625 1
5320 9972 1
5320 9004 1
5322 8912 1
5322 9563 1
5322 9352 1
5322 9228 1
5322 9236 1
5334 8591 1
5334 9596 1
5334 8743 1
5335 8809 1
5335 9057 1
5335 9747 2
5345 8749 1
5345 9148 1
5351 9300 1
5351 9037 2
5351 9008 1
5355 9400 1
5355 9263 12
5355 9387 1
5355 9655 1
5361 9613 1
5361 9124 1
5361 9935 16
5370 9670 2
5370 9111 2
5370 8896 1
5370 9835 1
5370 8989 1
5370 9980 1
5372 9562 2
5372 8787 1
5372 9570 2
5382 8697 1
5382 8856 1
5382 9912 4
5390 9540 3
5390 9539 1
5390 9004 1
5390 9213 1
5390 9332 3
5390 8709 2
5400 9333 1
5408 9468 2
5408 9978 2
5408 9318 2
5408 9563 1
5414 9319 2
5414 8899 2
5415 8867 60
5415 9858 1
5415 8601 1
5423 8892 2
5423 8898 1
5423 9426 4
5423 8869 1
5423 8955 1
5425 9816 6
5425 8837 1
5425 9635 1
5437 9598 1
5437 8959 1
5437 8845 1
5442 8871 1
5442 9788 2
5442 8860 1
5442 9837 5
5442 8823 1
5450 9274 1
5450 9317 1
5450 9867 1
5450 8912 1
5488 9109 1
5488 9855 1
5488 9560 4
5495 8747 1
5495 9806 3
5495 9844 1
5495 8765 1
5495 9600 1
5495 9212 1
5497 9143 3
5497 9433 17
5497 9567 3
5508 9350 1
5508 9052 1
5508 9483 1
5529 9193 2
5529 9995 1
5529 9040 1
5529 9709 1
5536 9900 1
5536 9261 2
5544 8861 2
5544 9979 1
5570 9315 1
5570 9603 1
5570 8988 4
5570 8992 2
5570 9073 2
5570 9364 2
5581 9229 3
5587 9299 2
5587 8866 1
5587 9925 5
5590 9579 1
5590 9663 1
5590 8727 1
5594 9933 17
5594 9003 1
5594 9952 1
5663 9489 2
5663 9564 1
5664 9565 1
5664 9640 5
5675 9649 1
5675 9013 1
5675 8715 26
5675 9165 2
5682 8617 9
5682 8635 1
5682 9132 1
5682 9299 65
5682 8858 1
5692 8631 29
5692 9748 1
5692 9196 1
5695 9866 2
5695 9001 1
5695 9667 1
5697 8790 2
5697 9135 1
5697 9568 1
5697 8954 2
5697 8661 1
5697 9858 1
5697 9195 1
5697 9727 1
5697 9821 1
5697 9479 3
5697 8832 11
5717 9603 1
5717 8552 1
5717 8788 4
5717 9202 1
5717 9419 1
5717 9818 1
5718 9228 1
5718 9861 1
5718 9234 22
5718 9856 1
5718 8799 1
5718 9510 1
5718 9320 1
5741 9700 2
5741 9135 1
5750 8894 3
5750 8904 1
5777 8565 1
5777 9094 2
5793 9078 2
5793 8856 15
5793 8567 4
5793 9852 2
5793 9958 1
5794 9942 28
5794 9363 1
5794 9256 1
5794 9424 1
5794 9859 4
5814 9065 1
5814 9103 3
5814 9189 1
5814 9263 7
5814 9272 2
5814 9482 3
5831 8698 1
5831 9798 3
5831 8859 1
5831 9247 3
5831 9374 1
5831 9206 1
5837 8718 2
5837 8846 1
5837 8810 1
5837 8907 3
5837 9361 4
5837 9783 1
5837 9952 5
5845 9313 1
5845 9481 1
5845 9787 3
5845 9864 1
5845 9417 2
5845 9331 1
5869 8575 1
5869 9712 1
5869 8994 2
5873 9753 2
5873 9548 1
5878 8823 3
5878 8836 1
5878 9189 1
5878 9512 1
5879 9282 1
5879 9539 2
5880 9013 1
5880 9382 1
5880 9743 2
5880 8717 1
5885 9439 4
5885 9796 1
5885 9307 1
5885 9086 2
5885 9333 11
5891 9536 1
5891 8719 1
5891 8962 1
5891 9883 1
5891 9728 2
5894 8564 1
5894 8610 1
5894 9273 1
5894 8596 1
5894 9858 3
5900 9011 12
5900 8859 1
5900 9738 1
5903 9088 4
5903 9770 2
5905 9093 1
5905 9171 2
5905 9772 2
5905 9381 5
5905 9409 1
5916 9328 22
5916 9048 1
5916 9699 1
5916 8761 1
5916 8884 1
5916 9732 2
5918 8659 8
5918 8880 1
5918 8844 1
5918 8851 2
5918 9508 3
5923 9871 3
5923 8916 1
5923 9291 1
5925 8582 3
5925 9066 1
5925 9254 1
5925 9633 3
5929 8787 3
5929 8854 13
5949 9508 1
5949 9995 2
5949 9741 1
5949 9549 1
5974 9275 1
5974 8945 2
5974 9065 2
5974 9280 8
5981 8771 1
5981 9527 1
5981 9690 2
5986 9746 1
5987 9494 2
5987 9616 1
5987 8702 1
5987 9576 5
5987 9739 2
5987 9301 1
5987 9897 1
6009 9194 7
6009 9292 4
6018 9957 1
6018 8713 1
6018 8924 1
6018 9653 1
6033 9862 1
6033 9576 1
6033 9027 1
6033 9602 1
6033 9965 2
6037 9985 1
6037 9034 22
6040 9650 1
6040 8976 2
6062 8870 1
6062 9820 2
6062 9999 2
6083 9747 2
6083 9571 10
6110 9605 1
6110 8609 1
6125 9704 1
6125 9837 1
6125 8589 1
6125 9537 4
6142 8605 6
6142 8668 1
6142 9671 1
6142 8655 3
6142 9111 1
6142 9991 1
6149 9219 7
6149 9528 1
6149 9560 32
6149 9705 23
6149 8642 1
6149 9245 1
6149 9634 1
6152 9983 6
6152 9358 2
6152 9359 1
6152 9470 2
6152 9478 1
6153 9619 30
6174 9181 1
6174 9308 1
6174 8823 1
6174 9002 1
6174 9610 1
6187 8636 3
6187 9523 1
6187 8949 13
6187 9474 1
6201 8874 1
6201 8560 1
6201 8941 1
6209 9256 5
6209 8865 1
6209 9767 1
6216 9977 3
6216 9537 1
6216 9896 1
6216 8739 2
6216 9134 1
6216 9614 1
6230 8798 1
6239 9586 1
6239 8959 1
6239 8612 1
6239 9343 2
6251 9131 1
6251 8608 2
6251 8997 1
6251 8594 2
6251 9930 1
6251 8807 1
6251 9556 1
6251 8669 3
6251 8764 1
6251 9153 1
6263 9476 4
6263 8751 27
6263 9285 6
6263 8962 1
6263 9188 1
6263 9568 1
6263 8710 1
6267 9414 4
6267 9446 1
6267 9861 1
6269 9694 1
6269 8685 2
6269 8601 2
6269 9753 1
6269 9821 5
6269 9777 5
6271 9921 1
6271 9612 1
6271 9567 4
6271 9764 1
6271 9023 103
6271 9329 1
6271 9850 1
6281 9574 2
6281 9072 3
6283 8981 1
6283 9624 1
6289 9889 11
6289 8811 1
6289 9663 2
6289 9965 1
6304 9734 1
6304 9462 1
6305 9644 10
6305 9710 1
6307 9227 1
6334 9892 1
6334 8550 9
6334 8694 4
6349 9753 1
6349 8949 1
6349 8582 1
6349 8665 1
6349 8724 2
6349 9148 1
6349 9275 2
6360 8973 1
6360 9864 1
6360 8854 1
6383 9634 2
6383 8550 1
6383 8757 1
6383 8655 1
6383 8808 2
6394 9759 2
6394 8789 1
6394 9081 1
6394 9511 43
6394 8631 2
6400 9419 16
6400 8712 2
6412 9280 1
6412 9463 1
6415 8692 1
6415 8629 1
6415 9398 1
6418 9407 2
6418 9353 1
6418 9936 1
6418 9640 1
6420 8590 1
6420 8815 1
6420 9382 1
6420 9549 1
6424 9398 3
6424 9716 7
6424 9496 1
6424 8897 2
6424 9010 1
6432 9511 1
6432 9640 1
6432 9304 1
6432 9880 1
6432 9521 6
6441 9545 1
6441 8588 1
6441 8954 1
6441 9535 6
6441 8764 1
6441 9476 1
6441 9551 13
6441 9635 1
6445 9816 1
6445 9271 1
6445 9721 5
6445 8852 1
6488 8628 1
6488 9984 1
6488 9157 7
6491 9215 3
6491 9165 1
6491 8665 3
6491 8560 1
6491 8721 4
6491 9643 8
6497 8850 1
6497 8760 1
6497 9768 1
6502 9741 5
6502 9775 1
6517 9584 1
6517 9215 1
6530 8852 2
6530 9540 3
6530 9206 1
6530 8971 4
6534 8793 3
6534 9979 1
6534 8732 1
6534 8907 1
6534 9521 1
6534 9970 2
6550 8749 1
6550 8713 1
6550 8840 1
6571 9977 3
6571 8773 116
6581 8580 3
6581 8643 1
6581 8788 1
6584 8774 2
6584 8807 1
6584 9143 1
6587 8773 1
6587 9678 1
6587 9087 2
6595 9081 2
6595 9387 1
6595 8747 2
6595 8925 1
6595 8972 2
6601 9119 1
6601 9419 1
6601 8860 4
6601 9323 1
6629 9466 1
6667 9040 2
6667 9908 4
6667 8627 1
6667 9618 1
6667 9671 3
6667 8775 6
6667 9744 1
6667 9090 1
6667 9870 1
6667 9042 1
6667 9187 13
6710 9697 22
6710 9828 1
6710 9777 1
6721 9273 2
6721 9812 1
6725 8881 47
6725 9696 1
6730 8758 1
6730 8628 1
6730 9850 1
6730 9884 1
6730 9150 1
6730 9493 5
6737 9485 5
6765 9294 3
6765 8648 2
6768 9031 1
6773 8903 3
6773 8774 17
6773 9651 1
6773 9825 1
6773 9917 23
6798 9527 1
6798 8697 2
6798 8562 1
6799 8565 6
6799 9034 2
6799 9394 1
6799 9982 1
6799 9332 3
6799 9696 1
6799 9587 2
6799 9959 1
6805 9308 1
6805 9744 1
6805 9273 1
6805 9600 1
6818 9307 1
6831 8710 1
6831 9174 1
6833 9066 1
6833 9416 3
6844 9627 1
6844 9555 2
6850 9489 1
6850 9748 1
6850 8668 13
6857 9943 1
6857 8697 1
6859 9403 1
6859 9555 4
6859 9697 3
6901 9131 37
6901 9374 1
6901 9900 8
6901 8757 2
6901 9510 1
6902 8749 1
6902 9028 1
6902 9645 1
6917 9679 1
6917 8841 1
6917 9039 1
6972 9473 2
6974 9878 1
6974 8916 1
6974 9485 4
6994 9135 1
6994 9181 1
6996 9679 2
6996 9628 1
7006 9569 1
7007 8873 1
7007 9072 1
7007 9033 1
7007 9166 1
7008 9318 3
7008 9861 2
7008 8992 1
7009 9478 1
7009 9134 2
7009 8867 1
7009 9528 1
7009 9609 1
7025 9072 3
7025 9704 4
7025 8953 2
7025 8860 1
7025 9094 1
7025 9280 3
7025 9117 2
7025 9665 1
7030 9713 7
7030 9344 1
7030 9373 1
7033 8715 1
7033 9507 1
7033 9003 1
7033 8904 1
7033 8919 1
7033 9620 1
7033 9646 1
7036 9247 1
7045 8756 1
7045 9172 2
7045 9822 2
7045 8837 9
7045 9835 9
7063 8562 1
7063 8591 1
7063 9294 13
7076 9421 4
7076 9320 3
7076 9961 4
7076 9599 8
7076 9703 22
7082 9134 2
7082 9239 1
7082 9764 1
7082 9784 1
7096 9064 1
7096 9645 2
7096 9728 1
7113 9809 1
7113 8842 2
7113 8588 200
7113 9012 2
7113 9715 1
7116 9201 1
7116 8958 1
7122 8971 1
7122 8633 4
7122 8664 1
7122 9827 1
7123 8587 7
7123 9640 1
7123 8916 1
7123 9579 3
7131 9929 9
7131 9189 1
7131 9394 8
7131 9680 1
7131 9879 1
7135 9426 3
7153 9252 1
7155 9625 1
7155 9756 1
7155 9950 3
7155 9335 5
7177 8912 1
7177 8621 51
7190 9690 3
7190 9354 1
7190 9734 1
7244 9123 1
7244 8668 27
7244 9501 1
7244 9610 1
7249 9995 1
7249 8870 1
7259 8978 1
7259 9689 4
7274 9073 5
7288 9485 1
7288 8668 1
7288 8923 1
7288 9329 1
7315 8722 1
7315 9343 1
7315 8739 1
7315 8805 1
7315 9777 4
7315 8683 1
7315 9883 1
7316 9589 1
7316 9105 1
7316 9057 1
7338 8934 5
7338 9880 3
7343 9328 1
7343 9650 1
7358 9966 1
7358 8808 1
7358 9860 2
7358 8556 1
7364 9218 19
7373 8999 190
7373 9358 34
7373 9168 1
7373 9691 1
7386 8571 1
7386 8869 1
7386 9093 1
7386 9222 1
7386 9852 1
7406 9806 1
7406 8924 13
7406 9878 1
7420 8959 2
7420 9259 2
7420 9476 1
7434 9736 1
7434 9350 2
7434 9550 2
7434 8627 2
7434 8698 1
7434 9951 21
7449 9039 1
7449 9871 3
7449 8677 1
7449 8678 2
7461 8845 2
7461 9249 1
7461 9860 1
7461 9755 1
7461 8676 1
7466 8793 1
7466 9361 26
7466 9937 3
7466 9942 1
7466 9844 1
7466 9853 1
7478 9605 2
7478 9951 3
7478 9051 3
7478 9923 5
7490 8757 1
7490 9644 3
7490 8594 1
7490 9370 1
7492 9938 1
7492 9717 2
7492 9049 1
7492 9303 1
7511 9300 1
7511 9240 1
7531 8664 2
7531 8925 6
7531 8592 28
7545 9995 1
7545 8769 1
7545 9723 1
7545 9808 3
7548 9387 4
7548 8592 2
7573 8739 1
7573 9920 1
7573 8962 1
7582 9091 2
7582 9671 1
7591 8684 1
7591 9690 3
7591 8715 1
7591 8722 4
7626 9129 3
7626 8630 1
7626 8949 8
7631 9193 1
7659 8938 7
7659 9463 1
7659 8714 2
7659 9154 1
7659 9548 1
7659 8898 1
7659 9766 1
7659 9668 1
7660 8773 2
7660 8935 23
7660 9430 1
7660 9570 9
7660 8555 1
7672 9382 1
7676 8575 18
7676 8588 1
7676 9808 1
7676 9985 2
7676 9356 1
7697 8845 1
7697 8945 1
7697 8636 4
7697 9004 3
7702 9539 1
7702 9671 1
7702 9142 3
7702 9569 5
7717 8655 6
7717 9778 1
7717 9273 1
7717 8664 2
7717 9484 1
7722 9717 1
7730 9897 1
7730 9114 39
7730 9303 1
7733 9766 2
7733 9786 1
7733 9174 1
7747 8928 2
7768 8774 1
7770 9080 1
7790 9331 2
7799 9837 4
7799 9859 1
7803 8596 2
7803 9465 1
7803 9802 1
7803 8760 2
7803 9191 1
7803 8590 2
7805 8614 1
7831 9003 1
7839 8808 1
7839 8870 1
7850 8565 1
7850 9070 1
7850 8958 1
7850 9075 2
7850 9466 2
7874 9010 4
7874 9566 1
7875 9064 1
7875 8960 2
7875 9790 1
7891 8639 1
7891 8842 2
7891 9417 1
7891 9513 5
7891 9791 13
7909 9837 11
7909 9910 1
7909 9117 1
7916 8725 1
7916 9395 1
7916 9654 1
7916 9688 1
7919 9500 1
7919 8901 6
7919 8953 1
7941 8850 2
7941 8999 3
7950 9830 2
7950 9172 2
7950 9484 2
7950 9196 1
7956 9026 1
7956 8798 1
7956 8689 1
7956 9704 11
7956 9241 1
7956 9980 2
7965 9684 1
7965 8733 2
7965 9613 1
7971 8688 1
7971 8908 1
7971 8811 2
7971 9378 1
7971 8732 1
7975 9976 1
7999 9292 1
7999 9408 1
7999 9880 1
7999 9296 4
8000 9578 1
8000 8919 1
8000 9256 1
8000 9649 1
8017 8935 1
8017 9274 1
8017 9294 1
8017 8640 9
8017 8706 1
8024 9191 1
8024 9773 1
8024 8989 8
8024 9500 5
8024 9551 4
8024 9755 77
8024 8690 1
8024 9426 3
8041 8941 4
8041 9796 1
8041 9736 1
8043 9282 1
8043 9096 1
8043 8631 8
8043 8718 1
8056 8845 1
8056 9940 1
8064 9927 1
8064 9545 1
8070 8892 2
8074 9259 5
8074 9102 1
8089 9654 7
8089 9941 1
8089 9887 3
8089 9064 1
8097 8867 1
8097 9844 1
8097 9896 1
8097 8837 2
8102 8684 2
8102 9696 4
8102 9218 3
8102 9328 1
8102 8788 1
8102 9949 1
8102 9987 1
8117 9356 6
8117 9031 6
8117 8766 1
8118 9335 1
8118 8978 1
8118 9141 3
8118 9790 1
8118 9721 2
8128 9165 1
8152 9731 1
8152 9119 2
8152 9594 2
8161 8795 2
8161 9713 1
8161 9849 1
8161 8640 2
8194 8658 4
8194 9126 5
8194 9779 5
8198 9594 21
8198 8932 13
8211 9406 1
8211 8939 1
8211 9155 1
8211 9102 12
8241 9340 1
8241 9346 1
8241 9391 2
8241 9595 1
8241 9494 5
8241 9541 2
8246 8698 2
8246 9209 1
8246 9778 3
8246 9015 3
8246 9867 1
8246 8567 1
8246 8856 16
8258 9190 1
8258 9788 1
8261 9189 1
8261 8622 7
8261 9727 3
8261 8557 1
8267 8777 1
8267 8680 1
8267 9556 12
8271 9668 1
8271 9003 19
8271 9433 1
8271 9511 10
8274 9220 1
8274 9903 1
8274 9778 2
8274 8569 2
8296 9261 2
8296 8938 2
8296 9320 2
8296 9385 1
8296 9213 1
8296 9456 9
8298 9087 2
8298 9440 1
8324 8950 1
8324 9521 1
8324 9924 1
8324 8835 1
8324 8629 1
8346 8772 1
8346 9906 1
8362 8727 3
8362 8912 1
8362 9422 3
8412 8980 2
8412 9121 2
8426 9080 1
8426 9076 2
8426 9906 1
8426 8764 1
8426 8714 1
8436 9359 20
8436 9684 1
8436 9924 1
8436 9974 1
8446 9398 1
8446 9959 1
8446 9181 1
8446 8668 2
8446 9135 1
8457 9374 1
8460 8722 1
8460 9392 2
8466 9361 7
8466 9790 3
8466 9021 1
8501 9085 1
8501 8692 1
8501 9903 1
8502 9926 3
8502 9740 1
8528 8560 2
8532 9459 2
8532 9938 1
8538 8706 1
8538 9432 11
8538 8671 4
8538 9131 1
8543 8724 1
8547 9561 1
8547 8725 2
8547 9494 9
8551 8737 3
8553 9000 1
8554 9272 1
8554 8989 1
8555 8585 2
8555 8574 1
8555 8657 1
8558 9212 1
8558 9826 1
8558 9220 1
8558 8807 1
8558 8775 139
8559 8800 1
8559 8660 1
8561 9016 2
8563 9103 1
8563 8632 1
8563 9084 4
8563 9111 1
8563 9112 1
8563 8580 1
8563 8777 1
8563 9966 2
8564 8797 1
8564 8620 1
8566 9894 1
8566 9982 1
8566 9010 1
8566 9595 2
8566 9890 1
8568 8986 1
8569 8875 1
8570 9989 1
8570 9794 1
8571 8784 1
8571 8651 1
8572 9175 1
8572 9291 1
8572 9100 1
8572 9474 1
8572 9374 7
8573 9601 1
8573 9902 2
8573 8691 2
8573 8824 34
8573 8846 1
8574 8609 1
8574 8578 2
8574 9853 2
8574 9478 1
8574 8977 157
8574 9464 2
8574 9627 2
8574 8580 1
8576 9322 1
8576 9914 1
8576 9451 1
8577 8808 1
8578 9046 3
8579 9798 11
8581 9681 4
8581 8726 1
8583 8837 1
8583 9147 4
8583 8584 1
8583 8742 1
8583 9679 3
8584 8593 1
8584 9029 1
8585 9580 1
8585 8717 1
8585 8997 2
8585 9145 1
8585 9403 1
8585 8747 3
8585 9288 1
8586 8988 2
8586 9942 5
8587 8982 1
8588 8855 1
8588 9118 1
8592 9572 1
8593 9249 1
8593 9367 1
8593 9663 1
8595 8822 1
8595 8656 1
8595 9101 1
8596 8776 1
8596 8995 1
8598 9012 1
8598 9422 1
8598 8956 2
8598 9883 1
8599 8805 1
8599 9917 1
8599 8864 1
8599 9246 1
8600 9635 2
8602 9325 1
8602 9933 1
8603 8657 2
8603 9083 2
8606 9045 1
8607 9106 17
8607 9530 1
8607 8872 1
8607 9473 3
8607 9362 1
8610 8876 32
8611 9207 1
8611 9673 5
8611 9851 1
8611 9748 1
8612 9819 1
8612 9371 2
8612 8657 1
8613 9003 1
8613 9953 1
8613 8621 2
8613 9603 1
8615 8653 1
8615 9041 1
8616 8750 3
8618 8680 1
8618 9137 1
8618 9239 1
8618 9396 4
8618 9694 1
8618 9857 1
8619 9255 1
8619 9271 1
8620 9266 2
8620 8769 2
8620 9381 1
8620 9271 2
8620 9666 4
8620 8627 1
8620 9887 1
8620 9194 3
8622 9621 21
8622 9338 1
8622 8946 6
8623 9925 1
8623 8960 1
8623 9847 2
8624 8944 1
8625 9996 2
8626 8878 1
8626 8987 2
8628 9082 1
8628 9098 2
8629 8821 2
8630 9019 1
8632 8848 1
8634 8919 1
8635 9032 2
8636 9020 1
8636 8752 2
8637 8823 4
8637 9847 2
8637 9892 1
8637 9665 2
8638 8943 1
8638 8900 5
8641 8922 1
8642 8830 1
8644 9210 1
8645 8955 2
8647 8876 5
8648 8826 1
8650 9884 1
8651 9970 2
8651 9587 2
8651 9849 1
8651 9729 2
8651 9325 1
8653 9787 3
8653 9284 2
8653 9920 1
8653 9826 2
8653 9468 3
8654 8997 62
8654 8935 1
8654 9079 1
8656 8897 1
8656 9766 3
8656 9108 7
8656 9495 4
8657 8658 1
8657 9089 4
8657 9625 2
8658 8982 1
8659 8740 4
8659 9371 6
8660 9414 1
8660 9234 1
8660 9418 2
8660 9228 1
8660 9334 1
8660 9345 2
8662 9926 2
8662 9273 1
8662 9490 2
8662 9394 1
8663 9434 2
8663 9088 10
8663 9675 1
8663 9706 1
8663 9252 1
8666 9806 1
8666 9249 2
8667 8991 32
8667 8841 1
8667 9171 2
8667 9250 2
8667 9899 6
8667 9608 1
8667 9756 3
8668 9338 3
8670 9608 2
8671 9762 1
8672 8845 6
8672 9536 1
8672 9834 10
8673 8918 2
8674 9331 1
8674 9525 1
8674 9249 5
8674 9355 2
8675 8801 3
8675 8968 1
8676 8800 11
8677 9996 2
8679 9253 1
8680 8797 1
8681 8783 2
8682 9210 1
8683 8968 1
8686 8873 2
8686 9108 4
8686 9869 1
8686 8969 6
8686 9703 2
8686 9785 4
8686 9329 1
8686 9446 7
8686 9177 1
8686 9676 1
8686 9968 1
8689 9904 3
8691 8982 1
8691 8737 1
8692 9000 1
8692 8776 2
8692 8729 16
8693 8990 2
8693 8993 1
8694 8740 1
8695 9443 1
8695 9421 3
8696 8697 1
8696 9567 2
8696 8953 1
8696 9617 5
8696 9640 18
8696 8889 5
8696 9427 1
8696 9925 1
8697 9248 1
8700 9827 2
8700 9682 1
8700 9154 1
8700 8734 1
8700 9432 1
8701 9892 1
8701 8980 1
8701 9092 1
8701 9221 1
8702 8968 1
8703 9062 1
8704 8986 1
8705 8738 2
8706 9060 4
8707 9082 1
8708 9219 2
8708 9678 1
8708 9376 1
8708 9202 1
8708 9268 1
8708 9983 1
8711 9750 2
8711 8875 1
8712 9583 1
8716 8873 2
8719 8838 1
8719 8794 1
8720 9775 2
8720 9869 6
8720 9589 1
8721 9681 10
8722 8814 1
8725 9405 1
8725 9074 4
8725 8927 1
8726 9435 1
8726 8902 1
8726 9203 2
8726 9291 2
8726 9781 1
8726 9802 2
8727 8827 1
8728 9153 1
8729 9042 1
8729 9753 1
8730 8969 2
8730 9302 1
8730 9713 2
8730 9899 2
8731 8862 1
8732 9460 3
8733 9516 7
8734 9098 1
8734 9071 1
8735 9137 1
8735 9253 2
8737 9821 1
8737 9245 198
8737 9297 3
8737 9288 1
8737 8904 2
8737 8979 16
8738 9728 1
8738 9782 1
8740 8889 1
8740 8781 1
8740 9451 61
8741 8765 2
8741 9654 1
8741 9038 1
8743 9016 2
8745 9690 29
8745 9722 1
8745 9066 1
8746 9426 1
8746 9452 1
8748 9909 1
8749 8792 4
8750 9726 1
8750 9629 1
8751 9932 1
8752 9244 2
8752 8937 1
8752 8981 2
8752 9028 1
8753 9130 1
8753 9264 1
8754 9514 1
8754 9669 1
8756 9055 4
8758 9082 1
8759 8790 1
8759 8763 1
8759 9466 2
8759 9820 2
8760 9932 19
8761 9067 6
8762 9732 2
8762 8962 1
8762 9597 1
8763 9467 1
8763 9932 25
8766 8990 1
8767 9113 5
8767 9163 2
8767 9212 1
8767 9788 37
8769 9411 1
8770 9909 1
8770 9136 4
8772 8821 1
8773 9338 1
8774 9006 3
8775 9017 2
8776 9232 1
8776 9269 3
8776 9724 4
8776 9255 1
8776 9638 1
8778 9332 1
8778 9729 3
8779 8821 1
8780 9536 5
8780 9406 1
8780 9431 87
8780 9554 1
8780 9894 1
8782 9366 1
8782 9535 1
8783 8960 1
8783 9335 3
8783 9612 1
8784 9249 2
8784 9746 1
8784 9816 5
8784 9616 4
8785 9949 1
8785 9191 1
8786 8872 2
8786 9288 1
8786 9949 1
8787 8800 1
8791 8987 1
8792 9422 2
8792 9479 1
8792 9834 2
8792 8841 1
8792 9882 1
8792 8799 1
8793 8855 2
8794 9092 1
8794 9064 1
8794 8964 1
8794 9350 6
8796 9447 1
8796 8906 1
8796 9037 1
8796 9272 1
8796 9409 1
8797 8971 1
8797 9010 1
8797 9980 7
8797 9873 1
8797 9283 1
8799 8931 2
8800 8831 2
8800 8886 2
8802 9173 1
8802 9611 1
8802 9781 1
8803 9603 1
8804 8859 1
8804 9129 2
8805 8911 1
8805 9082 1
8806 8814 1
8806 9819 1
8811 9636 1
8812 9135 1
8813 9123 1
8813 9638 1
8813 9502 1
8813 9141 2
8814 9738 3
8815 8974 13
8816 9051 2
8816 9039 2
8816 8897 1
8817 9019 1
8818 9341 2
8818 8901 1
8818 9237 1
8818 9106 1
8818 9234 1
8820 9579 1
8820 9611 1
8821 9709 1
8821 9670 3
8821 9682 2
8821 9972 1
8822 9910 2
8822 9021 1
8824 8947 1
8825 9876 7
8825 9087 1
8825 9542 3
8825 9598 1
8827 9879 3
8827 9917 1
8827 9009 1
8827 9300 2
8828 9864 1
8829 9926 2
8829 9202 1
8829 9992 1
8830 9014 1
8830 9129 1
8830 9684 3
8830 9168 4
8835 9405 1
8836 9448 1
8838 9151 2
8838 9112 1
8838 9352 47
8839 9613 1
8840 9379 2
8843 9818 1
8847 9537 1
8847 9485 1
8847 8885 6
8847 9684 1
8848 9609 1
8848 9533 1
8848 9340 1
8849 9873 5
8849 9995 2
8854 8895 1
8854 9054 1
8855 8863 1
8857 9638 1
8857 9813 1
8862 9566 7
8862 9627 1
8862 9556 1
8862 9885 15
8863 9996 1
8863 9718 1
8863 8876 3
8865 8927 2
8866 8983 1
8868 9935 2
8868 9821 3
8870 8974 79
8871 9338 2
8874 9098 1
8875 9446 19
8876 8932 1
8876 9127 1
8876 9779 5
8878 9838 1
8878 9459 1
8878 8948 1
8878 9742 1
8878 9119 4
8880 9714 1
8882 8995 7
8888 8901 8
8888 9359 1
8888 9989 4
8888 9911 1
8888 9855 1
8889 8982 1
8890 9303 1
8890 9582 1
8890 9765 2
8892 9581 1
8895 9940 1
8896 8927 1
8898 8947 4
8898 9025 19
8905 9781 2
8907 9097 1
8909 9549 1
8911 9787 16
8911 8948 1
8911 8925 1
8911 9876 5
8913 9146 11
8913 9652 3
8914 9820 1
8915 9402 10
8917 9371 1
8918 9092 1
8918 9768 2
8918 9486 1
8920 9513 1
8920 9773 4
8920 9929 2
8920 9787 1
8921 9136 1
8922 9038 2
8922 9232 1
8923 9467 1
8926 9621 1
8927 9030 1
8927 9953 42
8927 9620 1
8927 9218 1
8929 9436 2
8929 8984 2
8930 9902 12
8931 9671 1
8931 9385 1
8936 9981 1
8939 9248 5
8940 9577 1
8940 9285 3
8940 9601 1
8942 9381 1
8942 9964 1
8942 9315 1
8942 9654 5
8944 9997 4
8944 9206 1
8944 9674 1
8944 9117 1
8946 9548 90
8946 9453 1
8946 9107 1
8947 9873 120
8947 9102 1
8947 9545 1
8947 9435 3
8948 9019 3
8955 9140 1
8956 8993 7
8957 9022 2
8957 9750 3
8958 9516 1
8959 9060 2
8960 9681 2
8961 9728 1
8961 9920 1
8961 9220 6
8961 9733 1
8961 9740 1
8961 9871 4
8962 9789 1
8963 9852 2
8963 9950 3
8963 9145 1
8964 9996 1
8965 9514 1
8965 9371 1
8966 9959 1
8967 9020 1
8968 9468 1
8968 9066 13
8968 9704 1
8968 9703 4
8970 9136 4
8972 9118 3
8974 9261 1
8974 9119 200
8977 9019 35
8978 9623 1
8980 9718 1
8982 9275 1
8982 9618 1
8982 9486 9
8982 9651 1
8982 9048 23
8982 9319 1
8982 9014 1
8983 9284 2
8983 9145 1
8984 8989 1
8984 9280 1
8984 9968 3
8984 9195 1
8985 9503 1
8985 9849 1
8986 9787 2
8986 9977 1
8986 9987 1
8987 9192 1
8987 9856 1
8988 9024 1
8990 9279 1
8990 9603 2
8993 9578 2
8995 9733 33
8995 9563 1
8995 9033 2
8996 9568 1
9000 9679 4
9000 9587 1
9000 9731 1
9000 9552 2
9000 9227 1
9002 9681 10
9006 9655 2
9006 9598 1
9006 9044 2
9006 9700 2
9006 9307 1
9007 9197 1
9008 9136 6
9011 9197 2
9011 9053 3
9013 9020 1
9014 9623 177
9016 9512 5
9016 9424 1
9016 9541 1
9017 9231 1
9019 9828 1
9019 9675 1
9019 9677 3
9020 9708 1
9020 9711 1
9021 9067 1
9022 9558 2
9022 9573 5
9022 9981 1
9024 9403 3
9024 9220 2
9024 9642 1
9025 9453 1
9025 9668 6
9026 9460 3
9026 9909 1
9028 9055 1
9029 9181 1
9029 9548 1
9029 9039 1
9030 9437 8
9032 9223 1
9032 9111 1
9032 9911 1
9036 9310 2
9036 9245 4
9036 9391 5
9036 9717 3
9037 9514 1
9038 9749 4
9040 9996 30
9041 9540 1
9041 9554 1
9041 9688 1
9041 9088 2
9043 9762 4
9045 9234 1
9045 9597 1
9045 9755 1
9045 9848 1
9045 9574 1
9046 9838 1
9047 9103 4
9047 9588 10
9047 9772 1
9051 9104 1
9051 9681 2
9053 9508 1
9053 9343 3
9053 9498 1
9055 9594 1
9055 9222 4
9055 9240 2
9056 9311 3
9056 9726 2
9056 9786 6
9058 9223 1
9058 9356 2
9059 9712 2
9059 9368 1
9060 9495 2
9061 9227 1
9061 9720 1
9062 9473 1
9062 9365 1
9070 9210 5
9071 9683 1
9071 9868 1
9071 9981 1
9071 9323 5
9074 9652 1
9074 9987 1
9074 9134 50
9078 9514 4
9081 9104 11
9082 9994 3
9082 9643 58
9083 9355 1
9083 9438 1
9083 9843 1
9084 9436 1
9086 9287 1
9096 9714 1
9096 9437 1
9096 9575 1
9097 9704 1
9098 9608 1
9100 9467 5
9101 9772 4
9101 9308 1
9101 9353 1
9103 9120 3
9105 9136 1
9110 9572 1
9115 9496 1
9115 9785 1
9116 9690 1
9116 9282 2
9116 9377 1
9118 9876 1
9118 9624 2
9118 9415 1
9118 9630 4
9118 9964 20
9120 9133 1
9120 9682 2
9122 9768 1
9122 9795 105
9122 9304 1
9123 9583 7
9125 9582 3
9125 9838 1
9125 9666 1
9127 9789 1
9134 9136 1
9136 9269 2
9137 9763 6
9144 9210 1
9152 9656 47
9164 9904 1
9165 9371 1
9166 9437 1
9169 9739 1
9169 9780 1
9169 9552 1
9169 9992 1
9179 9369 3
9182 9819 12
9197 9350 3
9197 9376 2
9210 9713 1
9210 9798 2
9214 9927 2
9221 9639 2
9241 9411 1
9248 9927 2
9252 9287 1
9252 9750 1
9261 9371 14
9266 9750 1
9277 9726 1
9294 9448 1
9309 9703 4
9322 9707 2
9329 9932 2
9338 9859 1
9338 9985 1
9338 9566 1
9344 9819 1
9346 9996 1
9349 9881 2
9359 9681 1
9366 9762 7
9371 9399 1
9371 9528 1
9371 9785 1
9371 9611 1
9371 9900 1
9371 9962 2
9379 9609 1
9405 9871 1
9405 9468 1
9405 9903 1
9405 9597 1
9405 9476 1
9405 9809 1
9411 9784 1
9411 9416 1
9411 9543 1
9414 9437 3
9415 9681 2
9424 9707 1
9431 9918 1
9436 9463 1
9437 9711 1
9437 9540 1
9437 9673 1
9437 9642 1
9439 9789 1
9448 9560 1
9448 9552 6
9453 9763 3
9460 9539 1
9467 9545 5
9467 9812 1
9467 9574 1
9467 9631 1
9492 9514 1
9495 9750 1
9496 9669 3
9514 9635 1
9514 9692 30
9525 9669 3
9548 9996 1
9550 9623 2
9558 9669 1
9571 9656 4
9572 9612 10
9581 9702 1
9581 9720 88
9589 9621 8
9598 9639 3
9611 9918 1
9616 9918 1
9623 9651 1
9625 9909 12
9639 9692 22
9649 9763 1
9651 9669 1
9669 9900 1
9669 9785 1
9669 9825 3
9681 9705 1
9681 9949 1
9720 9909 1
9735 9923 1
9750 9936 1
9762 9942 1
9763 9764 1
9763 9984 20
9763 9964 1
9776 9895 1
9789 9836 6
9819 9882 1
9822 9918 13
9883 9904 1
9899 9996 2
9907 9939 1
9918 9928 1
