22 9392 1
22 9504 1
22 9861 2
22 8740 1
31 9386 1
31 8830 1
31 9606 10
31 9876 1
50 8710 1
50 9553 1
50 8879 1
50 9092 2
50 8949 1
50 9391 1
66 9219 5
66 8692 25
66 9402 2
66 9435 2
66 8732 1
66 8729 1
66 9407 1
70 8975 4
70 9127 1
70 9953 1
72 8904 1
72 8645 1
72 9097 1
72 9907 1
93 8749 1
93 8672 1
93 9412 1
93 9636 2
99 9829 1
99 9987 1
108 9945 1
141 9101 1
141 9054 1
141 9043 1
166 9258 2
166 9302 1
166 8781 1
166 9131 1
167 9953 1
167 8581 1
167 8802 1
167 9935 1
167 9424 19
175 8572 1
175 9854 1
175 8747 2
175 9024 6
175 9834 1
183 8700 1
194 8636 1
213 8801 1
213 8567 1
223 9115 1
223 9650 1
223 8869 1
240 8624 8
249 9568 1
249 9404 1
283 9918 1
283 8854 7
283 8725 1
285 8738 1
285 9925 33
285 9190 1
285 9700 1
311 8854 1
311 9319 7
332 9843 1
361 9356 1
361 9112 1
361 9637 1
361 8666 1
366 9081 1
366 9036 1
366 9767 200
368 8676 1
368 9338 1
368 9576 2
368 9717 3
368 9849 1
368 9920 1
368 9371 1
368 9205 1
368 8722 1
368 8807 1
376 9548 2
376 9990 1
376 9563 1
376 9439 1
376 9032 1
376 9893 3
395 9228 1
395 9391 2
395 9605 1
398 9952 1
398 9530 3
407 9155 200
407 8880 2
407 9751 1
407 9134 1
407 9410 1
410 9628 1
410 9523 1
410 8696 6
410 9890 7
431 8631 2
431 9407 6
431 9855 1
440 9093 1
440 9235 1
440 8710 3
440 9249 7
452 8605 4
452 9592 5
475 9208 1
475 9386 6
475 9479 1
476 9379 1
476 8817 1
476 8726 2
476 9070 1
476 9356 1
476 9614 1
483 9926 1
483 9977 1
483 8685 1
483 9481 8
496 9417 1
496 9281 1
501 8827 1
501 8569 2
501 9455 2
501 9152 1
510 8602 2
510 8974 1
510 8799 1
510 9091 1
515 9445 3
515 9370 1
515 9498 1
522 8733 1
522 9272 1
522 9349 1
522 9430 2
522 9541 2
522 9805 1
552 9230 1
552 9392 24
552 9110 1
552 9150 1
556 8607 1
556 8750 1
556 9419 1
562 8660 3
562 9851 3
562 8637 1
570 8592 2
570 9534 1
570 9323 3
570 9564 2
574 8630 5
574 9864 1
574 8687 1
574 9377 4
574 9193 2
578 9849 1
578 9851 1
594 9035 1
594 9755 3
601 9404 1
601 9458 1
601 9096 1
601 8616 6
601 9583 15
601 9930 1
628 9847 6
628 9491 1
628 9249 4
638 9663 2
638 8901 2
638 9213 6
654 9699 1
672 8674 3
672 9990 1
687 9907 3
687 9655 7
688 9845 1
732 8715 2
732 9193 1
732 9937 2
732 9014 1
732 9646 1
734 8558 6
734 9239 1
734 8571 1
734 9742 5
736 9248 4
736 9852 1
736 9711 1
736 9755 1
736 9909 3
736 8765 1
744 8937 1
744 8571 3
744 9408 2
745 9012 16
745 8889 1
756 8569 2
756 8662 1
758 9987 1
758 9367 1
758 8631 1
762 9799 1
762 9652 1
762 9991 1
762 8774 147
762 9713 3
796 9997 1
796 9825 3
796 9552 6
799 8711 1
799 9487 4
799 9823 1
803 9394 1
803 9424 10
803 8700 1
803 8885 1
813 8641 1
813 8551 12
813 9152 1
813 9198 2
813 9899 2
820 9950 2
833 9311 4
833 9752 2
833 9147 23
833 9136 1
850 9620 1
850 9309 1
850 9380 1
850 8719 1
850 9875 1
869 9081 3
878 9580 1
878 8614 4
878 9701 2
878 9810 1
878 8846 1
878 9989 8
880 9074 1
880 8630 5
880 8979 1
880 9441 1
880 8631 2
880 8687 1
898 9524 1
898 9801 2
898 9830 1
898 9531 2
898 9608 1
898 9703 1
898 8603 1
898 8613 2
898 9155 3
898 9194 1
908 8698 1
937 8627 1
937 9004 1
937 9169 1
937 8545 1
937 9718 1
960 9379 1
960 9036 13
960 8940 15
960 9281 1
960 9790 2
982 8906 1
987 9090 1
987 9887 1
987 9307 2
987 8666 3
987 9084 1
987 9149 2
987 9715 1
987 9946 1
987 8823 1
991 9978 1
991 9500 1
991 9439 1
992 9492 1
992 9203 1
992 9322 2
1015 9131 19
1015 8995 10
1015 8709 1
1015 9529 6
1015 9812 1
1015 9899 24
1015 8752 4
1015 9159 1
1031 8942 6
1035 9747 1
1036 8687 1
1036 9478 3
1059 8959 1
1059 9053 1
1059 9883 2
1090 9234 1
1090 8560 3
1090 8993 1
1092 8695 1
1092 9561 1
1092 9448 1
1094 8551 1
1094 9931 1
1094 8826 1
1094 8972 1
1094 9541 1
1094 9093 1
1094 9973 2
1107 9579 2
1107 9655 19
1107 8641 4
1107 9247 1
1107 9431 2
1107 8663 1
1116 9281 1
1121 9064 1
1121 9682 4
1121 8804 1
1133 9900 2
1133 9422 2
1133 9443 2
1133 9541 13
1133 8992 5
1133 9228 1
1133 9231 1
1133 9542 1
1133 9637 1
1137 9454 1
1139 9336 1
1139 8652 1
1139 9098 1
1139 9448 1
1139 9530 1
1144 9303 2
1165 8785 2
1165 9020 1
1165 9148 1
1167 9350 4
1167 8748 1
1167 8558 6
1167 9916 1
1167 9947 1
1172 8811 1
1172 9409 2
1172 9335 1
1173 9394 1
1173 8709 7
1174 9909 1
1174 8559 11
1176 9986 3
1176 9861 6
1176 8699 1
1176 8974 1
1178 9412 8
1178 9645 1
1178 9789 1
1178 9840 1
1218 8817 1
1218 9328 29
1218 9662 1
1239 9063 3
1239 8680 1
1239 9361 1
1239 9838 1
1246 9164 2
1246 9256 1
1246 9790 1
1246 8785 1
1246 8834 2
1246 9897 2
1257 9855 7
1259 9101 5
1259 9376 1
1259 8972 1
1259 9730 17
1264 9690 1
1264 8652 1
1264 9608 62
1293 8648 15
1293 9707 3
1313 8971 3
1313 9169 3
1313 8734 1
1313 9038 1
1313 9694 1
1318 9150 4
1327 9158 5
1327 9991 1
1327 9098 1
1330 8764 2
1330 9896 1
1330 9701 1
1330 9129 1
1330 9887 2
1338 9646 1
1340 9651 1
1340 9402 7
1340 9531 1
1340 9396 1
1344 9267 1
1344 9674 3
1374 9388 1
1374 9897 1
1387 9893 1
1387 8995 1
1407 9061 1
1407 9325 3
1407 9631 4
1411 9247 1
1411 9661 1
1411 9707 1
1411 9171 6
1422 8690 1
1422 9853 4
1443 9549 1
1444 8571 1
1444 8836 3
1444 9926 3
1461 9270 8
1461 8622 1
1486 9159 1
1489 9967 1
1489 8878 178
1489 9088 1
1489 9939 2
1506 9088 2
1506 9886 2
1512 8898 1
1512 8961 2
1512 9858 1
1512 9503 2
1512 8748 1
1512 9099 1
1512 9633 1
1524 9027 3
1524 9048 1
1524 8731 1
1524 8602 1
1524 8635 1
1524 9321 1
1532 9123 1
1532 9266 1
1537 8700 1
1537 9707 1
1537 9923 1
1537 8555 48
1537 8739 3
1544 9029 1
1574 9491 2
1574 8653 1
1574 9740 1
1574 9492 1
1574 8896 11
1575 9977 1
1575 8893 1
1575 9294 1
1577 9758 1
1577 9229 2
1577 8549 2
1577 8669 1
1577 8799 3
1577 9626 1
1577 9706 1
1577 9371 1
1577 9278 1
1577 9307 10
1577 9438 63
1577 9857 1
1592 8843 1
1592 9216 2
1592 8926 3
1592 8645 1
1592 9155 1
1592 8826 1
1594 9204 3
1594 8839 1
1624 9491 6
1624 9533 1
1634 9829 3
1634 9846 1
1634 9573 1
1646 9357 3
1646 9415 12
1646 9863 1
1666 8558 7
1666 9229 1
1666 9282 1
1666 9584 12
1667 8916 1
1667 9594 5
1667 8873 1
1667 8987 1
1687 9483 3
1687 8642 4
1687 9896 1
1693 9112 1
1693 8732 1
1695 9398 1
1695 8765 7
1695 9382 10
1709 9160 4
1709 9182 12
1734 8560 3
1734 9400 12
1734 9489 1
1737 9661 1
1737 9604 1
1737 8636 8
1737 9208 1
1740 9801 1
1740 9321 3
1740 9642 1
1740 9080 1
1740 9883 19
1746 9097 52
1746 9906 6
1746 9518 2
1746 9549 1
1746 9020 1
1746 9399 1
1753 8939 1
1753 8679 1
1753 8891 1
1753 9221 1
1753 9339 1
1753 9484 2
1753 9724 1
1754 9564 1
1757 9305 1
1757 9155 1
1757 9310 5
1757 8847 1
1757 9181 1
1757 9320 2
1757 9561 1
1781 9182 1
1781 9817 2
1781 9858 1
1807 9457 2
1807 9803 3
1807 9306 1
1807 9286 2
1807 9887 4
1807 8810 3
1807 9137 4
1813 9280 1
1814 9106 7
1814 9928 1
1814 9717 3
1814 8773 7
1824 8893 3
1824 9035 2
1824 9636 1
1824 9149 2
1827 8564 1
1827 9299 1
1831 9098 4
1838 8666 1
1838 9489 1
1838 8659 6
1838 9861 1
1840 9118 1
1840 8848 1
1840 9248 1
1840 9577 2
1851 8778 1
1851 9536 1
1851 9783 1
1851 9178 1
1851 9633 1
1851 9725 1
1857 9134 2
1857 8699 29
1857 8957 1
1857 9666 18
1859 8940 3
1859 8918 87
1880 9743 1
1880 9586 1
1880 9172 1
1880 9671 1
1880 8700 1
1891 9876 1
1926 9698 1
1926 8880 1
1926 9428 1
1926 8640 9
1926 8795 14
1926 9204 1
1926 9178 1
1926 9436 1
1929 9504 3
1929 9699 1
1929 9783 1
1929 9082 2
1939 9094 1
1949 9581 1
1949 9654 1
1949 8948 1
1949 9029 2
1949 8959 10
1949 9171 1
1949 9215 2
1949 8676 4
1950 9364 2
1950 9376 3
1950 9524 1
1950 8573 2
1950 8683 1
1969 9520 1
1969 9852 6
1969 8593 1
1969 8937 1
1969 9303 1
1972 9291 2
1972 9329 3
1972 9628 19
1992 8906 1
1992 8955 1
1992 9994 1
1992 8926 3
1992 8961 1
1997 8862 4
1997 8944 1
1997 8706 1
2023 9215 3
2023 8971 10
2023 9249 3
2023 9266 2
2023 9306 1
2023 9312 5
2023 9135 8
2025 9302 1
2025 9594 1
2025 8680 1
2025 9549 1
2028 9801 1
2028 9659 6
2038 9685 1
2038 9702 1
2038 9816 1
2038 8788 1
2050 9054 2
2050 9160 3
2050 9173 1
2051 9586 1
2051 9002 2
2080 9489 1
2080 9312 3
2080 9835 1
2080 8979 1
2086 8923 2
2086 9386 1
2086 9840 1
2086 9934 1
2086 8545 1
2086 9706 2
2086 9741 2
2086 9305 1
2092 9973 2
2092 8995 1
2092 9079 2
2108 9984 1
2108 8816 2
2108 9066 2
2108 9181 1
2108 9511 10
2112 8971 1
2113 9558 2
2114 8911 1
2114 9051 2
2114 9812 1
2114 9752 1
2119 8966 2
2119 9645 1
2119 9799 1
2121 9193 4
2121 9219 1
2121 8810 1
2132 9112 1
2132 9355 1
2132 9409 1
2149 8727 1
2149 8673 1
2154 9891 2
2154 8559 1
2154 8934 1
2154 9247 12
2154 9768 1
2164 9570 1
2164 9522 1
2164 9127 2
2164 9267 1
2166 9647 1
2166 9284 1
2179 9035 1
2179 9891 1
2179 9475 1
2184 9721 1
2184 9877 3
2184 9912 6
2205 9957 1
2205 8884 1
2205 9845 1
2221 9612 2
2221 9679 2
2221 9852 41
2229 9904 1
2229 8544 1
2242 8548 1
2242 9093 2
2242 9350 1
2242 9423 1
2243 9567 1
2243 9168 4
2243 9057 1
2251 9278 1
2251 8578 1
2251 9651 1
2251 9668 3
2251 9678 2
2263 9293 1
2263 9005 122
2263 9466 2
2275 9032 4
2316 9455 1
2316 9225 1
2316 9721 5
2325 9154 2
2325 8846 16
2325 9571 1
2325 8560 2
2325 8998 1
2325 9977 3
2326 9913 1
2326 8746 1
2326 9142 1
2326 8657 5
2328 9042 2
2328 9385 1
2328 8773 1
2368 9219 11
2368 9639 1
2383 9594 2
2383 8593 1
2395 9318 1
2427 9433 2
2427 9844 1
2427 9772 1
2444 9805 1
2446 8761 1
2446 9138 2
2446 9225 4
2446 9370 1
2446 9672 1
2450 9946 1
2450 9602 2
2450 9684 1
2452 9965 1
2452 9462 1
2452 8934 6
2452 9142 1
2494 9312 1
2494 8839 2
2504 9532 1
2504 9080 1
2504 8782 1
2504 9740 1
2509 8589 4
2509 9815 1
2509 9257 2
2509 9722 12
2509 8564 1
2515 9699 9
2515 9134 1
2515 9203 3
2515 9501 3
2539 9153 5
2539 9347 1
2551 9487 2
2551 9569 1
2551 9839 1
2551 9124 18
2551 9347 4
2551 8666 2
2551 9483 3
2551 9612 3
2551 9675 4
2551 9234 1
2567 9242 1
2567 9602 1
2576 9691 1
2576 9798 1
2576 8594 1
2576 9634 1
2581 8860 1
2581 8917 3
2582 9654 2
2582 8751 8
2582 9147 1
2582 9994 8
2588 9858 13
2588 9192 1
2588 9467 2
2588 8840 1
2611 9252 1
2611 9458 40
2611 9317 2
2637 9215 4
2637 8663 1
2637 9390 18
2637 9414 2
2645 9256 9
2645 8557 1
2645 8702 1
2645 8750 4
2645 9955 1
2654 8554 1
2707 9182 3
2707 9700 2
2707 8692 5
2707 9645 13
2707 9929 1
2707 9159 1
2707 9723 1
2713 8734 1
2713 8729 2
2713 9542 2
2713 9279 1
2727 8873 1
2727 9457 2
2738 9465 1
2753 9283 2
2753 9858 2
2753 9518 4
2762 9546 1
2762 9989 2
2762 9857 1
2762 9696 1
2769 9512 20
2769 8733 1
2769 9959 200
2769 8734 2
2769 9136 1
2787 9295 1
2787 9610 1
2788 8546 16
2788 9623 1
2788 8892 1
2788 8937 1
2788 9180 16
2806 9124 1
2806 8676 3
2806 8803 9
2806 9888 1
2807 9701 3
2807 9926 32
2807 9682 1
2816 9116 1
2827 9900 1
2827 9836 2
2827 9041 48
2838 8887 23
2838 8580 2
2838 9014 1
2840 9509 1
2840 9141 1
2840 9140 1
2840 9172 1
2840 8603 1
2840 8602 1
2840 8681 1
2840 8729 2
2840 9156 1
2840 9900 1
2851 8862 1
2851 9079 16
2851 9736 1
2851 8722 2
2851 8993 1
2854 9729 2
2854 9699 1
2854 9224 1
2854 9478 1
2900 8804 1
2900 9196 1
2900 8853 7
2900 9702 1
2908 9927 1
2908 8948 1
2908 9720 1
2914 8757 1
2915 9989 2
2915 9197 1
2915 9338 1
2915 9342 1
2915 9113 1
2915 9904 1
2932 9575 1
2932 8850 2
2932 9725 1
2933 9700 1
2934 9496 1
2934 9224 14
2934 9433 4
2934 9838 1
2934 9411 1
2934 9564 1
2934 9037 4
2934 9474 5
2934 9055 1
2934 9714 2
2937 9027 4
2937 9112 1
2937 9864 1
2937 9484 7
2937 9768 2
2937 9980 1
2937 8576 2
2937 9197 1
2953 8725 1
2953 8746 2
2991 8770 1
2991 9213 1
2991 9954 1
3002 8675 5
3002 9436 1
3002 9144 21
3006 9819 1
3020 9156 2
3020 9573 2
3020 9914 1
3020 8653 1
3020 9099 138
3020 9367 1
3064 9845 2
3064 8555 1
3064 9307 1
3064 9551 1
3064 8871 1
3064 9719 5
3096 9272 1
3096 8934 1
3096 9678 6
3100 8684 1
3100 8794 1
3100 8748 2
3100 9918 3
3103 8893 1
3103 9081 1
3103 9904 1
3103 9045 1
3107 9751 1
3107 8901 2
3107 9916 2
3107 9828 1
3107 9306 7
3107 9473 1
3111 8968 1
3111 8957 1
3111 8584 1
3166 8891 2
3166 8637 1
3166 9059 1
3166 9156 1
3180 9126 2
3180 9379 1
3180 9388 1
3186 8687 1
3186 9960 1
3186 8552 3
3186 9855 1
3186 8749 1
3186 8792 200
3186 8558 2
3186 8764 1
3197 9271 1
3197 9536 1
3197 9989 1
3197 8718 1
3227 9743 1
3227 9695 2
3228 9140 1
3228 9216 1
3228 9283 10
3228 9038 1
3228 9262 1
3261 8568 5
3261 9921 1
3271 9252 5
3271 9565 1
3271 8942 1
3271 9097 1
3271 9401 1
3271 9700 1
3271 8624 2
3271 8965 1
3311 8986 1
3311 9268 1
3316 9495 4
3316 9931 2
3316 9480 3
3316 9937 1
3331 9379 2
3331 8972 1
3331 9760 2
3348 9357 5
3348 8601 1
3348 9019 1
3348 9925 1
3356 9082 1
3356 8724 1
3356 9308 23
3356 9517 2
3376 8729 1
3376 9818 29
3383 9576 1
3383 9370 1
3383 9418 1
3384 9679 2
3387 8557 12
3387 9823 3
3387 9299 3
3387 9148 1
3411 8563 1
3411 9685 1
3414 9450 1
3414 9470 27
3414 9948 1
3414 9517 2
3414 9744 1
3414 9931 1
3417 9460 1
3417 9957 4
3428 9528 1
3428 8595 1
3429 8778 1
3429 9577 2
3429 9778 1
3429 8571 2
3429 9904 1
3429 8642 2
3429 8959 4
3429 9298 2
3445 9491 3
3445 8988 1
3445 9628 2
3445 9417 1
3456 9825 1
3456 8592 3
3456 9470 2
3456 9864 4
3456 9226 6
3456 9350 1
3456 9443 1
3456 9445 2
3472 8910 1
3472 8733 6
3472 9203 2
3472 9790 1
3472 9831 1
3472 9908 4
3482 8834 7
3482 8878 1
3482 8622 3
3482 9928 2
3489 9953 12
3493 9725 1
3502 9914 1
3502 8695 1
3502 9714 1
3508 8555 1
3508 8659 2
3508 9420 1
3521 8868 16
3521 9367 1
3524 9153 1
3524 9235 1
3524 9551 1
3524 9388 3
3524 9761 1
3524 8732 1
3524 9018 1
3531 8817 1
3531 8556 1
3531 8965 1
3531 9786 2
3531 9847 1
3542 9266 200
3542 9285 1
3542 9680 76
3542 9703 2
3568 9070 1
3568 9663 1
3568 9531 1
3568 9642 1
3589 8774 1
3599 8873 2
3599 9217 1
3599 9504 1
3616 9965 1
3616 9823 1
3616 9532 1
3653 9899 5
3668 9526 1
3675 9571 1
3675 9686 1
3682 9538 7
3682 9880 2
3696 8743 1
3696 9617 1
3696 9597 4
3696 9806 8
3696 9829 1
3699 9152 1
3699 9231 3
3699 9702 2
3716 9528 2
3731 8621 1
3731 9573 6
3750 9489 2
3750 8543 2
3750 9376 3
3761 9219 22
3761 9656 1
3761 9286 1
3761 9552 1
3763 9501 1
3763 9376 1
3763 9973 1
3763 9012 1
3763 9912 1
3763 8961 1
3779 9479 1
3779 9173 1
3783 8802 36
3783 8776 15
3783 9221 3
3785 9300 13
3802 9681 1
3824 9317 2
3824 8721 1
3824 9425 1
3845 9185 1
3845 9312 1
3854 9774 1
3854 8782 1
3866 8662 3
3884 9255 1
3884 9662 3
3884 8644 2
3884 9788 2
3884 9033 2
3884 9434 1
3919 8807 1
3919 9423 1
3919 9824 1
3922 9367 2
3922 9897 1
3927 8969 1
3927 9081 1
3929 9160 2
3929 8983 3
3929 9279 2
3929 8904 1
3939 9880 1
3939 9735 1
3947 9420 4
3947 9464 4
3963 8764 1
3963 9647 1
3965 9563 48
3965 9074 4
3968 9307 1
3968 9422 1
3968 8966 1
3968 9025 2
3968 9309 1
3968 8565 1
3968 8670 1
3970 9552 2
3970 9528 1
3976 9955 2
3976 8625 1
3976 9523 1
3976 9868 4
4008 9926 1
4008 8911 3
4008 9913 1
4009 9205 1
4009 9652 3
4009 9648 1
4030 9491 1
4030 8716 1
4030 9611 2
4030 8594 3
4030 9995 1
4030 9476 1
4038 9518 1
4038 8891 1
4038 9070 1
4038 9640 1
4038 9480 1
4046 8578 1
4046 9330 1
4055 9084 2
4073 9721 1
4073 9455 4
4073 8619 1
4073 9175 4
4073 8627 1
4078 9409 1
4078 9147 1
4078 8614 1
4078 9784 1
4082 9292 1
4082 9540 1
4082 9066 1
4082 9285 1
4082 9775 111
4082 9925 1
4082 8667 1
4082 8882 1
4082 9669 1
4082 9684 1
4082 9854 2
4082 9815 7
4082 9875 1
4082 9795 1
4108 8955 1
4108 9554 1
4120 9955 1
4120 9143 1
4120 9445 1
4120 9038 1
4120 9606 2
4120 9638 53
4135 9845 1
4152 8554 1
4152 8660 1
4152 9528 1
4152 9669 1
4152 9810 1
4155 9567 2
4164 9816 1
4164 9788 11
4170 8571 33
4170 9405 1
4170 9523 36
4178 9314 1
4178 9083 20
4185 9719 9
4185 9788 1
4185 8589 2
4185 8738 1
4199 9420 1
4213 9388 2
4213 9357 1
4217 9880 1
4217 9092 1
4217 9402 12
4217 9005 1
4217 9342 3
4217 9814 1
4219 9967 2
4219 9368 1
4219 9467 3
4219 9830 9
4220 9969 1
4220 8988 2
4236 9029 1
4236 8890 3
4236 8904 1
4237 9517 1
4237 9514 1
4237 9965 1
4250 8792 1
4280 9118 4
4280 8739 6
4280 8830 1
4280 9253 3
4284 8826 9
4284 9783 27
4284 9423 2
4299 9711 2
4299 9897 1
4299 9489 5
4299 9864 3
4299 9895 1
4299 9652 10
4299 9624 1
4299 9779 3
4299 8882 1
4316 9205 1
4316 9096 1
4321 8940 13
4321 8920 1
4321 9786 7
4321 9514 13
4322 9166 1
4322 8601 3
4322 8823 23
4322 8846 1
4327 9198 1
4327 9567 1
4341 8622 1
4341 8799 1
4341 8887 1
4345 8739 2
4345 9274 3
4346 9159 3
4346 9300 4
4347 8847 3
4347 9928 1
4347 8923 1
4363 9165 5
4363 8733 21
4363 9100 1
4374 9104 2
4374 9845 1
4375 9583 1
4375 9217 1
4375 9553 1
4375 9990 2
4375 9494 1
4375 8572 10
4380 9542 2
4380 9335 1
4380 8983 33
4380 9667 8
4395 9541 1
4395 9452 1
4395 8849 1
4395 9064 1
4395 9099 3
4395 9885 1
4395 8645 1
4399 9834 17
4403 9482 1
4413 8638 6
4413 9594 1
4413 9055 1
4413 9948 1
4413 9666 1
4427 8796 1
4427 8613 2
4427 9667 1
4427 9104 1
4433 9048 1
4433 9047 1
4433 9205 5
4433 9216 1
4443 9952 15
4443 9547 2
4444 9324 4
4464 9223 2
4464 9539 1
4464 9517 1
4464 8691 1
4464 9727 1
4465 9006 1
4465 9478 1
4465 9912 13
4465 8810 22
4465 9321 3
4467 9194 1
4472 9137 1
4472 9291 1
4472 9834 1
4472 8807 1
4472 9584 3
4481 8989 5
4481 9588 1
4481 9372 1
4486 8728 1
4489 9057 4
4489 9375 3
4489 9929 6
4489 9816 1
4489 9789 1
4489 9110 1
4489 9161 1
4489 9726 3
4489 9812 1
4510 9597 2
4510 8663 1
4510 9592 1
4510 8921 1
4526 8944 1
4526 9578 13
4531 9329 1
4531 9656 1
4531 8660 1
4531 8835 1
4531 9491 2
4531 9945 2
4532 8746 1
4532 8669 2
4532 9329 1
4545 8659 1
4549 9588 2
4549 9186 1
4549 9371 1
4552 9350 1
4552 9822 1
4552 9091 1
4552 9342 1
4552 8880 1
4553 8610 1
4553 9055 2
4553 9960 3
4553 9736 12
4554 9118 1
4566 9369 2
4566 8591 1
4566 8940 1
4566 9411 1
4566 9968 1
4567 9547 3
4571 9663 3
4571 9679 1
4571 8612 3
4571 8647 2
4575 9335 1
4587 8855 1
4587 9043 1
4587 9625 1
4587 9839 9
4602 9248 1
4602 9576 1
4602 8892 1
4602 9506 1
4602 9538 7
4606 9310 1
4606 8622 6
4606 9717 1
4606 9869 1
4610 8636 1
4610 9134 1
4610 8800 1
4610 9435 1
4610 9474 1
4618 9780 1
4618 8996 1
4618 8828 1
4618 9571 1
4622 9450 2
4622 9443 1
4622 8746 1
4622 9992 6
4640 9487 1
4640 8758 9
4640 9526 2
4644 8889 1
4655 9669 1
4655 9136 3
4655 8980 1
4677 9104 1
4677 9491 1
4677 9760 1
4678 9995 1
4678 9925 1
4678 8629 1
4678 9909 3
4678 9927 3
4680 8926 1
4680 8968 4
4680 9467 1
4697 8778 1
4724 8681 1
4724 8900 1
4724 9730 4
4724 9858 2
4728 9433 10
4728 9588 2
4729 9581 1
4735 9662 3
4735 9224 6
4735 9431 1
4735 9563 2
4745 8555 1
4745 9551 1
4745 8573 1
4748 8607 1
4748 8731 6
4748 9185 200
4748 9198 1
4748 9635 1
4753 9484 1
4764 9229 2
4764 9620 1
4767 9684 17
4767 8899 10
4767 9326 3
4767 9401 1
4767 8839 2
4767 8823 3
4767 9347 1
4767 8715 5
4767 9169 2
4770 8810 3
4770 9271 1
4770 9450 1
4781 9173 8
4781 8588 1
4788 9747 1
4788 9260 1
4788 9706 1
4810 9507 1
4810 9841 1
4810 9115 1
4810 9415 1
4810 9475 7
4810 9158 2
4810 9573 5
4810 9372 1
4810 8988 2
4810 9396 8
4810 9432 1
4824 8625 1
4824 8931 1
4824 9820 1
4824 9101 2
4824 9532 2
4857 9600 1
4857 9429 2
4857 9877 1
4857 9578 2
4859 9383 1
4859 9435 2
4859 9441 1
4859 9980 1
4859 9257 1
4875 9608 16
4875 9441 3
4875 9829 1
4875 9863 200
4875 9965 1
4880 8724 1
4880 9231 1
4880 8576 2
4880 9047 2
4880 9305 2
4880 9553 51
4911 9846 12
4918 9668 5
4918 9701 1
4918 8833 2
4918 9920 1
4923 9294 1
4923 9440 1
4924 8554 6
4924 8646 1
4928 9226 1
4928 9600 1
4928 9960 1
4930 9481 1
4930 9844 1
4930 9738 1
4940 8685 1
4940 9846 4
4940 9922 1
4940 8917 1
4940 8935 1
4940 8940 1
4940 9469 1
4940 8728 1
4940 9382 1
4956 9505 1
4957 9727 1
4957 9626 1
4957 8752 1
4957 9880 3
4957 8569 1
4958 9494 1
4958 8756 1
4959 9679 1
4959 8948 1
4959 9090 1
4959 9671 1
4970 9124 1
4970 9280 1
4970 8627 1
4970 9742 1
4970 8657 1
4979 9929 1
4979 8568 1
4979 9885 4
5007 8922 3
5015 8690 1
5015 8890 1
5015 8757 2
5015 8801 3
5015 8966 13
5021 8595 2
5030 9810 1
5030 9699 1
5054 9260 1
5054 8817 1
5054 9379 2
5074 9284 7
5074 9380 1
5074 9419 1
5075 9186 1
5075 9986 2
5075 9724 5
5075 8850 1
5075 9385 64
5075 9429 1
5090 9173 1
5090 9655 2
5103 8922 1
5103 9843 2
5134 9996 1
5134 9104 6
5134 9716 1
5144 8939 3
5150 9642 1
5150 8685 1
5150 8989 2
5150 9950 4
5158 8567 1
5158 8949 2
5158 8735 3
5158 8791 1
5168 9864 1
5168 8818 1
5187 9075 2
5187 8936 1
5187 9891 5
5211 9428 1
5211 8630 1
5211 9873 35
5214 9038 10
5214 9107 2
5214 9311 1
5214 9969 2
5214 9868 1
5214 9171 1
5214 8974 1
5214 9828 1
5225 9501 27
5225 8584 1
5225 8884 1
5225 9572 5
5225 9997 1
5247 9303 1
5250 9908 1
5250 8726 2
5250 9172 2
5250 9292 1
5268 8619 1
5268 9229 2
5268 9206 1
5268 9937 1
5268 9576 1
5276 8683 1
5276 9228 2
5276 8698 2
5276 8611 3
5279 9242 4
5279 9361 1
5279 9383 1
5279 9291 1
5281 9407 1
5281 9119 1
5281 9744 1
5281 9118 1
5281 9299 3
5299 9349 2
5308 9374 1
5308 9977 2
5308 8709 1
5308 9194 4
5308 9197 1
5313 9606 14
5313 8987 1
5313 9912 1
5313 9344 3
5321 8916 1
5321 9578 1
5321 9685 2
5321 9248 4
5321 9581 4
5325 8835 1
5351 9900 5
5351 8794 1
5402 9824 1
5402 9560 1
5402 9469 2
5402 9798 1
5403 9461 1
5403 8770 1
5403 9204 2
5435 9529 1
5435 8878 2
5435 8547 1
5435 9180 1
5435 9736 2
5435 8801 1
5435 9107 4
5436 9538 2
5436 9253 1
5441 8644 2
5441 9273 3
5441 9399 1
5454 9789 2
5454 8901 1
5454 9779 1
5454 8724 1
5454 9695 2
5468 9423 1
5468 8572 6
5468 9686 1
5468 9413 6
5475 8724 1
5475 8554 1
5485 9418 1
5485 9987 1
5485 8934 8
5485 8577 5
5485 9048 1
5485 9713 2
5498 9728 11
5506 8722 6
5506 9893 1
5506 9480 1
5506 8768 3
5506 8887 1
5506 8589 1
5506 8578 1
5511 9978 2
5511 8758 1
5511 9810 8
5511 9268 1
5511 9768 1
5511 8936 1
5543 9878 1
5543 9942 2
5543 9786 200
5543 9987 3
5543 8964 1
5543 8991 1
5543 9830 1
5543 9071 3
5554 9149 1
5554 9175 1
5554 9548 1
5554 9338 3
5566 9162 1
5566 9247 4
5566 9325 1
5566 8569 1
5566 8803 1
5566 8545 2
5575 9913 2
5575 9623 2
5576 9648 1
5576 8613 1
5576 8627 1
5576 9492 3
5578 8756 1
5578 8792 1
5578 9361 2
5578 9206 2
5578 9638 1
5588 9663 1
5588 9293 1
5588 9793 1
5588 9365 3
5588 9799 2
5588 9190 200
5588 9487 1
5589 9575 1
5589 8691 1
5589 9071 3
5608 8900 2
5608 9002 1
5608 8785 3
5608 9414 3
5608 9037 1
5608 8952 2
5608 9107 11
5608 9142 1
5608 9853 1
5609 8567 1
5609 8816 2
5609 9255 1
5609 9422 1
5609 9794 12
5640 9273 1
5656 9486 1
5692 9411 1
5692 9631 2
5692 8891 1
5692 9590 5
5692 9775 2
5692 8721 1
5692 8911 3
5692 9081 7
5692 9215 1
5693 9257 1
5693 9307 1
5693 9647 3
5693 8983 1
5693 9066 1
5698 9106 1
5698 9528 1
5698 9185 3
5698 9374 1
5698 8772 1
5698 8802 17
5700 9738 7
5700 9243 1
5709 8614 34
5709 9274 1
5709 9730 1
5709 9588 2
5709 9239 1
5709 8749 1
5734 9328 1
5734 9258 2
5734 9946 1
5734 9772 2
5735 8725 4
5735 9330 1
5749 9442 1
5749 8873 1
5749 9395 2
5749 9430 1
5750 9406 22
5750 8896 7
5750 8691 2
5750 8848 1
5750 9237 1
5750 9563 1
5750 8578 1
5750 9640 8
5752 9752 1
5752 8912 3
5760 9231 1
5760 8762 3
5760 9375 4
5765 9125 1
5765 9356 7
5766 9122 2
5766 9324 2
5766 9934 1
5766 9570 1
5783 9298 1
5785 9475 1
5785 9476 1
5785 9883 3
5803 9659 1
5803 9281 1
5803 9394 1
5803 9836 3
5804 8647 1
5804 8910 1
5838 9317 2
5877 8953 1
5877 9221 17
5877 9784 1
5883 9539 1
5883 9160 2
5883 9500 1
5895 9583 92
5895 8549 2
5895 9914 4
5896 9429 1
5896 9019 1
5897 9439 1
5897 8731 3
5897 9382 1
5897 8611 1
5897 9165 1
5897 9626 1
5899 9713 2
5899 8756 1
5899 9586 1
5899 9932 3
5905 9160 1
5905 8995 1
5905 9817 1
5905 8775 1
5905 9278 1
5908 9412 1
5912 9840 2
5912 9319 2
5924 9295 11
5924 9482 1
5928 9194 1
5928 8557 1
5941 8611 2
5941 9839 13
5941 8735 1
5941 9054 3
5949 9935 1
5949 9063 78
5951 9598 1
5951 9045 6
5951 8874 1
5951 8935 1
5951 9654 1
5961 9093 1
5961 8581 4
5961 8659 1
5961 8674 1
5975 9119 2
5975 9856 1
5975 8807 1
5975 8847 1
5975 9020 1
5975 9631 8
5978 9432 4
5978 9093 1
5978 9309 1
5978 8761 1
5984 9766 1
5984 8565 8
5984 8589 2
5984 9575 1
5992 8917 1
5992 9479 1
5992 8642 2
5992 8983 1
5992 9310 1
5996 9155 1
5996 9466 3
5996 9514 1
5996 8949 1
5996 9820 1
5996 8822 77
5996 9228 1
5996 9739 1
5996 9462 1
5996 8874 2
5996 9611 1
6005 9295 1
6005 9577 1
6005 8835 1
6005 8681 6
6005 9896 1
6007 9871 2
6007 8869 1
6007 8696 1
6007 8698 11
6007 9116 9
6007 9122 1
6007 9413 1
6014 9107 2
6014 8882 1
6014 9588 2
6014 9718 1
6014 8778 1
6042 8833 1
6048 9168 1
6048 8577 1
6048 8551 1
6054 9248 1
6054 8548 1
6054 8644 1
6054 8798 1
6054 9505 1
6057 9701 2
6057 8760 1
6057 8746 4
6057 9233 1
6063 8554 2
6063 9221 1
6063 9298 2
6080 9438 2
6080 8639 1
6103 8646 1
6103 8681 3
6108 8835 2
6108 8690 1
6108 9374 1
6108 8848 10
6108 8623 35
6108 9847 1
6108 8996 1
6108 9418 2
6115 9369 1
6115 9377 10
6115 9835 1
6123 8750 56
6123 9534 2
6123 8580 5
6123 8917 1
6123 9992 3
6123 9372 26
6128 9320 1
6128 8796 1
6131 8746 3
6131 8733 1
6131 8740 4
6131 9554 1
6131 8998 3
6131 9535 1
6131 8855 1
6131 9243 2
6131 8635 1
6131 9441 1
6160 8706 1
6160 9213 4
6160 9754 1
6160 9809 1
6160 9984 6
6169 9893 1
6169 9873 6
6169 9548 1
6169 9856 8
6172 9083 1
6172 9141 1
6172 9289 4
6172 9846 1
6172 9928 64
6187 9634 4
6187 8726 13
6187 9616 1
6187 9662 2
6187 8764 1
6187 9303 1
6196 8786 1
6196 9722 1
6199 8595 1
6199 9883 1
6199 9134 1
6199 9206 1
6199 9123 1
6216 9968 1
6216 9612 1
6216 9396 1
6216 9431 1
6216 9741 1
6216 8822 1
6216 9032 1
6216 9419 1
6216 9726 4
6220 9230 1
6220 9470 1
6221 9909 1
6221 9398 1
6221 9406 6
6221 8980 2
6229 9553 5
6229 9011 1
6232 8637 1
6232 8595 1
6232 9492 5
6232 9924 6
6241 9939 1
6241 8964 1
6246 9137 1
6249 9041 3
6249 8743 1
6249 9128 1
6249 9986 2
6267 9938 10
6267 9346 4
6267 9946 1
6274 8673 2
6274 8619 1
6274 8667 2
6274 9368 1
6274 9523 5
6274 9044 5
6274 9754 1
6274 9025 1
6274 9395 1
6285 9959 1
6285 9669 2
6285 8573 3
6285 8581 2
6285 8911 1
6285 8546 1
6285 9736 2
6285 9806 10
6285 8630 1
6285 9084 1
6325 9740 1
6325 9958 2
6325 8906 2
6344 9498 1
6344 8962 1
6344 8893 14
6344 8796 4
6350 9564 6
6350 9885 2
6350 9581 1
6370 8961 1
6370 9554 2
6370 9343 2
6370 8758 1
6370 9328 9
6389 8734 1
6389 9681 1
6389 9851 4
6391 8892 7
6391 9266 2
6428 8944 3
6428 9123 26
6428 9147 1
6428 9636 17
6428 8980 1
6428 8786 1
6428 9548 6
6482 8979 1
6482 9342 5
6482 9394 1
6482 8735 4
6482 9149 4
6482 9357 1
6482 8850 2
6482 9017 3
6484 9636 1
6484 9960 2
6484 9436 3
6484 9520 2
6484 9999 1
6484 9027 1
6484 9716 1
6484 8931 1
6484 9675 32
6500 8727 1
6500 8663 1
6500 9637 1
6500 8889 1
6500 9380 1
6500 9363 2
6519 9813 2
6519 9172 1
6519 9436 1
6519 9042 1
6535 8605 1
6535 8973 1
6544 9719 2
6544 9573 6
6544 9020 1
6544 8826 21
6544 8885 2
6544 9101 2
6544 9830 1
6560 9321 4
6560 9934 71
6562 8920 1
6562 9064 1
6562 9975 181
6574 9859 1
6574 9841 4
6592 9091 2
6592 9719 2
6592 9248 43
6592 9339 1
6592 9176 5
6592 9534 1
6598 8580 1
6598 8836 6
6598 9325 16
6598 9115 3
6605 9702 1
6615 8919 1
6615 9820 1
6615 9694 1
6615 9793 1
6615 8824 1
6645 9051 18
6645 9055 1
6645 9943 1
6645 9718 1
6647 9498 17
6647 8621 4
6647 9114 4
6651 8955 1
6651 9394 1
6651 9404 1
6651 9012 2
6656 9150 3
6656 9414 1
6656 8872 5
6656 9280 3
6656 9616 1
6660 8757 2
6660 8805 2
6660 9166 3
6660 9084 3
6660 9004 1
6664 8991 1
6669 8992 1
6669 8709 2
6669 9028 3
6676 9096 2
6676 9336 3
6742 8612 1
6742 9280 8
6742 9495 3
6744 9675 4
6744 8906 2
6744 9735 1
6797 9837 1
6797 9690 1
6805 8765 15
6805 9410 1
6805 9645 1
6805 9580 1
6805 9822 1
6808 9998 1
6808 8550 2
6808 8849 1
6808 9303 1
6808 9457 1
6808 8711 4
6808 8734 1
6808 9033 1
6822 9659 1
6822 9700 1
6822 9960 3
6822 8955 1
6829 9005 7
6829 9873 2
6840 9267 1
6840 9692 1
6862 9165 1
6862 9399 10
6862 8598 2
6862 9406 1
6868 9496 2
6868 9452 1
6868 9711 2
6868 9769 1
6870 9692 2
6870 9527 1
6870 9608 2
6871 8923 1
6871 8547 1
6879 8620 3
6879 9828 3
6879 8621 1
6879 9893 1
6879 8962 6
6879 9061 4
6879 9273 1
6886 9326 1
6886 9856 3
6886 9293 1
6886 8852 2
6886 9694 2
6886 8811 1
6886 9069 1
6908 9610 2
6909 9097 1
6909 9819 1
6910 9299 1
6910 8684 1
6910 8917 8
6910 9554 2
6910 8912 1
6910 9465 2
6911 9650 1
6911 9487 13
6933 9890 1
6933 9954 3
6942 9190 8
6942 9368 6
6942 8847 2
6942 9444 1
6942 8827 1
6969 8798 2
6969 9800 1
6969 9806 21
6969 9945 1
6969 9461 1
6969 9604 5
6981 9813 1
6981 9715 2
6994 9308 1
7005 8544 1
7019 9890 1
7019 8942 1
7023 8799 1
7023 9878 1
7023 9648 1
7023 8625 1
7025 9559 5
7025 9242 2
7025 9761 2
7025 9831 10
7029 8638 2
7029 9707 1
7029 9856 1
7033 8926 1
7033 9483 2
7033 9529 1
7033 9609 1
7055 9997 1
7057 9760 1
7057 9165 2
7057 9260 1
7057 9626 1
7093 8729 1
7093 9794 1
7093 9628 1
7093 8882 1
7093 9728 4
7093 9969 1
7106 9015 1
7106 9450 1
7131 8701 1
7131 8716 2
7131 8722 1
7131 9193 1
7131 9650 1
7135 9176 1
7135 8866 37
7135 9326 1
7142 9329 1
7142 8626 1
7142 9092 1
7142 9546 1
7154 8624 3
7154 9162 1
7154 9219 2
7154 9999 1
7168 9480 1
7168 9547 1
7168 9509 5
7168 9569 1
7168 9724 1
7168 8873 1
7182 8593 1
7182 9815 2
7202 9934 11
7202 9071 13
7202 9558 1
7226 9208 1
7226 9292 11
7256 8892 3
7310 9055 1
7310 9413 1
7310 9126 3
7320 9863 1
7320 9235 1
7320 9252 1
7333 9924 1
7333 8573 2
7333 8921 1
7333 9339 14
7355 9625 7
7355 9398 200
7359 9484 1
7359 9058 3
7359 9112 1
7359 9272 1
7360 9390 1
7360 8953 2
7360 9780 1
7389 9263 3
7389 9799 1
7389 9878 1
7392 9592 1
7394 8995 1
7394 9483 1
7394 9610 2
7394 9819 2
7394 8652 5
7394 8987 70
7394 9854 5
7394 9929 1
7400 9289 1
7400 8648 1
7400 9192 1
7400 9496 6
7410 9930 1
7410 8986 8
7423 9768 1
7423 8911 1
7423 9142 1
7423 9436 6
7423 8709 1
7423 9935 1
7436 9559 1
7436 9432 1
7436 9549 4
7436 8855 1
7436 9256 1
7436 9627 1
7453 9422 2
7453 9365 1
7466 9406 1
7466 8623 3
7466 9090 1
7466 9818 3
7494 9837 1
7494 9162 1
7498 8936 2
7498 9455 1
7508 8761 1
7508 8936 2
7508 9565 2
7583 8548 1
7583 8649 3
7583 8931 4
7587 8616 1
7587 9386 2
7587 9098 24
7587 8852 1
7587 8601 1
7591 9500 1
7591 9570 2
7591 8543 1
7591 8996 2
7591 9168 1
7611 9739 1
7611 9800 11
7612 8848 2
7612 9628 1
7612 8592 1
7625 9852 5
7625 9993 2
7626 9598 2
7626 8546 1
7626 9049 1
7626 8687 12
7626 9129 10
7626 8620 1
7627 9330 2
7645 8818 2
7645 8972 1
7645 9284 1
7645 9830 1
7645 9204 26
7645 8588 2
7645 8998 3
7645 9260 5
7645 9402 7
7645 9741 2
7653 9168 5
7653 8565 1
7653 9325 1
7653 9866 1
7655 9825 1
7655 8591 1
7655 9575 1
7655 8648 1
7655 9922 22
7658 8691 1
7658 8764 2
7658 9253 6
7658 9419 1
7658 9620 1
7658 8786 1
7658 9106 1
7664 9893 1
7664 8611 1
7664 8637 1
7664 8866 1
7664 9155 1
7664 8667 1
7664 8690 1
7664 9793 1
7664 9938 2
7672 9208 1
7672 9847 1
7672 9862 1
7672 9942 2
7672 9998 3
7701 9142 1
7701 8727 5
7701 9011 3
7701 9968 2
7701 8629 5
7701 8878 1
7701 9271 1
7701 9901 1
7707 8715 1
7707 8860 1
7707 9580 1
7707 9216 1
7707 9973 5
7707 9854 5
7727 9289 1
7727 8638 1
7727 9558 1
7740 9454 5
7740 9032 6
7740 9481 31
7740 9878 1
7753 8917 1
7753 9766 200
7753 8756 3
7753 9774 1
7758 9769 2
7758 8921 1
7758 8626 2
7758 8794 1
7758 8548 7
7759 9171 1
7761 9349 2
7761 9754 6
7761 8840 1
7761 9355 8
7761 9733 1
7772 9756 2
7779 9594 1
7779 9778 1
7779 8644 4
7779 9444 1
7783 8849 6
7783 9565 1
7842 8676 3
7842 9031 1
7846 9247 1
7846 9576 1
7846 9743 1
7874 8676 1
7874 9548 2
7874 9551 1
7874 9954 1
7874 9175 1
7874 9206 1
7874 9506 1
7877 8980 1
7877 8809 2
7877 9613 4
7877 9343 1
7890 9522 20
7890 9883 2
7890 9027 1
7890 8549 2
7907 8578 1
7907 9367 1
7907 9655 6
7907 9659 7
7907 9994 1
7907 9219 9
7934 9411 1
7937 8675 1
7953 8615 1
7953 8959 11
7964 8631 1
7964 8935 7
7964 9436 3
7964 8817 2
7964 9531 1
7964 9006 1
7972 9486 1
7972 8548 1
7972 9088 1
7972 9405 1
7972 9803 4
7972 9611 1
7972 9287 1
7972 9651 5
7975 9797 1
7975 9684 1
7975 9891 1
7975 9668 3
7984 9784 3
7984 9051 1
7984 8869 1
7984 8731 4
7984 9940 1
8003 8888 5
8005 9542 1
8005 8980 1
8005 8748 1
8005 9476 1
8005 9703 5
8005 9923 1
8021 8607 1
8028 8557 1
8028 8860 1
8028 9509 1
8028 9724 1
8041 9837 2
8041 9613 1
8041 9891 2
8051 9045 1
8051 9505 1
8051 9535 1
8051 9924 2
8069 9511 6
8069 8862 1
8069 8883 1
8069 9239 1
8090 9164 1
8090 9080 1
8093 8675 2
8093 8738 3
8093 8576 1
8094 8715 1
8094 9263 1
8094 9336 1
8094 9166 1
8094 9466 4
8102 9400 8
8134 9506 1
8134 8989 1
8134 9778 1
8134 9075 1
8134 9536 1
8148 8751 1
8148 9302 5
8170 8948 1
8170 9392 1
8178 9598 2
8178 9991 2
8185 9271 1
8185 9466 1
8185 9623 4
8185 9693 1
8188 8603 1
8224 9350 6
8224 8703 1
8224 8974 2
8224 9138 1
8232 8551 2
8232 8849 1
8232 9158 5
8232 9766 10
8236 9651 1
8236 8911 1
8242 9901 1
8242 9197 2
8242 9605 1
8242 8610 1
8242 8916 1
8242 9503 1
8242 9623 1
8242 8770 1
8242 9813 1
8242 9123 2
8242 9369 1
8244 9652 2
8244 9293 2
8254 9458 1
8254 9295 2
8262 9777 1
8262 8615 2
8262 8968 1
8263 9634 1
8263 9978 1
8263 9474 1
8263 8757 1
8263 9452 37
8275 9945 1
8275 8706 2
8275 8929 6
8278 9578 1
8278 9416 1
8285 9325 2
8285 8669 2
8285 9164 1
8285 9688 1
8334 9092 5
8341 9225 1
8341 9262 1
8341 9462 1
8341 8638 1
8341 8792 1
8341 9454 3
8341 9549 4
8341 9551 2
8341 9560 10
8341 9691 9
8343 9570 1
8343 8944 2
8343 9051 1
8345 9144 15
8345 8624 57
8345 9520 1
8345 9539 1
8361 9270 12
8361 9516 1
8361 9498 3
8361 9570 5
8361 8723 1
8361 9430 1
8361 9125 1
8362 8937 2
8362 9005 2
8362 9607 1
8365 9235 1
8365 9945 5
8365 9175 1
8365 9233 1
8365 9464 1
8365 9470 1
8365 9584 4
8378 9663 1
8378 9950 1
8381 9795 1
8381 9529 6
8381 9753 1
8381 8615 14
8381 9133 10
8388 8695 1
8388 9418 1
8388 9726 1
8388 9255 2
8399 8942 1
8399 9146 6
8399 9378 1
8415 9091 44
8429 9274 5
8429 8616 1
8431 9637 1
8431 9723 1
8431 9886 2
8431 9512 1
8431 9978 1
8439 8723 1
8439 9983 1
8446 8715 1
8446 8921 10
8446 9801 5
8456 9496 1
8456 8550 14
8466 9738 2
8466 9610 1
8466 9679 1
8466 9742 1
8466 9061 1
8466 9511 1
8466 8952 1
8470 9849 1
8470 9090 4
8470 9335 4
8478 9584 1
8478 9900 2
8480 9114 6
8480 8948 2
8480 9182 2
8512 9695 1
8543 9102 1
8544 8769 1
8544 8609 3
8544 8844 2
8544 9785 1
8546 8609 1
8546 9537 1
8547 9988 2
8551 8668 1
8552 9687 4
8552 9102 3
8552 8686 1
8553 8706 2
8555 8570 1
8556 8982 2
8556 9261 1
8559 8650 1
8560 8755 1
8561 9991 1
8561 9496 10
8561 8752 200
8561 8778 1
8561 8872 1
8561 9018 1
8562 9129 1
8562 8626 2
8562 9610 55
8563 8656 1
8563 8945 1
8563 8720 1
8563 8997 1
8566 9979 4
8568 8737 1
8570 9517 1
8574 8868 1
8574 9895 2
8575 9439 2
8578 8928 1
8579 9100 1
8579 9443 1
8579 8919 1
8580 8877 24
8580 9117 2
8582 8739 1
8582 8816 20
8582 8955 1
8582 9347 1
8582 9460 3
8582 9041 1
8582 9107 15
8582 9626 2
8582 8591 2
8582 9661 7
8582 9769 1
8583 9006 1
8585 9540 4
8585 8615 3
8585 8917 1
8585 9639 9
8586 9691 1
8587 9453 1
8587 9978 7
8589 9537 1
8590 9703 6
8590 8962 18
8592 8925 1
8594 9072 2
8595 9016 1
8596 9735 7
8596 8698 1
8597 9454 1
8597 9931 18
8597 9672 1
8597 9185 200
8599 8641 3
8599 9252 1
8599 8715 1
8599 8773 5
8600 9795 2
8600 8891 1
8600 9501 1
8600 9995 2
8600 8768 36
8600 8805 6
8601 8977 2
8604 8795 7
8604 8964 1
8604 9070 6
8604 9559 1
8605 8682 1
8605 8933 4
8605 8897 2
8606 8614 1
8606 8796 1
8606 9098 8
8606 9661 1
8607 8769 2
8608 9658 1
8608 8851 1
8609 8723 1
8609 9390 49
8609 9221 6
8609 9286 4
8609 8969 1
8609 9434 1
8610 9879 6
8611 9222 1
8612 8682 11
8612 9109 2
8613 9157 1
8614 8705 1
8616 9710 1
8616 9130 5
8617 9018 1
8618 9395 5
8618 9605 2
8618 9654 1
8618 9253 1
8619 9632 3
8620 9108 10
8623 8861 8
8627 9089 1
8628 8675 1
8628 9559 3
8628 9524 1
8628 8652 2
8628 9035 14
8628 9069 1
8628 9522 1
8628 8899 1
8630 9290 1
8632 9561 2
8632 9990 2
8632 8873 1
8632 9864 1
8632 9224 1
8632 9849 1
8633 9648 1
8633 9015 2
8633 9452 2
8633 9812 1
8633 9386 3
8633 9314 2
8634 9597 1
8634 8647 1
8635 8766 2
8636 9040 2
8639 8658 1
8640 8877 1
8640 8905 6
8640 8842 1
8641 8787 1
8641 8990 8
8643 9110 1
8643 9625 1
8649 9177 1
8649 9060 1
8649 9537 2
8650 9407 4
8650 9478 1
8650 8718 1
8651 9017 1
8651 9609 2
8654 8781 3
8654 9309 1
8654 9453 3
8655 9607 1
8655 9769 4
8656 9756 9
8656 9032 1
8656 8919 2
8656 9235 2
8656 9422 2
8656 8920 2
8656 9825 2
8657 9056 1
8658 8975 1
8658 8966 1
8658 8750 6
8658 9796 1
8658 9129 4
8661 9958 2
8661 9460 1
8664 9013 1
8664 9789 6
8664 9143 1
8665 9733 1
8665 9811 1
8665 9775 1
8667 9117 2
8668 9430 4
8668 8785 3
8668 9150 1
8668 9612 1
8670 8857 1
8671 9133 1
8672 8838 2
8672 9103 1
8672 8907 1
8673 8780 2
8673 8844 1
8675 9040 1
8675 8958 2
8676 8689 2
8677 9053 4
8677 9570 1
8678 9268 2
8678 9783 1
8678 8822 1
8678 8922 1
8678 9164 3
8679 9052 2
8679 8881 1
8682 9611 1
8682 9361 1
8682 8848 4
8682 9868 1
8682 9684 1
8684 8907 5
8685 8780 2
8686 8921 1
8686 8975 2
8686 9011 1
8686 9598 1
8687 8858 1
8688 9934 3
8688 9569 1
8689 9883 13
8689 8751 2
8689 8836 2
8689 9453 7
8691 8903 3
8692 8851 1
8693 9161 1
8693 9980 4
8694 9190 1
8694 9236 1
8694 9440 2
8694 9756 1
8695 9641 3
8696 8981 1
8697 9635 4
8697 9780 1
8697 9819 4
8697 9935 1
8699 9000 1
8700 8914 1
8701 9056 1
8702 8976 1
8703 8950 5
8703 9167 3
8704 8840 1
8705 9441 3
8705 8735 8
8705 9694 1
8705 8971 1
8705 9322 1
8706 8769 1
8707 9916 1
8708 9159 16
8708 9230 23
8708 9716 2
8708 9518 7
8708 9498 2
8710 8999 2
8710 9050 6
8710 9468 1
8711 8825 1
8711 8903 4
8712 9798 2
8713 9203 1
8713 9667 1
8713 9786 3
8714 8948 12
8716 8769 1
8716 9040 1
8716 8784 1
8717 8725 3
8718 9658 1
8719 9687 1
8720 9453 1
8720 9686 2
8720 9310 1
8720 9841 3
8720 9552 1
8720 9740 2
8721 8902 4
8723 9109 1
8724 8985 2
8727 8997 1
8728 9072 1
8730 9466 1
8731 8820 1
8732 8857 2
8736 9028 1
8737 9834 1
8737 9943 2
8737 8843 1
8737 9125 2
8737 9377 1
8737 9411 1
8737 9959 13
8738 9001 1
8739 9211 1
8740 8867 1
8740 9040 1
8740 9052 6
8741 9122 2
8741 9656 1
8742 9011 1
8742 9322 2
8742 9681 12
8742 9291 1
8742 9899 1
8744 9959 1
8745 9236 1
8745 9401 1
8745 9576 1
8745 9767 3
8745 9843 43
8745 9844 4
8747 9976 1
8748 9102 1
8749 9976 1
8753 9398 2
8753 9020 1
8753 9236 1
8753 8996 1
8753 9612 2
8753 9239 3
8753 9678 1
8753 9958 11
8753 9033 1
8753 9380 1
8754 9418 1
8754 9294 1
8754 9270 2
8755 9674 1
8755 9686 9
8755 9229 15
8755 9225 1
8755 9800 3
8755 9124 1
8755 9998 3
8756 9026 1
8757 8999 1
8758 9879 2
8759 8888 1
8759 9323 1
8759 8973 1
8759 9840 11
8759 9324 1
8760 9537 1
8760 9034 1
8761 8945 3
8763 9420 1
8763 9794 1
8763 8809 1
8764 8877 2
8766 9190 16
8766 9877 2
8767 9753 1
8767 9080 1
8769 9947 1
8769 9096 1
8769 9368 1
8769 9499 1
8771 8919 2
8771 9305 1
8774 8815 2
8774 8825 2
8775 9773 4
8775 9072 1
8776 8958 1
8776 8831 1
8777 8890 1
8777 9862 1
8777 9906 1
8777 8904 3
8777 8783 1
8779 9424 1
8780 9242 3
8780 9878 1
8780 9263 1
8780 9315 4
8780 8803 1
8780 9809 1
8780 9161 1
8780 9527 3
8781 8963 2
8782 9641 13
8783 9068 2
8784 9458 1
8784 9984 8
8784 9031 1
8785 8978 15
8786 9332 1
8788 9187 1
8789 9994 1
8789 9410 13
8790 9256 1
8790 8794 2
8790 8863 1
8790 8868 2
8793 9783 2
8793 9511 5
8794 8842 3
8795 9073 1
8796 8928 1
8797 9321 1
8797 9272 1
8797 9411 3
8797 9041 1
8797 9225 3
8798 8927 1
8799 8997 2
8800 8994 1
8800 8943 2
8801 8984 1
8802 9187 8
8802 9245 2
8803 9009 14
8804 8907 11
8806 9444 1
8806 8898 2
8806 9739 1
8807 9087 1
8808 9943 2
8808 8919 3
8808 8809 1
8808 9667 1
8808 8952 1
8808 9318 1
8810 8864 6
8811 9332 3
8812 9242 3
8812 9168 6
8812 9817 1
8813 9104 1
8813 9448 1
8813 8919 1
8813 9607 15
8814 9527 1
8814 9568 4
8815 9370 1
8815 9980 1
8815 9626 1
8815 9289 6
8815 9693 2
8816 9222 1
8818 8954 3
8819 9144 14
8819 9407 1
8820 9082 3
8820 9535 1
8821 9428 1
8821 9648 1
8821 9945 4
8824 8999 2
8825 9079 22
8825 9399 1
8825 9751 1
8825 9270 1
8825 9688 2
8825 9503 3
8827 8844 1
8827 9687 17
8828 8903 1
8829 9954 6
8829 9875 1
8829 8991 1
8830 9000 76
8831 9957 1
8831 9383 1
8831 9058 1
8831 9820 1
8832 9719 1
8832 8916 9
8832 9943 1
8833 9095 1
8834 8870 6
8835 8915 2
8836 9687 3
8837 8847 1
8837 8871 2
8837 9876 7
8838 9609 1
8838 9405 1
8838 9906 1
8841 9584 3
8841 9674 2
8841 9590 2
8842 9810 1
8842 9953 66
8842 9236 1
8842 9467 1
8842 9741 1
8842 9690 10
8843 9988 1
8844 9696 3
8844 9462 1
8844 9777 1
8845 9600 2
8845 9230 2
8848 8978 1
8849 8963 10
8851 9025 1
8851 9931 1
8852 9521 1
8853 8895 1
8854 9001 1
8856 8961 3
8856 9450 1
8856 9507 7
8857 9647 47
8857 9061 1
8857 9656 3
8857 9896 2
8857 9364 1
8857 9534 2
8858 9940 2
8858 9969 3
8858 9407 200
8859 8964 1
8860 9177 2
8860 8997 41
8861 9432 6
8862 9056 1
8864 9927 1
8865 9091 1
8865 9476 1
8867 8937 1
8867 9480 2
8867 9455 1
8867 9725 1
8867 9064 3
8867 9035 1
8869 9034 3
8870 9431 1
8870 9604 1
8870 9701 1
8871 9218 1
8874 8984 1
8875 9713 1
8875 9907 1
8875 9237 1
8876 9166 2
8876 9402 5
8876 9419 1
8876 9440 1
8876 9435 1
8876 9311 8
8877 9448 1
8878 9087 1
8879 9184 7
8881 9428 5
8885 9003 4
8886 9039 1
8886 9044 1
8886 8971 3
8886 9824 1
8886 9385 1
8888 9087 3
8888 9120 1
8888 9521 43
8893 8908 1
8894 8979 1
8894 9272 5
8894 9859 1
8894 9939 1
8894 9813 5
8895 9235 1
8895 9414 1
8895 9692 1
8897 9192 1
8897 9053 1
8898 9003 3
8899 9067 1
8900 9087 1
8900 9102 3
8900 9179 3
8901 8925 2
8903 9230 1
8903 9730 1
8903 9196 3
8904 9222 1
8905 9766 1
8909 9547 1
8909 9234 4
8910 9000 2
8913 9357 1
8913 9989 1
8913 9119 6
8913 9512 1
8914 9267 1
8914 9567 2
8914 9284 2
8914 9536 1
8915 8962 1
8915 9329 1
8915 9723 1
8915 9162 1
8924 9156 1
8924 9884 1
8924 9013 3
8924 9993 6
8924 9258 1
8924 9801 1
8925 9569 1
8925 9995 1
8926 9265 7
8927 9797 1
8927 9049 6
8927 9778 3
8928 9538 3
8930 9793 1
8930 9306 2
8930 9530 1
8930 9458 1
8931 8947 3
8932 9604 1
8932 9475 1
8933 9473 1
8933 9347 1
8935 9062 1
8936 9972 3
8938 9118 1
8938 9797 1
8938 9729 1
8938 9958 3
8939 9710 1
8939 8963 1
8941 8956 1
8941 9641 42
8943 9787 1
8943 9295 1
8943 9409 1
8943 9569 8
8943 9884 1
8945 9355 1
8945 9797 1
8945 9286 1
8946 9946 1
8946 9044 1
8947 9789 4
8947 9586 1
8950 9128 3
8950 9135 1
8950 9663 1
8950 9948 20
8950 9952 1
8951 9479 4
8951 9516 7
8951 9803 1
8953 9220 1
8953 9537 1
8954 9682 1
8954 9328 1
8956 9176 1
8956 9115 1
8956 9019 1
8956 9965 3
8956 9837 1
8956 9540 7
8958 9702 1
8958 9138 1
8960 9640 1
8960 9779 2
8961 8999 6
8963 9859 1
8967 9501 4
8969 9770 1
8970 9364 1
8970 9365 1
8970 9647 1
8972 8982 1
8977 9035 2
8981 9036 8
8981 9126 1
8982 9309 1
8982 9002 7
8982 9178 1
8982 9934 4
8983 9687 1
8984 9572 2
8984 9769 2
8984 9472 22
8985 9774 1
8987 9544 8
8988 9261 19
8990 9825 1
8990 9624 1
8992 9184 2
8994 9385 1
8994 9079 2
8997 9614 1
8997 9914 1
8997 9029 2
8999 9751 1
8999 9133 1
8999 9369 1
8999 9082 1
8999 9364 5
9000 9823 1
9000 9825 3
9000 9383 1
9000 9717 1
9001 9796 1
9003 9162 8
9003 9012 1
9003 9074 3
9003 9541 17
9003 9627 1
9003 9753 1
9003 9923 3
9005 9078 52
9005 9848 1
9006 9879 4
9007 9549 17
9007 9524 2
9008 9049 3
9008 9071 1
9008 9534 2
9008 9196 1
9008 9158 2
9008 9499 1
9009 9015 1
9010 9112 1
9010 9499 1
9011 9791 1
9013 9910 1
9014 9749 1
9016 9279 1
9016 9180 6
9016 9912 3
9016 9443 1
9017 9301 1
9017 9972 3
9020 9658 1
9021 9834 1
9021 9343 1
9021 9837 6
9022 9074 1
9022 9846 1
9022 9439 1
9022 9600 31
9022 9617 1
9023 9822 1
9023 9088 1
9026 9605 14
9026 9793 2
9027 9184 3
9030 9070 1
9030 9838 13
9034 9124 1
9035 9187 1
9037 9056 1
9039 9143 1
9039 9539 1
9039 9292 8
9040 9539 1
9040 9131 3
9041 9179 1
9042 9689 200
9043 9301 1
9043 9762 2
9044 9689 1
9045 9791 1
9046 9444 1
9046 9196 2
9046 9635 1
9052 9939 1
9052 9797 25
9053 9108 13
9056 9699 45
9056 9146 45
9058 9537 1
9060 9583 1
9063 9065 1
9065 9367 2
9065 9458 3
9066 9988 1
9068 9729 3
9069 9222 2
9072 9747 2
9072 9696 3
9072 9727 2
9072 9979 1
9073 9934 1
9073 9733 1
9073 9938 2
9073 9229 7
9076 9725 2
9076 9392 1
9076 9560 13
9077 9425 1
9077 9955 2
9078 9554 1
9080 9167 2
9085 9134 4
9085 9904 24
9086 9391 1
9087 9156 1
9087 9176 3
9087 9153 2
9089 9396 3
9093 9658 1
9094 9791 1
9094 9537 47
9094 9222 1
9095 9935 1
9095 9292 3
9095 9208 2
9095 9811 1
9097 9749 1
9098 9102 1
9099 9910 1
9101 9710 7
9102 9917 10
9102 9123 1
9102 9514 1
9102 9896 1
9102 9474 2
9102 9425 1
9102 9469 6
9102 9796 1
9102 9594 1
9103 9674 8
9105 9751 1
9108 9908 1
9108 9967 1
9109 9685 6
9111 9461 9
9111 9613 1
9111 9666 1
9111 9942 1
9114 9677 1
9120 9273 1
9120 9379 1
9120 9906 1
9120 9918 5
9120 9743 1
9121 9420 1
9121 9325 1
9121 9486 1
9121 9783 2
9130 9706 1
9130 9433 1
9135 9177 1
9137 9632 1
9140 9167 8
9141 9537 1
9148 9785 1
9157 9400 3
9167 9472 1
9171 9658 2
9177 9975 1
9177 9775 2
9177 9283 1
9179 9766 4
9179 9817 3
9179 9913 1
9179 9328 200
9179 9282 1
9182 9785 3
9184 9906 1
9184 9927 1
9187 9570 1
9187 9777 2
9187 9816 1
9202 9643 1
9205 9632 1
9211 9266 4
9211 9465 1
9211 9751 1
9218 9814 1
9218 9567 44
9220 9577 2
9220 9921 1
9222 9769 1
9222 9363 2
9222 9279 3
9222 9374 1
9226 9332 1
9233 9808 1
9233 9710 1
9235 9665 1
9245 9626 1
9245 9875 1
9245 9803 2
9245 9597 1
9245 9711 1
9251 9543 2
9257 9537 1
9258 9879 2
9261 9558 1
9263 9972 3
9265 9577 1
9265 9634 1
9265 9509 1
9281 9879 1
9283 9544 1
9284 9972 1
9290 9921 1
9290 9929 2
9290 9953 1
9290 9494 23
9301 9350 1
9301 9430 2
9315 9808 1
9317 9972 1
9318 9710 1
9318 9785 1
9338 9677 4
9343 9537 1
9372 9687 1
9384 9683 3
9396 9521 1
9400 9537 1
9403 9555 1
9412 9687 1
9417 9537 3
9445 9677 1
9453 9762 4
9460 9468 4
9464 9879 3
9467 9537 1
9468 9602 1
9468 9730 3
9468 9863 2
9481 9976 1
9522 9658 3
9580 9710 7
9616 9632 1
9632 9999 3
9641 9693 2
9652 9689 1
9658 9825 2
9658 9844 1
9658 9946 4
9658 9819 2
9658 9874 1
9663 9972 1
9687 9862 27
9687 9913 2
9689 9864 1
9710 9914 3
9710 9959 2
9721 9988 1
9744 9848 1
9749 9866 1
9762 9789 1
9762 9921 2
9767 9791 1
9770 9857 1
9791 9857 1
9809 9879 1
