0 8868 3
0 8895 1
0 8933 1
0 8589 3
0 9868 2
0 9285 1
7 8549 1
7 8693 1
7 8984 18
7 9106 1
7 9113 1
17 9909 3
17 9863 1
20 9629 1
20 9047 1
20 9815 1
27 9731 1
27 8801 1
27 9020 1
27 8546 1
27 9647 3
36 9900 1
47 9509 1
47 9507 6
47 9744 1
59 9408 1
59 9607 2
59 8759 2
59 9271 1
59 9569 1
59 8715 1
59 9656 1
97 8668 3
97 8760 1
97 9506 2
97 8540 7
97 9067 1
97 9500 1
97 8761 1
97 9560 2
129 8589 5
129 9144 1
129 9760 1
129 9590 1
134 9960 2
134 9412 1
147 9047 1
147 8824 2
147 8703 1
147 9327 2
147 9211 1
147 9061 1
147 9924 2
164 9002 25
184 8942 1
184 9285 1
184 9918 2
184 9945 1
184 9883 1
211 9656 1
211 8853 2
211 9342 1
211 9494 3
237 8714 1
237 9817 2
237 8738 1
243 9483 1
248 9572 1
248 9833 1
248 8713 1
248 9019 6
248 9410 1
251 9029 1
251 8776 1
256 8741 1
256 8825 2
256 8868 2
256 9072 1
256 9545 1
259 9685 1
259 8619 1
259 9998 1
263 8628 2
263 8828 1
263 9657 1
285 8793 1
285 9880 2
285 8563 1
285 9060 3
287 9227 1
287 9411 1
297 8962 1
297 9333 1
297 8679 1
297 8895 2
297 9251 3
297 9474 1
298 9069 1
299 9656 1
299 9951 2
299 9232 1
319 9911 6
319 9850 1
342 8590 1
342 9256 1
344 9393 4
344 9056 2
344 9988 4
344 9149 2
344 8810 1
357 9675 1
357 9743 1
357 9073 1
357 9402 1
357 8709 2
357 9439 1
357 8708 1
357 8887 1
361 9222 1
361 8890 1
361 8954 1
361 8979 2
361 8814 1
361 9437 1
361 9749 9
361 9819 3
364 9159 1
364 9527 1
364 8993 7
364 9960 1
375 8577 1
375 9086 1
375 9345 1
375 9357 4
375 9929 22
411 8882 6
411 9449 1
411 9740 2
411 9114 1
411 9306 1
411 9918 3
412 9886 1
414 8895 1
414 9636 1
414 9406 2
414 8884 1
414 9446 4
414 8791 1
414 9272 1
414 9934 1
415 9651 1
415 9758 2
415 9444 1
415 9805 1
426 9403 1
426 9445 2
426 9235 1
444 9180 4
444 8740 3
444 9517 1
457 9822 4
457 9099 1
457 9494 1
457 9169 1
464 9621 1
464 9255 5
464 9585 6
464 9685 1
470 9600 1
470 9654 1
472 9490 31
472 8732 1
472 9356 2
496 9140 3
496 9371 1
496 8886 1
502 8842 1
502 9697 2
502 9757 1
510 8934 1
510 9885 1
510 9049 1
510 8731 2
557 9319 89
557 9159 1
557 8549 1
557 8701 2
557 9569 1
557 8893 4
559 8678 1
559 9389 2
559 9388 1
559 8722 1
559 8981 1
559 9845 24
571 8610 3
571 9472 1
571 9580 1
571 9084 1
571 8821 6
571 9729 3
571 9921 1
575 9963 1
575 8971 2
575 9308 1
575 9209 1
582 9813 2
582 8667 1
582 9106 1
582 9657 1
587 9910 2
589 8619 1
589 8625 2
589 9261 1
589 9591 3
589 8637 3
604 9606 1
604 9418 1
605 9329 2
605 8805 1
605 8972 4
605 9922 5
625 9101 1
625 8723 1
625 9480 2
625 9132 8
625 9243 1
625 9422 1
639 8892 1
639 9902 1
645 9789 5
645 8839 1
645 8719 2
645 9856 5
654 8597 10
654 9249 1
654 9054 1
654 8686 3
654 9800 12
663 9264 1
663 8927 1
663 9441 1
663 9083 1
663 9184 1
663 9367 1
672 9193 1
672 8849 3
672 8715 1
678 8851 7
678 8753 2
680 8691 1
692 8903 1
692 9706 1
692 9799 3
718 9486 5
718 9292 2
718 9389 1
718 9937 5
718 8748 11
718 9022 3
718 9747 2
725 9460 2
725 9319 1
726 9189 1
726 9565 1
726 9771 9
726 9052 8
726 9581 1
726 8846 1
726 9702 1
776 9108 7
776 9219 1
776 9761 1
781 8723 1
781 8700 2
781 9460 2
802 9019 1
802 9356 1
802 8991 1
803 9224 2
803 9693 1
803 9607 1
803 9477 2
803 9405 1
803 9084 1
826 9291 1
826 9208 1
826 9054 8
826 9014 8
826 9597 1
826 8871 2
826 9333 2
826 9915 1
847 9762 1
847 9298 12
847 9740 1
850 9888 1
850 8541 3
850 9284 1
850 9696 1
859 9188 1
861 9416 1
861 9737 1
861 8664 2
861 9610 1
867 8868 1
867 8834 46
867 8778 2
867 9614 1
869 9761 1
869 9176 7
869 8536 2
869 8551 1
869 9491 1
874 9027 9
874 9526 4
878 8849 1
878 8732 1
881 8866 11
881 8743 1
894 8667 16
894 9275 1
905 8791 1
905 9361 1
905 9509 1
905 8758 3
905 9759 1
929 9379 7
929 9561 1
929 9407 2
929 9693 6
931 9556 1
931 9842 3
947 9832 1
947 8701 3
947 9789 1
958 9700 1
958 9793 1
958 9842 1
961 9031 2
961 9380 1
961 9921 1
961 8738 7
961 9728 1
961 8919 2
961 9335 1
961 9995 1
961 8691 3
979 9160 1
979 9419 1
979 9553 1
979 9380 1
979 9623 1
979 9626 3
979 9864 2
979 9605 1
1010 9387 1
1010 9493 2
1010 9006 1
1010 9254 1
1010 9238 1
1010 9827 2
1011 9573 2
1048 9375 1
1048 9985 2
1058 9605 1
1058 8657 1
1058 9229 1
1067 9763 11
1076 9320 7
1076 9840 4
1076 8720 4
1076 9790 9
1076 9444 1
1086 9901 2
1106 9492 1
1106 8919 6
1106 9236 88
1106 9244 2
1106 9167 1
1123 8963 1
1123 9585 1
1126 8794 1
1126 9939 2
1144 9442 12
1144 9104 1
1144 9101 2
1144 9910 1
1144 8649 5
1144 8784 1
1144 9324 1
1144 8958 1
1154 9922 2
1154 8994 6
1154 9138 1
1155 8805 9
1155 9232 5
1155 9668 3
1157 8686 1
1158 9211 1
1158 8576 3
1158 8806 3
1158 9775 21
1171 9427 1
1171 9121 1
1189 9499 1
1189 9951 10
1212 9341 1
1212 8697 15
1212 9788 1
1216 8686 1
1232 9020 5
1232 9387 5
1232 9297 2
1232 9615 1
1261 9477 2
1261 9081 1
1261 9451 1
1261 8684 4
1261 9629 1
1265 9569 2
1265 9469 1
1265 9916 5
1265 8870 1
1265 8664 2
1265 9668 1
1265 9923 11
1268 9068 1
1268 8896 1
1268 9271 3
1268 9769 4
1268 8777 1
1270 9069 81
1270 9096 1
1270 9784 3
1270 9534 1
1270 8753 1
1270 9259 1
1270 9377 1
1270 9226 1
1276 9308 24
1276 8890 1
1297 8649 4
1297 9483 2
1297 9247 1
1297 8833 1
1320 9186 4
1320 8833 48
1320 9770 2
1327 9360 1
1327 9161 1
1327 9283 1
1330 9932 6
1344 8839 1
1344 9063 4
1344 9160 1
1344 9179 1
1344 9725 1
1344 8890 2
1344 8897 1
1344 9811 2
1346 9015 1
1346 9067 1
1346 9008 1
1346 9051 12
1347 8898 2
1347 9284 1
1347 8935 1
1347 9315 1
1349 9887 1
1349 8724 1
1349 9445 1
1363 8700 1
1363 9351 2
1363 8861 2
1363 9113 1
1363 8746 1
1363 9178 1
1365 9012 1
1365 9199 1
1368 8820 1
1368 9112 3
1369 9779 1
1369 9151 1
1369 9497 1
1369 9589 5
1369 9757 1
1369 9075 1
1369 9487 1
1369 9360 6
1369 9393 7
1388 9458 1
1388 9469 7
1405 9151 1
1405 9755 12
1405 8670 1
1410 8574 3
1410 9028 9
1427 9823 1
1427 9277 1
1427 9673 2
1456 8794 3
1465 9755 3
1465 8889 5
1465 9288 1
1475 9166 1
1475 8613 1
1475 8589 1
1504 9805 6
1504 9628 1
1505 9604 1
1505 9833 1
1505 8600 1
1505 9127 1
1519 9685 2
1519 8713 1
1519 8563 2
1519 8924 2
1519 9259 1
1519 9101 1
1519 9854 14
1519 9891 3
1527 9481 36
1527 9310 1
1527 9891 1
1527 9991 1
1533 9441 1
1533 9158 17
1533 9718 4
1533 9770 4
1533 9316 1
1538 9761 1
1538 8769 1
1538 9049 5
1543 8532 1
1543 9390 6
1545 9580 1
1545 9998 1
1545 8698 1
1545 9919 3
1545 9015 139
1588 8818 2
1588 9484 1
1592 9443 1
1592 8957 200
1592 9442 5
1592 9581 2
1592 9715 1
1598 9437 4
1599 9032 1
1599 9338 1
1599 9718 1
1599 8558 7
1599 8875 1
1599 8942 1
1599 9499 1
1604 8700 3
1604 9874 5
1623 9186 3
1623 9585 1
1623 8730 3
1623 9104 3
1623 9170 1
1641 9480 3
1641 8805 1
1641 8596 5
1641 8851 1
1641 9860 2
1643 8747 1
1643 9573 5
1643 8806 3
1643 9619 1
1654 9687 2
1654 9327 1
1679 9794 1
1679 9291 1
1694 8630 2
1694 9125 1
1694 9817 1
1708 9099 1
1708 9238 1
1708 8927 1
1708 8771 1
1708 8892 1
1729 9186 1
1739 9895 3
1739 8943 3
1739 9212 1
1739 9615 2
1739 9784 1
1760 8777 1
1760 9364 1
1768 8993 1
1775 8591 1
1775 9523 1
1775 9683 1
1788 9356 3
1788 9710 1
1793 9625 1
1804 9390 1
1807 9410 1
1807 8734 1
1807 9926 2
1807 9335 3
1807 9626 19
1817 8724 1
1817 9999 5
1817 8586 1
1817 8698 1
1817 9500 24
1817 9537 1
1817 9636 1
1830 9407 1
1830 8972 1
1830 9264 6
1830 9937 1
1851 8893 3
1851 9565 1
1851 9429 1
1851 9790 3
1908 8998 22
1908 8676 1
1908 9814 2
1911 9426 1
1911 9028 1
1930 9393 1
1930 9472 3
1930 9746 19
1930 8680 2
1930 8761 1
1930 9824 1
1930 9204 1
1930 8674 3
1930 9639 3
1930 9885 2
1930 9938 2
1939 9242 2
1939 9296 3
1939 9431 1
1939 9569 1
1939 9254 46
1939 9631 1
1950 8997 2
1950 9229 2
1950 9393 1
1950 8697 1
1968 8748 7
1968 8946 1
1970 8685 3
1970 9880 3
1970 9448 1
1970 8541 1
1970 9629 1
1970 9742 1
1970 9810 1
1983 8863 16
1983 9061 1
1983 8703 1
2004 9886 1
2011 9575 1
2011 8807 1
2011 9133 3
2011 9181 124
2011 9203 41
2011 9796 3
2011 9825 1
2014 8710 1
2014 9037 3
2014 9120 1
2014 8943 1
2014 9583 2
2018 9900 1
2018 8563 1
2018 8676 1
2018 8610 2
2018 9892 1
2026 9160 1
2028 9532 1
2028 9873 1
2028 9248 1
2028 9905 3
2030 9136 9
2030 8990 1
2030 9488 4
2030 9571 2
2037 8706 3
2037 9530 1
2037 8638 1
2037 9395 23
2037 9557 1
2037 9715 2
2053 9551 1
2053 9944 2
2053 9701 1
2058 9236 12
2058 8962 1
2061 9295 7
2067 9825 11
2067 8981 2
2067 8680 1
2067 8716 3
2067 9652 1
2068 9101 1
2068 8715 5
2068 9118 3
2077 9829 1
2077 8619 1
2077 9480 1
2077 8879 2
2087 8683 1
2087 8588 1
2087 9881 2
2087 9990 1
2087 9230 1
2097 9978 2
2097 8825 1
2097 9183 1
2099 9814 3
2099 8554 1
2099 8677 4
2099 9613 1
2099 9615 3
2099 9948 1
2099 9132 83
2099 9446 1
2099 9848 1
2111 8597 1
2111 9338 3
2111 9802 1
2111 8957 1
2113 9114 1
2113 9963 8
2126 9250 1
2126 8706 1
2126 9379 12
2126 9469 1
2127 9284 3
2131 9211 1
2131 8985 2
2136 9725 2
2136 8677 2
2142 9996 1
2142 9387 1
2148 9141 1
2148 9934 1
2148 8715 12
2148 8954 1
2148 9769 74
2148 9428 1
2148 8630 4
2149 9297 1
2149 9350 1
2163 9178 1
2163 9880 1
2165 9262 1
2172 8552 3
2172 9379 1
2172 9904 1
2180 9400 2
2180 9533 1
2180 9585 2
2180 9996 2
2180 8774 10
2180 9581 2
2182 9377 1
2182 9132 23
2182 8595 1
2182 8882 1
2182 9029 1
2186 9958 1
2199 9092 2
2199 8556 3
2199 9277 2
2199 9920 1
2204 9342 1
2212 8624 2
2212 8679 1
2212 8924 2
2212 9325 5
2212 9760 3
2218 9855 1
2218 9529 3
2218 9993 17
2218 8825 2
2218 8579 1
2218 8683 1
2250 9230 12
2250 8536 1
2250 8565 2
2251 9248 23
2251 9681 1
2265 9975 1
2265 8852 12
2265 9031 1
2268 8839 3
2268 9867 16
2301 9613 1
2301 9416 1
2302 9262 4
2325 9058 1
2325 9274 14
2325 8660 2
2325 9745 1
2328 9665 9
2328 9852 1
2332 9773 2
2332 9188 1
2339 9790 3
2339 8672 12
2339 9575 1
2358 8728 2
2359 9412 1
2390 9507 1
2390 9184 1
2390 9363 2
2406 9888 1
2438 9841 4
2438 9798 1
2438 9367 1
2438 9390 2
2438 9800 1
2438 9837 1
2441 9431 1
2441 8540 1
2441 9662 1
2443 8883 1
2443 9060 1
2443 9355 3
2443 9860 1
2469 9761 1
2469 9754 1
2469 8895 1
2469 9597 1
2481 8952 3
2481 9714 5
2481 9979 4
2481 8930 1
2481 8595 1
2481 8902 1
2495 8840 2
2495 9297 1
2495 9868 1
2495 9823 3
2495 8852 1
2495 9264 4
2495 9795 1
2523 8793 1
2523 8625 1
2526 9255 1
2526 8747 1
2526 9515 1
2526 8850 1
2526 9040 1
2526 9464 1
2527 8657 1
2527 9761 6
2529 8725 3
2529 9504 9
2536 9686 8
2536 9740 2
2536 9419 1
2536 9236 6
2536 9635 1
2536 9126 1
2545 9553 1
2545 8813 1
2545 9053 1
2554 8569 4
2554 9790 5
2588 9270 1
2588 8868 2
2588 9350 1
2601 8693 1
2601 9793 1
2601 8977 1
2601 9667 2
2602 8706 3
2602 9094 2
2602 9660 57
2602 9358 1
2607 8726 1
2607 9524 1
2607 9585 1
2631 9815 1
2631 9443 1
2631 9467 2
2631 8559 1
2631 9783 1
2633 8613 23
2633 9159 2
2663 9966 1
2663 8541 1
2663 8686 1
2663 8963 1
2674 9679 2
2674 9437 1
2688 8630 1
2688 9926 2
2688 8594 3
2688 9583 1
2688 9754 5
2699 8551 2
2699 9357 3
2699 9989 1
2732 9700 1
2732 9412 1
2732 8692 1
2732 8831 5
2732 8634 4
2732 9133 4
2732 9384 1
2747 8714 2
2766 9410 1
2766 8850 1
2766 9194 1
2766 8828 7
2766 9488 4
2768 8531 3
2768 8545 2
2768 9440 1
2768 9485 2
2771 9435 7
2771 9880 2
2771 8558 2
2771 8685 1
2771 9152 2
2771 9474 1
2771 9523 1
2771 9797 4
2771 9059 1
2771 9690 1
2771 9587 1
2771 9886 1
2774 8649 1
2774 9518 2
2775 9790 2
2775 8906 1
2775 8967 1
2775 9917 1
2785 9190 1
2785 8532 1
2810 8683 1
2810 9902 1
2810 9636 2
2810 9044 1
2810 9214 7
2822 9757 1
2837 9127 3
2837 8532 1
2837 8750 1
2837 9414 2
2838 8867 1
2838 8633 1
2838 8930 7
2838 9325 1
2857 8720 23
2857 9837 2
2866 9802 1
2866 9953 1
2866 9811 1
2866 9533 2
2896 9345 8
2901 9406 2
2901 8801 2
2902 8739 3
2910 8639 2
2910 9886 1
2927 8780 12
2927 8652 2
2927 9142 151
2932 9296 4
2932 9173 15
2947 9947 7
2947 8538 3
2947 9581 1
2947 8584 1
2947 9651 1
2952 9737 1
2952 8853 1
2952 9314 1
2952 8649 2
2952 8673 1
2952 9712 1
2962 8700 1
2962 9789 4
2962 9553 8
2962 9758 1
2962 9945 1
2981 9315 1
2981 9555 4
2981 8924 1
2981 8977 1
2981 9220 1
2981 9493 1
2981 9697 2
3003 9582 1
3003 8633 8
3003 9235 19
3003 9664 2
3010 8810 2
3022 9460 2
3022 9128 7
3031 8589 2
3031 8805 200
3031 9729 1
3040 9199 3
3050 9217 1
3050 9438 2
3050 8781 1
3050 9724 2
3062 9288 1
3062 9316 2
3062 9488 1
3064 9199 1
3064 9389 1
3064 9081 2
3064 9901 1
3064 8662 2
3064 9319 1
3064 8984 1
3066 8587 1
3070 8932 1
3070 9191 2
3070 8537 2
3070 9930 1
3071 8803 1
3071 8638 1
3071 8955 1
3071 9495 1
3087 9419 1
3087 8994 1
3087 9898 1
3110 9180 1
3132 9505 1
3132 9931 20
3132 8755 1
3142 9434 3
3142 9877 1
3142 9997 1
3142 9299 1
3174 9091 8
3174 8662 1
3174 9187 1
3174 9037 26
3206 9477 1
3206 9918 17
3206 9809 2
3206 9060 1
3206 9845 3
3206 9752 1
3235 9613 1
3266 8586 1
3266 8758 1
3266 8600 16
3266 9788 2
3266 9842 1
3266 9675 2
3266 9703 1
3272 9203 1
3272 9633 1
3278 8756 4
3278 9389 1
3278 8565 1
3278 9915 1
3294 9445 2
3294 9225 3
3295 9475 1
3299 9379 5
3299 9876 1
3317 9997 2
3317 9569 1
3317 9948 3
3325 8531 1
3325 9214 1
3325 8712 1
3325 9126 1
3325 8952 5
3325 8999 7
3325 9600 1
3335 9120 2
3335 9433 12
3335 9485 1
3335 9294 1
3341 8828 1
3341 8638 2
3341 9983 1
3341 9062 1
3341 9204 1
3345 9031 5
3345 9590 2
3349 9876 2
3349 9117 1
3351 8780 1
3351 9022 2
3351 9515 1
3351 9993 1
3351 9172 1
3353 9560 1
3365 9234 2
3365 8991 3
3365 8575 3
3369 9148 14
3369 9249 1
3389 8578 1
3389 9973 1
3391 9973 3
3391 8955 2
3391 9694 1
3391 9024 1
3391 9287 1
3391 9797 3
3391 9843 5
3394 9534 1
3398 9951 1
3398 9032 1
3398 9809 1
3407 9668 2
3407 9661 1
3407 9248 1
3407 9837 1
3407 9852 1
3407 9651 1
3407 8576 1
3418 9719 1
3418 8595 3
3418 9404 1
3418 9750 8
3421 9493 1
3421 8579 1
3421 9742 21
3423 9405 2
3441 9939 1
3467 8810 1
3468 8784 1
3468 9819 1
3468 9998 6
3468 8840 2
3479 9765 1
3495 9809 2
3510 8747 1
3510 9270 1
3512 9974 1
3512 9151 1
3512 9986 1
3512 9165 1
3512 8883 3
3512 9320 1
3512 9075 1
3517 9622 46
3517 8746 1
3517 9557 1
3517 8595 1
3518 9561 2
3518 9252 2
3518 9664 4
3518 9694 1
3518 9750 1
3522 8855 13
3522 9279 1
3522 8723 4
3522 9883 2
3523 9405 1
3523 8991 1
3523 9059 1
3523 8594 1
3523 9281 1
3544 8748 1
3544 8890 1
3544 8985 7
3544 9243 2
3544 9873 2
3551 8771 2
3551 9073 1
3551 9286 9
3551 9391 1
3554 8754 4
3554 9646 1
3561 9873 5
3561 9094 1
3561 9456 1
3561 9971 4
3568 8823 1
3568 8832 1
3568 8965 1
3568 9862 2
3569 9295 1
3569 9122 1
3569 9630 17
3569 9696 1
3575 9546 1
3575 9298 1
3575 8627 1
3579 8857 2
3579 8746 1
3579 9555 2
3579 9252 1
3579 9879 5
3579 9057 1
3579 9773 1
3641 8942 1
3641 8722 4
3641 8710 2
3641 9486 8
3641 9587 1
3643 9537 7
3643 8794 1
3643 9519 5
3643 9515 1
3651 9827 2
3654 9275 1
3654 8709 4
3655 9175 1
3655 9287 1
3655 9280 1
3655 9961 1
3655 9427 2
3678 9497 1
3678 9392 1
3717 8862 1
3717 9793 4
3717 9113 1
3717 9459 1
3719 8680 1
3719 8732 1
3719 9459 1
3719 9899 3
3725 9457 7
3726 8672 2
3726 8719 4
3726 9679 1
3726 9683 1
3726 8562 1
3733 9993 1
3733 8636 3
3733 8790 1
3733 8720 1
3733 9531 1
3763 8549 1
3763 8674 2
3765 9690 2
3765 9488 43
3765 8896 1
3765 9509 1
3784 9256 1
3784 8753 1
3784 8803 2
3784 9175 1
3791 9423 4
3791 9552 1
3791 9879 2
3814 9371 1
3814 9946 1
3814 9593 1
3814 9551 1
3814 9846 1
3816 9983 2
3816 9012 3
3819 9316 1
3819 9566 1
3819 8898 13
3823 9443 1
3826 9407 3
3826 9430 1
3834 9530 1
3834 8903 1
3834 8777 2
3834 9205 1
3839 9792 2
3839 9421 5
3839 9939 1
3870 8737 2
3870 9808 13
3870 9529 1
3870 8624 1
3880 9050 1
3880 8937 1
3880 9006 22
3905 8550 1
3905 9907 4
3914 9872 8
3914 9422 2
3914 8670 1
3914 8837 2
3921 8902 5
3921 9641 3
3921 9068 2
3921 9714 3
3921 8682 1
3921 9336 1
3921 9536 5
3923 9825 3
3923 9686 1
3923 9521 8
3923 8741 12
3923 8819 3
3923 9543 5
3923 9753 2
3923 9484 3
3958 9470 14
3958 8784 3
3958 9483 1
3958 9564 1
3961 9298 1
3961 8889 1
3961 9270 1
3978 9381 1
3978 8768 3
3978 8792 3
3978 8974 1
3978 8954 1
3980 9145 7
3980 8559 3
3980 9420 1
3980 9777 1
3980 8668 4
3982 9527 1
4000 8588 1
4000 8576 15
4000 8579 1
4000 9746 1
4000 9958 5
4007 8836 1
4007 8780 105
4007 9767 1
4009 9098 2
4009 9492 1
4009 9806 2
4009 8634 1
4009 9551 1
4016 8578 1
4016 8545 2
4016 9907 7
4016 8875 1
4016 8747 1
4016 8830 1
4026 8730 1
4026 9446 37
4026 8550 2
4026 9493 5
4026 9497 1
4034 8857 1
4034 8872 1
4034 9438 8
4034 9628 1
4038 9990 1
4039 8853 2
4039 9248 6
4039 9296 1
4039 8551 5
4039 9144 1
4042 9979 2
4042 8705 4
4042 9524 1
4042 9548 2
4042 9560 7
4063 9487 1
4063 8742 5
4063 9197 1
4063 9804 1
4085 9930 1
4085 9509 1
4090 9581 1
4090 9813 1
4117 9581 1
4117 8540 1
4117 9646 1
4130 9922 1
4141 8879 3
4141 9201 1
4146 9832 38
4146 8989 1
4146 9746 1
4146 9197 1
4146 8911 11
4146 9719 4
4150 9400 1
4150 9194 7
4150 9244 1
4151 9794 1
4151 9749 1
4151 9541 1
4153 9793 2
4153 9971 1
4153 8824 36
4153 8742 12
4153 9041 1
4153 9222 2
4158 9495 1
4158 8734 1
4166 9509 1
4166 9193 3
4166 9752 1
4166 8635 16
4166 9868 3
4176 9427 1
4176 9771 2
4176 9781 1
4182 9965 1
4191 8991 1
4191 9128 1
4191 9769 1
4193 9270 1
4193 8974 1
4193 9557 5
4193 9854 4
4193 9187 1
4198 8964 1
4198 8548 4
4203 9693 5
4203 9643 1
4211 9523 1
4211 8535 8
4211 9014 3
4211 9917 3
4223 9660 1
4223 8865 1
4223 8915 1
4223 9614 1
4223 9881 10
4223 8806 2
4231 8679 1
4231 9306 1
4231 9481 1
4246 9493 2
4246 9763 10
4248 9216 1
4261 9763 1
4261 8577 2
4261 9186 1
4261 9384 1
4261 8919 1
4269 9337 2
4281 9945 2
4281 9321 1
4281 8580 1
4281 8993 1
4281 9357 15
4281 9647 1
4281 9462 1
4288 9855 2
4288 9274 1
4288 9934 2
4294 9799 87
4294 9075 1
4294 9706 1
4300 9525 5
4300 9802 1
4300 8850 1
4323 9965 1
4323 8969 2
4323 9874 1
4323 9887 1
4323 9572 1
4335 9122 1
4335 9749 4
4336 9507 14
4336 8971 2
4336 8889 5
4336 9258 2
4336 9734 1
4343 8653 4
4343 9500 1
4390 9445 1
4390 8633 3
4390 8682 1
4390 8549 1
4410 8754 1
4410 9261 2
4410 9430 1
4410 8962 2
4410 8976 1
4420 9850 1
4420 9487 1
4430 9800 2
4430 9700 3
4430 9516 1
4430 9169 1
4430 8807 1
4430 9012 1
4430 9965 1
4434 8979 1
4446 9118 2
4446 9545 1
4446 9395 1
4446 8610 29
4453 9262 1
4453 9419 1
4455 9324 15
4455 9756 4
4459 9735 1
4459 9552 1
4467 8549 2
4467 9167 6
4467 9670 1
4470 8786 8
4470 8749 1
4470 9246 1
4470 9492 2
4470 9885 1
4477 9712 1
4477 9916 7
4503 9790 1
4503 9225 4
4503 8770 17
4503 9488 1
4518 9639 1
4518 9732 1
4535 8830 2
4535 9053 1
4554 9384 1
4554 8677 2
4554 9145 2
4554 9771 2
4554 9404 3
4575 9947 5
4575 9614 2
4606 9621 1
4606 9909 1
4609 9398 1
4609 9067 1
4622 8559 5
4625 9238 3
4625 9212 1
4625 8897 1
4625 8936 1
4625 8969 6
4626 8750 3
4626 9411 1
4626 9166 1
4626 9329 5
4635 8580 2
4640 8830 1
4665 9477 3
4665 9467 3
4665 9230 2
4665 9403 6
4665 8768 1
4665 8574 3
4665 8683 2
4665 9660 1
4665 9839 1
4665 9894 1
4665 9544 1
4669 9724 1
4669 9932 1
4669 9032 1
4669 9606 1
4669 9161 1
4669 9661 1
4672 8849 3
4672 9063 3
4672 8961 1
4672 9029 62
4672 9904 6
4673 8735 1
4673 9052 10
4676 9243 3
4709 9763 1
4709 9414 1
4709 9118 1
4709 9556 1
4726 9161 1
4726 9506 1
4726 9159 1
4726 9397 1
4726 9852 1
4731 8700 1
4731 9391 3
4731 9271 1
4731 9894 2
4753 9801 1
4753 8915 1
4753 9342 3
4753 9999 3
4771 9688 2
4782 9056 1
4782 9894 1
4782 9944 17
4782 8873 1
4782 8544 1
4782 9667 1
4790 8668 41
4790 8549 1
4790 8701 20
4790 9286 1
4790 9474 8
4790 8929 1
4790 9255 1
4790 9798 6
4790 9972 1
4800 9065 2
4800 8895 35
4800 9052 2
4800 9613 2
4800 9272 1
4800 9394 1
4800 9517 3
4800 9819 2
4800 9005 2
4800 9094 1
4813 9998 1
4813 9436 1
4827 8544 1
4827 8579 1
4827 9801 1
4827 9888 1
4828 9628 1
4839 9702 7
4839 8836 7
4839 9560 1
4839 9287 1
4844 8852 1
4888 9899 11
4901 9127 11
4901 9310 1
4901 9091 1
4901 9355 3
4915 8545 2
4915 9755 2
4916 9909 1
4916 8896 1
4916 9210 3
4916 8723 3
4929 8716 4
4929 8786 25
4945 8667 2
4945 9521 1
4945 9686 1
4949 8743 1
4949 8954 1
4949 9533 1
4949 9553 1
4949 9779 2
4949 9946 5
4949 9166 1
4949 9440 1
4977 8904 2
4977 9258 1
4977 9907 1
4977 9160 2
4977 9406 1
4980 9233 1
4980 8823 2
4997 9479 1
4997 9180 52
5006 9286 1
5006 8822 8
5006 8829 2
5006 9275 2
5007 9764 1
5007 8842 1
5022 8706 1
5022 9267 1
5022 8867 2
5022 9433 1
5027 9297 1
5027 9194 5
5040 9751 1
5040 8719 1
5040 8857 3
5047 9761 1
5047 9337 1
5047 9296 1
5060 9974 1
5060 9198 1
5060 9641 1
5060 9877 1
5071 9236 2
5078 9031 1
5078 9376 1
5078 9843 1
5078 9593 1
5081 9406 2
5082 8786 2
5082 9600 1
5082 8935 1
5082 8553 1
5082 8693 6
5082 8678 1
5082 9141 1
5104 9249 1
5104 9693 1
5104 9281 2
5104 9122 1
5104 9292 2
5104 9607 1
5118 9589 2
5118 9342 2
5118 9732 1
5118 9490 2
5118 8545 3
5124 9033 1
5124 9472 11
5124 9681 1
5124 9690 3
5124 9346 3
5126 8728 2
5126 8834 8
5126 9378 1
5126 8942 12
5126 8971 4
5129 8559 1
5129 9837 1
5129 9827 1
5129 9327 1
5129 9795 4
5129 9381 1
5129 9993 1
5154 9726 1
5154 8659 1
5154 8563 1
5154 9544 1
5154 9532 4
5172 8972 1
5192 8731 1
5192 8637 1
5192 8782 2
5192 9924 1
5195 8670 1
5195 8807 5
5195 9654 2
5195 8932 5
5195 9558 1
5209 9750 1
5209 8696 2
5209 9978 7
5209 8741 1
5216 8779 4
5244 9047 2
5260 9847 1
5260 8681 1
5267 8994 1
5274 9812 2
5274 8922 1
5274 9082 7
5291 9475 1
5291 9553 2
5291 8974 12
5291 8908 2
5291 8754 1
5293 9112 1
5293 8958 2
5293 9384 4
5293 8839 1
5293 8823 1
5293 8965 1
5293 9439 1
5299 8579 2
5299 9852 2
5299 9445 5
5299 9988 2
5303 9951 2
5303 9428 1
5303 9726 1
5325 9161 2
5325 9983 2
5330 9490 1
5330 9855 5
5335 8719 1
5335 9462 1
5335 8631 3
5335 8782 1
5335 9388 2
5335 9972 1
5335 8873 1
5335 9687 2
5336 8892 95
5336 9943 8
5336 8846 8
5336 9487 1
5357 9164 1
5357 8543 1
5357 8577 1
5357 9040 1
5357 9792 1
5357 8989 1
5362 9232 1
5362 9099 1
5365 8550 6
5365 9346 1
5365 9530 1
5375 9747 1
5375 8707 1
5375 9420 1
5382 9208 3
5382 9442 1
5382 9898 1
5382 8712 1
5382 8925 1
5382 9718 15
5390 8708 2
5390 8680 1
5390 8705 50
5390 9731 2
5390 9442 1
5390 9521 2
5393 9125 2
5393 8756 1
5393 8863 2
5393 9238 2
5394 8730 2
5394 9574 4
5397 9886 1
5397 8887 1
5397 9603 2
5397 9955 1
5406 8853 1
5406 9190 50
5406 8824 6
5406 9147 3
5406 9576 1
5414 9532 1
5414 8569 1
5414 9588 10
5420 9026 1
5425 9753 2
5425 9367 1
5425 9579 2
5425 8865 6
5425 8578 1
5425 9589 3
5435 9753 4
5435 9529 1
5435 9181 1
5435 9726 1
5435 9611 8
5435 8897 1
5441 9679 1
5441 9643 1
5441 9138 1
5441 9675 1
5441 9947 1
5450 8851 3
5450 9092 3
5452 8810 2
5452 9394 3
5456 9577 1
5456 9536 1
5459 9806 5
5459 8594 1
5470 8755 6
5470 9159 1
5470 9288 1
5470 8813 1
5470 9995 1
5471 9797 1
5471 9084 1
5485 9214 2
5488 9084 200
5488 9405 1
5488 9631 1
5488 8550 6
5488 8776 2
5488 9033 1
5488 9961 2
5498 9522 4
5498 8972 1
5498 9619 1
5508 9862 1
5508 9190 7
5508 8574 3
5508 9388 1
5508 9449 3
5509 9866 16
5509 9293 2
5509 9605 1
5513 9900 14
5513 8576 1
5515 9228 1
5515 9149 1
5515 9294 1
5524 9543 1
5524 9545 1
5524 8807 1
5569 8537 1
5569 9201 1
5570 9488 1
5570 9394 1
5570 9572 4
5570 8962 1
5570 9811 1
5570 9404 1
5570 9736 2
5578 9162 1
5578 8706 1
5605 9418 1
5616 9989 1
5651 9214 2
5651 9635 1
5651 9603 9
5654 9129 2
5654 9757 1
5654 8902 11
5675 9996 1
5675 9267 7
5695 8924 1
5695 8961 1
5695 9591 5
5697 9351 6
5697 9531 4
5697 9685 2
5697 8733 5
5697 8578 18
5697 9448 1
5700 8979 1
5700 9229 1
5700 9754 1
5700 9765 1
5707 8941 1
5707 8557 1
5707 8943 1
5707 8818 200
5717 9904 1
5717 9212 1
5717 9425 2
5717 8543 9
5717 8657 1
5741 9029 1
5741 9335 17
5741 9664 1
5741 9819 1
5754 9557 4
5777 9753 1
5777 9825 1
5777 8779 1
5777 9669 2
5777 9877 1
5777 9824 4
5783 8903 1
5783 9665 9
5792 9916 1
5792 8789 6
5814 9401 1
5814 9244 1
5814 9278 2
5814 8829 1
5814 8927 1
5820 8790 1
5831 9295 1
5831 9641 1
5831 9381 4
5831 9726 1
5831 9544 3
5831 8710 1
5831 8866 1
5831 9840 3
5834 9750 4
5834 8989 1
5834 9799 1
5834 9367 1
5846 9670 35
5846 9909 2
5846 9027 1
5859 8929 8
5859 8971 1
5859 9003 8
5859 9724 7
5859 9491 1
5859 9801 2
5878 9372 1
5878 9262 1
5878 9771 1
5882 9091 1
5882 9791 1
5882 9001 1
5882 9426 11
5882 9620 4
5885 9324 4
5885 9127 1
5885 9312 26
5885 9085 1
5897 9335 1
5897 8743 1
5897 9178 1
5897 9357 1
5897 9166 1
5900 9988 1
5903 9165 1
5903 9443 1
5903 9689 1
5903 9866 5
5903 8534 12
5903 9491 1
5903 9052 3
5903 9785 1
5903 9841 4
5904 8997 3
5905 8931 1
5905 8597 5
5905 8813 2
5905 9790 1
5905 8929 1
5905 9492 1
5907 8833 1
5907 9974 1
5916 9190 1
5916 9147 1
5916 9242 1
5916 9517 1
5916 9636 2
5916 9785 3
5916 9917 1
5916 9024 5
5918 9522 2
5918 9963 1
5918 9606 9
5918 9931 1
5923 8840 1
5923 9037 1
5923 9822 1
5923 9909 1
5925 9336 1
5925 9236 1
5930 9961 2
5930 9968 12
5949 9097 1
5949 9280 1
5949 9966 1
5974 8737 1
5974 9271 3
5974 9894 1
5974 9687 1
5974 8976 1
5986 9625 8
5986 8666 8
5986 9145 1
5986 9552 124
5986 9160 1
5986 8573 1
5986 8974 1
5986 8990 1
5986 9714 1
5987 9971 1
5987 9435 1
5987 9735 3
6017 8631 1
6030 9635 1
6030 8647 4
6030 9934 1
6030 9564 3
6032 9298 1
6032 9479 7
6032 9522 1
6033 8628 1
6033 9400 14
6033 9226 1
6033 9526 1
6033 9054 7
6033 9862 5
6041 8962 2
6041 9040 2
6041 9973 16
6041 9457 77
6041 8652 2
6041 8628 3
6041 8548 2
6061 9901 1
6061 8778 1
6061 9152 5
6061 9451 1
6071 9315 1
6083 8961 1
6083 9631 2
6083 8667 1
6083 8889 2
6083 9538 2
6114 8668 1
6114 9467 2
6159 9209 1
6194 9669 9
6194 8653 18
6194 9710 7
6194 8862 2
6198 8544 5
6198 8952 1
6201 8861 1
6201 9971 1
6201 8570 1
6201 9611 1
6209 9225 6
6209 9604 5
6239 9464 1
6239 9707 188
6239 8839 3
6239 9524 2
6239 9579 2
6239 9652 1
6239 9679 1
6240 9283 1
6240 9036 1
6240 8715 6
6254 8911 1
6254 9499 3
6254 8714 1
6254 9068 3
6254 9968 31
6254 8964 1
6254 8596 1
6254 9388 2
6254 8696 1
6254 9893 1
6256 9790 1
6256 9822 1
6256 8672 1
6256 9622 2
6256 9660 1
6256 8895 1
6256 8837 1
6263 9223 8
6263 8915 2
6267 8753 1
6267 8794 1
6267 8897 1
6267 9029 18
6267 9069 2
6267 9806 2
6267 9576 1
6267 8997 1
6267 9096 1
6267 9173 2
6267 9351 1
6267 9380 2
6267 9549 1
6269 9128 2
6269 9637 12
6305 9027 1
6305 9136 1
6305 9210 2
6307 8852 11
6307 8769 28
6307 9669 1
6307 9394 1
6309 8842 1
6309 8889 2
6309 9435 20
6328 9860 1
6328 9428 1
6328 9796 4
6328 8737 2
6346 9548 1
6346 8625 1
6346 8890 24
6346 9008 1
6357 9401 23
6357 8903 1
6357 8937 1
6358 9185 1
6358 9101 16
6358 9125 1
6358 9597 1
6358 9017 1
6364 8630 4
6364 8754 1
6364 9113 1
6370 8849 1
6370 9283 1
6370 9159 1
6370 9756 2
6370 8832 3
6377 9141 1
6377 9363 1
6377 9195 2
6381 9299 1
6398 9345 2
6398 9248 2
6412 9340 1
6412 9376 71
6412 9955 2
6412 9606 1
6412 8531 1
6412 8584 1
6412 9371 1
6412 9663 3
6432 8857 1
6432 9836 4
6432 8547 1
6432 8720 12
6432 9775 1
6432 9829 1
6445 9298 1
6445 9226 2
6445 8577 1
6446 9886 1
6446 9259 8
6454 9019 3
6454 9434 1
6455 9839 1
6460 9594 2
6460 8865 2
6460 9577 1
6460 8588 11
6460 8749 1
6481 9378 4
6481 9251 1
6481 8782 3
6481 9176 4
6489 9822 1
6489 9110 1
6489 9881 5
6502 8999 1
6502 9227 1
6502 9863 4
6502 8885 9
6502 9620 1
6502 9902 1
6502 8760 1
6502 9112 4
6502 9158 1
6513 8677 1
6513 9273 1
6530 9180 1
6530 9843 4
6530 9310 1
6530 8666 2
6530 8733 1
6530 9485 1
6531 9850 1
6538 9376 2
6538 9200 1
6539 9762 1
6539 8569 1
6541 8696 1
6541 8613 3
6560 8575 1
6560 9376 1
6563 9979 1
6563 9280 3
6563 9142 1
6563 9051 4
6563 9856 2
6601 9073 1
6601 8673 2
6601 9412 1
6601 9622 1
6601 9760 1
6601 8886 2
6601 9247 40
6604 8707 2
6604 9534 1
6629 9337 1
6629 9305 16
6629 8814 1
6629 8999 2
6629 9702 1
6633 9238 1
6639 9605 1
6639 9698 2
6657 8927 1
6657 8968 4
6657 9606 11
6726 9555 6
6726 9651 1
6726 9698 1
6726 9603 1
6726 8600 4
6726 9690 1
6737 9214 1
6737 9996 1
6742 9387 1
6742 8857 1
6742 9046 1
6742 9590 1
6742 9193 1
6750 9883 1
6758 9161 1
6758 8963 1
6758 9086 1
6758 8731 2
6758 9463 2
6758 9639 2
6758 8681 1
6765 9689 3
6765 9160 1
6765 8961 2
6777 8891 1
6777 9393 2
6777 8759 1
6777 9066 3
6782 9999 1
6782 8692 1
6782 8739 2
6782 8743 1
6782 9246 1
6782 9651 2
6798 9309 1
6798 9440 1
6798 8967 1
6799 9893 2
6799 8573 1
6799 8917 2
6799 9582 2
6822 9234 3
6822 9658 27
6826 8780 1
6833 9427 1
6833 8537 2
6833 9516 24
6833 9774 1
6836 9249 1
6836 9815 1
6836 8714 8
6849 8954 1
6850 9053 1
6850 9939 1
6850 9596 6
6850 9235 3
6850 8830 1
6850 9217 1
6857 8737 1
6857 9127 3
6857 9943 1
6871 8723 1
6871 8755 2
6871 9112 3
6871 9204 1
6871 9832 1
6872 9720 4
6872 8869 1
6872 8722 1
6872 8917 1
6872 8987 6
6872 9692 2
6879 9144 3
6879 9614 11
6879 9930 1
6879 8735 4
6917 8683 1
6917 8873 1
6917 9389 1
6917 8748 2
6917 8554 1
6917 8968 1
6917 9147 2
6921 8871 3
6921 9176 1
6921 8861 4
6952 9092 1
6952 9317 3
6952 8550 1
6952 8726 1
6963 9946 1
6963 8882 1
6963 9015 1
6963 9810 1
6963 8852 1
6963 9670 2
6963 9848 1
6963 9950 1
6989 9167 1
6989 8828 3
6989 9169 1
6995 9697 1
6995 9182 1
7007 9098 1
7007 9458 1
7024 9852 1
7024 9444 1
7024 8934 1
7024 9619 2
7024 8685 1
7024 9063 1
7030 9104 2
7030 9741 2
7033 9651 3
7033 9140 1
7033 9814 2
7033 8750 1
7033 9634 1
7033 9833 2
7033 9227 2
7055 8780 1
7055 9911 1
7055 8756 2
7057 9195 1
7057 8660 1
7057 9429 1
7063 9990 23
7063 9403 2
7063 9479 2
7063 8660 1
7077 9114 3
7077 8819 1
7077 9036 2
7077 9558 1
7077 8781 2
7077 9020 21
7077 9997 6
7116 8726 1
7119 8776 3
7119 8981 1
7119 8765 1
7122 8985 7
7122 9274 4
7122 8538 1
7122 9046 1
7122 9441 29
7123 9536 1
7123 8652 4
7123 9791 1
7123 9423 1
7123 8884 1
7134 8552 2
7141 9571 1
7146 9583 7
7157 9003 1
7157 9901 1
7165 8637 1
7165 9929 1
7172 8798 200
7172 8712 1
7172 9985 1
7172 9836 1
7179 8998 15
7179 8544 1
7179 8725 1
7183 9762 1
7194 9526 1
7194 9688 1
7196 8929 1
7196 8905 1
7196 9548 10
7207 8624 1
7207 9054 1
7207 9308 1
7207 8840 3
7207 8979 3
7216 9026 1
7216 9525 1
7246 9360 7
7246 9208 3
7247 9317 1
7247 9148 1
7247 9187 1
7268 9795 1
7271 9262 1
7271 9991 2
7281 8789 1
7284 8557 3
7284 9573 8
7284 8925 1
7288 8750 15
7297 9099 1
7297 9635 3
7297 8911 2
7297 9396 2
7297 9872 1
7301 9538 2
7301 8771 2
7313 8639 6
7313 9558 1
7313 9378 1
7316 8664 1
7316 8997 16
7316 8627 1
7316 9329 1
7316 9809 1
7316 9504 2
7316 9549 1
7316 9033 1
7316 9040 1
7316 9426 2
7316 9081 5
7343 9656 3
7343 8635 2
7343 8814 1
7343 9623 1
7370 9775 1
7370 9320 1
7394 9235 1
7394 9527 1
7398 9211 3
7406 9620 4
7406 9046 1
7406 9425 4
7406 9546 1
7406 8873 1
7406 9041 1
7406 9172 1
7411 9538 1
7411 9728 1
7411 9743 1
7411 8553 2
7411 9205 1
7436 9824 5
7436 9256 1
7461 8967 1
7461 9165 1
7461 9546 1
7478 9775 1
7478 9321 1
7478 9628 1
7478 8934 2
7478 9196 1
7478 9224 1
7478 9418 4
7481 8741 193
7481 9317 2
7485 9108 2
7485 9431 16
7485 9661 1
7533 9101 1
7533 9425 1
7537 9792 2
7537 9630 1
7537 8577 2
7537 8819 1
7537 9757 33
7545 8635 2
7545 9036 1
7545 9901 9
7565 9683 1
7565 9463 9
7565 9982 11
7591 8712 1
7591 9173 23
7591 9809 1
7591 9979 1
7591 9088 6
7591 9525 1
7591 9125 1
7591 9363 1
7594 9436 1
7594 9507 9
7594 9351 1
7594 8770 2
7601 9208 1
7606 8660 1
7606 8883 1
7606 9061 1
7606 8536 2
7606 8871 1
7606 8610 1
7606 9336 29
7606 9402 1
7606 9871 2
7623 9200 1
7623 9230 1
7623 9402 21
7623 9950 38
7626 9856 2
7626 9437 2
7626 9061 1
7626 9749 1
7626 9575 1
7626 9196 1
7626 9737 1
7626 9963 10
7684 9955 1
7684 9142 1
7684 9002 1
7684 9327 2
7684 9596 1
7697 9169 1
7697 8738 1
7697 8532 2
7697 9247 1
7697 9825 1
7717 9287 1
7717 9864 3
7717 9210 1
7717 9625 1
7717 9658 1
7717 8703 1
7717 8742 2
7717 9001 3
7717 8849 3
7717 9734 2
7736 8660 1
7736 9271 2
7736 9656 1
7762 9894 1
7762 8857 22
7762 9178 1
7762 9855 1
7763 9172 2
7763 8733 2
7763 9220 7
7768 8743 1
7768 9500 1
7768 9411 5
7768 9222 1
7768 9242 1
7768 9430 1
7774 9521 4
7774 9261 1
7774 9555 1
7774 9753 1
7778 9784 1
7778 9254 1
7784 8972 6
7784 9930 2
7784 9978 1
7786 9623 1
7786 9698 1
7786 8985 112
7786 9867 14
7799 9499 1
7799 9310 11
7799 9978 6
7799 9193 1
7799 8559 1
7799 9045 1
7801 8889 2
7820 9217 1
7826 9367 1
7826 9507 1
7834 8634 1
7834 8603 9
7834 8822 2
7834 9648 3
7850 8945 3
7850 9792 1
7850 8630 1
7850 9061 1
7850 9955 15
7858 9916 1
7875 8541 4
7875 9471 1
7886 9062 1
7886 8821 1
7886 9978 1
7926 9148 4
7926 9700 2
7927 9731 3
7927 9019 1
7927 9777 1
7930 8942 1
7930 9989 1
7953 8925 1
7953 9082 2
7953 9224 1
7969 9845 1
7969 9802 22
7975 9418 1
7975 9469 2
7975 8891 2
7975 9475 2
8000 9440 2
8000 9767 1
8000 8946 1
8000 8831 1
8000 9049 1
8020 9192 1
8020 9022 1
8020 9258 1
8020 9635 1
8020 9669 2
8024 8638 1
8024 9538 1
8024 8774 2
8024 9622 3
8059 9971 1
8062 9504 1
8062 9118 1
8062 9556 1
8062 8937 1
8062 9305 5
8062 9167 1
8062 8932 3
8062 9108 1
8062 9234 1
8073 8709 1
8073 9668 1
8073 9974 1
8074 9197 2
8074 8798 6
8089 9614 1
8089 9335 1
8089 9252 1
8089 9918 3
8089 8898 1
8089 8696 1
8089 9333 1
8091 9086 2
8091 8579 2
8091 9138 1
8097 9842 1
8097 9175 1
8097 9905 2
8097 9775 1
8097 9758 1
8097 8639 3
8097 9068 1
8102 9799 1
8103 9380 8
8103 8869 1
8103 8543 1
8103 9668 1
8104 9979 2
8104 9777 1
8106 9068 2
8106 9251 1
8106 9297 200
8106 9384 2
8118 8596 3
8118 9986 7
8121 8987 1
8128 8782 119
8128 8790 3
8128 8866 3
8130 9142 3
8130 9598 1
8130 9533 1
8139 8708 2
8139 9472 1
8152 9718 3
8152 8662 1
8152 8905 29
8152 9519 1
8152 9946 2
8162 8941 2
8162 8678 6
8230 9118 2
8230 9760 2
8230 9610 6
8233 8642 1
8233 9304 2
8233 9897 9
8242 9471 2
8242 9812 20
8258 9350 1
8258 9284 5
8258 9725 1
8258 8968 1
8258 9341 5
8258 9190 1
8258 9312 2
8259 8968 1
8259 9741 2
8259 9516 1
8259 9545 1
8259 9211 61
8259 9340 1
8259 9401 1
8266 8578 1
8266 8855 1
8280 9092 1
8280 8824 3
8282 9336 3
8282 8735 1
8282 9580 1
8311 9237 1
8311 9500 2
8311 8908 2
8311 9017 1
8311 9470 28
8315 9895 1
8315 9794 3
8325 9596 1
8325 8684 1
8349 9897 3
8349 9898 1
8349 8906 2
8349 9192 2
8356 8901 1
8356 8534 2
8356 8915 2
8356 9186 1
8356 9573 2
8356 9926 5
8362 8633 1
8362 8676 175
8362 9122 1
8362 9543 1
8363 9402 4
8363 9555 1
8370 9972 1
8370 8763 1
8370 9479 1
8370 9604 4
8386 8862 3
8386 9587 1
8386 9947 99
8386 8595 1
8386 8990 2
8386 9534 2
8386 8712 1
8386 8716 1
8386 9398 1
8386 9598 3
8426 9278 1
8426 9284 1
8426 9643 1
8441 8743 1
8461 8898 3
8461 9167 1
8461 9275 1
8461 9023 1
8461 9759 49
8464 9472 2
8464 8547 1
8464 8845 1
8464 8885 1
8464 9823 2
8466 9337 2
8466 9842 1
8466 9464 3
8466 9183 1
8466 9462 1
8476 9740 1
8476 9746 3
8486 9774 1
8486 9209 1
8486 9588 1
8492 8672 1
8492 9811 1
8492 8974 1
8492 9203 2
8492 9495 1
8492 9966 1
8492 9372 1
8494 8833 52
8494 8935 3
8494 9313 1
8494 9318 1
8494 9911 1
8495 9364 1
8495 8707 5
8495 8807 3
8495 9389 1
8495 9392 1
8502 9305 1
8502 9575 2
8502 8942 3
8502 9600 6
8509 8535 1
8509 9051 5
8509 9367 1
8509 8623 1
8509 9633 2
8514 8998 4
8514 9375 3
8519 9646 1
8519 8774 5
8531 8616 1
8533 9733 12
8533 9706 1
8533 8963 1
8533 8908 19
8533 9438 3
8533 9577 1
8533 9808 1
8535 8568 1
8536 9602 1
8538 8802 3
8539 8826 2
8539 8983 1
8542 9279 1
8542 8967 1
8542 9662 1
8542 9917 1
8542 9400 1
8542 8575 1
8542 9484 1
8542 9993 14
8542 8557 1
8542 9403 1
8543 8640 1
8544 8995 1
8546 8717 1
8546 9369 1
8547 8626 9
8550 8745 4
8551 8773 1
8551 8585 3
8551 9349 2
8552 8571 1
8554 8909 1
8554 8721 1
8555 9460 7
8555 9774 2
8555 8586 1
8555 9707 106
8555 8892 2
8555 8908 1
8556 8640 1
8557 8655 1
8558 8590 1
8558 9913 1
8560 9580 1
8560 9254 1
8560 9582 1
8561 9495 6
8562 9962 1
8563 8843 1
8564 9889 1
8564 8687 26
8564 9326 1
8565 8590 1
8566 9779 1
8567 8873 1
8567 8613 3
8567 9881 2
8568 9479 1
8568 9944 1
8571 8823 1
8572 9588 1
8572 8943 32
8572 9793 1
8573 8920 1
8573 9768 1
8578 9638 3
8580 8598 1
8580 9016 3
8581 9662 1
8581 8946 3
8582 9796 1
8582 8883 1
8582 9805 3
8583 9173 1
8583 9338 1
8583 9669 1
8583 8600 1
8583 8931 1
8585 9436 7
8585 9854 1
8586 8745 2
8587 8718 3
8587 9218 1
8589 9409 1
8590 9746 2
8590 9181 1
8590 8968 1
8590 8780 1
8590 9392 1
8590 8596 3
8590 9088 3
8590 8739 1
8590 9506 1
8591 9535 2
8591 8944 1
8591 8694 3
8592 8870 1
8592 9006 1
8593 9275 1
8593 9652 1
8593 9929 1
8593 8623 1
8593 9770 4
8596 8983 3
8597 8788 1
8597 8688 1
8598 9421 2
8598 8979 1
8598 9082 2
8598 9212 1
8598 9361 5
8599 9436 2
8599 9144 1
8599 9397 16
8599 8945 5
8600 9349 1
8601 8747 1
8601 9456 1
8601 9158 1
8601 9345 1
8601 9846 2
8601 9827 1
8602 9014 1
8602 9033 1
8602 9810 1
8602 9841 2
8602 9088 6
8602 9233 1
8603 8864 1
8603 8665 2
8604 9409 12
8604 8650 1
8605 9544 10
8605 8871 1
8605 9274 12
8606 8801 2
8606 9020 2
8607 9411 1
8607 9673 1
8608 8702 2
8608 9478 1
8609 8849 2
8609 9191 1
8611 9681 1
8612 9346 1
8612 9575 1
8612 8722 1
8612 9779 1
8614 9210 1
8615 9285 9
8615 9181 1
8615 9839 1
8616 9316 1
8616 9887 1
8617 9611 1
8617 9063 1
8617 8904 2
8617 9506 1
8617 9490 1
8618 9236 1
8618 9309 1
8618 9565 2
8618 9621 1
8619 8783 1
8619 8838 1
8620 9411 1
8620 9429 1
8620 9467 1
8620 8931 3
8620 8710 2
8620 9707 2
8621 9372 1
8621 9268 10
8622 9873 2
8625 8940 1
8626 9400 1
8626 8993 1
8627 9954 1
8627 8671 2
8628 8690 1
8628 8745 1
8629 8747 3
8629 9222 1
8632 8999 1
8632 9305 1
8632 9506 2
8632 9785 2
8632 8712 1
8632 8905 2
8634 8772 1
8635 8711 1
8636 8874 1
8636 8838 2
8637 9330 1
8640 9340 1
8640 9299 3
8641 9457 11
8641 8806 9
8641 8875 2
8641 8724 4
8641 9003 136
8642 8973 1
8643 9593 1
8643 9475 1
8644 9641 1
8644 8846 1
8644 9093 1
8644 9338 1
8645 9121 3
8645 8849 6
8645 9753 2
8645 8870 2
8645 9140 6
8646 9003 1
8646 8937 9
8646 9943 2
8647 8800 1
8647 9889 1
8648 9439 1
8648 9530 1
8648 9566 1
8648 9845 1
8650 9745 2
8650 9881 1
8650 9317 1
8651 8997 1
8651 9217 1
8651 9589 1
8652 8947 1
8653 8764 4
8654 9338 2
8654 8851 5
8654 9698 1
8654 8789 2
8654 9083 1
8654 8792 2
8656 9185 4
8658 9398 1
8659 8986 2
8661 9847 1
8661 9066 1
8661 8964 9
8661 9026 1
8661 8933 2
8663 8863 5
8663 9998 1
8663 9434 1
8664 8858 1
8665 9668 1
8665 8886 1
8665 9096 1
8665 9744 4
8668 8939 1
8669 9703 1
8669 8869 1
8670 8762 1
8671 9345 1
8671 9497 1
8672 9807 1
8673 9949 1
8675 9929 1
8675 9850 7
8679 8817 1
8679 8888 1
8680 9952 1
8682 8881 1
8684 8983 1
8687 9067 1
8688 9534 1
8689 9897 1
8689 9145 5
8690 9529 16
8693 9206 1
8693 8914 1
8694 8834 3
8694 9222 1
8694 9549 1
8695 9703 1
8695 9220 14
8695 8767 1
8699 8750 1
8699 9106 1
8699 9441 3
8699 9667 1
8699 8898 4
8699 9477 2
8700 8876 39
8702 9463 1
8702 9056 5
8704 8798 14
8704 9337 3
8705 9503 4
8707 8910 4
8707 8970 3
8711 8891 2
8711 9026 6
8711 9296 1
8714 8787 2
8718 9135 1
8719 8938 1
8721 9458 1
8721 9747 1
8721 8971 5
8721 8763 9
8721 9185 1
8725 9409 4
8725 8939 1
8727 9184 1
8728 9000 3
8728 8826 3
8728 9055 1
8728 8815 1
8729 8922 1
8729 9407 2
8734 9417 10
8736 9592 18
8736 9783 2
8736 8834 1
8737 9290 8
8737 8899 2
8740 8878 2
8740 9417 1
8743 9954 1
8744 9897 1
8744 9479 1
8744 9720 2
8744 9011 1
8744 9032 2
8744 9534 1
8745 9516 11
8745 9712 10
8745 8836 1
8745 9267 2
8745 9855 1
8745 9785 1
8746 8751 9
8751 9145 1
8752 9934 1
8752 9686 4
8752 9905 6
8757 9045 1
8757 9419 1
8758 9206 9
8760 8787 5
8762 8805 13
8762 9325 1
8762 9639 1
8762 9110 1
8762 9306 1
8762 8933 8
8764 9872 1
8764 8952 2
8764 9802 1
8765 9245 1
8766 8897 1
8766 9752 63
8766 9167 5
8766 9848 5
8766 9947 2
8766 9292 1
8766 9986 1
8768 9568 1
8768 8844 2
8769 8947 6
8770 8788 3
8771 8966 2
8771 9156 6
8772 9438 1
8772 8882 27
8772 9518 1
8772 9201 1
8772 9774 4
8774 9889 1
8775 9487 1
8775 9295 6
8776 9478 37
8776 8940 1
8778 8856 102
8779 8854 1
8780 8877 4
8783 9393 1
8783 9063 9
8783 9499 2
8784 8878 4
8785 9598 3
8785 9788 1
8785 9205 1
8785 9902 1
8786 8947 1
8788 8801 3
8788 8818 1
8790 8940 1
8792 8804 1
8793 9245 2
8793 8812 1
8794 9717 1
8794 8826 1
8795 9471 2
8795 9794 1
8795 9893 1
8796 8987 1
8796 9194 2
8796 9372 1
8796 8922 1
8796 9144 1
8796 9431 1
8797 9481 1
8797 9023 1
8797 9233 1
8797 9781 1
8797 9005 1
8797 9069 1
8798 9417 1
8799 9108 1
8799 9438 1
8799 9822 1
8800 9931 2
8800 9735 1
8802 9112 1
8802 9769 5
8802 9136 2
8802 9792 1
8803 9409 1
8804 9390 1
8808 9186 1
8808 9092 6
8808 9622 1
8809 9262 1
8811 9937 1
8811 8865 2
8811 9321 18
8812 9293 1
8812 9597 4
8812 9583 1
8812 9262 2
8812 9426 1
8815 9418 1
8815 8934 2
8816 9350 1
8816 8882 1
8816 9960 1
8817 9966 1
8817 9223 1
8820 8843 3
8820 9290 2
8826 9686 2
8826 8958 4
8826 9522 1
8826 9654 1
8827 9575 1
8832 8877 1
8834 9330 1
8835 9549 1
8835 9182 1
8836 9936 4
8836 8951 1
8838 9309 6
8838 9151 5
8838 9685 15
8841 9610 1
8843 9646 3
8843 9430 1
8843 9729 1
8843 9633 1
8844 9252 1
8845 8926 3
8847 9686 4
8847 8865 1
8847 9308 1
8848 9654 16
8848 9662 1
8848 9054 1
8848 9561 1
8853 8876 1
8854 9280 1
8855 8921 10
8856 9336 1
8857 8860 5
8859 9083 1
8859 9015 3
8859 9932 1
8860 9286 2
8860 9532 1
8860 9135 10
8861 8982 5
8863 9807 5
8864 9449 1
8864 9097 2
8864 9164 2
8867 9952 1
8870 8975 4
8871 9672 1
8872 8880 1
8874 9814 79
8874 9443 1
8874 9686 3
8876 9750 1
8876 9519 1
8877 9122 1
8877 9975 1
8878 9200 1
8880 8962 2
8880 9765 1
8880 9892 1
8881 9314 2
8885 8986 2
8888 9877 7
8888 9966 1
8894 9158 3
8894 9798 1
8896 8956 4
8899 9056 2
8899 9031 1
8899 8936 1
8899 9486 3
8900 9361 1
8901 9369 1
8901 9717 1
8904 8914 6
8904 8953 1
8904 9570 1
8907 9988 1
8907 9538 1
8909 9975 1
8910 9527 2
8910 9920 1
8910 9423 1
8912 9404 1
8913 9779 1
8913 8990 1
8913 9140 2
8914 9196 1
8914 9590 68
8914 9804 1
8914 9919 3
8914 9406 1
8914 9948 89
8914 9272 13
8914 9979 1
8916 9815 1
8918 9437 9
8918 9813 1
8918 8933 1
8918 9401 1
8920 9755 1
8920 9566 3
8922 9078 1
8923 8973 1
8923 9624 1
8926 9182 1
8928 9321 2
8928 9133 1
8928 9694 2
8930 9478 1
8938 9763 3
8938 9814 3
8938 9305 3
8939 9532 4
8939 9477 1
8939 9358 1
8939 9631 2
8939 9634 1
8940 9449 63
8940 9222 1
8940 9299 2
8940 9736 1
8940 9866 2
8941 8978 1
8944 9997 1
8944 9525 1
8945 9218 1
8947 8955 1
8947 9017 1
8947 9950 1
8947 9293 3
8948 9320 1
8948 9924 2
8948 9464 1
8948 9953 2
8949 9988 1
8949 9887 1
8949 9093 1
8949 9458 1
8949 9919 1
8950 9587 46
8950 9681 76
8951 9036 2
8951 9504 1
8953 9395 1
8953 9463 10
8953 9444 1
8953 9480 2
8953 9625 2
8953 9864 1
8956 9273 4
8958 9328 1
8958 8983 1
8959 9172 1
8959 9216 1
8960 9256 1
8964 9913 8
8965 9954 1
8966 9771 1
8966 9291 1
8967 9602 1
8970 9151 1
8973 9169 1
8973 9252 1
8973 9197 1
8973 9281 4
8973 9086 1
8973 9979 1
8975 9266 2
8975 9421 1
8978 9647 1
8978 9710 1
8980 9360 1
8981 9954 1
8982 9230 1
8983 9017 1
8983 9062 1
8983 9026 2
8983 9846 1
8984 9326 4
8986 9529 1
8986 9114 2
8986 9734 8
8986 9603 1
8987 9343 1
8988 9467 5
8992 9133 1
8992 9228 1
8995 8997 5
8995 9222 1
8995 9060 7
8995 9162 1
8995 9752 1
8996 9023 1
8996 9279 2
8996 9731 1
8998 9156 2
8998 9330 2
9000 9430 1
9000 9226 2
9001 9326 1
9001 9768 2
9002 9070 2
9004 9680 3
9011 9143 5
9016 9747 3
9016 9110 1
9016 9120 1
9016 9630 7
9021 9640 2
9025 9277 1
9025 9051 1
9025 9321 2
9025 9518 17
9027 9952 1
9028 9156 10
9030 9362 3
9042 9224 1
9042 9907 10
9042 9613 22
9043 9632 1
9044 9748 1
9044 9602 2
9046 9417 1
9056 9139 1
9057 9520 1
9058 9889 2
9058 9218 1
9059 9328 1
9065 9218 1
9070 9707 2
9070 9161 2
9070 9447 1
9074 9934 1
9074 9457 1
9078 9180 3
9078 9360 1
9078 9796 2
9078 9571 1
9078 9341 2
9085 9954 1
9094 9807 2
9098 9889 1
9114 9326 13
9116 9471 1
9116 9900 2
9116 9400 1
9124 9709 5
9128 9139 3
9138 9206 1
9139 9973 1
9139 9872 1
9141 9807 1
9142 9330 1
9143 9658 1
9156 9879 4
9156 9329 1
9162 9717 3
9164 9245 1
9164 9331 2
9165 9520 3
9179 9369 1
9188 9672 1
9192 9638 1
9195 9992 1
9198 9245 1
9206 9761 4
9206 9873 5
9206 9293 3
9206 9797 3
9206 9771 4
9215 9282 2
9218 9251 1
9218 9575 2
9218 9242 1
9219 9300 5
9219 9936 1
9223 9348 1
9240 9624 5
9245 9773 1
9245 9676 1
9245 9594 1
9248 9570 1
9266 9326 3
9266 9503 2
9278 9624 5
9285 9348 6
9308 9962 2
9310 9952 2
9313 9535 1
9318 9889 1
9319 9478 1
9324 9672 2
9325 9520 1
9328 9505 6
9330 9735 1
9330 9745 1
9331 9492 3
9333 9768 1
9343 9794 1
9343 9975 1
9343 9660 1
9343 9791 1
9346 9949 1
9348 9762 1
9349 9397 2
9361 9672 22
9361 9936 1
9377 9554 2
9399 9914 1
9405 9624 1
9409 9842 1
9409 9777 1
9409 9689 3
9409 9557 1
9414 9568 1
9417 9899 1
9417 9696 2
9417 9765 1
9417 9892 1
9417 9968 1
9417 9574 18
9433 9952 6
9459 9936 2
9460 9851 1
9470 9638 1
9471 9638 2
9473 9884 1
9478 9996 1
9486 9672 1
9488 9954 1
9489 9617 24
9497 9535 2
9503 9930 1
9514 9701 12
9514 9728 1
9514 9923 1
9520 9879 2
9520 9806 200
9532 9851 23
9535 9725 7
9554 9855 1
9558 9969 1
9568 9720 1
9570 9689 1
9580 9851 1
9602 9819 5
9610 9936 2
9624 9920 1
9624 9676 1
9633 9776 1
9672 9900 1
9694 9748 1
9700 9851 45
9742 9748 2
9743 9768 4
9748 9939 5
9748 9833 30
9748 9910 5
9763 9954 1
9768 9897 1
9768 9813 2
9768 9915 1
9776 9895 2
9798 9952 1
9807 9841 1
9807 9945 2
9808 9889 1
9813 9969 1
9889 9990 1
9891 9992 6
9954 9968 4
