24 9654 1
24 9289 3
24 9080 1
38 9557 1
38 9958 1
38 8686 1
38 9303 1
42 9249 15
42 8819 2
42 9816 5
46 9036 1
46 9365 3
47 9065 22
47 9080 1
52 9739 2
52 9423 2
52 9902 1
53 9234 1
53 8755 1
54 9044 1
84 9428 3
95 8856 1
95 8903 7
95 9680 1
95 9275 1
95 9513 1
95 8956 11
98 9321 1
98 8578 1
98 9951 2
120 9250 1
123 9936 1
123 9771 3
123 9009 1
140 8592 2
140 9045 5
140 9954 3
140 8863 2
140 8877 1
140 9670 2
140 9804 2
156 8790 13
156 8633 2
156 9147 1
156 9003 4
156 9083 2
156 9113 1
169 8815 1
169 9580 6
169 9616 2
182 9162 1
182 9495 2
182 8935 1
182 8744 2
182 8628 1
182 8644 2
194 9682 9
194 8762 2
194 9135 1
200 9190 2
200 9988 1
200 9406 1
200 9452 1
200 8864 1
200 8754 3
200 8830 1
210 8619 5
210 9014 1
222 9029 1
222 9747 1
222 8885 1
233 8871 1
233 9525 3
278 9841 1
278 9265 2
278 9376 1
278 9847 1
278 9460 1
278 9223 1
279 9497 1
279 9331 1
279 9588 2
292 8761 1
292 8922 1
292 9310 1
292 9193 4
301 8823 1
301 8740 1
301 9064 1
341 9551 1
341 9193 1
341 9621 4
353 8925 1
353 9582 1
353 8559 1
353 8769 1
353 9485 1
353 9489 1
353 9864 1
355 9922 2
355 9871 1
355 9700 3
355 9598 1
355 9881 1
355 9126 1
355 9920 1
355 9456 1
366 9380 1
366 8908 1
366 9429 2
384 9121 2
407 9316 2
407 8694 1
423 8942 1
423 9436 1
423 9663 1
428 9999 1
428 8853 1
428 9081 3
428 8817 1
453 9642 1
453 8617 1
458 9008 3
464 8668 1
464 9444 1
484 9082 1
484 9419 2
489 8874 1
489 9380 2
489 9633 37
489 8746 10
510 9676 8
510 8625 1
510 9192 1
510 9906 1
510 8610 2
516 8886 1
516 8847 2
522 9932 2
522 9815 1
522 9833 1
524 9098 2
524 8619 2
524 9713 1
525 9468 3
525 9516 1
525 9113 2
525 9341 1
525 8859 1
525 9356 1
539 8914 1
539 8958 1
539 8918 1
539 9830 1
540 8750 1
541 8706 2
546 8946 6
546 8659 2
546 9154 2
546 8601 1
546 9075 1
546 9429 1
546 9693 2
546 8653 1
563 9245 3
563 9864 1
568 9055 1
568 9176 2
593 9106 1
605 9914 1
605 9226 5
615 8710 1
615 8650 1
615 9520 3
640 9293 1
640 8837 22
640 9526 1
640 9239 1
640 9123 2
640 9397 4
640 8662 1
640 8817 2
640 9469 2
640 9796 1
679 8730 1
679 8844 1
686 8808 2
686 9100 2
686 8848 3
686 9028 1
686 9858 2
697 8922 1
697 9508 1
697 9082 1
697 9838 2
718 9073 1
718 9392 1
722 9980 9
722 9362 3
724 8839 32
740 9962 1
740 9624 1
740 8862 2
740 9276 1
740 9889 3
751 9291 3
755 9471 3
755 8831 2
755 9859 17
755 8659 3
755 8905 1
755 9665 5
756 9140 1
756 9677 1
756 9938 1
756 9011 74
757 9285 2
757 8955 1
757 8558 1
767 9056 1
767 9962 2
769 9723 1
769 9137 1
769 9878 1
780 8610 1
784 9146 1
784 9248 5
792 9277 3
792 8677 2
792 8889 1
792 9918 1
793 9446 1
793 9547 1
793 9026 1
803 9271 1
803 9979 1
806 9374 1
806 8567 1
806 9120 1
806 9848 6
840 8944 1
840 8983 2
840 9534 5
840 9788 4
840 9463 2
845 9551 1
857 8970 1
857 9206 1
857 9389 4
857 9455 1
873 8964 1
873 8706 1
879 9390 1
879 9515 41
880 9845 4
880 8891 5
886 9457 1
886 9898 1
886 9904 1
886 8740 2
894 8744 1
894 8737 1
894 9815 1
900 8900 1
900 9046 1
900 8722 1
903 9843 1
903 9185 1
903 8779 1
910 9362 2
910 9398 4
916 9189 1
916 9232 1
916 9505 5
916 9712 1
916 9714 1
916 9133 7
916 9543 1
941 9839 5
941 9747 1
947 9402 1
947 9307 2
947 9735 1
947 9647 6
970 8972 2
979 8964 1
992 8587 1
992 8886 1
992 9768 2
992 8666 1
992 9101 1
994 8885 1
994 9811 1
994 9174 189
996 8777 1
996 8931 5
996 9554 8
996 8918 3
996 9937 1
1004 9443 4
1004 9914 2
1011 8887 5
1030 9436 3
1030 8635 76
1041 9355 3
1041 9645 1
1041 9798 2
1080 9423 1
1080 9622 3
1080 9225 1
1080 8991 1
1080 9165 1
1080 9237 1
1080 8847 1
1080 9903 1
1080 8711 1
1082 9495 1
1082 8585 1
1082 9018 5
1082 9771 2
1084 8770 1
1084 8700 1
1084 9362 2
1084 8997 17
1084 9436 2
1092 9941 1
1092 8879 1
1092 8588 3
1092 9355 3
1095 9508 4
1095 9830 1
1095 8975 1
1095 8635 1
1095 8877 2
1095 9317 1
1095 9978 1
1113 9081 1
1113 9185 5
1113 9656 1
1113 8557 2
1113 8631 1
1113 9018 1
1113 9412 1
1125 9899 3
1125 9085 1
1125 9371 26
1125 9707 1
1144 9287 4
1144 9623 1
1146 8708 1
1146 9977 2
1148 9110 3
1148 9963 1
1148 9614 1
1168 8923 3
1168 9388 2
1168 9879 1
1173 9271 1
1175 9024 2
1175 9522 1
1175 9009 1
1175 9702 1
1176 8909 1
1201 9018 1
1201 9449 1
1201 9661 1
1206 9063 1
1206 8624 2
1206 9435 2
1206 9450 1
1214 9464 1
1214 9190 1
1214 9296 6
1216 8839 1
1216 8751 2
1216 8718 6
1216 9928 1
1226 9572 1
1226 8702 1
1226 9250 4
1226 8758 1
1240 9702 2
1240 9908 1
1240 8964 5
1243 9862 2
1243 9277 1
1243 9300 1
1243 9321 1
1256 9679 1
1256 9286 1
1256 9835 1
1256 9959 1
1270 8707 1
1270 9522 1
1270 9622 1
1274 9723 1
1274 9106 1
1274 9414 1
1279 8626 1
1279 9976 1
1279 9701 1
1279 9917 1
1293 9580 1
1293 9748 1
1293 9696 1
1299 9665 6
1299 8867 1
1299 9698 3
1313 8834 1
1313 9341 3
1313 9948 10
1344 8578 3
1344 8650 1
1344 9874 1
1344 8839 1
1364 9958 3
1364 8580 2
1364 8644 1
1364 8739 1
1412 9424 1
1412 8821 1
1412 9547 1
1412 9792 1
1412 9878 1
1412 9978 1
1412 8673 2
1412 9574 1
1428 9365 1
1428 8731 2
1428 9666 1
1428 9674 1
1428 9153 1
1428 8668 1
1435 9062 1
1447 9220 2
1447 8997 4
1447 9578 11
1447 8587 12
1447 9550 2
1466 9506 2
1466 8651 1
1466 8892 2
1466 8942 1
1473 9381 1
1473 9463 1
1473 9914 1
1473 9048 1
1473 8837 2
1473 9358 1
1473 9475 1
1473 9511 1
1473 8565 1
1473 9270 10
1473 9317 1
1483 8616 1
1483 9879 6
1483 9587 2
1483 9641 1
1483 9780 5
1483 8671 1
1483 9013 2
1483 9759 3
1495 8997 1
1495 9752 2
1502 9270 41
1502 9709 2
1509 9594 20
1509 9273 1
1509 9238 1
1509 9550 2
1509 9588 71
1509 9147 1
1509 9339 1
1514 8856 3
1514 8857 1
1514 9090 4
1514 9768 1
1514 9714 3
1514 8592 1
1514 8673 1
1514 9048 2
1519 9009 4
1519 9090 2
1519 8671 1
1558 8823 1
1558 8958 1
1558 9373 1
1558 9524 2
1560 8978 1
1560 9311 2
1560 9708 2
1567 9059 2
1567 9070 1
1575 9707 1
1610 9346 1
1610 8714 1
1610 8956 1
1611 9928 2
1611 9422 1
1641 9735 16
1641 8808 23
1641 9878 1
1641 9060 200
1642 9326 1
1642 8670 1
1642 8777 2
1642 9384 3
1642 9742 1
1642 9823 1
1658 8956 1
1658 8593 2
1658 9507 1
1658 9618 3
1664 9250 8
1664 8841 1
1664 8849 2
1664 8831 14
1664 8866 2
1664 9665 12
1664 9610 16
1666 8961 1
1666 9857 1
1666 9165 1
1666 9905 1
1666 9078 3
1666 9922 2
1684 9832 1
1684 9206 1
1693 9253 1
1693 9569 1
1702 9198 3
1721 9476 2
1745 9181 3
1745 9606 1
1752 9435 1
1752 9154 1
1766 8922 5
1766 9156 1
1780 9945 1
1780 9894 1
1798 9574 2
1798 8657 1
1839 8559 1
1839 9196 1
1839 9449 3
1854 8887 1
1854 8623 1
1854 9390 1
1854 8713 3
1854 8777 1
1866 8901 1
1866 9160 3
1866 9414 1
1866 9046 1
1866 9238 1
1873 9286 1
1873 9081 7
1873 9278 1
1873 9312 2
1873 9763 2
1892 8658 2
1901 9057 1
1901 9966 1
1901 9120 5
1901 9939 1
1901 9535 1
1924 9815 1
1924 8602 1
1924 8965 1
1924 9919 1
1948 8707 1
1948 9456 1
1948 9832 2
1948 9885 1
1948 8670 1
1950 9011 1
1950 9106 2
1951 9995 1
1951 9990 1
1961 8775 1
1961 8683 2
1961 9323 1
1961 9921 1
1961 8716 3
1961 9887 1
1973 9770 1
1973 8700 59
1973 9329 1
1973 9544 1
1981 9327 9
1981 9041 3
1981 9757 1
1981 9940 1
1998 9601 1
1998 9215 2
2009 9206 1
2009 8946 1
2016 9561 1
2016 9601 1
2016 9761 1
2026 9968 1
2026 9518 2
2026 8859 1
2038 9080 1
2040 9676 1
2040 9278 1
2040 9564 2
2046 8889 1
2046 9744 3
2046 8743 1
2046 9287 1
2046 9738 1
2058 8663 1
2058 9920 1
2058 9051 1
2058 9806 1
2058 9582 10
2105 9019 2
2105 8774 1
2105 8811 3
2105 9478 4
2121 9695 2
2121 9048 4
2124 9210 6
2124 9172 3
2124 9861 1
2124 9925 1
2149 9547 2
2176 8631 2
2176 9008 1
2176 9134 2
2176 8854 2
2176 9645 1
2176 8746 19
2176 8688 2
2176 8821 4
2176 9652 1
2176 9913 1
2177 9367 1
2177 9516 1
2177 9468 3
2181 9605 1
2183 9137 2
2183 8890 2
2188 8700 1
2188 8991 4
2204 9500 1
2205 9622 3
2205 8882 1
2210 9549 2
2210 8772 1
2210 9385 1
2210 9859 17
2210 9256 18
2213 8713 1
2213 8831 2
2213 9286 1
2213 9858 1
2213 9314 1
2213 9487 3
2217 9544 1
2217 9386 1
2217 8955 1
2217 9116 3
2217 9458 2
2221 9789 1
2221 9278 1
2233 9608 1
2233 9729 1
2233 9499 1
2272 8804 1
2272 8598 1
2299 8967 7
2299 9881 6
2299 9660 1
2299 9694 2
2306 9199 1
2306 9451 2
2306 9707 1
2306 9396 1
2306 8903 5
2306 9567 1
2323 9320 1
2323 9945 1
2323 8751 1
2323 8792 1
2323 9641 1
2323 9757 1
2357 9008 1
2357 9259 1
2363 8991 2
2363 9937 2
2363 8866 1
2370 8714 3
2370 9166 200
2370 9296 3
2370 9790 1
2370 8770 3
2370 9972 1
2370 9976 1
2397 9443 1
2397 9532 2
2397 9586 3
2397 9979 1
2397 9224 1
2397 9824 1
2402 8998 1
2403 9045 1
2403 9777 1
2403 9083 1
2403 8956 1
2403 9338 1
2403 9394 7
2403 9572 1
2405 8915 1
2405 9516 1
2405 9817 4
2405 9834 3
2405 8822 1
2405 8609 16
2405 9522 2
2414 9354 6
2414 8811 1
2414 9471 1
2414 9801 1
2415 9988 1
2415 9158 8
2424 9668 1
2481 9862 1
2481 9828 4
2481 8711 7
2481 8936 1
2481 9918 1
2488 8609 1
2488 8748 1
2495 8854 1
2495 9711 1
2495 9679 1
2524 9517 1
2531 8992 3
2546 9044 2
2546 9504 1
2546 8646 1
2546 9739 2
2546 9139 1
2563 9659 4
2573 9051 1
2573 9642 3
2573 9079 1
2573 9742 1
2573 8570 1
2573 9023 1
2573 9764 1
2577 8905 1
2577 9962 1
2606 9036 2
2606 9146 1
2606 9902 2
2616 9934 1
2616 9655 1
2633 9369 1
2633 9818 1
2633 9963 2
2633 9347 1
2633 8789 3
2663 9073 2
2663 9063 1
2665 9569 1
2665 9363 1
2665 9391 6
2671 9777 1
2677 9789 1
2677 9489 23
2690 9305 1
2690 9615 5
2690 9142 5
2690 8993 1
2690 8874 1
2690 8712 1
2695 9264 1
2695 9011 1
2695 9183 2
2695 9125 1
2700 9002 79
2700 8915 1
2700 8730 33
2721 8980 3
2721 8601 1
2721 9618 3
2721 9454 1
2721 9677 2
2723 8847 2
2723 9405 1
2723 9642 2
2723 9884 1
2723 9981 1
2730 9759 1
2730 8918 1
2730 9544 23
2730 8748 5
2730 8913 3
2730 9209 1
2730 9624 1
2730 8853 1
2749 8663 1
2749 9138 7
2749 8923 4
2749 9028 1
2749 9157 1
2762 9690 1
2762 9943 1
2762 9932 1
2762 9801 200
2762 8616 3
2762 9160 1
2762 9198 2
2762 9881 1
2772 9230 2
2772 9116 1
2772 9533 1
2772 9890 1
2772 8675 1
2779 9652 1
2779 9518 1
2779 9603 5
2779 8922 1
2779 9792 1
2796 8754 10
2796 8780 1
2796 9128 8
2824 9464 1
2824 9928 6
2836 9431 2
2836 9142 1
2842 9070 5
2842 9611 2
2842 9171 4
2842 8563 1
2842 9550 3
2842 9732 1
2842 9809 1
2854 9432 1
2874 9645 1
2874 9938 1
2883 9448 1
2887 9344 1
2887 9104 2
2887 9812 1
2912 8862 16
2912 9265 1
2912 9706 17
2916 9729 1
2916 8881 2
2916 9460 1
2916 9064 7
2916 8707 5
2933 8914 1
2933 9977 1
2933 8940 9
2933 8869 1
2933 8989 1
2933 8570 1
2950 9178 1
2950 9391 11
2950 9664 9
2950 8939 1
2955 8657 2
2955 8925 1
2956 8691 1
2973 8819 1
2973 8877 1
2973 8586 1
2973 8927 3
2973 9224 2
2973 9127 1
2973 9197 17
2973 9504 1
2973 9547 1
2973 9678 5
2974 9017 5
2974 8922 21
2976 8776 1
2976 9243 6
2976 9426 1
2979 9443 2
2993 8915 1
2993 8924 1
2993 9489 1
2993 9107 1
3003 8729 1
3003 9334 1
3003 9955 1
3005 8789 12
3009 9501 2
3009 9885 3
3009 9669 1
3009 9200 1
3009 9219 5
3028 8869 1
3028 8905 1
3028 9776 1
3032 9648 1
3032 8930 3
3032 9753 1
3032 9917 2
3032 8599 2
3040 9353 1
3040 9215 5
3044 9139 1
3044 9531 1
3044 9444 2
3044 9890 4
3062 9468 1
3062 8667 1
3062 8688 1
3062 8575 1
3062 8790 1
3062 9898 1
3062 9973 2
3076 9781 4
3076 9584 1
3076 8735 1
3076 9845 1
3076 9919 18
3076 8565 1
3076 8586 1
3076 8875 1
3076 9492 1
3097 9694 1
3097 9436 1
3097 8826 1
3115 9223 2
3115 9730 1
3115 8834 1
3115 8691 1
3115 9478 2
3115 9588 2
3122 8567 1
3122 9460 5
3122 9478 1
3122 8936 1
3122 9676 1
3154 8691 1
3154 8991 1
3154 8706 1
3159 9558 7
3159 9433 1
3159 9553 5
3164 9369 3
3164 8778 1
3165 8688 4
3165 9248 6
3165 9224 1
3165 9089 1
3165 8559 1
3185 8771 2
3195 9897 1
3195 9210 4
3195 9265 3
3195 9315 4
3225 8892 1
3225 9748 1
3225 8917 1
3225 9118 1
3225 9323 1
3243 9347 3
3248 8700 1
3248 9422 1
3248 8848 1
3258 8775 3
3258 8768 1
3258 8884 2
3258 9491 2
3259 9498 2
3259 8895 5
3278 9426 1
3278 8779 1
3278 9380 2
3278 9731 1
3278 9241 7
3278 9098 5
3278 9507 6
3278 9556 5
3286 8721 2
3314 9588 1
3314 9622 1
3314 8647 1
3314 8658 1
3314 9958 1
3314 9023 1
3315 9866 8
3337 8879 1
3344 9117 10
3344 8989 1
3344 8972 9
3344 9186 1
3344 9353 1
3378 9486 1
3378 8830 4
3378 9392 1
3379 8786 1
3379 9800 2
3379 8702 3
3379 9027 1
3379 9119 3
3411 9089 1
3424 9273 1
3424 9694 2
3424 9513 2
3425 9601 4
3425 9614 3
3425 9818 1
3425 9940 10
3450 9183 1
3450 8769 1
3479 9686 2
3547 9006 1
3547 8762 1
3547 9002 1
3547 9143 5
3555 9897 1
3555 9749 1
3555 9762 1
3556 8902 1
3556 9327 2
3567 8790 18
3573 8804 1
3573 9753 5
3573 9641 1
3573 9234 2
3573 9529 1
3573 9781 1
3573 9904 3
3576 8819 1
3584 8872 11
3584 9091 2
3584 8957 1
3584 9198 1
3584 9759 1
3586 8619 1
3586 8849 4
3586 9079 1
3586 9105 2
3587 8783 37
3600 9091 1
3600 8739 1
3600 9006 3
3602 8923 3
3602 9449 1
3607 9384 2
3607 9657 20
3607 9624 1
3630 8723 2
3630 9413 1
3630 9723 1
3640 9471 8
3640 8558 1
3640 8865 2
3640 9628 1
3640 8718 30
3640 9837 2
3640 9761 18
3643 9512 1
3643 8835 1
3643 9404 1
3643 9476 1
3643 9219 1
3643 9453 1
3643 9615 1
3644 9778 1
3644 9979 2
3644 9136 1
3644 8901 6
3644 9382 1
3644 9695 1
3652 9377 1
3652 9724 1
3652 9388 2
3656 9706 2
3656 9109 1
3673 9477 2
3673 9920 1
3673 8785 7
3677 9342 25
3677 9392 1
3677 8982 2
3681 8923 1
3681 8716 12
3681 9244 1
3687 9369 1
3687 9404 2
3687 9063 2
3687 9584 1
3687 8631 13
3687 8630 5
3688 9076 1
3688 9943 3
3688 8625 1
3694 8749 1
3694 9170 200
3694 9381 1
3701 9634 1
3701 9694 1
3701 9140 2
3701 9320 1
3727 9395 1
3727 9497 2
3727 9450 1
3727 9652 1
3727 9897 1
3733 9286 2
3733 9041 1
3756 8905 2
3765 9374 1
3765 9495 4
3765 9777 1
3767 9109 1
3769 8841 1
3769 9580 1
3769 9558 1
3769 9999 3
3769 8849 1
3769 9506 1
3781 8756 1
3781 8681 3
3781 9623 14
3781 9029 1
3781 9721 2
3790 9600 1
3790 9987 1
3806 8704 1
3806 9394 1
3806 8948 1
3806 9062 1
3806 9347 2
3806 9584 1
3806 9726 1
3832 9315 2
3832 9969 1
3832 9711 2
3832 9944 1
3849 9185 1
3866 9300 1
3866 9536 1
3866 9425 1
3866 9870 71
3875 9306 9
3887 9799 1
3887 9306 1
3887 9768 5
3887 9914 1
3887 9724 2
3887 9726 1
3892 9639 1
3892 9904 2
3892 8912 1
3916 9190 1
3916 8658 1
3923 8900 1
3928 9040 1
3943 9435 1
3943 9903 1
3943 9937 1
3944 9761 2
3944 8792 1
3944 8619 1
3944 8722 1
3944 8633 3
3944 8872 1
3946 9748 1
3946 8915 1
3951 9901 1
3956 9542 1
3956 8832 1
3956 9941 2
3969 9501 1
3969 8577 4
3969 9124 3
3969 9746 1
3973 8571 1
3973 8686 200
3973 8619 1
3973 9694 1
3973 9742 10
3974 8911 1
3974 9855 1
3980 8741 10
3980 9824 1
3980 9637 1
3985 9808 11
3986 9037 1
3986 9938 1
3994 9885 1
3994 9123 14
3994 9834 1
3994 8963 1
3994 8807 15
3994 9939 1
3994 8795 1
3994 9628 1
3994 9511 1
3994 9517 6
4004 9993 1
4004 9289 1
4004 8624 1
4004 9610 1
4004 9799 1
4004 9920 1
4004 9540 1
4004 9433 1
4004 9581 32
4010 8886 1
4021 8694 1
4021 9965 2
4022 8675 1
4022 8683 1
4022 9587 1
4022 9873 5
4022 9121 1
4022 9635 3
4027 8938 1
4027 9410 29
4027 9711 2
4027 8566 32
4027 9056 8
4040 8793 2
4040 9948 2
4043 9549 1
4043 8998 1
4043 9016 1
4061 8991 2
4061 9928 1
4062 9446 1
4062 9498 1
4075 8855 1
4075 9872 1
4090 8997 3
4090 9414 1
4090 9500 1
4090 9271 1
4090 9395 2
4090 9686 1
4101 9108 1
4101 9171 1
4101 8768 1
4101 9288 1
4101 9327 1
4110 9938 1
4110 9798 1
4110 9872 1
4122 8987 1
4122 8879 4
4122 9036 1
4122 9586 1
4122 9907 5
4128 8982 1
4128 8877 2
4128 9216 1
4128 8674 1
4154 9890 8
4154 9094 1
4154 9811 6
4161 9906 1
4161 9118 1
4191 9776 3
4191 8840 1
4191 8622 1
4194 9198 1
4194 8708 1
4194 9410 1
4194 8662 1
4216 9219 1
4216 9016 1
4216 9341 7
4216 9885 2
4216 9125 2
4216 9866 2
4216 8931 1
4225 9764 2
4225 9951 1
4225 8980 1
4225 9785 2
4225 8939 1
4225 9135 1
4225 9415 1
4225 8560 1
4225 9666 1
4225 8675 8
4225 9969 1
4225 9654 1
4233 9510 2
4233 8629 2
4236 9700 1
4236 9210 8
4236 9592 1
4236 9518 3
4253 9440 3
4253 9260 1
4296 9977 7
4296 9973 3
4296 8630 22
4296 8909 1
4299 8992 2
4299 8755 3
4299 9157 2
4299 9884 2
4299 9205 2
4300 8714 1
4300 8721 3
4300 9103 7
4300 9608 1
4313 9413 2
4313 9409 1
4313 9536 1
4313 9160 1
4313 9544 1
4313 9348 1
4313 9143 1
4313 9230 2
4313 9799 1
4329 8910 1
4329 8645 1
4331 9006 3
4331 9053 1
4331 9084 12
4334 9090 1
4334 8660 1
4334 8826 3
4334 9239 2
4334 8867 3
4334 9751 3
4349 9786 1
4349 9432 2
4349 9639 1
4363 9312 5
4369 8982 1
4369 9864 1
4369 9102 4
4369 9013 2
4369 9833 1
4369 8936 1
4375 8916 1
4375 9298 14
4375 9500 1
4375 9077 1
4397 8607 1
4397 9777 1
4397 8810 1
4397 9845 1
4397 9055 1
4417 8679 4
4417 9353 2
4417 9864 1
4417 9124 1
4455 9567 1
4455 9196 1
4455 9756 1
4467 9905 1
4467 9637 1
4487 9153 1
4487 9611 3
4487 9794 1
4487 9945 6
4521 9806 1
4527 9276 1
4527 9654 1
4527 9941 1
4527 9328 1
4529 8982 6
4529 9150 2
4529 9438 3
4529 9291 1
4530 9373 1
4530 9592 1
4530 9849 1
4530 9105 8
4530 8692 1
4530 9536 1
4557 8681 13
4557 8964 183
4557 9298 1
4557 9490 1
4557 9620 1
4577 8724 1
4577 9029 4
4584 9419 7
4584 9542 1
4584 9076 1
4619 8871 1
4619 9440 1
4619 9554 1
4619 9913 2
4619 9926 1
4621 8808 2
4621 8973 1
4621 9455 1
4621 8939 1
4621 9177 1
4621 9927 2
4622 9571 3
4622 9148 1
4622 9729 1
4641 9133 2
4660 8973 1
4660 9243 1
4660 9695 1
4699 9534 1
4699 8580 1
4700 9707 1
4700 8716 2
4700 8784 1
4715 8772 74
4719 9517 1
4719 9709 1
4719 8577 2
4719 9309 2
4719 9558 2
4719 8715 4
4733 9258 51
4733 9616 1
4733 9048 1
4733 9425 1
4733 9134 1
4735 8736 33
4735 8777 3
4735 9181 5
4735 9800 1
4749 8963 6
4749 8588 1
4768 9481 1
4768 8987 1
4768 9369 1
4768 9528 2
4776 9499 1
4782 9686 1
4782 9874 20
4820 9106 1
4821 9341 1
4821 8674 1
4821 9817 1
4821 9877 1
4821 9448 11
4866 8905 1
4866 8793 2
4883 9604 1
4883 9650 50
4892 9735 1
4906 8557 1
4909 9974 1
4909 9834 1
4951 9870 1
4951 8983 1
4951 9992 2
4956 8890 1
4956 8900 2
4959 9770 3
4965 8879 1
4965 9160 2
4974 9271 1
4974 8965 1
4974 9729 1
4974 9887 10
4974 9313 1
4974 9359 2
4983 9379 1
4983 9264 6
4983 9618 1
4983 9678 1
4983 9856 4
4983 8962 1
4990 9371 7
4990 8612 7
4990 8834 1
4990 9458 1
5042 8740 1
5042 9542 17
5042 9594 1
5042 9115 3
5052 8837 16
5052 8647 1
5052 9250 2
5057 9200 1
5057 9969 1
5057 9505 1
5057 9508 1
5083 8592 5
5083 8926 1
5095 9245 1
5095 9727 5
5095 9786 1
5095 9566 1
5095 9770 1
5101 9515 1
5101 9773 1
5101 9176 1
5101 9306 1
5101 8987 3
5131 9976 1
5131 8862 2
5131 9154 1
5131 9695 1
5131 8560 1
5131 9075 1
5131 9744 5
5136 9984 7
5136 9823 200
5136 9017 2
5146 9156 31
5146 9250 1
5146 9213 1
5146 9098 2
5146 9875 1
5190 9244 1
5190 9262 1
5191 9534 1
5191 9738 4
5221 9358 4
5231 8930 73
5232 9060 3
5232 9232 11
5251 9297 1
5251 8926 1
5251 9578 1
5253 9431 24
5253 9330 2
5253 8918 2
5253 8931 1
5264 8610 1
5264 8602 1
5264 9512 2
5264 9828 1
5264 9322 1
5282 9932 1
5282 9253 1
5282 9767 3
5282 9328 1
5282 8908 2
5291 9213 1
5297 9682 1
5297 8776 1
5302 8889 7
5302 8649 1
5302 9634 15
5302 9373 1
5302 9615 4
5302 9188 1
5302 9750 3
5302 9156 12
5309 9213 1
5309 9397 2
5325 8785 1
5325 9968 1
5329 8832 1
5329 9353 1
5329 9247 2
5337 9046 1
5337 9572 1
5337 9311 1
5337 9326 6
5337 9268 1
5337 9993 1
5343 8961 1
5343 9348 1
5343 9727 1
5351 9715 2
5357 9045 1
5357 9136 1
5357 9630 1
5361 8779 1
5361 9660 2
5361 9296 1
5361 9990 24
5361 8957 2
5361 9188 1
5367 9509 2
5367 9535 8
5371 9480 3
5371 9628 5
5372 9753 2
5372 9338 1
5372 9723 1
5372 9153 1
5372 8761 1
5381 8921 1
5381 9242 16
5381 9410 1
5388 9987 1
5388 8769 1
5388 8910 1
5398 9423 1
5398 8588 1
5398 8757 1
5398 8915 1
5400 9165 1
5400 9090 1
5400 9158 1
5400 9651 2
5400 9897 2
5407 9530 1
5411 9542 2
5421 9099 2
5421 9992 1
5421 9742 1
5421 8566 1
5421 9329 1
5421 9045 1
5422 8936 1
5422 9154 1
5424 9297 1
5424 9099 7
5424 9383 1
5428 9966 2
5428 9330 1
5428 9451 1
5441 9773 1
5441 9089 2
5441 8938 2
5441 9983 1
5441 8954 1
5441 9899 1
5442 9977 19
5442 9446 2
5442 9594 4
5442 9393 3
5442 9744 2
5442 9401 1
5458 9107 1
5458 9268 1
5458 8709 2
5465 8570 4
5465 9354 1
5490 9225 1
5497 9925 1
5497 8701 1
5498 9529 2
5498 9199 1
5530 8646 1
5530 8717 1
5530 9307 2
5530 9920 1
5537 8737 2
5537 8893 7
5540 9603 1
5540 9943 1
5541 8777 1
5541 8826 1
5541 9154 1
5541 9529 1
5541 9162 1
5541 9554 3
5542 9549 1
5542 9858 3
5542 9941 39
5542 9566 1
5554 9046 1
5555 8865 1
5555 9578 1
5555 8717 2
5555 9365 1
5555 9772 1
5555 9845 1
5566 9942 1
5566 9293 2
5568 8840 5
5568 9174 7
5568 8635 2
5568 9577 3
5568 9690 3
5585 8900 2
5585 9244 1
5585 9931 1
5587 9937 1
5587 9440 2
5587 9951 1
5593 8623 3
5593 8892 10
5593 9773 3
5593 9648 1
5606 9325 1
5616 9040 2
5616 9543 1
5616 9193 1
5616 9913 1
5616 8600 1
5626 8655 1
5637 9143 1
5637 9245 1
5637 9775 6
5637 8810 2
5637 9323 1
5648 9497 1
5648 9830 3
5660 9342 1
5660 9346 6
5660 9894 1
5660 8710 1
5660 9800 4
5660 9034 1
5660 9832 1
5673 8577 2
5673 8718 9
5673 9901 1
5695 9973 1
5695 9296 2
5695 9988 1
5697 8815 1
5697 8917 5
5697 9675 1
5697 9118 10
5713 9799 1
5713 8670 8
5713 8760 1
5713 9123 1
5715 9757 4
5715 8840 1
5715 9330 3
5715 9587 8
5717 9160 1
5717 8859 1
5717 9614 1
5717 8909 1
5717 9383 1
5717 9190 1
5717 9578 1
5717 9978 1
5720 8867 3
5720 9010 1
5720 9183 1
5735 8935 5
5735 8637 1
5741 8737 1
5741 9077 8
5741 8631 1
5741 8709 2
5741 8935 1
5741 9514 1
5742 9220 33
5742 9572 1
5742 9708 1
5742 9377 5
5742 9838 2
5742 8841 1
5758 8731 2
5758 9444 1
5758 8979 1
5758 9190 1
5758 9973 15
5758 9386 1
5758 9428 2
5762 9056 1
5762 9082 1
5766 9549 1
5766 8898 3
5770 9424 2
5770 9857 1
5770 9767 4
5792 9484 1
5792 9656 1
5792 8669 1
5792 9429 1
5792 9936 1
5792 8762 1
5794 9430 1
5796 8607 7
5796 8655 1
5800 9356 1
5800 9339 2
5800 8940 3
5800 9243 4
5808 9921 2
5808 8889 1
5808 9525 2
5808 9713 1
5808 8963 1
5808 9127 1
5840 9410 2
5840 8914 1
5840 9044 1
5849 9117 1
5849 8555 1
5849 8823 2
5851 9973 2
5851 8736 4
5851 8639 1
5860 9900 44
5860 9129 1
5860 9666 1
5860 9715 2
5860 9817 1
5860 8731 1
5864 8837 1
5864 9586 2
5864 8593 1
5864 9150 1
5864 9879 1
5867 8649 2
5867 9218 1
5877 9647 1
5877 9380 1
5886 8915 3
5886 9110 1
5888 9267 1
5888 9824 1
5888 9060 12
5888 8757 1
5888 8939 1
5888 9687 2
5888 8944 1
5888 9469 1
5888 9557 1
5891 9522 9
5891 9374 1
5891 9592 2
5891 9800 2
5898 9778 13
5898 9761 92
5898 9857 1
5898 9598 10
5910 8955 1
5910 9696 1
5910 9226 3
5910 9839 1
5910 9789 1
5910 9966 1
5928 9298 1
5956 9425 8
5962 9348 1
5962 9854 3
5962 9393 13
5962 9669 1
5987 9599 2
5987 9237 2
5987 9310 1
6028 9423 4
6028 8740 1
6029 9100 2
6029 9787 1
6029 9648 1
6029 9988 1
6029 9809 1
6029 9357 2
6029 9706 1
6032 9236 2
6032 8785 1
6032 8803 2
6032 9256 5
6032 9713 1
6032 9581 6
6068 9918 2
6068 8891 1
6068 8849 1
6068 9854 1
6068 9272 1
6068 9309 2
6085 9140 1
6085 8804 1
6085 8927 2
6101 9193 4
6101 9939 1
6125 9124 1
6125 9372 1
6125 8780 1
6125 9457 1
6129 9660 21
6129 9945 3
6129 9008 1
6129 9110 1
6129 9818 1
6131 9102 1
6131 9487 1
6131 9668 1
6131 8557 2
6131 9601 1
6131 9505 1
6131 8725 8
6131 9019 2
6131 9046 2
6131 9526 1
6133 9990 2
6133 9449 1
6133 9327 1
6133 9310 1
6133 9312 1
6133 9122 31
6133 9285 8
6133 9534 1
6133 9666 1
6133 9693 9
6133 9905 2
6139 8657 1
6139 9969 1
6139 8889 1
6139 8958 1
6139 9812 3
6139 8805 1
6139 9303 7
6139 9217 1
6139 9305 7
6144 9200 1
6178 9372 1
6178 9078 1
6178 8591 1
6178 8865 1
6180 9713 1
6180 9726 63
6180 8790 1
6182 8577 3
6182 8895 1
6182 9936 1
6182 9447 1
6182 9495 1
6193 9113 1
6193 8601 3
6193 9398 5
6193 9568 1
6193 9055 1
6193 9577 1
6194 9611 1
6194 8923 1
6194 9396 1
6194 8930 1
6194 9428 2
6194 9243 9
6194 9709 1
6194 9721 1
6197 9356 4
6197 8884 1
6200 9615 1
6200 8735 6
6200 9286 1
6200 9674 2
6203 9946 1
6203 9679 1
6203 8822 1
6206 8834 3
6223 9076 6
6225 9541 1
6225 8607 1
6225 9192 2
6225 9582 1
6225 9753 1
6245 8571 1
6245 8895 1
6256 8554 1
6256 8831 1
6256 9107 1
6256 8600 1
6256 9481 1
6256 8624 1
6256 9464 1
6256 8575 2
6256 9438 10
6262 9581 2
6262 9416 1
6262 9656 4
6263 9327 3
6263 9782 3
6292 9018 1
6292 8607 3
6292 9460 1
6297 9242 1
6297 8924 1
6299 9386 2
6299 8609 1
6299 9800 1
6299 9803 1
6299 8750 5
6299 9275 1
6312 9247 1
6312 9016 3
6312 9128 1
6313 9763 1
6313 9044 2
6313 8555 1
6313 8594 1
6313 8744 3
6313 9178 1
6313 9700 1
6331 9859 1
6331 9619 1
6343 9363 1
6343 9553 1
6343 8554 1
6346 9868 2
6347 9656 1
6347 9413 1
6347 8774 2
6347 9610 5
6355 9868 1
6355 8639 1
6355 9605 1
6367 8639 36
6367 8644 1
6367 9969 2
6367 9349 9
6367 9732 1
6367 9027 3
6387 8980 1
6387 9215 3
6387 9936 1
6387 9101 4
6387 9958 1
6391 9775 1
6391 8789 6
6405 8811 1
6412 9377 1
6412 9104 1
6414 8625 1
6414 8980 1
6414 9331 1
6414 9297 1
6414 9762 4
6414 9970 1
6419 9145 1
6419 9922 2
6419 9090 11
6430 8998 1
6430 8733 1
6430 9012 1
6430 9130 185
6430 9221 2
6430 9249 1
6436 9659 2
6436 8677 9
6442 8768 3
6442 9689 1
6442 9778 8
6445 9625 1
6445 8557 3
6445 9213 4
6466 8686 1
6468 8886 1
6468 9772 1
6468 8973 1
6468 9859 1
6476 9210 1
6476 9689 1
6476 8737 1
6476 8559 4
6476 8584 1
6476 9402 1
6476 9153 20
6500 9219 5
6500 9803 1
6502 9847 1
6502 8872 1
6502 9668 1
6507 8863 2
6507 9134 6
6507 9057 6
6507 9169 2
6507 9173 3
6509 8769 2
6509 8871 3
6526 9316 1
6526 8598 2
6526 9708 1
6526 9012 1
6540 9651 2
6540 8772 1
6540 8946 1
6540 9217 45
6540 9995 1
6540 9416 1
6540 9476 3
6559 9789 1
6559 8859 5
6559 8898 3
6559 9504 2
6567 9664 1
6567 9768 1
6567 9958 1
6567 8798 2
6567 9790 1
6569 8970 2
6569 9226 2
6569 8589 2
6569 8913 1
6569 9183 1
6569 9409 1
6569 8721 1
6575 8633 2
6575 9525 1
6575 8756 8
6584 8754 1
6584 8795 1
6584 9166 1
6584 9253 1
6584 9357 1
6594 9453 1
6594 9061 1
6594 9269 4
6595 8961 1
6595 9071 1
6632 9788 1
6632 8567 1
6632 9619 1
6634 9185 3
6679 9780 1
6679 8805 7
6679 8927 2
6679 9633 1
6679 9808 3
6688 9195 1
6688 9008 2
6688 9540 1
6688 8757 1
6688 9092 2
6688 9599 1
6718 9162 1
6718 9700 2
6722 9215 2
6722 9598 10
6722 8910 1
6722 9044 1
6722 9065 1
6722 9494 1
6722 9207 5
6722 9877 1
6725 9785 1
6725 8735 1
6725 9540 162
6792 9008 4
6792 9817 1
6792 8859 1
6792 9064 1
6792 9401 1
6792 9453 1
6792 9610 1
6792 9181 1
6792 9789 2
6805 9369 2
6805 8830 1
6805 8660 2
6814 9251 2
6814 9340 1
6814 9932 3
6838 9334 1
6838 9550 1
6838 8886 2
6838 9279 2
6844 8686 4
6844 9946 4
6847 9017 3
6847 9319 1
6885 9078 1
6885 9749 1
6885 9934 8
6885 9247 2
6885 9579 1
6885 8623 9
6885 8983 6
6885 9065 1
6885 9165 8
6885 9267 3
6885 9584 1
6885 9615 2
6895 9738 6
6895 9842 2
6916 9689 1
6916 8948 2
6916 9687 4
6922 9509 1
6922 9668 2
6922 8600 1
6922 8940 1
6922 9116 2
6923 9322 1
6923 9780 1
6923 8638 1
6923 9534 1
6926 9670 1
6926 8815 3
6926 9037 2
6931 9481 1
6931 8818 2
6931 9577 1
6954 9678 11
6954 9869 60
6957 8647 1
6957 8679 1
6957 9185 1
6971 9595 2
6971 9531 9
6984 9029 1
6984 9690 4
6984 9782 1
6984 8837 10
6984 9906 1
6993 9303 1
6993 9138 1
6993 9412 1
7000 9325 1
7000 9478 1
7000 9612 1
7000 9065 2
7000 9595 1
7005 8770 1
7008 9708 1
7008 9776 8
7008 9955 1
7008 8855 1
7008 9396 1
7028 9057 1
7028 8944 1
7028 9430 1
7028 9025 1
7028 9115 1
7028 9516 1
7028 9854 8
7031 8575 1
7031 9216 1
7031 9297 1
7041 8653 4
7049 8637 1
7049 9272 1
7049 9817 4
7050 8600 2
7050 9808 1
7050 9316 1
7050 8916 1
7052 8610 1
7052 9900 9
7054 9143 2
7054 9487 1
7054 9499 1
7054 8980 1
7054 9780 1
7078 8749 4
7078 8808 4
7078 9292 1
7087 9060 3
7087 8692 1
7087 9348 1
7091 9677 1
7091 8669 1
7091 9987 1
7092 9564 1
7092 9497 1
7113 9790 1
7113 9455 1
7131 8839 1
7131 9696 3
7131 8758 1
7131 9273 1
7136 9262 1
7136 9340 3
7136 9230 1
7136 9553 1
7136 9925 1
7136 9465 166
7136 9683 1
7137 9904 1
7137 9298 1
7137 9659 18
7137 9908 2
7142 8671 1
7142 9106 2
7142 8612 2
7142 9236 1
7142 9579 29
7142 9683 1
7142 9545 2
7144 9165 1
7144 9292 1
7144 9270 12
7144 8599 1
7144 9106 2
7144 9468 1
7144 8940 1
7144 9949 1
7144 9051 1
7157 9169 1
7157 9490 1
7157 9196 1
7157 9516 1
7157 9002 4
7160 8700 1
7160 9652 2
7160 9748 2
7171 8746 13
7171 9620 2
7171 9839 1
7176 9963 1
7176 8589 2
7176 8779 2
7176 9504 2
7176 9848 2
7176 9391 1
7186 9057 1
7186 9019 2
7191 8853 1
7191 9003 1
7191 9171 1
7191 9480 3
7192 9008 2
7192 8841 5
7192 9972 1
7192 8938 1
7192 9264 1
7196 9935 1
7196 9500 1
7196 9842 1
7197 9485 3
7197 9244 1
7197 8909 1
7197 8946 2
7197 9269 1
7204 9486 1
7204 9996 1
7204 8720 2
7204 9448 1
7204 9568 2
7223 9302 2
7223 9642 1
7223 9013 1
7231 9334 24
7231 8969 11
7231 9349 1
7236 8694 2
7244 9006 1
7244 9285 1
7244 9883 1
7244 9579 1
7245 8919 2
7245 9874 1
7245 9877 2
7245 9677 1
7245 9183 2
7245 8776 8
7245 9010 1
7245 9108 1
7251 9369 1
7251 9216 1
7251 8567 1
7251 8914 1
7251 9384 1
7257 8844 3
7257 9866 10
7263 9382 1
7263 9089 1
7263 9840 12
7263 8821 1
7271 8711 1
7271 8874 1
7274 9217 8
7274 8917 2
7274 9430 1
7274 9457 1
7274 9392 1
7275 9934 1
7275 8881 2
7275 9326 1
7296 8962 1
7309 9875 1
7309 9251 2
7317 9764 4
7317 9572 7
7330 9469 2
7330 8649 1
7330 8710 1
7345 9186 1
7345 9783 1
7353 8798 1
7353 8591 1
7353 8973 1
7354 9213 1
7354 9107 7
7354 8881 1
7354 9288 2
7361 8831 2
7361 9069 6
7361 8871 19
7366 9328 1
7366 9281 8
7366 9690 2
7366 8971 2
7366 9837 6
7403 9396 1
7403 9687 1
7403 8589 2
7403 8725 4
7403 9525 1
7423 9818 1
7423 9239 1
7423 9868 1
7444 8756 1
7444 8723 1
7473 9727 1
7473 9721 2
7473 9528 200
7484 9689 1
7484 8778 3
7484 8775 1
7493 8584 3
7493 8844 1
7493 8663 1
7493 9514 1
7505 9061 1
7505 8638 2
7520 8663 1
7520 8758 2
7520 9999 1
7520 8681 2
7520 8604 7
7520 9495 5
7520 9668 1
7545 9265 1
7545 9514 2
7545 9300 1
7545 8795 1
7545 9130 1
7545 8854 2
7549 9394 12
7549 9685 1
7549 9069 1
7549 9291 1
7549 9944 7
7549 9125 5
7549 9145 2
7549 9159 2
7566 9532 1
7566 9771 1
7566 9137 2
7570 9955 4
7581 8898 1
7598 8964 1
7598 9150 2
7598 8584 3
7598 8993 1
7602 9778 2
7602 8571 11
7602 9171 1
7602 9712 2
7604 8649 61
7604 9412 1
7604 9921 2
7610 9424 1
7610 9747 2
7618 9472 11
7618 9902 1
7618 9854 2
7618 9787 9
7627 9694 1
7627 9767 3
7627 9217 22
7627 8978 1
7628 9595 5
7628 9775 1
7628 9993 1
7628 9296 2
7628 9316 1
7628 9349 1
7628 9347 137
7635 8692 3
7635 9220 1
7638 9839 1
7638 8744 2
7638 9028 1
7638 8639 1
7647 8701 2
7647 9701 1
7667 9139 1
7667 9457 6
7667 9995 3
7669 8570 2
7669 8683 1
7702 8992 1
7703 9983 1
7703 9306 1
7714 9670 1
7714 8777 21
7714 9623 1
7714 9678 1
7714 9748 3
7743 9600 1
7743 9659 1
7743 9943 1
7743 9374 2
7744 9059 5
7744 8669 22
7750 8915 1
7750 9648 1
7750 9205 2
7750 9241 1
7750 9647 2
7750 8800 2
7750 9731 1
7753 8607 2
7753 8644 2
7753 9455 1
7753 9730 3
7753 9762 1
7753 9768 1
7767 8713 6
7767 9726 1
7767 9041 2
7767 9996 2
7767 8812 1
7767 9968 2
7786 9237 1
7786 9949 2
7786 8604 8
7786 8635 31
7786 8673 1
7786 8863 3
7786 8935 1
7786 8725 7
7786 9311 1
7786 9376 1
7794 9189 2
7794 8895 1
7794 8965 1
7802 9981 1
7802 9193 1
7802 9405 1
7802 9091 9
7802 9260 5
7828 9145 2
7828 9433 3
7838 8736 1
7838 9912 1
7842 8908 8
7842 9514 1
7842 9258 1
7842 9630 2
7855 9888 2
7855 9096 2
7855 9472 2
7855 9491 4
7857 8681 5
7857 9449 1
7857 8834 1
7857 8598 3
7857 9320 1
7857 9745 42
7863 8624 1
7863 9679 4
7863 8919 1
7863 9134 8
7863 9834 4
7871 9460 1
7871 9535 6
7871 9990 1
7871 9682 1
7871 9457 1
7871 9232 3
7871 9532 1
7884 9828 1
7884 9367 1
7885 8681 1
7885 8892 2
7885 9541 1
7905 9430 1
7905 8589 1
7905 9199 1
7905 9279 1
7939 8686 1
7939 8930 1
7949 9729 200
7949 8800 5
7955 9129 1
7955 9385 1
7955 9926 1
7961 8744 1
7961 8921 1
7961 8585 9
7963 8585 1
7963 8903 6
7963 9099 1
7963 9317 1
7963 9751 1
7963 9783 1
7963 8900 5
7970 9177 2
7970 8649 1
7970 9166 1
7970 9887 1
7970 9908 3
7970 8875 1
7970 9178 3
7973 9262 12
7973 9727 1
7973 8921 1
7982 8917 1
7982 9723 1
7982 9537 1
7988 9117 2
7988 9940 1
7989 8670 2
7989 9561 1
7989 9919 1
7989 9108 1
7989 8902 3
8014 9305 1
8014 9974 1
8014 8733 1
8014 8965 3
8014 9486 1
8014 8784 5
8014 8857 2
8014 9837 1
8022 9485 1
8022 8832 2
8022 8840 3
8036 9525 2
8036 9655 1
8036 8706 1
8036 9376 3
8036 9066 1
8036 9285 5
8043 8677 3
8043 9107 1
8044 9888 1
8044 9941 4
8044 9981 1
8044 9849 1
8056 9672 200
8056 8623 1
8056 8704 1
8056 9395 1
8056 9847 6
8059 9089 3
8059 8962 1
8059 9113 4
8059 9849 2
8065 8875 4
8065 9273 1
8065 8669 1
8065 8785 1
8065 9749 6
8065 9271 8
8082 9792 1
8082 9307 1
8082 9372 1
8082 9409 1
8082 9359 1
8082 9788 1
8088 9427 200
8088 9281 2
8088 9512 1
8114 8779 1
8114 8772 1
8141 9741 1
8141 9025 3
8141 9236 4
8146 8916 1
8146 8804 8
8146 9082 2
8146 9239 1
8153 9634 3
8153 9342 1
8158 8819 2
8158 8729 1
8158 9123 1
8158 9140 1
8158 9225 2
8158 9885 1
8160 8602 77
8160 9648 1
8160 8618 1
8160 9630 14
8160 8646 1
8160 8651 2
8165 9531 6
8165 9595 4
8165 8674 3
8165 8720 3
8165 9861 1
8174 8755 1
8174 9080 1
8185 9109 5
8185 9310 1
8194 9917 2
8194 8587 1
8194 9262 1
8194 9696 1
8194 9970 1
8195 9386 13
8195 9221 7
8204 9808 1
8204 9373 1
8204 9503 1
8204 9727 1
8211 8973 1
8211 8628 1
8216 9002 1
8216 8588 22
8216 8905 1
8216 9120 1
8216 9712 1
8216 9948 1
8217 9415 1
8217 9451 1
8229 9148 1
8229 9612 1
8229 9825 2
8231 8853 1
8231 9658 2
8231 8571 1
8231 9750 1
8242 8683 3
8242 8890 1
8242 8917 1
8242 9828 1
8265 8587 1
8265 9391 4
8265 8772 1
8265 9237 1
8280 8754 1
8308 9162 1
8308 9197 1
8308 9253 1
8308 9707 1
8308 8724 5
8308 8831 1
8317 8914 1
8317 9382 5
8317 9650 1
8317 9698 1
8317 8926 1
8317 9855 1
8317 9390 2
8330 8711 1
8330 9241 5
8346 8659 2
8346 9427 6
8346 8725 1
8346 9465 1
8346 9262 1
8346 9331 1
8346 9833 8
8346 9988 1
8363 8823 1
8363 8865 5
8363 9935 3
8372 8938 1
8372 9062 1
8372 9714 1
8405 9524 3
8410 9476 6
8410 8711 3
8410 8633 1
8410 9883 1
8410 8736 1
8410 9363 1
8411 9176 3
8411 9463 1
8411 9475 1
8412 9678 1
8412 8708 1
8412 9059 1
8420 8924 1
8431 9612 2
8431 8946 1
8431 9300 2
8431 9492 1
8431 9076 2
8446 9343 1
8446 9794 1
8467 8743 1
8486 9150 14
8486 8730 3
8486 9383 2
8486 9557 1
8489 9535 2
8489 9322 1
8489 9763 2
8489 9513 1
8505 9153 1
8505 9249 1
8505 9877 1
8505 8709 3
8505 9509 3
8505 9388 1
8505 9424 1
8512 9082 1
8512 8836 1
8512 9634 1
8512 9685 1
8523 9119 1
8523 9518 2
8523 9019 1
8523 8631 1
8523 8557 1
8528 8902 1
8528 8993 1
8528 9245 1
8528 9358 13
8529 9566 3
8529 8792 1
8529 9511 1
8529 9452 1
8529 9664 1
8539 9173 1
8539 9115 1
8539 8625 1
8539 8727 1
8539 8815 1
8539 8882 1
8539 8972 5
8539 9873 1
8541 9808 35
8541 9644 2
8544 9251 1
8544 9355 1
8544 9115 18
8544 9354 1
8544 9604 1
8551 8686 4
8551 9265 2
8551 9305 9
8551 9657 1
8551 9063 1
8553 8779 1
8553 9402 1
8553 9661 1
8554 9994 1
8554 8791 5
8555 8920 1
8555 8906 5
8556 9356 1
8556 9016 4
8556 9363 1
8556 9675 1
8556 8957 1
8558 9368 1
8560 8661 1
8560 8634 1
8561 9382 1
8561 8987 1
8562 8701 2
8562 9751 1
8562 8910 1
8562 9594 1
8562 9934 8
8563 9000 4
8564 8565 4
8564 9547 3
8564 9642 1
8564 8743 1
8564 9109 1
8566 8678 2
8568 9599 1
8568 8795 26
8568 9481 2
8568 9603 1
8568 9682 1
8569 8598 3
8569 9883 1
8569 9913 1
8569 9574 1
8569 9778 1
8569 8601 1
8569 8913 200
8569 9454 1
8572 9287 1
8573 9465 1
8573 9883 13
8573 9184 6
8573 9932 1
8574 9389 2
8575 8621 2
8576 9171 1
8576 9340 1
8576 9475 1
8577 9684 1
8578 8682 1
8578 8985 1
8578 8678 12
8579 8678 2
8579 9807 1
8580 8820 1
8581 9210 163
8581 9903 1
8582 9127 1
8582 9309 1
8582 8811 1
8582 9612 1
8582 9860 1
8583 8874 1
8583 8895 2
8583 9288 1
8583 9974 1
8584 8672 1
8584 8796 2
8585 8788 1
8587 8606 1
8587 9033 3
8587 9318 1
8589 8943 1
8590 8935 2
8590 9588 1
8590 9598 8
8590 9092 1
8590 8778 1
8590 9026 1
8591 8809 5
8592 9114 2
8593 8945 4
8593 9058 200
8594 8791 1
8595 9702 1
8595 9221 4
8595 8671 1
8595 9150 1
8595 8803 1
8595 9526 1
8596 8874 2
8596 9207 8
8596 9113 2
8597 9707 1
8597 9126 2
8598 8690 2
8599 8843 2
8601 9441 2
8602 9042 2
8602 8654 2
8603 8720 1
8603 9868 5
8604 9692 1
8605 8958 1
8606 9334 1
8606 8942 23
8606 8967 57
8606 9498 1
8606 8847 1
8606 9218 1
8607 8984 21
8608 9794 1
8608 8626 2
8609 8880 1
8610 8932 1
8611 9788 1
8611 8725 4
8613 8699 200
8614 9419 3
8614 9198 3
8614 8666 2
8615 9860 1
8615 9150 1
8615 9431 1
8616 9502 1
8617 9502 1
8618 8719 1
8620 8849 1
8620 9270 3
8620 9598 31
8621 9838 1
8621 9355 1
8621 8727 1
8621 9463 1
8621 9485 1
8622 8986 1
8622 9067 1
8622 9007 3
8624 8781 1
8626 9001 1
8627 9287 1
8627 9776 3
8628 9039 2
8629 8641 3
8629 9734 3
8630 8907 1
8631 9022 1
8632 9305 1
8632 9658 1
8634 9380 1
8636 9959 1
8636 8879 1
8636 8750 1
8636 9377 2
8636 8739 1
8636 9580 1
8637 8719 1
8637 8766 1
8637 8678 1
8639 9953 4
8640 9147 3
8640 9424 4
8640 9680 2
8640 8941 1
8640 9135 1
8641 9787 2
8641 9792 3
8641 9977 1
8642 9422 2
8642 9628 1
8642 9823 2
8643 9661 1
8643 8668 1
8643 8768 17
8643 9919 2
8644 8986 1
8644 8937 1
8644 9333 1
8645 8953 1
8646 9350 2
8648 8912 1
8648 9980 4
8651 8794 1
8652 8677 1
8652 9440 1
8652 9571 10
8653 8728 1
8654 9492 10
8654 9557 2
8654 8795 1
8655 8990 1
8656 9757 1
8659 8676 13
8659 9882 4
8659 8672 1
8660 8791 1
8661 8911 2
8661 9302 4
8661 9843 1
8662 8850 1
8663 8829 1
8663 9155 1
8664 9543 1
8664 9698 1
8664 8887 2
8664 9092 3
8665 9883 1
8665 9289 1
8666 8825 1
8666 9378 2
8667 8699 1
8667 8695 1
8668 8838 1
8669 8860 3
8672 9683 4
8672 9786 8
8672 8803 2
8672 9287 1
8672 9025 22
8672 9557 4
8672 9752 1
8672 9999 2
8674 9688 1
8675 9020 1
8676 9630 4
8676 8729 1
8676 9879 76
8676 9117 9
8678 8923 1
8678 9650 8
8679 8820 14
8679 8929 1
8680 9531 4
8680 9495 1
8680 9508 8
8680 9117 1
8680 9756 1
8681 8695 1
8682 8743 2
8682 9931 2
8682 9447 1
8682 9558 1
8683 8858 1
8684 9450 1
8684 9669 1
8684 9055 2
8684 9325 1
8684 9702 1
8685 9763 4
8685 9877 3
8685 9984 4
8687 9419 1
8687 9897 1
8687 9983 2
8689 8894 2
8689 9990 1
8690 9367 1
8690 9486 1
8692 8929 1
8693 9136 1
8693 9267 4
8693 8991 1
8695 8857 1
8695 9786 1
8696 9136 1
8696 9943 1
8696 9302 1
8696 9481 1
8696 8853 1
8696 8916 5
8696 8733 1
8696 9100 1
8696 9901 4
8696 9905 3
8696 9970 1
8697 9388 1
8697 9635 2
8697 8718 1
8697 9181 1
8698 9579 1
8698 8989 1
8698 9658 3
8698 9995 1
8699 9429 1
8699 9325 111
8699 9450 1
8699 9178 1
8699 9873 2
8699 8975 1
8699 9354 3
8699 8876 4
8699 8992 1
8700 9350 9
8701 8816 1
8701 8928 3
8703 9702 1
8703 8901 1
8703 8752 4
8703 9657 1
8705 9121 4
8705 8836 2
8707 9047 4
8712 8787 1
8714 8861 1
8716 9318 1
8717 8773 1
8719 9110 1
8719 8882 1
8719 8786 1
8723 8846 1
8723 8809 5
8726 9310 1
8726 9871 1
8726 9909 5
8728 9237 1
8728 8963 1
8729 9853 3
8731 8868 37
8732 8830 3
8732 9223 9
8732 9498 1
8732 9934 1
8732 9192 1
8732 9735 3
8733 8947 2
8734 8993 1
8734 9205 16
8734 9959 1
8734 9749 1
8736 9719 6
8738 9169 1
8738 8764 2
8738 9443 1
8738 9941 1
8741 9032 1
8742 9799 2
8742 9782 1
8742 9045 2
8742 9247 1
8742 9663 2
8742 9915 2
8745 9221 1
8745 9981 1
8745 9921 3
8745 9724 12
8745 9122 1
8745 9199 1
8747 9963 1
8747 9425 5
8747 9361 4
8748 8999 2
8749 8797 2
8749 9967 1
8750 9459 1
8753 9788 1
8753 9061 3
8755 8766 1
8757 8990 5
8759 9858 5
8759 8856 1
8759 9372 1
8760 9479 11
8762 8860 1
8763 9196 1
8763 8881 1
8763 9119 2
8763 9517 1
8765 9053 179
8765 8925 1
8765 9654 11
8765 9184 1
8765 9932 1
8766 8857 2
8766 8807 1
8767 8887 1
8767 9945 1
8767 9427 1
8770 9570 1
8771 9114 1
8771 9054 2
8774 8825 1
8776 8883 2
8776 9994 1
8780 8950 1
8781 8862 1
8782 9393 1
8782 9120 2
8783 9004 7
8783 9068 1
8787 9537 1
8787 9686 1
8787 9832 1
8787 9012 1
8787 9741 1
8787 9716 1
8788 9314 1
8789 9829 1
8790 9820 1
8791 8891 1
8791 9809 1
8791 9071 1
8794 9025 1
8796 9452 1
8796 8957 22
8796 9349 19
8796 8817 1
8796 9136 1
8796 9176 2
8799 9218 5
8799 9651 1
8801 9258 2
8801 9954 2
8802 9878 3
8802 9197 1
8805 8824 1
8806 9343 1
8809 9205 1
8809 9695 1
8809 9251 1
8809 8835 1
8811 8990 1
8813 9073 6
8814 9945 5
8814 9376 3
8814 9406 3
8814 9513 1
8814 9686 1
8816 8915 2
8816 9662 1
8816 9883 1
8818 9953 1
8819 9042 1
8820 9034 18
8820 9453 1
8821 8988 1
8822 9318 1
8823 8945 2
8824 9016 1
8825 8866 14
8825 9125 19
8825 9533 1
8825 9823 3
8825 8912 1
8825 8844 4
8825 9890 1
8825 9946 1
8825 9530 1
8827 9949 50
8827 8865 1
8827 9117 1
8828 9040 2
8828 8872 1
8828 9066 1
8828 9253 1
8829 9071 1
8829 9215 1
8829 9209 4
8829 9024 1
8833 9533 2
8833 9507 1
8833 9690 1
8833 8961 1
8837 9015 11
8838 9406 1
8838 9655 1
8840 8873 2
8842 9735 1
8842 9078 3
8843 9221 1
8843 9785 2
8844 8860 1
8845 9652 1
8845 9840 2
8845 9184 1
8846 8856 1
8846 9371 21
8846 8894 1
8846 8916 1
8846 9027 2
8846 9170 21
8846 8970 1
8850 9025 2
8850 9428 1
8850 9146 1
8850 9081 2
8851 9934 1
8851 9173 1
8851 9014 1
8851 9857 1
8852 8977 1
8854 8986 1
8855 9502 1
8858 9745 2
8858 9075 1
8858 9801 1
8858 9011 1
8858 9404 1
8860 9120 10
8860 9361 4
8860 9993 1
8860 9166 1
8861 8862 1
8861 8979 1
8861 9533 1
8864 9997 1
8866 8953 2
8867 9350 1
8867 9882 1
8868 9656 1
8868 8891 1
8868 9594 2
8868 9898 2
8868 8967 1
8869 9697 1
8869 9688 1
8870 9259 1
8873 9497 1
8873 9929 4
8878 9506 1
8878 9904 1
8878 9315 2
8878 9737 1
8878 9781 1
8878 9444 1
8880 9190 171
8880 9201 1
8880 9385 3
8880 9079 1
8880 9846 1
8882 9038 5
8883 9509 1
8888 9010 1
8888 9633 1
8888 9277 1
8888 9566 4
8889 9807 1
8893 9294 3
8894 9646 12
8896 9275 1
8897 9096 2
8897 9654 1
8899 9451 1
8899 9656 1
8900 8974 3
8902 9318 1
8903 9015 1
8904 9816 2
8904 9868 1
8904 9929 7
8906 9154 4
8906 9639 1
8906 9102 4
8906 9775 3
8907 9568 1
8907 9404 2
8910 9646 3
8919 8994 2
8920 9770 3
8920 9908 9
8920 9388 1
8920 8955 1
8920 9561 3
8921 8977 10
8922 9033 1
8926 9194 6
8929 9888 1
8932 9735 1
8932 9680 8
8932 9129 2
8933 9515 1
8934 9270 16
8934 9248 1
8934 9356 1
8937 9491 2
8937 9443 1
8937 9381 1
8937 9604 12
8937 9981 1
8941 9953 1
8942 9829 1
8943 9051 10
8944 9333 1
8945 9271 1
8945 8957 3
8945 9454 1
8947 9619 1
8947 9904 1
8947 9409 1
8949 9658 1
8949 9737 1
8949 9428 1
8949 9542 1
8950 9174 1
8950 9564 2
8951 9625 1
8951 9070 6
8951 9770 1
8952 9146 1
8953 9545 2
8953 9676 3
8956 9318 1
8958 9000 1
8959 9745 1
8959 9189 1
8960 9078 3
8960 9098 2
8960 9293 1
8960 9600 4
8966 9431 1
8968 9554 23
8968 9069 1
8968 9446 1
8968 9471 2
8971 9609 17
8972 9047 2
8974 9833 2
8974 9101 20
8974 9747 1
8974 9089 1
8975 8984 1
8975 9047 1
8976 9894 1
8976 9739 14
8977 9680 1
8977 9740 1
8981 9980 2
8981 9334 1
8981 9100 1
8981 9963 3
8984 9217 5
8985 9430 1
8986 9837 2
8986 9142 1
8986 9224 2
8986 9446 64
8988 9651 1
8988 9177 1
8989 9020 1
8990 9315 1
8990 9223 1
8990 9305 5
8993 9015 1
8993 9031 1
8994 9416 3
8994 9201 1
8994 9209 5
8995 9264 2
8995 9768 2
8995 9334 3
8995 9377 1
8996 9196 2
8996 9969 1
8999 9361 3
8999 9912 1
9000 9104 1
9000 9909 1
9001 9073 1
9003 9807 10
9004 9145 1
9004 9504 1
9004 9740 4
9004 9860 1
9004 9386 1
9004 9415 1
9004 9966 5
9005 9861 35
9005 9178 4
9005 9062 1
9005 9426 50
9006 9114 4
9007 9230 1
9010 9459 7
9012 9479 1
9015 9612 6
9015 9949 1
9020 9419 1
9020 9140 2
9020 9515 5
9020 9894 1
9021 9314 1
9021 9551 1
9022 9438 1
9023 9039 2
9024 9967 1
9024 9570 8
9029 9068 1
9030 9623 8
9030 9346 1
9031 9732 1
9031 9200 2
9031 9406 2
9031 9645 2
9031 9927 1
9031 9898 9
9031 9040 1
9032 9812 1
9032 9625 1
9033 9450 1
9035 9889 6
9035 9398 1
9035 9745 2
9035 9788 1
9036 9609 1
9036 9350 4
9038 9771 1
9038 9939 8
9038 9501 1
9039 9053 1
9040 9350 3
9040 9050 1
9041 9054 3
9042 9377 3
9042 9815 1
9042 9748 1
9042 9355 1
9043 9384 1
9043 9363 1
9043 9856 1
9047 9529 1
9047 9158 1
9047 9317 1
9049 9748 2
9049 9979 1
9050 9468 1
9050 9537 1
9052 9184 1
9052 9258 1
9053 9692 2
9054 9365 1
9054 9919 8
9058 9823 1
9058 9148 1
9058 9746 2
9058 9287 1
9065 9294 1
9067 9262 1
9067 9799 5
9068 9256 1
9068 9888 1
9068 9289 1
9068 9481 3
9068 9316 1
9082 9294 200
9088 9360 3
9094 9441 1
9098 9318 1
9101 9911 1
9114 9935 7
9114 9423 3
9114 9741 6
9127 9301 2
9130 9333 4
9133 9483 1
9136 9807 1
9139 9336 1
9144 9801 15
9144 9216 2
9144 9650 1
9144 9915 2
9145 9829 1
9155 9383 1
9155 9887 1
9161 9439 5
9165 9853 2
9172 9194 1
9179 9667 9
9181 9867 2
9182 9437 2
9186 9294 1
9186 9222 1
9187 9816 1
9194 9746 3
9194 9339 2
9194 9846 1
9200 9301 2
9201 9882 1
9215 9459 1
9216 9829 1
9226 9755 1
9226 9807 1
9232 9333 1
9234 9350 2
9234 9570 1
9234 9368 1
9235 9754 1
9243 9994 2
9265 9994 1
9288 9673 1
9290 9920 1
9290 9912 1
9290 9472 1
9290 9635 3
9290 9900 3
9294 9731 1
9294 9929 1
9294 9427 1
9300 9483 27
9301 9328 2
9301 9456 1
9301 9331 1
9301 9549 5
9303 9692 1
9316 9333 1
9318 9670 1
9318 9328 6
9318 9389 1
9318 9406 1
9323 9994 1
9324 9626 3
9325 9570 1
9326 9350 1
9333 9390 1
9333 9358 6
9333 9509 1
9333 9342 17
9333 9553 1
9336 9756 1
9343 9953 1
9350 9456 1
9350 9608 1
9362 9368 3
9365 9688 1
9368 9397 1
9372 9570 7
9381 9705 1
9381 9867 2
9388 9459 1
9399 9795 1
9414 9585 1
9430 9829 1
9452 9684 2
9459 9620 1
9459 9762 3
9459 9655 4
9459 9564 1
9459 9616 1
9464 9585 7
9464 9807 1
9483 9525 1
9494 9585 9
9502 9772 1
9545 9673 1
9548 9984 1
9553 9646 2
9584 9829 1
9585 9660 2
9603 9867 2
9603 9697 1
9609 9787 3
9609 9936 1
9625 9994 1
9628 9697 20
9646 9751 1
9646 9660 2
9646 9977 2
9671 9680 1
9673 9908 3
9673 9862 1
9675 9994 1
9686 9697 2
9688 9744 4
9695 9994 1
9703 9991 1
9705 9709 1
9705 9996 3
9715 9882 5
9719 9783 3
9734 9889 1
9734 9840 1
9737 9755 5
9750 9994 1
9778 9882 1
9796 9916 1
9806 9911 1
9839 9867 1
9848 9853 1
9864 9997 2
9882 9936 1
9966 9997 1
