9 8819 4
9 9795 2
9 9397 4
9 9151 2
17 8653 1
17 9231 2
17 9475 1
17 9209 3
17 9402 5
38 9464 1
38 8641 1
38 9419 2
38 9638 9
39 8768 6
39 8547 1
43 9357 6
43 9671 2
43 8857 1
45 9663 2
45 9049 1
45 9083 2
45 9434 1
49 9253 7
49 8982 1
49 8947 1
49 9133 3
49 9380 2
49 9511 1
49 8642 1
70 8647 1
70 8561 2
70 9518 2
90 8931 1
90 9109 1
90 9253 5
90 9361 1
90 8743 1
90 8528 2
107 9182 2
107 8553 200
107 8685 1
107 9494 1
107 9726 1
110 8759 1
110 9233 1
135 9611 4
135 9489 1
135 9887 1
135 8592 1
135 9854 1
142 9488 1
142 9949 1
142 8689 1
145 9100 1
157 9982 1
157 9550 3
157 8655 6
157 9477 34
157 9352 1
157 9374 3
157 9749 1
157 9074 11
157 9945 40
161 9321 1
173 8706 2
173 9238 1
173 9574 3
173 9888 22
183 9998 1
183 9010 1
183 9224 3
183 9716 1
183 9841 6
188 9388 1
188 9966 1
196 9645 2
196 8863 1
196 8994 1
196 9253 1
220 9584 1
220 9243 1
220 9713 4
220 9590 5
220 9578 2
220 9792 1
222 8960 1
244 9461 2
244 9589 9
244 8549 1
244 9644 1
244 9227 1
244 9681 29
277 8835 4
277 8945 2
277 8602 1
277 8546 1
277 9949 1
284 8592 1
284 8804 1
284 9950 1
291 9301 1
291 9575 1
291 8902 1
291 9334 1
312 8742 1
327 8835 3
327 9488 21
327 9725 2
327 9781 2
332 9883 1
332 8553 1
332 8864 1
332 9220 3
342 9562 3
344 8849 3
344 8923 1
344 9246 4
344 9644 2
354 8689 1
354 9652 4
354 9828 1
354 9000 4
354 9460 1
354 9026 1
354 9228 1
374 9944 4
374 9932 1
389 8520 1
389 9569 1
389 8664 3
389 9406 1
389 9467 1
400 8755 2
400 8518 1
400 8572 1
400 8997 1
400 9141 1
415 9587 2
415 8599 33
426 8642 1
449 8947 1
449 8818 2
449 9180 1
449 9160 6
449 9624 1
449 9728 1
469 9050 1
469 9254 1
469 9113 1
469 9594 1
490 9552 1
490 9201 3
490 9694 3
490 8659 1
495 9059 4
495 9896 1
495 8798 1
495 8917 1
495 9452 1
495 9465 3
497 9644 5
497 9402 1
497 9858 1
497 8598 12
505 9032 3
505 8778 1
505 9025 1
512 8768 22
512 9010 3
512 9389 1
515 8938 3
515 8911 1
515 9019 2
515 9274 7
515 9579 4
518 9786 1
518 9466 1
518 9679 4
543 8580 1
543 9289 1
543 9358 1
543 9664 1
552 8549 1
552 9493 1
558 9187 1
558 8703 2
558 8777 5
558 9470 1
558 8631 1
558 8793 2
572 9467 1
572 9894 1
575 9089 1
575 9943 52
608 8567 3
608 8656 1
608 9828 1
608 9121 1
609 9919 4
609 9167 2
609 8642 1
609 8900 9
612 9240 1
612 9665 1
614 8829 1
614 9546 1
614 8790 1
614 8835 2
614 9247 1
614 9085 2
618 8804 1
618 8964 1
629 9354 4
629 9378 1
629 8564 1
629 8775 1
629 9066 2
656 8530 1
656 9035 2
656 9214 1
656 9314 1
656 9547 1
664 8998 2
664 8912 4
664 9250 1
664 9383 2
664 9874 1
664 8664 1
678 8965 1
678 8658 2
678 9564 1
679 9257 1
700 9042 1
700 9196 1
719 9905 14
720 9799 2
720 9005 1
720 8528 10
720 9243 1
726 9055 1
726 9777 1
726 9025 1
726 9894 2
727 8635 4
727 9998 1
741 9712 1
741 9612 5
741 8594 3
741 9538 2
741 9779 1
741 9847 6
746 9040 3
746 9556 4
746 9066 1
746 9464 1
758 8546 1
758 9192 1
758 8907 6
758 9326 4
766 9054 3
781 9012 1
781 8591 1
781 8669 1
781 8730 2
781 8876 1
781 8899 2
782 8842 1
787 9292 1
787 8655 2
787 9670 1
787 8768 3
787 9383 1
800 9704 1
800 8543 1
809 8717 3
852 9667 1
852 9012 2
852 8694 1
855 8875 1
855 8654 1
855 8796 1
867 9171 1
867 9647 1
867 8584 47
869 9589 3
876 9459 1
876 9548 1
878 9478 200
878 9477 1
878 9944 2
908 9443 1
908 9452 1
908 9675 13
924 9019 59
924 9195 2
924 8526 1
924 9906 29
926 8842 1
926 9691 1
944 8888 1
944 8566 2
944 8889 2
944 9524 1
944 8669 1
952 9564 1
952 8819 1
970 8658 8
970 8602 1
970 9816 1
976 9582 1
976 9252 1
976 9668 1
976 9293 1
980 9980 3
980 9029 2
980 9899 1
980 9574 1
980 9708 1
983 9789 2
983 8920 3
987 9767 1
987 8867 1
987 9926 1
987 9439 8
987 9477 1
987 8634 8
1020 9103 1
1020 9590 2
1024 9784 4
1024 9987 1
1028 9978 1
1028 9830 7
1028 9428 1
1028 9598 1
1028 9859 1
1028 9072 1
1030 9048 1
1030 9775 7
1030 9278 1
1038 9693 1
1038 8535 1
1038 9800 1
1040 9541 3
1040 9574 10
1040 9575 1
1041 9421 1
1041 9180 1
1041 9054 1
1041 8671 7
1041 8645 1
1041 8647 28
1041 9593 3
1054 9616 1
1054 8912 12
1054 9836 1
1054 9337 2
1054 9500 1
1081 8981 2
1081 9197 1
1081 8960 1
1081 9779 1
1121 9096 1
1121 8844 1
1121 9162 2
1121 8613 1
1121 8977 1
1121 9346 27
1121 9838 1
1121 8851 2
1121 9844 5
1124 9127 1
1124 9153 1
1124 9256 3
1124 9311 1
1128 9869 1
1128 9253 1
1128 9336 1
1128 9411 2
1128 9093 200
1128 9204 2
1128 9331 1
1128 9453 4
1149 8977 1
1158 9579 1
1158 9664 1
1158 9351 1
1158 9892 1
1162 9243 4
1162 9708 1
1162 8908 1
1162 9702 1
1163 9345 3
1163 9310 1
1163 8842 2
1163 9795 1
1163 8914 1
1163 9258 1
1173 9415 1
1173 8620 1
1190 9989 1
1199 9484 1
1199 8960 1
1238 8700 1
1238 8951 1
1238 9037 1
1238 9171 1
1238 9688 1
1238 9714 1
1238 9161 1
1250 9988 1
1250 9591 1
1281 9578 1
1281 9816 1
1306 9171 2
1306 9306 1
1306 9677 1
1327 8640 4
1327 8909 7
1327 8793 8
1327 9801 1
1327 9167 1
1327 9228 2
1327 9494 1
1339 9874 3
1339 9738 2
1339 9885 1
1374 9976 2
1379 9358 1
1379 9819 1
1379 9528 1
1379 9450 6
1379 9299 1
1382 9117 2
1382 8735 1
1382 9027 1
1392 9422 1
1399 8791 10
1399 8946 1
1399 9320 2
1399 8787 1
1399 9537 1
1399 9869 2
1399 8751 49
1403 8883 1
1403 9422 2
1403 9190 4
1403 9534 2
1410 9443 1
1410 8584 2
1410 9332 4
1410 9397 1
1410 9294 1
1410 9974 2
1419 9389 1
1419 9430 1
1419 8633 1
1419 8672 1
1419 9561 3
1430 8568 1
1430 8930 2
1430 9657 1
1430 9823 2
1430 9849 2
1443 9689 1
1443 8596 12
1443 9527 1
1443 9286 1
1461 9049 1
1461 8891 1
1469 8801 4
1469 9837 1
1514 9430 1
1514 8848 1
1514 9256 1
1514 9752 1
1514 9320 1
1514 9647 2
1521 9766 1
1521 9597 9
1531 8804 2
1531 9934 12
1531 9798 2
1531 9148 1
1538 9068 1
1538 9584 1
1551 9378 2
1564 8730 1
1564 8897 3
1564 9042 1
1564 9844 1
1565 9131 8
1565 9739 7
1565 9251 3
1565 9647 1
1578 9480 2
1578 9207 1
1578 9665 1
1594 8988 1
1594 9178 1
1594 9823 1
1595 9825 1
1595 8964 6
1595 8929 7
1595 9822 1
1608 9847 3
1608 9493 1
1612 9944 1
1612 8932 1
1612 9055 1
1612 9093 1
1612 9476 1
1612 9708 1
1612 9647 1
1612 9314 1
1612 9437 1
1612 9817 2
1621 9373 18
1621 9185 1
1621 8924 2
1621 8526 3
1629 9794 1
1629 8759 1
1629 9044 1
1629 9421 13
1629 9815 2
1631 8931 1
1631 9788 3
1631 9067 1
1631 9241 1
1631 9514 1
1632 9413 3
1632 9776 5
1632 9518 2
1632 8661 2
1632 8773 1
1632 9934 2
1644 8542 1
1644 9080 15
1644 8809 15
1644 9045 1
1649 9514 1
1652 9271 4
1652 8592 3
1652 8791 77
1652 9972 1
1652 9241 1
1652 9452 1
1652 9723 8
1652 9224 2
1653 8883 2
1655 9970 79
1655 9107 1
1655 9133 1
1655 9299 4
1668 9410 1
1668 9702 193
1668 9062 1
1668 9098 1
1668 9157 10
1671 9346 2
1671 8726 2
1671 9904 1
1672 9005 1
1672 9923 1
1672 9744 1
1672 8676 1
1675 8828 1
1741 9133 3
1741 8614 2
1741 9313 1
1741 9872 1
1741 9236 2
1741 9410 1
1753 8649 6
1753 9032 1
1753 9789 4
1757 9964 1
1757 9499 2
1759 9310 1
1759 9319 2
1760 9661 2
1760 9311 1
1760 9591 1
1760 8649 9
1760 9278 1
1760 9306 1
1769 8871 1
1769 8542 1
1769 9527 1
1769 9719 1
1776 9180 1
1785 9879 1
1785 9613 1
1785 9184 1
1785 9240 1
1787 8863 1
1787 9182 1
1787 8706 1
1787 9442 1
1787 8575 1
1787 9798 1
1809 9443 3
1809 9522 1
1809 8890 1
1809 9035 1
1809 9869 4
1810 9389 4
1810 9419 1
1810 9714 1
1825 9670 1
1825 9057 2
1825 9202 1
1828 9851 1
1828 8612 1
1828 9642 1
1828 9809 1
1828 8981 1
1833 9642 1
1833 9943 1
1833 8654 2
1838 9702 1
1838 9936 2
1860 8966 4
1860 8784 1
1860 9656 2
1860 8707 1
1860 9947 1
1865 9333 1
1865 8698 3
1865 9454 2
1878 9361 1
1878 8764 1
1878 9386 1
1887 8831 5
1887 8852 1
1888 9028 1
1888 9138 1
1888 9645 1
1888 9776 1
1894 9480 1
1894 9888 1
1894 9507 15
1894 9760 3
1894 9925 1
1894 8529 1
1894 8591 2
1894 8740 1
1894 9009 2
1894 9810 1
1923 9122 75
1923 8847 1
1923 9132 3
1923 9599 2
1949 9059 31
1949 9095 1
1949 9573 1
1949 9982 4
1955 9321 2
1955 9366 1
1955 8691 3
1955 9584 1
1956 8757 3
1956 8632 1
1956 9649 1
1956 8977 1
1956 9153 1
1956 9472 1
1957 9107 1
1957 9935 1
1957 9960 1
1957 8545 1
1957 9039 37
1957 9172 14
1971 8658 2
1971 9620 1
1971 8946 2
1971 8787 2
1974 9338 1
1974 8757 1
2001 9178 52
2001 9495 1
2002 8683 1
2024 9919 1
2024 9750 1
2032 9326 1
2032 9983 6
2060 9870 8
2060 9080 48
2079 9168 1
2094 9151 3
2094 8561 1
2094 9156 1
2094 9279 1
2094 9579 1
2127 9366 9
2137 8789 3
2137 8927 1
2137 9764 1
2137 9357 13
2137 9684 1
2154 9161 2
2154 9955 1
2155 8597 1
2155 9795 1
2178 8850 1
2178 9065 1
2182 9529 1
2182 9489 1
2182 9264 1
2200 8931 1
2200 9250 1
2211 9760 2
2211 9879 6
2219 8633 1
2219 9119 4
2219 9955 1
2219 9618 11
2223 8757 1
2223 9635 2
2231 9232 3
2231 9029 1
2231 9306 2
2231 9941 1
2231 8609 1
2231 9020 1
2231 9920 1
2235 9216 1
2256 9533 1
2259 9003 1
2272 8927 4
2272 8850 1
2293 9358 1
2293 8753 1
2293 9625 2
2307 9204 2
2307 9928 2
2307 9715 2
2307 9878 1
2307 9310 13
2310 9025 1
2310 9780 9
2310 9726 10
2311 9559 2
2311 8772 1
2311 9937 1
2353 9823 1
2353 9853 1
2362 8870 1
2362 9078 2
2362 9358 1
2362 8995 1
2362 8825 1
2362 9932 3
2371 8908 1
2371 8597 56
2386 8604 1
2386 8810 1
2386 8855 1
2404 9819 2
2404 8772 2
2415 8804 4
2415 8936 3
2415 8858 26
2415 9229 5
2420 8732 23
2421 8870 1
2421 9705 1
2421 9257 1
2429 8773 4
2429 9230 8
2429 8655 7
2429 9581 2
2429 9373 1
2429 9641 1
2429 9403 3
2431 9958 1
2431 8997 1
2431 9341 1
2431 9861 1
2431 8579 2
2431 9974 1
2431 8640 1
2431 8965 1
2451 9029 1
2451 9493 1
2454 9048 2
2454 9446 1
2454 9814 13
2454 9071 1
2468 9021 7
2468 9736 1
2468 8573 1
2468 8764 113
2468 9150 1
2468 9419 200
2468 9712 4
2468 9789 1
2487 9084 1
2487 9683 1
2487 9671 1
2518 9440 2
2518 9987 1
2518 9819 1
2535 9507 2
2535 8789 7
2535 9630 2
2535 8923 2
2535 9124 1
2536 9120 1
2536 9819 1
2536 8705 1
2536 8802 3
2536 9185 1
2536 9405 1
2540 9622 1
2540 9454 4
2544 9077 2
2549 9200 1
2549 9180 2
2549 9758 1
2549 9664 1
2549 8545 1
2549 9121 7
2549 9980 6
2580 9844 4
2580 8622 1
2580 9109 2
2609 9122 1
2609 9447 1
2609 9916 1
2613 8691 3
2613 9524 1
2616 8603 1
2616 9363 2
2661 9733 6
2661 9920 6
2661 8648 1
2661 9847 1
2661 8799 1
2701 9128 2
2701 8579 1
2701 9339 2
2701 9103 1
2701 8870 1
2701 9138 1
2701 9472 20
2701 9281 2
2701 9885 1
2701 9327 1
2701 9379 1
2701 9676 1
2715 9655 1
2715 9117 3
2715 9389 1
2715 9262 3
2726 9247 8
2726 8892 3
2726 8814 1
2726 9315 1
2726 9836 1
2756 8986 3
2756 8905 3
2759 8615 2
2759 9149 4
2759 9829 1
2798 9065 1
2798 9420 1
2809 9991 1
2813 9481 1
2813 8571 1
2813 8940 1
2813 9489 1
2813 9616 2
2834 9310 1
2834 8730 3
2834 9581 1
2834 9754 3
2855 9062 4
2855 9458 1
2868 9100 1
2868 9472 1
2868 8732 2
2870 8735 2
2870 8920 1
2870 9410 4
2870 9976 1
2870 9332 8
2870 9419 49
2870 8858 1
2870 8594 1
2870 9277 1
2885 9781 29
2885 9350 3
2885 8695 4
2885 9234 1
2885 9704 2
2885 9852 29
2898 9960 1
2898 8606 2
2898 9660 1
2898 8593 1
2916 9015 4
2916 9666 1
2916 8729 1
2921 8683 1
2921 9677 1
2921 9002 1
2944 9546 1
2944 9559 1
2957 9820 2
2969 9638 1
2969 9615 1
2990 9342 1
2990 9496 1
3019 9534 7
3019 8705 1
3034 9975 3
3034 9586 1
3050 9947 2
3050 9359 2
3056 9800 3
3056 9289 10
3063 8918 5
3063 9026 1
3063 9527 1
3063 8733 1
3063 9001 1
3063 8818 1
3063 9285 1
3063 9302 5
3063 9399 5
3063 9781 1
3068 8876 26
3068 9187 1
3068 8861 1
3073 8581 6
3073 9074 3
3073 9392 64
3076 8539 1
3078 8551 1
3078 9694 1
3078 9982 1
3078 9171 3
3078 9998 1
3101 9614 1
3106 8818 1
3106 8764 2
3113 9264 3
3113 9832 1
3128 9073 7
3128 9678 80
3128 9997 1
3128 9768 2
3152 9415 2
3152 9795 1
3166 8649 1
3166 8938 7
3166 8757 1
3170 9943 1
3170 9689 1
3196 9675 10
3196 9836 1
3196 9465 1
3225 9966 1
3225 8661 1
3226 9220 1
3226 9183 1
3226 8648 1
3232 8969 2
3243 8969 1
3243 9141 4
3265 9473 9
3265 9501 2
3265 9487 2
3265 9633 1
3266 8540 7
3266 8842 1
3266 9495 1
3266 9899 1
3267 9934 3
3267 8579 1
3267 9350 1
3267 9579 1
3267 9830 1
3268 9225 4
3268 9705 1
3268 9021 91
3268 8685 1
3268 9257 1
3275 9363 1
3275 9521 1
3275 9078 2
3296 8972 1
3296 9954 1
3296 9419 2
3296 9350 7
3296 9508 1
3296 9282 1
3296 9434 1
3296 9245 1
3296 9686 1
3298 9058 1
3298 8886 21
3298 9164 1
3299 9450 1
3309 9622 1
3309 8991 1
3317 9831 1
3317 9046 1
3317 9509 1
3317 9175 1
3317 9444 3
3336 8645 5
3336 9008 1
3336 9071 5
3336 9817 1
3360 9285 1
3360 9128 1
3360 9178 1
3360 9490 4
3360 8717 1
3360 9077 3
3360 8600 1
3378 9920 5
3378 9302 3
3378 9022 2
3385 9487 1
3388 9331 1
3402 9197 5
3409 9750 3
3409 8767 1
3409 9220 2
3409 9944 1
3409 9237 1
3410 9288 1
3417 9460 2
3417 9042 1
3417 9992 1
3417 8637 3
3417 9810 5
3417 9015 1
3417 9746 1
3450 9124 3
3450 8694 1
3458 9152 5
3462 9752 1
3462 9123 1
3468 8733 7
3468 9319 2
3468 9164 1
3468 9524 1
3468 8520 3
3468 9718 1
3474 8750 2
3474 9959 1
3474 9612 2
3474 9912 5
3487 9326 5
3488 9187 4
3488 9713 1
3499 9027 1
3499 9689 1
3499 8620 1
3499 8720 1
3499 8995 4
3499 9116 6
3536 8956 1
3536 9452 1
3551 8681 2
3551 9642 2
3551 8939 1
3551 9172 1
3551 8645 5
3551 9097 1
3551 9920 1
3551 9162 5
3561 8634 2
3561 8828 2
3561 9822 1
3561 9139 1
3561 9380 1
3561 9216 2
3561 8845 3
3561 9918 1
3581 8518 1
3581 8548 6
3581 8951 1
3581 9084 1
3581 9339 3
3581 9960 1
3599 9656 3
3599 8581 7
3599 8588 2
3603 8533 1
3603 9473 2
3606 8695 1
3606 8914 17
3611 9980 6
3611 9259 1
3611 8901 1
3611 9148 1
3611 8695 2
3615 9490 1
3615 9357 7
3615 9748 1
3621 9512 1
3621 8939 3
3621 9527 1
3625 9413 1
3625 9426 3
3667 9224 3
3667 9125 5
3667 8789 9
3667 8596 2
3667 8932 1
3667 8598 1
3667 8833 1
3667 9034 1
3667 9374 3
3667 9582 3
3707 8632 2
3707 9775 1
3713 9271 2
3713 9604 1
3713 9558 1
3713 8670 19
3715 8941 1
3715 9562 1
3715 9703 2
3719 8945 1
3719 9952 2
3729 9991 1
3729 8548 12
3729 9777 4
3743 8818 2
3743 9217 2
3743 9986 1
3762 9683 1
3762 9067 1
3762 9052 1
3766 8773 1
3766 9494 1
3766 9387 1
3766 9141 1
3766 8653 1
3766 8874 2
3766 9541 1
3796 9386 1
3796 9271 1
3796 9081 4
3796 9184 1
3796 9818 2
3797 9238 6
3797 8878 1
3802 8656 2
3802 9847 1
3802 8949 1
3802 9664 1
3802 9733 5
3802 9912 1
3807 9630 1
3807 8793 2
3807 9097 1
3807 9871 1
3822 8539 1
3822 9083 6
3822 8858 1
3822 8926 1
3822 9464 1
3822 9905 1
3822 9250 4
3822 9909 8
3826 9890 14
3826 9794 2
3843 9608 2
3846 8655 1
3847 8857 1
3847 9357 1
3862 8793 1
3865 9813 1
3865 9739 1
3871 9473 1
3871 8685 1
3871 9437 1
3871 9499 1
3871 9983 1
3871 9517 2
3871 8924 1
3871 9510 2
3876 9384 3
3887 8529 1
3887 9372 1
3887 9569 1
3904 9593 1
3904 8960 3
3904 9581 1
3904 9385 1
3907 9050 1
3907 9679 1
3907 9789 19
3907 9059 4
3907 9562 1
3907 9530 2
3907 8613 1
3907 8583 2
3907 9518 2
3925 9515 5
3931 9741 1
3931 8534 2
3931 9245 22
3941 8531 1
3941 9944 7
3941 8692 1
3957 9888 1
3957 9491 1
3957 9405 1
3957 9625 1
3985 8964 1
3985 9423 1
3985 9272 1
3985 9445 1
4000 8674 7
4014 8588 7
4014 8720 2
4014 9510 1
4014 9202 1
4019 9985 1
4019 8986 1
4019 9281 5
4019 8522 1
4021 8863 1
4021 9517 12
4038 9659 1
4038 9522 1
4038 8854 1
4038 9879 1
4053 9813 1
4053 9522 1
4053 9496 3
4053 8628 1
4053 8934 2
4063 9992 2
4063 9336 9
4063 8821 1
4063 8570 2
4063 9573 1
4077 9347 1
4077 9683 6
4079 8947 1
4079 9781 1
4079 8892 1
4080 9348 3
4080 8952 1
4080 8539 3
4080 8893 16
4080 9724 3
4087 9381 1
4087 9522 1
4091 9028 1
4097 9480 3
4097 8717 1
4097 8981 1
4097 9652 1
4100 9097 22
4107 9116 1
4107 9486 2
4107 9427 2
4107 9956 1
4109 9328 6
4109 9709 11
4109 9852 1
4109 9154 2
4116 9481 10
4116 9664 3
4116 9192 1
4116 9373 1
4116 9723 1
4116 9856 1
4145 9064 4
4145 9967 7
4145 9660 1
4145 9965 1
4145 8692 2
4163 9794 2
4176 9792 1
4179 9205 11
4179 9480 4
4194 9978 1
4194 9127 1
4199 9562 1
4199 8569 4
4199 9836 1
4199 9460 1
4209 9001 1
4209 8640 2
4218 9203 7
4218 9050 1
4218 9529 1
4218 9546 1
4218 9867 6
4218 9651 1
4218 9341 4
4219 9035 1
4219 9166 1
4219 9973 2
4219 9014 5
4219 9685 1
4231 8558 2
4231 9703 1
4231 8883 1
4231 9508 1
4240 8606 1
4240 9166 1
4277 8778 15
4277 8918 4
4277 9029 1
4286 8748 1
4286 9060 2
4286 9020 1
4286 9026 1
4286 9732 79
4286 8524 1
4286 9366 1
4286 9744 8
4315 8706 4
4315 9809 1
4315 8878 1
4316 8763 4
4316 9301 6
4332 9577 1
4332 8951 34
4332 9363 1
4332 9557 1
4359 9927 1
4359 9379 1
4359 8604 1
4359 8912 1
4359 8932 1
4392 9234 1
4392 8635 3
4392 9117 5
4398 9120 6
4398 8637 3
4398 9758 1
4448 9164 2
4448 8599 1
4464 8584 1
4464 9548 1
4464 9020 2
4464 9834 3
4464 8712 4
4464 9232 1
4464 9372 1
4464 9777 7
4503 9847 16
4503 8529 8
4503 9152 1
4505 9302 9
4505 8890 4
4505 8958 1
4551 8867 1
4554 9307 1
4554 9845 2
4554 9252 6
4554 9346 1
4554 9789 1
4554 9792 3
4554 9922 1
4564 9391 2
4564 9870 3
4564 9547 17
4564 9978 2
4564 9431 1
4564 9852 1
4564 9758 2
4564 9887 1
4564 8641 2
4564 9815 1
4598 9703 200
4598 8743 6
4598 9965 4
4598 9681 2
4598 9738 1
4598 8655 1
4598 8670 5
4598 9705 1
4607 9799 3
4607 9256 3
4607 9421 2
4608 9320 3
4608 8683 1
4608 8706 1
4608 9608 1
4611 8594 1
4611 9683 1
4611 8697 1
4611 9536 1
4611 8784 1
4611 8829 3
4611 9688 2
4626 9538 1
4643 9352 1
4643 9752 1
4645 8540 1
4645 8745 2
4649 9476 1
4649 8864 1
4649 9224 1
4649 8634 1
4649 9251 2
4649 8891 1
4649 9955 1
4658 8633 2
4658 9272 11
4658 9997 5
4658 9911 1
4658 8790 9
4658 9685 18
4658 9905 4
4663 9261 2
4663 8863 2
4668 9651 3
4668 8519 1
4668 9266 1
4677 9672 104
4677 8792 1
4704 9630 1
4704 8924 1
4704 9728 1
4704 9165 1
4732 8743 2
4732 8893 1
4732 9809 1
4735 9558 4
4744 9130 2
4744 9779 24
4744 8571 1
4744 9952 2
4744 8767 1
4758 8939 1
4766 8883 7
4766 9725 1
4766 9967 2
4766 9404 2
4766 9442 3
4784 9667 1
4784 9351 1
4784 9533 34
4784 9908 1
4784 8806 1
4784 8982 1
4784 9411 9
4798 9198 1
4798 9201 5
4798 9352 1
4798 9731 13
4800 9823 1
4800 9859 1
4800 8851 1
4800 9169 1
4800 9861 21
4813 8622 1
4813 8799 34
4813 9237 1
4813 9883 1
4813 8584 1
4813 8965 1
4813 9022 2
4813 9905 1
4813 9978 1
4831 9810 5
4835 9586 2
4835 9810 7
4835 9250 1
4835 9131 1
4835 9355 3
4835 9402 1
4835 8635 1
4835 8832 1
4835 9381 27
4837 9923 1
4837 8549 1
4837 8851 2
4840 9058 4
4840 9114 1
4840 9350 1
4840 8740 1
4840 9656 8
4840 8686 1
4840 9636 15
4842 9098 1
4842 9310 1
4842 9760 1
4842 9437 9
4842 9959 2
4858 8634 1
4859 8842 2
4859 9732 1
4859 8569 8
4859 9781 1
4882 8860 4
4882 8572 1
4882 8855 1
4882 8567 1
4882 8947 1
4884 9752 6
4884 8620 1
4884 9145 9
4888 9341 5
4888 9759 1
4888 9445 1
4888 9654 1
4910 9027 4
4925 9112 2
4927 9066 1
4927 9489 1
4927 8710 107
4927 9538 1
4927 9625 1
4927 9793 1
4965 8772 9
4965 8632 69
4965 9035 1
4965 9154 1
4965 8836 1
4967 9040 1
4967 8561 1
4967 9863 3
4971 9241 1
4971 9565 2
4971 9936 12
4971 9026 2
4971 9919 1
4971 9976 1
4988 9883 1
4988 9396 1
4988 9434 1
5002 8998 1
5002 8925 2
5002 9121 1
5002 9266 3
5002 9359 3
5002 8674 1
5007 9281 2
5007 9694 1
5007 9107 1
5007 9879 2
5007 9294 1
5007 9116 2
5007 9423 1
5007 9783 1
5027 8599 3
5027 9786 2
5027 9624 1
5027 9549 3
5027 9832 5
5027 9719 3
5033 8640 2
5033 9187 1
5033 9479 1
5033 9983 1
5036 9233 1
5036 8806 4
5036 8925 1
5036 9455 5
5036 9330 4
5036 8728 1
5058 9627 1
5058 9110 1
5058 9980 1
5058 8632 6
5062 9058 1
5062 9691 2
5062 9430 2
5062 8719 1
5062 8867 4
5062 8849 1
5062 8909 5
5074 8799 1
5074 9059 1
5074 9346 1
5085 9678 2
5085 8558 13
5085 8930 1
5085 9328 1
5091 9258 1
5091 9347 8
5091 9599 2
5091 9386 1
5091 8548 1
5091 8755 1
5091 9333 2
5091 9431 1
5091 9680 1
5095 9174 1
5095 8592 1
5095 9708 2
5095 9883 1
5102 9729 1
5102 8747 1
5102 8778 1
5102 9716 1
5106 9235 3
5106 9058 2
5107 8653 1
5107 9716 3
5107 9672 1
5107 8764 2
5107 9709 6
5107 8789 1
5107 9729 1
5107 9539 2
5120 9311 1
5120 8874 1
5120 8589 1
5120 9003 5
5129 9121 1
5129 8920 1
5129 8591 1
5137 9831 1
5137 8615 1
5137 9484 4
5137 8860 1
5137 9254 1
5140 9266 5
5140 8939 2
5140 9638 1
5140 9113 1
5140 9792 4
5143 9149 2
5143 8534 1
5143 9966 1
5143 9780 1
5143 9838 2
5182 8900 2
5182 8777 2
5182 9058 1
5182 9392 1
5182 9827 1
5185 8893 2
5185 9718 1
5185 8697 1
5194 8892 16
5194 9224 1
5194 8692 1
5194 8569 4
5199 9615 1
5199 9556 5
5199 9691 32
5203 9603 1
5203 9167 1
5210 9844 3
5210 8676 1
5212 9035 2
5212 8753 1
5212 9569 1
5212 8997 1
5212 9892 1
5212 9907 1
5212 9610 1
5216 9307 1
5218 9428 1
5218 8748 1
5218 9859 1
5234 9227 3
5234 9989 1
5234 8768 1
5234 9951 1
5253 9405 18
5257 9032 3
5257 9512 3
5257 8978 1
5257 9557 1
5257 9152 2
5257 9831 1
5257 9493 2
5257 9112 3
5257 9577 1
5259 9603 8
5259 8572 2
5259 9642 1
5259 9907 1
5266 9000 1
5266 8710 1
5266 9068 1
5282 9020 38
5282 9560 1
5293 9001 5
5293 9642 1
5293 9714 8
5293 9956 1
5293 8952 1
5293 9908 1
5295 9935 1
5295 8661 12
5295 8589 1
5295 9315 2
5295 9463 2
5302 9045 4
5302 9801 2
5316 9537 1
5316 9764 1
5316 9182 1
5316 9678 1
5316 9772 3
5316 8961 1
5316 8889 1
5316 9067 33
5316 9820 1
5316 9604 3
5330 9923 1
5336 8900 2
5336 8934 1
5336 9748 1
5343 9294 1
5343 9966 2
5343 9948 2
5343 9565 2
5348 8889 4
5348 9461 1
5348 8977 1
5348 9000 3
5348 9321 1
5357 8547 1
5363 9258 1
5363 9539 1
5363 9659 1
5368 8598 1
5368 8909 1
5368 9368 2
5372 9286 1
5372 9736 1
5379 9601 2
5404 9130 1
5404 9904 3
5404 9643 1
5409 9676 4
5409 9609 1
5429 8774 1
5429 9591 1
5429 8566 1
5429 8917 1
5471 9411 1
5471 8695 1
5471 8620 1
5471 9257 2
5471 9945 2
5471 9678 1
5486 8825 2
5486 8558 2
5539 9454 1
5539 9775 6
5539 9074 1
5539 9958 4
5539 8625 1
5553 9597 2
5553 9780 1
5553 9766 2
5553 9253 1
5553 9657 1
5556 9265 1
5556 9573 1
5556 9522 1
5568 9122 21
5568 9827 5
5593 9025 2
5599 8534 1
5599 9501 1
5599 9773 1
5599 8524 1
5599 8989 1
5599 8988 1
5627 9496 2
5627 9685 1
5627 9935 1
5627 9764 10
5629 8818 1
5629 9102 1
5629 9746 2
5635 9333 1
5635 9162 1
5635 8874 1
5635 9218 1
5635 8614 1
5635 9480 14
5635 8567 1
5635 9463 1
5638 9320 1
5638 8733 1
5638 9396 12
5644 9097 1
5644 8527 1
5644 9947 1
5645 8635 2
5645 9293 5
5645 9824 1
5645 8899 1
5645 9757 1
5645 9896 1
5655 9044 1
5655 8864 1
5655 9711 1
5655 8846 23
5655 8939 1
5655 9346 1
5655 9649 1
5655 9899 4
5656 9676 3
5656 9190 1
5656 8665 4
5658 9055 1
5658 8936 2
5658 9272 3
5658 9748 1
5672 9340 1
5672 9582 1
5672 8730 1
5672 8872 1
5672 9552 4
5672 9071 1
5672 9265 1
5677 9529 1
5677 9353 3
5682 8526 1
5682 9272 1
5682 8637 1
5683 9241 1
5683 9829 1
5683 9230 28
5683 9982 1
5683 8671 2
5683 9036 1
5692 8821 2
5692 9044 3
5692 9234 4
5695 9345 1
5695 9394 1
5695 8555 1
5695 8726 4
5695 9937 7
5695 9858 2
5702 9322 3
5702 8710 12
5702 9178 1
5708 8995 3
5708 8871 1
5714 9333 1
5714 8589 1
5714 9766 90
5714 9151 1
5714 8791 1
5723 9476 8
5725 9880 1
5725 9154 1
5726 9926 2
5726 9560 2
5726 9489 3
5726 9462 1
5726 9850 1
5760 8717 11
5760 9964 1
5760 9290 3
5760 9970 1
5760 9130 2
5769 9987 1
5769 9110 1
5777 9718 2
5777 9260 1
5777 9772 2
5777 8768 1
5777 8961 1
5783 8938 1
5783 9278 1
5783 9529 1
5799 8869 1
5799 9363 1
5799 8854 1
5799 9458 1
5800 9008 1
5800 9271 1
5800 8628 4
5800 9426 1
5800 8664 1
5800 9259 1
5800 9853 1
5800 8609 9
5800 9342 1
5819 9031 2
5819 8877 1
5819 8847 1
5819 9689 14
5819 8848 1
5823 9064 3
5823 9486 1
5829 9659 1
5829 9347 1
5833 9437 1
5833 8545 1
5836 8739 1
5836 8879 1
5850 9044 1
5850 9827 1
5850 9042 2
5850 9881 1
5850 9935 10
5863 9959 1
5863 8848 1
5863 8998 8
5863 9589 1
5874 9211 1
5878 9859 3
5878 9247 1
5878 9351 1
5878 9511 1
5878 9989 5
5883 9060 1
5883 8875 200
5885 9405 2
5885 9062 1
5885 9450 1
5895 9437 1
5895 9286 4
5895 9760 1
5903 9974 1
5903 8778 1
5903 9032 1
5917 8610 13
5917 8551 1
5917 9014 3
5917 9394 4
5925 9034 10
5932 9447 1
5932 9050 5
5932 9305 1
5935 8972 2
5935 9897 19
5935 9664 1
5935 9509 1
5935 9585 3
5935 8750 1
5935 9462 1
5935 9679 1
5946 9361 1
5946 9536 61
5952 9625 1
5952 9089 1
5952 9180 4
5952 9549 3
5961 9723 1
5961 9826 1
5961 9490 1
5961 9233 1
5985 9357 7
5985 9248 1
5985 9923 1
5993 8830 1
5993 9335 1
5993 9475 200
5993 9537 1
5999 9183 1
5999 9371 1
5999 9075 1
5999 8891 2
5999 9458 2
5999 9818 2
5999 8939 1
6002 9200 1
6002 8759 3
6002 9060 1
6020 9861 1
6020 9655 2
6044 9026 2
6049 8954 1
6049 8561 1
6049 8889 1
6058 9623 1
6058 8576 2
6058 9558 6
6063 8803 1
6063 9187 1
6068 8825 58
6068 9663 1
6068 9838 1
6068 8901 1
6068 9139 1
6072 9378 2
6072 9965 1
6076 9475 1
6076 8956 5
6076 9388 5
6095 9020 1
6095 8978 200
6095 9380 1
6095 9581 2
6106 9420 1
6106 9756 8
6113 9264 1
6113 9641 1
6113 9547 1
6113 8615 1
6113 9467 1
6114 9623 1
6114 9066 6
6127 8821 1
6127 9610 2
6127 9336 2
6127 9825 1
6127 9828 1
6143 9564 1
6143 9274 1
6144 9319 1
6144 9292 1
6144 9507 1
6151 8640 1
6151 9453 1
6151 9890 43
6158 9927 1
6158 9475 1
6158 9919 2
6161 9769 1
6161 8835 5
6161 9601 1
6161 8617 2
6185 9081 4
6185 8522 1
6185 8739 1
6185 9322 1
6185 9375 1
6195 9536 1
6195 9989 1
6214 9145 1
6220 8767 1
6220 9350 1
6220 9758 3
6220 9128 5
6220 9387 1
6221 8805 1
6221 8888 1
6221 8743 5
6221 8789 31
6247 8946 1
6247 9338 1
6247 9443 1
6247 8821 1
6247 8972 3
6247 9259 1
6250 8519 1
6250 9148 5
6250 9666 6
6250 9644 1
6257 9197 1
6257 9975 1
6257 9691 2
6257 9864 1
6257 8801 1
6265 9603 2
6265 9712 1
6275 9397 1
6275 8705 1
6275 9755 1
6275 9195 1
6275 9631 1
6275 9846 3
6281 9766 1
6281 9055 1
6281 9229 1
6285 9392 1
6285 8599 1
6288 8926 1
6288 9009 6
6288 8924 5
6288 8830 2
6288 8669 1
6288 8722 2
6288 9757 2
6290 9843 2
6290 9006 1
6319 9224 5
6319 9737 1
6319 9934 1
6319 8533 2
6320 9904 1
6320 8519 5
6320 9892 1
6320 9225 4
6320 9490 1
6328 9423 1
6328 9691 1
6328 9683 2
6330 9232 1
6330 9769 1
6330 9770 2
6330 9108 1
6330 9509 2
6338 9690 1
6338 9829 3
6346 9144 1
6346 8940 1
6346 9521 200
6372 9103 2
6372 9397 1
6372 9465 15
6372 9756 5
6380 8965 1
6380 8656 3
6380 8809 1
6380 9232 1
6380 9872 33
6380 9878 1
6431 9373 1
6431 8726 4
6431 9853 1
6431 9622 1
6433 8850 1
6433 9540 8
6433 9922 1
6442 9894 6
6442 9119 7
6442 8568 1
6442 9970 1
6463 9995 2
6463 9615 1
6463 9231 1
6487 8625 1
6487 8832 7
6498 8633 2
6498 9245 2
6498 9021 1
6498 8725 4
6498 9828 2
6498 9681 7
6498 9546 1
6522 9582 2
6522 9322 2
6522 9048 1
6522 9481 2
6529 9863 1
6543 9443 1
6543 9473 1
6543 8922 1
6543 9336 4
6543 9491 1
6543 9826 1
6543 9122 1
6558 9703 1
6558 8938 1
6567 9741 1
6567 8547 1
6567 9073 1
6572 9616 2
6572 8538 1
6572 9487 1
6572 8798 1
6612 9299 21
6612 8877 8
6612 9181 1
6612 9203 2
6614 8859 1
6614 8610 1
6614 9624 1
6614 9872 2
6620 9581 1
6620 9342 1
6620 9520 2
6620 8534 1
6620 9028 1
6620 9666 1
6630 9947 1
6630 8897 3
6630 9204 1
6630 9722 1
6635 9097 1
6635 8617 1
6635 9393 1
6638 8726 2
6638 9105 1
6638 9825 4
6638 9759 3
6638 9813 1
6657 9037 2
6657 8973 1
6657 9798 2
6680 8659 5
6680 9670 1
6697 8890 2
6697 9368 3
6721 9387 2
6721 9481 1
6721 9610 1
6721 9685 1
6721 9698 1
6722 9956 2
6722 9114 2
6722 8774 2
6722 8825 157
6722 9404 4
6722 9455 1
6722 9864 1
6723 9048 2
6723 9839 2
6723 9948 1
6723 9972 1
6723 9029 1
6723 9106 4
6723 9238 1
6724 8610 1
6724 9677 1
6724 8665 1
6724 9207 2
6724 9870 3
6724 9992 7
6724 8701 1
6729 9398 1
6729 8804 1
6729 9125 2
6729 9601 1
6737 9232 3
6737 9560 1
6737 9336 1
6747 9504 5
6747 9446 1
6758 8899 2
6790 8646 2
6790 8700 2
6790 8828 1
6790 8831 4
6796 8613 1
6796 9534 1
6796 9207 1
6796 9636 1
6796 9604 6
6798 9389 1
6798 9742 1
6807 8669 3
6807 9987 4
6807 9751 2
6831 9197 1
6831 8831 1
6831 9612 1
6848 9384 1
6848 9162 2
6848 9716 1
6848 8583 1
6848 8612 2
6858 9060 1
6858 9360 1
6860 9306 1
6860 8733 1
6860 9024 5
6860 9313 1
6877 8609 1
6877 8718 62
6877 9854 1
6877 9825 4
6877 9841 2
6886 9017 1
6886 9650 1
6886 8580 14
6886 8590 1
6917 9788 2
6917 9593 4
6919 8864 1
6919 8949 1
6919 9924 1
6919 9185 2
6924 9394 4
6924 9732 143
6963 9310 1
6963 8672 30
6963 9867 2
6963 9880 3
6970 8855 1
6970 9396 1
6970 8879 3
6970 9036 1
6970 8805 1
6970 8718 1
6975 8534 7
6975 8700 1
6978 9175 1
6978 9874 2
6995 8694 1
6995 9491 1
7013 8612 1
7013 9240 1
7022 9039 1
7022 9294 6
7022 9459 1
7026 9597 1
7049 9965 3
7056 9828 1
7056 9260 1
7056 9277 2
7056 9577 1
7056 9290 1
7061 9560 1
7061 9657 27
7061 8922 4
7061 9467 2
7061 9292 5
7061 9301 1
7061 9381 3
7061 9713 1
7061 9149 1
7061 9924 2
7076 9191 1
7076 9232 1
7076 8828 1
7076 9678 1
7076 8924 3
7076 9668 1
7080 8681 2
7080 9127 1
7080 9237 1
7080 8842 1
7091 8528 1
7091 9152 2
7091 9773 2
7093 9564 1
7093 9172 2
7093 9764 1
7098 9954 1
7098 9715 1
7098 9871 200
7098 9497 1
7118 9034 1
7119 8568 8
7119 8932 22
7119 9262 2
7119 8697 1
7119 9109 1
7119 9512 1
7130 9141 15
7130 9714 1
7156 9736 1
7156 9975 1
7156 9254 1
7156 9578 1
7183 9116 200
7225 9132 5
7225 9307 1
7225 9073 1
7226 8881 3
7226 9217 1
7226 9234 1
7226 9279 1
7230 9195 1
7230 8916 1
7230 8750 6
7242 9974 1
7242 9098 2
7242 9450 3
7242 9627 12
7242 8929 1
7242 9040 2
7242 9218 1
7253 9236 2
7253 9537 2
7253 9533 1
7253 9853 1
7261 9477 1
7261 8681 1
7261 9954 1
7276 9124 10
7276 9777 11
7289 9667 1
7292 9841 1
7292 9823 1
7292 8575 3
7308 9635 1
7308 9908 3
7312 9006 1
7312 8966 12
7315 8871 1
7315 9793 1
7324 9989 1
7324 9920 1
7324 8656 3
7324 9214 1
7327 9175 1
7327 9814 1
7327 8542 2
7327 9627 2
7327 9107 1
7327 8656 1
7327 9197 1
7328 9522 1
7328 8877 95
7328 9161 1
7328 9827 2
7328 8867 3
7328 9100 1
7332 8533 5
7332 8606 12
7332 9716 3
7364 9425 2
7364 9909 1
7379 9843 3
7379 8998 1
7381 9027 1
7381 9747 5
7382 9398 5
7382 9465 5
7382 9863 2
7384 9396 1
7384 9180 1
7384 9896 3
7388 9899 2
7388 9972 4
7388 9025 1
7388 9952 1
7388 9054 4
7388 9773 1
7388 9077 15
7388 9887 1
7395 9330 1
7395 9731 184
7395 8796 1
7396 9139 1
7396 9360 1
7396 9479 15
7449 9045 1
7449 9237 1
7449 9271 1
7449 8620 2
7449 9954 1
7470 8755 4
7470 9106 38
7481 8535 1
7484 9514 1
7484 8988 1
7484 8531 1
7484 9824 1
7484 9552 1
7485 9801 2
7485 9736 14
7485 8729 2
7485 8766 1
7485 9196 3
7485 9020 4
7485 9330 8
7485 9925 1
7488 9028 1
7488 9183 1
7488 8712 1
7494 9156 1
7494 8672 3
7494 9175 1
7496 8718 1
7504 9138 6
7504 8925 8
7518 9834 11
7518 9585 3
7518 9946 2
7550 9320 2
7550 8646 1
7550 9733 1
7558 9579 1
7558 8875 8
7563 8774 4
7563 9512 2
7563 9768 1
7563 9959 1
7563 8830 2
7563 9606 1
7563 9614 1
7563 9786 1
7572 9760 1
7572 9274 1
7572 9951 1
7573 9788 1
7573 9527 2
7573 9102 3
7573 9511 1
7573 9904 1
7573 8682 20
7573 9307 2
7590 9978 5
7616 8890 1
7616 9535 5
7628 8735 1
7628 9487 1
7628 9327 1
7628 9698 1
7648 8745 1
7648 9019 1
7648 9423 2
7648 9845 3
7648 9980 67
7656 8609 87
7656 9817 1
7656 9116 3
7656 9850 1
7656 9331 5
7656 9451 1
7656 9822 4
7660 9097 1
7662 8809 2
7662 8567 1
7662 9098 1
7662 9075 1
7662 9504 4
7662 9534 24
7674 8583 56
7678 8604 1
7678 8833 5
7678 8918 1
7696 8925 9
7696 8539 1
7696 9384 1
7704 8861 1
7704 9195 1
7704 8846 1
7704 8931 1
7704 9378 1
7704 9911 10
7708 9139 1
7708 9748 1
7708 9867 10
7712 8847 2
7712 8920 1
7712 9196 1
7712 8529 1
7712 8712 1
7719 8898 2
7719 9478 9
7731 8526 3
7731 8949 1
7736 8940 1
7747 9671 1
7755 9817 1
7755 9822 2
7755 8682 4
7755 9060 2
7755 8532 2
7769 8773 1
7769 9262 2
7787 9593 8
7787 9156 1
7787 8929 1
7787 8858 1
7787 8952 1
7787 9110 4
7791 9328 1
7791 9425 2
7791 9883 2
7791 9375 1
7794 9480 1
7794 9539 1
7794 9675 1
7794 9228 2
7794 9752 1
7794 9166 1
7794 9048 2
7794 9667 4
7803 9813 1
7803 9983 1
7803 8694 1
7803 9452 1
7803 9964 10
7803 9169 3
7803 8576 2
7803 9389 1
7803 9544 1
7803 9129 5
7806 9216 1
7806 9445 1
7806 9476 1
7823 9705 1
7823 9251 1
7823 9712 2
7823 8532 16
7823 9200 13
7823 9630 1
7845 9311 1
7845 9031 2
7881 9611 6
7881 8740 3
7884 9209 20
7884 9404 1
7884 9373 1
7884 8859 5
7886 8796 1
7886 9711 1
7886 8844 1
7886 8573 1
7886 9332 1
7907 8930 1
7907 9216 1
7907 9538 5
7907 9567 5
7907 8978 21
7907 9386 1
7927 9488 1
7927 9024 8
7927 9843 1
7927 9567 6
7927 9490 1
7927 9815 3
7927 9393 10
7933 9671 43
7933 9478 1
7941 8691 8
7941 8860 1
7942 8825 1
7942 8888 1
7942 9927 1
7948 9552 1
7948 9634 1
7961 9272 1
7961 9831 1
7962 9399 1
7962 9874 1
7962 9260 1
7962 9103 1
7978 8851 25
7978 8899 5
7978 9327 1
7978 9326 4
7978 9478 1
7978 9547 1
7988 8952 3
7995 9562 1
7995 9628 1
7995 9693 1
7995 9706 1
8005 8905 1
8005 9337 1
8006 9669 1
8006 8991 1
8010 9829 3
8010 8969 1
8010 9928 1
8012 9360 4
8012 8530 1
8031 9403 1
8032 9379 3
8032 9075 4
8032 9333 1
8064 9001 2
8064 9986 1
8064 9252 9
8064 8558 1
8064 8596 1
8064 8882 4
8064 8695 1
8064 9214 1
8064 9225 6
8064 9478 1
8064 9848 2
8064 9894 1
8064 8872 8
8064 9316 1
8070 9058 2
8070 8697 1
8070 9152 6
8070 8573 8
8070 9252 1
8075 9776 2
8075 9654 1
8075 8674 20
8095 8646 1
8095 8859 1
8095 9036 1
8095 8529 2
8116 8682 1
8116 9146 1
8116 9338 1
8118 9062 10
8148 8965 1
8148 8805 1
8148 9775 1
8148 9799 10
8148 9972 1
8149 9837 1
8149 9768 1
8149 9653 3
8157 9445 1
8157 8583 1
8157 9960 3
8157 8901 3
8157 8520 3
8157 9072 3
8157 9680 4
8157 9906 10
8175 8534 3
8175 8707 2
8223 8735 1
8223 9518 4
8223 9834 1
8223 9274 1
8223 8575 1
8223 9251 1
8223 9305 1
8223 8861 1
8223 9220 9
8234 9133 1
8234 9883 3
8234 8615 3
8255 9711 1
8255 9486 1
8255 9672 6
8270 9054 1
8270 9154 1
8270 9250 2
8270 9781 1
8270 8748 1
8270 9064 2
8270 9063 1
8277 9397 1
8277 9282 1
8277 9420 2
8282 9552 3
8282 8725 15
8282 9906 2
8282 9431 4
8282 9702 1
8311 8530 1
8311 8549 11
8311 8672 4
8311 9864 1
8321 9034 1
8321 8568 1
8323 9287 1
8323 9153 1
8323 8766 1
8342 8569 1
8342 9958 1
8342 8909 6
8342 9334 1
8342 9533 30
8342 8593 1
8342 9150 3
8342 9477 1
8345 8647 1
8345 8966 1
8361 9548 2
8361 9455 15
8361 8543 3
8366 9379 2
8366 9906 1
8366 9816 1
8366 8579 29
8366 8747 1
8366 9440 1
8385 8628 2
8385 8836 1
8385 9628 1
8385 9946 1
8396 8729 12
8396 9132 1
8396 9354 2
8396 9641 1
8397 9146 1
8422 8584 1
8422 8844 2
8428 9477 5
8428 8926 1
8428 8925 8
8433 9217 2
8433 8686 1
8446 8566 5
8446 9890 4
8449 9110 2
8450 9279 2
8450 8748 1
8450 9535 1
8450 9783 1
8450 9806 1
8450 9948 69
8477 9688 1
8477 8892 69
8501 9714 2
8501 8774 1
8501 8833 1
8501 8961 1
8501 8972 2
8501 9264 3
8501 9952 2
8501 9941 1
8508 9850 3
8508 9055 4
8508 9770 2
8513 8649 2
8513 9168 1
8513 9616 1
8513 9271 1
8518 8885 1
8519 8537 1
8520 8523 1
8521 8803 3
8521 8835 1
8521 9350 46
8522 9913 16
8522 9803 1
8523 9757 2
8523 8799 1
8525 9233 1
8525 9689 1
8525 9405 2
8525 8814 1
8525 8596 2
8526 8990 1
8527 9803 3
8527 8823 1
8527 8621 1
8529 8815 29
8530 8915 1
8530 8826 1
8531 8630 1
8535 8953 4
8535 9525 6
8535 8990 1
8536 9628 1
8536 9491 1
8536 8845 2
8536 9529 1
8537 9322 1
8538 9296 9
8538 8953 2
8540 8621 33
8541 8683 1
8541 9068 3
8541 9759 2
8541 9994 10
8542 8841 1
8544 9005 1
8544 8900 6
8544 9941 1
8544 9397 1
8546 8716 1
8548 8761 1
8549 8971 1
8549 8779 1
8550 9010 1
8550 8773 104
8550 9975 1
8551 8866 3
8552 8930 1
8554 9446 3
8555 9571 1
8556 9437 1
8556 8774 1
8557 8767 8
8557 9547 1
8557 8819 1
8559 8707 1
8559 9160 2
8560 9715 1
8560 8945 1
8561 8565 1
8562 9260 1
8562 8964 1
8562 9495 1
8563 9216 1
8563 9943 1
8563 9976 3
8564 8813 7
8565 9848 1
8566 8738 3
8567 8816 1
8569 8708 1
8570 8895 1
8570 8651 1
8572 8999 1
8574 9684 1
8574 9741 1
8576 8779 2
8577 9495 1
8577 8801 1
8577 9054 1
8578 8597 6
8581 8795 2
8582 9843 4
8582 8986 1
8582 9138 2
8585 9711 7
8586 9049 7
8586 9722 1
8586 8791 1
8586 9561 21
8586 9251 2
8586 9958 2
8587 9261 1
8587 9983 2
8587 9663 1
8588 8727 1
8589 8979 1
8590 9674 3
8590 8915 1
8590 8817 1
8592 9137 1
8595 9606 2
8595 8926 3
8596 8752 3
8597 9674 1
8599 8652 2
8599 8816 1
8601 9207 1
8601 9652 1
8601 8872 1
8602 8688 1
8602 8813 1
8603 9323 1
8603 9435 5
8605 8840 4
8606 8853 1
8607 8742 1
8607 9037 1
8607 9092 1
8607 9871 6
8608 9856 1
8608 8742 1
8609 8948 2
8610 8621 4
8611 9558 4
8611 8961 2
8611 9503 1
8613 8935 5
8614 8714 15
8614 9790 1
8616 8972 16
8616 9627 8
8617 8915 3
8617 8795 1
8618 9795 3
8618 9013 1
8618 9460 1
8618 9009 12
8618 9530 3
8619 8692 1
8620 8688 1
8621 9195 1
8621 9353 16
8621 8706 1
8621 8775 1
8621 9131 1
8621 9622 4
8621 9669 3
8622 8636 1
8623 9679 2
8624 8707 1
8624 9425 1
8625 8724 1
8625 8963 1
8625 9016 1
8625 8812 1
8625 8880 1
8626 9214 1
8626 8755 1
8626 9746 2
8626 9672 2
8626 9800 1
8626 9767 5
8627 8988 2
8627 9918 2
8627 9063 1
8627 9614 1
8627 9814 1
8629 9238 1
8630 9590 1
8630 9180 4
8630 9181 1
8632 8696 1
8634 8913 2
8636 9378 1
8636 9590 1
8636 9751 1
8636 8900 2
8636 9231 23
8636 9078 1
8636 9145 1
8638 9723 10
8638 9436 40
8639 9169 1
8640 8915 1
8641 9580 2
8643 8991 1
8644 8907 1
8644 9903 1
8646 8957 2
8647 9007 1
8648 8840 6
8648 8709 1
8649 8761 1
8650 8691 1
8650 9093 1
8651 9410 1
8651 9985 1
8651 8938 1
8652 9686 1
8652 8922 5
8654 9900 3
8655 8910 6
8655 8779 8
8657 9939 1
8657 9133 1
8657 8941 2
8657 8989 1
8658 9053 2
8659 9571 3
8660 9089 1
8660 9548 1
8660 9797 1
8661 8797 1
8662 8986 1
8662 8988 4
8662 9097 27
8662 9598 1
8663 9380 1
8663 9816 1
8663 9406 9
8665 9435 7
8666 9484 3
8666 9675 1
8666 9182 2
8666 9769 1
8667 9618 1
8667 9685 1
8667 9048 11
8667 9630 11
8667 9285 31
8667 9645 1
8667 9856 1
8667 9991 1
8668 9350 1
8668 9694 1
8668 9729 17
8669 8783 6
8673 9381 1
8673 9638 1
8675 9633 1
8675 9285 2
8675 8870 1
8675 9375 4
8677 9055 1
8677 8850 9
8678 8947 1
8678 9461 1
8679 9148 2
8679 9231 4
8679 9824 1
8680 9410 1
8680 9383 11
8681 9787 1
8682 8711 1
8684 9338 14
8684 9214 3
8684 8927 1
8684 8777 4
8685 8786 1
8687 9716 1
8688 9792 1
8688 9129 1
8688 9655 2
8688 9729 4
8688 9636 4
8688 8884 1
8688 9476 1
8688 8936 32
8688 9340 2
8690 9039 1
8690 9232 200
8690 9238 2
8690 9944 1
8690 9737 2
8690 9021 1
8691 8959 1
8691 9857 1
8693 9788 1
8696 9286 1
8696 9809 3
8696 8870 6
8696 9228 1
8696 9517 1
8696 9049 1
8696 9005 1
8698 9857 1
8699 8961 1
8699 8753 3
8699 9258 1
8699 9749 6
8699 8844 1
8701 8744 1
8702 9000 1
8702 8703 1
8702 8946 6
8703 9267 2
8704 9072 5
8704 9841 1
8704 9008 1
8704 9967 1
8707 8944 8
8707 8731 2
8708 9985 3
8708 9112 1
8708 9454 1
8709 9204 1
8709 9504 2
8709 8777 1
8709 8902 11
8709 9466 1
8711 9165 1
8711 8719 2
8712 9862 1
8713 8890 1
8713 9065 5
8713 8989 1
8713 9293 1
8714 9439 1
8714 9926 1
8715 9262 1
8715 8969 1
8715 9319 8
8715 9895 1
8715 8911 2
8715 9156 1
8715 9554 5
8715 9851 7
8716 9688 5
8716 9964 1
8717 9435 2
8718 9030 2
8719 8837 1
8719 9700 3
8721 9541 1
8721 9948 2
8721 9209 1
8722 9917 1
8722 8968 11
8723 9464 2
8723 9031 1
8723 9603 1
8725 8843 1
8725 9296 6
8727 9049 1
8727 9975 2
8727 9622 8
8727 9399 1
8728 9720 1
8730 8734 1
8731 8753 1
8732 8996 1
8734 9690 1
8734 9065 1
8734 9183 1
8735 9617 1
8736 9615 1
8736 9565 1
8736 8743 1
8736 9560 4
8737 9001 1
8737 9062 3
8737 8814 67
8737 9279 2
8738 9036 1
8738 9446 1
8738 9817 37
8738 9488 1
8739 8953 1
8741 9392 2
8741 9904 1
8741 9559 1
8741 9779 1
8741 9243 1
8744 8794 1
8745 9840 4
8746 9378 1
8746 9650 2
8746 8876 1
8746 9579 1
8747 8781 1
8748 9862 4
8749 9643 2
8749 9864 20
8750 8813 7
8752 8829 1
8752 8831 2
8752 9493 2
8752 9554 1
8752 9421 1
8752 9973 1
8752 9992 1
8754 9366 1
8754 9923 1
8754 8763 3
8754 9398 2
8756 9077 14
8756 9641 1
8756 9830 5
8758 8899 1
8758 9495 2
8758 8864 2
8758 9470 6
8760 9488 3
8761 9501 1
8761 9348 1
8762 9631 1
8762 9690 2
8763 8937 7
8765 9382 14
8765 9641 1
8765 9146 1
8765 9671 8
8765 9772 2
8766 9296 2
8767 8770 30
8769 9664 3
8769 9106 2
8770 9844 2
8770 9436 1
8770 9554 1
8770 9371 1
8770 9888 3
8771 9750 14
8771 9996 18
8771 9630 1
8771 9973 1
8774 9580 1
8775 8795 1
8776 9935 3
8776 9755 1
8776 9059 3
8776 8882 12
8776 8876 1
8776 9676 1
8779 9114 2
8779 9618 1
8780 8974 2
8780 9084 1
8780 9520 1
8780 9660 15
8781 8961 1
8781 9415 65
8781 9355 2
8782 9040 1
8782 9340 3
8782 9496 1
8785 9669 1
8785 9985 1
8786 9348 1
8788 9058 1
8788 8846 1
8788 9351 1
8788 9467 1
8788 9654 1
8792 8944 2
8793 8942 1
8794 8812 1
8795 9980 5
8795 9182 35
8795 9742 1
8795 9503 2
8795 9201 1
8795 9348 1
8795 9653 2
8797 9725 1
8797 9535 1
8798 8950 75
8800 9085 1
8800 8965 5
8800 9849 1
8800 9145 1
8800 9585 2
8800 9150 1
8803 9082 6
8803 8885 1
8806 9893 1
8806 8822 1
8807 9919 1
8808 9054 4
8808 9063 1
8808 9046 1
8808 9230 2
8808 9863 1
8809 8943 2
8811 8836 2
8812 9378 1
8812 9810 1
8812 9105 1
8812 9843 1
8813 8874 1
8813 8897 1
8815 8869 1
8815 8934 1
8816 8905 1
8816 9040 1
8816 9461 1
8816 9191 2
8816 9997 1
8817 9515 8
8820 9582 1
8820 9818 1
8820 9995 1
8820 8927 1
8820 8960 1
8820 9784 1
8820 9897 1
8822 9753 2
8823 9686 1
8823 9769 1
8823 9517 1
8823 9013 3
8824 9439 1
8825 8838 4
8826 9911 1
8826 8882 1
8826 9501 1
8827 8912 16
8827 9029 1
8829 8959 2
8832 8834 1
8834 9882 1
8834 9680 1
8834 9396 1
8834 9287 2
8834 9311 1
8837 9383 1
8837 9330 1
8837 9387 1
8837 9634 1
8837 9989 1
8838 9068 1
8838 9515 1
8838 9726 2
8839 8912 1
8840 9119 1
8840 9584 1
8840 9316 1
8840 9755 1
8840 8870 1
8841 9451 2
8841 9994 1
8843 9869 2
8843 8954 1
8843 9044 1
8843 8984 1
8843 9001 1
8843 9820 1
8847 9179 1
8849 8950 1
8852 9900 12
8854 8885 1
8855 8915 3
8856 8916 1
8856 9611 4
8856 9924 1
8862 9983 1
8862 9733 11
8865 9028 1
8865 8978 1
8865 9282 1
8866 8905 1
8866 9476 14
8866 9657 2
8866 9776 1
8866 9480 1
8868 9848 42
8868 9067 1
8868 9017 3
8868 8886 1
8868 8875 1
8868 9111 1
8868 9870 1
8869 9821 3
8873 9876 1
8873 8917 1
8873 9246 2
8873 9037 9
8873 9728 1
8874 9963 1
8877 9942 4
8877 8983 1
8878 9023 1
8878 9917 1
8879 9545 1
8880 9610 1
8880 9855 1
8881 8928 1
8884 9390 2
8885 9345 1
8885 9398 1
8885 9466 1
8885 9217 2
8885 8940 2
8885 9843 2
8885 9192 2
8885 9366 1
8885 9623 2
8885 9995 9
8887 9475 3
8887 9005 1
8887 9012 1
8887 9260 3
8888 9525 1
8889 8906 1
8894 9300 1
8896 9779 10
8896 9613 1
8898 9571 27
8903 9767 1
8903 9196 1
8903 9528 71
8903 9848 3
8904 9728 1
8906 9667 1
8906 9168 1
8906 9422 3
8906 9499 3
8907 9862 1
8913 9496 2
8913 9001 1
8913 9393 15
8913 9550 1
8913 9766 6
8915 9220 149
8915 9064 5
8916 9682 1
8916 9862 1
8918 9317 1
8918 8968 2
8919 8977 1
8921 9453 1
8921 9045 1
8921 9372 1
8922 9857 1
8928 9354 1
8928 9719 1
8932 8943 1
8933 9614 1
8933 9300 1
8933 9709 2
8933 9794 1
8935 9277 1
8935 9831 1
8935 9780 1
8937 9613 1
8937 9567 1
8937 9651 10
8937 9745 2
8937 9747 1
8937 9749 1
8940 9007 1
8942 9102 3
8942 9594 8
8942 9334 1
8942 9216 1
8942 9443 2
8942 9698 1
8943 9141 1
8943 9063 1
8943 9887 1
8943 9168 1
8944 9732 2
8944 9488 1
8944 9874 6
8946 8987 1
8948 9858 4
8948 9012 1
8950 9521 1
8950 8973 1
8950 9131 1
8950 9427 11
8952 8963 1
8954 9821 1
8955 9380 1
8955 9552 5
8955 9236 2
8956 8985 2
8956 8971 1
8957 9112 5
8957 9987 1
8958 9053 1
8959 9920 11
8959 9896 3
8959 9231 1
8959 9014 2
8959 9745 2
8962 9165 1
8962 9928 1
8963 9168 2
8963 9585 5
8963 9983 1
8966 9840 2
8967 9054 1
8967 9281 200
8967 9544 2
8969 8970 2
8970 9048 1
8970 9119 2
8971 9059 3
8971 9744 3
8974 9179 8
8975 9709 1
8976 9499 1
8976 9415 1
8978 8999 1
8979 9289 5
8980 9633 1
8980 9643 1
8980 9382 3
8980 9578 2
8983 9527 1
8983 9822 1
8983 9788 1
8984 9787 2
8985 9635 1
8985 9575 1
8986 9438 1
8987 9941 12
8987 9497 1
8987 9634 4
8987 9711 3
8990 9756 1
8992 9067 1
8992 9651 2
8992 9709 1
8993 9458 9
8994 9018 1
8996 9741 8
8996 9705 1
8999 9410 1
8999 9277 2
9003 9862 1
9004 9398 2
9004 9102 1
9004 9971 1
9006 9862 1
9007 9926 1
9011 9515 14
9011 9161 1
9011 9905 2
9011 9476 1
9014 9390 1
9017 9296 1
9018 9247 4
9018 9190 1
9021 9296 1
9023 9958 1
9023 9066 1
9024 9438 3
9030 9065 5
9030 9514 1
9030 9944 1
9030 9404 2
9030 9753 1
9030 9946 1
9030 9175 1
9030 9114 1
9033 9426 6
9033 9975 11
9033 9182 1
9033 9585 1
9033 9895 5
9041 9783 63
9041 9439 1
9046 9968 8
9047 9374 4
9047 9462 1
9049 9917 1
9050 9438 1
9053 9783 1
9053 9655 1
9077 9566 1
9081 9580 2
9082 9709 1
9082 9233 1
9082 9996 2
9086 9807 16
9087 9761 1
9092 9323 1
9105 9525 2
9109 9390 1
9111 9296 2
9119 9968 4
9120 9938 4
9121 9483 1
9126 9999 2
9129 9942 9
9132 9917 1
9137 9839 35
9146 9697 1
9155 9847 1
9155 9731 1
9155 9609 1
9157 9977 2
9165 9893 3
9179 9548 2
9179 9911 1
9179 9248 2
9179 9385 5
9179 9737 1
9187 9568 1
9207 9682 3
9208 9518 1
9208 9757 2
9223 9637 1
9224 9803 26
9239 9498 1
9240 9862 9
9252 9942 1
9255 9773 1
9259 9682 4
9261 9435 9
9267 9647 9
9267 9623 1
9267 9918 1
9267 9464 1
9267 9620 1
9267 9724 1
9274 9821 2
9286 9803 1
9287 9674 3
9296 9550 1
9321 9566 1
9323 9332 1
9326 9787 1
9334 9483 1
9338 9821 3
9341 9571 1
9345 9938 1
9347 9566 2
9361 9526 1
9364 9401 2
9377 9503 3
9377 9739 3
9390 9654 1
9392 9977 1
9394 9862 2
9394 9526 1
9413 9900 22
9415 9526 1
9426 9790 4
9428 9857 11
9430 9938 1
9435 9897 1
9435 9611 10
9438 9987 4
9441 9821 3
9444 9662 3
9457 9491 1
9461 9566 18
9463 9898 1
9464 9821 3
9467 9525 13
9474 9835 2
9483 9484 1
9483 9715 3
9483 9991 16
9509 9700 4
9513 9687 1
9525 9708 2
9525 9912 1
9525 9663 1
9525 9756 1
9525 9834 1
9535 9977 1
9545 9620 1
9568 9894 5
9568 9825 1
9571 9854 1
9571 9975 1
9571 9830 1
9571 9755 7
9573 9580 2
9575 9931 1
9577 9700 2
9580 9892 1
9580 9680 2
9580 9656 1
9625 9720 1
9635 9857 1
9650 9674 1
9682 9918 1
9682 9975 7
9690 9942 10
9697 9880 1
9697 9950 8
9720 9970 1
9725 9913 1
9726 9963 1
9742 9893 3
9753 9977 1
9766 9938 58
9784 9840 1
9790 9894 1
9814 9898 1
9818 9917 1
9821 9895 1
9826 9942 1
9846 9968 2
9852 9862 6
9869 9898 4
9912 9942 1
9917 9988 3
9942 9986 1
