5 8929 2
5 9505 2
5 9023 1
9 9531 1
9 9250 1
9 9460 6
9 9086 1
9 9177 1
9 9331 1
9 9831 35
33 8625 1
33 9007 1
33 9068 16
33 9096 2
33 9250 1
33 9393 1
33 9420 12
33 9038 1
33 9285 1
33 9346 46
33 9460 1
38 9999 14
38 9738 4
71 8535 1
97 8787 1
97 8615 1
107 9124 1
116 8746 4
116 9992 1
124 9248 1
124 9077 2
139 8638 1
139 9194 1
139 8904 7
139 9309 1
139 8880 21
139 9049 1
139 8601 1
146 3428 14
146 9460 1
146 9269 1
146 9388 1
146 8637 55
146 8897 1
146 9417 4
172 9065 2
172 9896 3
172 8943 6
172 9012 5
172 9523 1
172 8675 1
184 9655 1
184 9254 1
184 9166 4
184 9854 1
192 9492 1
192 9840 4
192 9174 1
199 9495 1
199 8797 3
199 9450 1
199 9877 17
199 9387 2
208 9867 1
208 9041 1
208 9927 1
217 9862 1
217 8784 4
217 9010 1
217 9568 1
217 9338 1
227 8807 3
227 9959 4
252 9795 6
252 8709 1
252 8975 1
252 9498 1
252 8771 1
252 9863 1
255 9900 1
260 8658 1
260 8695 1
260 9033 3
260 8862 2
263 8565 2
263 9202 1
263 9227 2
263 9036 1
281 9333 1
281 9439 1
281 8534 1
281 8816 1
281 9445 1
306 8769 1
306 8546 1
306 8814 19
327 8662 25
327 9583 2
327 8545 2
343 8538 1
366 8670 25
366 8936 1
366 9392 5
366 8811 2
366 9887 3
366 8691 3
421 9033 1
421 9839 1
421 9088 1
421 9464 1
421 9341 1
421 9330 2
421 9747 1
430 9757 1
430 8717 16
430 8968 2
430 8863 6
430 9845 1
430 8915 1
430 9351 1
430 8784 6
430 8994 1
430 9397 1
430 9398 1
436 9442 1
436 9554 1
436 9025 1
436 9717 1
436 9614 3
448 9958 1
455 8951 1
455 9958 4
455 8823 1
455 9872 1
464 9755 1
464 9787 1
475 8531 37
475 9263 3
488 9097 3
488 9229 2
488 8846 2
488 9857 1
492 9314 1
492 9422 2
492 9387 10
492 9722 1
511 8686 1
511 8979 1
511 9613 4
511 9711 1
511 9990 3
518 9265 2
518 9476 1
529 9833 1
529 9430 1
569 8859 1
569 9617 4
573 9655 1
573 9326 2
573 9429 1
573 8645 3
573 9596 5
573 9932 1
573 9245 1
573 9974 1
575 9209 1
575 8700 1
575 9494 1
579 9061 1
579 8998 2
579 9256 3
579 8541 2
579 9214 1
580 8651 1
580 9442 5
580 9620 1
580 9013 1
580 9164 4
581 8848 1
581 9852 1
599 8954 1
610 9660 3
610 8673 1
610 9504 1
610 9600 2
616 9227 1
618 9514 1
634 9711 7
634 9124 4
650 9747 5
650 9529 1
650 8682 1
650 9033 1
650 9357 2
655 9554 4
657 9810 1
657 9235 3
659 9939 3
659 9627 1
663 9656 1
663 9209 1
665 9381 1
665 9612 1
665 9848 6
666 8621 1
666 9444 1
666 9428 3
666 8718 1
675 8725 1
675 9791 1
676 8660 7
676 9206 1
676 9798 1
676 9571 1
676 9913 2
685 8918 1
685 8969 1
696 9779 1
696 9244 2
696 9251 2
696 8843 6
696 8845 2
696 8978 1
696 9241 1
696 9462 1
705 9059 6
705 9393 1
705 8595 2
739 9228 5
739 8920 1
739 9082 1
764 9704 1
764 9932 1
769 9438 4
769 9718 1
769 9877 1
786 9243 1
786 9807 1
786 9889 2
791 9886 1
791 9527 2
791 9300 1
791 9757 1
793 8913 1
793 8946 1
795 8679 1
795 9638 1
795 9374 2
795 9509 1
801 9733 1
801 9710 14
801 9247 2
801 9546 1
801 9921 1
811 9627 1
811 8660 58
824 8922 1
824 9373 3
824 9692 1
841 9472 1
841 8527 5
841 8892 4
844 8853 1
844 9142 2
844 9464 5
852 8801 1
852 9363 1
852 9328 5
852 9413 2
852 9505 1
852 8962 1
858 9224 1
858 9275 1
858 9904 1
860 8685 1
860 9708 1
863 9824 1
899 9717 1
899 8982 1
899 9007 2
899 9673 1
911 9339 3
911 8832 16
911 9711 1
921 9090 1
921 9058 2
921 9688 13
923 9868 1
923 9067 1
923 9576 1
928 9197 3
928 9654 1
928 9717 5
934 8528 1
934 8982 1
934 9612 1
934 8771 1
934 9568 1
936 9791 1
936 8718 1
936 9347 1
936 9564 1
936 9673 1
936 9027 3
937 8816 2
937 8860 1
937 9408 1
940 8768 1
940 9555 9
940 9700 3
940 8846 1
940 9044 1
940 9360 1
940 8979 1
940 8601 1
940 9775 2
940 9590 1
940 9663 1
940 9905 1
949 9631 19
949 9832 1
949 8557 3
955 8571 19
967 9728 1
978 8618 22
993 9417 5
995 9495 3
995 9353 43
995 9548 4
995 9821 1
995 9970 1
998 9568 1
998 9141 1
1003 8748 1
1003 9423 1
1003 9306 1
1004 9498 3
1004 9975 1
1004 8806 1
1004 9223 1
1018 9515 2
1018 9364 1
1026 9428 2
1026 9558 4
1026 9972 1
1026 8655 1
1042 9210 1
1044 9494 1
1044 9761 6
1044 8801 2
1044 9255 1
1047 9646 1
1047 9797 1
1065 8788 4
1065 8987 3
1065 9041 2
1065 8882 2
1065 8967 1
1065 9533 2
1065 9156 1
1065 8969 1
1065 8990 5
1065 9491 9
1071 9208 1
1071 8852 1
1100 8852 1
1102 9524 1
1102 9395 2
1102 8982 1
1102 9655 1
1102 9785 1
1103 9330 2
1103 9733 2
1103 9163 1
1103 8563 4
1103 9119 55
1103 9869 1
1103 9899 1
1146 8780 2
1146 9426 1
1156 9727 2
1156 9181 3
1156 9354 1
1172 8883 1
1172 9722 1
1179 9475 1
1179 8942 5
1179 9718 1
1179 9042 1
1179 9489 1
1195 8545 1
1195 9929 1
1195 8964 27
1195 9600 1
1195 9664 1
1211 9629 1
1211 9903 1
1212 8958 1
1212 9735 1
1212 8850 4
1212 8928 3
1213 9335 11
1213 9177 2
1219 8682 1
1219 8695 2
1219 9400 3
1220 9730 10
1222 9817 1
1222 9651 1
1222 8531 3
1222 9329 1
1237 9196 2
1237 8803 1
1237 9986 1
1247 8663 1
1247 9615 4
1256 9286 1
1256 9452 1
1256 9789 1
1256 9270 1
1256 9643 1
1256 9271 2
1257 9303 2
1257 9342 1
1257 9015 5
1259 8926 2
1259 8943 1
1259 9309 1
1259 9495 1
1259 9070 5
1259 8914 2
1259 9304 2
1259 9652 1
1259 9314 2
1259 9342 1
1259 9654 2
1259 9689 2
1259 9820 2
1263 9445 27
1263 9453 33
1263 9630 7
1263 8711 1
1269 9648 4
1269 9736 3
1269 9931 1
1278 9548 1
1278 8796 1
1278 8633 3
1278 9314 1
1297 9248 2
1297 9165 2
1297 9876 1
1310 9973 4
1310 8898 2
1310 9861 1
1318 9071 1
1318 8769 1
1318 9696 4
1333 8563 2
1333 9638 1
1333 8721 2
1335 9510 1
1335 8882 3
1335 9098 1
1335 9637 3
1335 9666 1
1335 9708 1
1335 8783 1
1335 9229 2
1365 9378 4
1365 9104 1
1382 9513 1
1382 9523 1
1382 9061 1
1397 8542 1
1397 9519 1
1397 8768 13
1397 9475 1
1412 8635 2
1412 9075 1
1412 8718 1
1412 9336 1
1412 9417 1
1412 9776 3
1415 8617 1
1415 8937 2
1415 8725 108
1415 9823 1
1445 8964 1
1474 9725 1
1474 9615 5
1474 8904 2
1474 9271 1
1474 8725 1
1474 9783 1
1481 8687 2
1481 9213 2
1481 9564 1
1481 8827 1
1481 8825 1
1481 8606 1
1481 8893 1
1481 8894 2
1483 9472 6
1499 9045 2
1499 9949 1
1499 8821 1
1499 9199 25
1501 9530 1
1501 9980 1
1501 9777 1
1539 9241 73
1562 9867 3
1562 8882 1
1562 9622 2
1575 9308 1
1575 9035 1
1575 9105 6
1575 9684 1
1595 8705 1
1595 9496 7
1603 9652 2
1603 8827 3
1603 9571 4
1610 8538 1
1610 8882 1
1610 9506 1
1610 8837 1
1610 8889 1
1610 8995 1
1624 9122 2
1624 9206 1
1624 8706 1
1624 8996 28
1624 9863 5
1624 8779 1
1643 9130 1
1643 9606 1
1643 9638 1
1643 8941 2
1643 9388 1
1643 8975 5
1656 9517 1
1656 9004 1
1662 8716 1
1662 8531 1
1662 8843 8
1662 9194 1
1662 8825 2
1681 9059 1
1681 9729 1
1681 9391 2
1681 9765 1
1684 9387 3
1684 8981 1
1684 9236 1
1698 9137 2
1698 9479 3
1698 8736 1
1707 9590 1
1707 9125 1
1707 9738 1
1709 8975 2
1709 9246 1
1709 9713 2
1709 9819 1
1709 9960 1
1709 9977 1
1710 9385 7
1710 8704 2
1710 8807 1
1712 9544 3
1712 9875 1
1712 9644 1
1712 9650 7
1713 8744 1
1728 9773 1
1728 8938 1
1752 9492 1
1771 9141 4
1771 8866 1
1771 8798 1
1771 9551 1
1771 9593 1
1786 8695 4
1786 9777 1
1786 9306 1
1786 9815 1
1793 8937 2
1793 9792 1
1793 8888 1
1793 9267 1
1799 8893 3
1799 8886 1
1816 9512 1
1816 9044 1
1816 9163 1
1816 9647 1
1822 9161 1
1822 9309 1
1822 9990 1
1822 8960 1
1822 8796 1
1822 9106 1
1842 9430 2
1842 9886 3
1842 9097 1
1842 9666 3
1842 8556 1
1862 9510 12
1866 8557 4
1866 9055 1
1866 9132 14
1883 9400 1
1883 9647 9
1883 8811 1
1884 8941 1
1923 8922 1
1923 9353 1
1923 9999 1
1923 9848 17
1923 9908 1
1923 9776 3
1923 9497 1
1926 9394 9
1926 8720 1
1930 8791 2
1945 9254 2
1945 9941 6
1945 9368 2
1945 8628 1
1945 9840 1
1947 9159 1
1947 8658 1
1947 9850 6
1947 9257 1
1947 8816 3
1947 9137 1
1947 9438 1
1947 8529 1
1948 8530 19
1948 8881 1
1948 8810 1
1949 9961 2
1949 9009 3
1949 9302 1
1952 9668 1
1952 9545 37
1952 8635 2
1952 8744 2
1952 9423 2
1952 9145 2
1979 8675 1
1979 8765 1
1979 9521 2
1979 9872 3
1992 9013 1
1992 9286 1
2012 9053 1
2012 8976 1
2067 9141 2
2067 9877 6
2067 9584 1
2067 9651 1
2067 9756 1
2067 9744 13
2067 9522 1
2114 9629 4
2114 9704 1
2121 9280 1
2121 9072 2
2121 9773 10
2121 9988 2
2123 8642 2
2123 8714 1
2123 9359 1
2128 9576 1
2128 9707 2
2128 9009 1
2131 9970 1
2131 9568 1
2131 9867 1
2144 8630 1
2144 9433 1
2144 9372 3
2144 9566 3
2167 9711 109
2167 9729 1
2167 8643 2
2167 8675 1
2167 9448 1
2167 9495 12
2185 9879 1
2185 8552 1
2186 9514 1
2186 9373 1
2186 9594 2
2186 9089 4
2186 9170 6
2186 9192 10
2188 8808 1
2188 8693 1
2188 9124 1
2188 9550 2
2188 9725 1
2226 8691 1
2226 9124 1
2226 9294 1
2226 9927 1
2226 8625 1
2226 9557 1
2226 9857 1
2234 9193 1
2234 9391 3
2234 9478 2
2236 8917 2
2236 9806 2
2236 9804 2
2236 9612 113
2236 9787 22
2257 9988 1
2257 9733 8
2257 8735 1
2257 8911 2
2257 8897 1
2257 9919 1
2257 9100 1
2279 8612 1
2279 8573 1
2279 8974 2
2279 9296 1
2279 8771 1
2279 8859 1
2279 9848 3
2297 9030 3
2297 9572 3
2297 8593 1
2297 9434 1
2346 9265 2
2346 9460 4
2346 9733 1
2358 9141 1
2358 9988 5
2358 8734 1
2364 9061 1
2364 8893 1
2364 9125 5
2375 9702 2
2375 9089 1
2375 9633 1
2375 8827 1
2375 9506 2
2377 9302 16
2377 9069 3
2377 9507 1
2377 8951 2
2379 9009 2
2379 9763 9
2379 9779 1
2383 9271 1
2383 8710 4
2387 9641 1
2387 8779 1
2387 9519 1
2387 9703 1
2387 8769 4
2387 9326 1
2387 9497 2
2387 9768 1
2387 9879 1
2387 9892 1
2387 9474 3
2387 9961 2
2387 8811 4
2387 9065 1
2387 9950 2
2410 9804 17
2410 8745 4
2410 8936 1
2416 9731 7
2416 9182 14
2421 9445 1
2421 9187 10
2421 9008 1
2482 9341 1
2482 9525 1
2496 9700 1
2497 9799 1
2497 8948 1
2497 9783 4
2497 8679 1
2497 9511 1
2497 9580 67
2515 8611 1
2515 9915 1
2520 9595 2
2520 8887 1
2520 9140 1
2525 9939 7
2525 9614 1
2527 9546 1
2527 8817 1
2527 9138 1
2527 9765 2
2538 8961 1
2538 8825 1
2538 8713 2
2538 8684 1
2538 9269 1
2538 9310 1
2542 9905 1
2542 8648 1
2542 9555 2
2543 8597 1
2543 8768 2
2543 9078 1
2543 9796 1
2543 8600 6
2543 9090 1
2543 8776 1
2543 9447 1
2544 9305 1
2567 9639 1
2567 8535 1
2567 9262 1
2572 9124 1
2572 9644 1
2605 9138 1
2605 8995 30
2606 8690 2
2606 9069 1
2614 9029 1
2614 9174 3
2614 9604 2
2614 9036 7
2614 9342 1
2614 9448 1
2640 9642 1
2640 9507 1
2640 9363 4
2640 9243 1
2647 9631 1
2647 9580 6
2654 8555 4
2654 8846 3
2654 8866 1
2660 9617 1
2660 8595 1
2660 9312 1
2660 9728 1
2671 9105 1
2671 8729 6
2671 8786 1
2671 9657 4
2679 9840 1
2679 8965 2
2679 9059 1
2679 9394 1
2679 9470 1
2699 9642 1
2699 9321 1
2699 9198 1
2705 9987 1
2705 9654 28
2705 9480 11
2705 8576 1
2723 8969 3
2742 9316 16
2742 8547 12
2742 9055 49
2742 9924 1
2748 9948 1
2748 8773 3
2748 9445 1
2753 8534 1
2753 8617 1
2753 8803 24
2753 9353 1
2753 9408 3
2753 9564 6
2753 9558 1
2772 8633 1
2772 8946 1
2772 9492 2
2772 9438 4
2776 9195 1
2776 8771 2
2776 9442 1
2776 9463 3
2776 8906 1
2776 9007 2
2788 9232 9
2788 9351 1
2796 9061 1
2796 8976 1
2796 9704 2
2796 9452 1
2796 9675 1
2796 9213 1
2796 9483 3
2796 9196 1
2799 9981 1
2823 8586 1
2823 9819 3
2823 9384 3
2832 9666 1
2835 9350 2
2842 8711 8
2842 8625 3
2842 9639 1
2842 9799 1
2842 8549 5
2844 9057 1
2844 9898 5
2845 8901 18
2845 8622 2
2845 9008 5
2845 9122 1
2845 9883 2
2845 8822 1
2865 9911 1
2865 8812 3
2865 9702 1
2865 9831 1
2865 9804 17
2867 8866 6
2867 9030 4
2867 9758 3
2867 9333 5
2867 9454 1
2867 9865 2
2872 9806 1
2872 9524 1
2906 9839 1
2906 8985 1
2906 9077 1
2906 9400 2
2906 8861 1
2912 9105 2
2912 9247 1
2912 9413 3
2912 9810 1
2930 9947 1
2930 9817 2
2931 8753 2
2931 8990 4
2931 9289 1
2931 9420 1
2931 9481 1
2931 9979 1
2931 9388 90
2946 9944 2
2946 8758 1
2946 9527 5
2946 8728 1
2949 9753 1
2949 8662 3
2949 8906 1
2949 9735 3
2949 9976 33
2959 9145 1
2959 9015 2
2959 9728 3
2959 8808 1
2959 9607 9
2970 9522 1
2979 9523 1
2979 8976 1
2983 8915 1
2983 9469 1
2983 9826 1
2983 9899 1
2983 9878 200
2995 9132 3
2995 9438 1
2995 8939 39
2995 9871 2
2997 8957 1
2997 8619 5
2997 9423 5
3017 9362 12
3017 8643 1
3042 9324 5
3042 9266 1
3042 9630 12
3054 8725 1
3054 9903 1
3056 9250 1
3058 9892 1
3058 9344 1
3058 8734 1
3058 9104 4
3058 8542 1
3058 9278 1
3063 9854 1
3063 9057 1
3089 8527 5
3089 9157 63
3089 9737 149
3089 9143 1
3089 9650 1
3089 8684 2
3097 9055 3
3101 9554 1
3101 8727 1
3111 8532 3
3122 9372 7
3122 9625 2
3122 9181 3
3122 9697 2
3122 8660 2
3122 8833 2
3124 9566 2
3124 8740 2
3124 9887 1
3127 8545 2
3127 8656 1
3127 9980 1
3134 9163 1
3134 9594 2
3137 8887 22
3137 8756 3
3137 8836 1
3161 9220 1
3161 9538 1
3161 9610 1
3165 8578 1
3165 8548 1
3165 8658 3
3165 8776 8
3165 9077 2
3169 9391 3
3182 9568 3
3182 9841 1
3182 9588 1
3192 8710 5
3192 9472 2
3192 8569 1
3192 9098 1
3192 9768 1
3204 9996 6
3204 9439 1
3208 9896 1
3208 8946 68
3219 9958 1
3219 9187 1
3219 9763 1
3219 9931 3
3219 9260 3
3219 9529 1
3219 9542 1
3221 9196 1
3221 9714 1
3221 8571 1
3221 9841 1
3229 9198 2
3229 9548 3
3229 9772 1
3229 9427 2
3229 9546 1
3229 9112 2
3229 9794 1
3234 9165 1
3234 8901 8
3234 9456 4
3240 9545 1
3240 8616 2
3240 9641 1
3240 9896 1
3243 9832 6
3243 8883 1
3251 9677 3
3255 9401 1
3255 9816 6
3255 9660 1
3255 9732 2
3255 9448 3
3293 8928 9
3293 8741 2
3293 8645 1
3293 8717 1
3293 9231 3
3293 9238 5
3293 9395 41
3296 8682 1
3296 9420 1
3298 9285 1
3298 8882 1
3298 9025 1
3298 9167 2
3298 9180 1
3298 9554 1
3301 8837 2
3305 8592 1
3305 8669 1
3305 9174 10
3305 9176 1
3305 8780 4
3320 9761 1
3320 9923 1
3320 8983 1
3320 9456 3
3320 8994 2
3320 9030 3
3320 9344 1
3327 9690 1
3327 8968 1
3327 9460 1
3327 9590 1
3336 8944 1
3336 9567 1
3336 9234 1
3336 9242 2
3369 8582 14
3369 9152 5
3369 9322 1
3369 9668 1
3378 8612 2
3378 9840 1
3378 8823 1
3378 9197 2
3378 9475 1
3378 9761 1
3378 8848 5
3394 9987 1
3394 9721 1
3396 8792 3
3397 9408 15
3397 8824 5
3403 9948 1
3403 8610 2
3403 8572 1
3403 8775 1
3403 9857 1
3403 9012 1
3403 9210 1
3405 9088 1
3412 9214 1
3412 8606 16
3414 9761 6
3414 9510 4
3414 9594 1
3414 9168 2
3414 9189 1
3420 9491 1
3420 9602 1
3420 8547 21
3420 9922 1
3420 8824 1
3420 9732 1
3420 9756 2
3420 8528 1
3420 8944 1
3420 9010 1
3428 8538 1
3428 8583 1
3428 8586 2
3428 8658 5
3428 9049 8
3428 9656 1
3442 9005 1
3442 8633 1
3442 8934 1
3471 9974 1
3471 9418 1
3478 9831 1
3478 8769 1
3478 8592 1
3478 9281 1
3486 9044 1
3486 9581 1
3486 9925 1
3492 8812 1
3492 9376 8
3492 9555 2
3492 9692 13
3496 9925 1
3496 9226 4
3496 8997 3
3496 9651 9
3501 9703 1
3501 8673 8
3501 8723 13
3501 9014 2
3501 9516 1
3505 9390 1
3505 9513 3
3505 9617 1
3516 9053 1
3516 9352 40
3516 9710 3
3516 9908 1
3530 9901 1
3530 9383 12
3534 8868 3
3534 9453 1
3536 9149 1
3536 9794 1
3536 8985 4
3536 9224 1
3536 8682 1
3536 8851 1
3536 9054 1
3536 9347 1
3536 9756 3
3552 9625 1
3552 9841 1
3552 8976 1
3552 8998 1
3552 9359 1
3557 9454 1
3557 8711 1
3557 9195 1
3557 9235 6
3557 9533 3
3587 9350 4
3587 9792 1
3587 9664 1
3587 8995 1
3587 9925 1
3587 9356 1
3587 8821 1
3587 9197 1
3587 9567 1
3587 9596 1
3590 8833 1
3590 9862 1
3590 9558 1
3590 9783 1
3590 8642 5
3599 9043 1
3609 8606 1
3609 8644 1
3609 9604 2
3618 8799 1
3618 9251 1
3618 9474 2
3618 8535 2
3618 8838 1
3618 9785 2
3618 8723 1
3618 9097 3
3625 9922 1
3625 8656 1
3631 9876 1
3631 8859 1
3631 9788 2
3638 9090 1
3638 8629 1
3638 8642 1
3638 8982 5
3638 9507 2
3638 9625 4
3638 9773 1
3638 9883 10
3638 8814 1
3657 9257 1
3657 9445 1
3657 9524 200
3657 9607 6
3657 8816 1
3657 9086 1
3657 9229 2
3657 9819 1
3678 9951 1
3678 9633 4
3678 9902 1
3678 9581 13
3678 9911 2
3680 8925 1
3680 8914 3
3685 9193 1
3685 8578 1
3685 8954 2
3685 9922 1
3690 9531 1
3690 9403 1
3690 9904 5
3690 9299 1
3690 9895 1
3690 8573 1
3690 8864 2
3698 8687 1
3711 9879 1
3711 9223 1
3711 9238 1
3711 8855 1
3711 9351 1
3756 9957 1
3762 9531 1
3762 9204 4
3762 9413 1
3762 9878 1
3781 9751 2
3781 8782 3
3781 9190 5
3788 8527 6
3788 9521 14
3788 9296 1
3795 9867 1
3795 8703 1
3803 8618 1
3803 9470 1
3803 9487 1
3804 9050 1
3804 8894 1
3804 9885 1
3804 9390 1
3804 9616 1
3809 9176 1
3809 8664 1
3809 8745 1
3809 8714 3
3809 9543 3
3809 8757 1
3809 8947 1
3823 9371 1
3823 9441 3
3823 9647 1
3844 9312 2
3844 8929 1
3844 8569 1
3844 9750 1
3868 9427 92
3871 9168 1
3871 9027 1
3871 9714 1
3880 8717 1
3880 9119 6
3880 9339 2
3880 8857 1
3880 8956 1
3880 9796 44
3900 9454 1
3900 8598 1
3904 9418 4
3904 8838 5
3911 9755 1
3911 9099 1
3911 9792 1
3911 9488 7
3911 9668 1
3911 8835 4
3912 9959 1
3912 8888 2
3927 8723 1
3927 9652 1
3927 8576 1
3927 9441 1
3927 9677 1
3928 8569 1
3928 9808 1
3928 9293 1
3935 8996 1
3935 9752 1
3938 9398 1
3938 9216 2
3938 9584 3
3938 8968 1
3938 9014 1
3938 9330 1
3939 9580 1
3939 9004 1
3939 8920 1
3969 8826 5
3969 9418 1
3969 9552 1
3969 9513 4
4004 8689 8
4004 8807 1
4011 9500 1
4011 9582 1
4031 9359 1
4031 9595 7
4031 9966 1
4073 8946 6
4073 9887 2
4073 9142 1
4073 9779 2
4073 9861 1
4073 8886 79
4073 9551 1
4073 9688 1
4074 9615 1
4080 9041 1
4080 9845 1
4080 8705 1
4080 9821 1
4080 8886 1
4080 9644 1
4080 9597 1
4080 9824 1
4092 9792 1
4092 8530 7
4092 9452 1
4104 8898 3
4104 8765 1
4104 8791 4
4125 8773 2
4125 9285 2
4129 9821 2
4129 9805 1
4131 9624 1
4131 9889 2
4131 8734 1
4131 9062 1
4131 9186 1
4139 8664 1
4143 9000 2
4154 9538 1
4202 9013 1
4202 9596 133
4202 9285 7
4202 9329 1
4202 8981 1
4202 9283 1
4202 9881 41
4211 9437 1
4211 8948 4
4211 9310 12
4211 8767 7
4211 8788 1
4211 9161 1
4211 9224 2
4211 9313 54
4211 9479 1
4211 9516 2
4218 9442 2
4225 8868 1
4225 9530 9
4225 8713 1
4225 9953 1
4242 9517 1
4243 9211 2
4243 8549 2
4255 9148 1
4255 9653 2
4260 8892 1
4260 8665 4
4260 9755 1
4307 8857 3
4307 8945 1
4310 9599 1
4310 9108 12
4312 8776 1
4321 8855 20
4321 9648 1
4324 9334 1
4324 9620 2
4324 9796 2
4324 9696 1
4325 8926 1
4325 8850 1
4326 9293 1
4326 8663 6
4329 9616 1
4329 9075 1
4329 9808 1
4329 8638 1
4343 9244 1
4343 8837 14
4350 9303 2
4350 9259 1
4350 9998 12
4350 8651 18
4350 8883 1
4350 9209 1
4350 9397 1
4380 8854 1
4380 8807 2
4380 9177 1
4380 9530 1
4380 8646 1
4380 9815 1
4380 9633 1
4381 8887 4
4381 8664 23
4381 9582 1
4381 9637 1
4400 9964 8
4405 9076 1
4405 9430 1
4405 9711 1
4405 8599 1
4405 9397 1
4405 9574 14
4405 9986 1
4405 9206 1
4405 9362 1
4405 9869 2
4405 9492 1
4406 8684 2
4406 9805 8
4411 9214 7
4411 9975 1
4413 8700 6
4413 9526 1
4413 9140 7
4413 9690 1
4413 9780 1
4413 9823 3
4413 9987 1
4413 8889 2
4421 9831 1
4421 8538 3
4421 9474 1
4441 9235 109
4441 9314 1
4441 9804 1
4441 9234 13
4441 9360 2
4441 8882 2
4463 8713 1
4482 9166 1
4482 8637 1
4482 8585 1
4482 9523 2
4482 9758 10
4483 9111 3
4483 8861 5
4483 9606 5
4483 9853 200
4483 8600 2
4483 8746 1
4491 8892 1
4491 8946 1
4491 9552 1
4491 9828 4
4494 8951 1
4520 9584 2
4520 8853 3
4542 8608 1
4542 9992 18
4543 8807 2
4543 9298 1
4543 8898 1
4543 9010 1
4543 9122 2
4554 8889 2
4554 9401 2
4554 9441 1
4556 9061 1
4556 9517 1
4560 9905 1
4560 9212 1
4560 9719 1
4562 9718 1
4562 9837 2
4565 9365 1
4565 8956 1
4565 9373 1
4565 8955 1
4565 9913 1
4570 9627 1
4570 8647 1
4570 9426 3
4576 9306 1
4576 9514 1
4576 8810 2
4576 9707 1
4586 9423 1
4586 9268 1
4586 8920 1
4586 9566 1
4586 9625 2
4586 8783 4
4590 9229 1
4590 9144 3
4630 9086 6
4630 9763 2
4631 9567 1
4631 8955 77
4631 8682 1
4631 9637 3
4638 9230 2
4638 8636 1
4638 9545 1
4638 9638 1
4645 9142 4
4645 8818 2
4652 9164 1
4652 8891 1
4652 8985 1
4652 9403 1
4652 9939 1
4656 9742 1
4667 9575 1
4694 9850 1
4694 9437 2
4694 9773 1
4704 8913 5
4704 9206 1
4713 9896 1
4713 9220 1
4717 8532 1
4717 8667 8
4717 8753 1
4717 8541 1
4721 9075 1
4721 9615 2
4721 9631 1
4726 8944 1
4726 8548 1
4726 9290 2
4726 9892 3
4739 9858 2
4739 9478 1
4739 8864 18
4739 9727 3
4739 8611 200
4739 9695 1
4760 9953 1
4760 9283 1
4760 9544 99
4760 9531 1
4760 9308 1
4760 9248 1
4763 9799 1
4763 9923 2
4766 9336 27
4766 8960 1
4766 9304 1
4766 9125 1
4766 9788 3
4766 8787 1
4766 8828 1
4766 9420 1
4766 9752 3
4766 9132 13
4766 9379 1
4773 8832 2
4773 9444 1
4794 8847 1
4804 8838 2
4804 9922 4
4807 8935 9
4807 8616 1
4815 9583 1
4815 9509 1
4815 8759 3
4835 8582 1
4835 9791 4
4835 9490 1
4841 9692 1
4841 9186 2
4845 8948 2
4845 9434 2
4845 9454 14
4845 9927 1
4876 9374 1
4876 9164 1
4876 9240 1
4925 9067 3
4925 9447 1
4925 8713 7
4925 9169 2
4925 9732 1
4926 8886 2
4926 9435 1
4926 8897 2
4940 8612 2
4940 8769 1
4940 9242 1
4940 9293 2
4940 9803 1
4940 9071 3
4948 8961 1
4962 9108 1
4962 8835 1
4962 9333 1
4962 8949 12
4987 8739 2
4987 8576 97
4991 9578 1
4991 9665 3
4993 8891 1
4993 9670 1
5011 8531 1
5011 9179 1
5011 9745 1
5011 9121 7
5011 8852 1
5011 9752 1
5011 9799 1
5011 8784 1
5021 9109 1
5021 8565 1
5027 9314 1
5027 9730 1
5027 8907 3
5035 9934 1
5035 8863 1
5035 9486 1
5037 9227 1
5037 9388 2
5037 9677 1
5037 9893 3
5037 8860 1
5037 9733 1
5037 9724 1
5045 8942 3
5045 9204 3
5045 9111 1
5045 9269 1
5045 9257 5
5046 9512 1
5046 9610 1
5046 9636 1
5046 9719 2
5046 9689 1
5046 9803 11
5048 9950 1
5048 9543 3
5048 9428 1
5048 9677 1
5079 9145 3
5079 8696 1
5079 8960 4
5079 9130 1
5079 9656 1
5079 8618 1
5079 9450 50
5079 9765 2
5104 9281 5
5104 8716 1
5104 8923 1
5125 8756 181
5125 8723 2
5125 9655 1
5150 8911 1
5162 9868 1
5162 8744 1
5162 9795 4
5171 8662 3
5171 8810 1
5171 8825 1
5171 9295 14
5171 8575 1
5171 9390 1
5179 9776 1
5179 9254 2
5179 8592 5
5179 9140 2
5179 9588 1
5179 9606 1
5179 9872 4
5179 9878 2
5192 9700 1
5192 9360 2
5192 9088 1
5192 9987 1
5196 9211 1
5196 8855 1
5196 8913 3
5201 9061 12
5201 9470 2
5201 8935 1
5201 9582 1
5201 9799 1
5202 9882 1
5203 9078 1
5203 9862 7
5203 8792 19
5203 9055 1
5203 9684 1
5203 9711 1
5203 8574 2
5203 9356 1
5223 8926 4
5223 8597 2
5223 9841 6
5229 8923 5
5229 9692 1
5229 9515 13
5235 9025 1
5235 9400 1
5235 8996 1
5235 9382 2
5275 9115 1
5275 8868 2
5281 8561 3
5294 9630 1
5305 9714 1
5305 9783 1
5305 9157 1
5305 9089 3
5305 8731 1
5305 9276 1
5316 7334 2
5316 9569 1
5316 8608 1
5316 9424 1
5316 9504 8
5316 9661 1
5316 9722 1
5316 9590 1
5316 9818 5
5327 9082 1
5327 8528 1
5327 8689 1
5327 8974 2
5327 9646 1
5345 9082 1
5345 8673 1
5345 9068 2
5345 9808 1
5357 9127 1
5357 9331 1
5357 9925 2
5357 9514 1
5357 9923 1
5357 8797 4
5377 9630 2
5377 9651 1
5377 9182 1
5377 8854 2
5377 8929 1
5377 9099 2
5377 9606 2
5384 9947 1
5384 9641 1
5397 9262 31
5397 9751 1
5401 8850 1
5401 8828 1
5401 9865 1
5401 8881 1
5401 8947 1
5401 8555 1
5401 8558 1
5407 8572 1
5410 8757 7
5410 8709 4
5410 9254 4
5414 9975 1
5414 9045 1
5414 9085 1
5419 9346 1
5490 9360 2
5490 9545 1
5490 9464 1
5490 9559 1
5492 9805 85
5492 9353 2
5492 9487 1
5492 8735 3
5503 9417 2
5503 8938 1
5503 8583 1
5503 8827 1
5503 9450 3
5514 9078 3
5514 9522 1
5514 9350 1
5528 8760 1
5528 8821 1
5528 8969 1
5530 8942 2
5530 8821 2
5530 8663 1
5558 9435 2
5558 9242 1
5558 8948 1
5558 8696 1
5570 8744 1
5570 9832 1
5604 9721 1
5604 8824 1
5607 9735 1
5607 9644 3
5607 8960 3
5607 9270 1
5607 9666 6
5615 8954 1
5619 9300 2
5619 9828 21
5619 9524 1
5626 8713 3
5626 8773 3
5626 9250 2
5626 9675 1
5650 9868 3
5654 9966 3
5654 8548 2
5654 9293 4
5665 9353 4
5696 8911 2
5696 9042 2
5696 9131 2
5696 9430 1
5696 9308 6
5706 8636 2
5706 9569 7
5706 9853 1
5709 9238 1
5710 9212 1
5725 9159 57
5726 8644 1
5726 9047 1
5726 9365 1
5737 8688 1
5737 8782 1
5737 8575 3
5737 8583 1
5737 8681 1
5737 8914 1
5757 8727 1
5757 9875 1
5757 8810 1
5757 9361 1
5757 8903 1
5767 9260 9
5767 9745 1
5767 8622 1
5767 9076 16
5767 9202 1
5775 9262 2
5775 9681 1
5775 9130 2
5775 9634 1
5818 8741 1
5818 8572 4
5828 8852 2
5828 9501 2
5828 8563 1
5828 9996 1
5828 8925 5
5843 9867 1
5859 9397 1
5859 9634 1
5859 9945 2
5859 9826 1
5870 8717 13
5870 8711 1
5870 9070 1
5870 9105 1
5870 9109 117
5870 9319 1
5870 9945 1
5889 8854 1
5889 9330 2
5889 9394 2
5889 8534 1
5889 8798 17
5889 9875 1
5889 8531 2
5892 9256 1
5892 9447 8
5914 9326 1
5914 8725 2
5914 9864 14
5914 8818 1
5914 9836 2
5914 9324 5
5914 9641 1
5914 9981 1
5919 8775 2
5919 9248 1
5919 8530 1
5919 9729 1
5926 9638 15
5926 9302 2
5928 8891 1
5928 9007 5
5928 9259 4
5928 9604 1
5956 8990 10
5956 8996 1
5956 9070 4
5956 9996 1
5956 9747 2
5956 9775 1
5956 9777 2
5964 9245 4
5964 8926 2
5964 9194 1
5965 8893 2
5965 8943 1
5965 9828 3
5974 9438 5
5974 8708 1
5974 9341 2
5980 9344 1
5989 9210 1
5989 8944 1
5989 9409 2
5989 9836 2
5989 9839 2
5989 8629 1
5989 9607 1
5989 9628 1
5989 9755 1
6005 8939 2
6005 8955 1
6005 8799 3
6005 9371 1
6035 9758 2
6035 9280 1
6035 9959 1
6035 9269 1
6040 9969 1
6041 9359 1
6041 8775 3
6047 9823 1
6047 9434 1
6047 8575 1
6047 9744 1
6047 9961 1
6047 8573 2
6047 9289 2
6047 9588 9
6047 9873 1
6057 9330 29
6057 9473 1
6057 9321 41
6059 8836 1
6059 9283 1
6059 9788 1
6059 9270 1
6059 8621 2
6059 9552 1
6059 9836 8
6063 9887 1
6063 9681 1
6063 9808 3
6063 9795 1
6063 9636 26
6063 8565 3
6063 9862 1
6063 8948 2
6063 9444 1
6063 9930 2
6070 9930 1
6070 9525 1
6070 8751 1
6070 9326 1
6072 8941 1
6072 9195 1
6072 9676 1
6080 8902 4
6080 9839 6
6080 9265 1
6086 8976 19
6086 9423 8
6088 8721 1
6088 9807 1
6088 9256 1
6088 8836 1
6088 9657 1
6088 8612 1
6101 8956 1
6101 8983 1
6101 9166 1
6107 8848 2
6107 8560 1
6107 9662 1
6107 9675 15
6111 8776 1
6111 9198 1
6146 9445 2
6146 9736 10
6146 9641 1
6146 8967 1
6146 9210 6
6146 9789 1
6146 9378 3
6146 9481 1
6146 9530 3
6146 9973 2
6153 9637 1
6153 8939 2
6153 8674 3
6153 8916 1
6153 9958 65
6189 8636 1
6189 8683 11
6200 9228 56
6200 9316 1
6200 9847 2
6209 9467 1
6226 8573 4
6226 9435 4
6239 9327 2
6239 8917 1
6239 8534 12
6239 9304 1
6239 9745 2
6242 9969 1
6242 8908 1
6242 9363 1
6249 8646 1
6249 9136 1
6249 9880 3
6249 9962 1
6253 9209 1
6253 8990 50
6253 9081 1
6258 9441 1
6258 9022 1
6258 9360 1
6264 8591 1
6264 8937 4
6264 9686 1
6273 8873 1
6273 9581 1
6273 9251 1
6273 8662 1
6273 9392 1
6275 8723 1
6275 9735 1
6275 8886 1
6275 9871 27
6275 9934 1
6275 9281 1
6275 9526 3
6275 8762 1
6275 9727 2
6294 8951 5
6297 9635 1
6297 9803 2
6308 9413 1
6308 8563 1
6308 8824 1
6312 9393 3
6318 9473 3
6318 9482 1
6318 9624 1
6326 8845 4
6326 9550 1
6326 9013 6
6326 9912 1
6326 9505 2
6326 9514 2
6326 9625 1
6338 8556 5
6338 8635 5
6365 9613 1
6375 9480 1
6375 8618 1
6380 9839 11
6380 8912 5
6380 9904 1
6419 8616 1
6419 8706 1
6419 9753 1
6422 8558 1
6422 9203 2
6422 9662 1
6448 9631 2
6448 9469 1
6448 9275 26
6448 8964 1
6448 9600 1
6448 9699 1
6455 9492 1
6455 8786 1
6455 9463 1
6455 9377 1
6455 9278 1
6455 9475 3
6455 8936 1
6455 9106 6
6455 9053 7
6455 9121 4
6455 9613 1
6460 8823 2
6460 9595 2
6460 8675 3
6462 8767 1
6462 8965 1
6471 9911 4
6474 8687 1
6474 9312 10
6474 9521 1
6483 9919 1
6483 9422 1
6492 9335 37
6492 8967 1
6510 8965 1
6510 9792 3
6510 9476 1
6527 9364 2
6527 9681 3
6527 9944 2
6538 9541 1
6538 8608 2
6538 9507 17
6538 9535 2
6548 8915 1
6548 9610 1
6548 9023 1
6548 9109 1
6548 9751 1
6548 9852 1
6559 9555 1
6559 9378 1
6559 9752 1
6559 9289 2
6559 9382 1
6559 9898 3
6566 9819 1
6566 8571 2
6567 9993 3
6567 9974 15
6567 9216 1
6567 9354 1
6577 8962 1
6577 9757 1
6580 9630 1
6580 8741 1
6580 8842 1
6580 9232 10
6585 8937 2
6585 9607 80
6585 8994 1
6585 9037 1
6585 9115 1
6585 9929 1
6591 9096 2
6591 8854 1
6598 9115 1
6598 9085 1
6616 8734 1
6620 9437 1
6620 9901 1
6623 9551 13
6623 9713 1
6623 9901 1
6623 8748 7
6623 9071 1
6623 9469 1
6623 9700 2
6623 9834 1
6634 9369 14
6639 8727 1
6639 9170 1
6639 9202 5
6639 9939 2
6639 9625 1
6639 9810 1
6642 9152 21
6642 9476 1
6642 9054 2
6642 8788 9
6642 9338 1
6656 8638 1
6656 8545 2
6656 8942 2
6656 9868 1
6674 8696 1
6674 9281 1
6677 9816 10
6678 8527 1
6720 8836 1
6720 9234 1
6720 9900 1
6722 9156 1
6722 9996 1
6728 8757 1
6728 9159 23
6750 8561 1
6750 8617 1
6750 8739 107
6753 9551 1
6753 9070 1
6753 8586 1
6753 8902 1
6753 9880 1
6753 9925 1
6754 9848 2
6754 8542 1
6754 9681 1
6758 9624 1
6758 9853 4
6758 8897 1
6758 8529 8
6758 9034 1
6758 9095 1
6760 9430 2
6760 9149 1
6760 8611 3
6760 9099 1
6760 8597 1
6760 9300 1
6776 9951 1
6776 9915 1
6776 9212 1
6776 8828 1
6782 9403 2
6786 9445 1
6786 9442 4
6786 9933 2
6790 9763 2
6790 8868 5
6790 9172 1
6802 8981 1
6802 8757 1
6802 9815 6
6802 8881 1
6802 9230 4
6802 9845 4
6839 9663 2
6839 9979 1
6843 8561 1
6843 8868 1
6843 8864 1
6843 9637 1
6853 9369 1
6853 9306 5
6853 9364 1
6853 9871 1
6853 9028 1
6893 8883 1
6893 9192 3
6893 9462 1
6893 8630 1
6893 8837 3
6894 9097 4
6894 9045 2
6895 8710 8
6895 8688 1
6913 9633 1
6913 8553 1
6932 9342 1
6932 9712 8
6946 9190 3
6946 9434 1
6946 8597 2
6946 9647 11
6946 9143 1
6946 9245 2
6946 9557 1
6946 9731 1
6969 8792 2
6969 8625 200
6980 9232 1
6989 9168 1
6989 8962 1
6989 9916 1
6989 9260 1
7002 8637 1
7002 9665 1
7002 8871 1
7002 9278 3
7002 9023 1
7002 9302 1
7006 8997 3
7006 9109 1
7006 9510 1
7006 9710 1
7014 9739 1
7014 9712 1
7029 9368 1
7029 8917 1
7035 9807 1
7035 9953 2
7039 9242 1
7039 8873 9
7049 8565 1
7057 8630 1
7057 9798 3
7061 8728 1
7061 9296 58
7069 9321 1
7069 8880 4
7075 9007 2
7075 9581 2
7075 9036 2
7091 9424 2
7091 8704 3
7091 9780 1
7091 9957 1
7095 9744 6
7095 9336 1
7137 8808 25
7137 9163 4
7137 8670 2
7137 9227 1
7141 8811 1
7141 9509 2
7141 8941 1
7141 8553 1
7141 9495 1
7152 9106 1
7152 9630 1
7152 9125 4
7152 9823 1
7152 9170 1
7152 9713 1
7152 8622 2
7152 9295 1
7152 9498 1
7157 9529 3
7157 8803 1
7158 9204 3
7158 9078 3
7158 9573 1
7158 9742 1
7158 9500 1
7158 9602 1
7179 9095 1
7185 9728 2
7185 9617 17
7185 9769 2
7198 9131 1
7198 8981 2
7200 9038 1
7200 9134 2
7210 8746 1
7210 9696 1
7210 9736 4
7210 9933 1
7210 9951 1
7210 9981 1
7210 9377 2
7217 8883 2
7217 9263 1
7217 9761 1
7217 9737 1
7217 8817 1
7218 8748 59
7218 8903 1
7218 8873 2
7218 8648 1
7237 8697 1
7237 9091 1
7237 9303 1
7237 9708 1
7247 8600 1
7247 9165 1
7248 9384 4
7248 9043 1
7248 9969 27
7248 9714 1
7249 9159 1
7249 9246 60
7249 8622 2
7249 9976 1
7253 9276 1
7253 9341 2
7253 9697 2
7255 9220 2
7255 8859 1
7255 8904 2
7255 9582 1
7255 8956 5
7255 9633 2
7255 9804 2
7255 9350 1
7265 9438 1
7265 9187 1
7266 9470 2
7266 9824 1
7266 9191 1
7266 8846 1
7266 9121 1
7266 9652 5
7266 9721 1
7266 9559 1
7266 8591 1
7273 9400 1
7273 8635 1
7273 8862 3
7273 9275 1
7293 9468 1
7326 8619 1
7326 9248 1
7326 9896 1
7332 9475 1
7334 9463 1
7371 8735 9
7371 9383 1
7371 9616 1
7378 9338 3
7378 9312 1
7378 9377 1
7378 8753 1
7378 8922 2
7378 9191 2
7409 8751 6
7412 9182 3
7412 8534 4
7412 9076 1
7412 9340 1
7442 8949 1
7442 9551 2
7442 9675 1
7442 9226 8
7461 9140 2
7461 8728 6
7461 8610 1
7461 9998 1
7475 8808 1
7475 9164 1
7475 9176 172
7475 9361 1
7475 9159 2
7487 8823 1
7487 9251 4
7489 9892 1
7490 9033 1
7490 9986 1
7490 9951 1
7494 9267 1
7495 9119 1
7495 8655 1
7497 9486 6
7497 8714 1
7530 9346 1
7530 9120 1
7541 9309 1
7541 9566 1
7553 9988 3
7553 9731 1
7561 9855 1
7561 9593 1
7561 9433 1
7561 9511 2
7561 9795 1
7562 9395 2
7562 8650 200
7562 9244 1
7562 8697 1
7562 9573 1
7562 9738 1
7564 9347 3
7564 9376 1
7564 8801 6
7564 9995 1
7564 9381 3
7564 9739 1
7571 9837 2
7571 9930 1
7573 9096 1
7573 9616 2
7573 8618 1
7573 9149 1
7573 9309 2
7603 8979 2
7603 9736 1
7603 9977 1
7603 9294 1
7603 9667 9
7609 8960 14
7609 8849 8
7609 9029 2
7609 9792 3
7618 9735 1
7618 8685 1
7618 8882 1
7618 9091 2
7618 9142 28
7618 9488 1
7619 8593 1
7619 8674 1
7629 8857 3
7633 9340 1
7633 9896 1
7633 8943 14
7644 9099 4
7644 9480 1
7659 9433 1
7659 9933 7
7659 9209 1
7659 9921 8
7659 9462 39
7663 8916 2
7663 9902 5
7669 8974 1
7669 8898 2
7673 8583 1
7673 9328 1
7673 9893 1
7678 9939 1
7681 9667 2
7681 9008 2
7681 9152 1
7691 8667 2
7691 9857 1
7691 9029 1
7691 8629 24
7691 9599 2
7698 8817 9
7704 9387 1
7704 9482 1
7704 9833 1
7704 9643 2
7704 9709 1
7709 8975 2
7709 9199 2
7710 8855 1
7710 9027 3
7710 9369 1
7710 9883 10
7735 9242 4
7737 9606 1
7737 8650 4
7737 9305 1
7737 9184 2
7784 9181 1
7784 8670 1
7784 9636 11
7791 9164 1
7791 8798 1
7805 9334 1
7805 8893 1
7805 9227 2
7820 9390 1
7820 9088 1
7820 9100 2
7820 9977 1
7834 9837 1
7834 8849 2
7877 9507 2
7877 8691 1
7890 9045 1
7967 9837 32
7967 9200 1
7967 9364 2
7968 8697 5
7968 9235 1
7968 8669 1
7968 9203 1
7979 9081 2
7998 9868 1
7998 8791 2
7998 9703 4
7999 9727 5
7999 9948 1
7999 8898 2
8004 9413 1
8004 9805 1
8010 8782 6
8010 9932 2
8010 9826 1
8020 9394 1
8020 8600 15
8020 9912 3
8020 8665 1
8020 9420 12
8020 8655 1
8020 9233 1
8020 9386 1
8025 9238 17
8025 9639 1
8025 8670 3
8067 8704 9
8067 8810 2
8067 9035 1
8067 9379 7
8067 9192 6
8067 9864 1
8068 9045 2
8077 9004 1
8082 8818 1
8082 8709 30
8082 8904 2
8082 9969 1
8097 8917 1
8097 9478 2
8097 8687 1
8098 8768 1
8098 8961 1
8112 9139 1
8112 8856 1
8139 8765 1
8139 9478 1
8139 9137 1
8139 8832 5
8141 9581 1
8141 9902 1
8141 8646 167
8141 9165 1
8141 9964 1
8174 8739 1
8174 9652 1
8186 9650 3
8186 9453 1
8186 9454 1
8186 9956 1
8186 9574 1
8188 9387 1
8188 8860 1
8188 9956 1
8194 8946 2
8194 9761 1
8201 9498 1
8201 8861 2
8201 8783 1
8201 9886 5
8201 9427 2
8203 9403 14
8203 9250 1
8203 9402 1
8209 8765 1
8239 9572 1
8239 8827 1
8239 8790 1
8239 8601 1
8239 8648 2
8239 8578 2
8239 8695 6
8239 8707 1
8239 8792 1
8239 9298 1
8247 8578 1
8247 9335 1
8247 9623 5
8256 9190 2
8256 9321 6
8256 8711 4
8282 9387 3
8282 9062 1
8286 9295 1
8286 9578 3
8286 9141 2
8286 8637 1
8286 8796 11
8297 9980 2
8297 9504 2
8297 9593 1
8297 8651 1
8297 9469 3
8311 9616 1
8311 9543 1
8322 9448 2
8322 9022 1
8322 9186 1
8322 9334 6
8322 9567 1
8322 8961 1
8322 9168 2
8322 9990 1
8322 8812 2
8329 8842 1
8329 9100 1
8329 8681 2
8329 8956 1
8329 9729 5
8329 9281 20
8329 8546 58
8329 8978 5
8343 8836 1
8343 9070 2
8353 9470 9
8353 9159 1
8353 8981 1
8353 8665 1
8353 8863 2
8353 9141 1
8353 9904 21
8353 8917 2
8367 8633 2
8367 9878 1
8367 9179 1
8379 9243 2
8379 9139 1
8412 9030 1
8412 8967 3
8412 9068 1
8412 9320 1
8420 8645 1
8420 9007 1
8420 8569 1
8420 8558 1
8420 9737 1
8426 9241 2
8426 8727 1
8426 9468 1
8426 9120 2
8426 9228 1
8426 9327 2
8430 8535 1
8430 9435 3
8430 9944 1
8430 8790 1
8430 9961 1
8439 9903 2
8439 9695 2
8439 9816 2
8439 9960 2
8439 8797 25
8475 9486 8
8475 8913 4
8475 9363 11
8475 8758 1
8475 9368 1
8475 9424 1
8476 9366 1
8479 9233 1
8502 9470 2
8502 9398 1
8502 9696 1
8502 8845 1
8502 9193 2
8502 9138 9
8503 9725 2
8503 9025 1
8524 8823 1
8524 9030 16
8524 9289 1
8524 9947 2
8527 8924 8
8527 9499 1
8529 9021 4
8530 9920 5
8532 8999 1
8533 9625 1
8533 8904 1
8533 9339 1
8533 9727 1
8533 9878 1
8533 9286 1
8533 9354 1
8533 9725 1
8533 9970 1
8533 9978 2
8535 8692 1
8536 9170 1
8537 9372 4
8537 8833 3
8539 9275 3
8539 9572 6
8539 9409 2
8540 9612 1
8540 9564 1
8542 8972 54
8543 9453 1
8544 8827 1
8544 8917 16
8546 8634 2
8547 8986 3
8547 8661 4
8547 9292 1
8549 8778 1
8550 9752 83
8551 8574 2
8551 8960 17
8551 9960 1
8552 8800 1
8553 8652 2
8553 8554 5
8554 8616 4
8554 8560 1
8556 8581 8
8557 8993 2
8559 9379 1
8559 9807 5
8559 8683 2
8561 9621 1
8561 8878 1
8562 9668 9
8562 9916 1
8562 9143 1
8562 9913 1
8562 8713 2
8562 9519 1
8562 8665 10
8564 9157 1
8566 9482 1
8566 9852 2
8566 8721 4
8566 8949 10
8566 8983 3
8566 8637 1
8566 9463 1
8567 9243 2
8567 9208 2
8567 9255 1
8567 9497 3
8567 9931 1
8568 8708 2
8568 8902 1
8568 8690 1
8569 9701 1
8570 9590 1
8572 8668 4
8573 8839 1
8574 8834 1
8574 9411 1
8574 8692 3
8574 8813 1
8575 9301 2
8577 9649 1
8577 9266 3
8579 9717 13
8579 8876 1
8579 9058 4
8579 9072 6
8579 9196 1
8579 9670 2
8579 9742 2
8580 9964 1
8580 8817 2
8580 9612 1
8580 9934 1
8580 8787 1
8580 9941 1
8580 9208 1
8580 9393 1
8582 8659 11
8584 9004 1
8585 9770 77
8585 8841 2
8586 8793 13
8587 9560 1
8587 8860 22
8588 9014 3
8588 9972 1
8588 9533 1
8588 9541 2
8589 9029 2
8589 9514 108
8589 9112 2
8589 8740 1
8589 9569 1
8590 9974 1
8590 8918 2
8592 8820 15
8594 9328 1
8594 8612 1
8594 9661 1
8596 8598 1
8596 9157 6
8596 9648 1
8596 9403 1
8596 9487 1
8597 9205 1
8598 8877 12
8599 8795 2
8599 8830 1
8600 9146 2
8600 8950 1
8602 9037 1
8603 9026 2
8603 8869 10
8604 9294 1
8604 9837 2
8604 8799 2
8604 9817 2
8604 8628 2
8604 8958 147
8605 9834 2
8605 8817 1
8605 8871 1
8605 9050 3
8607 8907 8
8607 9322 1
8607 8748 1
8607 8876 12
8608 9562 1
8609 9322 1
8613 9636 25
8613 9409 1
8613 9512 1
8613 9737 1
8614 8728 10
8614 9038 1
8614 8630 16
8614 9268 1
8615 8770 1
8615 8701 4
8616 8932 5
8618 8639 1
8619 8800 1
8620 8975 1
8620 9361 4
8621 9842 1
8621 9411 5
8621 8874 1
8623 9710 8
8623 9595 1
8623 8687 200
8623 8954 1
8623 9467 1
8624 8963 1
8626 9054 1
8626 9889 1
8627 9718 3
8627 9713 1
8627 9086 2
8629 8659 1
8630 8874 65
8631 9392 1
8631 9735 1
8631 9865 1
8632 9799 3
8632 9112 2
8632 8705 1
8632 9572 1
8633 8877 1
8634 9206 5
8634 8780 1
8634 9769 1
8639 9296 1
8639 9780 2
8639 9583 1
8640 9796 6
8640 9472 1
8641 9765 3
8641 8893 2
8641 9700 3
8641 9922 2
8641 8779 1
8641 9161 1
8641 9686 1
8643 8715 4
8644 8726 1
8646 8692 1
8647 8924 1
8648 9562 200
8649 9525 2
8649 9628 4
8649 9339 11
8649 9716 10
8649 9941 19
8650 8778 1
8652 9742 6
8652 8683 1
8652 8985 1
8652 9433 1
8653 9516 1
8653 9223 1
8653 9908 1
8654 8937 1
8654 8863 1
8654 9197 1
8654 9429 6
8654 9541 13
8655 8986 1
8657 9240 1
8657 9174 1
8657 9491 1
8659 9717 7
8659 9527 1
8659 9733 8
8661 8934 4
8661 8799 2
8661 9195 200
8661 9544 1
8662 8877 1
8662 9910 1
8662 8785 1
8664 8715 1
8666 9177 1
8666 9035 1
8666 9107 31
8666 9956 1
8667 8678 2
8667 9844 1
8668 9543 1
8668 8759 1
8668 9429 11
8668 9660 3
8669 9404 1
8671 8786 1
8671 9174 1
8671 8979 1
8671 9134 1
8671 9204 1
8672 9730 1
8672 9999 1
8672 8815 1
8672 9512 1
8674 8742 1
8676 9082 1
8676 9869 1
8676 9352 1
8676 8987 7
8676 9167 3
8676 9885 1
8676 9949 1
8677 9593 98
8677 9779 1
8677 9948 1
8678 9309 1
8678 9850 1
8680 9865 48
8681 8761 1
8685 9016 1
8685 8698 3
8686 9006 1
8686 9020 1
8686 9073 17
8688 9018 1
8689 8795 1
8690 9020 1
8691 8785 3
8691 8804 1
8692 9191 1
8692 9501 1
8692 9008 3
8692 9022 14
8692 9504 1
8693 9205 6
8693 9770 5
8694 8779 1
8694 8775 2
8694 9879 1
8697 8992 3
8698 9527 1
8698 9177 1
8698 8816 1
8699 9369 1
8699 9651 2
8699 9836 1
8699 8933 1
8699 9760 1
8699 9816 44
8699 9999 1
8700 8991 1
8700 9842 1
8701 9415 1
8701 8846 1
8702 9270 3
8702 9526 1
8702 9730 1
8703 8829 2
8704 8795 1
8705 9020 1
8707 9621 1
8707 9252 1
8708 8831 3
8711 9171 1
8712 9276 1
8712 9481 1
8712 9401 9
8714 8924 1
8715 9769 4
8715 8926 2
8715 9956 2
8715 8887 1
8716 8927 1
8716 9411 1
8717 9556 1
8719 9526 17
8720 9562 1
8722 9071 8
8722 9168 1
8722 9868 1
8722 9306 1
8722 9596 2
8722 8983 1
8722 9259 1
8724 8762 33
8724 9246 2
8724 9299 1
8726 9496 1
8726 9998 2
8726 9745 1
8727 8793 1
8727 8921 1
8728 9171 1
8729 9540 2
8729 8867 3
8730 9161 7
8730 9750 1
8730 8748 1
8730 9119 1
8732 9869 2
8732 9806 6
8733 9828 2
8733 8823 3
8734 9936 1
8734 9002 1
8735 8766 1
8735 8743 1
8736 8754 1
8737 9704 2
8737 9176 1
8738 9121 1
8738 9357 2
8740 9984 1
8741 9301 28
8742 9464 2
8742 9338 1
8742 9791 1
8742 9833 1
8742 9882 1
8743 9198 1
8743 8962 2
8743 9125 1
8743 9000 1
8746 9133 5
8747 9969 1
8749 9904 9
8749 9718 200
8749 9098 2
8749 9305 2
8750 8866 1
8750 9953 6
8750 9313 2
8750 9406 3
8750 9643 1
8752 9820 1
8752 9025 4
8753 9205 5
8753 8839 4
8754 8810 1
8755 9523 3
8755 9980 2
8755 9394 1
8755 9876 1
8755 8759 1
8756 8802 1
8756 8764 1
8758 9205 1
8759 8927 2
8760 8789 1
8761 9139 1
8761 9131 1
8763 9116 1
8763 9576 2
8764 9865 2
8764 9438 1
8764 8945 7
8764 9472 1
8764 9875 1
8768 8932 1
8769 8986 17
8770 9226 16
8770 9268 5
8772 9163 1
8773 9252 1
8774 8908 1
8774 9187 5
8774 9188 1
8774 9339 1
8774 9885 2
8777 9569 13
8777 9538 4
8777 9604 1
8777 8784 4
8777 9900 1
8778 9057 1
8778 9334 2
8781 9966 1
8781 8847 4
8784 8953 1
8784 8800 2
8785 9799 3
8786 9866 1
8787 9080 1
8787 9971 6
8789 9176 7
8789 9921 1
8789 9116 1
8789 9104 2
8789 9357 1
8790 8840 1
8792 9591 2
8793 9333 1
8793 8892 1
8793 9841 1
8793 9362 1
8794 9065 2
8794 9283 1
8794 9798 1
8794 9949 1
8795 8835 8
8795 9712 1
8795 9241 1
8795 9824 1
8800 9400 1
8800 9194 1
8800 9238 9
8800 9450 7
8800 9157 3
8802 9509 5
8802 9193 1
8802 8887 3
8804 8860 2
8804 9145 1
8805 9580 1
8805 9111 1
8809 9340 2
8809 8949 1
8809 9879 1
8810 9991 1
8812 8988 2
8813 9143 2
8818 8977 1
8819 9527 4
8819 9662 1
8819 8973 1
8820 8957 1
8822 8858 4
8822 8971 10
8826 9080 1
8829 9990 2
8829 9979 1
8830 9005 1
8830 9240 1
8830 9548 1
8830 9744 2
8831 9149 1
8831 9452 1
8834 9798 1
8834 9294 3
8834 9406 2
8834 9467 5
8834 9664 1
8834 9233 1
8834 9912 1
8839 9182 1
8839 9643 1
8839 9883 11
8840 9371 43
8840 9444 1
8840 9576 1
8840 9211 1
8840 9654 8
8840 9916 3
8840 9648 1
8841 9823 3
8841 9560 1
8844 8928 2
8844 9043 6
8844 9535 1
8844 9750 1
8844 9157 1
8844 9434 4
8844 9729 1
8844 9629 1
8844 9862 5
8845 9024 67
8847 9844 2
8856 8870 2
8857 9052 1
8858 9966 1
8858 9483 1
8858 9594 1
8858 9610 1
8863 8977 1
8865 9139 9
8865 9792 33
8865 9075 1
8865 9312 12
8867 9613 2
8867 9995 1
8869 9409 1
8869 9199 1
8869 8916 1
8869 9988 2
8870 8987 3
8870 9483 3
8871 9221 3
8871 9436 2
8872 9090 1
8872 9240 1
8872 9539 1
8873 9812 1
8874 8922 24
8874 9703 1
8874 9067 1
8874 9501 2
8874 9542 1
8874 8908 1
8874 9978 16
8875 9134 1
8875 9188 1
8875 9181 9
8877 9112 1
8877 9448 1
8877 9111 1
8878 9692 5
8878 8948 3
8878 9797 1
8878 9430 1
8878 9463 3
8878 9916 1
8879 8995 1
8879 9224 1
8879 9280 1
8880 8991 7
8880 9003 1
8884 8939 2
8884 9744 3
8884 9758 1
8884 9025 1
8884 9501 1
8885 9229 1
8885 9188 3
8885 8933 1
8885 9071 11
8885 9578 1
8890 9635 93
8890 9109 1
8890 9948 1
8890 8979 1
8890 9246 1
8890 8915 1
8895 9297 2
8895 9148 1
8895 9321 1
8896 9516 1
8899 9136 2
8899 9642 26
8900 9947 4
8900 9192 1
8900 8906 1
8900 9376 1
8905 9122 5
8905 9233 1
8905 9331 1
8905 8911 1
8905 9298 2
8905 9635 9
8906 8992 6
8908 9011 1
8909 9303 1
8910 9569 7
8910 8996 6
8910 9886 1
8912 9345 1
8915 8992 1
8919 8943 3
8919 9156 1
8920 9508 1
8921 9834 2
8921 9229 1
8921 9847 1
8923 8970 2
8924 9754 5
8924 9873 1
8924 9699 39
8924 9108 131
8926 9318 5
8926 9080 1
8927 9179 1
8927 9555 2
8929 9562 1
8930 9468 1
8930 9409 1
8930 9473 3
8930 9563 11
8931 9750 1
8931 9934 1
8931 9306 1
8931 9167 3
8931 9864 1
8932 9193 1
8932 9004 1
8932 8978 1
8940 9182 1
8940 9324 1
8941 9021 1
8943 9508 1
8947 9173 1
8949 9842 1
8950 9597 1
8950 9329 2
8951 9547 1
8952 9752 3
8952 9876 3
8952 9478 200
8952 8964 45
8952 9056 3
8953 9137 2
8957 9315 1
8957 8999 3
8959 9755 1
8959 9525 1
8959 9531 6
8959 9972 1
8960 9020 3
8963 9668 2
8963 9036 1
8963 9924 6
8964 9411 1
8966 8985 2
8966 9772 4
8966 9799 2
8966 9590 4
8966 9381 1
8968 9508 1
8970 9797 2
8970 9468 1
8971 9144 9
8973 9770 1
8976 9844 3
8977 9597 1
8977 9303 10
8980 9427 1
8980 9075 3
8980 9986 1
8984 9646 2
8984 9172 1
8986 9613 3
8986 9515 2
8986 9620 2
8986 9139 4
8987 9253 1
8989 9428 2
8989 9096 1
8991 9515 1
8991 9322 1
8991 9772 1
8992 9324 2
8992 9684 1
8992 9276 1
8993 9526 4
8993 9772 1
8997 9171 22
8999 9539 4
8999 9697 2
8999 9055 1
9001 9262 1
9001 9775 1
9002 9247 12
9002 9893 1
9002 9202 2
9003 9932 1
9003 9900 1
9005 9936 1
9006 9022 1
9006 9296 1
9006 9751 1
9006 9777 1
9011 9238 1
9015 9345 1
9017 9156 1
9017 9333 1
9017 9047 1
9017 9995 1
9018 9845 12
9019 9035 1
9019 9631 1
9019 9078 2
9020 9346 17
9021 9452 2
9021 9230 1
9021 9356 4
9024 9641 2
9024 9976 1
9024 9328 1
9026 9198 1
9026 9789 1
9026 9858 1
9033 9746 3
9033 9918 1
9043 9842 1
9043 9292 1
9046 9577 8
9051 9633 1
9052 9179 1
9052 9479 1
9052 9791 1
9052 9494 1
9052 9515 2
9052 9208 1
9052 9090 1
9052 9211 23
9052 9713 1
9060 9063 1
9067 9315 1
9069 9073 1
9073 9839 46
9078 9991 1
9094 9888 1
9096 9701 3
9116 9621 1
9133 9511 3
9133 9614 1
9133 9663 1
9133 9352 2
9135 9311 4
9136 9499 2
9143 9221 2
9146 9486 1
9146 9919 2
9152 9436 1
9161 9770 2
9167 9404 1
9171 9566 5
9171 9950 1
9173 9281 1
9173 9676 1
9173 9966 1
9176 9701 1
9189 9411 1
9193 9920 5
9205 9998 3
9205 9695 1
9205 9719 3
9206 9844 2
9210 9844 1
9213 9345 2
9220 9621 1
9220 9301 1
9222 9287 1
9232 9540 3
9244 9746 3
9252 9424 3
9253 9945 1
9253 9373 2
9253 9584 4
9253 9690 1
9256 9640 1
9256 9540 5
9261 9556 1
9274 9833 1
9275 9621 76
9290 9989 1
9290 9345 1
9292 9439 2
9293 9621 1
9301 9352 2
9315 9386 1
9318 9500 1
9318 9930 7
9319 9844 1
9324 9971 2
9326 9540 2
9345 9573 1
9345 9583 1
9368 9984 1
9371 9971 1
9373 9774 1
9385 9411 152
9402 9746 4
9404 9702 4
9411 9768 1
9411 9472 8
9411 9957 2
9425 9678 1
9435 9499 1
9436 9473 1
9436 9620 1
9439 9591 2
9466 9477 1
9467 9674 28
9471 9997 1
9474 9621 4
9480 9746 1
9482 9770 1
9490 9540 1
9493 9665 1
9498 9701 5
9499 9834 1
9506 9991 1
9508 9639 1
9519 9528 2
9528 9898 1
9529 9547 1
9538 9640 4
9539 9920 7
9540 9702 1
9540 9624 16
9541 9621 1
9547 9659 3
9556 9566 2
9556 9913 1
9556 9895 2
9557 9746 4
9560 9846 1
9562 9973 2
9595 9621 1
9603 9954 3
9618 9870 1
9621 9854 2
9621 9709 5
9635 9674 1
9645 9741 1
9650 9701 1
9667 9918 1
9674 9717 1
9689 9746 1
9693 9935 2
9701 9783 2
9701 9750 4
9701 9754 2
9709 9991 1
9712 9971 1
9724 9844 2
9728 9842 2
9770 9787 2
9770 9877 1
9770 9893 1
9812 9876 1
9813 9947 1
9818 9920 2
9842 9950 31
9842 9934 1
