22 9237 1
22 8871 16
47 8701 1
47 9269 2
47 9064 19
47 8855 1
47 9110 1
56 8952 1
56 8772 1
62 9130 1
62 9232 1
62 9858 11
62 9862 1
62 9835 1
66 9990 1
66 8727 1
66 9240 1
66 9750 1
66 9408 1
67 9763 1
88 8743 1
88 9635 1
88 9762 2
92 9048 4
92 9021 2
92 9763 1
98 8749 1
98 8611 5
98 9918 1
109 8844 1
109 8957 1
149 9325 1
153 9357 1
153 9406 4
153 8616 1
154 9414 2
154 8622 1
154 8596 1
154 9090 1
154 8921 11
154 9468 2
156 8922 1
156 9094 1
156 9864 1
163 8846 1
163 9616 1
163 9550 1
182 9639 1
182 9851 1
183 9956 1
183 8794 1
185 9868 15
185 9914 3
201 8622 9
201 9446 49
201 9848 1
201 9189 1
201 9934 1
210 9548 1
210 9171 1
210 9619 1
221 9393 1
221 8985 1
221 9711 2
221 9493 2
221 9271 1
236 9207 1
236 9470 1
236 9227 9
236 9243 23
236 9278 1
236 9579 9
237 8560 3
237 8810 2
237 9425 1
237 8783 1
237 8832 1
237 9065 1
237 9255 1
238 9556 1
238 9212 2
238 9063 1
238 8852 1
238 9826 1
238 9837 2
238 9875 1
271 9438 7
271 9503 1
314 2301 7
314 9243 97
314 9392 3
314 9817 1
314 8818 1
314 9742 1
318 8668 1
318 8747 1
319 9150 1
319 8770 1
319 8772 4
319 9694 1
319 9855 1
319 9720 1
323 9750 6
323 8607 1
323 8633 1
323 8650 1
326 9736 2
326 8821 7
326 8828 5
326 8969 1
326 9178 3
328 8659 11
328 9090 11
328 9490 1
328 8797 1
328 9145 3
328 9204 16
339 9365 5
339 9495 1
339 9644 6
339 8653 1
339 8837 1
339 9339 1
339 9697 2
339 8643 1
340 9475 6
340 9616 1
340 9297 1
357 9235 1
357 9731 1
373 9689 1
373 8868 2
373 9775 1
373 9922 1
381 9564 1
381 8800 1
381 8996 1
381 9746 11
381 9920 1
385 9261 1
385 8909 1
385 9110 1
385 9983 1
386 8753 200
386 8924 1
387 8864 1
387 9850 1
387 8921 2
387 9344 1
387 9908 52
397 8587 1
397 9380 1
397 9297 4
401 9763 1
401 8718 1
416 8552 102
416 9586 22
424 8723 4
424 9564 1
424 9950 4
438 8718 2
438 9440 3
438 9670 1
438 9252 2
438 9217 1
438 9622 1
449 9122 1
449 9905 1
449 8556 2
449 9379 1
449 9645 1
452 8596 1
452 8999 1
452 9932 8
452 8619 4
452 9003 3
452 9135 3
452 9556 3
491 8885 3
491 9865 1
491 9134 1
491 9259 1
515 9769 1
515 9981 4
533 8928 1
533 9027 1
533 9006 3
533 9287 1
533 9772 2
548 9501 1
548 9704 1
548 9435 3
557 9403 9
557 9637 3
574 8637 1
574 8983 1
577 9175 2
577 9700 2
577 9986 1
577 9002 1
577 8994 1
582 9661 11
583 9938 2
583 9266 1
583 9841 1
583 9377 1
583 8604 1
589 8928 1
589 9235 1
600 9545 1
606 8924 2
606 8991 1
606 8782 1
606 8587 1
606 8919 1
606 9028 1
617 9420 1
617 8798 1
617 9118 2
617 9465 1
617 9857 6
617 8867 4
617 8883 1
617 9919 1
617 9984 1
626 8913 1
626 9637 1
626 9986 2
626 9444 3
626 9924 6
634 9215 1
634 9206 1
634 9440 2
634 9372 1
634 9840 1
652 9644 1
652 8723 2
652 9035 1
652 9614 5
656 9151 1
656 8929 3
656 9021 5
656 9465 1
661 9754 3
661 9766 3
661 9615 1
676 9469 1
676 9520 2
676 8560 1
676 9116 1
676 9506 1
677 9998 2
677 8838 1
677 8588 1
677 9582 1
706 9401 1
706 8696 1
709 8561 3
709 9346 5
709 9187 1
709 9569 1
709 9897 1
709 8880 1
739 8916 2
739 8655 1
739 9855 1
748 8827 1
749 8811 4
749 8740 17
749 9888 4
749 8691 1
749 9585 1
759 9369 10
759 9410 2
759 9525 1
759 9736 2
766 9579 2
772 9483 1
772 9250 1
772 8896 1
772 9185 2
838 9137 3
838 9125 1
838 9685 27
838 9811 3
838 9011 1
838 9022 1
854 8973 1
854 9011 7
854 8970 3
854 9024 1
854 9186 1
854 8884 2
854 8927 1
854 9682 2
854 9800 1
874 8659 2
874 9548 1
874 9929 1
874 9554 4
874 9166 5
894 8570 6
894 9559 1
900 8799 2
900 9330 1
900 8659 1
900 9697 12
909 9161 1
909 9097 2
912 9601 1
923 9991 9
937 9058 1
937 9398 1
937 9423 1
937 9569 1
937 9930 1
954 8970 2
954 8570 4
954 9121 1
957 9584 12
957 8881 1
957 8809 1
957 9481 2
957 9393 2
961 9458 2
961 8706 1
961 9314 1
961 9844 3
962 9355 1
962 9380 2
962 9909 1
962 8903 9
962 9262 1
971 9453 3
971 9276 3
1011 8922 1
1017 9460 3
1017 8856 1
1017 9391 2
1017 9603 3
1017 9650 6
1033 8883 1
1033 8871 1
1041 8867 4
1041 8818 1
1041 9318 2
1041 8598 1
1041 9155 1
1041 9338 1
1041 9508 3
1044 8697 1
1047 9918 1
1047 8556 1
1047 9234 72
1047 9585 1
1054 9072 1
1054 8611 1
1063 8600 1
1063 8899 1
1063 9899 1
1063 9620 1
1063 8707 1
1063 9029 2
1063 8797 104
1063 9595 11
1064 8637 1
1064 9809 1
1077 9904 1
1077 8768 6
1077 9753 3
1099 9030 58
1099 9681 1
1099 9297 1
1106 9691 1
1106 9655 2
1106 9678 1
1106 8656 1
1106 9475 3
1106 9733 1
1106 9907 3
1120 9998 1
1120 9185 1
1131 8873 1
1131 8775 1
1131 8630 1
1131 9979 2
1140 8716 131
1140 9139 7
1140 9872 1
1140 9937 2
1140 9699 1
1140 9458 1
1148 9794 5
1148 9187 8
1148 8728 4
1148 9395 5
1148 9950 2
1148 9292 1
1148 9492 1
1148 9636 1
1148 9739 2
1175 9169 1
1175 9175 1
1175 8574 1
1175 9865 3
1179 8846 1
1191 9636 1
1191 9152 3
1199 8698 3
1199 9328 1
1199 9933 1
1219 9022 25
1219 9577 1
1219 8990 4
1251 9368 1
1251 9920 1
1251 9157 1
1251 9971 1
1261 9701 2
1261 9327 3
1261 9694 1
1268 9473 3
1268 8963 3
1268 9461 15
1272 9462 1
1279 9191 1
1279 9111 1
1279 9419 2
1279 9947 3
1281 9506 2
1281 9996 1
1286 8786 2
1286 9412 1
1286 9948 1
1286 8906 1
1286 9561 6
1286 9795 1
1286 9969 1
1288 8921 2
1288 9967 7
1303 9391 1
1303 8724 3
1303 9590 1
1303 9770 1
1312 8944 1
1312 9195 1
1312 9381 3
1313 8626 2
1313 9144 6
1323 8893 2
1323 9466 1
1347 9796 8
1347 8582 1
1347 9225 1
1347 9369 1
1347 9792 1
1351 8584 1
1351 8924 6
1351 9909 1
1358 9035 1
1358 9204 2
1376 8925 1
1397 9623 1
1397 8644 1
1397 8742 2
1397 8727 2
1397 9520 63
1397 9577 2
1397 8768 3
1397 9029 1
1397 9958 40
1404 9813 5
1404 9095 1
1415 9139 1
1415 9733 1
1415 9042 1
1421 8747 6
1421 9072 200
1421 9874 5
1421 9354 4
1421 9502 1
1421 9788 1
1421 9551 1
1425 8881 1
1429 9615 1
1429 9953 1
1429 9504 1
1443 9136 4
1445 9552 1
1445 9257 1
1445 9418 1
1446 9215 1
1446 9045 2
1452 9441 1
1452 9506 5
1452 9278 5
1452 9623 1
1452 9858 1
1452 8716 1
1452 9146 1
1452 9489 1
1464 9364 1
1464 9468 2
1471 9265 1
1471 9862 1
1471 9720 4
1471 9082 1
1480 9841 1
1480 9487 54
1480 9794 1
1480 9864 3
1490 9531 1
1490 9040 1
1493 9097 156
1493 9334 2
1493 9508 1
1493 9628 1
1493 9845 2
1494 9368 2
1494 9469 2
1494 9592 1
1499 9813 4
1499 9110 4
1503 9497 1
1503 9055 1
1503 9446 1
1503 9611 2
1503 9968 2
1508 9521 1
1508 9248 2
1508 9234 1
1508 8826 2
1508 8837 1
1508 9256 1
1508 9566 1
1508 9773 1
1511 9883 1
1511 9828 2
1511 9329 1
1511 9709 3
1537 8805 3
1537 8886 1
1537 9646 1
1537 8673 2
1537 8585 1
1537 9250 1
1547 8918 1
1547 9066 1
1547 9342 2
1550 9532 1
1558 8684 1
1558 9692 4
1558 8846 1
1559 9478 1
1571 9408 1
1571 8944 1
1571 8978 1
1571 9981 4
1571 9374 7
1580 9708 1
1580 9803 1
1580 8657 1
1580 9753 1
1580 9118 1
1580 9587 1
1580 8728 1
1580 9689 1
1580 8960 7
1580 9475 1
1587 9583 2
1636 9417 1
1636 9466 1
1636 9265 2
1637 9369 4
1637 9763 1
1637 9791 2
1637 9160 1
1637 9817 3
1647 9331 1
1647 9438 1
1647 9164 6
1664 9109 1
1697 8837 1
1697 8873 4
1697 9845 2
1697 8723 1
1697 9191 1
1697 9269 3
1705 9671 1
1705 9044 2
1705 9736 2
1705 9608 2
1705 9410 1
1705 9853 1
1705 9946 1
1705 9984 1
1705 8702 4
1705 8931 1
1705 9658 4
1706 9160 22
1706 9942 1
1706 8637 2
1706 9602 1
1706 9663 1
1711 9055 2
1711 9525 1
1711 8584 1
1711 8888 1
1716 9187 1
1716 9855 2
1719 8843 2
1719 9655 1
1731 9441 1
1731 9476 1
1731 9569 2
1749 9603 9
1749 8604 2
1749 8782 1
1749 8834 1
1749 8760 2
1749 9262 1
1761 9296 1
1761 9757 3
1761 8810 1
1761 8889 1
1761 8687 6
1768 9643 1
1768 8793 2
1814 8970 2
1814 9755 1
1814 9111 2
1830 9222 1
1859 8618 3
1859 9070 2
1859 9232 2
1859 9310 3
1859 9976 1
1880 8732 1
1888 9146 1
1889 9097 3
1889 8805 7
1889 9003 1
1889 9524 1
1919 9412 2
1919 9202 1
1919 9460 1
1919 8912 1
1943 9675 4
1943 9938 1
1946 8767 1
1946 8739 1
1946 9771 57
1946 9841 2
1946 9903 1
1948 8603 1
1951 9652 1
1951 8715 5
1951 9430 1
1951 9803 10
1951 8795 2
1951 9412 1
1953 8671 1
1953 9883 1
1962 8614 1
1962 8630 1
1969 9401 1
1969 9286 20
1969 9798 1
1969 9673 1
1969 9753 2
1990 9883 3
1990 8825 2
1990 9739 2
1990 8711 2
2001 9668 5
2005 8761 2
2005 8992 1
2005 9843 2
2005 9082 2
2005 9588 1
2005 9226 1
2005 9884 4
2006 9022 1
2007 8829 4
2021 8566 6
2021 9174 1
2021 8645 1
2021 8875 1
2021 9909 1
2021 9379 2
2021 9463 1
2059 9758 1
2059 8815 1
2059 8884 1
2059 9611 1
2059 9894 1
2059 8604 1
2059 8894 1
2059 9612 1
2059 9136 3
2063 9663 2
2063 8645 3
2063 8826 1
2063 8992 7
2071 8902 1
2071 9564 1
2074 9615 1
2077 8881 1
2077 9400 1
2077 9868 1
2097 9313 1
2097 9871 4
2097 9840 2
2097 9603 3
2097 9205 4
2097 9701 1
2098 8602 1
2098 8844 5
2098 9140 1
2098 9734 1
2098 9264 1
2102 9763 1
2102 9998 18
2111 9927 1
2111 8919 2
2111 9476 6
2112 8875 1
2112 8706 1
2112 9032 4
2115 9699 1
2115 8923 1
2115 9135 8
2115 9614 1
2115 9931 5
2115 9774 2
2131 9919 1
2131 9394 1
2142 9308 3
2143 9709 1
2143 8782 1
2143 8801 1
2147 8620 3
2147 8936 1
2148 9983 6
2148 8631 1
2148 8981 1
2163 9455 1
2163 9728 1
2163 9815 7
2163 9248 1
2163 8651 4
2163 9151 1
2163 9150 1
2163 9778 1
2182 9013 2
2182 8867 11
2182 8990 1
2182 9850 1
2183 9833 9
2183 8862 1
2183 9224 2
2183 9752 2
2183 9804 1
2187 8600 1
2187 8989 1
2197 8590 2
2197 8643 1
2197 8789 2
2197 9313 2
2197 9904 4
2197 8651 1
2197 9702 1
2197 9964 1
2205 9605 1
2205 8705 1
2206 9718 1
2206 9265 1
2206 9932 1
2228 9778 12
2228 8957 1
2228 8970 9
2240 9493 2
2240 8810 3
2250 8677 1
2250 9898 1
2250 9294 1
2250 9308 1
2250 8657 3
2250 8775 2
2272 8558 2
2272 9975 1
2287 8673 1
2287 9147 1
2287 9766 1
2287 9803 1
2289 8746 1
2289 8905 6
2289 9704 1
2289 9823 1
2289 9908 4
2289 9403 1
2289 9956 1
2289 8985 6
2289 9299 1
2301 8598 1
2301 9495 2
2306 9430 1
2306 9833 1
2316 9851 1
2316 9222 3
2316 9396 1
2316 8849 16
2316 9430 1
2316 9976 1
2320 8778 22
2320 9513 1
2320 8979 1
2348 9846 23
2348 9042 1
2348 9149 1
2348 9841 7
2348 9321 1
2348 9754 1
2359 9718 7
2359 9013 3
2359 9661 3
2382 9636 10
2382 9892 2
2383 9275 1
2383 9353 1
2383 9647 1
2396 9853 1
2396 8786 1
2402 9594 1
2409 9256 1
2409 9087 6
2409 8724 2
2427 9822 1
2427 9172 2
2437 8596 1
2437 8585 1
2437 9494 1
2437 8637 3
2437 8922 2
2437 9629 1
2437 9645 1
2463 8622 1
2463 9885 1
2463 9939 1
2463 8669 1
2463 9246 5
2481 9586 1
2486 9307 1
2488 9338 1
2488 9548 1
2488 9581 2
2488 9219 6
2488 9444 11
2490 8823 2
2490 8918 15
2494 9261 4
2494 9115 1
2494 9708 1
2507 9511 1
2511 9346 2
2511 8733 1
2511 9948 4
2524 9328 1
2524 9578 6
2524 9094 6
2525 9692 8
2539 9592 1
2549 9591 2
2549 9954 3
2549 8647 6
2549 9067 1
2549 9225 1
2553 9783 1
2553 9646 3
2553 9835 1
2572 8821 1
2572 9800 5
2572 9448 2
2572 9567 2
2600 9954 1
2600 8751 1
2600 9441 4
2612 9699 19
2612 9761 1
2612 9038 1
2614 8690 1
2614 9234 1
2614 9354 1
2614 9371 2
2614 9663 1
2614 9610 1
2614 9930 2
2617 9351 1
2617 9169 1
2628 9703 2
2628 9681 3
2628 8980 1
2649 8959 1
2649 9230 1
2649 9239 1
2649 9677 1
2649 9364 1
2649 8792 7
2671 9272 1
2671 8758 1
2700 9287 2
2700 9359 1
2704 9519 2
2704 9042 2
2704 8767 5
2704 9508 1
2704 9054 3
2722 9794 1
2722 8600 1
2723 9164 1
2723 9461 1
2742 8740 1
2742 9274 1
2742 9174 1
2742 9502 2
2742 9627 1
2769 8803 1
2769 9457 1
2774 9121 3
2774 8988 1
2774 9209 1
2783 9310 1
2783 8839 1
2783 9577 1
2795 8701 3
2795 9782 9
2799 9248 1
2799 9246 1
2799 8988 1
2799 9942 1
2800 9892 1
2801 9462 1
2801 8777 2
2801 8799 8
2804 8983 1
2806 9304 2
2806 8800 2
2806 9911 2
2806 8778 1
2806 9395 5
2806 8651 1
2806 8771 8
2806 9502 1
2806 8580 1
2806 9072 54
2816 9217 1
2816 9254 1
2816 9659 1
2817 9296 6
2824 9529 3
2824 9884 3
2824 8780 1
2824 8967 5
2824 9919 1
2824 9240 2
2828 9770 1
2828 9777 2
2828 8887 1
2828 8601 3
2828 8902 1
2828 9057 1
2828 9158 1
2828 9558 1
2828 8644 3
2828 9431 1
2828 9670 8
2828 9691 1
2830 8967 1
2833 9556 7
2833 8660 19
2834 9990 1
2834 9187 1
2834 9568 1
2834 9041 2
2834 9092 5
2850 9045 2
2850 9711 1
2850 8889 3
2850 9222 1
2860 8859 1
2860 9646 1
2860 8586 1
2860 9041 1
2860 9209 4
2875 9836 3
2875 9547 1
2875 9683 1
2884 8856 1
2884 9318 1
2909 8846 1
2909 9096 1
2918 9042 2
2918 9746 1
2918 9917 1
2918 9240 1
2918 8697 1
2924 9457 1
2924 8560 2
2924 8633 1
2924 8958 1
2924 9507 3
2933 9685 1
2933 9239 1
2933 9194 2
2933 9610 1
2933 9592 1
2933 8627 1
2933 9090 1
2942 9441 1
2946 8985 2
2946 9087 2
2946 8747 1
2946 9750 1
2946 8973 1
2952 9222 1
2952 9782 171
2972 9743 1
2972 8907 2
2972 8673 1
2972 9122 1
2972 9679 1
3002 9853 3
3002 8622 1
3002 9015 1
3002 9548 1
3002 9562 5
3028 9788 1
3028 9087 2
3028 8957 1
3028 9620 2
3028 9866 14
3028 9016 2
3028 8979 1
3028 9357 1
3028 9622 2
3028 9726 1
3028 9867 1
3031 9028 1
3044 8901 1
3044 9691 2
3044 9063 1
3051 9141 165
3051 9596 1
3051 8923 4
3051 9242 1
3051 9648 1
3051 9662 3
3052 9529 1
3052 9390 1
3052 8929 1
3052 9999 1
3059 9353 9
3059 8880 1
3059 8883 1
3059 8760 1
3071 8727 1
3071 9337 3
3071 9725 7
3071 9053 3
3080 9172 1
3080 8592 4
3080 9043 32
3081 8946 1
3081 9708 1
3105 9561 1
3105 8834 3
3105 9800 1
3105 9926 200
3105 8715 1
3150 8572 9
3150 9733 2
3150 8717 1
3150 9959 1
3150 9686 14
3158 8832 1
3158 8825 31
3158 9796 1
3158 9937 2
3176 9251 1
3176 9953 1
3176 8642 61
3176 9620 1
3180 9299 1
3180 9509 1
3181 8620 1
3181 9192 1
3181 9118 1
3195 9184 2
3229 8716 1
3229 9212 1
3229 9845 2
3229 9937 5
3229 8857 16
3238 9098 1
3238 8941 1
3238 9539 3
3243 9953 1
3243 9299 1
3262 8979 2
3262 9450 2
3262 8800 5
3262 9736 1
3266 9835 1
3266 8996 1
3266 8749 1
3266 9632 1
3266 9138 37
3297 9845 1
3306 8723 1
3306 8978 2
3306 9897 3
3309 9796 1
3309 9574 1
3309 9608 1
3311 9637 1
3322 9091 1
3322 9941 3
3322 8727 1
3322 9493 3
3322 9429 1
3323 9869 1
3323 8611 2
3323 9230 2
3323 9505 1
3323 8887 2
3323 9635 31
3344 8930 1
3344 8838 3
3344 9224 1
3344 9861 1
3391 9803 1
3391 9110 1
3391 9994 1
3391 9465 1
3391 9109 1
3391 8591 4
3391 9787 1
3391 8643 1
3400 8687 1
3400 9919 1
3411 9225 1
3411 8670 70
3411 9846 2
3415 8602 3
3417 8684 2
3440 9547 1
3440 9703 1
3440 9971 1
3456 9381 5
3456 8901 1
3471 9791 1
3471 9931 1
3475 9904 1
3475 8871 1
3475 9889 2
3508 8965 1
3508 9357 1
3509 9311 1
3509 8689 1
3510 8903 1
3510 9038 2
3527 9947 1
3527 9976 2
3527 9799 2
3527 8818 1
3527 9149 1
3535 8704 163
3535 9191 7
3535 9367 1
3535 9457 1
3535 8631 3
3535 9393 1
3535 9876 20
3553 8582 1
3553 9507 5
3556 9393 3
3556 8600 1
3556 9349 1
3556 9822 1
3571 9482 3
3571 9441 5
3571 9721 3
3571 9920 2
3571 8712 17
3571 9896 2
3571 9392 1
3571 9843 2
3589 9612 1
3589 8827 2
3589 9904 1
3600 9484 1
3600 8761 2
3609 8944 2
3609 8684 1
3615 8670 123
3615 8969 1
3615 8592 3
3628 9138 1
3628 8750 14
3628 9092 1
3635 8798 1
3635 8647 1
3644 8839 3
3647 8899 1
3647 8881 3
3647 9461 1
3647 9396 1
3647 8589 2
3647 9648 1
3653 9573 1
3653 9702 11
3653 9195 1
3654 8837 3
3654 9630 1
3654 9302 2
3654 9242 5
3675 9925 1
3707 9599 1
3707 8882 2
3735 8774 1
3735 8644 1
3735 8575 5
3735 9221 2
3740 8847 1
3740 9777 1
3747 9885 2
3747 9622 2
3747 9377 33
3747 8859 1
3751 9551 1
3751 9559 1
3751 8769 1
3751 9230 3
3755 8990 3
3755 8937 1
3755 9835 1
3757 9196 1
3757 9705 1
3757 9550 1
3757 9451 4
3757 9278 1
3773 8560 1
3773 9079 1
3773 9092 1
3773 9242 1
3773 9346 7
3773 9418 1
3773 8748 2
3773 9157 6
3773 9033 1
3773 9721 1
3773 9304 8
3784 8776 1
3795 8815 2
3795 8712 1
3795 9094 1
3795 9595 2
3795 8773 1
3799 8788 2
3799 9609 52
3799 9783 2
3799 8951 1
3806 9446 1
3806 9990 7
3813 9549 1
3813 9857 1
3813 9771 2
3813 9878 1
3872 9663 2
3872 8721 3
3872 9157 1
3872 9395 1
3892 9396 200
3892 9473 2
3893 8580 2
3893 9778 1
3893 9911 1
3901 9552 1
3905 8556 5
3905 8855 4
3905 9418 1
3905 9606 2
3906 9255 1
3906 9477 1
3906 8598 1
3906 9361 1
3906 9926 1
3912 9106 1
3912 8936 1
3912 9604 1
3920 9357 1
3920 8675 1
3920 9964 1
3920 9429 1
3920 9504 3
3920 9414 1
3929 8742 1
3942 9519 1
3942 9534 10
3942 9582 1
3942 9559 2
3942 9624 1
3950 9376 1
3950 9782 5
3950 9523 1
3950 9629 1
3950 8556 2
3950 9518 1
3953 8654 1
3953 9244 1
3953 9968 1
3961 9869 31
3961 9588 2
3963 9733 1
3963 9935 1
3963 9767 33
3970 9821 3
3970 9932 9
3980 8928 1
3980 8839 1
3980 9833 1
3980 9638 1
3980 9359 5
3980 8941 1
3985 8788 6
3985 9146 1
3985 9412 18
3987 9633 3
3987 8888 4
3987 8582 1
3998 9376 1
3998 9424 1
3998 9753 1
4000 9502 1
4000 8637 1
4000 9563 1
4000 8981 1
4001 8733 1
4001 8784 4
4010 9961 1
4010 8955 5
4022 9614 1
4022 9239 7
4023 8924 2
4023 9989 1
4042 9916 3
4042 8667 1
4105 9506 4
4105 9444 1
4107 9534 2
4107 9481 7
4111 9166 2
4111 8619 1
4111 9671 1
4123 8724 3
4123 8636 1
4123 9367 2
4126 9657 1
4126 8769 1
4155 9672 1
4155 9216 1
4155 9069 1
4155 9178 3
4160 9515 1
4160 9671 1
4160 8668 1
4160 9539 1
4160 8735 1
4160 9376 1
4160 8847 1
4186 8859 1
4186 9974 2
4186 8620 2
4186 8634 1
4186 9075 1
4206 8581 2
4206 8759 21
4215 8587 1
4215 9081 4
4217 9897 2
4217 8627 1
4217 9554 4
4217 9581 1
4217 8790 1
4221 9002 10
4221 9778 1
4221 8918 1
4221 9015 1
4221 9961 1
4221 9991 3
4252 9308 2
4252 8814 1
4252 9315 1
4277 9979 1
4277 9266 1
4287 9025 1
4287 9563 3
4287 9878 2
4287 9794 1
4291 8840 1
4291 9918 11
4291 8586 1
4291 9077 1
4291 9308 1
4291 9874 3
4293 9780 1
4301 9219 1
4301 9860 1
4301 9746 3
4301 9618 1
4307 9481 3
4309 9231 1
4309 9711 1
4309 9759 2
4314 8912 2
4314 8607 1
4314 9914 1
4323 9336 3
4323 8633 2
4323 9937 1
4323 9270 1
4323 9306 1
4323 9380 1
4323 9886 6
4339 9503 4
4339 9686 1
4339 8978 1
4339 9855 3
4339 9465 3
4339 9212 5
4339 8992 1
4369 9358 1
4369 8634 3
4369 9773 200
4369 9999 6
4369 9591 1
4377 9388 1
4377 9791 1
4378 9898 2
4378 9949 3
4378 8809 1
4378 9137 1
4378 9202 1
4378 9582 2
4378 9930 1
4378 8748 14
4378 9366 1
4389 8930 1
4389 9820 9
4389 9178 7
4389 9272 3
4389 9484 1
4389 8747 2
4389 9361 1
4398 9217 7
4398 9668 1
4398 9887 1
4398 9973 1
4398 9489 1
4407 8828 1
4407 8711 1
4407 9707 1
4409 9746 1
4409 8967 17
4413 9141 1
4413 8618 1
4413 9392 1
4416 8748 3
4416 8559 1
4416 8738 1
4426 8717 2
4426 9700 1
4428 9489 1
4428 9610 1
4428 9984 5
4428 9494 1
4428 9270 2
4428 8931 1
4428 8951 1
4428 9156 1
4436 9699 3
4436 9334 2
4436 9044 1
4436 9140 3
4436 9173 1
4436 9422 1
4451 9664 1
4451 9505 1
4451 9885 1
4451 8584 1
4451 9460 1
4451 8874 1
4451 8901 1
4451 9379 1
4451 9659 1
4451 9581 10
4451 9781 1
4457 9408 1
4457 9505 1
4466 9582 7
4466 9862 1
4477 9889 3
4477 9130 28
4477 9568 1
4477 9155 1
4477 9994 2
4478 8653 1
4478 9602 1
4478 8935 4
4478 8616 1
4488 9285 1
4510 9857 1
4510 8711 3
4566 9235 12
4597 9892 8
4597 9025 2
4600 9924 1
4600 9374 1
4600 9357 2
4600 9550 1
4600 9257 1
4600 9623 1
4600 9523 1
4642 8979 2
4642 8913 1
4642 9797 1
4648 9521 1
4648 9762 3
4648 9369 1
4648 8881 3
4648 9464 1
4651 9948 1
4651 8555 7
4651 8624 46
4651 8767 1
4667 9053 1
4667 9731 1
4667 9762 2
4675 9483 1
4675 9320 2
4675 9384 2
4677 8624 1
4677 9175 1
4678 9837 1
4678 8591 1
4678 9450 1
4678 9594 1
4690 9740 3
4690 8777 1
4699 9538 1
4699 9551 1
4699 9423 1
4699 8729 4
4699 9513 1
4708 9390 5
4708 9013 3
4728 8768 2
4728 9772 1
4728 8947 1
4728 9715 1
4731 8745 2
4731 8588 1
4731 9042 1
4731 8655 2
4731 9823 1
4732 9579 5
4732 9641 1
4739 9562 1
4739 9425 1
4739 9582 1
4739 9002 7
4739 9941 1
4744 9110 1
4744 9848 1
4744 8849 3
4747 9296 3
4747 9334 1
4747 9938 1
4748 8805 1
4748 9287 2
4748 8766 200
4759 9476 4
4759 9060 2
4759 9574 1
4759 9310 1
4760 9353 1
4760 9541 6
4760 8698 1
4760 9248 1
4766 9840 1
4766 9623 1
4767 9070 1
4767 9111 1
4767 9433 1
4767 9139 1
4773 9349 1
4773 9636 1
4773 9896 1
4773 9971 1
4773 9269 4
4813 9876 1
4813 8930 1
4813 9544 4
4813 9862 1
4813 8599 2
4821 9244 4
4821 9580 1
4821 9736 1
4821 9989 5
4821 8810 1
4821 9333 1
4821 9588 1
4821 8706 1
4821 9769 1
4830 9248 1
4830 9876 3
4830 9934 1
4830 8738 13
4845 9898 1
4845 8893 1
4845 9854 1
4854 9291 2
4854 8619 1
4862 8921 1
4862 8753 3
4862 9996 7
4862 8886 1
4862 9946 15
4867 9271 1
4867 9574 3
4867 9360 1
4867 8960 1
4870 8684 1
4870 9311 2
4870 9871 1
4870 9285 3
4879 9499 2
4879 9898 1
4883 9494 1
4883 8759 6
4883 8772 1
4883 9712 1
4883 9838 3
4883 9860 1
4887 9250 1
4887 8847 2
4887 9072 1
4887 9219 3
4887 9534 1
4887 9836 1
4908 9351 2
4908 9313 1
4908 9151 1
4908 9552 1
4908 9764 5
4933 9024 1
4933 8821 4
4933 9406 1
4934 9757 1
4934 9576 2
4936 9051 1
4936 9686 1
4936 8570 1
4936 9028 1
4936 9202 1
4936 9255 1
4940 8931 1
4940 9369 1
4940 8941 1
4940 9694 1
4940 9896 1
4940 9241 1
4940 9538 3
4963 9086 3
4974 8705 1
4974 9666 20
4997 9834 2
4997 9543 1
4997 9611 1
4997 9177 1
5002 9172 2
5002 9432 1
5002 9609 7
5019 9235 4
5022 9611 7
5037 9033 1
5037 9628 1
5049 9483 1
5049 9754 1
5049 8657 1
5049 8947 1
5049 9537 2
5049 9578 2
5049 9632 1
5091 9624 1
5091 9414 2
5108 8988 1
5108 8773 3
5113 9082 1
5113 8698 2
5113 8626 1
5113 9804 5
5113 9097 6
5113 9106 1
5119 9754 1
5154 8999 1
5158 9094 2
5158 9011 4
5158 9827 1
5158 8601 3
5158 9928 2
5165 8840 1
5165 9916 1
5185 9943 3
5185 8887 6
5185 8996 1
5191 8681 1
5191 9878 2
5191 9412 1
5191 9947 1
5191 9029 1
5191 9417 1
5191 9671 1
5192 8574 1
5192 9944 5
5192 9438 1
5192 9737 1
5196 9503 1
5196 9359 2
5196 9940 1
5196 9986 69
5196 8762 1
5196 9398 1
5197 9272 1
5216 9708 1
5216 9911 2
5216 8871 1
5217 9683 16
5225 9161 2
5225 9079 3
5225 9923 2
5225 8907 3
5225 8912 5
5237 9286 1
5284 9960 7
5284 9155 2
5284 9681 6
5284 9158 1
5284 9453 1
5284 9505 10
5284 9406 96
5286 9533 1
5286 9055 1
5291 8795 1
5291 8883 1
5291 9816 1
5291 9703 1
5291 9716 1
5291 9956 3
5314 9166 1
5314 9614 1
5314 9206 1
5314 9541 2
5321 9875 1
5321 8705 1
5321 9222 7
5332 9389 1
5336 9320 1
5336 9274 1
5343 9276 1
5343 8671 3
5350 9577 6
5350 9492 5
5350 9632 2
5350 9400 1
5350 9630 1
5350 9135 7
5369 9061 8
5374 8913 1
5377 9594 2
5379 9564 1
5379 9361 3
5379 9257 1
5379 9576 2
5379 9659 3
5379 9044 9
5379 9556 1
5379 9610 1
5379 9908 1
5379 8732 2
5381 8887 1
5381 9074 1
5381 9917 22
5400 9429 1
5400 9048 1
5400 9342 1
5400 8654 1
5400 9037 1
5400 9119 1
5409 9699 2
5409 8614 1
5414 9815 2
5414 9853 1
5417 9743 2
5417 9125 1
5417 9381 1
5417 8711 1
5417 9593 1
5417 8985 2
5429 9748 35
5429 9276 1
5429 8704 7
5429 9206 1
5429 9282 1
5429 9646 6
5429 9743 1
5429 9979 1
5438 9807 1
5438 9758 7
5453 9002 1
5453 9618 1
5453 9762 1
5458 9458 1
5458 9981 3
5458 8580 2
5458 9966 5
5475 9623 1
5485 8580 1
5485 9928 1
5485 9254 1
5485 8885 6
5485 9614 2
5493 9901 1
5493 9401 1
5493 9664 1
5505 9134 4
5505 9647 1
5505 9734 3
5505 9838 2
5505 8909 11
5505 9807 3
5509 9752 2
5509 9729 6
5525 9788 1
5525 9432 1
5525 9497 1
5526 9513 2
5526 8650 1
5526 8688 1
5555 9375 1
5567 8818 1
5567 9643 1
5567 9507 4
5567 9755 1
5567 9401 1
5567 9558 1
5603 9185 1
5603 9740 1
5607 8616 1
5607 8907 1
5607 9058 11
5618 9595 1
5638 9027 5
5638 9390 2
5638 9357 1
5638 9551 1
5638 9129 4
5646 9626 1
5646 9156 1
5646 9241 2
5646 9630 12
5650 9499 1
5667 9199 1
5667 9605 1
5670 9509 2
5670 8918 1
5670 9705 3
5670 8627 1
5670 9261 11
5670 8821 1
5696 9578 1
5696 9511 1
5712 8839 2
5712 8688 1
5759 9459 1
5759 8672 1
5759 9347 1
5770 9678 2
5770 8916 1
5770 9295 1
5770 8605 12
5775 9860 1
5792 9817 8
5803 9344 1
5803 9364 1
5805 9976 1
5805 8636 1
5805 9057 1
5805 9785 1
5809 8766 9
5809 9065 1
5809 9177 1
5809 9179 5
5814 9679 2
5814 8620 2
5814 9794 3
5814 9244 3
5820 9092 1
5820 9443 8
5820 8935 2
5820 9234 1
5820 9548 1
5828 9120 9
5844 9567 1
5853 9164 1
5853 9930 1
5853 8583 1
5853 9292 1
5863 9144 1
5863 9861 1
5873 8825 5
5873 9476 1
5873 8797 1
5873 8678 1
5873 9180 1
5883 9226 2
5883 8939 1
5883 8702 1
5883 9458 1
5886 8792 1
5886 9749 4
5886 9272 2
5892 9518 1
5892 8946 1
5892 9141 1
5892 8845 2
5892 9586 2
5902 9476 1
5902 8606 1
5902 9273 2
5902 8553 8
5902 9286 1
5945 9230 2
5945 9925 27
5947 9478 2
5947 9421 1
5947 9647 1
5947 9756 4
5949 9400 1
5949 9685 1
5949 9144 1
5964 8760 1
5964 8628 1
5964 9122 8
5965 9616 3
5965 8702 1
5965 9602 2
5965 8668 1
5965 9625 4
5965 9155 1
5965 8856 1
5965 9804 1
5965 8884 1
5965 9591 6
5984 8590 14
5984 9081 1
5984 9287 1
5984 8767 1
5984 9291 6
5984 9406 11
5984 9079 1
5991 9359 2
5991 8735 1
5991 9266 1
5991 9892 1
5991 9959 1
5998 9400 1
5998 9087 7
5998 9360 1
5998 9712 23
6004 8572 1
6004 8677 1
6004 9403 1
6045 8642 1
6045 9726 1
6045 8697 1
6045 9757 1
6050 8561 1
6050 8809 1
6050 9556 1
6050 8716 1
6050 9231 2
6050 9738 1
6096 9457 3
6096 9917 1
6096 9302 1
6096 9396 1
6096 9624 2
6125 9086 1
6125 8554 1
6125 9197 1
6125 9866 1
6125 9951 8
6128 9640 1
6128 9008 4
6143 9327 4
6150 9525 1
6150 9973 2
6150 9313 1
6150 9876 2
6159 9958 5
6159 9949 2
6159 8951 6
6159 8795 1
6159 8885 1
6159 9576 1
6170 9843 1
6170 8981 1
6170 9628 1
6170 9932 1
6170 8768 1
6170 9519 2
6170 9640 2
6172 9246 38
6172 9609 2
6172 9663 1
6172 9288 1
6172 8902 1
6188 9657 6
6188 9310 1
6188 9302 1
6188 9871 1
6188 9903 3
6188 9545 1
6188 9184 2
6195 8760 3
6195 9048 1
6214 9609 6
6220 9291 5
6220 9675 1
6232 9461 1
6232 8892 1
6242 8582 8
6242 8746 4
6242 8925 2
6242 9224 3
6242 8696 2
6242 9140 1
6242 8905 1
6249 9507 1
6249 8616 2
6249 9045 2
6263 9506 1
6263 9371 1
6263 9777 1
6266 8677 6
6266 9374 2
6266 9678 1
6266 8843 2
6266 9215 1
6286 8749 1
6293 9346 2
6293 9694 1
6293 8569 1
6293 9779 1
6293 9024 1
6298 9358 3
6298 8824 1
6298 8717 1
6298 8721 1
6298 9421 1
6298 8970 166
6298 9179 1
6298 9894 6
6332 8959 1
6332 9109 2
6332 9403 9
6332 9940 1
6333 9923 1
6333 9116 1
6333 9146 1
6333 9477 1
6333 9549 1
6335 9999 1
6335 9525 2
6339 8909 1
6339 9451 2
6353 8650 1
6353 9175 1
6371 9645 3
6371 9513 1
6371 8744 1
6371 9668 1
6380 8587 1
6380 9818 2
6406 8672 1
6406 9942 5
6406 8832 2
6406 8773 1
6417 9935 9
6417 9654 1
6420 9286 1
6420 9099 1
6428 9469 1
6428 9926 1
6428 9546 2
6433 9403 1
6433 9603 1
6433 8845 1
6433 9082 1
6440 9152 1
6440 8875 6
6487 9330 1
6487 9788 1
6487 9650 3
6509 8729 1
6509 9795 3
6509 9327 7
6509 9504 2
6520 9436 5
6520 8944 1
6530 9204 2
6530 9723 2
6530 9787 1
6531 8564 1
6531 8638 9
6531 8555 1
6531 8675 1
6531 8817 1
6531 8894 9
6545 9823 1
6545 9185 2
6545 8759 3
6553 9974 2
6553 8770 4
6554 8704 1
6554 9729 1
6554 8792 1
6554 9888 3
6554 8559 1
6554 8899 4
6554 9011 1
6554 9022 1
6554 9205 9
6554 9704 11
6556 9528 1
6556 9342 1
6556 9596 1
6556 9489 1
6556 8655 1
6556 8728 1
6556 9349 1
6556 9899 17
6573 9140 12
6573 9781 1
6579 9450 1
6579 8997 1
6584 8922 1
6584 8862 7
6593 9784 1
6606 9002 2
6606 8958 1
6631 9920 1
6646 9757 11
6646 8660 1
6646 9252 3
6646 9929 2
6656 9664 3
6656 8886 1
6656 9700 2
6671 9037 1
6674 9803 1
6674 8628 8
6691 9762 1
6691 9509 1
6691 9668 1
6691 8821 1
6696 9648 3
6696 9721 1
6696 9689 2
6696 8558 4
6696 8828 45
6700 9325 1
6700 8689 1
6700 9273 1
6700 9487 1
6700 9483 1
6700 9553 1
6713 8846 1
6713 9509 1
6713 9549 2
6713 9550 1
6713 9662 7
6722 9947 1
6722 8952 1
6722 9562 1
6722 9333 2
6733 8585 1
6733 9144 10
6733 9654 1
6733 8882 1
6733 9216 4
6733 9531 11
6735 8661 1
6735 8826 9
6735 8793 3
6737 9715 9
6737 8771 1
6737 9252 1
6737 9398 1
6737 8564 1
6737 9310 1
6737 9652 15
6737 8892 1
6751 9671 113
6751 9231 2
6751 8779 7
6751 9927 2
6762 8779 1
6762 9736 1
6762 8934 1
6762 9327 1
6762 8947 1
6762 9333 5
6762 9633 13
6762 9625 1
6762 9261 4
6768 8622 3
6768 9355 1
6771 8742 1
6771 8805 4
6775 8749 1
6775 8779 2
6798 9074 4
6798 8617 18
6798 9200 3
6798 9857 1
6799 9797 1
6799 9876 1
6799 9358 1
6799 9155 1
6799 9929 2
6799 9122 1
6799 8965 1
6801 9831 2
6801 9302 1
6801 8615 2
6801 9096 1
6801 9532 1
6848 9946 2
6848 9869 1
6859 8698 1
6859 8839 1
6859 8843 1
6859 9423 3
6871 9966 1
6871 8959 1
6871 9176 2
6871 9827 2
6884 8570 3
6884 9558 1
6884 9640 1
6884 9686 1
6884 9709 8
6884 8690 2
6884 9779 2
6902 9465 1
6902 8797 1
6902 8898 2
6912 9461 18
6912 9273 1
6912 9330 1
6917 8880 4
6917 9431 1
6917 8824 6
6920 8916 1
6920 9251 1
6920 9463 1
6920 9511 2
6920 9064 1
6924 9953 1
6924 9858 1
6924 8671 1
6924 9252 1
6924 8584 1
6924 9451 1
6933 8681 1
6933 9077 1
6933 9975 4
6938 8744 1
6938 9991 1
6938 8678 1
6938 9435 1
6938 8679 1
6938 9006 1
6938 9769 1
6938 9792 1
6938 9518 2
6943 9314 5
6943 8776 1
6943 9072 1
6943 9546 3
6944 9021 1
6944 9174 27
6944 9510 2
6944 9541 1
6944 8589 1
6944 8994 3
6944 9834 1
6960 9552 3
6960 9027 11
6960 9924 1
6960 9638 200
6961 8707 1
6961 9738 1
6961 9658 1
6961 9764 1
6961 9685 1
6962 9712 200
6962 8622 2
6962 9032 1
6962 9994 2
6967 9520 3
6967 9952 1
6971 9431 1
6976 8631 2
6976 9271 1
6976 8583 1
6976 9618 1
6980 8555 4
6980 9533 1
6980 9335 1
6992 9606 4
6992 9620 3
6992 9725 1
6992 9337 1
6992 9440 1
6992 9884 1
7008 9834 1
7011 9606 3
7011 8717 2
7011 8774 3
7024 8697 4
7024 9767 1
7024 9544 1
7041 9235 4
7041 9920 1
7043 9443 1
7043 9951 7
7043 8667 14
7045 9721 1
7045 8817 1
7045 8697 1
7045 9242 2
7069 8880 1
7089 9883 1
7107 9335 6
7107 9457 1
7107 8560 16
7120 8884 2
7120 9275 4
7120 8591 1
7120 9281 1
7120 9932 14
7120 8967 3
7120 9377 1
7121 9256 3
7121 8871 1
7121 9057 26
7121 8589 1
7121 9553 1
7121 9184 1
7121 9983 1
7127 9334 1
7127 9952 2
7130 9087 3
7130 9161 1
7130 9043 1
7130 9771 1
7130 9375 1
7130 9462 1
7130 9784 2
7131 8999 1
7152 9908 7
7152 9179 57
7152 9655 3
7152 9787 1
7152 8681 1
7152 9433 16
7163 9361 1
7163 9533 2
7163 9672 1
7165 8569 3
7165 9759 7
7165 9799 1
7165 8620 1
7173 9960 1
7173 9588 2
7173 9743 14
7173 9832 1
7180 9618 1
7180 9266 1
7180 9716 1
7180 8689 2
7180 8758 2
7180 9423 1
7180 9821 1
7181 9347 1
7181 9226 1
7208 9360 1
7208 8884 1
7208 8892 1
7208 9060 1
7215 9368 1
7215 9320 1
7215 9855 1
7215 9250 5
7215 9296 19
7215 9969 1
7215 9113 1
7215 9311 2
7222 9043 5
7222 8783 1
7222 9315 1
7230 8664 2
7230 8574 1
7230 9469 1
7230 8602 2
7230 8829 1
7230 9158 1
7256 9853 1
7256 9792 1
7256 8750 1
7256 9393 6
7294 8598 2
7305 9890 2
7305 9701 5
7305 9066 1
7305 9137 1
7305 9331 1
7305 9016 1
7305 9949 2
7319 8824 1
7319 9390 5
7319 9686 1
7319 9913 7
7319 9529 1
7319 9617 1
7334 9456 1
7334 9617 2
7334 9189 5
7334 9666 9
7334 9938 1
7334 8642 1
7334 9130 1
7334 9334 1
7350 9243 1
7350 9116 2
7350 9328 182
7350 9871 1
7350 9954 53
7351 8905 5
7351 8681 2
7351 9596 1
7358 9043 11
7358 9225 44
7358 8997 1
7377 8969 2
7377 8886 1
7377 8907 40
7377 9021 1
7377 9748 8
7377 9241 1
7377 9826 11
7377 9905 2
7384 9786 1
7393 9246 2
7393 8559 1
7393 9968 3
7393 9195 1
7393 8739 5
7393 9347 2
7393 8859 3
7396 9657 4
7396 9779 12
7396 9313 1
7396 8805 11
7423 9025 5
7423 8868 1
7423 9115 1
7442 9702 1
7442 9709 3
7445 9106 1
7445 9959 1
7445 8856 1
7445 9422 1
7450 9269 8
7450 8553 5
7455 9376 1
7455 8581 1
7455 9058 1
7455 9820 1
7516 9831 1
7516 9749 2
7516 9888 1
7527 9729 1
7527 9798 1
7528 9950 1
7528 8905 1
7528 9098 3
7528 9641 1
7535 9269 2
7535 9436 3
7569 9625 42
7578 9401 1
7578 8811 1
7585 8772 1
7585 8564 1
7585 9858 2
7638 8980 1
7653 8723 2
7653 9271 20
7653 9531 1
7653 9086 1
7653 9089 3
7653 9734 7
7657 9790 5
7657 8574 2
7657 8583 2
7657 9380 1
7657 9506 1
7678 9612 1
7678 8673 1
7678 9979 1
7678 9907 2
7681 8690 1
7681 8706 1
7681 9177 1
7685 8985 1
7685 8638 1
7685 8737 6
7685 8803 1
7690 9314 4
7690 8561 2
7692 9663 6
7694 9337 2
7694 9061 1
7694 9943 1
7723 8688 1
7771 9130 7
7771 9657 4
7782 9782 1
7782 9022 1
7782 8838 1
7785 9299 3
7785 9070 1
7785 9484 1
7789 8875 1
7789 8788 7
7789 9721 7
7811 9473 2
7811 9524 4
7811 9638 1
7811 9601 1
7811 8572 2
7829 9409 1
7829 9929 1
7833 8939 200
7833 9612 1
7834 9156 1
7834 9289 2
7834 8828 3
7834 8606 2
7834 9857 1
7834 8874 1
7834 9757 30
7837 9878 2
7837 9375 5
7837 9823 1
7837 8586 1
7837 8726 1
7841 9099 2
7849 8598 1
7872 8776 1
7872 9033 1
7872 9917 1
7872 8582 1
7872 9195 1
7872 9602 2
7872 9930 1
7872 9358 12
7872 9321 4
7878 9702 1
7878 8691 5
7878 9673 3
7891 8775 3
7891 9346 6
7891 8780 1
7891 9493 1
7904 9411 1
7904 9141 1
7904 9470 1
7904 9499 1
7906 8937 3
7906 9406 1
7906 9611 3
7906 9137 2
7906 9395 1
7906 8600 1
7908 8566 1
7915 8934 1
7915 9637 1
7915 9037 1
7915 9780 1
7915 9935 2
7929 8653 2
7929 8678 1
7929 9658 1
7934 8931 1
7934 9800 5
7934 8957 1
7934 9614 10
7934 9622 1
7934 9758 1
7934 9990 1
7934 9160 1
7934 9051 10
7940 9903 1
7940 9424 1
7940 9652 1
7959 8748 1
7959 9252 1
7964 9403 1
7964 9486 5
7964 9968 1
7964 8930 1
7964 9368 14
7977 8996 3
7977 9335 1
7977 9497 1
7977 9989 4
7998 9440 3
7998 9587 1
8003 8935 1
8003 9329 50
8003 9024 3
8004 8696 1
8004 9796 1
8004 8864 1
8004 9288 3
8004 9579 1
8004 9648 2
8004 9173 1
8004 9368 1
8006 8824 1
8006 8561 1
8006 8569 1
8006 9212 1
8022 9219 1
8022 9313 1
8022 9447 1
8022 9882 1
8022 9308 3
8022 9490 1
8028 9816 1
8028 9785 12
8028 9400 1
8028 9011 1
8028 9227 2
8028 9418 1
8028 8634 1
8028 8758 1
8028 9639 1
8041 9670 1
8041 9576 2
8041 9096 1
8041 9425 7
8041 9288 1
8041 9678 1
8056 8902 3
8056 9276 1
8056 9677 1
8078 8811 1
8078 9354 1
8078 9514 1
8078 9681 43
8099 9671 1
8099 9137 1
8106 9093 1
8106 9325 1
8106 9804 4
8123 9164 1
8123 9453 21
8126 9567 1
8134 9748 19
8134 8783 1
8134 9033 1
8162 9872 1
8162 9887 1
8174 9771 1
8174 8615 2
8174 8789 4
8174 8844 8
8174 9788 2
8176 9329 1
8176 9933 2
8176 9275 1
8176 9511 8
8192 9820 1
8192 8919 1
8192 9264 3
8192 9809 1
8198 8697 1
8198 9346 1
8198 8803 1
8198 9237 1
8198 9887 1
8201 9939 3
8201 9964 8
8203 9394 1
8237 8783 1
8243 8705 5
8243 8707 1
8243 9675 1
8244 9398 2
8244 9335 4
8249 9174 1
8249 9296 1
8249 9306 1
8249 9866 2
8252 9218 1
8252 9432 1
8269 9562 1
8269 9641 2
8269 8928 1
8269 8739 1
8269 8895 1
8269 9899 2
8269 9780 3
8270 8815 1
8270 9384 1
8270 9276 1
8270 8895 2
8296 9186 2
8296 9207 2
8296 9338 1
8297 9406 1
8303 8617 9
8303 9644 1
8303 9711 1
8303 9716 2
8303 9856 2
8303 9911 2
8314 9251 1
8314 8935 6
8338 8790 3
8338 9736 5
8338 8990 1
8338 9685 1
8338 8611 2
8338 8745 2
8338 9974 1
8342 9380 1
8342 8824 21
8342 8813 17
8359 8661 1
8359 9769 1
8359 8790 1
8359 9604 2
8359 9273 1
8370 9372 1
8370 9781 1
8370 9119 1
8397 9443 4
8397 9407 6
8410 9435 2
8410 9274 1
8410 9831 1
8423 9325 1
8423 9860 3
8423 9156 1
8423 8875 2
8423 9173 2
8423 8761 1
8423 8855 4
8423 9566 1
8423 9774 1
8423 9067 4
8423 9069 1
8430 9818 1
8430 8715 1
8430 8621 1
8460 9313 2
8460 9392 96
8460 9775 1
8460 8826 1
8460 9064 2
8460 9098 1
8460 8834 1
8460 9896 1
8475 9856 1
8475 9845 1
8475 9959 2
8475 9860 1
8475 8780 7
8475 9574 1
8475 9861 6
8475 9602 3
8478 9627 1
8478 9216 2
8478 9979 1
8485 9567 1
8486 8934 1
8486 9860 3
8486 8747 2
8486 8615 1
8486 9901 2
8503 9069 25
8503 9120 1
8503 9564 1
8503 9762 2
8503 9913 12
8503 9998 2
8503 9145 2
8503 9160 6
8503 9381 2
8503 9718 1
8503 9330 1
8503 8957 3
8513 8790 3
8513 8834 1
8513 8675 4
8513 9550 1
8513 9448 1
8513 8925 1
8513 9120 1
8513 9192 1
8517 9270 2
8517 9384 1
8517 9259 8
8544 8925 1
8544 9640 4
8544 9206 1
8544 9501 27
8544 8844 1
8544 9251 1
8544 9105 1
8552 8568 29
8554 8982 1
8554 9182 3
8556 9014 1
8557 9460 3
8557 9939 1
8557 8606 1
8558 8632 4
8559 9298 26
8562 9400 1
8562 8952 1
8563 9421 4
8563 9707 1
8563 9785 1
8565 9366 2
8566 8993 2
8566 8938 3
8567 8621 1
8568 9860 3
8568 8611 2
8568 9063 1
8568 9595 1
8568 9922 1
8568 8738 1
8569 9073 1
8571 9389 1
8571 9519 1
8571 8838 1
8571 9602 1
8571 9907 1
8571 9510 1
8572 8785 3
8573 8810 2
8573 9445 1
8573 9973 1
8574 8853 1
8575 9263 2
8576 8761 1
8576 8584 190
8576 9556 1
8577 9487 1
8577 9445 1
8577 8664 2
8577 9447 7
8578 8616 1
8578 8749 2
8578 8627 1
8578 8886 1
8578 9545 14
8578 8701 2
8578 9752 1
8579 8957 6
8579 9164 2
8579 8864 1
8583 8853 1
8588 9000 2
8590 8635 63
8591 9741 1
8593 9673 2
8593 8799 1
8593 9795 5
8594 9532 1
8594 9082 4
8595 8903 12
8595 9543 7
8595 8837 3
8596 8719 5
8596 8785 26
8597 8806 1
8597 8652 1
8600 9945 1
8600 8908 1
8602 8719 1
8603 8741 2
8603 8949 1
8605 8865 1
8608 8672 8
8608 8809 2
8608 8661 2
8608 9627 6
8608 9693 1
8609 9752 13
8609 9922 1
8609 9633 1
8609 9940 5
8609 9232 1
8610 9287 1
8610 9866 4
8610 9725 1
8612 8795 1
8612 8812 1
8613 9967 2
8613 9593 4
8613 9689 1
8614 9452 1
8614 8699 3
8615 9980 1
8617 9332 4
8617 8836 1
8618 8869 1
8620 9023 6
8621 8765 1
8622 8736 1
8623 9136 3
8623 9738 1
8625 9869 3
8626 8932 8
8628 9322 1
8629 8638 2
8629 9668 1
8629 9470 2
8630 8695 2
8631 8977 1
8632 8800 1
8632 9199 2
8632 8826 2
8632 9288 1
8632 9367 1
8632 9913 2
8632 9361 6
8632 9538 1
8632 9872 1
8635 9772 6
8635 8905 3
8635 9835 1
8635 9186 1
8635 9497 2
8635 9002 1
8635 9699 2
8637 8914 1
8639 9931 2
8639 8815 1
8639 9616 200
8640 9587 4
8640 8670 5
8640 9016 1
8640 9989 1
8640 9015 1
8640 8717 2
8640 8936 1
8640 8857 1
8640 9330 1
8640 9006 8
8641 9191 1
8641 9233 6
8641 9384 1
8641 9532 1
8641 9571 2
8645 8975 1
8645 9760 1
8646 8837 1
8648 8668 1
8649 9968 1
8649 8818 1
8649 8745 9
8652 9828 2
8652 9193 3
8653 8714 1
8654 8977 1
8655 8755 1
8656 8890 3
8656 8854 1
8658 9933 3
8658 9759 1
8660 9298 7
8661 9001 2
8661 8722 3
8661 8730 1
8662 9884 1
8662 9125 4
8663 9028 1
8663 9032 87
8663 9446 2
8663 9890 1
8664 9649 1
8665 8690 1
8665 8701 9
8665 9750 5
8666 9191 1
8666 9365 1
8666 9682 1
8666 9950 1
8666 8827 1
8666 9718 1
8668 8932 1
8668 8820 1
8669 8848 1
8671 8695 1
8671 8863 2
8674 9617 1
8674 9898 1
8674 9990 1
8674 8909 1
8674 9934 2
8675 8787 1
8676 9780 6
8676 9057 1
8677 8734 1
8679 9741 2
8679 9050 1
8680 8815 1
8680 9333 2
8680 8788 1
8680 9539 3
8682 9339 1
8682 9252 1
8682 9520 1
8683 9756 15
8683 9773 2
8683 9869 1
8683 9723 1
8683 8746 1
8683 8832 2
8685 9282 1
8685 9398 1
8685 9715 1
8685 9187 18
8686 9063 7
8686 8743 1
8686 9339 1
8686 9409 41
8686 9513 4
8688 8796 1
8691 8866 1
8692 8702 1
8692 9903 1
8692 9967 1
8693 9622 1
8693 9116 1
8693 9296 3
8694 9003 1
8694 8798 2
8694 9342 4
8694 9503 11
8694 9927 1
8694 9960 4
8694 9093 200
8694 9986 2
8695 9060 1
8695 8771 25
8695 9087 1
8695 9254 2
8695 9295 3
8698 9471 1
8699 8898 5
8699 9661 3
8700 9016 2
8700 9933 1
8700 8934 1
8700 9503 1
8703 9971 5
8703 8706 1
8703 9840 1
8703 9679 3
8704 8942 1
8705 9031 3
8707 9980 10
8708 9224 1
8708 9435 1
8708 8775 1
8708 9701 1
8708 9514 1
8709 8910 1
8710 9224 1
8712 9298 2
8713 9857 2
8713 9351 1
8713 8794 1
8713 9270 1
8714 9940 65
8714 8790 2
8714 9783 200
8718 8877 1
8719 9872 2
8719 9202 2
8719 8770 1
8719 9571 1
8719 9700 4
8719 8979 1
8719 9944 4
8720 8838 4
8720 9645 4
8720 8840 1
8720 9342 1
8720 9042 1
8721 8879 1
8722 9172 10
8722 9024 1
8723 8841 1
8725 9055 6
8726 9957 1
8729 9018 4
8729 8734 1
8730 9928 3
8730 9807 1
8730 8792 1
8730 9389 2
8730 9882 1
8730 9748 13
8731 9918 5
8731 9055 2
8731 9946 1
8731 9077 2
8731 9780 1
8731 9027 5
8731 9125 1
8731 9725 1
8732 9730 1
8733 8962 197
8733 9760 1
8734 9334 8
8734 9121 2
8734 9850 1
8734 8898 2
8736 9726 2
8736 9733 2
8736 8927 2
8736 8823 1
8736 9364 2
8738 9649 3
8740 9133 2
8740 8754 1
8740 8785 1
8741 9592 35
8741 9844 1
8742 8806 1
8744 9516 32
8748 9745 5
8749 8869 92
8751 9188 5
8752 9820 9
8752 9464 18
8752 9913 1
8753 9260 1
8753 9031 1
8754 8980 1
8755 9545 1
8756 9577 1
8756 9953 1
8757 9048 1
8758 9741 5
8758 8986 1
8762 9009 1
8762 9472 1
8763 9122 200
8763 9237 1
8763 9644 1
8764 9233 169
8764 8895 4
8764 8813 2
8764 8867 5
8764 9054 1
8764 9075 1
8765 8939 5
8774 9332 3
8774 8933 4
8776 9309 2
8778 9397 1
8779 8900 1
8780 8787 4
8780 9039 37
8781 8983 16
8781 8886 1
8781 9366 6
8781 9514 1
8781 9223 1
8781 9354 1
8784 8802 1
8785 8798 3
8788 9073 24
8790 8853 2
8791 9725 4
8791 9886 4
8793 9052 1
8795 9397 2
8796 8901 10
8796 9841 21
8796 9886 1
8796 9726 1
8798 8954 1
8798 8977 2
8801 9649 1
8801 9182 2
8802 9218 1
8802 9121 200
8804 9537 5
8807 9938 6
8807 9196 1
8807 9447 1
8807 9872 1
8808 9297 1
8808 9885 4
8809 9001 2
8810 9472 2
8811 8964 1
8811 9516 6
8812 8853 1
8812 9052 2
8813 9014 34
8813 9322 2
8813 9001 1
8816 8827 2
8819 9429 4
8819 9422 1
8819 9917 1
8819 9291 2
8820 9939 5
8820 9205 18
8820 9670 1
8820 9846 2
8822 9596 200
8822 9718 1
8822 8881 1
8822 9916 1
8822 9425 5
8822 9744 3
8827 9123 1
8829 9020 1
8830 9216 2
8830 9358 3
8831 9673 1
8831 9408 1
8831 9272 1
8831 9460 1
8833 9840 1
8833 9109 3
8833 9329 1
8833 9983 1
8835 9923 13
8835 9601 1
8835 9958 1
8836 9196 1
8836 9946 1
8836 9443 1
8836 9877 2
8840 8842 3
8841 9189 2
8841 9282 1
8841 9365 1
8842 9628 2
8842 8875 1
8842 9861 1
8842 9773 2
8846 9472 1
8847 9034 1
8848 9218 1
8850 9231 7
8850 9355 1
8851 9974 1
8851 8973 2
8852 9046 30
8852 8953 1
8853 9960 1
8853 9705 1
8853 9365 2
8854 9074 1
8854 9807 1
8854 9823 1
8858 9501 2
8858 9939 2
8860 9574 1
8861 9191 27
8861 8875 1
8861 9150 1
8861 9571 1
8861 9289 1
8863 9360 3
8864 9034 30
8864 8915 1
8865 9549 1
8865 8899 1
8866 8960 1
8866 9353 3
8866 9595 1
8867 8932 1
8868 9863 1
8869 9576 1
8869 9877 3
8869 9657 3
8869 9820 1
8870 9384 7
8870 8963 56
8870 9459 1
8870 9816 1
8872 8990 1
8872 9837 1
8873 8977 1
8873 9168 2
8876 9866 3
8877 9147 1
8878 9194 1
8878 9778 1
8885 9020 1
8890 9591 1
8890 9035 1
8891 9694 8
8892 9649 2
8895 8950 3
8896 8908 2
8897 9061 7
8897 8965 14
8897 9281 1
8900 8991 1
8900 9610 5
8900 9811 1
8900 9638 9
8900 9705 9
8900 9961 1
8903 8993 1
8904 9256 1
8906 9031 1
8906 8984 1
8908 8928 1
8908 9027 1
8908 9277 1
8908 9302 3
8909 9322 1
8910 9866 1
8910 9196 5
8910 9494 3
8910 9580 1
8911 9369 4
8914 9224 4
8914 9223 2
8914 9831 1
8915 9605 1
8915 9796 2
8915 9390 1
8916 8940 1
8917 9372 1
8917 9889 1
8917 9813 1
8919 9741 55
8919 9730 1
8920 9901 1
8920 9208 1
8920 9643 6
8923 9049 1
8925 9020 3
8926 9372 1
8926 9692 1
8927 8977 1
8928 9004 1
8930 9298 1
8932 9051 1
8933 9372 1
8933 9630 5
8933 9231 2
8936 9472 1
8937 9965 2
8938 9648 2
8938 9869 8
8940 9205 1
8940 9368 15
8940 8981 1
8940 9025 1
8940 9186 2
8942 9931 1
8942 9113 3
8942 9282 3
8942 9603 21
8942 9482 4
8942 9523 1
8942 9074 1
8942 9223 1
8942 8945 2
8943 9843 2
8943 9761 2
8946 9730 1
8948 9809 2
8948 9176 5
8949 9643 1
8949 9568 6
8950 9867 8
8953 9563 5
8953 9463 1
8953 9407 2
8954 8955 1
8954 9377 1
8955 9747 1
8955 9014 5
8956 9453 7
8956 9191 1
8956 9705 1
8958 9472 3
8958 8964 14
8959 9526 2
8961 9065 1
8961 9152 1
8961 9868 1
8961 9998 7
8961 9244 2
8962 9045 1
8962 9334 3
8962 9959 1
8962 9755 4
8962 9862 1
8962 9338 5
8962 9590 1
8962 9065 1
8962 9088 1
8962 9712 1
8964 9453 1
8964 9520 1
8964 9194 1
8966 9927 4
8968 9561 1
8968 9448 1
8971 9623 13
8971 9060 21
8972 9566 4
8974 9446 4
8975 9139 1
8976 9757 1
8976 9371 1
8976 9612 1
8977 9718 1
8977 9519 1
8977 9529 1
8978 9819 1
8980 9300 1
8984 9321 11
8984 9693 1
8986 9550 200
8986 9394 3
8987 9544 1
8987 9227 1
8987 9408 1
8987 9578 2
8988 9148 1
8991 9039 1
8993 9246 12
8993 8996 1
8993 9787 1
8993 9037 1
8993 9661 1
8995 9858 1
8995 9325 68
8995 9435 1
8995 9815 1
8998 9797 1
9000 9209 2
9000 9975 2
9000 9294 1
9000 9175 3
9000 9510 16
9001 9289 1
9001 9307 3
9001 9923 1
9004 9233 6
9004 9482 1
9005 9986 1
9005 9928 3
9005 9192 10
9007 9976 23
9007 9681 2
9007 9949 3
9008 9050 59
9009 9089 4
9010 9090 1
9010 9677 2
9010 9016 1
9010 9761 2
9012 9523 1
9012 9608 1
9012 9670 3
9014 9044 1
9014 9240 1
9014 9351 2
9014 9758 1
9017 9803 1
9017 9755 1
9017 9811 1
9018 9564 2
9018 9568 81
9018 9838 6
9019 9445 1
9019 9769 1
9019 9040 4
9020 9286 1
9020 9349 1
9020 9815 1
9020 9917 1
9020 9864 1
9020 9266 1
9020 9086 3
9023 9473 1
9023 9907 5
9023 9144 2
9023 9276 3
9023 9553 26
9023 9239 1
9023 9672 1
9026 9374 1
9026 9704 1
9030 9031 4
9031 9053 1
9031 9320 13
9031 9729 3
9031 9942 94
9034 9753 1
9034 9796 1
9036 9217 1
9036 9328 88
9036 9336 1
9039 9430 1
9040 9745 1
9047 9179 2
9047 9202 2
9047 9767 1
9049 9195 8
9049 9277 22
9049 9561 1
9050 9407 1
9052 9105 1
9059 9467 1
9062 9621 1
9070 9309 4
9073 9141 1
9073 9672 1
9088 9228 1
9098 9730 1
9098 9452 12
9099 9814 3
9104 9571 2
9104 9599 2
9110 9965 1
9113 9143 2
9119 9526 1
9123 9968 1
9123 9196 2
9123 9666 1
9123 9728 1
9127 9666 200
9133 9561 1
9143 9914 1
9143 9718 2
9143 9317 1
9143 9487 1
9143 9625 1
9148 9554 1
9148 9559 1
9148 9692 1
9148 9193 1
9148 9315 6
9160 9479 1
9161 9188 1
9164 9309 1
9168 9180 2
9168 9882 2
9181 9545 4
9181 9964 5
9182 9331 1
9183 9433 1
9183 9984 1
9188 9289 1
9188 9376 3
9188 9429 4
9199 9745 1
9221 9730 1
9228 9248 2
9228 9784 2
9233 9452 1
9251 9921 29
9251 9263 1
9254 9727 1
9260 9521 2
9263 9677 1
9263 9850 1
9263 9478 1
9263 9547 2
9271 9760 3
9279 9735 1
9294 9526 1
9298 9553 1
9305 9592 1
9309 9795 1
9309 9593 1
9317 9649 1
9321 9649 2
9322 9510 1
9322 9545 1
9327 9479 1
9332 9675 1
9332 9811 1
9332 9922 1
9332 9346 3
9332 9389 33
9332 9743 1
9332 9828 3
9341 9993 1
9368 9741 1
9397 9486 1
9409 9819 4
9413 9981 1
9413 9535 7
9428 9854 1
9428 9531 2
9428 9834 3
9438 9649 1
9453 9741 1
9466 9649 6
9468 9945 3
9470 9741 1
9471 9875 3
9472 9979 1
9472 9940 1
9477 9651 1
9500 9972 2
9516 9543 10
9516 9584 35
9526 9640 2
9526 9899 3
9526 9901 2
9533 9651 1
9537 9814 1
9548 9962 4
9550 9814 1
9554 9965 1
9560 9684 1
9563 9649 1
9572 9597 1
9586 9863 1
9606 9814 1
9633 9741 1
9649 9841 1
9651 9798 2
9651 9960 1
9677 9819 1
9730 9848 1
9741 9930 1
9741 9858 3
9741 9994 6
9814 9854 1
9818 9921 1
9948 9965 2
