0 8778 1
0 8587 5
15 8941 1
32 9945 1
32 9052 2
32 9571 5
32 8896 137
39 9808 1
39 9620 2
39 9889 1
39 9186 1
39 8795 1
39 9145 4
39 9542 1
43 8770 9
43 9704 1
43 8953 1
43 9536 1
43 9326 3
43 9745 1
44 9056 8
44 8917 2
45 8985 1
45 9765 1
45 9619 1
45 9875 3
50 8833 1
50 9840 1
50 8562 1
50 8629 1
50 8637 1
50 8750 1
67 9817 5
67 9666 1
67 8577 1
67 9300 1
67 9734 1
67 8559 1
67 9611 2
67 9974 29
81 8948 6
81 8741 2
81 9899 1
86 8980 1
102 8886 1
102 9361 1
102 8645 12
102 9546 1
110 9080 1
110 8595 3
110 8936 1
114 9634 2
115 9115 1
115 8779 1
115 9824 2
142 8800 1
162 8576 6
162 8894 5
162 8919 1
162 8942 2
162 8879 1
165 9561 1
183 9058 3
183 9612 1
183 9139 1
183 9349 2
183 8828 1
183 9776 1
186 8842 9
186 8889 4
186 9312 12
186 9462 1
186 9899 2
186 8917 1
187 9994 1
187 8898 1
187 9734 1
199 9571 2
199 9287 2
199 9322 1
199 8650 2
204 8858 48
244 8677 1
244 9549 1
244 9349 1
250 8647 1
250 8552 2
250 8763 1
250 9843 1
268 8879 5
268 8903 1
268 9494 1
268 9223 1
268 9784 1
268 9568 36
277 9284 4
277 9672 1
277 9177 2
277 9160 1
277 8968 1
277 9320 1
277 9969 1
278 9126 4
278 9131 1
278 9708 2
278 9133 1
283 9875 2
291 8830 5
291 9229 1
291 8559 3
291 8671 2
291 9189 1
291 9160 1
316 9632 4
341 9276 3
341 8931 1
341 9501 3
341 9686 1
341 9694 1
365 8556 1
365 9862 1
370 9797 3
370 9957 1
370 9675 1
377 9103 1
377 9647 1
377 9629 1
377 8766 1
377 9969 1
377 9948 1
377 8873 1
377 8666 1
377 9165 1
401 8752 1
401 8745 1
401 9773 4
401 9697 1
402 9966 1
402 9202 1
402 9759 2
402 9953 5
429 9670 1
442 9305 1
442 8998 1
442 9877 1
446 9866 3
446 8963 1
446 9647 1
446 8671 1
446 9890 1
456 9497 15
456 8607 4
456 9901 1
469 9834 1
469 9019 1
469 9737 1
471 9866 1
471 9261 1
471 8686 1
471 9056 1
486 9281 9
506 9688 1
506 9921 1
506 9396 1
506 9470 1
515 8633 2
515 9424 4
521 9513 4
521 9791 1
521 8979 1
521 9223 3
527 9249 1
527 9141 1
527 9253 1
527 8589 2
527 8640 2
527 9634 1
532 8710 1
532 9302 1
544 9127 3
544 8948 7
553 8879 1
553 9028 1
553 8608 1
553 9350 1
567 8569 5
567 8661 21
567 9369 1
567 9435 2
573 9145 1
573 9355 2
573 9290 1
573 9554 2
573 8815 2
573 8749 2
573 9822 11
573 9841 2
573 9908 3
601 9388 5
601 9434 1
601 9512 1
601 9396 1
601 9638 3
601 9152 1
609 8671 3
630 9754 1
630 9308 1
634 9906 1
634 9100 1
634 9207 1
634 9635 1
634 9065 1
650 9152 3
650 9686 1
650 8794 20
650 8983 1
650 9017 1
650 8638 1
650 9612 1
653 9950 2
653 9749 4
653 9947 3
658 8960 6
658 8974 1
658 9168 3
658 9682 1
664 9399 1
664 8739 1
664 9255 1
664 9402 1
664 9643 1
664 9967 4
672 8569 2
672 8672 1
672 8773 4
672 8805 4
672 9426 1
672 9565 2
672 9716 1
682 9060 1
682 9197 1
684 9187 2
692 9492 2
692 9564 3
692 9141 4
692 9120 1
692 9487 3
695 9153 2
695 9427 2
700 8693 1
700 8814 1
700 8978 1
700 9597 1
700 8861 1
700 9005 11
700 8685 1
700 9284 1
700 9631 1
710 9930 1
710 9857 4
710 9198 4
710 8621 1
710 8766 5
710 9106 1
710 8835 1
711 8673 1
711 9649 1
711 9207 1
731 9980 1
731 8805 2
758 9402 2
758 8775 2
764 9844 1
764 9107 4
764 8571 1
764 9657 1
764 9771 1
768 8762 1
768 9380 1
768 9146 2
768 9460 1
784 9414 2
784 9368 1
784 9188 2
784 9940 1
794 9001 1
794 8842 1
794 8660 1
794 9414 36
795 9262 14
795 8829 1
798 9817 1
798 9558 1
798 8689 1
798 9017 1
805 9954 2
805 8669 2
805 8857 1
805 9276 11
806 9734 1
806 9948 3
816 9540 1
816 8595 2
816 9536 1
816 9251 3
816 9935 2
816 8796 1
828 9117 19
845 9357 1
845 9075 1
845 9278 1
845 9263 1
859 9433 1
859 9174 2
859 9090 1
862 8938 1
862 8771 1
862 9609 1
862 9833 1
870 9839 1
870 9278 1
872 8604 2
874 9293 2
874 9018 1
886 8717 7
886 8934 1
886 8937 1
886 9523 1
886 9600 2
886 8556 2
886 9422 3
886 9799 1
891 8861 1
891 8735 1
891 9506 1
898 8714 2
898 9295 1
898 9726 1
898 9169 1
898 9740 2
902 9713 1
902 8829 1
902 9233 1
902 9874 3
902 8892 1
910 8986 1
910 9734 1
910 9832 2
910 9345 1
910 9308 1
913 9688 1
913 9237 1
913 9728 1
913 9427 2
913 9493 2
934 9951 9
934 9917 2
934 8585 1
934 8591 1
934 8750 1
934 9259 1
934 9406 1
941 9336 2
941 9082 1
941 8657 1
941 9360 1
941 8610 71
941 9058 1
943 8587 1
943 9805 2
943 9829 1
943 9894 1
943 8956 1
943 9199 2
943 9755 1
952 9472 1
952 9035 1
952 9649 7
971 8849 2
976 8935 1
976 9374 1
990 9567 5
990 8757 10
992 9135 1
992 9255 1
992 9814 1
997 8666 1
997 9165 1
997 9704 3
997 9858 1
997 9214 1
1005 9642 1
1005 8656 1
1018 9161 1
1035 8926 1
1035 9196 1
1037 9268 1
1037 9149 1
1037 8829 1
1037 9881 1
1045 9950 1
1055 9312 1
1055 9629 1
1055 9979 1
1055 9535 2
1055 8922 4
1055 8980 1
1056 8728 22
1056 9002 1
1096 9992 199
1096 9892 1
1098 8989 3
1098 9716 1
1103 9643 3
1103 9729 7
1107 9632 1
1107 9149 1
1107 9305 1
1126 9106 1
1126 9409 8
1126 8751 1
1126 9032 1
1133 9114 3
1133 9219 2
1138 9975 3
1138 8900 1
1172 9571 1
1172 9864 2
1172 9291 200
1172 9508 1
1172 8585 1
1172 8746 2
1172 9361 1
1172 9576 1
1200 9889 1
1200 9130 1
1200 9205 31
1200 8694 1
1206 9196 88
1206 8590 1
1206 8965 2
1206 9244 1
1209 9832 4
1209 8883 2
1209 8695 1
1209 8826 1
1212 8930 1
1212 8938 1
1219 9542 1
1219 9059 1
1219 8686 1
1219 8858 3
1220 9830 4
1220 8898 2
1220 9675 1
1220 9857 1
1220 9273 1
1220 9180 3
1220 9345 1
1220 9746 1
1220 9900 1
1221 9601 1
1221 9977 1
1289 9369 22
1289 9973 1
1302 9443 1
1302 8677 1
1302 8741 1
1302 9481 1
1302 9533 4
1302 9877 1
1317 8829 1
1317 9231 1
1340 9332 2
1340 8619 1
1340 9271 1
1340 8642 1
1340 9208 3
1356 9808 1
1356 8971 1
1356 9560 2
1369 8720 1
1369 9270 5
1372 9234 1
1372 9247 1
1379 9149 1
1379 9300 1
1379 9168 3
1387 8780 1
1387 9854 1
1387 8902 1
1387 9611 1
1387 9571 1
1388 8693 1
1388 8700 1
1388 9177 1
1388 8751 1
1388 8978 1
1425 9095 1
1425 9821 1
1425 9455 1
1425 9174 1
1425 9419 2
1430 8890 1
1430 9507 2
1452 8934 4
1452 8614 1
1452 9973 1
1452 8608 1
1452 9549 1
1452 9663 1
1457 8977 1
1457 9725 1
1457 9537 1
1457 8989 1
1457 9500 1
1471 9785 4
1477 8650 1
1477 8956 1
1477 9104 1
1500 9270 1
1512 9732 1
1512 9006 4
1533 9354 1
1533 9128 4
1571 9755 1
1571 8834 1
1571 8949 1
1571 9656 31
1571 8755 6
1571 9620 1
1571 8933 2
1571 8577 6
1571 9605 3
1595 9678 1
1595 9406 1
1595 9764 2
1595 9953 1
1595 8763 2
1595 8955 3
1595 9595 1
1597 8852 1
1597 8958 1
1597 9060 1
1597 9406 1
1597 9070 1
1597 9831 1
1597 9597 1
1610 9425 1
1610 8822 2
1610 9625 1
1623 9825 1
1631 8635 9
1631 9503 1
1631 9022 1
1631 9643 1
1631 9987 1
1631 9828 1
1631 8957 1
1631 9506 3
1631 9439 1
1641 8835 1
1641 9251 2
1641 9905 1
1641 9847 1
1646 9215 6
1646 9272 1
1646 8670 4
1648 9565 1
1648 9683 2
1695 8883 12
1695 9300 2
1705 8714 1
1705 8955 8
1705 8576 1
1705 9740 2
1705 9794 3
1705 9969 1
1712 8961 1
1712 8569 1
1716 9506 9
1716 9712 3
1756 9666 1
1756 9143 1
1767 8580 8
1767 9655 8
1767 9816 1
1767 9856 1
1767 9945 3
1771 9671 8
1771 9168 1
1771 9934 3
1782 9731 4
1782 9354 1
1782 8632 2
1782 9197 1
1782 9249 1
1782 8729 1
1782 9134 7
1805 9821 5
1806 9663 2
1806 9622 1
1820 9121 1
1820 9958 1
1820 9160 1
1820 9200 1
1823 9293 3
1823 9816 1
1823 9354 1
1823 8699 6
1833 9562 1
1833 9450 3
1833 8622 1
1833 9610 1
1833 9721 200
1833 9764 1
1834 9365 1
1834 9210 4
1834 8741 2
1834 9423 1
1834 9264 22
1834 9438 1
1834 9884 2
1869 8991 1
1869 9500 1
1869 9764 1
1869 8735 1
1869 9703 1
1869 9184 3
1869 8906 2
1874 9360 1
1876 9828 1
1876 8566 9
1882 9305 3
1882 8988 1
1894 8963 1
1894 8602 1
1894 9121 1
1908 9117 1
1908 8577 1
1924 9161 2
1924 9638 4
1924 9343 135
1930 9145 1
1930 9148 2
1930 9345 2
1937 9912 1
1937 8827 1
1937 8873 2
1937 9258 1
1942 9039 1
1942 9227 6
1942 9600 2
1942 8568 51
1942 9990 1
1942 9941 1
1942 8673 1
1949 9143 2
1949 8648 1
1964 9856 1
1964 9262 9
1964 9208 4
1972 9768 1
1972 8838 1
1972 9954 1
1974 8780 1
1974 9127 1
1974 9595 1
1974 9677 2
1974 9726 3
1977 9960 1
1977 8604 1
1977 9927 3
1977 9281 1
1977 9375 1
1986 8707 2
1986 9140 1
1992 9033 1
1992 9687 2
2016 9138 1
2016 9670 1
2023 9886 1
2026 8766 2
2035 9741 2
2035 8584 6
2038 9464 2
2038 9474 2
2038 9182 1
2041 8758 2
2041 8712 3
2041 9556 1
2043 9951 5
2043 8740 17
2059 9296 2
2059 9940 6
2059 9994 1
2059 9310 1
2059 9663 1
2059 9282 1
2087 8704 1
2087 9167 1
2087 9653 2
2087 8615 1
2098 9314 1
2098 9266 1
2100 9394 1
2100 9321 200
2100 9647 2
2100 9070 1
2100 9550 1
2100 9288 1
2100 9560 1
2100 8687 10
2100 9441 1
2100 9489 3
2100 8822 2
2101 9508 1
2101 9539 1
2101 9787 20
2110 9996 7
2110 9208 2
2110 9218 12
2110 9842 1
2119 8907 2
2119 9644 1
2120 9835 1
2120 9320 1
2120 9548 1
2123 9713 1
2123 9743 1
2123 9475 1
2123 8590 1
2123 8670 1
2123 9386 1
2124 9419 2
2124 9829 2
2125 8806 1
2125 8714 3
2125 9708 6
2125 9967 13
2125 9977 3
2125 8565 2
2125 8606 17
2125 8779 1
2144 9075 2
2169 8985 1
2169 9130 4
2169 9664 1
2179 9129 1
2179 8775 1
2179 9170 1
2179 9879 3
2179 8937 3
2179 8717 5
2179 8576 12
2179 9674 1
2228 9287 3
2228 9866 2
2235 8978 1
2245 8741 1
2245 9200 4
2245 9093 33
2245 9448 3
2245 9915 3
2245 9689 3
2245 9491 1
2264 9475 1
2264 9726 1
2264 9883 1
2281 9068 1
2286 9429 6
2286 9801 6
2287 9253 1
2293 8555 2
2293 9209 1
2293 9785 9
2307 8939 9
2307 8688 1
2307 9229 1
2310 8968 1
2310 9115 1
2313 8775 1
2313 9018 1
2313 8613 2
2313 8919 3
2313 8780 1
2313 9888 1
2314 8589 1
2314 9377 1
2321 9166 10
2321 8939 1
2322 9698 1
2322 9046 2
2322 9666 10
2346 8740 4
2346 8811 17
2346 9059 1
2346 9601 2
2346 9790 1
2346 9172 1
2346 9245 5
2346 9551 2
2350 9208 1
2350 9735 2
2350 9683 1
2350 8710 1
2350 8621 2
2350 9623 1
2359 9209 1
2359 9057 1
2359 9317 1
2384 9321 5
2384 9935 1
2384 9468 1
2395 9741 1
2395 9199 1
2422 9242 4
2422 9830 1
2422 9718 1
2422 8842 1
2422 8806 1
2424 8931 1
2424 9720 2
2424 9745 1
2424 8903 2
2424 9672 2
2424 9861 3
2438 9424 1
2438 8897 17
2438 9093 1
2438 9727 101
2438 9834 1
2438 9817 1
2462 9247 21
2462 9510 1
2462 9895 1
2462 9234 1
2462 9303 1
2504 8980 6
2504 9084 1
2546 9918 37
2546 8986 1
2548 9713 1
2548 8727 1
2548 9798 1
2567 9947 1
2567 9127 2
2567 9711 1
2567 8960 1
2577 9572 43
2584 9894 1
2584 8936 1
2584 8906 6
2584 8943 7
2584 9139 1
2596 9670 1
2596 9194 1
2610 9422 1
2610 9840 2
2612 9505 3
2612 8703 1
2612 8868 1
2612 8896 13
2612 9699 2
2625 8611 8
2625 9216 2
2625 9622 2
2625 8772 6
2625 9580 17
2638 9381 1
2638 9336 1
2638 9638 3
2644 9247 3
2644 9279 1
2646 9102 1
2646 9882 1
2646 9919 3
2674 8661 2
2674 9276 1
2674 8645 1
2674 9357 1
2674 9052 1
2677 9042 1
2677 9958 1
2677 9737 1
2677 9222 3
2677 9774 1
2702 8790 1
2702 9994 1
2702 9221 1
2702 9434 1
2702 9980 1
2716 9650 2
2716 8953 1
2730 8889 1
2730 8643 1
2730 8660 1
2730 9762 2
2730 9060 2
2730 9518 2
2745 8835 70
2745 9568 7
2745 9756 1
2745 9425 1
2751 9847 3
2751 9288 3
2751 8971 2
2751 9006 1
2751 8975 1
2751 9318 1
2755 9976 1
2755 8988 3
2755 9654 1
2763 9481 1
2763 9436 2
2763 9633 1
2770 9501 3
2770 9426 1
2770 9915 1
2770 9109 1
2770 9925 1
2770 8735 3
2770 9069 1
2770 9574 3
2771 8890 1
2771 8938 1
2771 9459 6
2771 9227 6
2771 9109 2
2771 9170 1
2773 8580 17
2773 8699 1
2803 8669 1
2803 8861 2
2803 9847 1
2803 8885 2
2803 9501 2
2803 9917 5
2828 8767 2
2828 9440 1
2828 9835 1
2841 8823 2
2841 9141 1
2841 9288 2
2843 9793 1
2843 9464 2
2843 9886 6
2848 8922 1
2848 9243 1
2848 9237 1
2855 9427 103
2855 9107 1
2855 8900 1
2855 9780 1
2855 9267 1
2855 9656 1
2855 9921 1
2857 8965 1
2857 8982 1
2857 9284 3
2857 9756 1
2866 9356 1
2866 9905 2
2906 8767 1
2906 9191 1
2906 9580 1
2906 8752 3
2906 9678 1
2911 9573 3
2911 9627 3
2911 8609 1
2911 8871 1
2911 9930 1
2915 8910 1
2915 9624 1
2917 9025 1
2917 9245 5
2917 9682 3
2917 9776 3
2917 9922 13
2925 8813 5
2925 9094 12
2925 9674 1
2930 9157 1
2930 9368 1
2930 9805 1
2953 9527 8
2953 9992 6
2975 9039 1
2975 8606 1
2975 9317 1
2982 8823 2
2982 9405 1
2982 9229 1
2982 9133 1
2982 9192 6
2982 9833 2
2982 9911 1
2982 9933 2
3020 9403 4
3020 9284 1
3020 9355 1
3020 8602 1
3020 9505 1
3020 9592 4
3031 9266 1
3032 9002 1
3061 9717 2
3061 9799 2
3079 8856 1
3079 9593 1
3083 9111 1
3107 9870 1
3107 8887 1
3107 9052 1
3107 9210 9
3107 9669 1
3107 9277 1
3108 9141 1
3134 8569 11
3134 8902 1
3134 9215 1
3134 9929 1
3139 8868 1
3139 9627 1
3139 9747 2
3139 9227 6
3139 9388 1
3141 8901 1
3141 8754 1
3141 9432 1
3142 9715 5
3142 9006 2
3142 9604 1
3142 9123 1
3142 9730 1
3142 9749 1
3142 9952 3
3142 8947 1
3142 9647 1
3142 9765 1
3143 9532 1
3143 8961 5
3143 9395 2
3145 9270 1
3145 8823 4
3152 8657 2
3152 8852 2
3152 8883 8
3152 9360 3
3152 9851 4
3154 9550 5
3154 8649 4
3154 8885 1
3154 9578 1
3154 8640 47
3154 8693 1
3192 8873 2
3192 8991 1
3192 9753 2
3192 9250 1
3192 9311 1
3198 9768 1
3198 9455 1
3206 9565 4
3209 9668 7
3209 9186 2
3211 9670 2
3211 9534 3
3211 8947 1
3211 9120 2
3213 8717 3
3213 9550 1
3213 9590 4
3240 8611 10
3240 8899 183
3240 8629 1
3240 8796 19
3240 9845 1
3240 9013 2
3241 8835 5
3241 9403 2
3241 9133 1
3241 9127 2
3241 9641 4
3242 9966 20
3242 9519 1
3242 9979 2
3251 8981 1
3251 9820 1
3251 9845 1
3253 9450 3
3253 9319 3
3253 8755 1
3253 9191 2
3253 9731 2
3270 9626 1
3273 9469 2
3273 8880 2
3286 9995 2
3286 9094 2
3286 9864 1
3289 9375 1
3289 9683 1
3289 9903 1
3289 8964 1
3289 9341 3
3289 9607 1
3300 8808 13
3300 9156 1
3300 9953 9
3300 9522 3
3317 8787 1
3317 9283 7
3317 9473 6
3317 8774 3
3317 9185 18
3317 9354 1
3369 9029 1
3369 9300 2
3369 9617 1
3371 9347 1
3371 8985 1
3371 9634 6
3371 8613 1
3371 9753 1
3376 8699 1
3376 8983 1
3376 9468 1
3376 9891 2
3376 8910 1
3376 9089 1
3388 8607 1
3388 9460 5
3388 8945 68
3388 9230 1
3421 8709 1
3421 8883 2
3427 9399 1
3435 9858 5
3435 9081 1
3435 8940 1
3435 9012 1
3435 9029 22
3436 8750 2
3436 9060 7
3436 8806 3
3436 9111 1
3436 9339 1
3436 9641 2
3436 9690 1
3455 9678 1
3455 9487 1
3455 9825 1
3455 9644 1
3455 9450 1
3457 9115 2
3457 8791 5
3457 9097 4
3460 9172 1
3460 9081 1
3465 9103 1
3465 9400 1
3468 9028 1
3468 8710 1
3468 9728 1
3469 8590 2
3469 8795 1
3469 9565 9
3469 9616 1
3469 8619 4
3469 8702 1
3469 9954 1
3469 9138 1
3472 9147 39
3472 9295 1
3472 9503 5
3475 8931 1
3475 9953 1
3475 9991 16
3475 9021 4
3475 9271 8
3475 9782 1
3481 9739 4
3481 9014 102
3481 9582 1
3487 8791 4
3487 8861 1
3487 9075 1
3487 9539 2
3492 9503 1
3497 9689 2
3497 9595 8
3497 9873 1
3497 9885 1
3497 9365 1
3497 9813 1
3497 9790 1
3497 9940 1
3497 8771 3
3504 9432 4
3504 9959 1
3504 9069 1
3504 9078 1
3504 9235 1
3504 9725 1
3504 8942 1
3507 8828 1
3507 9474 14
3507 9604 3
3507 9910 1
3523 9132 1
3523 8937 1
3523 9634 3
3523 9654 1
3523 9430 12
3523 9739 3
3523 8647 1
3523 9175 1
3527 9560 1
3527 9908 29
3527 8811 1
3527 9718 1
3560 8567 1
3560 9261 1
3560 9358 6
3575 8796 1
3610 8901 2
3610 8910 1
3610 8991 3
3610 9430 1
3610 9791 1
3625 9879 25
3625 9988 1
3630 9296 1
3630 9915 1
3630 8891 1
3630 9715 1
3649 9233 17
3649 9243 1
3649 9596 6
3649 8855 1
3649 9374 1
3649 9805 2
3649 9539 1
3649 8788 2
3649 9750 3
3654 8875 7
3654 9793 1
3654 9754 1
3654 9352 3
3654 9573 1
3654 9295 5
3662 9615 1
3662 8830 9
3662 9253 2
3662 9025 1
3666 8901 2
3666 9209 2
3666 9568 1
3666 8623 7
3666 9885 1
3678 8604 1
3678 9441 1
3678 9694 1
3680 9615 1
3695 9770 1
3695 9066 1
3703 9947 2
3703 9258 1
3703 8609 1
3729 8953 1
3729 9920 1
3729 8750 12
3745 9883 1
3745 9085 2
3745 8622 1
3745 9026 2
3746 9461 2
3746 9407 1
3746 9981 1
3746 9283 1
3748 9362 1
3748 8734 1
3784 9521 3
3787 9049 1
3787 8663 5
3787 9738 1
3788 8898 1
3788 9446 1
3794 8673 6
3794 9462 1
3794 8600 1
3794 8638 1
3794 9432 1
3794 8586 1
3794 9469 1
3803 9111 1
3803 9426 4
3803 9461 9
3803 9380 1
3812 9172 1
3812 9388 1
3812 9796 2
3812 9118 1
3817 8922 1
3817 9778 2
3831 9672 1
3831 9501 1
3831 9851 142
3831 9231 1
3831 8673 10
3831 9132 1
3831 9992 5
3833 9270 1
3833 9376 3
3853 9767 1
3853 8586 1
3853 9624 3
3853 9553 8
3853 8935 1
3853 9529 1
3902 9261 3
3902 9200 6
3902 9450 8
3903 9131 1
3903 8977 1
3903 8877 1
3903 8957 1
3905 9655 8
3916 8552 2
3916 8555 1
3918 8643 1
3918 8774 1
3918 8814 1
3930 9222 2
3930 9781 1
3930 8584 94
3930 9037 2
3930 9583 1
3930 9767 22
3940 9261 3
3940 9519 1
3970 9576 3
3975 8792 2
3975 9035 3
3975 9262 1
3980 8745 13
3980 9094 15
3992 9494 1
3993 9567 1
3993 9164 1
4031 8813 3
4031 8981 1
4035 9886 2
4035 8994 1
4035 9005 1
4040 9636 1
4040 9165 1
4040 9664 1
4040 9335 1
4054 9775 1
4054 8633 2
4054 8862 1
4056 8645 1
4056 8837 1
4056 9932 43
4056 9991 1
4056 9687 1
4058 9822 1
4058 8591 1
4058 8775 2
4058 8943 1
4058 9743 1
4058 8984 1
4058 8658 1
4058 8840 1
4058 9532 1
4075 8838 3
4075 8740 1
4075 9216 1
4094 8731 1
4094 9439 1
4094 9497 1
4094 8728 1
4095 8957 4
4095 9439 1
4095 9732 1
4095 9814 1
4095 9833 12
4095 9593 3
4095 9673 1
4095 9840 1
4096 9088 16
4096 9049 1
4096 9886 3
4096 9971 1
4096 8598 5
4096 9236 1
4099 9491 1
4099 9636 1
4099 8830 3
4099 9281 1
4099 9290 1
4102 9508 1
4102 9606 2
4102 8568 1
4102 9220 1
4102 9320 68
4102 9414 1
4102 9178 1
4102 9304 3
4105 8623 8
4105 9740 1
4105 9861 2
4105 9277 2
4105 8690 1
4105 9616 1
4105 9941 1
4116 9513 5
4116 9975 2
4131 9191 12
4148 9703 1
4148 9589 1
4148 9981 107
4151 8922 3
4165 9314 1
4165 9821 1
4171 9881 2
4171 9245 1
4171 9915 1
4171 8580 5
4171 8812 4
4171 9565 1
4176 9885 8
4193 9093 45
4193 9613 1
4193 9535 3
4193 9703 2
4193 9446 1
4193 9819 12
4193 9877 2
4193 9855 1
4197 8941 1
4238 9173 1
4238 9523 4
4238 9873 1
4241 9785 1
4241 9381 4
4241 9834 2
4244 8571 42
4244 9848 1
4244 9258 1
4244 9219 1
4246 9335 2
4246 9409 1
4246 9864 8
4246 9103 1
4246 8698 3
4249 9123 1
4249 9991 3
4254 8662 1
4254 9472 1
4254 9780 1
4257 9621 2
4257 8922 3
4257 9001 1
4257 9329 1
4257 9738 3
4263 9497 1
4263 9489 6
4263 9683 2
4274 9577 4
4274 8587 3
4274 8632 1
4281 9360 1
4281 8998 1
4281 9501 1
4281 9607 1
4281 9249 1
4287 9199 13
4287 9063 1
4287 8889 2
4287 9487 1
4301 8772 1
4301 8571 2
4301 8868 1
4301 9424 1
4301 9214 1
4301 8834 3
4301 8957 1
4301 9443 2
4318 9543 1
4318 9699 2
4318 8712 2
4326 8934 1
4326 8585 15
4326 9944 1
4326 8562 1
4326 9022 2
4326 9220 1
4331 9531 1
4331 8611 1
4334 9089 1
4334 9682 1
4334 9776 3
4334 9157 3
4334 9642 1
4334 8900 1
4334 9319 3
4334 9755 1
4336 8597 1
4336 8790 3
4336 9665 3
4381 8971 46
4382 9831 51
4382 9781 1
4384 9255 4
4384 9233 8
4384 9745 1
4397 8744 8
4397 9689 1
4405 8984 2
4405 9521 1
4405 9553 2
4405 8956 2
4407 9067 1
4407 9476 1
4407 9161 1
4407 9616 37
4407 9782 2
4421 8887 1
4421 8808 1
4421 9473 1
4421 9714 2
4424 8625 1
4424 8830 48
4424 9890 1
4424 8745 200
4424 8678 1
4424 8791 48
4424 9139 1
4424 9853 3
4424 9357 1
4451 9302 2
4473 8615 1
4473 9649 3
4473 9117 3
4473 9135 1
4473 9844 1
4501 9097 1
4501 9368 2
4501 8558 2
4503 9532 1
4503 9312 4
4507 8961 1
4507 9103 1
4507 9636 2
4507 9705 1
4507 9879 2
4517 9182 1
4517 9304 7
4517 8807 2
4518 9332 1
4518 9399 5
4518 9825 3
4525 9890 1
4525 9167 1
4525 9514 1
4525 9741 3
4527 8614 1
4540 9560 1
4540 9032 1
4540 8779 10
4540 9201 2
4546 8805 1
4546 9746 2
4546 9861 1
4551 8705 1
4551 8559 1
4551 8778 1
4553 9717 1
4553 9054 3
4553 9328 2
4553 8575 1
4553 9268 2
4555 9990 14
4555 9767 7
4568 8896 1
4568 9058 1
4568 8772 7
4568 9157 1
4568 9356 1
4587 9146 1
4587 9419 1
4587 8717 3
4595 9704 4
4595 9562 7
4598 9185 1
4598 9023 1
4605 9595 1
4605 9684 6
4617 8823 10
4617 8940 2
4617 9689 1
4617 9250 1
4617 8900 1
4617 9037 1
4618 9726 1
4618 9822 1
4628 9690 1
4628 9331 5
4647 9663 1
4647 9799 13
4647 9531 9
4647 8851 1
4647 9028 1
4647 9876 200
4654 8788 1
4666 9690 1
4666 9642 2
4667 9435 1
4667 9917 8
4667 9143 22
4667 9138 2
4704 8679 1
4704 8957 1
4704 9804 6
4704 9274 1
4706 8553 4
4706 9074 1
4706 9665 4
4706 9169 4
4706 9232 1
4706 9796 1
4706 9889 2
4708 9095 2
4736 8648 1
4736 8678 1
4736 9762 2
4746 9375 2
4746 8712 1
4746 9760 5
4746 9409 1
4746 9703 1
4751 8582 1
4751 8750 1
4751 8880 1
4751 9275 4
4751 9641 1
4751 9883 1
4751 9439 27
4751 9732 1
4751 8694 2
4751 9813 1
4751 9434 1
4751 9775 143
4769 9173 1
4778 9132 5
4778 8580 1
4794 9026 1
4794 8840 1
4794 9266 96
4794 9361 3
4794 9061 1
4794 9958 1
4796 9082 1
4796 9708 1
4796 9752 1
4796 9901 1
4796 9677 1
4818 8649 1
4818 9585 1
4844 8606 1
4844 9725 1
4844 9992 3
4844 9822 1
4844 9312 2
4848 9151 1
4848 9068 2
4848 9412 3
4848 9483 2
4848 9752 1
4848 9784 2
4849 8877 12
4849 8773 1
4849 9961 1
4858 9168 1
4859 8875 2
4859 9500 1
4859 9058 1
4859 9218 3
4859 9651 1
4872 8903 1
4872 9988 1
4872 9272 1
4909 9402 1
4961 8645 1
4961 9632 157
4961 8971 1
4961 9946 3
4961 8598 2
4961 9279 2
4961 9590 1
4961 9350 1
4961 9976 1
4961 9221 1
4975 9734 3
4980 9774 1
4980 8938 1
4980 8939 3
4980 9341 1
4980 9920 2
4980 8687 1
4980 9653 1
4989 8964 3
4989 8729 1
4989 9907 1
4989 9737 1
4989 9569 2
4996 8584 1
4996 8950 1
4996 9851 1
4996 9281 2
4996 9536 2
4996 9567 3
4996 9995 1
4996 9846 1
5019 9640 6
5019 8767 2
5027 9094 1
5041 8754 1
5041 9311 2
5041 9512 200
5041 9759 1
5041 9699 3
5041 8918 12
5041 9416 2
5055 8894 1
5055 9678 1
5055 9733 6
5055 9876 1
5055 9553 1
5055 9922 13
5056 9174 4
5056 8884 1
5056 8938 7
5056 9732 2
5066 8745 1
5066 9980 3
5066 9082 1
5075 9281 1
5075 9437 1
5075 9741 1
5075 9949 3
5075 8945 1
5075 9443 1
5075 9874 2
5075 9026 2
5097 8892 1
5097 9039 1
5097 9504 1
5097 9650 1
5099 9434 1
5099 9357 2
5099 8873 3
5099 9715 1
5102 8894 5
5102 9729 7
5104 9289 1
5104 8608 1
5104 8897 2
5104 8676 1
5104 8820 2
5104 9043 3
5104 9521 5
5110 8637 1
5110 9472 2
5110 9527 1
5118 9620 1
5118 8812 1
5118 8679 1
5125 9627 1
5125 8728 48
5125 9408 1
5141 9548 1
5141 9436 2
5151 9017 2
5151 8839 6
5151 8567 7
5151 9297 1
5176 9728 1
5184 9443 10
5184 9510 2
5184 8615 2
5184 9363 2
5184 9937 2
5184 9007 1
5214 9036 8
5214 9470 11
5214 9626 1
5214 9943 1
5218 9344 1
5218 9034 9
5218 9857 2
5235 8587 4
5235 9274 1
5235 9169 4
5235 9956 18
5242 9862 1
5242 9627 1
5249 9672 2
5249 8836 1
5263 9142 1
5266 8720 1
5266 9786 1
5271 9356 2
5271 9161 1
5271 9273 1
5275 9743 1
5275 9068 5
5275 9082 1
5275 9091 1
5275 9132 1
5275 9545 2
5275 9889 4
5277 9445 1
5280 9469 1
5280 9778 6
5280 9255 1
5280 8985 1
5280 9022 1
5280 9214 2
5280 9605 4
5341 8741 1
5341 9278 1
5343 9658 1
5343 8727 4
5345 9539 1
5345 8979 1
5345 8835 1
5345 9682 4
5345 9631 53
5345 9855 1
5348 8553 1
5350 9390 1
5350 9262 1
5350 9705 1
5363 9305 5
5363 9750 5
5367 8991 1
5367 9666 1
5370 9536 1
5370 8933 1
5370 9243 2
5370 9534 3
5370 9651 1
5377 8623 5
5377 8742 1
5377 9833 2
5377 8943 1
5377 8734 1
5387 9841 2
5387 9097 1
5387 9532 1
5387 9065 1
5432 9317 1
5432 8642 1
5432 9996 1
5436 9185 1
5436 9035 1
5468 8644 1
5468 8646 1
5468 9039 2
5477 9644 12
5484 8931 3
5484 9553 1
5484 9438 1
5493 9734 1
5493 9946 1
5495 9567 1
5495 9903 2
5522 8590 1
5522 8817 1
5522 9844 7
5522 8996 9
5529 9180 1
5529 9943 1
5529 8768 7
5533 9053 7
5533 8679 3
5533 8901 8
5539 9042 1
5539 9869 2
5539 9368 3
5539 8774 2
5539 9636 1
5539 9832 1
5539 9297 1
5539 8657 3
5549 9583 1
5549 9500 23
5549 9289 2
5553 9264 1
5553 9609 1
5554 9119 1
5554 9974 2
5554 8800 2
5578 9074 3
5578 8644 1
5578 8886 2
5581 9468 15
5581 8755 3
5581 9211 1
5587 9056 2
5587 9130 1
5599 9374 1
5599 8957 1
5599 9574 2
5599 9621 2
5599 9338 4
5610 8939 1
5610 9634 1
5610 9839 2
5646 9922 1
5646 9282 1
5646 9666 6
5646 9718 1
5646 9308 1
5646 9125 2
5649 9490 2
5649 8672 1
5654 8676 1
5661 8609 1
5661 9267 1
5670 9380 1
5670 9530 1
5670 9853 1
5670 9008 1
5670 9578 3
5679 8595 1
5679 9889 19
5679 8968 1
5679 9568 1
5695 9406 3
5695 9293 31
5695 8772 2
5695 8663 1
5696 9822 2
5696 9768 1
5712 8669 1
5712 9620 2
5733 8584 3
5733 8826 2
5733 8744 1
5733 8949 1
5733 8989 4
5733 9536 1
5749 9057 2
5749 9601 1
5749 9173 2
5766 8671 2
5766 9133 1
5766 8842 1
5766 9512 1
5766 8710 5
5766 9362 4
5794 8956 2
5794 9801 1
5794 9034 1
5794 9697 1
5799 8984 1
5799 8762 1
5799 9619 3
5801 9775 1
5801 9225 1
5807 8937 4
5807 9412 1
5807 9474 1
5807 9513 1
5807 9730 1
5813 9778 1
5818 8998 2
5818 9093 1
5820 9714 1
5820 8559 3
5820 8626 1
5840 9749 1
5840 8685 2
5840 8656 1
5840 8890 1
5840 8564 1
5840 8633 6
5840 9019 1
5840 9268 1
5840 9658 10
5847 8900 2
5875 9152 1
5875 8686 1
5875 9304 2
5875 9843 2
5888 9258 1
5888 9023 4
5888 8960 3
5888 9326 19
5888 9927 1
5896 8685 3
5896 9720 1
5919 9738 1
5919 9910 1
5919 9005 1
5919 8825 1
5919 9275 8
5919 9327 2
5919 9866 2
5931 8661 1
5931 9830 1
5931 9439 1
5934 9804 1
5934 8704 1
5943 8668 1
5943 9653 11
5943 9820 1
5943 9242 1
5943 9550 1
5943 9178 2
5943 9424 1
5943 8773 1
5943 8987 9
5952 8601 3
5952 9474 4
5958 8643 1
5958 8700 2
5958 9289 24
5958 9613 1
5958 9652 1
5958 9576 1
5958 9542 4
5958 8967 10
5959 9088 1
5959 9948 1
5959 9462 2
5960 9461 1
5970 8800 1
5970 9725 1
5970 9281 1
5970 9261 2
5970 9538 1
5970 9933 1
5977 9906 1
5987 8768 20
5987 8820 2
5987 8868 7
5987 8958 5
5987 9949 1
5991 8661 1
5991 9805 15
5991 9273 1
5991 9011 8
5991 9117 1
5991 9949 1
5991 9131 3
5991 9936 1
6008 9201 1
6024 9803 1
6024 9223 7
6038 8552 1
6038 9523 1
6038 8728 2
6038 8986 3
6038 9405 3
6038 8695 1
6038 9503 2
6038 9363 1
6039 9406 1
6039 8926 1
6039 9094 2
6039 8918 5
6043 9022 2
6043 9535 1
6043 9409 1
6043 8835 1
6043 9446 2
6043 9287 1
6043 9344 1
6074 9328 1
6074 8900 1
6074 9820 1
6074 8749 16
6074 8676 1
6074 8888 1
6074 9375 1
6085 9729 2
6085 9286 1
6119 9177 2
6119 9535 1
6119 9014 2
6119 9042 1
6119 9654 20
6119 9521 2
6119 8587 2
6119 9823 6
6119 8648 1
6190 9826 1
6190 8950 1
6190 9151 1
6190 9566 1
6211 8705 6
6211 9842 14
6211 8646 1
6211 8698 1
6218 8703 1
6218 9665 1
6218 8566 1
6218 9008 1
6218 9530 1
6238 9078 1
6238 9597 1
6247 8586 4
6247 9635 1
6272 8773 4
6272 8801 1
6272 8731 1
6272 9550 1
6278 8885 3
6278 8899 26
6278 8931 1
6278 9352 3
6278 9433 2
6297 9632 1
6297 8585 3
6306 9808 1
6315 9551 1
6315 8568 1
6315 9139 1
6315 9462 11
6315 9263 1
6315 9142 1
6315 9060 1
6315 9754 1
6321 9989 1
6321 9347 13
6321 9862 96
6343 9470 1
6343 9013 1
6343 9816 8
6343 8855 3
6343 9129 2
6343 9936 1
6351 9671 6
6351 8890 1
6354 9480 1
6354 9564 2
6354 9701 1
6357 9332 1
6357 9507 1
6357 8963 4
6361 8649 3
6361 9179 2
6361 9892 1
6361 8628 1
6361 8685 4
6364 8606 1
6364 9829 4
6364 9472 1
6364 8679 16
6364 9814 1
6364 9207 1
6364 9615 6
6364 9990 11
6364 9334 1
6367 9760 5
6367 9486 2
6367 9236 1
6367 9746 3
6367 9747 1
6367 9566 1
6381 8590 1
6381 9892 6
6381 9461 1
6381 9952 2
6386 9412 2
6386 9787 4
6386 9329 1
6386 9731 1
6386 8816 1
6386 9279 1
6386 9617 1
6386 9071 1
6387 8569 1
6387 8633 1
6387 8710 2
6387 9580 3
6387 9959 41
6395 9248 2
6395 9233 1
6395 9078 2
6395 9394 1
6397 9623 1
6409 8688 2
6409 8839 1
6411 9759 1
6411 9760 1
6418 9904 2
6418 8600 1
6418 9032 45
6418 9818 1
6418 9105 1
6424 9809 1
6424 8666 1
6424 8762 2
6424 9513 1
6433 9202 1
6433 8979 3
6433 9314 1
6441 9123 2
6441 9715 7
6441 9839 7
6442 8815 1
6442 8550 3
6445 9564 1
6445 8996 1
6445 9153 1
6447 8742 32
6447 9946 1
6465 8620 1
6465 8688 1
6465 8888 1
6465 8658 19
6472 9798 68
6472 8983 1
6472 8823 1
6472 9216 1
6472 9907 9
6472 9085 3
6475 9234 1
6475 8744 1
6475 9971 1
6475 9177 4
6475 9817 5
6475 9606 1
6475 9669 1
6481 9383 1
6481 8907 1
6481 9441 2
6481 9818 1
6485 8940 1
6485 9233 4
6485 9749 1
6485 9805 10
6485 9561 6
6485 8604 1
6485 8777 1
6495 9973 6
6495 8745 1
6495 9735 3
6502 8983 1
6502 9242 6
6524 9839 1
6524 8562 2
6524 9600 1
6524 9109 1
6538 8960 2
6538 9932 198
6538 9010 1
6538 9891 1
6557 9416 2
6557 9826 1
6582 8859 1
6582 8727 1
6582 9414 1
6582 9866 1
6582 8687 1
6608 9720 38
6610 9419 2
6610 9097 1
6610 9355 2
6610 9253 2
6625 9033 2
6631 9655 1
6631 9672 1
6650 8947 2
6650 9170 4
6650 9374 1
6676 9338 1
6676 9063 1
6676 9884 1
6676 9830 1
6679 9909 2
6679 9950 4
6683 8820 1
6687 8433 3
6688 8889 1
6688 9555 1
6694 9196 1
6694 9223 1
6694 9671 1
6694 9819 1
6698 8857 1
6698 9822 1
6698 9582 2
6698 9596 1
6698 9693 2
6698 9995 1
6701 9907 1
6701 9081 1
6701 9786 47
6701 8650 2
6701 9061 1
6734 9029 1
6734 8855 2
6734 9467 1
6751 9219 1
6751 9883 1
6761 8669 1
6761 9207 1
6761 8900 17
6761 9807 1
6761 9823 7
6761 9733 1
6778 9616 1
6778 8728 1
6778 9220 1
6778 9534 1
6778 9888 1
6778 8740 1
6778 9134 62
6778 9271 1
6778 9321 3
6778 9062 3
6788 9042 7
6788 9130 6
6788 8898 1
6788 9146 1
6788 8672 1
6788 8931 1
6788 9932 1
6788 9397 3
6789 9874 1
6804 9214 1
6809 9283 2
6809 9649 2
6809 9095 2
6812 9034 1
6827 9567 2
6827 9483 2
6827 9102 10
6847 8961 1
6847 9721 1
6847 9996 8
6916 8590 1
6916 8934 1
6916 9494 8
6916 9577 13
6916 8550 2
6921 9776 1
6921 9021 1
6921 9129 1
6921 9319 1
6924 9145 3
6925 9263 1
6925 9697 5
6925 8795 3
6925 9412 29
6925 8700 1
6925 8801 1
6927 9942 1
6927 9663 2
6930 9551 1
6930 9531 1
6930 9743 2
6947 9829 1
6947 9981 2
6947 9689 3
6947 9780 4
6947 9106 1
6947 9483 1
6947 9937 73
6973 9090 1
6973 8552 1
6973 9529 3
6973 9874 1
6975 9317 1
6975 9347 4
6977 9361 1
7007 9807 1
7007 9188 1
7007 8661 1
7007 9725 1
7023 9480 7
7023 9712 1
7023 8948 1
7023 8597 2
7025 9198 3
7025 9895 2
7025 9920 3
7026 9883 1
7026 9258 9
7026 9686 9
7026 9054 1
7026 9966 2
7032 8750 1
7032 8839 1
7032 9232 1
7032 9542 1
7032 8912 1
7032 9716 1
7032 8620 1
7038 9947 1
7038 9932 1
7038 9311 1
7038 9675 1
7061 8836 1
7061 8571 1
7061 8745 17
7061 9318 13
7061 9395 4
7062 9507 30
7062 8800 1
7062 9583 1
7062 9854 1
7080 9693 2
7082 9240 2
7082 8799 1
7082 9512 1
7084 9570 1
7084 9942 4
7084 9876 1
7084 8582 2
7092 8707 1
7092 8779 29
7092 8768 1
7092 8862 5
7097 9714 1
7097 9990 1
7105 9862 1
7105 9494 2
7118 9426 1
7118 9560 2
7118 9808 1
7119 8971 2
7119 9336 15
7119 9958 38
7119 8626 1
7119 9918 4
7175 9273 8
7175 9835 1
7175 8799 1
7175 8862 1
7175 9121 4
7175 9665 1
7177 9549 1
7177 9289 1
7177 8920 1
7177 9240 1
7177 9325 3
7181 9327 1
7183 9236 1
7183 9142 1
7183 9227 1
7183 9843 1
7184 9325 1
7184 8709 9
7194 9561 1
7194 9146 2
7204 8849 1
7205 8907 1
7205 8700 24
7205 8655 1
7205 9514 1
7213 9069 1
7213 8679 2
7213 9971 1
7213 8638 1
7213 8969 1
7213 8770 1
7219 9469 1
7219 8834 2
7228 8606 1
7228 8828 1
7228 9293 128
7239 9920 38
7239 8619 1
7241 9339 1
7241 9578 1
7241 9230 3
7247 9899 1
7247 9561 1
7247 9727 5
7254 8958 1
7254 9354 1
7255 8965 1
7255 8606 1
7255 9078 41
7255 9143 1
7255 9655 9
7255 8943 12
7258 9702 1
7258 8690 2
7258 9717 3
7258 9673 2
7258 9760 2
7258 9051 5
7262 9125 2
7262 9633 3
7262 8671 6
7262 8632 1
7271 9832 1
7271 9429 3
7271 9376 3
7271 9571 1
7271 9721 6
7271 9785 1
7280 9468 6
7280 8983 1
7291 8763 1
7291 9058 1
7291 8744 1
7291 8805 1
7291 9794 1
7291 9235 1
7291 9951 17
7295 9436 1
7295 9237 3
7295 9248 1
7324 9202 6
7324 8656 1
7324 8571 1
7324 8739 1
7324 9134 1
7324 9850 3
7324 9162 1
7345 9549 1
7352 8729 1
7352 9465 5
7352 9250 27
7352 9057 1
7360 9657 1
7360 9848 2
7360 9974 5
7360 8589 4
7386 9328 1
7386 9904 1
7390 8622 1
7390 9805 1
7390 9747 2
7390 8598 2
7390 9002 2
7390 9665 3
7390 9210 1
7409 9302 1
7409 9720 1
7409 9954 1
7411 8827 1
7424 9194 4
7424 9564 2
7430 9977 1
7466 9609 4
7466 9702 2
7466 9898 1
7466 8629 6
7472 9640 1
7472 9074 2
7475 8857 1
7475 9616 1
7475 9336 1
7475 8644 1
7475 8919 1
7485 8632 5
7485 9221 1
7485 9922 3
7498 9192 5
7498 8941 1
7498 9070 2
7498 9322 2
7498 9626 1
7506 9720 1
7506 9554 1
7522 9115 3
7522 8591 1
7522 9475 3
7528 9063 1
7528 9118 1
7528 8621 1
7535 9765 4
7535 9286 1
7547 9209 1
7547 9131 2
7547 9437 2
7547 9405 3
7547 9482 1
7547 9786 1
7562 9426 1
7562 9264 2
7562 9546 3
7562 9952 1
7562 8994 4
7562 9657 1
7562 8756 1
7567 8727 2
7567 9361 11
7567 8996 1
7581 9056 1
7581 8791 2
7604 9439 1
7604 9543 6
7637 9948 2
7637 9553 1
7637 8562 1
7637 9025 1
7637 8941 2
7637 9531 3
7637 9925 1
7659 8985 1
7659 9951 2
7659 9650 5
7659 9658 1
7659 9756 96
7659 9875 2
7659 9877 2
7659 9807 1
7673 9593 1
7673 8958 2
7673 9332 1
7673 9770 1
7677 9764 3
7677 9808 1
7683 8947 1
7683 9152 1
7688 8940 2
7688 9194 1
7688 9102 1
7694 9063 6
7694 8746 2
7694 9588 7
7698 9542 1
7698 8922 1
7698 8787 1
7698 9327 1
7698 9469 10
7698 9187 3
7718 9223 1
7753 9263 1
7753 9486 1
7753 9988 1
7753 9201 1
7755 8877 1
7755 9295 6
7755 9537 19
7755 9606 1
7755 8569 1
7755 9468 2
7755 9572 1
7755 9784 5
7755 9539 2
7755 8695 1
7755 8967 3
7755 9668 7
7756 9156 1
7756 8873 1
7756 8662 1
7756 9730 1
7756 9873 2
7756 9111 2
7756 9104 1
7756 9380 2
7756 8744 23
7756 9835 2
7780 8658 1
7780 9507 2
7780 8815 1
7806 9600 1
7806 9185 1
7808 9611 1
7812 9980 1
7812 8887 2
7812 9752 1
7812 9655 1
7818 9522 1
7818 9998 1
7832 8899 1
7832 9879 1
7832 9830 5
7832 9975 1
7832 9230 1
7832 9406 1
7847 8688 2
7847 9510 7
7851 9957 9
7861 9540 2
7861 8815 1
7861 9227 1
7861 9989 2
7861 9572 1
7861 9858 2
7888 9521 1
7888 9600 1
7897 9164 4
7897 8934 3
7897 9302 1
7901 9357 87
7901 8836 5
7901 8741 19
7901 9090 1
7901 9010 1
7901 9233 1
7901 9909 1
7918 8957 1
7918 8851 2
7918 9254 19
7928 8550 1
7928 9117 1
7936 9998 1
7936 9089 1
7936 9592 2
7936 9957 2
7936 9989 47
7943 9767 2
7943 9165 100
7943 9807 2
7943 8603 1
7943 9640 1
7946 9612 5
7960 9187 1
7960 9497 1
7967 9994 1
7967 9625 1
7967 9111 2
7967 9643 1
7967 8977 1
8011 9214 1
8011 9569 1
8011 9242 2
8011 8902 1
8024 9131 9
8024 8661 7
8024 9232 1
8025 8778 1
8028 9888 1
8028 9075 1
8028 8742 1
8028 9816 1
8028 8729 1
8028 9107 3
8028 9445 4
8039 9946 1
8039 8745 1
8039 8996 1
8039 8766 5
8039 9430 1
8039 9956 1
8039 9263 1
8039 9828 1
8041 9644 2
8041 9289 2
8041 8655 1
8055 8792 1
8055 8987 1
8056 9071 1
8056 8838 4
8056 8892 1
8056 9046 1
8056 8787 1
8056 8945 11
8078 8873 1
8078 8877 7
8078 9273 1
8078 9895 1
8092 9918 1
8094 8595 3
8094 9178 1
8094 9383 1
8094 9211 1
8094 9850 1
8102 8566 2
8103 9435 1
8103 9222 2
8103 8817 3
8107 9909 6
8107 9653 2
8109 9451 1
8109 9251 1
8121 9677 81
8125 9725 1
8125 9504 4
8125 9661 200
8125 8920 1
8125 9267 1
8125 9987 3
8141 9813 11
8141 8756 2
8141 9643 11
8141 8731 1
8141 9001 1
8141 9573 4
8141 9838 1
8141 8940 8
8141 8812 1
8163 9765 1
8163 8853 1
8185 9774 1
8185 9157 1
8185 9177 2
8189 9718 1
8189 8862 1
8189 9125 3
8189 9429 2
8189 9642 1
8189 9774 1
8189 9883 1
8189 9946 3
8189 9717 2
8203 8709 4
8203 9220 2
8203 8565 1
8203 9610 1
8206 9032 1
8206 8662 14
8211 9832 1
8211 9546 1
8211 9980 3
8211 9123 1
8211 9535 1
8218 8584 10
8218 9624 2
8218 9088 1
8223 9434 1
8223 9733 1
8223 9219 13
8223 9629 5
8230 9562 8
8230 8720 5
8230 9365 1
8249 9334 5
8249 9957 1
8249 9448 1
8255 9655 1
8255 9310 1
8255 8833 1
8255 9232 1
8255 9942 3
8263 8825 1
8263 9869 1
8264 9082 4
8264 9066 7
8265 8586 35
8265 9888 3
8265 9053 1
8275 9641 1
8275 9550 7
8275 9562 3
8291 9128 11
8291 9149 1
8291 9368 1
8291 9773 5
8296 9733 1
8296 8707 2
8296 8808 1
8296 8813 2
8300 9620 1
8300 8676 1
8300 9377 1
8300 9412 6
8300 9437 1
8324 8884 1
8351 9245 5
8351 9653 1
8351 9335 6
8351 9677 5
8351 9974 17
8368 9698 1
8368 9008 1
8368 9891 1
8369 9133 1
8369 9514 1
8369 8649 1
8369 8714 1
8369 9067 1
8369 9944 1
8389 9951 1
8389 8891 1
8389 9062 1
8389 9084 3
8389 9002 165
8389 9369 2
8389 9870 4
8404 9949 1
8404 8758 1
8404 9632 1
8404 9838 1
8404 9906 2
8407 9200 3
8407 9119 1
8407 9539 3
8407 9668 1
8407 8948 1
8407 8620 2
8408 9482 1
8408 9633 1
8408 8668 1
8408 9119 1
8432 9335 2
8432 8842 2
8432 8937 1
8433 9519 1
8433 8812 1
8433 8920 1
8433 8981 1
8433 8552 1
8433 9429 8
8433 9567 2
8481 9531 1
8481 8560 1
8481 9518 5
8481 9051 1
8481 9467 1
8481 8811 1
8482 9303 1
8482 9063 2
8482 9782 1
8491 8670 3
8491 8891 8
8491 8987 1
8491 9068 1
8494 9386 4
8494 9151 1
8494 9838 1
8494 9900 1
8494 9747 1
8498 9846 1
8498 9840 1
8498 8799 1
8511 9023 1
8511 9230 5
8511 8918 1
8524 9025 1
8524 8919 2
8524 9118 3
8524 8577 1
8524 9537 3
8528 9080 1
8528 8626 1
8528 9876 3
8530 9649 1
8530 9189 1
8530 9886 1
8530 9949 30
8530 9288 1
8530 9416 1
8530 9821 10
8539 9002 29
8539 9029 1
8539 9966 1
8539 9381 2
8539 8575 4
8539 9142 6
8539 9704 9
8551 9338 8
8551 9555 1
8551 9470 1
8552 8959 1
8553 8579 1
8554 9803 1
8554 8677 1
8554 9243 2
8554 9672 1
8555 9449 1
8555 8793 2
8556 8810 7
8557 9276 1
8557 9074 1
8557 9819 1
8558 9676 1
8558 9041 1
8560 9333 1
8560 9047 3
8560 8993 2
8560 8962 1
8561 9908 1
8561 9943 1
8561 9051 1
8561 9225 1
8561 9894 1
8562 8844 1
8563 9511 1
8563 9681 42
8563 8757 1
8563 9558 1
8564 8636 5
8565 8781 1
8568 8574 1
8570 8906 1
8570 9325 1
8570 9739 3
8570 9990 5
8570 8749 1
8570 9149 1
8572 9235 8
8572 8808 37
8572 9146 1
8572 9537 5
8572 9028 1
8573 9784 2
8573 9493 1
8574 9817 1
8574 9148 2
8574 9161 2
8574 9465 1
8574 9538 1
8574 9976 1
8575 9955 7
8576 8722 1
8578 9549 1
8579 8604 2
8580 8952 2
8581 9308 1
8581 9966 4
8582 9401 5
8583 9174 3
8583 9652 1
8588 9830 1
8588 8853 3
8589 8928 6
8592 9543 1
8592 9286 4
8593 8984 1
8594 8871 4
8594 8935 2
8594 9058 1
8594 9182 4
8594 9433 2
8594 9930 8
8596 8687 1
8597 9525 1
8597 8708 1
8598 8869 1
8598 9628 1
8599 9585 1
8599 9100 2
8599 9543 2
8600 9458 6
8601 8846 1
8601 8781 1
8602 9978 4
8602 9047 8
8603 8737 3
8605 8945 1
8605 9074 1
8605 9254 4
8605 9467 4
8605 9768 24
8605 9011 1
8605 9573 42
8608 8759 2
8608 8636 6
8608 8850 1
8610 8905 18
8611 9696 1
8612 9504 1
8612 9141 1
8612 9111 3
8613 9044 15
8614 8784 2
8614 8841 1
8614 8962 2
8615 9485 1
8616 9592 14
8616 9083 1
8616 9604 1
8617 9026 1
8617 9971 1
8618 8684 3
8618 8631 4
8619 8993 1
8619 8913 2
8619 8765 7
8622 8992 1
8623 8864 1
8624 9652 2
8625 8804 2
8625 8630 1
8627 9673 1
8628 9618 1
8629 8804 2
8630 9858 1
8630 9350 1
8630 9545 1
8631 9326 1
8631 8702 1
8633 9581 4
8634 9017 1
8634 9942 1
8634 9577 1
8634 9794 7
8635 8845 1
8635 8844 2
8636 9609 1
8636 9405 1
8636 8949 2
8636 8642 2
8636 9049 1
8636 9179 1
8636 9826 2
8636 9115 1
8636 9059 3
8637 8913 1
8639 8757 2
8639 8817 11
8639 9735 1
8639 9682 1
8639 9365 1
8639 9925 1
8640 8682 1
8641 9012 1
8642 8721 6
8642 8923 6
8642 8904 1
8643 8914 1
8643 8737 5
8650 9679 3
8651 8782 3
8651 9607 2
8651 9515 1
8652 9465 1
8652 8782 1
8652 9958 1
8653 8984 2
8653 8953 2
8653 9881 1
8653 9793 1
8654 8728 1
8654 8955 1
8654 8791 1
8654 9407 1
8654 9503 3
8659 9888 1
8659 9726 2
8659 9601 1
8659 9894 4
8660 9968 1
8664 9327 2
8664 9156 1
8664 9328 4
8665 8702 1
8665 9283 2
8665 9585 1
8665 9713 1
8665 9770 2
8665 9313 1
8666 8713 2
8666 8738 1
8667 9125 1
8667 9318 1
8667 9402 1
8667 9821 1
8667 9434 1
8667 8839 3
8668 8692 1
8669 8914 1
8670 8860 1
8672 8848 1
8673 9525 1
8674 9976 3
8675 9804 3
8675 9697 1
8678 8725 1
8678 8927 3
8680 9977 1
8680 9832 1
8681 8902 2
8681 9491 2
8681 9848 2
8683 9149 8
8683 9059 1
8683 9858 1
8683 9245 1
8683 9469 1
8684 9487 1
8684 9506 1
8688 8867 6
8688 8993 1
8689 8824 1
8689 8848 3
8691 9899 1
8691 8704 1
8691 9910 3
8691 9909 48
8691 8985 2
8692 9474 1
8692 9486 9
8694 8928 1
8696 9168 1
8696 9839 1
8696 8942 2
8696 9400 8
8696 9172 3
8697 9049 4
8697 9175 1
8697 9127 1
8697 9796 1
8700 8761 1
8701 8855 1
8701 8982 1
8703 8843 2
8703 8730 1
8705 8784 1
8706 9776 4
8707 8748 1
8708 9523 1
8710 9449 1
8711 9125 1
8711 8953 3
8713 9921 1
8713 9681 4
8715 8767 1
8715 9455 1
8716 9572 2
8716 9905 6
8716 9266 1
8717 8743 1
8717 8721 1
8718 9533 1
8718 9422 1
8718 9895 1
8719 9021 1
8719 9737 2
8719 9862 2
8719 9091 1
8719 9708 2
8720 8760 1
8721 9179 1
8721 9249 1
8721 9388 1
8721 9409 1
8722 9705 13
8723 9942 2
8723 9686 1
8723 9264 1
8723 9606 1
8723 9621 10
8724 9356 1
8724 9139 3
8724 9231 5
8724 9264 1
8725 9611 2
8725 9104 1
8725 9205 2
8726 8754 1
8726 9403 1
8730 9416 1
8730 9664 2
8730 9318 1
8730 9624 1
8730 9701 1
8730 9799 1
8730 9510 1
8731 8738 1
8732 9556 1
8732 9820 1
8732 9054 1
8732 9935 1
8733 8975 2
8733 8963 1
8733 9711 1
8733 9803 1
8734 9800 1
8736 9511 2
8736 8888 1
8736 9167 1
8737 9476 1
8738 9937 1
8738 9007 4
8738 9229 1
8738 8891 1
8738 9035 1
8738 9778 4
8742 9044 1
8743 9296 1
8743 9771 1
8743 9271 1
8743 9423 1
8743 9440 3
8743 9474 1
8747 9341 1
8747 9712 5
8748 9365 1
8748 8819 1
8753 9052 1
8753 9551 2
8753 9576 1
8753 8984 1
8753 9148 1
8754 9044 3
8758 9628 1
8759 8894 5
8759 9909 1
8759 8978 2
8759 8856 1
8759 9033 1
8759 9303 1
8760 9892 24
8760 9824 118
8761 9362 2
8761 9486 1
8762 8783 1
8763 9867 6
8764 8861 1
8764 9915 7
8766 9525 1
8768 9695 1
8768 8845 1
8769 9066 1
8769 9331 1
8770 8846 4
8773 8798 2
8773 9485 9
8774 9212 1
8775 8951 1
8775 9696 3
8776 8960 1
8776 9732 9
8776 9620 1
8777 8843 1
8777 8850 8
8780 8847 3
8780 9525 1
8781 9091 2
8781 9927 2
8781 9569 1
8783 9422 1
8783 9911 1
8784 9054 14
8784 9074 2
8784 9189 1
8784 9088 1
8784 9311 1
8785 8813 1
8785 8939 4
8785 9480 1
8786 8855 1
8789 9295 1
8789 9794 1
8790 9044 1
8790 8972 1
8792 8848 6
8792 9679 2
8793 8842 3
8793 9042 1
8793 9823 33
8794 9458 48
8794 8993 1
8794 9710 1
8797 9388 1
8798 9208 1
8798 9209 1
8798 9981 1
8798 9979 9
8798 9898 1
8800 9485 1
8801 9108 2
8802 9279 3
8802 9809 1
8802 9180 8
8803 9143 1
8803 9318 62
8804 9539 1
8804 9019 1
8804 8956 12
8804 9080 1
8804 9310 2
8804 9921 1
8807 8878 1
8807 8921 1
8809 9644 1
8809 9932 1
8811 9307 2
8814 9228 1
8816 8844 1
8817 9955 1
8818 9670 2
8818 8994 2
8818 9771 1
8818 9981 16
8818 9360 7
8818 9196 1
8819 8946 1
8820 9463 3
8821 9465 1
8821 9194 1
8821 9613 3
8821 8926 1
8824 9419 1
8825 9696 3
8826 8944 1
8826 9449 1
8828 9867 2
8828 8997 3
8831 9275 1
8832 9361 4
8832 9616 1
8833 9618 1
8836 9676 6
8836 9364 1
8837 8925 1
8838 8924 17
8841 9358 3
8841 9555 1
8843 9624 2
8843 9802 1
8843 9851 1
8843 9813 1
8843 9539 1
8844 9651 1
8844 9666 2
8844 9106 2
8846 9105 1
8846 9423 1
8846 9633 1
8846 9732 1
8847 9377 2
8848 9689 2
8848 9121 1
8848 9854 2
8848 9688 2
8849 9695 31
8850 9512 1
8850 9994 1
8852 9968 1
8852 9516 21
8854 9172 1
8859 8909 1
8860 8961 1
8860 9135 1
8863 9021 1
8863 9396 4
8863 9912 1
8864 9140 2
8865 8918 2
8865 9311 1
8865 9486 3
8865 9507 1
8866 9861 1
8869 9809 4
8870 9202 1
8871 9298 2
8871 8881 1
8872 9673 1
8872 9661 1
8872 9831 2
8874 9189 4
8875 9366 5
8876 9755 3
8876 8930 1
8876 9699 1
8878 8982 2
8878 8974 1
8878 9798 1
8879 9411 4
8881 8947 1
8881 9600 1
8881 8936 1
8881 9199 1
8882 9749 2
8884 9044 1
8887 9040 1
8888 8946 2
8893 9807 1
8894 8925 23
8895 9514 2
8895 8897 7
8899 9662 1
8903 9968 1
8904 9184 1
8905 9787 1
8905 9804 2
8908 9468 1
8908 9459 1
8909 9733 2
8911 9949 10
8911 9186 5
8911 9623 1
8913 8989 1
8913 9140 3
8913 9767 2
8915 9703 1
8915 9274 2
8915 9739 1
8915 9910 2
8916 9621 12
8916 9137 1
8917 9449 3
8921 9735 2
8921 9355 3
8921 9554 1
8923 9754 1
8924 9205 2
8924 9119 7
8924 9825 1
8924 9332 1
8925 9014 6
8925 9635 1
8925 9853 1
8927 9400 3
8928 9866 1
8928 9831 5
8928 9426 1
8929 9085 3
8929 9461 1
8929 8981 1
8929 9437 2
8929 9105 1
8929 9548 1
8932 9688 1
8932 9890 2
8932 9169 2
8932 9721 1
8932 8969 1
8932 9130 1
8935 9777 1
8944 9232 1
8944 9321 4
8944 9590 4
8944 9920 16
8946 9046 1
8946 9352 5
8946 9135 6
8946 8974 1
8946 9291 1
8949 9398 15
8950 9040 1
8951 9240 1
8951 9523 3
8951 9856 2
8951 9925 2
8951 9168 7
8951 9596 26
8951 9774 3
8951 9791 1
8952 9787 1
8954 9408 2
8954 9570 5
8955 9928 1
8959 9037 1
8962 9774 2
8962 9421 1
8966 9483 1
8966 9511 4
8969 9659 1
8970 9109 1
8970 9450 1
8972 9211 1
8973 8976 2
8992 9152 25
8993 9341 1
8993 9556 1
8993 9007 2
8993 9907 1
8994 9544 8
8997 9885 1
8997 9903 1
8997 9386 1
8998 9228 1
9004 9850 2
9004 9129 1
9004 9377 1
9012 9193 2
9013 9195 1
9032 9581 1
9040 9664 3
9040 9689 1
9040 9717 2
9041 9497 2
9044 9312 1
9044 9825 1
9044 9912 2
9044 9914 2
9047 9214 3
9049 9710 2
9050 9668 60
9072 9789 1
9075 9662 4
9080 9212 4
9083 9364 1
9083 9618 1
9087 9484 2
9089 9581 1
9091 9449 1
9102 9228 2
9103 9700 1
9124 9815 1
9128 9393 1
9132 9696 45
9138 9581 1
9146 9158 28
9151 9158 1
9169 9525 1
9169 9751 8
9171 9372 1
9179 9294 1
9188 9581 1
9189 9676 1
9190 9452 1
9193 9270 1
9195 9470 3
9195 9747 10
9195 9657 1
9198 9968 1
9198 9710 1
9210 9696 4
9212 9220 4
9212 9950 3
9212 9240 1
9212 9824 1
9218 9463 4
9224 9534 1
9234 9618 1
9244 9696 1
9248 9955 1
9249 9485 2
9253 9867 1
9259 9463 3
9266 9777 1
9290 9955 1
9293 9498 1
9294 9440 3
9296 9333 4
9298 9787 1
9298 9813 8
9307 9922 2
9307 9400 60
9307 9460 4
9332 9366 1
9333 9915 1
9333 9947 2
9333 9615 3
9335 9544 1
9343 9364 1
9352 9955 1
9359 9887 1
9364 9816 1
9364 9390 18
9366 9482 3
9366 9403 1
9366 9617 1
9383 9398 6
9393 9482 1
9393 9802 1
9398 9542 5
9408 9676 1
9411 9593 1
9411 9627 1
9416 9485 1
9425 9700 1
9432 9696 1
9438 9525 1
9448 9449 2
9449 9510 19
9449 9720 1
9458 9508 1
9458 9718 1
9463 9804 2
9473 9584 1
9479 9896 1
9485 9874 1
9485 9711 1
9485 9929 4
9485 9960 2
9505 9679 2
9516 9670 2
9525 9690 3
9525 9713 1
9540 9867 1
9545 9867 2
9568 9700 2
9574 9955 1
9581 9808 1
9581 9858 1
9581 9739 1
9583 9970 1
9587 9637 3
9597 9710 6
9608 9881 6
9613 9662 1
9618 9809 2
9627 9628 7
9656 9800 1
9659 9702 2
9662 9866 1
9662 9704 5
9671 9963 1
9676 9823 3
9679 9714 2
9679 9684 2
9681 9970 2
9687 9777 1
9698 9800 1
9700 9820 12
9751 9790 5
9829 9867 1
9855 9968 5
9857 9970 2
9867 9950 2
9879 9968 1
9900 9955 2
9937 9963 1
9963 9971 1
