19 9417 9
19 9088 1
19 9777 1
19 8688 1
25 9408 2
25 9879 1
31 9040 2
31 8961 1
31 9448 1
31 8977 3
31 9823 2
49 9848 1
49 9262 1
49 8554 9
49 9254 1
49 9998 2
61 9111 1
79 9292 11
79 8856 1
79 9385 47
79 9787 1
83 9270 3
83 9768 1
83 9782 2
91 9518 1
91 9674 1
91 9833 1
98 8758 1
98 9128 1
102 8774 2
102 9555 1
102 9512 6
110 9361 1
110 8988 2
113 9777 1
113 9084 3
128 8658 11
128 9940 1
128 9003 1
128 9053 1
128 9509 1
143 9569 1
143 8700 1
143 9432 1
143 9924 1
144 9062 4
144 8976 1
144 9161 1
144 9717 1
158 8697 2
199 9886 1
199 9570 1
199 9137 38
199 9593 3
199 8871 2
217 9800 1
217 8554 1
217 9661 6
243 9214 1
243 9515 5
252 9261 1
261 9432 1
261 8624 5
261 9765 1
261 9736 1
261 9567 1
261 9581 1
272 8850 1
276 8764 1
276 8560 8
278 9155 1
278 8664 9
284 9264 2
284 9546 1
284 9633 10
284 9790 2
296 9840 1
296 9599 1
296 9946 1
298 9271 1
298 9906 1
298 8901 2
298 9573 1
298 8984 1
298 9060 1
298 9332 1
299 8947 1
299 9171 1
301 8689 1
322 9316 1
322 9415 7
322 9047 1
338 8994 1
338 9993 18
362 9447 2
362 9552 1
362 9172 1
365 8888 1
369 9282 6
369 9842 2
369 8794 2
369 8852 1
377 9439 1
377 9834 1
377 9281 1
377 9186 1
377 9734 1
386 8854 1
386 9728 2
386 9181 5
389 9526 1
389 9147 17
389 9765 9
391 9906 3
407 9874 1
407 9722 1
407 9821 1
407 9331 2
407 9394 1
407 9741 1
409 8567 1
409 8673 3
409 8933 1
409 9382 1
431 8647 4
431 9586 1
431 9515 3
431 9218 24
438 9914 1
438 9581 1
438 8761 1
439 8804 3
444 8994 1
444 8540 3
444 8699 1
444 9050 1
449 9994 1
449 9172 1
449 9391 1
463 9803 2
463 9572 7
470 8616 1
470 9077 2
470 9502 1
470 9660 2
470 8794 1
470 9106 1
470 9744 1
486 9296 1
486 9110 1
511 8670 4
511 9411 2
511 9823 2
511 9097 1
511 9685 1
511 8715 1
511 9106 14
515 8655 1
531 9229 1
531 9380 1
531 9998 1
576 9424 2
576 9322 1
585 9170 1
585 9952 9
585 8925 1
587 8541 3
587 9296 1
587 9945 1
587 9417 4
587 9918 1
601 8704 2
601 8754 1
601 9097 1
601 8827 1
601 8812 2
601 9091 6
601 9511 1
632 9253 2
632 8901 1
632 9445 1
636 9382 3
636 9270 1
647 9390 1
647 9229 1
647 9896 2
647 9293 1
647 9797 1
647 9699 4
678 8562 1
678 8878 3
678 9076 1
686 9171 1
686 9346 4
686 9698 1
686 8857 1
686 9669 1
686 9759 5
696 9407 22
696 9942 3
702 8874 3
702 8655 1
702 9849 3
702 8905 2
702 9004 1
702 9500 1
703 9598 1
703 9508 2
718 9019 1
727 9642 2
727 9876 1
734 8841 1
734 8934 1
734 9006 4
734 9167 1
734 9272 200
749 8822 1
754 8876 1
754 9455 1
754 8635 1
785 9697 24
785 8841 8
785 9067 4
786 9625 3
786 8611 1
786 9953 1
786 9356 4
786 8702 2
786 9266 2
786 9448 1
794 9402 1
794 8954 1
806 8691 3
806 8831 2
814 9790 12
814 9654 1
814 8878 1
814 9912 5
814 8794 2
814 8876 1
814 9341 1
821 8866 4
821 8945 1
821 9413 4
821 9229 2
821 9369 3
825 9703 3
828 9227 1
828 9715 1
828 9330 1
838 9503 1
838 9331 1
838 8763 1
838 9201 1
838 8670 3
841 8837 1
841 9905 1
841 9809 8
843 9719 1
843 9206 6
852 9957 3
852 8937 15
852 9095 1
852 9580 1
852 9248 1
852 9669 3
852 9645 1
856 9257 1
856 9376 1
856 9060 1
856 9493 2
856 9258 2
856 9930 23
856 8790 1
856 9102 1
858 9507 1
858 9659 4
862 8990 2
862 9598 3
862 8919 1
868 9308 1
868 9626 1
886 9546 1
886 9080 2
886 9439 1
888 9879 2
888 9223 1
888 9580 1
910 8649 2
910 9811 1
911 9330 1
911 9742 1
911 9747 1
911 9694 1
919 9842 2
919 8954 1
919 9373 1
925 9824 1
930 9159 1
930 8944 4
930 9571 4
930 9876 5
930 9874 1
930 8669 2
930 8911 1
930 9552 5
930 9763 3
976 9607 2
976 8730 1
976 9094 6
976 9324 1
996 9269 2
996 9071 1
996 9508 11
996 9743 3
1005 8709 63
1005 8945 2
1005 9892 1
1005 9992 1
1005 9757 1
1005 9895 1
1005 8842 2
1005 9690 2
1015 9736 1
1015 9976 1
1015 8812 4
1015 9497 5
1022 8667 4
1022 8838 3
1022 9190 1
1022 9292 2
1022 9351 2
1023 9193 2
1023 9333 1
1037 8758 2
1037 9429 1
1037 9443 1
1037 8981 1
1037 9629 1
1058 9462 1
1077 9587 1
1077 8922 1
1077 9564 1
1078 8598 1
1078 9928 12
1078 9304 1
1078 9515 1
1083 9803 1
1083 9866 1
1083 8697 3
1083 9099 1
1083 9233 2
1094 9839 3
1094 8739 1
1094 9700 6
1094 9704 1
1094 9131 1
1094 8984 1
1094 9770 8
1149 8633 1
1149 9516 1
1149 9615 1
1149 9934 1
1152 9723 1
1152 8609 1
1152 9540 1
1152 9293 4
1152 9392 16
1155 9678 23
1155 8754 1
1172 8995 1
1172 8729 1
1178 9527 3
1209 9722 1
1216 8882 1
1216 9264 1
1229 9814 1
1229 9897 2
1253 8647 4
1253 8613 2
1253 8956 1
1253 9508 2
1253 9743 1
1253 8639 3
1253 8866 1
1253 8939 1
1255 9663 1
1255 9140 3
1262 8929 1
1262 9038 35
1262 9042 7
1262 9589 1
1262 9959 1
1269 9548 1
1269 8829 10
1276 9425 1
1276 9938 1
1301 9713 2
1301 9987 1
1301 9089 1
1301 8703 2
1301 8798 1
1315 8765 1
1315 9729 1
1315 8816 1
1324 9603 9
1324 9490 1
1324 9971 1
1324 9845 2
1324 8571 1
1324 9511 1
1325 8985 6
1325 9637 2
1337 9531 1
1337 8855 200
1337 9909 2
1337 8708 2
1337 9993 24
1337 9000 1
1343 8605 22
1343 9676 2
1343 9167 6
1343 9413 6
1343 9586 1
1346 9881 1
1346 9686 2
1346 9724 2
1356 8698 1
1356 9567 1
1356 8612 3
1356 8592 2
1362 9190 1
1362 9052 1
1362 8707 5
1362 9776 1
1362 9422 23
1362 9700 2
1367 9299 2
1402 8824 1
1402 8830 1
1402 8686 3
1402 8864 7
1402 9357 1
1409 8672 3
1409 8547 1
1409 8865 1
1434 9331 1
1434 9039 1
1434 9340 1
1434 9528 1
1434 9614 1
1434 9688 3
1434 9944 1
1437 8966 1
1437 9678 1
1454 9099 1
1454 9981 2
1454 8934 1
1454 8911 12
1455 8636 1
1455 9215 13
1455 8608 2
1455 9700 1
1455 9192 2
1477 9678 1
1477 8691 38
1477 8672 49
1477 9079 1
1477 9009 14
1477 9434 1
1477 9578 1
1477 9829 3
1497 9034 1
1497 9046 3
1497 9190 5
1497 9734 4
1497 9140 21
1507 9687 1
1507 9531 7
1540 9814 1
1540 8588 2
1540 8679 2
1540 9056 1
1540 9235 7
1540 9849 3
1540 9889 2
1553 9256 2
1553 8850 1
1553 9124 1
1553 9285 1
1556 9980 2
1568 9000 1
1568 8802 90
1568 8981 2
1568 9840 1
1568 9571 1
1589 9884 2
1589 9103 1
1589 9945 1
1595 9038 23
1595 9088 1
1595 8613 2
1595 8654 9
1595 9645 1
1595 8788 1
1603 8781 1
1603 9740 156
1603 9889 4
1603 9647 1
1603 9558 1
1604 9633 1
1608 9505 2
1609 9073 1
1609 8697 2
1609 9106 1
1609 9767 1
1609 9775 5
1609 8669 1
1620 9814 1
1620 8643 1
1634 9649 51
1634 9424 4
1634 9664 1
1641 9599 2
1641 9487 1
1641 8944 1
1641 8747 1
1641 9109 1
1641 9975 1
1660 9581 1
1660 9262 3
1660 9541 4
1660 8778 1
1660 8846 1
1660 9532 6
1660 9089 1
1660 9217 4
1675 9548 2
1675 9761 1
1675 8808 1
1675 8866 1
1677 8588 7
1677 9864 1
1677 9067 1
1677 9748 1
1677 9955 1
1677 8816 2
1686 2907 1
1686 8726 2
1686 8894 1
1686 9932 2
1686 9381 1
1695 9181 1
1695 8611 1
1696 9987 1
1696 9817 1
1696 8681 1
1696 8905 2
1696 8944 1
1696 9685 8
1697 9327 1
1697 8540 1
1697 9734 1
1713 9329 1
1713 9226 1
1713 9951 46
1713 8768 1
1713 9198 1
1716 8605 8
1716 8980 2
1737 9780 1
1737 9912 6
1738 9208 15
1738 9566 1
1738 8657 3
1738 9538 3
1758 8970 1
1758 8929 1
1758 9084 1
1758 8660 2
1758 9925 1
1758 8775 4
1762 9297 1
1762 8967 25
1762 9178 1
1762 9897 1
1762 9295 3
1762 9296 2
1791 9118 1
1792 9749 11
1792 9408 2
1792 9220 2
1792 9369 2
1792 9944 16
1792 9039 1
1793 9817 2
1793 9899 1
1793 9568 1
1793 8742 3
1793 9836 1
1805 9418 1
1805 8921 1
1805 9172 3
1805 9113 1
1805 9210 1
1806 8956 1
1806 8638 1
1806 8730 1
1806 8792 1
1806 9124 1
1806 9844 1
1819 8608 2
1819 9206 1
1819 8555 2
1819 9766 1
1819 9336 1
1819 8630 2
1819 9987 1
1856 9373 4
1856 9789 1
1856 9125 1
1856 9392 1
1859 9002 1
1859 9367 2
1859 9375 1
1859 9713 1
1878 9238 72
1878 9409 2
1878 9158 1
1886 9463 1
1886 8594 1
1886 8776 1
1886 9778 1
1890 9068 1
1890 9542 1
1890 9235 1
1890 9646 1
1890 9023 1
1890 9840 1
1902 9760 1
1930 8624 1
1930 8723 2
1930 9512 1
1930 9621 1
1930 9068 2
1930 8930 1
1930 9099 1
1930 9655 1
1930 9131 1
1930 9745 2
1951 8615 3
1951 8986 1
1951 9543 1
1951 9857 1
1951 8975 1
1951 9321 2
1951 9077 3
1973 9504 1
1973 9129 1
1973 9149 18
1973 9346 1
2010 9829 5
2010 8554 3
2010 8594 1
2010 8770 1
2015 9999 1
2021 9485 3
2021 8858 1
2021 9646 2
2021 9926 1
2034 8769 1
2034 8957 2
2034 9252 2
2034 9429 1
2034 8873 1
2034 9787 2
2034 9707 1
2034 9877 2
2046 8927 1
2046 8964 4
2046 9948 1
2046 9965 54
2052 9260 1
2059 9933 1
2059 9964 56
2059 8714 200
2059 8706 1
2059 9556 1
2069 8609 1
2075 9675 2
2075 9629 1
2075 8592 1
2075 9674 2
2075 9704 1
2075 8745 21
2095 9583 1
2095 9929 3
2095 9251 6
2095 9424 2
2095 8612 1
2106 9254 1
2106 8764 1
2106 9394 7
2106 9451 1
2126 9873 18
2126 9096 1
2126 9625 1
2126 9662 1
2126 8922 1
2129 8616 5
2129 9723 3
2129 9652 1
2129 9155 1
2129 8804 1
2129 9482 1
2129 9493 1
2129 9832 1
2141 8932 1
2141 9096 2
2141 9164 1
2141 9346 1
2141 9805 78
2141 8984 3
2141 9489 1
2141 8941 5
2141 9943 1
2148 9104 5
2149 9447 1
2149 9693 1
2186 8638 1
2186 9895 1
2186 9341 1
2186 9323 6
2186 9797 3
2202 9602 1
2202 8860 1
2202 9199 124
2204 9614 2
2204 9059 1
2204 8882 5
2204 9400 1
2213 8771 5
2222 9461 5
2222 8975 1
2222 9591 1
2222 9235 1
2222 9614 1
2262 9278 1
2287 8567 5
2287 8986 1
2287 9165 1
2287 9716 39
2292 8628 1
2292 9281 1
2292 8828 1
2292 9003 1
2320 9289 5
2320 8688 1
2320 9208 10
2320 9096 1
2326 9793 2
2326 8697 1
2326 9759 1
2330 9874 2
2330 9721 200
2354 8742 2
2363 8800 8
2372 8609 1
2372 9455 4
2397 9113 1
2397 9265 1
2397 9435 9
2397 9397 3
2397 9123 3
2397 9312 9
2409 9822 1
2409 9088 2
2429 9615 3
2429 8675 16
2429 8639 2
2429 9041 2
2429 9208 2
2429 9338 9
2429 9539 1
2432 9807 1
2432 8966 9
2432 8816 13
2432 8738 2
2432 9357 2
2432 9048 1
2432 9147 2
2432 9791 31
2432 9210 1
2432 9265 3
2444 9248 1
2467 9210 1
2475 8675 1
2475 9555 1
2475 9621 1
2483 9435 9
2502 9161 1
2502 9187 6
2502 9435 3
2509 8659 1
2509 8619 2
2509 9413 2
2522 8634 1
2530 9396 1
2530 9088 14
2530 8549 2
2530 8781 1
2539 9286 1
2539 9111 1
2539 9404 1
2539 8943 1
2539 9625 3
2542 9776 1
2542 9292 1
2567 9107 1
2567 8842 7
2567 8773 1
2567 9481 2
2567 9555 1
2594 9387 1
2594 8610 1
2594 9348 2
2594 9649 4
2594 9784 1
2622 9850 4
2622 9802 2
2627 9167 1
2627 8615 2
2627 8813 1
2641 9268 1
2641 8984 1
2641 9197 1
2641 9755 1
2647 9704 1
2647 8754 1
2653 9701 4
2653 9463 9
2656 9291 1
2656 9039 2
2656 8838 1
2656 9626 1
2656 9307 1
2656 9431 3
2656 9768 1
2659 8710 1
2671 9852 2
2671 9432 1
2671 9523 1
2675 8890 2
2675 8987 13
2675 8634 2
2675 9771 2
2675 9831 6
2675 9865 1
2675 9894 2
2687 9044 2
2687 9382 2
2689 9831 1
2689 9670 1
2689 9275 1
2689 9464 1
2689 9184 1
2689 8735 2
2689 9736 1
2701 9799 68
2701 8841 2
2701 9784 1
2701 9994 1
2705 9928 1
2705 9128 200
2716 9253 1
2716 9121 4
2716 9110 1
2716 8743 10
2716 9748 1
2729 9042 1
2737 8541 1
2737 8784 3
2792 8758 9
2792 8806 3
2792 9912 1
2792 9066 1
2792 9305 1
2794 9795 2
2794 8828 3
2794 8704 200
2798 9123 1
2798 8961 1
2807 9625 18
2815 9203 1
2815 9182 22
2827 9083 1
2827 9785 1
2827 9833 1
2827 9896 2
2827 9490 1
2827 8664 2
2827 8576 1
2827 9116 1
2827 9291 1
2833 8640 1
2837 9695 1
2837 9189 1
2837 9615 4
2837 8684 1
2866 9013 1
2866 8654 6
2875 8932 1
2875 8951 1
2875 8961 1
2875 9166 1
2875 9817 2
2875 8639 3
2875 9592 1
2875 9976 4
2875 8571 1
2875 8660 1
2878 9215 1
2878 9989 3
2878 8691 2
2889 8715 1
2889 8683 2
2894 9157 4
2894 9768 1
2894 8812 1
2894 8929 1
2894 9320 1
2894 8624 1
2894 9755 1
2894 9823 1
2898 8811 2
2902 8815 2
2902 9278 1
2902 9149 1
2902 9985 1
2902 9558 1
2902 9795 1
2902 8865 1
2902 9508 5
2902 8698 1
2902 9017 118
2902 9077 27
2902 8718 1
2902 9719 1
2907 9740 1
2907 8544 1
2907 9185 5
2907 9340 1
2913 8890 1
2913 8686 1
2913 9762 1
2937 9490 1
2937 9142 7
2937 9406 1
2940 9478 1
2953 8688 1
2953 9357 1
2953 9082 1
2953 9975 3
2953 8926 1
2953 9216 2
2956 9472 1
2978 8574 1
2978 9154 1
2982 8851 2
2982 8710 1
2982 9405 1
2985 9731 1
2988 9068 7
2988 8555 3
2988 8608 2
3002 9201 2
3002 9407 1
3002 9841 2
3004 8756 22
3004 9445 1
3004 9751 1
3004 9863 1
3004 9218 1
3004 9588 1
3010 8816 1
3010 9469 60
3023 9445 1
3023 9068 1
3026 8719 1
3026 8752 3
3026 9768 1
3026 9814 3
3026 9364 1
3026 9638 2
3026 9669 1
3026 9788 2
3026 8909 1
3035 9281 3
3035 9350 2
3035 9867 1
3035 8601 1
3036 9041 5
3036 9573 1
3036 9203 1
3036 9087 2
3036 9765 1
3036 9805 1
3036 9834 1
3041 9088 1
3041 9161 6
3041 9284 2
3041 9965 37
3041 9884 5
3041 8876 1
3041 9654 1
3041 8913 2
3041 9906 3
3042 9914 3
3042 9141 1
3042 9688 1
3042 8558 2
3043 9161 4
3043 9080 1
3043 9454 2
3043 8576 2
3043 8759 1
3043 9338 2
3043 8698 6
3043 9303 4
3047 9977 3
3047 8613 2
3047 8956 1
3050 9164 3
3050 8780 1
3069 9304 1
3074 9544 3
3074 9757 1
3074 9450 1
3080 9829 2
3080 8781 1
3080 9513 2
3087 9193 1
3091 9470 1
3110 9495 1
3110 9676 1
3110 8909 1
3110 8806 1
3127 8556 1
3127 8999 1
3127 9133 1
3131 9651 1
3131 9125 1
3131 9571 3
3131 9683 1
3131 8824 1
3131 8991 1
3141 8924 1
3141 8609 1
3162 9699 1
3162 8675 1
3162 9740 1
3170 9381 1
3200 8953 1
3221 9500 1
3221 9103 1
3221 9555 3
3221 9292 1
3221 8967 2
3225 9839 13
3227 9938 1
3227 9568 1
3227 9571 1
3227 8954 2
3227 9584 4
3227 9065 4
3234 9003 2
3234 9360 2
3237 9616 1
3237 9396 1
3237 9688 10
3237 9045 1
3237 9677 3
3237 9751 1
3241 9841 3
3241 9272 42
3241 9705 2
3260 9977 2
3260 9865 2
3260 8877 6
3260 8721 5
3267 9912 1
3267 8865 1
3267 9818 1
3267 8813 1
3267 9575 3
3267 9491 3
3267 8557 6
3267 9354 1
3267 9655 1
3277 9074 1
3277 9891 4
3277 9817 1
3278 9875 2
3278 9615 1
3278 9989 16
3280 9587 1
3280 8802 1
3280 9470 1
3280 8746 1
3280 9085 1
3280 9362 1
3280 9670 20
3284 9915 1
3284 9793 2
3284 8945 143
3297 9848 19
3297 8922 4
3297 8680 1
3297 8904 1
3297 9074 1
3297 8683 1
3297 9860 6
3297 8820 1
3310 9376 1
3310 8576 2
3310 9451 1
3310 9532 4
3310 9203 1
3310 9754 76
3317 8905 1
3317 9500 1
3317 8961 1
3317 9390 2
3317 9828 1
3329 9674 4
3329 8865 3
3329 8980 1
3329 9445 1
3329 9496 1
3333 9581 1
3333 8887 1
3333 9144 1
3345 9015 1
3345 9025 1
3345 9605 2
3360 9374 1
3395 8961 1
3395 8735 1
3395 8601 1
3395 9675 1
3395 9340 1
3395 9118 1
3395 8759 1
3395 9364 1
3443 9862 1
3443 8603 1
3443 9189 1
3443 9238 5
3443 9675 3
3444 8951 9
3444 9151 1
3444 9613 1
3448 9863 1
3458 9391 1
3458 9899 1
3458 8987 1
3482 8752 1
3482 9698 1
3482 9044 2
3486 9784 1
3486 9295 1
3486 9677 1
3486 8893 2
3487 8858 5
3487 8808 1
3488 9027 2
3488 9062 2
3488 9376 3
3488 9686 1
3495 8857 1
3495 9857 1
3514 9775 3
3514 8912 1
3514 9614 4
3514 8855 1
3514 9650 2
3517 9424 1
3517 9827 2
3556 8830 7
3556 8887 1
3556 8727 1
3556 9100 2
3561 9240 9
3561 9100 6
3563 9065 2
3563 8836 1
3563 9767 2
3563 8994 1
3563 9813 6
3563 9964 26
3597 9470 1
3597 8944 25
3597 8983 1
3597 9267 1
3599 8702 3
3599 9043 2
3599 9602 21
3601 9203 5
3601 8666 12
3601 9809 1
3611 9490 9
3617 9779 1
3617 9735 1
3636 8618 1
3636 9273 1
3637 9887 7
3637 9349 1
3637 8800 2
3646 9744 1
3646 9930 9
3646 9085 1
3646 8983 2
3657 9013 6
3657 9569 1
3667 8610 1
3667 8624 1
3667 8850 1
3670 9218 3
3670 9489 1
3679 9770 1
3682 9816 1
3693 9099 1
3693 9670 1
3693 8755 2
3693 9532 15
3708 9133 2
3708 9074 1
3716 8742 16
3716 9205 12
3716 9574 1
3719 9330 17
3719 9956 1
3723 8913 1
3727 9337 11
3727 9779 1
3727 9860 1
3740 9726 2
3740 9440 3
3740 9976 1
3750 8848 1
3750 9385 3
3759 8726 4
3759 9076 1
3759 9600 2
3759 9376 1
3769 9233 1
3769 9478 1
3769 9118 1
3769 9618 1
3772 9770 1
3772 9291 1
3772 9569 1
3772 8890 1
3772 9593 1
3776 8810 1
3776 9144 1
3777 9380 3
3778 8659 1
3778 8669 2
3778 9659 2
3788 9332 3
3788 8769 1
3788 9616 1
3813 9258 2
3813 9137 2
3818 8710 1
3818 8837 1
3818 9434 1
3850 9153 1
3850 9883 1
3850 8970 1
3850 9800 1
3861 9500 2
3861 9428 3
3867 8827 122
3867 9704 1
3867 9071 4
3867 9354 1
3867 9564 6
3878 9094 3
3878 9548 1
3878 8828 1
3878 9539 1
3878 9959 2
3878 8573 1
3878 9324 2
3879 9748 1
3880 9824 1
3891 8939 1
3891 8555 1
3891 8759 1
3891 9982 1
3906 8855 1
3906 9511 1
3906 9768 2
3912 9120 3
3912 9000 1
3912 8603 1
3912 9999 1
3920 8857 1
3921 8856 1
3921 9660 2
3921 8673 3
3922 8845 1
3922 9994 1
3924 9095 2
3924 8734 1
3924 9952 13
3928 9303 1
3928 9766 1
3928 9875 17
3963 8654 1
3963 9027 95
3963 9352 1
3963 9380 3
3963 8635 1
3963 8834 2
3977 8926 2
3977 8845 1
3977 9173 2
3978 9015 2
3978 8995 2
3983 9247 1
3983 9415 12
3983 8759 1
3983 9289 1
3983 8622 1
3983 9414 1
3983 9541 2
3983 9702 1
3983 8987 1
3983 9065 1
3983 9061 1
3983 9559 1
3984 9061 1
3984 9455 1
3984 9408 1
3984 9568 1
3986 8899 1
3986 9369 9
3986 9496 1
3986 9864 1
3986 8636 1
3986 9213 1
3986 9845 7
4013 9509 3
4013 9863 7
4013 9501 1
4013 9210 3
4013 9844 1
4013 9311 1
4014 9336 1
4014 9405 2
4014 9574 12
4014 9240 1
4019 9376 2
4019 9683 1
4019 9090 1
4019 8809 1
4019 9017 1
4019 9318 1
4019 9955 1
4031 9185 1
4031 9133 1
4031 9429 1
4031 9590 3
4038 9015 2
4038 9044 1
4040 9469 2
4040 8541 1
4040 9052 27
4054 8909 2
4054 9068 1
4054 9605 1
4093 8981 1
4093 8635 2
4093 9813 5
4093 8880 1
4093 9207 10
4093 8924 1
4104 8622 1
4104 9258 3
4104 9268 1
4104 9877 1
4104 9464 1
4104 9791 1
4104 8715 3
4104 8545 1
4112 8801 1
4112 9437 6
4112 9633 1
4134 9117 4
4134 9138 5
4134 9092 1
4141 8866 1
4141 8921 24
4141 9252 1
4142 9690 1
4142 8574 1
4142 8579 1
4142 8707 1
4148 9062 1
4148 9130 1
4148 9267 1
4148 8753 2
4148 9329 1
4148 9673 2
4151 9167 1
4151 8636 11
4153 9494 1
4153 9810 2
4155 9642 1
4161 8903 114
4163 8985 2
4163 9050 1
4163 9618 3
4163 9929 1
4163 8891 1
4163 9256 1
4173 9570 7
4173 9019 7
4173 9846 3
4198 9702 7
4198 9524 1
4198 9958 2
4204 9590 1
4204 8601 1
4204 9512 1
4204 8975 10
4204 9184 1
4222 9974 4
4222 9280 4
4231 9478 1
4242 9525 1
4242 9557 1
4267 9524 2
4317 9618 2
4317 9759 12
4317 9942 1
4317 9783 9
4317 9890 6
4326 8703 1
4326 9351 1
4326 9260 1
4326 9492 1
4326 9642 1
4326 9839 1
4343 9314 1
4343 9823 3
4343 9342 2
4376 9204 1
4376 8745 3
4376 9157 1
4377 8635 4
4377 9750 1
4379 8836 2
4379 9802 1
4386 8781 1
4386 8763 2
4386 8930 4
4400 9892 2
4400 8880 1
4400 9350 1
4401 9317 3
4401 9962 2
4401 9128 1
4417 8675 40
4417 9626 1
4417 9940 1
4426 9340 1
4426 9306 1
4426 9598 1
4443 9170 3
4443 8967 3
4443 9165 1
4443 9314 1
4443 9174 11
4443 9311 8
4443 9437 1
4458 9010 1
4458 8697 1
4458 9983 2
4459 9215 1
4459 8792 1
4459 8838 1
4459 9782 1
4459 9438 5
4459 9492 1
4459 9920 10
4460 9663 5
4460 9025 2
4460 8638 2
4460 8800 2
4460 9752 1
4472 9327 3
4472 9765 1
4473 8883 2
4473 8743 2
4473 9173 5
4473 9498 1
4473 8562 1
4473 9197 1
4473 9618 1
4473 9065 13
4474 9132 1
4474 9238 1
4474 9170 4
4474 8738 1
4478 9147 1
4478 9788 1
4478 8610 1
4478 9552 2
4478 8622 1
4478 9349 3
4478 9470 2
4478 9938 1
4478 9404 1
4478 9495 5
4478 9512 1
4478 9721 1
4488 9357 2
4488 9677 1
4491 9969 8
4498 9204 1
4498 9662 2
4508 9174 1
4508 9362 1
4508 9614 1
4513 9142 1
4514 9777 2
4514 9004 4
4514 9817 200
4514 8681 1
4514 8870 1
4514 9090 8
4525 9092 1
4525 9415 3
4525 9616 2
4525 9694 1
4549 8543 1
4549 8590 1
4549 8937 2
4559 9613 2
4559 9516 1
4559 9354 1
4559 9899 1
4562 9607 2
4562 9345 1
4562 9205 1
4562 8772 6
4562 9822 2
4562 9929 1
4567 9742 1
4567 9394 2
4567 9909 1
4567 9683 3
4567 9957 2
4567 8676 2
4567 8941 1
4567 9566 2
4573 9062 1
4580 8829 1
4580 9349 1
4580 8729 1
4580 9803 1
4600 8850 1
4600 9116 1
4600 8599 1
4600 9602 2
4602 8709 1
4614 9373 1
4614 9348 1
4614 9349 1
4614 9584 1
4614 9605 2
4614 8763 1
4614 9075 1
4614 9728 1
4614 9795 1
4622 9999 2
4622 9092 1
4622 9757 1
4622 9207 2
4633 9157 1
4633 9818 7
4633 8874 11
4639 8759 28
4639 9690 4
4647 8778 1
4647 9216 1
4647 9724 1
4655 8969 2
4655 9426 9
4655 9736 1
4655 9403 3
4657 9953 2
4657 8785 1
4657 9974 3
4657 9381 1
4657 9416 3
4661 8888 1
4661 8932 1
4661 9923 3
4677 9270 1
4677 9546 1
4677 8573 1
4677 9483 1
4677 8805 11
4677 9165 2
4698 9917 1
4698 9545 1
4704 9513 1
4704 8628 1
4704 9803 1
4704 9814 1
4708 9913 1
4708 8927 1
4708 9767 2
4716 9816 1
4716 8925 2
4722 9894 1
4722 8941 1
4722 9795 1
4722 9000 1
4722 9775 1
4722 9320 1
4722 8951 5
4722 9600 3
4734 9578 2
4734 9299 1
4734 9356 1
4734 9630 1
4740 9571 2
4740 9064 11
4755 9120 2
4755 8801 1
4755 9695 2
4756 8793 6
4756 9945 2
4756 9995 1
4782 9308 2
4782 9724 1
4791 8873 1
4791 9505 4
4794 8837 1
4794 8877 1
4799 9161 1
4801 8822 3
4801 9760 4
4809 9350 2
4809 9440 1
4809 9585 4
4815 9172 2
4815 9095 2
4815 9818 1
4815 9998 2
4815 9135 4
4815 9751 2
4820 9575 1
4820 9601 3
4831 9059 1
4831 9496 1
4831 8957 1
4831 9866 1
4832 9159 4
4832 9131 3
4832 9160 1
4845 9195 3
4845 9060 10
4845 8756 1
4845 9537 1
4852 9463 1
4852 9992 4
4852 9694 8
4852 9573 1
4852 9152 1
4860 9573 1
4860 9757 2
4860 8815 56
4882 9524 3
4882 9667 1
4882 9773 1
4882 8979 7
4882 9948 1
4882 8647 2
4882 9487 148
4903 9610 1
4903 8804 1
4903 8888 1
4903 9154 1
4935 9661 1
4935 8953 1
4939 8954 3
4960 8609 1
4960 9487 8
4960 8891 12
4968 9463 1
4968 8778 1
4968 9943 1
4968 9569 3
4968 9927 1
4968 8719 1
4968 9147 1
4969 8558 1
4969 9428 1
4969 9575 1
4969 8605 1
4969 8997 1
4991 8910 1
4991 8805 2
4991 8939 4
5000 9162 1
5000 9622 1
5000 9317 1
5000 9659 1
5000 9418 1
5007 9526 2
5014 9192 20
5014 9141 2
5014 9977 10
5014 8548 2
5014 8846 28
5026 8603 3
5026 9181 1
5026 9411 1
5026 8870 2
5026 9526 2
5038 8785 1
5052 9186 1
5055 8997 2
5055 9791 1
5061 9091 1
5061 9251 1
5061 9333 1
5064 9848 2
5064 9164 3
5071 9750 2
5071 9463 1
5071 9995 66
5071 9079 3
5071 9518 27
5071 9989 8
5071 8926 2
5071 9643 1
5071 8986 1
5071 9009 1
5096 9354 1
5103 8774 3
5103 9389 62
5121 9315 1
5121 9036 1
5121 9466 1
5128 9269 1
5128 9722 1
5134 9987 3
5134 9785 1
5137 9307 12
5137 8848 1
5137 9607 1
5140 9253 1
5140 8848 1
5140 9584 1
5140 9832 2
5140 9193 1
5140 9050 1
5151 8870 2
5151 9624 10
5151 9069 2
5159 9083 1
5160 8877 4
5161 9982 2
5161 8680 1
5161 9652 1
5161 8567 1
5161 9852 2
5161 9897 1
5201 9761 1
5201 9373 2
5201 9383 1
5201 8947 4
5201 8610 1
5201 8734 1
5201 9296 3
5220 9195 200
5220 9448 1
5229 9724 1
5229 9587 1
5246 9823 1
5246 9422 1
5246 9979 1
5255 9405 1
5255 9258 2
5255 8798 2
5255 9071 1
5255 9109 1
5255 9873 3
5255 9622 3
5255 9850 5
5257 9948 1
5257 9603 1
5257 9783 3
5257 8811 194
5290 8746 5
5290 9220 1
5290 8618 1
5290 9796 2
5290 9487 1
5290 9572 87
5290 8832 7
5300 9613 1
5300 9610 1
5300 8929 1
5300 8945 3
5300 9402 1
5300 9788 6
5300 9986 1
5314 9591 2
5314 8758 2
5314 9708 2
5314 9744 1
5321 8728 2
5321 8630 1
5321 8883 7
5321 9742 1
5321 8824 1
5321 8873 1
5352 9273 1
5352 9189 1
5352 9591 2
5359 9934 2
5361 8547 1
5361 8764 8
5361 9152 1
5361 9406 1
5361 9281 1
5361 9501 1
5362 8573 3
5362 8582 1
5362 9955 6
5362 9578 8
5396 8865 1
5401 9418 3
5401 8558 1
5411 8787 1
5411 9985 1
5411 8900 1
5415 8911 3
5415 9336 1
5415 9006 1
5415 9312 4
5415 9449 1
5421 9408 1
5421 9008 1
5421 9232 2
5426 9055 1
5426 9470 1
5426 9862 1
5437 9336 1
5437 9464 1
5437 9115 1
5437 9297 1
5437 9688 1
5437 8540 2
5439 8644 1
5439 9873 3
5439 9771 2
5439 8629 1
5439 8745 3
5469 9936 1
5469 8715 1
5484 8743 1
5484 8902 1
5484 9541 1
5484 9315 1
5484 9414 1
5489 9216 1
5497 9427 3
5497 8557 1
5497 9289 1
5544 9038 2
5544 9017 1
5544 9153 18
5544 9327 1
5544 9495 1
5544 9055 1
5544 9285 4
5560 8813 2
5560 9552 1
5563 8761 1
5563 9662 2
5593 9907 2
5593 8990 1
5593 9431 1
5593 8834 1
5593 8979 1
5606 9817 3
5606 8887 1
5606 9047 1
5606 9317 1
5608 9583 1
5608 9425 9
5608 9042 9
5610 9062 1
5610 9957 10
5610 9969 6
5623 9400 9
5623 9626 1
5623 9849 1
5623 9030 1
5646 8871 1
5662 8921 1
5662 8629 1
5662 9251 1
5662 9104 4
5662 8787 1
5662 8793 2
5690 8759 3
5690 9140 4
5690 9457 1
5702 9269 1
5702 8881 1
5709 9702 2
5709 8899 1
5715 8743 1
5721 9272 4
5721 9109 1
5721 9203 1
5721 9278 1
5721 9297 1
5729 9482 2
5729 9863 14
5749 9217 1
5749 9447 12
5749 9599 1
5749 8894 1
5749 8910 1
5762 8548 1
5762 9065 1
5762 9432 1
5762 9897 36
5762 9824 1
5762 9651 1
5762 9957 17
5769 8927 1
5769 9073 12
5770 8886 4
5771 9862 1
5771 8601 5
5782 9787 2
5782 9099 19
5782 8836 1
5782 9862 1
5782 9034 1
5783 9552 6
5792 9385 2
5792 9934 1
5792 9141 1
5798 9206 1
5798 9648 2
5798 9766 5
5804 9998 1
5804 9857 4
5804 9643 1
5806 8930 1
5806 8675 1
5806 8784 2
5806 9189 1
5806 8831 1
5806 8561 1
5806 8924 1
5806 9181 6
5806 9117 3
5826 9107 2
5826 8851 1
5826 8881 1
5826 8912 1
5826 9462 1
5826 9544 2
5827 8738 6
5837 8704 7
5837 8763 2
5837 8628 2
5840 8778 3
5840 9499 1
5840 9985 1
5859 9559 3
5862 9721 30
5862 9921 1
5862 8784 1
5862 9037 4
5862 9464 1
5878 9218 1
5878 9637 1
5878 9197 1
5878 9415 1
5880 8670 2
5880 8980 1
5880 9103 1
5880 9783 2
5880 8832 20
5880 8900 1
5894 8651 3
5894 9141 1
5894 8611 1
5894 9979 28
5894 9943 1
5894 9962 1
5917 8551 1
5917 9429 1
5917 9266 1
5917 9759 1
5917 9193 5
5917 9372 1
5929 9128 5
5958 8571 1
5958 9390 7
5958 9861 1
5958 9478 2
5958 9660 1
5958 9755 1
5960 9422 1
5960 9061 2
5960 9259 1
5998 9186 1
5998 9717 1
5998 9914 5
6005 8691 3
6005 8714 1
6005 8945 2
6005 9223 2
6005 9890 1
6005 9419 1
6005 9761 2
6005 8788 2
6005 9664 7
6017 9683 1
6017 9264 2
6017 8774 1
6017 8699 2
6017 9485 2
6017 9518 1
6022 9252 1
6033 8743 2
6033 9166 4
6033 9527 200
6049 8773 9
6049 8871 1
6049 8922 1
6049 9367 1
6049 8548 1
6049 8856 1
6061 8933 1
6061 8830 1
6061 9793 1
6075 8939 1
6075 9993 1
6075 9654 3
6085 8848 1
6085 9383 1
6085 9852 2
6085 9894 1
6085 8651 1
6085 8988 1
6085 9121 1
6085 9610 2
6085 9930 2
6091 8619 1
6091 9044 2
6091 9270 4
6091 8907 2
6094 8594 3
6094 9796 1
6094 8670 1
6094 9343 5
6094 9283 1
6094 9409 1
6094 9603 1
6102 8909 2
6102 8705 1
6102 8753 1
6113 8754 4
6127 9217 1
6127 9251 2
6147 9116 3
6147 9182 1
6147 9524 19
6147 8800 1
6147 9213 1
6147 9507 1
6147 9763 1
6147 9994 1
6147 9444 1
6147 9789 2
6149 8730 3
6149 8909 7
6149 9123 1
6149 9962 1
6153 9000 1
6153 8640 2
6153 8775 1
6153 9178 1
6162 9818 1
6162 9813 4
6196 9502 2
6206 9957 1
6206 8625 1
6206 9053 1
6210 9442 1
6210 9454 2
6210 9974 3
6219 9450 1
6219 9392 1
6219 9514 2
6219 9980 3
6221 8893 2
6221 9525 6
6226 8870 1
6233 9442 2
6239 9227 1
6239 9280 2
6263 9706 2
6270 9415 1
6270 9459 2
6270 9486 2
6270 9925 1
6277 9566 4
6277 8680 1
6277 9663 1
6277 9822 1
6277 9938 1
6284 9699 1
6284 8719 1
6284 8925 1
6284 9120 1
6284 9356 7
6299 9965 1
6302 9431 1
6302 9920 1
6303 8846 1
6303 8760 3
6303 9200 1
6303 9849 2
6316 9571 1
6316 9638 1
6316 8901 1
6316 9742 1
6338 9841 1
6339 9792 2
6339 9801 1
6358 8715 1
6364 8571 1
6364 9541 1
6364 9913 1
6373 9685 1
6373 9276 200
6373 9975 3
6373 9144 2
6373 9223 4
6373 9797 1
6373 9440 1
6373 9066 1
6373 9921 1
6377 9413 1
6377 9969 3
6377 9066 1
6377 8883 1
6377 9548 2
6377 9040 1
6384 9237 1
6384 9041 1
6384 9305 3
6384 9927 2
6397 9085 1
6397 9677 1
6397 8756 6
6397 9466 7
6397 8777 1
6397 9964 1
6397 9763 1
6397 8889 9
6397 9111 2
6399 8549 1
6399 9137 3
6399 9964 2
6399 8569 1
6399 9078 2
6399 9306 5
6399 9683 1
6406 9409 2
6406 9265 1
6406 8969 7
6408 9775 1
6412 9187 1
6412 9981 7
6412 9735 1
6412 9361 1
6438 9478 1
6446 9686 8
6446 8684 9
6446 9226 1
6465 9432 1
6465 9633 1
6465 8551 1
6465 9831 1
6465 9516 2
6465 9526 3
6465 9023 1
6465 9697 1
6465 9752 1
6466 9260 1
6466 9796 1
6488 9262 10
6488 8858 5
6488 9448 3
6488 8702 1
6488 9032 1
6488 9317 1
6488 9259 1
6499 8629 1
6499 8643 1
6499 9403 1
6499 8721 8
6499 9538 2
6527 9767 1
6527 9750 1
6527 8655 2
6527 8856 1
6527 9373 2
6527 9713 5
6532 8870 10
6532 8976 1
6532 9719 1
6532 8573 2
6543 9272 1
6543 9403 1
6546 9017 1
6546 9171 1
6570 9069 3
6570 8983 1
6570 9709 1
6570 9805 3
6570 8765 1
6570 8785 1
6570 9146 5
6585 9267 2
6585 9744 7
6585 9735 1
6585 9034 1
6585 9642 1
6585 9995 1
6606 9027 1
6606 9313 2
6620 9587 1
6620 8774 6
6620 8582 1
6674 8890 1
6674 9728 1
6681 9163 1
6681 9645 1
6681 8599 1
6681 9784 1
6681 8598 2
6681 9104 1
6694 9237 1
6694 8660 1
6694 8705 1
6694 8561 1
6694 9507 1
6698 9332 1
6721 9890 1
6721 9162 3
6721 9010 1
6733 8904 4
6733 9723 1
6752 8633 1
6752 9414 1
6752 9248 1
6752 9389 1
6760 9315 2
6760 8837 1
6760 9792 1
6760 9059 1
6767 9174 1
6767 9802 1
6767 8636 1
6767 9716 1
6767 9481 1
6767 8930 1
6773 9748 1
6773 9451 1
6773 9960 10
6777 8784 1
6777 9186 1
6777 9956 1
6777 8547 1
6777 9558 3
6777 9686 1
6777 8771 4
6777 9195 1
6798 8769 3
6798 8983 1
6809 8576 1
6809 9115 1
6812 9741 2
6812 9828 1
6812 9149 1
6815 9623 1
6815 9907 1
6823 9528 8
6823 9497 1
6823 9500 1
6823 8633 1
6823 8903 1
6826 9747 1
6826 8649 2
6829 9364 15
6829 9557 2
6829 9210 1
6829 8967 1
6829 9307 2
6829 9737 1
6841 9046 1
6841 8739 2
6846 9104 1
6846 9121 3
6867 9927 1
6867 8970 4
6867 9589 1
6917 9791 1
6919 9040 1
6919 9590 9
6919 9773 4
6919 8801 1
6919 9159 1
6924 9708 1
6924 9585 13
6924 9112 1
6924 9367 1
6930 9250 2
6930 9514 3
6949 9958 1
6949 9036 3
6949 9422 1
6949 8790 3
6949 9219 16
6949 8769 4
6949 8894 1
6949 9397 3
6949 9699 1
6949 9734 1
6949 9092 1
6949 9473 1
6949 9894 1
6949 8899 3
6963 9929 1
6963 8806 1
6963 9914 33
6963 9472 1
6963 9592 1
6963 9951 15
6973 9543 1
6973 8947 1
6978 9639 1
6978 9906 1
6978 9998 2
6978 9766 8
6991 9862 1
6991 9759 11
6991 8985 1
6992 9816 1
6992 8964 1
6992 9418 1
6992 9313 1
6995 9905 2
6995 8666 1
6995 9157 32
7006 9768 1
7006 9648 1
7006 9831 1
7007 9999 1
7010 9109 7
7010 8629 3
7016 8562 1
7016 9073 1
7016 9382 2
7016 8984 1
7016 9107 2
7016 8881 1
7016 9444 1
7016 9575 2
7021 9572 1
7021 9703 1
7021 9784 200
7021 8735 1
7037 8718 3
7037 8644 1
7037 9757 1
7056 8756 1
7056 8882 1
7056 8582 1
7062 9755 1
7062 8933 1
7062 8608 26
7062 9350 1
7062 9247 2
7062 9666 1
7062 9699 2
7062 9876 2
7067 8919 2
7067 9715 1
7067 9019 1
7067 9812 9
7086 8954 1
7106 9232 1
7106 9040 13
7106 8924 1
7106 8760 1
7106 9097 1
7121 9534 6
7121 9975 2
7121 8880 1
7121 9346 1
7121 9233 1
7121 9974 6
7121 8822 1
7121 9516 1
7134 9392 1
7134 8909 1
7134 9034 1
7134 9261 18
7134 8689 1
7134 9329 1
7134 9346 1
7151 9438 5
7151 9773 2
7151 9928 1
7151 8720 5
7151 8854 1
7151 9762 3
7151 9977 1
7178 9140 1
7178 9364 8
7178 8667 1
7184 9861 4
7184 9903 1
7198 8555 21
7198 9379 1
7198 9892 1
7228 9497 1
7228 8999 1
7234 9275 2
7234 9439 3
7234 9866 2
7243 9341 1
7243 9087 4
7243 9425 1
7256 8544 1
7256 9010 1
7260 9368 2
7260 9610 1
7260 8616 31
7260 9503 1
7264 9850 1
7264 9891 1
7264 9983 1
7264 9932 1
7285 8582 1
7285 8771 1
7285 8760 1
7285 9499 3
7285 9884 7
7285 8574 1
7285 9098 1
7285 9821 2
7309 9913 1
7316 8871 1
7316 9495 1
7316 9900 3
7316 9283 2
7338 9342 16
7343 9103 2
7343 9171 11
7343 9516 1
7343 9348 1
7343 8609 1
7343 9186 4
7343 8828 1
7343 8981 2
7343 9591 1
7343 8988 1
7343 9238 1
7354 9918 2
7354 8773 7
7354 9923 30
7354 8990 4
7357 8891 1
7357 8588 1
7357 8979 1
7357 9645 3
7357 9015 1
7357 9237 3
7370 9118 1
7370 9077 1
7370 9083 3
7370 9102 2
7370 9724 1
7370 9198 2
7370 9829 1
7377 8925 14
7377 8551 2
7377 8709 2
7377 9055 1
7377 9586 2
7377 8675 2
7380 9795 1
7424 8811 2
7424 9885 1
7424 9097 1
7424 9887 1
7444 9497 1
7451 9292 1
7451 9531 3
7451 8556 1
7459 9817 3
7459 8827 1
7459 9443 1
7459 9686 1
7459 9598 3
7459 9634 1
7459 9220 1
7459 9223 1
7459 9608 3
7498 8802 1
7498 8679 1
7498 9284 1
7498 9314 1
7499 8768 1
7499 9126 1
7508 8972 5
7512 9813 2
7512 9295 4
7525 8947 1
7525 8705 1
7525 9613 1
7530 9350 1
7530 8780 1
7530 9527 3
7530 9557 2
7538 9832 6
7538 9924 1
7538 9130 7
7557 9717 1
7560 9966 1
7563 9454 1
7563 8969 1
7563 9653 45
7563 9992 1
7567 9541 1
7567 9987 1
7567 9587 1
7567 9737 1
7567 9778 2
7567 9451 1
7567 9603 1
7567 9625 5
7567 9570 2
7570 9276 1
7603 9341 1
7603 8988 6
7603 8659 1
7603 9592 4
7603 9693 1
7603 8675 4
7607 9483 1
7607 8927 1
7624 9608 1
7624 9373 1
7631 9160 3
7631 9737 1
7636 8689 1
7636 9273 1
7636 8966 2
7669 9050 1
7669 9431 1
7669 9197 1
7669 9317 3
7669 9799 1
7669 9923 1
7669 8625 1
7669 8723 2
7669 9543 3
7676 9144 9
7696 8900 1
7696 8902 7
7696 9554 3
7714 8911 3
7714 9385 1
7714 9554 2
7714 9120 1
7714 9173 165
7727 9943 2
7727 8773 1
7727 8938 1
7727 9578 2
7727 9679 4
7727 9497 1
7738 8673 1
7738 9261 2
7738 9505 1
7749 8747 1
7749 9075 2
7749 9637 1
7749 9903 1
7753 9091 4
7753 9154 1
7753 9267 1
7753 9429 5
7753 9806 1
7759 9506 1
7759 9289 1
7759 8854 2
7759 9473 1
7759 8802 1
7777 9591 1
7777 9133 1
7792 8995 1
7792 9721 4
7792 9361 1
7806 9082 1
7807 9564 1
7807 9776 1
7808 9574 1
7808 8708 1
7808 9930 1
7808 9308 1
7824 9398 1
7824 9644 1
7839 9323 1
7839 9491 1
7839 9673 13
7839 9573 1
7847 9445 22
7847 8798 2
7847 9709 4
7855 8801 1
7855 9038 1
7855 8964 1
7855 9652 1
7855 9883 1
7857 8556 5
7857 9807 10
7875 9426 1
7875 9666 1
7875 9002 1
7885 9405 1
7885 9170 1
7885 9653 14
7894 8683 5
7894 9186 6
7894 8599 1
7894 8997 1
7894 9509 2
7894 9707 2
7894 9928 1
7957 8837 1
7957 9215 2
7973 9379 2
7983 8639 2
7983 8654 1
7983 9462 1
7983 9821 2
7983 9032 1
7998 9783 2
7998 9044 1
7998 8550 26
7998 9546 2
7998 9986 5
7998 9667 1
8003 9623 4
8003 8871 1
8006 9653 1
8006 8704 3
8006 9685 8
8006 9894 2
8020 9042 1
8020 9038 11
8020 9368 2
8028 9049 1
8028 9226 1
8028 9844 2
8028 9589 1
8028 9892 1
8028 9607 1
8028 8860 2
8028 9939 2
8054 9303 1
8054 8719 2
8054 9192 2
8054 9348 1
8054 9537 3
8054 9698 1
8068 9252 9
8068 9580 12
8068 9155 1
8073 9271 2
8073 8919 1
8088 9925 1
8088 8726 12
8088 9584 2
8095 9629 1
8095 9061 1
8095 9300 2
8095 9609 1
8095 8998 1
8095 9763 3
8135 9307 1
8135 9490 2
8135 9884 1
8137 9427 1
8137 9333 1
8137 8808 1
8137 9951 2
8137 8710 2
8137 9027 2
8137 9079 11
8140 8912 1
8140 9042 2
8140 9511 1
8140 9084 1
8140 9498 5
8140 9747 1
8146 8888 5
8146 9083 1
8146 9285 1
8146 9729 1
8146 8827 1
8159 9340 2
8159 9799 1
8162 9942 2
8162 8965 1
8195 8886 1
8198 8815 1
8198 9352 5
8234 9984 1
8234 9179 1
8234 9590 3
8235 8679 1
8235 9268 23
8235 9564 10
8235 8714 6
8235 9828 1
8275 9614 1
8275 8640 2
8275 9726 3
8278 9321 4
8278 9609 1
8278 9780 1
8280 9601 180
8280 9125 1
8280 9719 1
8280 9909 1
8281 8658 1
8281 9959 1
8281 8630 2
8291 8905 1
8291 9321 3
8299 9824 3
8299 8822 2
8299 9504 7
8309 9926 7
8326 9408 200
8326 9368 1
8326 8702 10
8326 9199 1
8326 9867 1
8326 9980 2
8327 9685 2
8327 8886 1
8327 9702 1
8327 9126 1
8327 8932 7
8327 9271 5
8339 9554 1
8339 9204 2
8340 9293 9
8340 8788 1
8340 9700 1
8340 9928 10
8340 9404 1
8340 9650 1
8340 9528 1
8344 8808 1
8344 8651 1
8344 8855 7
8344 9316 5
8344 9775 1
8401 8878 2
8401 8678 2
8401 9638 2
8428 9241 1
8428 9426 1
8428 9502 1
8428 9801 2
8442 8683 1
8442 8700 1
8449 9351 1
8449 9918 1
8449 9042 6
8449 9327 1
8466 9923 39
8466 9320 1
8466 9506 1
8467 9852 1
8467 9416 2
8467 9083 1
8467 9219 2
8467 9540 1
8482 9214 1
8482 9132 5
8509 9790 1
8509 8625 2
8509 8938 1
8509 9483 5
8528 8899 2
8528 9272 1
8528 9504 10
8528 9844 2
8528 9349 2
8529 9651 1
8529 9278 1
8529 9779 1
8534 9635 1
8534 9588 1
8534 9445 1
8534 8878 7
8534 9827 1
8534 9444 10
8534 9286 1
8535 9200 16
8535 9442 2
8535 9715 1
8540 8583 2
8542 9805 2
8542 8649 1
8542 9253 1
8542 9443 1
8542 9703 2
8543 8693 3
8543 8940 3
8543 8749 3
8544 8580 1
8544 9550 1
8545 9458 1
8545 9222 1
8546 8970 1
8546 8900 1
8546 9542 10
8546 9307 1
8546 8854 1
8546 9806 1
8546 9552 2
8546 8699 15
8546 9989 1
8546 9514 2
8546 9761 1
8548 8936 2
8549 8583 32
8550 8580 2
8550 8713 1
8551 8671 1
8552 8979 2
8552 9729 1
8552 9873 13
8553 8649 4
8556 8766 1
8557 8737 1
8558 9007 1
8558 8973 1
8559 9405 1
8560 9902 3
8560 8564 1
8560 8863 6
8561 8737 1
8562 8570 40
8562 9880 1
8562 8568 1
8563 9469 1
8563 8889 2
8563 8701 1
8564 8873 1
8564 8638 2
8564 8851 10
8565 9448 3
8566 9400 1
8566 9095 2
8566 8657 1
8566 8728 1
8566 9241 1
8568 9268 1
8568 9879 1
8569 9628 5
8569 9339 1
8570 9520 1
8570 9445 1
8570 9903 2
8570 9552 2
8570 8676 3
8570 9650 1
8572 8675 1
8575 9459 1
8575 9912 1
8575 9434 1
8575 8790 8
8575 8965 1
8575 9486 1
8575 9983 1
8576 8867 1
8577 9038 1
8577 9807 1
8578 9661 1
8578 9839 2
8578 9543 1
8578 9745 1
8580 9812 5
8580 9841 2
8580 8629 2
8580 9601 1
8581 9768 3
8583 9518 3
8583 8659 7
8583 8697 2
8583 9048 1
8584 9487 2
8584 8829 1
8584 9879 3
8585 9039 2
8585 9992 1
8585 9418 1
8585 9555 1
8585 9667 4
8585 9741 1
8585 8619 1
8585 9706 1
8586 8590 1
8586 8758 1
8586 9300 4
8587 8667 1
8587 9138 3
8587 9563 1
8589 9934 1
8589 9760 2
8591 9308 1
8593 8631 1
8593 9798 2
8594 9854 1
8595 9895 1
8595 8752 1
8595 9903 1
8595 9002 1
8595 9419 11
8596 9638 61
8596 8810 3
8596 9275 14
8596 9826 1
8597 9083 3
8597 9171 1
8597 9240 1
8597 9253 1
8598 9988 2
8599 8862 3
8600 9903 1
8600 9971 1
8601 8993 2
8602 8924 1
8602 9524 1
8602 9945 1
8602 9304 1
8604 8874 1
8606 9407 1
8606 9342 1
8607 9624 1
8608 8853 2
8609 8825 1
8611 8685 1
8614 9043 1
8614 9812 4
8614 9268 1
8614 9648 3
8616 8665 2
8617 8800 1
8617 9106 1
8617 8638 1
8617 8640 18
8617 9678 1
8618 8751 1
8618 8782 1
8619 8693 2
8620 9266 1
8620 9629 1
8620 9398 1
8620 9810 1
8621 8889 2
8621 9600 1
8621 8911 1
8621 9486 3
8621 8764 1
8622 8931 1
8622 9433 1
8623 9670 2
8623 9113 1
8624 9020 71
8626 8795 1
8626 8803 3
8626 8779 3
8627 9074 1
8627 9589 1
8627 9946 2
8627 9092 4
8631 8761 1
8631 9593 2
8631 8831 1
8631 9544 4
8632 9405 3
8632 9981 16
8633 8825 3
8633 8712 1
8634 8748 1
8634 8974 1
8637 8676 1
8637 9207 1
8637 9669 1
8637 9009 1
8637 9864 1
8637 8793 1
8637 9493 1
8637 9827 1
8641 9846 5
8641 9198 3
8641 9391 7
8641 9411 1
8641 9427 4
8641 9723 2
8642 8738 1
8642 9862 2
8643 9547 3
8645 9318 5
8645 8813 1
8645 8977 1
8645 9885 2
8646 9047 3
8646 9634 2
8647 8869 4
8647 9996 1
8648 8809 1
8648 9324 1
8648 9634 3
8648 9501 8
8648 8836 1
8650 8860 1
8650 9569 1
8650 9289 1
8650 9797 1
8650 9117 1
8650 8883 1
8651 8918 1
8651 8946 1
8652 9321 1
8652 9036 1
8653 8771 1
8653 8739 20
8653 9792 1
8656 9989 2
8658 9458 3
8658 8748 1
8659 9794 1
8661 9123 1
8661 9189 10
8661 9220 2
8662 9414 1
8662 8901 1
8662 9984 1
8663 9734 1
8663 8910 1
8663 9464 1
8663 9923 1
8663 9091 2
8663 9472 2
8664 8936 8
8665 8858 2
8665 9017 1
8665 9795 2
8665 9925 4
8665 9542 2
8666 9533 3
8666 9902 1
8667 9681 2
8668 9848 1
8668 9736 1
8668 9095 1
8671 9649 1
8671 8886 1
8671 9588 3
8672 9547 2
8672 8779 1
8672 9005 72
8673 8766 1
8674 9426 5
8674 8778 20
8677 9687 7
8677 9999 1
8677 8957 3
8678 8879 1
8678 8973 1
8680 9854 2
8680 9815 1
8681 8982 1
8682 8892 1
8682 9028 1
8685 9469 1
8687 8850 1
8687 9178 1
8687 9003 1
8689 8898 1
8689 8796 3
8690 8976 2
8690 9153 1
8692 9983 1
8692 9969 1
8693 9503 3
8693 9780 1
8693 8933 1
8693 9330 6
8694 8809 1
8695 9317 1
8695 8969 1
8695 9189 1
8695 9459 1
8696 8921 6
8696 9276 1
8696 8883 2
8699 8948 1
8701 8712 3
8701 9636 1
8704 8989 1
8705 8971 1
8706 8946 1
8708 8982 1
8709 9022 1
8710 8786 1
8711 8951 1
8711 8735 1
8711 8752 1
8711 9887 6
8712 9438 5
8713 8832 23
8713 8966 4
8713 9831 1
8713 9895 1
8714 9453 1
8716 9426 1
8717 9345 3
8717 9135 3
8720 9880 1
8721 8916 7
8722 8800 9
8722 8933 1
8722 9179 1
8722 9581 1
8722 9459 2
8722 9046 5
8722 9258 1
8724 9556 1
8725 9095 1
8725 9605 1
8725 9155 1
8725 9799 1
8725 9261 1
8725 9806 1
8725 9030 3
8725 9905 2
8727 9301 1
8727 8839 1
8728 9781 1
8730 9764 1
8731 9069 1
8731 9891 1
8731 8923 1
8731 9956 1
8732 9410 1
8732 8867 2
8733 8907 3
8733 9833 1
8733 8858 1
8734 9988 39
8736 8893 2
8736 9526 1
8736 9555 1
8736 9623 17
8736 9565 2
8736 9944 2
8737 9179 1
8738 8920 3
8740 9350 1
8740 9154 3
8740 9065 8
8740 9045 1
8740 8777 16
8741 8806 1
8741 9283 2
8743 9536 1
8744 8965 1
8744 9284 1
8746 9547 3
8747 8839 3
8748 9115 3
8748 9864 1
8748 8765 17
8748 9447 1
8748 9824 2
8749 9832 1
8749 8864 5
8749 8818 1
8750 9286 31
8750 9527 1
8750 9200 1
8750 9647 1
8751 9128 1
8751 9630 1
8751 9649 2
8753 9334 1
8753 9298 1
8756 9854 17
8757 8788 1
8757 9336 1
8757 9693 1
8757 9437 5
8761 8936 1
8762 9518 1
8762 9207 1
8762 9953 1
8766 9630 1
8766 9809 2
8766 9944 13
8767 9417 2
8767 9806 1
8767 9312 7
8767 9363 1
8767 9368 1
8767 8976 3
8767 9163 1
8770 9022 2
8772 9016 1
8774 9536 1
8779 9187 6
8779 9076 4
8779 9896 1
8781 9334 1
8782 8876 1
8783 9875 2
8783 9047 1
8783 9591 2
8785 8963 1
8786 9875 1
8789 9179 1
8789 8972 1
8789 9812 1
8790 9550 1
8791 9524 1
8791 9818 2
8795 9891 1
8796 9273 5
8796 9417 1
8797 9341 2
8799 9209 1
8799 9351 4
8800 8942 1
8803 8805 1
8803 8831 13
8803 9320 1
8803 9172 1
8803 9427 2
8803 9075 1
8807 9700 3
8807 9056 1
8810 8968 1
8814 9160 2
8814 9627 9
8817 8930 3
8817 9466 4
8817 9638 1
8817 9777 1
8817 9881 1
8819 9574 1
8821 9329 8
8821 8828 1
8821 9367 1
8821 9874 1
8823 9153 1
8824 9026 2
8825 9082 5
8825 9534 1
8825 9960 1
8826 9199 1
8826 9008 2
8833 9237 1
8833 9667 3
8833 9174 1
8833 9491 1
8835 9160 2
8835 9570 32
8837 9007 1
8838 8931 1
8839 9895 1
8839 9431 1
8839 8994 2
8839 8932 1
8839 9900 1
8840 9883 7
8843 9705 5
8843 9818 3
8843 9934 1
8844 9037 1
8845 8916 1
8845 8918 1
8847 9311 1
8847 8890 1
8847 9702 1
8849 9248 1
8849 9867 1
8852 8960 6
8852 9902 1
8853 8995 3
8853 9060 9
8859 9113 1
8859 9125 1
8859 9142 2
8860 9682 4
8861 9240 3
8861 9734 1
8861 9195 2
8861 9451 1
8861 9264 6
8862 9162 1
8862 9015 1
8862 9419 1
8863 9312 23
8863 9062 1
8863 9182 1
8868 9574 1
8868 9066 2
8868 9214 3
8869 9626 1
8869 9353 1
8869 9623 1
8872 9747 5
8873 8914 1
8875 9994 5
8875 9675 1
8875 9406 12
8884 9670 1
8884 9773 2
8885 9090 1
8885 9977 1
8885 8904 2
8887 9433 1
8888 8914 15
8891 9996 1
8891 8908 1
8892 9411 5
8892 8947 2
8895 9163 1
8895 9652 14
8895 9877 1
8895 9740 1
8896 8936 2
8896 9020 3
8896 9536 3
8897 9686 1
8898 9514 1
8898 9299 7
8901 9222 1
8902 8959 1
8905 9458 2
8906 9360 1
8906 9089 5
8908 9925 1
8910 9222 51
8914 9608 7
8915 9499 4
8915 9679 2
8916 8964 5
8916 9765 1
8916 9262 1
8916 9336 1
8917 9762 2
8917 9050 3
8917 9588 1
8917 9666 1
8917 9078 2
8917 9091 1
8917 9676 1
8918 9541 18
8918 9699 1
8918 8977 1
8918 9126 1
8922 9334 5
8927 9794 1
8927 9547 1
8928 9956 128
8928 9383 1
8931 9090 1
8931 9782 1
8935 9799 1
8936 9297 1
8936 9164 2
8936 9372 1
8936 9962 1
8936 9865 1
8940 9624 1
8941 9594 1
8941 9536 1
8941 8962 1
8943 9781 1
8946 9403 1
8946 9209 1
8946 9981 1
8948 8985 1
8948 9390 1
8949 9170 4
8950 9380 1
8952 9463 1
8952 9209 1
8952 9363 13
8955 9877 1
8955 9738 1
8957 9536 1
8958 9796 4
8958 9602 1
8958 9289 2
8958 9565 7
8959 9305 1
8959 9563 2
8959 9205 1
8959 9509 1
8959 9052 1
8959 9383 1
8959 9107 1
8959 9190 11
8959 9276 1
8960 9085 1
8960 9895 6
8960 9329 1
8960 9869 1
8962 9824 1
8962 9860 1
8962 9356 3
8962 9396 1
8963 9008 1
8967 9433 2
8968 9929 2
8968 9198 1
8968 9920 3
8968 9800 1
8968 9346 1
8968 9655 2
8969 8973 2
8971 9053 1
8971 9503 1
8972 9453 1
8973 9205 1
8973 9744 6
8973 9914 1
8973 9932 2
8974 9803 6
8974 9137 1
8974 9722 4
8974 9852 2
8974 9583 1
8978 9107 1
8982 9391 1
8982 9944 7
8982 9311 6
8982 9314 1
8985 9604 3
8989 9809 1
8992 9905 1
8992 9397 1
8993 9090 2
8993 9227 1
8995 9628 1
8996 9888 20
8996 9002 1
8996 9343 2
8996 9345 1
9001 9892 6
9001 9201 1
9005 9958 2
9006 9007 1
9007 9372 1
9007 9787 1
9007 9195 5
9007 9960 1
9007 9585 1
9011 9890 5
9011 9013 2
9012 9186 1
9012 9716 1
9012 9881 1
9012 9704 1
9014 9762 1
9014 9162 1
9015 9636 1
9016 9516 1
9016 9836 3
9018 9115 1
9018 9455 1
9020 9428 1
9020 9457 2
9021 9220 53
9021 9258 1
9021 9980 1
9022 9422 1
9024 9726 1
9024 9265 1
9024 9374 5
9028 9078 1
9028 9120 2
9041 9628 1
9043 9988 1
9054 9882 10
9067 9334 2
9069 9996 1
9081 9522 3
9082 9334 23
9103 9533 1
9122 9625 2
9126 9672 1
9129 9334 1
9137 9468 4
9142 9370 1
9143 9733 2
9147 9521 2
9149 9978 1
9156 9665 1
9159 9604 1
9160 9242 140
9164 9988 1
9165 9480 1
9167 9370 1
9171 9988 5
9181 9242 1
9185 9594 1
9191 9456 4
9199 9458 1
9209 9672 1
9222 9508 1
9222 9318 3
9222 9439 1
9227 9988 1
9229 9326 1
9242 9771 1
9242 9816 9
9269 9458 1
9275 9931 3
9286 9458 3
9291 9672 5
9297 9978 2
9304 9996 1
9305 9547 1
9306 9781 1
9326 9984 4
9326 9726 1
9326 9909 1
9331 9628 6
9334 9744 1
9334 9936 1
9337 9794 1
9339 9398 2
9353 9594 1
9359 9609 1
9359 9623 2
9370 9621 1
9370 9548 5
9374 9547 2
9375 9480 37
9376 9433 2
9380 9798 3
9383 9521 1
9386 9844 5
9389 9681 1
9394 9672 2
9396 9854 1
9396 9410 1
9398 9902 2
9399 9579 3
9400 9815 3
9410 9690 1
9410 9737 3
9410 9958 2
9410 9526 3
9414 9604 2
9426 9453 4
9431 9547 1
9432 9996 200
9433 9459 1
9433 9861 6
9437 9880 1
9449 9781 1
9453 9948 1
9453 9762 1
9453 9457 3
9453 9566 4
9458 9569 1
9462 9550 1
9469 9988 1
9473 9582 1
9474 9682 2
9480 9607 2
9480 9556 1
9506 9561 10
9515 9854 3
9521 9593 1
9525 9931 3
9528 9628 2
9533 9663 12
9534 9658 1
9536 9697 1
9536 9940 1
9547 9762 1
9561 9600 1
9561 9836 2
9565 9604 1
9582 9613 1
9594 9959 1
9603 9804 1
9604 9713 2
9604 9848 1
9627 9854 1
9645 9672 1
9651 9978 2
9658 9832 1
9660 9988 1
9664 9798 1
9667 9880 1
9680 9993 1
9680 9742 1
9680 9716 21
9680 9953 1
9686 9854 1
9687 9804 2
9743 9988 43
9751 9880 1
9760 9798 1
9764 9780 1
9798 9876 1
9825 9838 3
9829 9902 80
9839 9978 2
9842 9854 1
9864 9996 2
9880 9891 2
9880 9900 1
9940 9988 4
9949 9988 1
