21 9926 1
37 9156 1
37 8658 1
43 9151 51
43 8870 1
43 9820 16
43 9245 1
43 9958 1
43 9581 1
47 8866 9
47 8647 13
47 9094 4
47 9899 14
51 9392 2
51 9790 3
51 8547 2
51 9297 12
51 9540 9
51 9414 1
52 8554 2
52 8652 14
52 8867 16
52 8944 1
52 9831 1
60 8743 2
60 8562 2
60 9211 1
60 9776 5
69 8631 1
69 9454 1
69 9537 1
69 8596 2
69 9526 1
86 9384 1
86 9118 1
86 9010 2
86 9976 1
102 9069 2
102 9674 1
102 9890 2
102 9630 10
103 9654 1
103 9937 2
103 9000 1
103 9507 16
103 9148 1
103 9505 8
103 9583 15
116 8876 2
116 8889 4
116 9483 3
153 8692 1
153 8724 1
153 9634 2
167 9926 1
167 9244 1
167 9097 1
167 8607 2
172 9152 200
172 9574 1
172 8634 1
172 9811 1
172 8956 4
172 8655 2
172 9291 1
174 9309 8
174 9052 1
174 9222 1
192 9172 1
208 9993 7
208 9362 1
208 8606 1
208 8983 1
208 9413 1
208 8787 1
208 8903 1
215 9899 12
215 9744 1
215 9908 1
227 9723 1
227 9030 2
229 9787 1
229 8579 1
229 9447 1
241 9485 1
241 8963 1
241 8994 3
241 9430 7
241 9379 1
241 9876 1
241 9686 1
241 8710 1
241 9165 4
241 9725 1
259 9152 2
259 9018 2
259 9110 21
259 9148 1
267 9636 1
267 9253 1
267 9835 1
275 9697 6
275 8625 1
275 9735 31
281 9726 1
281 9959 3
281 9362 7
281 9930 1
282 9062 1
282 9793 1
282 9248 2
297 8962 1
297 9411 4
308 8183 3
308 8741 1
308 9258 2
308 9777 2
308 8642 9
308 9398 1
308 8731 1
308 9341 1
308 9540 1
308 8553 1
319 9141 97
319 9338 1
319 9612 1
321 8648 1
330 9430 10
330 8587 2
330 9248 2
339 9220 17
339 8895 1
350 9739 2
351 8900 1
351 9048 2
351 9707 1
360 9219 8
360 8642 1
361 9043 1
361 8648 1
361 9809 1
365 9034 1
365 8863 14
365 9260 2
381 8829 4
381 9299 1
381 9434 1
399 9204 1
399 9260 1
399 9697 2
399 8811 1
414 9366 2
414 9312 3
414 8555 4
414 8694 67
414 8870 1
414 9287 2
414 9653 1
415 9496 2
415 9074 1
415 9817 1
415 8620 1
415 9113 2
415 9421 1
415 9822 2
423 9324 5
423 9523 1
423 8779 3
423 9320 1
423 9633 1
423 9640 1
423 9819 5
452 9977 1
452 9860 4
452 8619 3
452 8668 1
464 8929 3
464 8960 2
464 8812 2
464 9137 1
477 8957 1
477 9118 1
477 9803 1
477 9875 1
486 9255 4
486 9688 1
486 8798 1
486 8559 3
488 9885 2
488 8656 5
488 9907 1
488 9048 1
488 9331 1
488 9690 28
492 9091 1
498 8577 14
498 9235 1
498 9077 1
498 9774 2
498 9067 1
498 9169 4
500 9392 1
500 9634 1
503 9033 2
503 9344 15
503 8623 1
503 9903 1
503 8658 2
503 9176 3
503 8867 1
515 8879 2
515 8891 1
515 9240 1
515 9003 2
525 9553 1
525 8773 4
525 9402 4
533 9756 1
533 8697 1
533 9076 3
533 9772 1
533 9855 1
533 8615 5
539 9746 1
545 9116 1
545 9377 3
545 8896 1
545 9124 1
545 9452 1
555 9773 2
555 8916 9
555 8891 1
571 9943 1
571 9440 3
571 9786 2
584 9888 4
584 9369 1
584 9614 45
584 9017 1
584 9269 2
584 9684 2
586 8812 5
586 9414 1
586 9968 6
586 9479 2
588 9493 2
588 9092 1
588 9395 1
588 9091 1
588 9614 2
588 9712 1
589 9143 11
589 9000 1
589 9984 1
595 9001 1
622 9753 11
627 9278 1
627 9982 6
627 9707 4
627 9984 1
627 9264 2
630 9848 1
632 9216 1
632 9108 4
632 9408 3
632 8549 4
632 9553 18
647 9579 1
647 8790 8
647 9377 3
647 8671 6
647 8847 13
647 9975 1
649 9561 1
649 8573 1
649 8669 1
649 9659 1
665 9818 2
665 9916 1
666 8891 1
666 9567 1
666 9777 3
666 8925 1
666 9779 1
678 8666 2
678 8921 2
678 9338 3
678 9394 1
678 9545 1
680 9586 1
680 8972 1
680 9256 1
680 9948 1
680 9210 2
681 8623 2
681 9014 1
681 9912 1
681 9164 30
684 9332 1
684 9234 8
708 8832 1
708 9001 1
708 8812 1
708 9228 1
708 8750 4
708 9649 3
740 9665 4
740 9905 2
740 9970 3
761 8669 1
761 9704 1
767 9586 1
767 9254 17
767 9424 2
767 9705 2
767 8699 1
767 8913 2
767 9899 5
767 9965 2
767 8640 1
767 8914 6
790 9402 4
790 9733 5
790 9554 1
790 8700 3
790 8833 1
790 9801 1
810 9050 1
810 9692 1
810 9224 11
810 9390 1
810 9677 1
810 9814 1
811 9113 1
811 9256 5
811 9452 1
811 9329 3
831 9193 4
831 9220 1
831 8550 1
866 8957 2
866 8595 2
866 9967 12
880 9608 1
880 9861 1
880 8641 1
880 8645 1
880 8961 1
880 9933 1
891 9256 2
891 9961 8
900 9630 1
900 9809 7
900 9895 2
900 9074 1
919 9967 1
945 9005 7
945 8621 2
945 8864 2
945 9968 1
953 9616 1
953 8902 1
953 9947 1
953 9223 1
953 9984 1
953 9721 4
953 9116 1
953 9944 1
957 8988 2
957 9296 1
961 9873 11
961 8832 3
961 9032 1
961 8732 1
977 9098 1
977 9317 6
977 9726 2
977 9511 2
977 9694 1
977 9848 3
977 9985 1
982 9835 15
982 9907 1
982 8768 1
982 8857 4
994 9859 1
994 9501 1
994 9332 1
994 9717 2
1002 9595 1
1006 8552 1
1006 9262 1
1006 9701 1
1008 9359 3
1008 9333 1
1009 9491 1
1009 9633 1
1009 9226 1
1009 8990 1
1028 8657 54
1028 8805 1
1032 9473 7
1032 9165 2
1042 8619 1
1042 9572 1
1042 9679 1
1042 8600 2
1042 9674 3
1061 9259 2
1061 9889 1
1061 9190 1
1082 9172 1
1082 9163 1
1082 8742 1
1082 9706 1
1090 8909 1
1090 9893 4
1090 9194 1
1090 8959 1
1090 9124 1
1090 9639 1
1090 8865 1
1090 9529 1
1090 9731 1
1107 8759 2
1107 8651 2
1109 9956 1
1109 9113 6
1109 8603 1
1109 9482 2
1112 9401 1
1112 9648 3
1112 9325 1
1112 8844 3
1112 9550 5
1112 9937 2
1118 9854 1
1118 8800 3
1118 9832 2
1118 9028 1
1139 9326 3
1139 9435 5
1152 9622 19
1152 9560 1
1162 9327 1
1162 9671 1
1165 8846 2
1165 9710 2
1165 8761 2
1165 9431 2
1165 9823 1
1167 9558 1
1167 9045 2
1167 9235 2
1169 8616 2
1169 9456 5
1169 8728 2
1169 9401 1
1169 9475 1
1189 9036 1
1189 8770 2
1207 9982 1
1207 8615 12
1207 8741 1
1207 9665 1
1209 8559 2
1209 9149 1
1209 9755 2
1209 9040 1
1209 8819 1
1209 9383 2
1209 8851 1
1209 8686 1
1209 8806 4
1219 9814 1
1219 8849 2
1219 9183 1
1219 9839 1
1234 9323 1
1234 8770 1
1234 9806 1
1234 9890 1
1237 9863 1
1243 9152 2
1243 9881 7
1243 9875 1
1243 9898 1
1243 9562 2
1243 9652 1
1255 8864 1
1255 9357 1
1255 8608 1
1257 9549 1
1257 9366 1
1259 8623 1
1259 9812 1
1259 9848 1
1265 9273 4
1265 8879 1
1265 8951 1
1293 9721 1
1293 9544 1
1304 9545 2
1304 8767 1
1304 9054 1
1312 9253 2
1312 8821 2
1312 9474 2
1314 9300 1
1314 9987 1
1314 8761 1
1314 9794 1
1314 8681 1
1314 9370 1
1314 8965 1
1320 9367 7
1320 8789 1
1320 8794 1
1320 8843 1
1320 8887 2
1320 9327 2
1320 9440 1
1320 9491 5
1330 8623 1
1333 9871 1
1333 8550 2
1333 9947 1
1333 9437 1
1333 9948 1
1343 9113 1
1343 9067 1
1343 8921 1
1351 9298 1
1351 8798 1
1351 9563 14
1356 9974 1
1356 9516 1
1356 9328 1
1356 9632 1
1356 8904 1
1356 9355 1
1356 9874 20
1361 9778 1
1361 9157 5
1361 9931 200
1370 9099 1
1370 9184 1
1370 9771 1
1370 9281 2
1370 9455 1
1370 9179 1
1370 9902 1
1389 8937 1
1389 9383 1
1389 9864 3
1389 9404 1
1415 9082 1
1415 9326 3
1415 9485 4
1415 8625 1
1426 8768 2
1426 9147 1
1426 9610 1
1426 8991 1
1426 9636 1
1426 8775 157
1432 9268 6
1432 9160 2
1432 9785 1
1432 9855 1
1444 9769 1
1444 8810 1
1444 8866 2
1444 9147 10
1444 9886 1
1444 9982 1
1446 9838 1
1446 9952 1
1446 9523 1
1448 9906 1
1448 9895 1
1451 9187 2
1451 9045 1
1451 9683 1
1451 9812 2
1464 9513 1
1464 9757 2
1464 9066 3
1464 9530 1
1477 9589 1
1477 8552 1
1477 8995 1
1479 9328 1
1479 9529 3
1479 9813 2
1486 9326 1
1493 8844 1
1496 8739 2
1537 8715 1
1537 9976 1
1537 9450 1
1537 8720 1
1537 9023 5
1537 9984 1
1564 8942 1
1564 9511 2
1573 8865 1
1573 9254 1
1583 9387 1
1583 9723 13
1588 8735 1
1588 9413 1
1588 9810 2
1606 8745 1
1606 8892 1
1606 9062 1
1606 9749 10
1606 9364 2
1606 9743 1
1619 8590 1
1619 8843 5
1619 9616 1
1619 9554 1
1621 8790 1
1621 9336 1
1621 9254 1
1621 8696 1
1621 9776 1
1621 8657 1
1621 9047 3
1638 9939 2
1638 8751 1
1638 8902 1
1638 9520 3
1638 9626 1
1638 9269 2
1642 9870 2
1642 9401 1
1642 9831 1
1642 9667 1
1673 8811 3
1692 9475 4
1692 9799 3
1692 9328 2
1718 9658 1
1718 8917 1
1721 8779 1
1721 9435 1
1721 9946 1
1721 9743 1
1721 9267 9
1721 9367 9
1721 9386 1
1721 8959 6
1721 9586 1
1721 9836 1
1730 9896 1
1730 9258 1
1747 9875 1
1747 9210 1
1747 9458 1
1747 8590 16
1780 9511 1
1780 8684 1
1790 9679 1
1790 8671 1
1790 9346 2
1790 9610 1
1804 9560 1
1809 8848 4
1811 9843 1
1811 9235 4
1811 9852 1
1811 9733 1
1820 8571 1
1820 8843 1
1830 9064 11
1831 9233 6
1831 8832 1
1831 8945 1
1839 9157 1
1839 8686 1
1839 9357 1
1839 9059 1
1839 9216 1
1847 9040 1
1863 8805 1
1863 9635 1
1886 9629 5
1886 9709 3
1886 9944 2
1886 8652 1
1886 9910 2
1886 9372 25
1886 9674 1
1890 9207 1
1890 8728 1
1890 8892 2
1890 9006 3
1890 9060 2
1902 9715 1
1902 9064 1
1902 9359 3
1902 9988 1
1915 9859 1
1928 9415 8
1928 9021 3
1928 9797 3
1930 9881 1
1930 9085 5
1930 9106 1
1954 9063 1
1954 9881 4
1954 9940 1
1962 8904 1
1994 9250 1
1994 9910 2
1994 9777 1
1996 9254 3
1996 9327 31
2003 8941 1
2003 8690 1
2026 8883 1
2026 9044 5
2026 9114 3
2026 9347 1
2026 9563 1
2026 9831 1
2026 9787 2
2026 9797 2
2032 9686 1
2047 9779 2
2047 8608 3
2047 9269 1
2052 9790 1
2052 9969 1
2062 8962 1
2063 9621 52
2064 8904 9
2064 9674 1
2064 8960 1
2064 9018 2
2064 9059 1
2064 8794 2
2075 9290 1
2075 9961 1
2080 8652 3
2080 9893 2
2089 8751 1
2089 9599 1
2103 9332 4
2103 9635 1
2103 8605 10
2103 9572 2
2103 9954 2
2126 9794 3
2126 9874 1
2126 8998 3
2126 9404 1
2126 9557 1
2126 9296 1
2126 9808 1
2137 9281 11
2137 9528 3
2137 9999 1
2137 9856 4
2144 8732 3
2144 9140 1
2144 9491 1
2144 8825 1
2177 9813 119
2177 9821 1
2177 9223 5
2177 9233 4
2181 8822 1
2181 9422 2
2184 9418 1
2184 8812 3
2197 9790 2
2197 9890 2
2197 9907 1
2201 9558 2
2201 9020 1
2201 9037 1
2201 9192 1
2201 8689 23
2201 9956 3
2205 9408 2
2205 9881 1
2205 9580 1
2206 9648 1
2209 8916 2
2209 9050 2
2209 8790 1
2209 9424 5
2209 9194 2
2212 8867 1
2212 8549 2
2212 9369 1
2217 9784 2
2217 9796 91
2217 9270 2
2223 8663 5
2223 9342 1
2223 9371 2
2223 9699 1
2250 9204 5
2250 9369 7
2250 8884 1
2250 9903 1
2250 9148 2
2250 9425 1
2250 9530 3
2250 9682 1
2250 9636 1
2253 9710 1
2253 9562 8
2269 8632 3
2269 9587 1
2269 8592 5
2269 9568 1
2269 9576 2
2284 8977 6
2311 9827 2
2324 9372 2
2324 8825 2
2324 8947 6
2347 9772 1
2347 9535 1
2347 9647 4
2351 9335 1
2351 8909 1
2351 9210 1
2351 9219 7
2356 8573 1
2356 8579 5
2356 9264 1
2356 8635 1
2368 8964 2
2368 9560 2
2395 9572 19
2395 8741 1
2395 9281 9
2395 9774 1
2397 9074 2
2397 9014 1
2397 9156 1
2398 9326 1
2398 9827 1
2398 9146 1
2398 9278 4
2398 9599 1
2411 9835 1
2411 8667 1
2411 9506 18
2419 9179 1
2419 9625 1
2419 9989 1
2426 8767 23
2426 8890 1
2426 9205 1
2429 8837 1
2429 9171 1
2429 8567 1
2429 9174 1
2429 9608 1
2444 8921 2
2444 9446 1
2444 8569 1
2444 8767 2
2445 9289 4
2456 9235 1
2456 9047 1
2456 9027 96
2477 9348 1
2477 9312 7
2477 9059 1
2477 9349 4
2477 9966 4
2505 8801 2
2505 9187 1
2505 8741 1
2505 8992 6
2505 9650 1
2505 9924 7
2533 9434 4
2533 9666 32
2533 9586 1
2537 9578 1
2537 9699 2
2537 9414 1
2537 9482 3
2537 9517 4
2537 9737 2
2546 8895 1
2546 9335 1
2546 9140 1
2546 9869 200
2549 9137 4
2549 8669 1
2549 8686 2
2550 9213 1
2550 9402 1
2550 9383 1
2581 9558 2
2631 9529 1
2661 8681 1
2661 8645 4
2661 9481 6
2661 8919 1
2661 9536 1
2666 9725 5
2666 9672 1
2666 8580 1
2666 9470 1
2666 8732 2
2666 9259 1
2666 8583 2
2666 8823 1
2666 9978 2
2666 9090 1
2666 9480 1
2666 9565 2
2666 9764 1
2672 8934 1
2672 8996 2
2672 9222 1
2672 9560 1
2672 8684 2
2672 9217 2
2672 9393 1
2672 8773 1
2672 8851 1
2672 9616 3
2690 9958 1
2690 9422 1
2690 9544 2
2690 8590 1
2708 9367 1
2708 9921 1
2708 9714 1
2744 9431 1
2744 9222 1
2744 8827 1
2744 8976 1
2801 8713 3
2801 8593 1
2801 8804 1
2801 8809 1
2874 9213 1
2874 9649 3
2874 9323 3
2882 8928 3
2882 8997 1
2882 9981 1
2891 9683 1
2891 9132 13
2906 9273 1
2906 9446 1
2913 9663 1
2913 9814 1
2913 8916 1
2921 9589 1
2921 9456 1
2927 9834 1
2927 9463 2
2927 9394 2
2927 8614 1
2927 8963 1
2927 9239 1
2927 9651 2
2928 9581 1
2928 9208 1
2928 9946 1
2928 8994 1
2928 9006 1
2928 8683 26
2946 9523 4
2946 9701 3
2946 9799 4
2946 9171 4
2952 9086 159
2952 8921 2
2952 8982 1
2952 9969 1
2952 9817 1
2961 8562 1
2961 9195 2
2965 9320 3
2965 8547 1
2971 8982 2
2971 9017 1
2971 9063 1
2976 9260 1
2976 9867 1
2976 8811 1
2976 9238 1
2976 9386 1
2976 9572 1
2982 9795 1
2982 9807 2
2982 9243 1
2982 9323 1
2982 8895 1
2982 9893 2
2982 8548 1
2986 9072 1
2986 8849 2
2986 8552 1
3019 8893 1
3019 9839 1
3019 8810 1
3019 9438 1
3032 8830 1
3032 9244 2
3043 8595 3
3043 8818 2
3043 9326 1
3043 9246 1
3043 9461 1
3047 9650 1
3047 9096 2
3047 9152 1
3047 9379 2
3047 9545 2
3047 9184 3
3047 9375 1
3047 9519 12
3047 9669 1
3049 9487 1
3066 9258 1
3066 9609 1
3075 9131 1
3075 9576 1
3075 8583 1
3075 9086 2
3109 9256 1
3109 8672 1
3113 9614 2
3113 9807 2
3113 9913 1
3113 9987 4
3114 8964 1
3114 8930 18
3114 9389 42
3114 9642 2
3115 9762 1
3115 9850 5
3115 9958 7
3118 8568 1
3119 8632 1
3119 9028 1
3119 9377 2
3124 9286 1
3124 9183 4
3128 9701 1
3128 9753 2
3139 9314 4
3139 9450 2
3155 9195 1
3155 9827 13
3155 9256 1
3166 8591 2
3166 9111 5
3166 9409 3
3166 9838 1
3166 8579 1
3166 9716 1
3177 9690 1
3177 9044 1
3177 9988 3
3178 9503 1
3195 8654 2
3195 8692 1
3195 8738 2
3195 9706 1
3215 8759 4
3215 9517 1
3215 9867 1
3235 9284 1
3235 8680 62
3235 9197 1
3235 9531 1
3235 8879 1
3235 9445 3
3239 8771 3
3239 9240 1
3239 9375 185
3239 9782 1
3242 9849 1
3242 9050 1
3245 8649 1
3245 8941 2
3247 9378 4
3247 9649 1
3247 9921 1
3247 9298 1
3266 9179 1
3266 8668 7
3266 8714 3
3268 9189 1
3268 9442 1
3268 8884 2
3273 9773 1
3273 9425 2
3279 8893 1
3279 8983 4
3284 9253 1
3284 8617 1
3286 9599 1
3286 9675 4
3286 8837 2
3286 9559 1
3286 9291 1
3286 9477 1
3322 9272 1
3322 9438 12
3322 9546 1
3322 9003 1
3322 9024 3
3322 9900 1
3322 9100 1
3332 9559 1
3332 9977 1
3332 9305 1
3332 9063 1
3332 9448 33
3334 9040 1
3338 8732 2
3338 9063 1
3338 9900 8
3338 9579 1
3338 9170 26
3347 9680 1
3347 9832 1
3347 8571 2
3347 9575 1
3347 9973 5
3355 9680 3
3355 8972 1
3362 9326 64
3362 9433 1
3362 9516 4
3363 9893 10
3363 9750 3
3363 9868 2
3386 9955 3
3386 9178 13
3404 8666 1
3404 9327 1
3404 8681 1
3404 8577 1
3404 8833 1
3404 8617 10
3404 9800 2
3404 9073 1
3411 8787 1
3411 8738 1
3411 8870 30
3416 9712 1
3416 8890 1
3416 9396 1
3417 9234 1
3417 9373 1
3417 9739 9
3451 9166 1
3451 8917 1
3452 8914 1
3452 8764 1
3452 9715 4
3457 9776 1
3457 9564 2
3469 8827 1
3469 9277 20
3469 9756 1
3469 8661 1
3469 8817 1
3469 9755 1
3469 9790 1
3473 8893 104
3473 9857 5
3488 8609 1
3488 8573 1
3488 9005 2
3488 9446 1
3488 9234 1
3488 9330 5
3505 9899 7
3505 9655 1
3509 9280 2
3509 9318 16
3509 9486 1
3509 8790 6
3509 9125 3
3509 9338 1
3509 8933 1
3509 9549 1
3509 9610 1
3515 9869 1
3515 9032 1
3515 9269 1
3515 9682 3
3515 9198 2
3515 8660 1
3515 8751 1
3515 9330 1
3515 9561 1
3519 8616 1
3519 8974 1
3519 9067 39
3519 9335 3
3519 9392 1
3519 9732 1
3520 9487 6
3521 9274 2
3521 9973 1
3521 8951 15
3521 9003 1
3521 9525 2
3521 9007 1
3521 9793 4
3521 9280 3
3521 9684 1
3523 9933 1
3523 8832 1
3523 9510 1
3523 9678 1
3537 9400 5
3555 8604 1
3555 9445 1
3555 9683 1
3555 9302 1
3566 9222 1
3566 9341 3
3566 9415 1
3588 8998 1
3588 9037 1
3588 9754 7
3588 9710 29
3603 9848 1
3603 9050 1
3603 9825 2
3603 8956 1
3605 8866 3
3605 9302 1
3605 9558 2
3605 8787 1
3605 9170 1
3605 9806 1
3605 8928 1
3623 8555 1
3623 8973 1
3623 9192 1
3623 9637 12
3623 9740 1
3623 9490 8
3634 9627 1
3634 8591 33
3634 9033 1
3634 8950 1
3634 9971 2
3635 9739 1
3635 9974 1
3635 8763 1
3650 9744 4
3673 9056 1
3673 8651 1
3673 9002 2
3673 9072 2
3673 9149 2
3673 8978 1
3677 8841 1
3677 9147 1
3692 8713 1
3692 9826 3
3697 9743 2
3697 8643 1
3697 8818 2
3697 9102 1
3699 9018 1
3701 9257 1
3701 8804 1
3701 8887 1
3722 9098 1
3722 8916 1
3747 9517 4
3747 9245 1
3747 8861 1
3747 9709 1
3747 9834 3
3747 9863 2
3747 9894 1
3757 9733 2
3757 9621 1
3768 8639 1
3768 9764 1
3768 9126 9
3768 9866 1
3768 9184 1
3768 9778 2
3768 9024 7
3768 9750 1
3768 9888 1
3773 9810 1
3773 8554 19
3773 9021 1
3773 9159 2
3796 9612 2
3837 9169 1
3837 8910 1
3850 9516 1
3850 9836 1
3850 9389 1
3861 9670 1
3861 9379 2
3861 9627 1
3861 8848 1
3861 8559 1
3861 8750 1
3861 8591 1
3861 8790 1
3905 9887 9
3905 9948 1
3905 9176 5
3905 8842 1
3905 8991 1
3909 9277 1
3918 9663 1
3918 9183 1
3918 9278 1
3918 9022 25
3918 9174 3
3929 9556 9
3929 9088 1
3929 9355 1
3929 9542 49
3929 9510 1
3929 9297 1
3947 9032 1
3947 9461 1
3949 9424 3
3949 9077 6
3949 8987 4
3949 9546 2
3949 9198 6
3966 8940 1
3966 9007 2
3966 8770 1
3987 8863 2
3987 8723 1
3987 8745 1
3995 9024 1
3995 9373 22
3995 9424 1
3995 9428 2
3995 9643 1
3995 9347 3
3995 9369 1
4004 8732 1
4004 9337 1
4008 9705 4
4008 9311 14
4008 9892 1
4020 9028 2
4020 9054 1
4020 9433 5
4023 8996 1
4023 9157 1
4023 9472 1
4035 9491 1
4035 9407 5
4038 9791 1
4040 9621 2
4040 9314 1
4047 9834 1
4047 9688 1
4047 9212 2
4047 9473 7
4047 9698 1
4052 9984 1
4052 8793 2
4052 8846 3
4052 9668 1
4091 9971 1
4091 8848 4
4091 9268 1
4091 9838 1
4099 9116 1
4099 8685 2
4099 9540 2
4121 9102 1
4121 8631 1
4121 8713 1
4140 8768 1
4140 9394 1
4140 8547 1
4140 9007 1
4140 9622 1
4140 9697 1
4140 9955 1
4141 8896 1
4141 8564 1
4141 9395 1
4164 9732 1
4174 9094 2
4184 9715 3
4184 9003 4
4184 8939 200
4184 8940 1
4184 9648 1
4184 8740 2
4184 9341 1
4184 9250 44
4185 8902 1
4192 9408 1
4192 8607 3
4192 9822 1
4192 9949 1
4194 9666 1
4194 8925 4
4194 9488 1
4194 8654 5
4203 9774 4
4203 9918 48
4203 9213 1
4203 9770 8
4217 9801 1
4217 9160 1
4223 9324 4
4223 9858 1
4223 9035 1
4227 8801 1
4227 9453 1
4227 8901 4
4227 9229 4
4227 9299 1
4227 9499 2
4231 9540 1
4231 8849 1
4231 8641 1
4262 9097 1
4262 8800 1
4262 8763 1
4262 9140 4
4262 8715 1
4262 9848 1
4263 9376 1
4263 8823 3
4277 9047 1
4285 9618 2
4285 9953 2
4295 8851 1
4295 9506 1
4295 9470 1
4295 9813 1
4305 8564 1
4305 9463 2
4317 9290 1
4317 8690 1
4328 9272 1
4328 9810 1
4328 9924 1
4328 9596 2
4328 9678 1
4340 9054 1
4340 8779 5
4340 8845 1
4340 9624 1
4340 8806 1
4340 8903 6
4340 9784 1
4382 9527 1
4382 9044 57
4382 9624 2
4420 8997 2
4420 9138 1
4420 9707 1
4438 9272 1
4438 9163 9
4438 9818 1
4442 8972 2
4442 9650 1
4449 8887 1
4449 8901 6
4449 9353 1
4459 9690 65
4459 8793 1
4459 9951 2
4467 9291 1
4472 8974 2
4480 9794 4
4480 8996 4
4483 8953 1
4483 8621 4
4483 8996 1
4489 9651 2
4489 8989 2
4489 9860 1
4496 8741 1
4496 9076 3
4496 9105 1
4496 9655 3
4505 9463 2
4505 9073 5
4505 9347 3
4505 9403 6
4515 9529 1
4515 9614 1
4515 9666 4
4515 9886 13
4518 8800 2
4518 8917 1
4518 8809 3
4518 9755 2
4518 9511 1
4518 9886 1
4518 8774 1
4551 8798 1
4553 9704 37
4553 8657 2
4553 8750 1
4553 9517 1
4563 8593 18
4563 8917 1
4563 9000 1
4563 9408 1
4563 9959 1
4564 9251 1
4566 9428 1
4566 8740 1
4566 9825 11
4566 9835 16
4566 9507 1
4587 9030 1
4587 9883 1
4601 9692 1
4601 9111 7
4601 9398 1
4601 9546 1
4640 9125 1
4640 8953 1
4640 8771 2
4658 8609 2
4658 9802 1
4663 9147 3
4663 8558 33
4663 8547 1
4663 9557 1
4663 8732 1
4663 9528 4
4663 9652 1
4663 8845 2
4675 9736 2
4675 8730 2
4675 9859 3
4675 9938 3
4684 9057 1
4684 9473 12
4687 9575 1
4707 9782 1
4707 9617 1
4707 8545 2
4707 9802 1
4707 9808 1
4716 8778 1
4716 9418 2
4731 8640 4
4731 9123 1
4731 9496 1
4732 8651 1
4732 8684 1
4732 9855 1
4734 9054 1
4734 9181 1
4748 8761 1
4748 9833 4
4755 8896 1
4755 9001 1
4755 9888 9
4755 9262 1
4755 8964 1
4755 9022 2
4755 9904 1
4755 8600 1
4755 9267 1
4755 9662 11
4755 9796 1
4755 9807 1
4767 9166 1
4767 9048 1
4767 9754 4
4767 9577 1
4784 8918 3
4784 9630 1
4787 9082 5
4787 9502 2
4787 9566 7
4792 8625 1
4792 9666 1
4792 8967 1
4792 9027 1
4792 9040 2
4792 9928 1
4800 9984 2
4800 9062 1
4800 8686 1
4800 9200 2
4800 9526 27
4800 8604 1
4800 9520 3
4823 9881 1
4823 9632 13
4832 9831 1
4838 9421 2
4838 9659 4
4838 9487 1
4842 9403 2
4882 9806 1
4882 9367 2
4884 9686 1
4884 9581 1
4884 8973 1
4885 8842 1
4885 8884 1
4885 8613 20
4890 9769 1
4890 9186 2
4890 8724 1
4890 9033 1
4890 9324 1
4890 9043 1
4890 8606 1
4890 9557 17
4903 9026 3
4909 9415 1
4909 9478 2
4909 8998 1
4909 9324 5
4912 9671 1
4912 8647 1
4912 9109 1
4916 9184 1
4916 9704 2
4916 9982 2
4934 9268 4
4934 8863 3
4934 8939 1
4934 9552 5
4934 8963 2
4937 9365 1
4947 9415 1
4958 9371 2
4958 9662 3
4958 9581 1
4968 9811 1
4968 8858 1
4994 8963 3
4994 8728 1
4994 9256 1
5007 8773 1
5007 9484 1
5007 9603 3
5007 8909 2
5009 9879 1
5024 8696 1
5026 9785 1
5026 8978 1
5037 9849 1
5058 8603 1
5097 9163 1
5099 8770 4
5099 9396 1
5099 9579 8
5099 9328 1
5099 8666 4
5105 8703 3
5105 9488 1
5111 8619 3
5112 8592 1
5112 9796 1
5112 8768 5
5112 9637 10
5112 9799 1
5123 9683 2
5123 9441 1
5135 9018 3
5143 8608 1
5145 9367 1
5145 8722 1
5145 9866 1
5160 9650 1
5160 9919 1
5160 8730 1
5160 9536 1
5160 9662 2
5160 8687 6
5160 9057 1
5160 9435 1
5160 9582 2
5183 9746 1
5183 8603 1
5183 8817 1
5183 9348 48
5183 9888 1
5191 9413 11
5191 9868 2
5216 9219 1
5216 9636 9
5216 9065 1
5216 9243 2
5220 9559 3
5220 9090 1
5220 9118 3
5220 8847 3
5220 8995 1
5231 9955 2
5231 9122 2
5231 9251 1
5236 9711 2
5236 8697 1
5236 8789 1
5236 9476 3
5236 9514 8
5243 8925 1
5243 8957 1
5243 9731 1
5243 9997 1
5286 9112 3
5286 8568 5
5288 9473 1
5288 9759 3
5290 9694 4
5290 8933 2
5290 9203 3
5309 8607 3
5309 9605 4
5309 9654 1
5309 8681 9
5309 9881 1
5310 8848 1
5310 9525 1
5310 9688 1
5310 9166 2
5315 9094 1
5315 8714 2
5315 9178 1
5328 9407 2
5328 9223 1
5328 9032 1
5329 9363 1
5329 9309 1
5334 8982 3
5334 9140 1
5334 8896 1
5334 9876 2
5334 9735 5
5334 8687 2
5334 8883 3
5334 9106 1
5335 9573 1
5335 8699 1
5335 9169 1
5335 9626 2
5335 9768 3
5341 9302 1
5341 9951 2
5341 8567 1
5341 8739 1
5341 9204 2
5341 9657 1
5341 9827 1
5342 9211 2
5342 9370 3
5342 9493 15
5342 8632 31
5342 9925 1
5366 8864 2
5366 9971 2
5366 9672 2
5366 9099 11
5367 9833 3
5380 9328 1
5380 9481 1
5380 9457 3
5380 9837 9
5384 9947 1
5384 9165 4
5384 9804 1
5384 9362 1
5384 8620 2
5384 9771 1
5384 9757 1
5384 9864 1
5385 8902 1
5385 9770 1
5385 8676 1
5385 9372 1
5385 9387 2
5385 9577 1
5385 9740 2
5410 9394 1
5410 9058 200
5410 9552 1
5410 9643 4
5424 9421 1
5424 8798 1
5424 8847 1
5424 9056 1
5431 9630 1
5431 8671 1
5431 9116 1
5431 9047 1
5431 9051 1
5431 9933 1
5431 8670 2
5431 9446 1
5436 9019 1
5436 8604 3
5436 9035 5
5436 9778 6
5447 9048 100
5447 9333 1
5457 8978 1
5457 9210 2
5457 9682 6
5461 9235 2
5461 9716 8
5461 9000 1
5461 9799 2
5461 9154 2
5461 9589 1
5461 9946 88
5461 9478 2
5498 8667 1
5498 8990 1
5498 9904 1
5506 9854 1
5506 8743 1
5516 9461 1
5516 9245 3
5518 9218 1
5518 9520 1
5518 8977 119
5520 9636 1
5520 8982 1
5520 9193 1
5520 9583 1
5521 9575 1
5521 9873 1
5527 9454 1
5527 9822 3
5527 8962 1
5527 9672 1
5545 9365 2
5545 9749 5
5545 9458 1
5548 9565 1
5551 8751 3
5551 8735 2
5557 9633 1
5557 8692 1
5557 9810 1
5557 9143 1
5557 9503 2
5557 9830 1
5588 9630 1
5588 9837 1
5588 8939 2
5596 9211 1
5596 9393 1
5618 9359 4
5618 9019 1
5621 9271 1
5622 9429 31
5622 9002 1
5622 8957 1
5622 9981 12
5622 8605 2
5628 8998 1
5628 9470 3
5628 9458 1
5628 8819 1
5628 9036 1
5628 9603 1
5641 9490 1
5641 9629 1
5641 9771 1
5641 9752 1
5641 8655 1
5641 9085 1
5641 8551 2
5642 8687 1
5642 8616 1
5642 9015 1
5642 9938 2
5653 9651 1
5653 8813 1
5653 9524 1
5656 9244 1
5656 8638 1
5656 9472 2
5656 9658 1
5656 9206 1
5656 9385 4
5663 9699 13
5663 9970 1
5663 9700 1
5666 9535 4
5666 8979 1
5666 9505 19
5666 9717 1
5667 9233 2
5667 8988 1
5667 9325 3
5667 9332 1
5690 8661 1
5690 9645 1
5698 8591 1
5698 8740 1
5703 9757 1
5703 9224 1
5703 9788 54
5703 9141 34
5710 8930 1
5710 9312 1
5710 9411 1
5710 9409 4
5710 8548 16
5710 9811 1
5716 8818 2
5722 9916 1
5722 9061 1
5747 9054 1
5747 9077 1
5747 9765 2
5782 9827 1
5788 9017 5
5788 9486 1
5788 9710 1
5804 9491 1
5809 9314 70
5809 9255 1
5829 9092 200
5829 9246 1
5832 9732 2
5832 9565 1
5832 9818 1
5832 9550 10
5832 8694 1
5837 9205 1
5837 9407 1
5837 9253 1
5837 9534 1
5837 9458 1
5837 8774 1
5851 8558 4
5851 8779 2
5851 9355 1
5851 9910 3
5851 8819 17
5851 9072 1
5851 9366 2
5853 8844 1
5853 8967 2
5853 9698 1
5853 8555 2
5853 9577 7
5853 9042 1
5853 9827 1
5853 8987 4
5861 9634 1
5861 9438 1
5861 8590 1
5861 9091 2
5861 9867 1
5861 9700 1
5861 8841 4
5861 9887 1
5862 9052 1
5862 9284 1
5862 8735 1
5862 9277 3
5875 9332 1
5875 9549 2
5875 9913 7
5878 9810 11
5878 9457 1
5878 9007 2
5887 8909 1
5887 9212 6
5900 8891 13
5900 9499 14
5901 9820 1
5901 9643 1
5901 9098 2
5901 9746 41
5901 9930 1
5919 8982 1
5919 9118 1
5919 9458 200
5919 8785 1
5919 9510 1
5925 8991 2
5925 9083 1
5934 9004 2
5934 8829 1
5959 8934 5
5974 9123 1
5974 9694 1
5986 8665 1
5986 9210 1
5986 9066 1
5986 9142 200
5986 9817 1
5986 9003 1
5989 9478 3
5989 8925 1
5989 9843 1
5989 8658 5
5989 9021 1
6006 8743 2
6006 9138 1
6006 9574 1
6006 9843 1
6007 9072 1
6007 9061 1
6007 8709 1
6007 8752 2
6007 9260 1
6007 8569 1
6007 8841 1
6013 8720 20
6013 9125 1
6013 9605 1
6036 8567 1
6036 8832 2
6036 8648 3
6036 9580 1
6036 9085 1
6036 9447 1
6036 8918 1
6036 9616 1
6036 9794 1
6036 9429 1
6043 8791 120
6043 9956 2
6043 8692 1
6049 9243 2
6049 9262 1
6051 9059 2
6051 9817 3
6051 9737 7
6051 9101 1
6054 9974 7
6054 9769 2
6054 9051 1
6065 9944 2
6065 9677 1
6069 9100 1
6081 9836 1
6081 9750 1
6081 9318 2
6081 9566 8
6081 9665 1
6091 8632 1
6118 8865 4
6118 8580 1
6118 9629 1
6118 9800 1
6122 8879 4
6122 9101 1
6122 8970 2
6130 9599 4
6130 9821 1
6144 9021 1
6144 9642 1
6144 9657 1
6144 9720 1
6144 8593 1
6147 9680 4
6147 9970 2
6147 9889 13
6151 8755 1
6151 8570 2
6151 9630 1
6164 9246 1
6164 8714 3
6164 9442 1
6187 9893 29
6247 8680 8
6247 9885 1
6251 9243 1
6251 8944 2
6251 8990 1
6251 9342 1
6251 8953 12
6251 9670 3
6251 8858 2
6251 8930 1
6251 9788 1
6251 9880 2
6251 9905 1
6269 9969 1
6269 9122 3
6269 9679 1
6272 8771 3
6272 8813 1
6272 9672 1
6280 8941 2
6304 8809 1
6304 9676 8
6304 9939 2
6304 9557 6
6322 9756 1
6322 9923 1
6322 8689 2
6322 8998 2
6332 9186 1
6332 9437 3
6332 8552 1
6337 8599 2
6337 8775 2
6337 9629 1
6337 9457 58
6337 9434 3
6337 9954 3
6357 9135 1
6357 9554 1
6357 9698 1
6357 9057 1
6357 8796 1
6357 9331 1
6373 9044 1
6373 9950 7
6379 9101 6
6379 8944 1
6379 9609 1
6379 8606 1
6379 9306 1
6379 9346 1
6379 9126 1
6379 9290 4
6379 9567 1
6397 8724 2
6397 8921 3
6397 9318 1
6397 9863 22
6397 9752 5
6397 8950 1
6397 9612 1
6397 8599 1
6397 8683 1
6397 9142 1
6414 9788 1
6414 9267 2
6414 8548 1
6414 8811 10
6414 9203 1
6414 9574 1
6428 8837 1
6428 9395 2
6428 8554 1
6428 9737 1
6431 9357 1
6431 9579 1
6431 9697 1
6431 9388 1
6453 9371 6
6453 9735 1
6453 9083 1
6453 8910 8
6453 9105 1
6455 9280 3
6455 9537 11
6455 9562 6
6455 8661 2
6455 9535 2
6455 8568 13
6455 9131 8
6455 9707 3
6455 9773 2
6461 9649 3
6461 9227 2
6461 9031 1
6461 9208 1
6461 9714 1
6481 9156 1
6486 9166 3
6486 8829 1
6486 9232 1
6486 8950 1
6497 9253 4
6497 8696 1
6497 9289 1
6504 9807 3
6504 8883 2
6504 8742 3
6504 9001 1
6504 9198 1
6504 9493 1
6530 9668 1
6530 9032 5
6530 9037 5
6530 9099 4
6530 9378 1
6545 9320 1
6555 9503 1
6555 9561 2
6560 8658 1
6562 9731 1
6562 9721 1
6562 8672 1
6562 8571 2
6562 9158 12
6566 8653 1
6566 8644 1
6566 9663 1
6571 9568 1
6571 9297 1
6577 9389 1
6593 8669 1
6593 9556 2
6593 8961 2
6593 8981 1
6593 9437 1
6593 8660 1
6593 8934 1
6593 9261 1
6599 9545 1
6599 8711 11
6599 8774 1
6599 9806 1
6599 9453 6
6599 8610 1
6599 9804 1
6599 9034 1
6599 9851 2
6601 9776 2
6601 9062 1
6604 9953 1
6604 8988 1
6604 9250 1
6604 8763 1
6604 9056 1
6604 9097 1
6604 9152 17
6634 8660 1
6634 9159 1
6635 8559 4
6635 8956 1
6635 9759 1
6635 9652 1
6635 8910 1
6635 9963 1
6647 9698 1
6647 9122 1
6647 9814 1
6647 9363 1
6649 9123 1
6649 8657 1
6649 8845 1
6649 9555 1
6685 9974 3
6685 8923 3
6685 9083 1
6685 8724 2
6685 8856 1
6713 9445 2
6713 9857 1
6714 8616 1
6714 9332 74
6714 9355 1
6714 8819 1
6727 8974 58
6727 9235 2
6727 9284 3
6727 9337 1
6727 9589 1
6748 8912 1
6748 9013 1
6761 9827 5
6766 9531 1
6766 8778 2
6766 9140 1
6778 9554 1
6778 9309 1
6778 9026 1
6802 9157 63
6802 9066 23
6802 9418 2
6802 9666 1
6802 9879 4
6834 9251 1
6834 9448 13
6834 9528 1
6834 9097 2
6835 9765 3
6835 9918 1
6857 9519 5
6857 9784 1
6857 9971 1
6858 8676 1
6861 9105 5
6864 8610 1
6864 9486 8
6864 9997 1
6864 9217 1
6864 9749 3
6893 8823 2
6893 9156 3
6893 9542 1
6893 8730 2
6901 8865 1
6901 8966 1
6901 9376 2
6903 9362 1
6903 9320 177
6903 8557 1
6903 8649 1
6903 9680 71
6903 9912 1
6911 9270 2
6911 9402 1
6911 9567 1
6913 9401 3
6913 9476 1
6918 9060 1
6918 9376 1
6918 9678 3
6918 9721 11
6938 9949 1
6938 9069 1
6940 8552 2
6940 9490 2
6940 9297 1
6940 9771 1
6942 8606 1
6942 9502 25
6942 9923 4
6950 8956 1
6950 8738 1
6978 8956 1
6978 8970 1
6978 9123 1
7033 9658 3
7033 9861 1
7033 9563 3
7040 9587 13
7040 9092 6
7040 9755 1
7040 8913 1
7040 9442 2
7069 8670 2
7069 9186 1
7069 9513 3
7079 9224 5
7079 9952 2
7079 9227 1
7093 9530 1
7093 8638 1
7093 9113 1
7093 9481 1
7113 9668 1
7113 8957 3
7119 8592 1
7121 8711 1
7121 9525 2
7153 9022 1
7153 9894 5
7153 8992 1
7158 8657 3
7158 9889 2
7158 9134 2
7158 9023 5
7158 9527 1
7158 9558 7
7161 9950 3
7161 9219 1
7161 8992 1
7161 8631 2
7161 9323 2
7161 8988 1
7165 9832 3
7165 9328 1
7165 9463 1
7165 8558 1
7165 8953 1
7165 9348 3
7165 9362 1
7181 9576 1
7197 9071 2
7197 9820 1
7236 8738 2
7236 9364 1
7236 9843 1
7236 8699 1
7236 9200 28
7236 9204 1
7238 9544 1
7238 9496 2
7262 9622 1
7262 9124 1
7269 9973 1
7280 8645 1
7280 9100 2
7280 9787 1
7280 9868 1
7296 9366 1
7296 9143 10
7296 9723 2
7296 9387 1
7296 9579 2
7310 9596 2
7328 9669 1
7328 9676 4
7328 9192 1
7328 9226 4
7382 9244 1
7382 8608 18
7382 8680 3
7408 9765 1
7408 8784 1
7408 9025 1
7408 9625 1
7416 9453 3
7417 9312 2
7417 9014 2
7417 8764 1
7417 8635 5
7417 9704 2
7417 9005 15
7417 9740 1
7423 9205 1
7423 9178 1
7423 9894 1
7425 9670 5
7425 9817 1
7425 8676 1
7425 9216 1
7429 8790 3
7429 8896 1
7437 8913 1
7437 9219 1
7441 9700 3
7444 8830 1
7444 8889 1
7446 9670 1
7446 9778 1
7446 8601 27
7446 9042 2
7446 9069 1
7446 9861 3
7456 8901 1
7456 9639 1
7456 9735 1
7456 9858 4
7456 9312 1
7460 9485 1
7460 8771 2
7460 9040 5
7460 9320 1
7460 9782 1
7460 9977 1
7511 8937 2
7511 9212 3
7511 9919 1
7511 9667 1
7517 9853 1
7517 9564 8
7517 9808 1
7517 9299 4
7517 9484 4
7517 9108 1
7517 9311 1
7522 9817 4
7522 9686 1
7532 9527 1
7532 9743 1
7545 9362 1
7545 9146 2
7545 9238 2
7545 9369 3
7545 8801 5
7554 9561 1
7554 9812 1
7554 8916 2
7554 9270 1
7554 9092 1
7554 9801 1
7554 9151 7
7577 9057 2
7577 9015 1
7577 8822 1
7577 9318 1
7606 8800 1
7614 9834 2
7615 9794 1
7615 8638 1
7615 9184 1
7634 8639 2
7634 9112 1
7634 9925 1
7634 8944 3
7634 9255 3
7634 9709 1
7645 9493 12
7645 9768 1
7645 9527 200
7645 9608 1
7645 9999 1
7645 9573 1
7647 9353 1
7647 8562 1
7647 8553 6
7647 9820 1
7647 9015 1
7647 9622 1
7656 8697 3
7658 9831 1
7658 9835 4
7667 9113 1
7667 8796 1
7667 9176 1
7667 9993 2
7690 9112 4
7690 9172 1
7690 8745 3
7709 9624 4
7709 9010 4
7709 8632 1
7709 8912 5
7709 9658 6
7714 9211 7
7714 9025 7
7714 9642 1
7714 9863 1
7714 9095 1
7718 9622 1
7718 8639 1
7725 9943 1
7725 9508 3
7725 9856 1
7737 9477 2
7737 9487 1
7737 8551 1
7737 8641 1
7737 8997 1
7737 9942 1
7741 9822 2
7741 9993 1
7741 9428 1
7741 9720 1
7758 9219 1
7758 9333 1
7772 9141 3
7772 9004 1
7772 9068 1
7772 9372 1
7778 9463 1
7778 9759 1
7778 9802 1
7778 8829 1
7778 9550 3
7778 9244 1
7778 9915 13
7778 9192 1
7778 8703 1
7782 9158 12
7782 9965 1
7782 9239 6
7782 9975 26
7782 8902 1
7782 9825 1
7782 9900 1
7784 9069 3
7791 9768 4
7801 9938 1
7801 9050 2
7813 9715 1
7813 8961 1
7813 9915 1
7818 9296 2
7818 9272 5
7819 9786 5
7824 9218 1
7824 9988 1
7835 9062 1
7835 9225 18
7841 8684 1
7847 9333 1
7847 9850 1
7847 9896 1
7857 9385 1
7857 8620 1
7860 8583 1
7860 8989 1
7860 9306 1
7860 9418 1
7860 9013 1
7860 9058 1
7860 9364 1
7860 9586 1
7860 9795 2
7861 9031 2
7861 9946 1
7869 8709 1
7870 9208 1
7870 8601 43
7887 9830 2
7893 9358 90
7893 9290 7
7893 9780 1
7893 9064 1
7896 9071 1
7896 9720 4
7896 9811 2
7896 8642 1
7896 9913 1
7896 9614 1
7897 9274 2
7897 9885 1
7907 9561 4
7907 9621 3
7907 9122 9
7907 9349 1
7907 8918 2
7921 8593 1
7921 8913 1
7931 8810 2
7943 8796 4
7943 9154 1
7943 9665 4
7943 9546 1
7943 9639 1
7943 9819 1
7943 8818 5
7944 9830 1
7949 9818 15
7949 9985 1
7971 9850 3
7971 9034 1
7971 9904 135
7971 9840 1
7971 9939 2
7971 9976 6
7975 9029 2
8006 9045 3
8006 9654 1
8006 9626 2
8006 9257 12
8006 9335 1
8006 9603 1
8006 9852 2
8006 8714 1
8015 9248 4
8015 8858 3
8015 9866 1
8015 8670 1
8015 9278 1
8015 9187 1
8015 9528 17
8030 8952 1
8030 9313 2
8030 8779 4
8030 9273 1
8032 9718 1
8032 9242 1
8032 9849 1
8037 9544 4
8037 8861 26
8037 8700 5
8037 9542 29
8041 8683 1
8057 9755 2
8057 9421 1
8088 9225 1
8088 9125 3
8088 9430 11
8090 9918 1
8090 9908 11
8090 9668 2
8090 9807 1
8090 9279 1
8102 9442 1
8102 8555 1
8113 9285 1
8113 9388 1
8113 9558 1
8113 8621 1
8113 9675 1
8123 9864 1
8141 9637 26
8141 9688 1
8177 9448 1
8177 9498 1
8177 9812 1
8177 8654 1
8177 8663 1
8177 8810 1
8177 8960 1
8177 9370 8
8177 9953 1
8178 8653 2
8178 8848 2
8178 9726 2
8179 9777 6
8179 9092 6
8183 8755 1
8187 8608 3
8187 8604 13
8187 9311 2
8187 8685 1
8187 8957 1
8187 9368 2
8187 9529 2
8187 9843 1
8187 9940 2
8187 8922 2
8187 9531 1
8194 9912 17
8194 9170 3
8194 9222 1
8201 9642 3
8208 9036 1
8241 8902 1
8241 8791 1
8241 9365 1
8247 9250 1
8247 9384 1
8247 9639 1
8255 9534 20
8255 8694 4
8255 9326 1
8259 9519 1
8259 9974 3
8261 8651 1
8261 8755 1
8261 9106 3
8261 8893 1
8261 9077 1
8261 9706 10
8261 9840 3
8270 8903 14
8270 9363 1
8270 9501 1
8270 9985 2
8270 8741 1
8270 9754 4
8272 9937 1
8272 8929 2
8272 9873 3
8272 8964 1
8272 9434 20
8272 9484 1
8279 9670 1
8279 9002 1
8279 9769 3
8280 9573 1
8298 9990 1
8298 9635 2
8298 9686 1
8303 9157 5
8303 8652 1
8306 8713 146
8312 9815 1
8324 9178 2
8324 9480 2
8324 9508 2
8324 9640 1
8324 8634 1
8324 8912 17
8324 9295 9
8324 9464 10
8339 9669 2
8339 9830 4
8339 9346 1
8339 8846 2
8365 9250 1
8365 9398 2
8365 8680 1
8365 9064 17
8365 9840 1
8365 9501 2
8365 8977 1
8365 9388 1
8365 9747 9
8365 8615 1
8365 9925 1
8365 8613 2
8365 9068 3
8365 8685 1
8378 9837 1
8378 8889 1
8378 9269 5
8378 8590 1
8378 9725 1
8378 8720 3
8378 9635 26
8378 9794 3
8391 8672 1
8391 9686 2
8391 9770 2
8391 9344 1
8391 9112 1
8391 9850 1
8393 8785 2
8393 8974 6
8393 9573 6
8394 9232 2
8394 9022 1
8394 8922 1
8394 9935 3
8394 8761 1
8399 9861 3
8399 9216 1
8399 8634 2
8399 8837 2
8406 9973 2
8406 9477 5
8419 9785 2
8419 9595 11
8421 9365 1
8421 9400 1
8434 9010 1
8434 8670 2
8434 9596 1
8434 9860 1
8434 8660 5
8434 9366 7
8434 9880 2
8441 9393 2
8441 8970 1
8441 8989 200
8441 9805 1
8462 9024 1
8462 8651 2
8462 8619 7
8462 8759 1
8462 9026 1
8487 9541 4
8487 9112 1
8487 8889 1
8487 9869 1
8491 8990 1
8491 9207 1
8513 9538 1
8513 8801 4
8513 9371 2
8513 9534 1
8522 9596 1
8522 9531 1
8522 8972 1
8522 9669 4
8522 9036 1
8522 9487 1
8522 9678 1
8530 9762 1
8530 9077 1
8531 9634 1
8533 9670 3
8533 9676 1
8545 9443 1
8545 8758 3
8546 9706 1
8546 8759 2
8546 9513 1
8546 9648 1
8547 9041 1
8549 8594 1
8550 8682 2
8551 8566 2
8551 9927 1
8553 8820 6
8554 8853 1
8554 9539 1
8555 8803 1
8556 9101 1
8556 9091 1
8557 8712 1
8558 8565 1
8560 8934 1
8560 8668 2
8560 8656 1
8561 9024 1
8561 9834 16
8561 8825 1
8561 9243 3
8561 9640 4
8562 8679 3
8562 8673 1
8563 8961 1
8563 9973 1
8563 9837 1
8563 8866 1
8563 8900 1
8563 9884 2
8565 9264 1
8565 9363 1
8565 9707 2
8565 9843 1
8565 8945 5
8566 9874 1
8566 9869 1
8566 9982 3
8566 9190 1
8567 8888 1
8570 8572 1
8571 8765 2
8571 8760 1
8572 8904 2
8572 9456 1
8572 9657 1
8572 8857 1
8574 8741 1
8574 9014 1
8574 9599 63
8574 9388 1
8575 9210 2
8575 8858 1
8575 9755 1
8575 9658 1
8576 9819 1
8576 8901 1
8576 9088 1
8576 9388 6
8577 8886 1
8577 9661 12
8577 8855 2
8578 9930 1
8578 9764 1
8578 9043 6
8578 9274 7
8578 9522 1
8581 9524 1
8581 9389 1
8581 9926 1
8581 9778 1
8582 8793 1
8582 9256 4
8582 9540 1
8583 8834 1
8583 8585 7
8584 8672 2
8584 8950 1
8584 9200 1
8584 9355 1
8585 8667 1
8585 9428 1
8585 8861 1
8585 9413 57
8586 8711 1
8586 9563 58
8586 8866 1
8586 9010 1
8586 9733 6
8587 8954 2
8588 8666 1
8588 9774 1
8588 8697 1
8588 9006 2
8588 9113 1
8588 9132 1
8588 9919 2
8589 9510 1
8589 9697 1
8589 9122 1
8589 9780 17
8590 8852 1
8592 9443 2
8592 8727 1
8593 9936 3
8594 9544 2
8594 9054 1
8594 9475 1
8594 8676 1
8594 9179 1
8594 8830 5
8594 9859 1
8597 9848 1
8597 9488 2
8597 8966 3
8597 9795 6
8597 9280 1
8598 9014 34
8599 9936 3
8601 9079 1
8602 9401 1
8602 8811 1
8602 8981 1
8602 9135 22
8602 9485 1
8602 9559 1
8602 9903 1
8603 8725 1
8605 8708 40
8606 8872 1
8609 8618 1
8609 8820 1
8610 8969 1
8611 9238 2
8611 9357 1
8612 9967 22
8612 9438 1
8612 9512 1
8613 9307 1
8614 8702 200
8616 9117 11
8617 9607 1
8618 9513 1
8618 8738 1
8618 9154 1
8618 9517 1
8618 9612 1
8618 9974 1
8622 9725 1
8622 9921 4
8622 8772 1
8623 9844 2
8624 9376 1
8624 9365 1
8624 9424 1
8624 8639 1
8625 8664 2
8626 9165 1
8627 9832 1
8628 9218 2
8628 9033 14
8628 9240 2
8629 9699 4
8630 9555 1
8630 9902 3
8630 9296 1
8630 9787 1
8632 9495 58
8633 9743 4
8633 9108 1
8633 9759 3
8633 9618 1
8634 8943 1
8636 8997 1
8636 9232 1
8636 9138 2
8636 9211 1
8636 9353 1
8637 9497 1
8637 8917 1
8637 9489 1
8637 9099 1
8637 8891 1
8637 8965 1
8637 9514 11
8638 8868 2
8639 8677 1
8640 8814 1
8643 8797 1
8643 8905 1
8644 8935 2
8644 8875 3
8645 8955 1
8646 9662 1
8646 8699 1
8646 9336 1
8646 9725 1
8646 9001 1
8646 9403 1
8647 8776 1
8648 9381 1
8650 9002 2
8650 9091 1
8653 9231 1
8653 8675 2
8654 8758 1
8654 8888 1
8656 8736 19
8658 9231 2
8658 9230 2
8659 9801 1
8661 8871 3
8662 9581 1
8662 9800 1
8662 9097 1
8662 9051 7
8662 9233 1
8662 9752 2
8663 8788 4
8664 9464 2
8664 9811 1
8664 9207 6
8664 8785 1
8664 9045 1
8664 9438 2
8665 8852 1
8666 8701 1
8666 9201 1
8667 9960 1
8668 9079 1
8670 8707 1
8672 9539 2
8672 8782 1
8673 8771 13
8673 9035 3
8673 9833 1
8673 9268 1
8674 9329 7
8674 9556 1
8675 9616 1
8675 9225 2
8675 9804 1
8676 8969 5
8677 8942 6
8677 9632 1
8677 9358 1
8678 8947 1
8678 9804 5
8678 9323 1
8678 9469 1
8678 9596 1
8679 9676 2
8679 9796 1
8679 9997 1
8679 8711 1
8680 8948 1
8682 9849 6
8683 8691 1
8686 8783 1
8687 8840 1
8688 9905 2
8688 8925 1
8688 9736 1
8688 8979 2
8690 8936 1
8691 9414 1
8691 9617 2
8693 9880 1
8694 8852 1
8695 9949 1
8695 9418 1
8695 9906 2
8698 9056 3
8698 9981 1
8698 9453 1
8698 8967 1
8698 9232 1
8701 8939 4
8701 9372 1
8701 9110 3
8701 9501 1
8702 9540 3
8702 8761 1
8702 9756 1
8702 9498 4
8702 9227 1
8702 9281 1
8704 9680 4
8704 9490 2
8705 9555 1
8705 9924 1
8705 8940 1
8706 9853 31
8706 9765 1
8706 8976 96
8706 8865 1
8706 9085 1
8706 9479 1
8707 9394 1
8707 9645 2
8707 9186 1
8707 9305 1
8708 9587 1
8709 8776 1
8712 9114 2
8712 9261 1
8712 9285 200
8713 8737 2
8715 8733 2
8715 8760 1
8716 9879 2
8716 8762 4
8716 9384 1
8716 9931 1
8717 9805 3
8718 9194 1
8718 9336 2
8719 8806 4
8719 9284 50
8719 9456 2
8721 9238 2
8721 8762 2
8721 9404 1
8721 9651 1
8721 9820 115
8723 9133 1
8725 9855 1
8725 9712 1
8725 9793 1
8726 8774 1
8726 9134 4
8727 9520 1
8727 9447 4
8727 9731 1
8729 9929 1
8729 8737 1
8730 8943 1
8731 9945 1
8733 9624 1
8733 8775 1
8733 9071 1
8734 9019 1
8734 9921 2
8736 8994 2
8736 9171 8
8736 9424 1
8737 9617 86
8737 9452 2
8737 9498 1
8739 9173 1
8740 8820 2
8740 8984 4
8743 8915 1
8744 9430 1
8744 9259 1
8746 9967 1
8746 8763 200
8747 9801 1
8747 9314 3
8748 8989 12
8748 9921 3
8748 9408 1
8748 9105 1
8748 9786 20
8748 9285 1
8748 9853 1
8749 9889 6
8749 9756 5
8750 9466 2
8750 9252 1
8751 9180 1
8751 8783 1
8752 8969 1
8752 9167 1
8753 9341 1
8753 9511 1
8753 9124 1
8753 9923 1
8754 9643 1
8754 9125 1
8754 9508 1
8754 9876 4
8754 9955 1
8754 9114 3
8754 9883 1
8756 9549 2
8756 9082 2
8757 9988 1
8757 9896 3
8757 9208 1
8757 9854 3
8758 9425 1
8758 9561 1
8760 9001 2
8760 8973 1
8760 9860 13
8762 9532 1
8764 8839 1
8765 8773 1
8765 9898 3
8766 9242 1
8766 9344 6
8766 9627 1
8769 9765 1
8769 9876 1
8772 8936 1
8774 8906 1
8775 9041 16
8776 9295 1
8776 9516 5
8776 9670 4
8776 9943 10
8777 9431 1
8777 9086 1
8777 9478 1
8780 9967 1
8780 9076 1
8780 9537 2
8781 9552 1
8782 9078 2
8782 8837 1
8783 9213 1
8783 8923 1
8783 9470 1
8783 9736 1
8785 8840 2
8786 9370 7
8786 9915 1
8786 9935 2
8788 8833 11
8788 9109 1
8788 9394 2
8788 9520 1
8788 9650 1
8788 9559 3
8788 9747 1
8788 8922 1
8788 9654 1
8791 9661 5
8792 9993 1
8795 9255 1
8795 9538 3
8795 9952 18
8797 9895 92
8797 9918 3
8797 9329 1
8797 9531 4
8797 9116 6
8797 9556 4
8797 9832 1
8797 9884 1
8798 8926 2
8799 9085 1
8799 9204 5
8799 9064 2
8799 9373 1
8800 8886 1
8802 9889 1
8803 9928 1
8803 9870 3
8804 8927 1
8805 8954 1
8807 9956 2
8807 9559 1
8808 9692 3
8808 8900 12
8811 8840 9
8814 8990 1
8814 9411 1
8814 8861 1
8814 9096 24
8814 9826 12
8814 9908 1
8815 9830 1
8816 9260 1
8816 9082 1
8816 9486 4
8816 9950 1
8820 9851 1
8820 9635 1
8820 9803 2
8823 9927 2
8824 8965 3
8824 8978 1
8824 8842 1
8826 9905 3
8827 9321 1
8828 9035 1
8828 9010 1
8828 9544 1
8828 9554 2
8828 8876 1
8831 9743 9
8831 9851 2
8831 9018 2
8831 9608 1
8834 9168 1
8834 9160 1
8834 9396 1
8834 8950 1
8834 9587 8
8834 9257 2
8835 8948 1
8836 9032 15
8836 9359 1
8838 9012 1
8838 9102 1
8839 9658 1
8839 9680 3
8840 9044 8
8840 9704 1
8840 8952 1
8840 9118 1
8849 9844 1
8850 8973 2
8852 9467 1
8852 9122 1
8852 9496 8
8852 9479 1
8852 9645 2
8852 8937 1
8852 8941 4
8853 9123 1
8853 9318 1
8853 9355 1
8853 9627 2
8853 9861 1
8854 8996 5
8854 9367 1
8855 9464 1
8855 9102 1
8855 8929 1
8857 8868 1
8859 8863 1
8859 9031 1
8859 9806 7
8860 9094 1
8862 9020 1
8862 9394 1
8867 8871 1
8867 8872 2
8868 9345 2
8868 9785 3
8868 9044 3
8868 9603 1
8868 9779 1
8868 9327 10
8868 9198 1
8868 9279 1
8868 9154 1
8868 9306 1
8868 9858 1
8869 8929 1
8869 9429 1
8869 9535 2
8869 8904 1
8869 9501 1
8869 9197 2
8871 9675 8
8871 9195 2
8871 9152 2
8871 9898 1
8872 9428 1
8872 8942 2
8872 9436 2
8872 9990 1
8872 9042 1
8873 9267 1
8873 9534 1
8874 9379 1
8874 9582 1
8874 9228 1
8875 9752 1
8875 9477 1
8877 9553 2
8877 9349 1
8877 9396 1
8877 9907 1
8877 9757 2
8878 8905 1
8879 8906 1
8880 9875 9
8880 9454 1
8880 9795 1
8881 9814 2
8882 9007 4
8882 9088 1
8883 9539 2
8885 9025 1
8886 9976 1
8888 9463 1
8888 9368 1
8888 9977 62
8888 9002 1
8888 9021 1
8888 9680 1
8891 9927 2
8893 9316 1
8894 9568 1
8894 9312 8
8897 9267 1
8897 9507 1
8898 9082 2
8899 8929 1
8899 9379 3
8905 9320 94
8905 9317 15
8905 9527 4
8905 9887 10
8905 8952 1
8906 9135 1
8906 9226 2
8906 9825 1
8906 9371 1
8906 9036 1
8906 9151 10
8906 9094 2
8907 9507 3
8907 9272 1
8908 9528 3
8908 9206 4
8908 9621 1
8908 9705 1
8911 9227 1
8911 9815 2
8914 9789 1
8914 9079 1
8915 9823 5
8916 8969 1
8918 8935 1
8919 9661 1
8920 9108 1
8920 9981 1
8920 9458 1
8920 9990 1
8921 9693 1
8923 9417 1
8924 9254 2
8926 8995 1
8926 9762 1
8927 9714 7
8927 9132 2
8927 9839 1
8927 9324 1
8931 9369 1
8931 9556 6
8931 9809 1
8931 9866 2
8931 9906 1
8931 9317 1
8931 9489 1
8932 9146 1
8932 8977 1
8932 9505 6
8932 9250 1
8933 9521 1
8935 9226 2
8935 9149 1
8935 9431 1
8936 9665 2
8936 9490 1
8937 9660 2
8938 9064 1
8940 9515 1
8941 9117 4
8942 9119 15
8943 9207 1
8943 9386 1
8943 9712 2
8943 9873 12
8943 9149 1
8943 9525 1
8945 8946 2
8946 9220 1
8948 9930 2
8949 9045 1
8949 9725 1
8949 9384 21
8949 9419 6
8954 9818 2
8954 9621 2
8954 9200 1
8954 9747 1
8955 9529 4
8955 9470 1
8955 9701 1
8958 9302 1
8959 9641 2
8966 9495 1
8968 9387 1
8968 9358 3
8968 9910 1
8969 9699 13
8969 9197 1
8969 9542 1
8969 9575 1
8969 9999 1
8970 9829 2
8983 9539 1
8984 9898 1
8984 9750 2
8984 9566 1
8984 9780 1
8984 9114 1
8984 9134 1
8984 9360 1
8984 9852 1
8990 9167 19
8992 9724 2
8994 9945 1
8998 9996 15
9002 9133 1
9004 9167 1
9006 9724 1
9015 9420 1
9015 9521 5
9016 9457 1
9016 9422 1
9016 9965 1
9019 9607 2
9020 9231 1
9020 9292 4
9024 9547 1
9041 9701 2
9041 9903 6
9057 9660 1
9071 9307 1
9074 9547 1
9076 9693 1
9079 9095 1
9079 9297 20
9079 9433 4
9079 9885 1
9079 9408 1
9079 9261 1
9099 9307 2
9102 9381 1
9109 9661 3
9115 9446 1
9115 9436 1
9117 9534 1
9117 9736 1
9119 9407 1
9119 9831 6
9121 9696 1
9126 9539 1
9127 9196 2
9129 9468 10
9133 9595 1
9133 9383 2
9133 9754 3
9146 9466 2
9153 9798 2
9159 9521 2
9167 9253 2
9169 9661 1
9172 9495 4
9175 9308 1
9180 9272 3
9180 9895 1
9180 9475 1
9180 9499 3
9180 9189 2
9180 9692 1
9188 9822 1
9188 9772 1
9195 9495 4
9201 9448 1
9203 9443 1
9203 9724 3
9207 9661 2
9218 9381 1
9230 9313 1
9231 9453 2
9236 9922 1
9249 9947 1
9249 9832 1
9249 9859 1
9249 9541 1
9249 9978 1
9252 9442 1
9252 9825 3
9252 9677 1
9252 9562 1
9258 9495 2
9264 9307 1
9274 9607 1
9279 9724 1
9292 9373 1
9292 9989 1
9305 9591 1
9316 9840 1
9321 9867 38
9336 9909 1
9356 9722 1
9360 9844 1
9368 9828 1
9381 9657 1
9382 9991 2
9383 9641 1
9390 9724 1
9403 9417 1
9409 9829 2
9417 9926 2
9419 9929 1
9424 9521 1
9455 9515 11
9459 9727 14
9464 9466 7
9466 9701 2
9469 9495 9
9473 9547 1
9495 9701 1
9512 9929 1
9514 9641 1
9515 9659 1
9515 9712 1
9515 9653 1
9521 9575 73
9522 9660 1
9530 9661 2
9532 9978 4
9539 9754 2
9547 9669 2
9547 9684 1
9547 9732 8
9607 9744 1
9618 9828 1
9641 9823 1
9648 9789 1
9661 9890 1
9661 9978 1
9661 9717 2
9682 9909 1
9691 9965 1
9693 9830 1
9693 9887 1
9709 9996 2
9745 9995 1
9762 9927 2
9828 9888 1
9829 9838 4
9829 9852 23
9858 9960 1
9909 9959 1
9927 9944 3
9945 9947 1
