0 9566 1
0 8634 2
0 8837 1
20 9793 2
20 9254 2
20 9743 1
29 8633 4
29 8650 1
29 9421 1
32 9402 1
32 9776 1
32 9190 2
32 9738 2
42 9665 17
42 9672 1
42 8795 2
42 9224 1
42 9598 18
42 9711 1
56 9109 1
56 9924 2
59 9658 1
87 9921 1
99 9466 1
99 8869 1
99 9508 1
109 9091 4
109 9505 1
113 9159 5
126 8737 200
128 9691 1
128 9590 1
128 8774 4
128 8695 1
128 9255 2
128 8591 1
128 9233 1
129 9143 1
129 8980 1
129 9906 1
129 8972 1
129 9722 2
129 9693 1
133 9252 1
133 9114 2
133 9485 1
135 8966 1
135 9332 1
135 9395 1
142 9545 2
152 9730 5
154 9138 13
154 9377 44
154 8998 1
154 9439 1
163 9175 1
163 9060 1
163 9284 1
163 9792 2
163 8656 17
163 9389 1
163 9423 3
163 9689 1
163 9853 1
163 9757 1
167 9856 8
167 9226 6
167 8997 2
180 9999 2
180 8582 1
180 8611 1
180 9564 2
180 9073 1
204 9921 1
204 9828 6
210 8898 1
210 8777 1
210 8660 1
210 8719 2
214 9639 6
214 9731 5
229 8657 2
229 8662 4
229 9448 3
229 8576 1
229 8610 1
229 8611 4
229 8984 1
229 9047 3
229 9173 1
229 9238 2
235 9017 1
257 9259 1
257 9488 1
260 9623 3
260 9171 1
260 9198 1
260 9113 1
271 9077 2
271 9397 1
271 8794 1
271 8854 1
271 9546 2
288 8605 1
288 9229 5
288 8682 1
288 8922 2
298 9477 1
298 9422 1
304 9253 1
304 9814 4
304 9247 2
310 9046 15
318 8598 2
318 8872 5
318 9129 1
318 9487 2
318 9716 1
319 8572 6
319 9349 1
319 9897 1
319 8651 1
319 8834 2
324 8978 2
324 8629 2
324 8657 17
324 9206 2
324 8830 1
324 8862 2
324 8910 1
324 9700 1
331 9547 3
331 9512 1
331 9377 1
331 8607 1
331 9775 1
355 9092 1
355 8976 1
355 9769 1
355 9911 3
359 9362 1
364 9207 2
366 9511 1
366 8627 1
366 9632 2
366 9943 4
366 8610 1
366 8632 1
366 9057 1
366 9245 2
386 9860 1
386 8719 1
386 9998 4
386 9937 2
386 8603 2
386 9077 1
386 9257 1
386 9541 7
389 8926 1
392 9339 1
392 9639 1
392 8771 1
392 8834 1
392 9269 1
392 9322 1
402 9739 1
402 9970 1
405 9319 1
405 9199 1
405 9353 5
406 9416 2
406 8756 1
406 9176 1
406 9920 3
406 9298 1
406 9724 4
406 9105 1
406 9466 1
406 9462 1
408 9482 1
408 8527 1
408 8920 1
408 9201 3
417 9476 1
417 8605 1
429 9537 1
435 8901 10
435 9571 5
435 8947 14
447 9386 1
447 9897 1
447 9151 2
447 9519 1
452 9257 2
452 9383 6
456 9836 1
456 8904 2
459 8611 6
459 8953 1
459 9713 8
459 9485 1
459 8973 1
465 9264 1
465 9559 1
470 9371 1
470 9403 2
470 9843 1
475 9870 1
475 9026 20
491 8799 1
491 8898 1
491 9102 1
499 9165 1
499 9401 1
499 9741 1
512 9795 1
512 9286 3
512 9419 1
512 9869 2
535 9984 4
535 8799 2
536 9432 2
536 8665 1
536 9263 1
536 8771 1
536 9054 1
536 9612 3
536 9737 1
539 8700 6
539 9366 5
539 9693 1
539 9072 3
544 8823 1
544 9225 1
544 9161 1
544 9902 1
548 9004 1
548 8656 1
548 8558 4
554 9008 1
554 8635 1
554 9621 1
559 8683 1
559 8754 200
559 8976 2
559 9369 1
559 9582 2
559 9556 1
559 9631 1
560 9427 1
560 8735 4
560 9871 5
570 9623 13
570 9920 2
570 9877 1
570 9229 2
570 9469 1
575 9025 4
575 8607 1
597 9895 1
597 9450 1
597 9424 1
597 8846 1
597 8601 1
606 9329 1
606 9594 5
606 8898 1
606 9613 1
606 9943 1
606 9722 5
624 9057 2
624 9489 1
625 9003 1
625 9793 1
625 8625 1
625 8657 2
625 8779 1
625 8863 1
625 8868 26
627 8892 1
627 9545 1
644 9561 3
644 8996 1
644 9893 8
669 8785 4
669 9651 1
671 9576 1
671 8940 2
671 9782 1
671 9479 1
678 9584 1
678 8572 5
678 9746 1
685 9450 2
685 9076 4
694 9732 2
694 9670 1
694 8636 2
739 9083 2
739 9116 1
739 9314 1
747 9312 1
747 9138 7
747 9323 1
747 9151 1
747 9481 2
747 9387 17
750 9428 1
750 9191 1
750 9234 1
750 9655 1
756 8898 3
756 9734 1
773 8759 1
773 8592 28
773 9716 3
773 8878 1
796 9372 1
796 9796 1
805 9029 1
805 8805 1
805 9325 38
805 9522 9
811 9670 10
812 9965 2
813 9697 1
813 8689 1
813 8715 2
813 9561 3
813 9786 1
831 9649 2
831 9622 13
831 9812 2
845 8554 15
845 9134 1
845 9527 1
845 9544 1
854 8629 1
854 9492 2
854 9598 1
854 9427 1
872 9584 2
872 8882 1
872 9746 1
872 9693 1
875 9878 1
875 9561 8
875 8714 103
875 8863 1
875 9538 1
875 9542 4
875 9968 2
876 8523 1
876 9546 1
876 9760 3
876 9859 1
885 9100 1
888 9817 1
890 9293 1
894 9459 1
894 9646 1
894 8600 3
894 8748 1
894 8913 2
894 9421 1
894 8833 2
900 8953 3
900 9834 2
900 9528 1
900 9619 1
905 8677 3
905 9745 1
905 8570 1
905 9315 1
914 9399 5
914 9613 2
914 8842 11
914 9899 1
915 9102 2
915 9285 2
920 8815 10
920 9153 1
920 8848 1
920 9645 29
920 9017 1
924 8827 1
924 8829 1
930 9384 1
930 9469 2
930 8924 1
936 9237 1
936 9430 1
936 9827 2
936 9158 1
944 9891 1
944 9547 2
944 9268 1
944 9800 36
944 9641 1
947 9764 1
947 9789 149
968 9350 1
968 8937 1
968 8758 2
968 9228 3
982 9199 1
982 9629 2
982 9733 4
982 9784 5
986 9590 1
986 9066 1
986 9452 2
987 9173 1
987 8648 3
987 9714 1
1010 8660 1
1010 8820 1
1010 9134 1
1010 8550 1
1010 9593 3
1010 9472 2
1010 9708 15
1016 9820 1
1016 8996 3
1016 9584 2
1016 8551 1
1016 9108 1
1018 8834 2
1018 9481 1
1018 8856 1
1018 8600 1
1021 9377 1
1021 9121 1
1028 8564 1
1030 8756 5
1030 9749 3
1030 9886 1
1030 9176 16
1030 9680 1
1040 8779 1
1040 9008 1
1040 9595 5
1040 9628 2
1040 9255 1
1046 8596 6
1046 9089 1
1046 9512 2
1052 8610 2
1052 9409 1
1052 9683 1
1052 9046 11
1052 9568 1
1052 9552 3
1056 3186 1
1056 9808 1
1068 8690 1
1068 9878 1
1068 9802 1
1078 9045 2
1078 9261 1
1083 8614 7
1083 9173 2
1084 9530 1
1109 9356 1
1109 8591 1
1111 8969 3
1111 8632 4
1111 9130 1
1111 9259 1
1112 8754 1
1112 9252 1
1116 8521 1
1116 8757 1
1116 9378 1
1116 9624 1
1116 9760 4
1116 9822 1
1133 8824 1
1133 9615 1
1142 9610 4
1142 8909 1
1160 8704 1
1160 9701 1
1174 8919 1
1174 9083 3
1174 8621 9
1177 9460 4
1177 9707 1
1197 9227 1
1205 9105 4
1205 9226 2
1205 8775 1
1211 9895 1
1211 8834 1
1211 8521 1
1211 8822 1
1211 8827 39
1211 9072 2
1215 9282 1
1215 9417 1
1215 9617 1
1215 9993 1
1215 8838 1
1215 9325 2
1215 9888 1
1220 9111 6
1220 9146 2
1220 9684 2
1220 9928 3
1221 8888 1
1221 8568 2
1241 9294 2
1241 9691 26
1253 9441 12
1253 8677 2
1253 9755 2
1253 9411 2
1253 9811 2
1255 8938 1
1255 9874 1
1255 9208 2
1299 9686 2
1299 9568 1
1307 9034 1
1307 9734 10
1307 8627 1
1312 9266 2
1327 9799 1
1327 9037 1
1327 9249 5
1329 9434 1
1329 9081 3
1329 9234 1
1329 8660 1
1329 8549 1
1337 9449 1
1337 9511 2
1338 9938 6
1338 9356 1
1338 9511 4
1338 9686 2
1338 9912 1
1344 8897 120
1344 9846 1
1344 9447 31
1344 9171 1
1344 9834 1
1394 8892 1
1394 8702 3
1400 9229 1
1400 9350 1
1402 9056 1
1402 8985 1
1428 9789 1
1428 9584 1
1440 9683 1
1440 8950 1
1440 8972 3
1440 9138 3
1455 9347 1
1455 9077 6
1455 9686 7
1465 8933 1
1465 8802 1
1465 9476 1
1465 9490 1
1473 9429 1
1473 9629 1
1495 9123 2
1495 9684 1
1501 8837 4
1537 8927 1
1537 9005 1
1541 9365 4
1541 9841 1
1545 8926 1
1545 9725 2
1545 8706 1
1551 9218 1
1603 9078 1
1603 8655 1
1603 8952 1
1603 8745 1
1603 9029 2
1603 8734 1
1620 9135 1
1620 9464 1
1620 9027 4
1620 9407 1
1620 9804 1
1620 9850 8
1620 9459 1
1620 9062 9
1620 9284 1
1620 9334 2
1623 9858 3
1623 8596 1
1623 8737 1
1623 9328 1
1626 9094 1
1626 8884 1
1626 9034 1
1626 9792 1
1647 9701 1
1647 9961 1
1647 9979 1
1647 8910 3
1647 9029 1
1647 8587 55
1647 9909 1
1651 9673 1
1651 9309 1
1700 8884 1
1700 9046 1
1700 8817 4
1700 9108 4
1700 9191 1
1700 8650 2
1700 9649 1
1700 9941 1
1704 9905 1
1704 9119 1
1704 9350 200
1704 8621 1
1704 8811 2
1704 9214 1
1704 9768 1
1724 9439 2
1724 9239 1
1724 9665 1
1733 9314 1
1739 8762 1
1739 9253 1
1739 9257 1
1739 9055 1
1739 9318 1
1739 9428 1
1739 9741 1
1739 9856 1
1739 8846 1
1739 9289 1
1739 8665 1
1757 9602 3
1757 8944 4
1766 9384 2
1766 9762 3
1766 8971 1
1766 9613 3
1778 8583 1
1778 9422 2
1778 8694 1
1778 8961 1
1819 9022 2
1819 9430 1
1819 8695 4
1834 8861 3
1834 9551 1
1857 8857 1
1857 9730 1
1857 9904 1
1859 9799 1
1859 8872 1
1859 9424 1
1859 9317 1
1859 9400 1
1859 8747 9
1861 9522 1
1861 9530 1
1861 9718 5
1861 9619 2
1893 8864 1
1893 9683 1
1893 9456 1
1893 8962 1
1893 9579 3
1893 9569 1
1893 9971 1
1906 9463 1
1906 9406 2
1906 9413 1
1922 9845 1
1922 9251 1
1929 9502 3
1929 9271 1
1929 9382 2
1929 9118 1
1929 9720 1
1934 9845 4
1934 9869 3
1934 8803 1
1955 9152 4
1955 9511 1
1955 9126 1
1955 8772 1
1962 9367 3
1962 8658 1
1962 8535 4
1962 8697 1
1962 9050 1
1962 9271 3
1962 9731 1
1962 9475 1
1969 8770 1
1969 9544 1
1969 9033 1
1969 8820 8
1969 8937 1
1969 9530 3
1969 8792 1
1969 9125 1
1970 9852 3
1970 8587 1
1970 9032 6
1978 9583 1
1978 9488 1
1988 9133 3
1988 8703 1
1988 9916 6
1988 8697 4
1988 8600 5
1988 9510 1
2012 9134 2
2021 9347 1
2021 8864 2
2021 8589 4
2021 9064 1
2021 9940 3
2047 8981 1
2055 9094 4
2055 9099 1
2055 9902 1
2085 9639 1
2085 8771 1
2085 9475 1
2085 8976 1
2085 9725 2
2085 9738 5
2085 9799 2
2085 8786 1
2093 9810 2
2120 8776 11
2120 9756 1
2120 9436 1
2120 8700 16
2120 9277 1
2121 9938 50
2121 8961 2
2121 9451 1
2121 9893 2
2121 8882 2
2121 8683 2
2121 8814 1
2150 9579 1
2150 9078 7
2150 9699 1
2150 8869 200
2150 9111 1
2160 9566 3
2195 9236 1
2195 9261 1
2195 8757 1
2207 9349 1
2207 9612 2
2207 9384 1
2207 9100 3
2207 9402 2
2207 9927 1
2209 9159 2
2209 9037 3
2209 9349 1
2209 9266 7
2209 9042 1
2215 9119 17
2231 9572 1
2231 9311 6
2239 9992 5
2239 8861 1
2239 8678 2
2242 9210 1
2242 9960 1
2247 9191 1
2247 8985 2
2247 9646 1
2247 9223 1
2264 9973 2
2264 9446 1
2264 9486 1
2264 9561 1
2264 9799 1
2290 9102 4
2290 9131 1
2290 8597 1
2290 9132 1
2295 9367 1
2308 9227 1
2312 9532 7
2312 8953 7
2312 9248 1
2312 9785 2
2322 9276 9
2322 9789 1
2322 8703 15
2322 9836 1
2322 8662 2
2328 9222 1
2328 8573 1
2328 8954 1
2334 9318 23
2334 9385 2
2336 9450 1
2340 8650 4
2340 9170 1
2380 9849 1
2380 9019 1
2380 9703 1
2380 9776 5
2380 9897 1
2415 9092 1
2415 9293 7
2415 9399 1
2415 9993 1
2442 9623 1
2442 9141 2
2442 9856 1
2442 8822 1
2442 9206 14
2442 9561 14
2480 9784 3
2488 9352 1
2488 9622 1
2492 9066 1
2492 8608 8
2492 8711 3
2492 9141 1
2524 8834 18
2524 9684 1
2524 8795 1
2524 9292 1
2524 8892 1
2524 9407 4
2547 9336 2
2564 9747 8
2564 9705 1
2564 9942 2
2569 8570 4
2569 8931 1
2569 8859 4
2569 9794 1
2569 8787 1
2569 9308 1
2569 9990 2
2570 8710 6
2570 9347 1
2572 9135 1
2582 9248 1
2582 8827 1
2591 8658 20
2591 8639 30
2591 9369 10
2591 9673 1
2608 8952 18
2608 9790 1
2616 8952 1
2616 9875 1
2616 9177 1
2632 8944 1
2632 8881 1
2641 9201 1
2641 9976 1
2641 8835 1
2672 9702 5
2672 9004 1
2672 9459 1
2731 9621 1
2731 8849 1
2731 9593 1
2731 9140 2
2731 8956 1
2731 8640 1
2731 8775 1
2731 9715 26
2731 8577 1
2731 8967 2
2733 9356 2
2733 8554 1
2733 9763 1
2747 9665 1
2747 8820 1
2747 8559 1
2747 9566 1
2747 9756 2
2769 9844 1
2769 9033 1
2769 9544 4
2772 8803 1
2772 9175 1
2772 9692 1
2779 8550 1
2779 9797 1
2788 9264 1
2788 9793 2
2803 9238 1
2803 9218 3
2803 9033 1
2803 9834 1
2826 8963 1
2826 9811 1
2826 9131 1
2827 8849 2
2827 9124 1
2827 9675 143
2830 9276 1
2830 9132 1
2832 8802 38
2832 9628 43
2838 8879 1
2838 9126 2
2840 9518 1
2840 8599 1
2840 8861 1
2876 8849 4
2878 9234 1
2878 9889 1
2878 8907 1
2878 8752 1
2878 8709 1
2878 9525 1
2878 9441 6
2883 8912 3
2883 9020 1
2883 9106 1
2883 9394 1
2900 8883 1
2900 9913 1
2900 8999 1
2932 8891 11
2932 9549 1
2958 8946 1
2958 9294 3
2969 9459 1
2979 9085 1
2979 9225 1
2979 8931 1
2979 9552 1
2979 9702 3
2979 9304 2
2991 8811 19
2991 9668 1
2991 9960 1
2991 8594 1
2991 8985 1
2991 8674 1
2991 8770 1
2991 9495 4
2997 9843 11
2997 9663 1
2997 8705 2
2997 8583 4
3007 9200 1
3012 8814 1
3012 8838 2
3012 9446 1
3016 9005 1
3016 9249 2
3016 8738 7
3016 8824 1
3016 9530 2
3016 9973 1
3020 8930 3
3020 8839 3
3020 8732 38
3020 9309 2
3020 9399 3
3029 8599 1
3029 9199 1
3029 9061 1
3032 9899 1
3032 8523 1
3039 9876 1
3039 9884 1
3039 9984 1
3053 8771 1
3053 9046 1
3091 9716 1
3091 9656 1
3093 9716 1
3093 9223 1
3093 9269 1
3093 8620 1
3093 9179 1
3093 9473 1
3093 9844 2
3114 8776 2
3114 9047 1
3114 9832 1
3114 8572 1
3114 9856 1
3115 8815 3
3115 9022 2
3115 9167 7
3115 9367 1
3115 9675 1
3164 8724 7
3164 9972 18
3173 8989 1
3173 8825 1
3173 9339 56
3186 9258 1
3186 9471 6
3194 9395 1
3194 8809 1
3194 9337 1
3194 8623 1
3198 9189 7
3198 9493 1
3198 9995 1
3218 9788 1
3218 9724 2
3218 9453 1
3223 8751 1
3223 9020 14
3231 9085 1
3231 9575 1
3231 9852 10
3231 9909 1
3231 9620 1
3233 9718 1
3233 9896 4
3239 9436 1
3239 8937 1
3239 9149 11
3239 9850 5
3253 9990 1
3253 9223 1
3253 8785 1
3257 8762 1
3257 9874 2
3259 8904 1
3259 9056 1
3259 9947 3
3259 9432 1
3260 8525 4
3260 9366 1
3260 9394 2
3260 9989 1
3260 9910 1
3260 9788 1
3260 8779 1
3266 8829 2
3266 8962 1
3267 9121 1
3267 9874 1
3267 9057 1
3267 9270 2
3289 9942 1
3289 9454 1
3289 9582 1
3328 9078 1
3328 8875 1
3328 9771 2
3343 9836 1
3343 9654 1
3343 8523 1
3343 9687 79
3343 9181 3
3343 9237 1
3343 9594 1
3347 9452 1
3347 9267 1
3347 9821 43
3351 9897 1
3351 8792 2
3367 8792 1
3367 9594 4
3367 9566 9
3367 8531 3
3367 8601 3
3367 9152 2
3367 9153 1
3367 9298 1
3370 9086 1
3370 9903 1
3370 9881 3
3370 9857 1
3370 9626 6
3370 9560 5
3376 9017 1
3409 8710 1
3413 8702 1
3413 9069 3
3413 8608 1
3413 8931 2
3413 9550 1
3413 9867 1
3414 9139 1
3414 9462 3
3414 9789 1
3414 9985 1
3420 9374 5
3420 8636 4
3420 9375 10
3420 9519 1
3420 9873 1
3420 9945 1
3420 9739 2
3432 9094 1
3432 8755 5
3432 9534 2
3432 9470 8
3432 8824 1
3432 9753 2
3432 9066 1
3432 9488 1
3432 9663 3
3432 9943 3
3435 9007 1
3435 9912 1
3435 8543 1
3442 9001 6
3442 9270 1
3442 8862 1
3445 8903 1
3451 8927 1
3451 9152 1
3451 8756 1
3451 9185 1
3451 9526 1
3482 8837 1
3482 8536 5
3482 8717 1
3482 9633 1
3494 9881 1
3494 8723 1
3494 9790 2
3494 9960 1
3508 9746 1
3508 9089 1
3508 9767 1
3546 9165 3
3546 9321 4
3546 9662 1
3546 9903 1
3546 8795 1
3546 9528 1
3546 8807 1
3546 9565 1
3546 9126 1
3557 8869 1
3557 8562 1
3557 8994 1
3559 8794 3
3559 9005 1
3559 9350 1
3559 9450 2
3559 9566 1
3581 9119 1
3581 8573 6
3581 9763 2
3585 9058 1
3594 9999 1
3599 9216 1
3599 9947 1
3599 9238 1
3599 9548 1
3599 9550 1
3599 9129 1
3599 9499 1
3639 9489 1
3639 9216 1
3639 8614 1
3639 9881 3
3642 8614 1
3642 9459 14
3649 9702 5
3649 9869 1
3652 8523 1
3652 8601 1
3652 9031 1
3652 9797 1
3652 9472 1
3652 8832 1
3652 8592 1
3652 9464 2
3654 9107 1
3654 9948 1
3654 9194 1
3661 9864 1
3661 8723 1
3661 9822 1
3661 8744 1
3661 9127 1
3716 8869 1
3716 8930 1
3724 9109 2
3724 8758 1
3724 9522 1
3724 8980 2
3732 9249 1
3732 8837 15
3732 9270 1
3732 9323 1
3777 8929 1
3777 9432 1
3777 8632 12
3777 8938 1
3777 9838 1
3787 9605 2
3787 9032 3
3787 9055 1
3787 9050 1
3787 9025 2
3787 9077 1
3787 9470 4
3790 9593 1
3790 8583 1
3790 8734 1
3790 9664 1
3790 9050 1
3790 9720 1
3790 9374 1
3795 8881 1
3795 9074 2
3795 8961 5
3795 8982 1
3795 9221 1
3795 9697 1
3802 8803 1
3806 8559 1
3806 8794 1
3806 8726 2
3806 9274 7
3807 8682 1
3807 9180 19
3807 8751 2
3807 9402 3
3807 9844 1
3807 8913 5
3807 8940 2
3807 8971 1
3807 9545 1
3828 8599 1
3828 9079 1
3828 9291 1
3833 9371 3
3833 8960 4
3836 9738 4
3836 8884 1
3836 9639 1
3836 8936 2
3836 9099 60
3836 9604 1
3836 9769 16
3836 9896 2
3836 9323 1
3836 9992 1
3860 9869 176
3860 9242 2
3865 8597 1
3865 8596 1
3865 9304 2
3865 9337 1
3867 9098 2
3867 8901 9
3867 9477 2
3871 9870 1
3871 9160 3
3871 9296 1
3871 9476 2
3871 9417 1
3871 9055 7
3871 9165 3
3892 9116 2
3892 9309 1
3892 9481 1
3892 9447 2
3892 9633 5
3892 9737 4
3905 9020 1
3905 9734 5
3905 8539 4
3905 9697 2
3905 8896 5
3905 9190 2
3911 9181 2
3911 9783 1
3911 8527 1
3911 8971 2
3911 9290 148
3911 9453 2
3914 9315 1
3914 9352 1
3914 9180 2
3924 8981 4
3924 9159 1
3924 8524 2
3924 9384 1
3934 8871 3
3934 8836 1
3934 9058 1
3941 8549 1
3941 8550 3
3941 9347 2
3941 9747 5
3941 9935 6
3941 9984 2
3946 8842 3
3946 9271 1
3946 8672 1
3956 8605 3
3956 8698 3
3956 9845 1
3956 9858 1
3956 8717 1
3956 8808 4
3956 9252 1
3956 9585 1
3956 9753 1
3958 9171 1
3958 9512 1
4005 9216 1
4005 9939 1
4037 9298 1
4037 8661 3
4037 9893 5
4037 9690 1
4038 9693 1
4053 9824 2
4053 9889 2
4053 8714 1
4054 9399 1
4054 8832 1
4054 9430 1
4066 9610 14
4066 8717 3
4066 8811 1
4068 9246 1
4068 8794 4
4068 8804 1
4068 9832 1
4110 8981 1
4110 9282 10
4138 8678 1
4138 8940 1
4138 8980 1
4140 9984 1
4140 9590 1
4140 9180 2
4140 9329 12
4151 9979 1
4165 9003 3
4165 9446 3
4165 8911 1
4165 8559 2
4168 9836 2
4170 9252 2
4172 9094 3
4172 8785 2
4172 8938 1
4172 9531 1
4172 9081 2
4172 9390 1
4172 9849 6
4187 9130 1
4187 9436 7
4187 9713 1
4192 9497 1
4192 9200 2
4192 9853 1
4201 9286 1
4201 9775 1
4201 9829 2
4201 9945 3
4234 8620 1
4234 9492 2
4234 9010 1
4251 8805 1
4251 9266 1
4251 9197 1
4251 9019 1
4251 9837 3
4270 8779 10
4270 9659 6
4270 9991 2
4275 9727 1
4275 9521 1
4275 9950 4
4296 8919 1
4296 9049 1
4296 9827 2
4296 9783 7
4296 9026 1
4296 9286 1
4296 9635 2
4296 9795 1
4296 9225 2
4325 9630 1
4325 8919 1
4325 9146 1
4325 8793 2
4325 9579 2
4325 9002 2
4325 9718 64
4325 9001 1
4335 8702 1
4335 9698 1
4335 8820 1
4335 8648 3
4370 9115 2
4370 8651 3
4370 9021 2
4370 8902 4
4370 8582 1
4374 9459 1
4378 8911 3
4378 9419 7
4378 9583 1
4378 8988 1
4384 9197 1
4384 9782 1
4406 9073 25
4406 8535 1
4407 8937 1
4407 9890 1
4407 9768 3
4420 9167 1
4420 9541 1
4420 9317 7
4420 8720 2
4420 8782 2
4420 9669 1
4421 8723 1
4421 9852 2
4421 9593 1
4421 8762 99
4421 8875 12
4421 8627 1
4421 8927 1
4421 9583 1
4431 9246 1
4431 8549 1
4431 9156 1
4431 8556 1
4431 8877 1
4431 9485 4
4431 9829 1
4431 8709 1
4456 9035 3
4456 8912 1
4456 9471 1
4456 9629 3
4456 9395 1
4456 9077 2
4456 8711 4
4456 9397 3
4458 8953 1
4458 8714 3
4458 9464 1
4458 9656 2
4458 9187 8
4482 8732 4
4482 9195 1
4482 9039 1
4482 9619 2
4482 9496 3
4495 8627 1
4495 9456 8
4495 9074 1
4500 8737 1
4500 8991 1
4500 9415 1
4500 9236 1
4500 9400 1
4505 9509 1
4506 9415 1
4506 8946 5
4506 9110 1
4506 9372 10
4506 9683 1
4529 8960 1
4529 8715 2
4529 9137 1
4529 8825 1
4529 9237 1
4529 9061 3
4545 9056 23
4545 9909 4
4545 9957 1
4545 9518 5
4545 8819 5
4545 9119 1
4545 9595 1
4545 9702 2
4571 9246 1
4581 8871 1
4581 8933 1
4581 8531 1
4581 8748 1
4581 9089 1
4583 9251 1
4583 8807 1
4592 9620 1
4592 9730 1
4592 8809 2
4592 9813 1
4596 9998 1
4596 9770 1
4597 9017 5
4597 8929 4
4597 9224 1
4597 9514 1
4597 8721 1
4597 8754 1
4597 8924 6
4597 9493 4
4604 9070 111
4604 9139 2
4612 8808 1
4612 9541 1
4619 9231 2
4619 9339 1
4619 8966 1
4619 8982 1
4621 8922 1
4621 9733 1
4621 9061 1
4621 8576 1
4636 8848 4
4636 8860 1
4636 9646 1
4654 9228 1
4654 8875 1
4654 9630 1
4654 8671 1
4683 8759 4
4683 8881 9
4683 8742 1
4683 9664 1
4683 8722 6
4683 9319 1
4689 9825 1
4689 9937 1
4689 9782 1
4696 9542 1
4696 8788 1
4696 9092 2
4702 8780 1
4702 9001 1
4702 9819 1
4714 9879 3
4714 9623 1
4724 8924 3
4724 8577 4
4724 9069 1
4724 9754 3
4727 9369 1
4740 9679 1
4741 9619 2
4741 8860 3
4741 8724 1
4743 9178 1
4743 8969 7
4743 9711 1
4743 9449 1
4743 9280 1
4813 9060 1
4840 9837 1
4840 9107 1
4861 9485 1
4861 9068 1
4870 9876 1
4870 9860 3
4870 8817 1
4870 9511 1
4870 9998 1
4870 9122 1
4870 9547 6
4871 8903 1
4879 9519 1
4884 8635 1
4884 9063 2
4884 9455 1
4884 8520 2
4884 9486 2
4884 8897 4
4884 8634 1
4884 8629 4
4890 9508 1
4890 8755 2
4890 8990 1
4890 9210 5
4892 8524 1
4892 8724 1
4892 9538 1
4899 8576 2
4899 9639 1
4912 8562 2
4912 9814 1
4917 9158 1
4917 8521 93
4917 9498 5
4917 9804 1
4932 9518 2
4932 9257 2
4936 9168 1
4936 9514 1
4936 9794 1
4961 8672 101
4961 9106 5
4961 9135 2
4970 9390 1
4970 8809 4
4970 8541 18
4970 8640 2
4970 9265 1
4991 8583 1
4991 9475 1
4991 8773 1
4991 9237 1
4991 9614 7
4991 8839 1
4991 8973 1
4991 8546 1
4991 8571 2
4991 9375 4
5035 9334 2
5035 9414 1
5035 9128 14
5035 9878 1
5035 9989 1
5044 9162 1
5044 9301 1
5047 9269 1
5047 9882 25
5047 9981 7
5066 9693 1
5066 9094 8
5067 9304 6
5067 9352 2
5090 9056 1
5090 9899 1
5090 9419 11
5090 9328 1
5090 8677 1
5090 8864 2
5090 9131 1
5090 9924 1
5090 9995 1
5099 9090 1
5099 9119 2
5099 9532 1
5099 8853 7
5099 9790 1
5099 9914 16
5117 9456 1
5117 8639 4
5117 8981 3
5117 9385 3
5117 9913 1
5117 9927 38
5117 8677 1
5117 9969 1
5120 9523 3
5120 9423 1
5120 9479 3
5120 9356 1
5120 9722 1
5120 8684 2
5121 9817 4
5130 9660 1
5130 9054 3
5130 9275 1
5130 9612 1
5130 8805 2
5130 8569 1
5130 9906 3
5135 8877 1
5149 9463 1
5149 9901 1
5151 9679 4
5151 9090 1
5181 9323 4
5203 8760 4
5203 8603 2
5203 9238 1
5203 8539 1
5204 9846 1
5204 9827 1
5212 9581 1
5212 9227 2
5212 9662 1
5212 9303 1
5212 8543 1
5212 9709 4
5212 8550 1
5212 8803 1
5212 9025 5
5212 9049 1
5212 8566 1
5212 8822 2
5212 9115 1
5234 9317 1
5234 9903 1
5234 9564 1
5234 8661 1
5234 9038 1
5245 9168 1
5245 9491 1
5245 8902 1
5245 9632 1
5245 9576 4
5245 9867 2
5245 8773 1
5245 9870 1
5248 9768 1
5248 9432 3
5248 8550 2
5248 9070 5
5251 9705 1
5251 8665 3
5251 9195 1
5255 9058 1
5262 9703 1
5262 9252 1
5262 9409 1
5262 8702 6
5262 9747 1
5267 9029 1
5267 9634 3
5267 9466 2
5279 9034 1
5279 9546 1
5279 8878 56
5279 9148 1
5279 8554 1
5290 9620 1
5290 9617 2
5290 9406 1
5292 9290 1
5292 8808 1
5292 9534 1
5292 9373 13
5292 8909 1
5292 9027 27
5315 9007 2
5338 9859 1
5338 9311 6
5338 9705 1
5364 9435 8
5364 9106 1
5364 9170 2
5364 8680 1
5371 9764 1
5371 9282 1
5371 9593 2
5371 9759 2
5419 8721 2
5419 9027 1
5419 9187 1
5419 9492 3
5422 9486 1
5422 9064 1
5422 9222 2
5422 9175 1
5425 9246 5
5425 8960 2
5425 9394 1
5440 9769 1
5440 8965 5
5454 9201 4
5454 9224 3
5454 9241 27
5454 9078 2
5454 8903 1
5454 9434 1
5455 8627 2
5455 9162 1
5455 9509 1
5469 8882 3
5469 9344 2
5469 9191 1
5469 9274 3
5469 9786 1
5469 8793 1
5470 9969 1
5470 8661 6
5505 8778 1
5505 9419 1
5505 9903 1
5506 9100 1
5506 9409 1
5506 8836 1
5506 9593 3
5506 9695 13
5506 9658 1
5516 9236 2
5516 9838 2
5531 9799 1
5531 9911 1
5531 8822 1
5531 8950 2
5531 9899 2
5531 9421 1
5539 9626 1
5539 8856 1
5539 8742 1
5547 9275 2
5547 9961 1
5547 9382 1
5547 9540 1
5547 9588 1
5554 9874 1
5554 8523 3
5559 8876 2
5559 9207 31
5559 9792 1
5559 8569 1
5571 8732 1
5571 8940 1
5571 9568 3
5571 9822 1
5571 9475 1
5576 9394 1
5576 8700 6
5576 9152 1
5576 9228 5
5576 9626 1
5580 9038 1
5580 9063 1
5580 9703 2
5580 9843 1
5583 9972 1
5583 9157 15
5590 9044 6
5590 9140 2
5590 8820 1
5590 9750 1
5608 9645 1
5608 9049 2
5608 9218 1
5608 9271 1
5608 9689 4
5622 8685 1
5622 8523 1
5622 9808 1
5622 8756 2
5622 9339 4
5622 9628 1
5622 8919 1
5627 9960 13
5627 9867 3
5627 9683 1
5627 9175 2
5627 8972 1
5634 9521 1
5634 9122 1
5634 8623 26
5634 9734 2
5634 9029 1
5650 9493 1
5650 9448 21
5650 9927 10
5650 9413 3
5650 9035 1
5657 9069 2
5657 9118 2
5657 8936 2
5687 9515 1
5687 9201 13
5687 9937 4
5687 9976 1
5689 8792 1
5689 8623 43
5689 9755 1
5707 8887 1
5721 8984 1
5752 9880 3
5752 9204 1
5752 9635 2
5763 9035 1
5763 9291 2
5763 8690 20
5763 9018 1
5763 9068 20
5767 9927 1
5767 9242 1
5767 8846 1
5779 8683 1
5779 9066 1
5779 9264 19
5779 9073 2
5779 9386 1
5779 9856 1
5793 8965 2
5796 9482 1
5796 9698 1
5796 9938 12
5799 8722 2
5799 9793 3
5799 9245 1
5799 9218 2
5799 9724 1
5804 9714 1
5804 9750 4
5804 8965 3
5804 8594 1
5804 8615 1
5832 9019 1
5832 9499 1
5832 9851 4
5832 9160 2
5832 9358 9
5832 9618 1
5844 9476 2
5862 8811 1
5862 8954 4
5862 8936 13
5862 9939 2
5865 8723 1
5865 9953 1
5883 9478 1
5933 8570 1
5933 9314 1
5945 8956 1
5945 9094 1
5945 8936 1
5945 9116 1
5945 9291 1
5945 9043 3
5947 9874 7
5947 9921 1
5947 9471 1
5947 9508 1
5983 9491 4
5983 9055 1
5983 9916 1
5983 9132 1
5983 8902 1
5983 9300 1
5985 8845 1
5985 9246 1
5994 9383 1
5994 8929 2
5994 9195 6
5994 9366 1
5994 9616 1
5994 9890 1
6008 9614 1
6008 8901 3
6008 9423 1
6017 9549 1
6017 9277 1
6017 9424 3
6017 8930 1
6032 8966 1
6041 8799 1
6048 9619 1
6048 9615 1
6083 8985 1
6083 9269 1
6083 9498 1
6083 8723 3
6083 9274 1
6086 9463 1
6086 9965 200
6086 9712 1
6086 9724 1
6086 9086 2
6086 9882 1
6089 8689 1
6089 9969 1
6103 9248 1
6103 9265 6
6103 8690 2
6123 8531 1
6123 8863 3
6123 8697 1
6123 9093 4
6127 8618 1
6127 9050 1
6127 9688 8
6127 9784 1
6127 9849 1
6127 8772 13
6127 9471 1
6127 8954 1
6127 9267 2
6127 9632 3
6127 9903 1
6128 8721 3
6128 9509 1
6128 9257 10
6128 9836 3
6136 9293 3
6136 9456 2
6136 9920 3
6137 9654 1
6158 9551 2
6158 9872 1
6158 9441 2
6158 9857 2
6158 8912 1
6158 9301 1
6158 9415 1
6172 9303 1
6172 9034 1
6172 9867 2
6172 9950 1
6172 8738 1
6172 9388 2
6198 9544 1
6198 9790 3
6198 9540 2
6198 9230 3
6218 9415 6
6226 9550 1
6226 9891 1
6234 9664 1
6248 9386 1
6248 9296 2
6248 9632 1
6248 8888 2
6258 9061 1
6258 8859 13
6258 8730 2
6275 8659 8
6275 9635 6
6288 9733 1
6288 8997 10
6288 9156 13
6288 9751 6
6292 8830 1
6292 8730 1
6296 9799 1
6327 8877 1
6327 9065 24
6327 9588 1
6327 9121 1
6327 9938 2
6327 9654 1
6327 9720 2
6327 9184 1
6353 8731 1
6353 9443 1
6382 8694 1
6382 9329 1
6382 9985 4
6382 9185 1
6385 9510 2
6385 9449 5
6393 9491 2
6393 9349 1
6397 9850 1
6397 8896 2
6397 9495 1
6397 9179 1
6397 9857 3
6414 9559 9
6414 9598 3
6414 8859 1
6419 8607 1
6419 9080 1
6438 8569 4
6438 9901 1
6438 8791 1
6438 9122 1
6438 9713 1
6438 8762 1
6460 9293 1
6460 8644 1
6460 9124 1
6460 9198 1
6463 8932 1
6471 9853 1
6471 9251 1
6471 9267 1
6471 9358 1
6471 8537 1
6471 9079 1
6471 9156 1
6499 9939 1
6499 8917 3
6499 9292 11
6504 8545 7
6504 9378 1
6504 9867 1
6504 9168 2
6504 9352 2
6517 9947 1
6517 9429 2
6539 8884 1
6539 8803 1
6539 9226 1
6541 8607 4
6541 9700 3
6541 9829 1
6547 8724 1
6547 8917 1
6547 8636 7
6553 9376 5
6553 8618 1
6553 8989 2
6553 9042 1
6553 9528 1
6553 9910 1
6558 8554 1
6558 9837 3
6574 9423 4
6574 9875 1
6574 9096 13
6574 9886 1
6578 9223 1
6578 9556 1
6578 9792 1
6578 8872 2
6578 9349 1
6578 9382 1
6578 9409 8
6578 9815 1
6578 9733 1
6581 9560 40
6581 9532 5
6581 9497 1
6600 9099 1
6600 9114 3
6600 9499 1
6600 9505 2
6600 8527 3
6604 9539 1
6604 8901 2
6604 9851 1
6605 9746 1
6605 8960 1
6606 9510 2
6618 8972 1
6618 8738 1
6618 8618 1
6637 9293 1
6647 9481 3
6647 9886 3
6647 8608 1
6647 8961 1
6647 9602 1
6647 9622 2
6647 9251 1
6647 9527 3
6647 9688 1
6693 8930 1
6693 9746 200
6693 9686 1
6693 8558 1
6693 8975 1
6693 9008 1
6693 9797 1
6694 8949 1
6694 9008 1
6694 8833 6
6698 8648 1
6698 9155 1
6698 9708 1
6732 8564 1
6732 8755 1
6732 8710 3
6732 9523 2
6732 8593 1
6732 9537 3
6732 9609 4
6732 9850 1
6742 8836 1
6742 8954 3
6742 9219 4
6747 8744 2
6751 9380 2
6751 9227 1
6752 9544 1
6752 8566 10
6752 8969 1
6757 9537 1
6757 9965 1
6757 9690 2
6762 9512 1
6762 9063 1
6762 9017 43
6762 9913 2
6762 8655 1
6762 9873 2
6783 9133 2
6783 8633 1
6783 9498 3
6783 8944 5
6783 9649 1
6783 9386 4
6790 8543 1
6790 9452 1
6790 9539 2
6790 8885 2
6790 9448 1
6855 9556 1
6855 9572 2
6855 8926 6
6856 8938 2
6856 8593 2
6871 9576 1
6871 8835 1
6871 9319 3
6871 8657 2
6871 8879 3
6871 8962 11
6871 8981 1
6871 9465 1
6885 8795 1
6885 9725 3
6885 9155 3
6885 9537 1
6885 9569 1
6890 9709 1
6890 8695 1
6891 9110 9
6891 8751 2
6891 9779 12
6908 9374 5
6908 8686 3
6908 8902 1
6908 9690 1
6908 9486 1
6923 9631 1
6923 8695 2
6923 9551 1
6923 8747 1
6923 8703 1
6923 8826 1
6923 9096 1
6935 8825 1
6935 9301 2
6935 8740 1
6935 8846 1
6935 9300 1
6935 8871 8
6935 8629 1
6935 9268 2
6941 9337 1
6941 8891 3
6972 9615 1
6972 9825 2
6972 9051 1
6972 9190 39
6972 9888 1
6973 9546 1
6973 9823 1
6982 8727 1
6982 9098 1
6982 8598 13
6982 9222 1
7034 8947 1
7034 9547 2
7037 8745 1
7037 9759 200
7037 9992 2
7037 9387 1
7037 9554 3
7045 9646 1
7045 9024 5
7045 9380 2
7047 8593 1
7047 8635 8
7047 9821 1
7047 9527 3
7048 8938 1
7048 9070 3
7048 9285 1
7048 8591 1
7048 8615 1
7048 9228 1
7048 9304 4
7048 9541 1
7048 9549 1
7048 9602 1
7048 9845 1
7063 9138 1
7063 8853 2
7064 8546 1
7064 9795 1
7088 9194 8
7088 8983 1
7090 9860 1
7090 8608 7
7090 9559 1
7090 8645 1
7090 9645 1
7107 9914 2
7118 8888 4
7118 9344 1
7120 8738 1
7120 9181 2
7120 9027 4
7135 9475 1
7135 8659 3
7135 9604 1
7135 8897 1
7144 9759 1
7157 9730 1
7157 9177 3
7157 9207 2
7157 9699 1
7174 8755 198
7174 9610 17
7189 8695 1
7189 8599 1
7189 9800 2
7189 9463 1
7209 8839 3
7209 8782 1
7224 8774 1
7224 8786 1
7224 9776 3
7239 9659 2
7239 9261 1
7239 9810 1
7257 9128 1
7257 9256 1
7257 9351 5
7257 9942 1
7257 8849 1
7257 9007 2
7257 9825 1
7257 9893 1
7270 9755 9
7270 9451 1
7270 9784 1
7270 8615 1
7282 9406 1
7282 8537 2
7282 9525 1
7286 8760 2
7286 8984 3
7286 9085 2
7286 9056 1
7286 9068 1
7317 8963 12
7317 9624 1
7317 9155 1
7325 8988 1
7325 9860 2
7325 9940 6
7325 8625 2
7325 8829 1
7329 9808 1
7329 9479 2
7337 8775 1
7337 9448 15
7337 9900 1
7337 9526 2
7337 8863 1
7337 9219 1
7337 9726 1
7337 8772 1
7350 8633 2
7350 9550 1
7350 9707 1
7350 9846 1
7350 9481 1
7352 8754 1
7352 8731 1
7352 9206 2
7352 9439 1
7354 9913 2
7354 8520 1
7354 8551 1
7354 9352 3
7359 9451 1
7359 8658 1
7361 8603 1
7361 9741 1
7386 9234 1
7410 8726 1
7410 9424 1
7421 9743 1
7421 9413 2
7421 9051 1
7436 9856 3
7436 9276 1
7436 9422 1
7443 9027 1
7451 9449 2
7451 8777 4
7452 9110 4
7452 9891 3
7488 8614 1
7488 8735 2
7488 9663 1
7488 9045 1
7495 9634 1
7495 9718 5
7495 9477 6
7495 9974 1
7497 9413 4
7497 9896 1
7497 9365 3
7500 9927 3
7517 9869 1
7517 9421 1
7517 9709 1
7517 8887 1
7517 8883 1
7517 9539 3
7544 8995 7
7544 8978 1
7544 9263 1
7544 9714 1
7550 8636 2
7550 8819 1
7550 9901 8
7550 8875 1
7550 9561 1
7550 9111 1
7550 8966 1
7550 9170 1
7550 9460 1
7551 8545 26
7551 8782 123
7551 9708 2
7551 9871 1
7551 9221 2
7551 9478 1
7551 9493 1
7551 9683 1
7557 9991 1
7557 9253 1
7557 9559 1
7557 9754 1
7557 9478 1
7573 9872 1
7573 9308 1
7573 8871 1
7573 9629 1
7579 8998 1
7579 9443 2
7579 8755 1
7583 8591 1
7583 8869 1
7583 9485 4
7586 8569 2
7586 9004 2
7586 9524 31
7611 9718 2
7611 9223 1
7611 9686 1
7611 9810 3
7611 8599 97
7611 8867 1
7611 9845 1
7611 9143 2
7611 9523 1
7611 9849 1
7620 9224 16
7620 9366 7
7620 9957 1
7629 9057 1
7630 9259 1
7630 9989 1
7637 8785 2
7637 9881 2
7637 8656 1
7637 9266 1
7642 8594 1
7642 9362 1
7642 9497 3
7642 8655 1
7674 9124 1
7689 9128 3
7692 9712 2
7692 9788 1
7692 9707 3
7715 9061 2
7715 9545 1
7715 8556 1
7715 9066 1
7715 8868 1
7715 9778 3
7715 8593 4
7716 9941 2
7716 9171 2
7722 8756 1
7722 9533 1
7722 9972 1
7722 9532 1
7722 9554 1
7722 9749 1
7722 9822 1
7724 8759 1
7724 9502 1
7726 9064 1
7726 9675 1
7726 8521 1
7726 9134 1
7726 9826 1
7728 9826 1
7735 8778 1
7749 9376 7
7749 9884 6
7755 9167 1
7755 9380 5
7779 8641 14
7779 9315 5
7783 9387 18
7783 9495 1
7783 9992 1
7783 9460 1
7812 9964 2
7812 9783 1
7820 9927 1
7820 9961 2
7830 8910 1
7830 9020 1
7839 9658 1
7839 9995 1
7843 9019 2
7843 9665 5
7852 8645 1
7852 8787 1
7852 9939 5
7852 9083 2
7852 8524 1
7852 9401 1
7852 9362 200
7865 9790 3
7865 8773 2
7865 8983 1
7865 8877 1
7865 8944 1
7865 9137 1
7869 8541 1
7873 8632 1
7873 9895 1
7873 8740 4
7873 9255 1
7880 9153 1
7880 8780 1
7880 9482 1
7880 9864 1
7910 9122 1
7910 9156 1
7910 9937 1
7910 8720 3
7913 9037 1
7913 8830 2
7913 9123 1
7913 9373 1
7918 9234 1
7918 9315 1
7918 9599 1
7949 8620 1
7949 9900 1
7957 9271 1
7957 8762 4
7957 9456 1
7967 9383 1
7967 9306 4
7967 8988 6
7980 9065 1
7980 9943 1
7980 9523 1
7980 9808 1
8003 9703 3
8003 9394 1
8003 9560 2
8003 9900 2
8003 9432 1
8003 9885 2
8003 9576 1
8016 9062 1
8016 9106 2
8016 9086 1
8016 9149 1
8016 9814 1
8016 9999 25
8034 9751 2
8034 8597 4
8034 8857 1
8044 9764 1
8044 8699 67
8044 8876 1
8053 9110 2
8053 9895 8
8073 9599 1
8079 8839 1
8085 9999 1
8085 8641 16
8085 9083 1
8085 9197 1
8102 9107 1
8102 8788 1
8102 8832 1
8107 8684 3
8107 9447 1
8107 9879 2
8123 8748 1
8130 9289 3
8130 9585 7
8130 9150 1
8130 9450 4
8133 8898 2
8133 8950 1
8133 8689 1
8133 8786 1
8133 9397 1
8133 9711 2
8146 8856 1
8146 9708 5
8147 9261 2
8147 9382 6
8147 9688 7
8147 9703 1
8147 9889 2
8163 9116 1
8163 9913 6
8163 9659 1
8171 8991 72
8171 9489 4
8171 9353 4
8171 9810 1
8171 8933 1
8174 8833 1
8174 9665 2
8174 9137 1
8174 8949 2
8174 9472 1
8177 8549 1
8177 9230 1
8177 9508 4
8177 9031 2
8178 9754 8
8178 9307 1
8178 9688 2
8178 9623 1
8191 8627 1
8191 9775 1
8192 8854 1
8192 9917 1
8192 9491 4
8192 9732 44
8192 9362 11
8192 9590 2
8212 9185 1
8212 8837 200
8212 9976 1
8212 9718 2
8212 8642 1
8212 9429 3
8212 9965 3
8232 9347 1
8232 9665 2
8232 9256 1
8249 9277 1
8250 8747 2
8250 8599 2
8252 9691 2
8252 8615 1
8252 8778 1
8252 8979 1
8252 9063 4
8252 9200 12
8252 9727 2
8266 8689 1
8266 9571 2
8275 9074 1
8275 9198 2
8275 9226 122
8275 9590 1
8275 9200 1
8317 9318 4
8317 9690 1
8317 8709 3
8317 9115 7
8317 9269 1
8317 9510 1
8317 8597 2
8317 9512 1
8317 9247 1
8317 9618 1
8317 9021 2
8317 9336 1
8317 9948 2
8321 9190 2
8321 8782 1
8321 8860 1
8321 9139 2
8321 8662 3
8321 8936 2
8321 9779 1
8321 8896 5
8325 9785 1
8325 8731 1
8325 8932 1
8330 8737 1
8330 8747 4
8330 9465 36
8330 9794 6
8330 8808 1
8330 9860 1
8350 8582 1
8350 8715 1
8350 9755 2
8350 8562 5
8350 9102 1
8350 9464 6
8350 9699 1
8350 8658 1
8350 9734 1
8357 9711 1
8357 9768 9
8357 8639 1
8357 8818 1
8357 9024 5
8357 9039 1
8357 9380 1
8357 9830 2
8357 9581 3
8366 9152 10
8371 8785 1
8371 8979 2
8371 9874 1
8371 9060 1
8397 9691 1
8397 9304 4
8397 9754 1
8397 9134 2
8397 9533 1
8397 9824 1
8403 8873 2
8404 9658 2
8409 8635 1
8409 9371 3
8409 8545 2
8422 8627 1
8422 9727 6
8422 8618 5
8422 8818 2
8422 8998 1
8423 8686 2
8423 9428 2
8426 9430 1
8427 9231 1
8429 8568 134
8429 8887 2
8434 9837 1
8434 9842 3
8436 9552 1
8436 9423 1
8436 9496 1
8440 8811 4
8449 9430 1
8449 9817 13
8456 8811 1
8456 8525 1
8456 9819 2
8490 9113 1
8490 9221 1
8498 9086 1
8498 9739 2
8498 8751 2
8510 9651 1
8510 8823 1
8510 9421 1
8510 9189 2
8511 9411 2
8511 8709 3
8511 9613 1
8511 9367 1
8511 9913 1
8512 8817 3
8520 8813 3
8522 9029 1
8522 9248 1
8522 9377 1
8522 9534 1
8524 9009 6
8525 8781 1
8526 8875 1
8526 8901 1
8526 9542 1
8526 9743 4
8526 9917 2
8526 8989 3
8527 8574 1
8528 8947 2
8528 9620 2
8528 9351 3
8529 9156 2
8529 9095 1
8530 9541 1
8530 8572 1
8530 8594 3
8530 8589 3
8530 9760 107
8530 8721 1
8530 9049 1
8530 9846 1
8531 8750 11
8532 9400 3
8532 9311 1
8532 9127 1
8532 9784 40
8532 8872 4
8533 8726 1
8533 9093 1
8533 9956 1
8534 9776 1
8534 8564 1
8534 8880 1
8535 8918 4
8536 8889 192
8536 8588 5
8536 8581 5
8537 8800 1
8537 8828 1
8537 8626 1
8538 8854 1
8538 8838 1
8539 9016 2
8540 9686 1
8541 8781 1
8542 8820 1
8542 9859 5
8542 9275 1
8543 9048 1
8544 9090 1
8544 9928 1
8544 9841 1
8547 8836 1
8547 9458 3
8548 9204 2
8549 9016 1
8552 8723 1
8552 8758 1
8552 9082 1
8553 9039 1
8553 9656 1
8554 8958 1
8555 9769 2
8556 9977 2
8557 8857 1
8557 9532 1
8558 8616 2
8558 8584 6
8558 9030 5
8560 9247 12
8561 9714 5
8562 8874 2
8562 9087 1
8563 9901 1
8563 9019 3
8563 9132 1
8563 9540 2
8563 9880 2
8564 9721 1
8565 8862 1
8565 9047 1
8565 8656 1
8566 8688 1
8567 9301 20
8567 9358 46
8567 8587 3
8567 9303 1
8567 9548 1
8567 9670 4
8570 9059 1
8571 9326 15
8572 8585 2
8572 9735 2
8574 9709 1
8575 9367 1
8575 8985 1
8575 9407 1
8575 9581 3
8575 8899 1
8575 8683 1
8575 8843 1
8575 9916 1
8577 8631 1
8578 9417 1
8579 9690 1
8579 9830 1
8579 8771 1
8580 8698 1
8580 8907 2
8580 9018 1
8581 9025 8
8581 9240 1
8581 9885 6
8581 8814 1
8581 8651 1
8581 9463 3
8581 9530 1
8581 9264 4
8582 9006 1
8583 9987 1
8583 9053 1
8584 9065 1
8584 9999 44
8584 9669 1
8584 9085 1
8586 9828 3
8586 9390 1
8590 9140 3
8590 9208 1
8590 9017 2
8590 8878 2
8590 8832 5
8590 9102 18
8590 9617 1
8590 9859 2
8590 9471 1
8591 9381 1
8592 8766 2
8594 8951 13
8595 9645 2
8595 9307 1
8595 9542 1
8595 9434 1
8595 9815 2
8596 9028 1
8598 9346 1
8598 8673 4
8599 8797 9
8602 9905 8
8602 9689 1
8602 9218 1
8602 9630 1
8603 9052 1
8603 9120 7
8604 9826 1
8604 9162 44
8604 9407 1
8604 8823 60
8606 8607 1
8606 9684 1
8609 9318 1
8609 9880 1
8609 8815 3
8609 9491 1
8612 9578 1
8612 8924 13
8612 9950 1
8612 9797 1
8612 9701 5
8613 9239 1
8615 8713 1
8616 9319 1
8616 9496 2
8616 9609 1
8616 8930 1
8616 8952 1
8616 9286 1
8617 9778 1
8617 9551 1
8617 9796 2
8617 8745 1
8619 9249 2
8619 8682 3
8620 9040 1
8622 9264 2
8622 8996 6
8624 9808 1
8624 9542 6
8624 8651 15
8624 9698 1
8624 8815 3
8624 9051 1
8624 9458 2
8625 9587 1
8626 8965 1
8626 9110 2
8626 9838 1
8626 9159 1
8626 9604 3
8626 9731 8
8626 9778 2
8628 9985 1
8628 8999 1
8628 9292 1
8628 9768 1
8628 9157 1
8628 9631 1
8630 9759 1
8630 8946 1
8630 8817 2
8630 9914 1
8631 9321 1
8631 9795 1
8632 8895 7
8632 9987 28
8633 8713 1
8634 8739 1
8635 8850 3
8637 9747 1
8637 9609 1
8638 8661 1
8638 9621 2
8638 9065 1
8638 9287 2
8641 8935 10
8641 8768 1
8642 8667 2
8642 8894 1
8643 9705 3
8643 9700 3
8643 9958 4
8643 8745 1
8643 9905 2
8646 9971 3
8646 9759 2
8646 9956 3
8646 9646 3
8647 9571 1
8647 9784 2
8647 9324 4
8649 8942 1
8650 8652 2
8651 9643 1
8652 9175 1
8652 8849 2
8652 8907 1
8653 9020 2
8653 8655 7
8653 8922 2
8653 9705 1
8653 9914 3
8653 9307 1
8653 9435 1
8653 9531 2
8653 9796 1
8653 9905 2
8654 9990 1
8654 8956 2
8659 8865 4
8660 8986 1
8663 9377 1
8663 8983 1
8663 9280 1
8663 9588 3
8663 9779 1
8663 9953 2
8664 9429 3
8666 9367 2
8666 9509 1
8666 9750 3
8667 9510 1
8668 8685 1
8669 8690 1
8669 9560 2
8669 9411 1
8669 8684 4
8669 9624 1
8669 8817 10
8670 9623 1
8674 8945 3
8675 8685 1
8675 9265 2
8675 9267 3
8675 9581 1
8675 9911 1
8675 9078 3
8675 9136 3
8675 9145 1
8675 9409 1
8676 9579 2
8676 9794 1
8676 8892 7
8676 9974 1
8678 9087 1
8678 8925 1
8679 9733 1
8679 9641 2
8679 8704 2
8679 8719 1
8680 8812 2
8681 8792 1
8681 8913 2
8681 9296 1
8685 9816 4
8686 9041 2
8686 9412 5
8687 9375 36
8687 8702 1
8687 8722 1
8687 9482 1
8687 8953 1
8689 8828 1
8691 9465 1
8692 9973 1
8693 9499 1
8693 9403 1
8693 9867 5
8693 9180 3
8693 9441 1
8694 9359 9
8695 8841 2
8696 9836 1
8698 8945 2
8699 9052 1
8700 8970 1
8701 9753 1
8705 9977 4
8705 8852 1
8706 9041 1
8706 9643 1
8706 8767 1
8707 8825 1
8707 9328 1
8707 9825 1
8707 8975 1
8708 9159 1
8708 9224 4
8708 9402 1
8708 9750 1
8710 8784 6
8712 9411 1
8712 9156 2
8712 9542 1
8712 9407 1
8712 9697 1
8714 8993 1
8714 9075 1
8716 9619 1
8716 9208 1
8716 9231 2
8716 9332 2
8716 9095 6
8716 9813 1
8716 9879 1
8718 9344 1
8719 8894 1
8725 9195 11
8725 9043 1
8725 9060 5
8725 9314 1
8725 9630 1
8725 8780 1
8725 9905 1
8725 9317 21
8726 9918 1
8727 8934 1
8728 9021 1
8728 9161 2
8729 9486 1
8729 9275 1
8731 9009 8
8732 8955 3
8732 8895 1
8733 8888 1
8733 9906 1
8733 9525 1
8733 9177 3
8735 8955 1
8736 9045 1
8739 9197 1
8739 9233 1
8741 9358 1
8741 9851 2
8741 9727 1
8741 9308 3
8741 9767 1
8741 9455 2
8741 9664 1
8743 9246 1
8744 9087 1
8745 8893 1
8746 8971 2
8747 8895 2
8749 9434 1
8749 9292 1
8749 9943 1
8749 9161 5
8749 9629 1
8749 9902 1
8749 9146 1
8750 9960 3
8750 8777 1
8750 9242 1
8750 9622 2
8750 9990 5
8750 8787 1
8750 9537 1
8750 8924 1
8750 9337 1
8750 8819 1
8750 8856 1
8752 9558 1
8753 8973 1
8753 9159 2
8753 9538 2
8753 9526 2
8753 9612 1
8753 9135 3
8753 8827 1
8753 9231 1
8753 9823 1
8753 9979 1
8754 9431 1
8755 8939 5
8756 8784 1
8759 9071 4
8759 9053 2
8760 8812 2
8761 9390 16
8761 9351 1
8761 8899 2
8761 9712 1
8761 9762 4
8763 9916 1
8763 9875 1
8764 8842 1
8764 8911 7
8764 9025 3
8765 9754 1
8765 9245 1
8767 9509 1
8767 8777 1
8767 8857 1
8767 8873 1
8767 9451 1
8768 9795 2
8768 8873 1
8769 9369 1
8769 9614 1
8772 9006 1
8772 8855 7
8773 9067 2
8774 9596 2
8776 9014 1
8776 9203 1
8776 8781 10
8778 8958 2
8779 9052 1
8780 9087 1
8781 9921 1
8783 9003 3
8783 9895 1
8783 9970 1
8784 8991 1
8786 9006 1
8788 8959 1
8788 9936 2
8789 9388 1
8789 9579 1
8790 9460 4
8790 9291 2
8791 8915 4
8794 9798 3
8796 9005 1
8796 9746 1
8796 8833 1
8796 9160 2
8797 9241 3
8797 9576 2
8797 9356 1
8797 9679 2
8797 9788 1
8798 9860 1
8800 9121 3
8800 9941 1
8800 9572 1
8800 9832 1
8801 9939 1
8801 9024 2
8804 9833 1
8804 8957 1
8806 9291 1
8806 8949 1
8806 9621 1
8810 9837 1
8810 9707 1
8812 9383 18
8813 9991 1
8813 9534 3
8813 9668 3
8814 8957 1
8815 9861 1
8816 9157 1
8816 9051 1
8816 9928 7
8816 9950 4
8818 8840 3
8819 9030 45
8821 9528 2
8821 9713 1
8821 9108 1
8822 8844 4
8823 8841 31
8828 9234 2
8828 9018 1
8828 9230 2
8828 9700 1
8829 9848 1
8831 9956 1
8831 9378 1
8831 9715 1
8839 8914 1
8840 9152 1
8840 9002 11
8840 9575 19
8840 9872 3
8841 9158 3
8841 9669 1
8841 9429 1
8841 9917 2
8843 9381 2
8844 9547 1
8844 9841 1
8844 9545 3
8844 9885 1
8844 9732 1
8845 8850 1
8847 9714 2
8847 9123 1
8847 9214 1
8848 9023 1
8850 9485 21
8850 9451 2
8850 9515 1
8851 9651 5
8851 9189 2
8852 8924 1
8852 9726 1
8852 9877 1
8855 8963 5
8855 9830 1
8858 8967 2
8858 8885 1
8858 8922 1
8860 9203 1
8865 8995 1
8865 9152 1
8865 9082 2
8865 9236 1
8865 9859 1
8866 9730 1
8866 9150 1
8866 9229 34
8866 9903 2
8867 8928 3
8868 9558 1
8870 9021 2
8872 9418 6
8873 9084 1
8874 9239 16
8876 9710 2
8877 8935 20
8879 9596 6
8881 9607 2
8882 9243 3
8883 9431 2
8883 9596 15
8886 9190 1
8886 9069 1
8886 9388 4
8886 9785 1
8886 9872 1
8886 9565 1
8889 9441 2
8889 9003 1
8890 9146 1
8891 9418 2
8893 9435 4
8893 9670 2
8893 9981 1
8894 9873 1
8894 9238 1
8895 9116 1
8895 9614 2
8895 8991 1
8895 9453 1
8895 9823 1
8895 9582 1
8895 9044 1
8895 9935 1
8900 9139 1
8900 9185 6
8900 9537 2
8900 9709 2
8900 8911 1
8905 9026 8
8906 9436 27
8906 9020 1
8908 8946 2
8908 8927 1
8908 9465 1
8908 9893 1
8908 9800 2
8909 9052 1
8914 9565 1
8914 9947 1
8915 8976 1
8915 9687 23
8915 9889 1
8916 9175 1
8918 9074 1
8918 9917 1
8918 9971 5
8920 9966 1
8921 9957 4
8921 9165 2
8923 9575 1
8923 9786 1
8923 9240 4
8923 9634 1
8925 9595 1
8925 9414 1
8925 9458 2
8925 9749 1
8926 9444 1
8927 9894 1
8928 9143 1
8928 9518 23
8932 8955 1
8933 9354 4
8934 9621 34
8934 9158 1
8934 9134 3
8934 9465 4
8935 9701 1
8935 9271 1
8935 9151 2
8935 9473 1
8935 9692 3
8935 9417 3
8938 9354 1
8939 9870 1
8939 9852 1
8941 9884 1
8941 9139 1
8941 9585 25
8942 9109 2
8942 9533 1
8942 9695 4
8943 9231 1
8945 9872 2
8945 9339 2
8945 9718 3
8948 9259 1
8948 9771 1
8948 9010 90
8948 9411 1
8950 9922 1
8951 9896 1
8951 9698 2
8951 9287 1
8952 9154 1
8955 9479 60
8955 9578 1
8957 8999 9
8957 9812 1
8957 9003 1
8958 9530 1
8958 9885 4
8959 9322 2
8959 9477 2
8959 9158 1
8959 9814 3
8964 9940 2
8964 9427 1
8964 9345 1
8967 9977 1
8968 9566 1
8968 9800 2
8968 9230 1
8968 9318 3
8970 9054 2
8974 9509 1
8974 9092 2
8975 9966 1
8976 9563 1
8977 9620 3
8977 9230 17
8977 9263 2
8977 9864 2
8984 9368 12
8984 9354 12
8986 9540 1
8987 9044 3
8987 9306 2
8990 9014 1
8992 9858 1
8993 9293 1
8993 9616 5
8993 9360 3
8994 9120 1
8995 9861 1
9000 9521 13
9000 9408 1
9001 9368 1
9002 9166 1
9006 9826 1
9006 9143 3
9006 9081 2
9006 9662 137
9008 9354 1
9009 9738 1
9009 9612 1
9009 9620 1
9011 9146 1
9012 9560 1
9012 9109 1
9013 9131 1
9014 9524 1
9014 9757 1
9014 9906 1
9015 9411 1
9015 9542 1
9015 9356 159
9015 9115 2
9015 9490 1
9016 9531 1
9016 9575 1
9023 9837 1
9023 9526 1
9028 9475 2
9028 9459 28
9028 9515 3
9030 9539 1
9030 9621 1
9030 9687 1
9031 9087 1
9035 9577 59
9036 9632 1
9036 9654 5
9039 9368 1
9040 9547 1
9041 9329 1
9041 9514 2
9041 9550 1
9041 9815 1
9041 9588 1
9041 9733 1
9041 9899 2
9048 9821 3
9048 9121 1
9048 9133 1
9050 9987 2
9052 9271 1
9052 9618 1
9052 9399 1
9052 9336 1
9052 9216 6
9052 9956 1
9053 9324 1
9058 9962 1
9066 9922 1
9067 9096 2
9067 9725 1
9067 9958 2
9070 9418 1
9071 9668 1
9075 9884 1
9076 9704 3
9081 9591 1
9082 9577 1
9084 9692 3
9085 9798 2
9087 9687 1
9087 9389 1
9094 9354 1
9098 9203 1
9099 9977 2
9104 9774 5
9105 9704 3
9111 9798 1
9114 9952 1
9116 9704 1
9116 9243 1
9120 9261 1
9129 9607 5
9133 9591 1
9140 9558 8
9141 9596 1
9148 9563 2
9148 9154 1
9154 9714 1
9154 9287 63
9154 9764 1
9158 9863 6
9159 9758 1
9166 9756 1
9168 9735 7
9170 9420 1
9191 9368 2
9203 9664 3
9241 9936 1
9253 9987 2
9254 9962 8
9289 9861 3
9290 9773 1
9290 9444 1
9293 9894 1
9297 9501 1
9300 9977 6
9307 9848 1
9309 9577 1
9319 9444 4
9321 9607 1
9321 9704 2
9334 9918 3
9341 9999 1
9341 9491 1
9341 9799 1
9344 9735 1
9345 9368 1
9346 9351 1
9350 9558 1
9353 9381 1
9354 9762 7
9358 9863 1
9371 9412 1
9371 9444 3
9375 9721 2
9376 9833 1
9377 9643 1
9381 9874 1
9381 9860 8
9381 9745 1
9387 9591 1
9389 9607 1
9401 9861 1
9406 9766 1
9408 9861 1
9410 9676 1
9412 9582 2
9418 9605 1
9419 9918 2
9420 9626 1
9420 9900 1
9431 9750 1
9431 9559 1
9436 9962 1
9444 9547 1
9444 9979 1
9464 9773 4
9469 9798 1
9469 9952 1
9478 9918 2
9497 9710 1
9502 9677 1
9517 9648 1
9557 9729 2
9558 9728 1
9563 9672 1
9563 9985 12
9564 9977 1
9577 9858 1
9587 9599 1
9587 9755 2
9587 9814 10
9588 9766 1
9591 9864 15
9605 9816 1
9608 9894 1
9610 9918 1
9612 9721 34
9617 9735 10
9617 9952 1
9637 9994 2
9643 9665 1
9650 9744 5
9671 9801 6
9672 9922 2
9681 9720 6
9698 9798 5
9698 9773 10
9710 9998 1
9721 9904 2
9728 9987 2
9735 9937 1
9742 9890 3
9742 9876 15
9767 9816 8
9798 9910 2
9831 9934 1
9837 9952 1
9850 9918 2
9863 9877 11
9863 9906 1
9905 9936 1
9912 9977 1
