0 9479 11
0 9951 1
0 9090 1
0 9304 1
0 9823 1
1 9808 1
1 9092 1
1 8650 9
2 9756 3
2 9685 4
2 9713 1
2 9790 1
3 9040 1
3 9305 6
3 9025 2
3 9420 1
3 9910 1
3 9918 1
4 8574 1
4 8827 6
5 9422 1
5 9222 1
6 9939 1
6 8806 3
6 9081 1
6 9978 1
9 8659 1
9 9163 3
9 9888 1
9 9520 1
9 8556 3
9 9600 2
9 9945 1
9 8686 1
9 8846 2
9 8946 2
11 8424 1
11 9718 1
11 9382 2
11 9674 1
11 9803 1
12 9959 1
12 9150 4
12 9850 2
12 8706 1
12 9129 1
14 8611 2
14 9940 5
16 9076 1
16 9487 1
17 9624 1
20 9607 1
20 9437 1
20 9480 1
23 9377 1
23 9490 1
23 8589 2
23 9305 2
23 9517 1
23 9948 9
24 8692 1
24 9626 1
25 9138 1
25 9836 1
25 8851 2
26 9273 1
26 9002 1
26 9238 1
27 8993 3
27 9055 1
27 9372 1
28 9952 1
29 9033 1
29 9912 1
29 8574 1
29 8679 18
29 8853 5
29 9913 1
30 9284 1
30 9503 17
33 8792 1
33 9323 2
33 9749 1
34 9607 2
34 9365 1
34 8574 2
34 9148 1
35 9432 2
35 9143 1
36 9408 1
36 9946 1
36 9887 5
37 8907 2
37 9326 1
37 9380 1
39 9570 1
39 9729 1
39 9742 1
39 9502 6
39 8705 2
40 4865 1
40 9982 3
40 9925 1
40 8722 1
40 9021 1
40 9650 5
42 9050 2
42 9711 1
42 9226 2
43 8948 1
43 9646 6
47 9097 1
47 9614 2
47 9155 1
47 9325 4
47 9977 3
50 9596 1
50 9361 4
50 8954 2
50 9582 1
51 9963 1
51 9834 1
52 8882 26
52 8686 1
52 8555 3
52 8600 1
55 9972 14
55 9958 75
63 9594 1
63 9797 2
66 9605 6
66 8930 1
66 9104 1
66 9572 1
66 9659 1
67 9243 1
67 9552 3
67 8963 1
67 9650 2
70 9694 6
70 8927 1
71 9053 55
71 9831 1
71 9899 1
71 8667 1
71 9643 1
72 9292 12
72 9106 2
75 8807 1
75 9968 2
77 8907 1
77 8991 2
77 9836 1
80 9749 1
80 9912 1
80 8739 1
81 8895 1
81 8901 1
83 9360 2
83 9278 10
84 8679 1
84 8737 2
86 9593 1
86 8954 1
86 9062 3
86 9097 1
86 9942 1
86 9969 1
87 9332 1
87 8609 1
87 9723 5
87 9055 1
87 8692 1
87 8630 1
88 9763 1
88 8823 1
88 8739 1
93 9412 1
93 9864 1
93 9834 1
93 9371 1
95 8927 67
95 9039 1
95 9724 1
95 9773 1
99 9006 1
99 9282 1
99 9149 1
99 9947 1
102 8733 1
102 8909 5
102 9122 2
102 8684 1
102 9349 1
102 9605 1
103 9162 8
103 9635 1
104 9275 1
104 9340 2
104 8659 1
104 8608 2
104 9131 2
104 9439 2
107 8791 1
107 9908 1
107 8690 1
107 9153 1
107 9489 1
107 9808 1
110 9672 1
110 8944 1
112 9276 2
112 9009 1
112 9530 3
112 9109 1
112 9173 1
112 9319 11
115 8710 1
115 9942 1
115 8815 1
115 8858 2
115 9014 1
115 8579 1
115 8787 4
115 9065 1
115 8762 1
115 9610 1
116 9406 1
116 8657 1
116 9434 1
116 9595 10
120 8925 2
120 9472 44
120 9563 2
120 9443 1
126 8988 1
126 8922 3
126 9206 1
129 8852 1
129 9449 1
129 8722 1
129 8616 1
129 8691 1
129 9180 2
131 9235 2
131 8596 2
131 9893 1
131 9528 1
132 8668 1
132 9094 1
132 9305 1
132 8717 1
132 9276 1
132 8897 11
132 9108 2
137 9553 1
138 8641 6
138 8643 3
138 8588 1
138 9144 1
140 8788 1
140 9523 1
140 8914 1
140 9968 5
140 8751 4
146 9968 1
146 9662 2
146 8762 1
146 9191 1
146 9000 1
146 9614 7
148 9989 4
148 8695 1
148 9157 2
148 9184 2
150 8655 1
150 9698 2
151 8916 2
151 9270 1
151 9225 1
153 8817 1
153 8662 1
157 8849 2
157 8806 1
157 8755 1
157 9347 2
157 9422 26
157 9609 1
158 9624 44
161 9072 1
161 9039 2
161 8583 19
161 9914 3
162 9408 1
162 8592 1
162 9352 1
162 9676 1
166 8933 2
166 9770 1
166 9575 1
166 9946 2
171 9431 1
171 8741 1
171 9734 1
172 8655 1
172 9146 2
172 9193 1
172 9173 1
172 8763 3
172 9398 1
172 8780 1
172 9864 1
172 9006 1
172 9445 17
176 8554 16
176 9634 62
176 8738 1
176 9115 1
176 9986 1
177 9430 3
178 9854 1
178 8605 1
178 9057 1
179 8841 2
179 9925 1
179 9993 1
180 9068 1
180 9873 1
189 9210 13
189 9431 1
190 9084 2
190 9905 1
190 9057 6
190 9111 1
190 8663 1
190 8724 2
190 9774 1
190 9286 1
190 9480 2
190 9734 1
190 9957 1
190 9487 2
190 9725 1
190 9906 2
191 9843 10
191 9911 1
191 9419 1
191 8821 2
191 9130 1
191 9150 1
191 9860 1
194 9327 1
194 9609 4
194 9583 11
197 8993 1
197 8736 2
197 9054 2
199 9211 4
199 9996 2
199 9560 3
201 9901 1
201 9327 1
201 8660 21
201 9195 1
201 9657 1
201 8628 1
201 9353 3
201 9805 1
205 9622 1
205 9996 1
205 9212 1
205 9295 2
205 9670 1
205 9789 1
207 8959 1
207 8725 1
208 9599 58
209 9156 82
209 9854 200
209 9944 1
209 9983 1
209 8693 1
214 8720 1
214 9137 1
214 8796 1
214 9723 1
215 8796 3
215 9105 2
215 9375 3
216 9944 1
216 9009 10
216 9472 1
216 9303 1
221 9363 3
221 9238 2
222 9484 1
222 9105 6
222 9458 1
222 9883 1
228 9472 2
228 8784 1
228 9615 7
228 8589 3
228 9120 13
228 9611 1
228 9543 1
228 9684 1
228 9801 1
229 8171 1
229 9101 2
229 8666 1
229 9640 1
229 9347 2
229 9427 1
229 8850 2
229 8993 1
229 9068 50
231 9948 2
231 8645 1
231 8657 1
231 8822 1
231 8929 1
232 9370 1
232 8788 35
232 8848 1
232 9347 3
232 9534 2
232 9759 12
234 9975 2
234 9315 1
234 9146 1
234 9333 1
234 9635 10
238 9109 1
238 9870 2
238 8833 1
238 9141 1
238 9844 1
241 9642 1
241 9854 1
241 8621 14
241 9159 1
242 8803 2
242 9275 1
242 9712 1
245 8595 1
245 9176 1
245 9553 1
245 9886 1
247 9406 1
247 9250 1
251 9931 21
251 9912 1
257 9106 2
257 8801 2
257 8941 1
257 9786 1
261 9252 1
261 9314 1
261 9495 16
261 9541 1
261 9810 1
263 9723 1
263 9963 1
263 9201 4
266 9797 1
269 9207 2
269 9838 2
271 9700 1
271 9829 8
271 9831 11
271 9207 1
271 9332 2
271 9469 1
271 9020 1
271 9380 1
271 9470 1
272 9911 1
272 9046 1
272 8761 75
272 9053 1
272 9229 4
272 9645 2
272 9747 1
278 8989 2
278 9133 1
285 9804 1
285 9278 1
285 9834 10
285 8874 1
285 9193 1
285 8624 1
285 8631 1
287 8803 1
287 9203 2
287 8714 1
287 8915 1
287 9392 1
287 9543 4
289 9615 2
289 8657 1
289 8722 1
289 8778 1
290 9456 23
290 8938 5
290 8973 1
290 9834 1
290 9941 1
290 9194 1
303 9468 2
303 9293 2
303 9267 1
306 8706 1
307 9892 3
307 8741 4
309 9248 1
312 9222 5
312 9813 1
312 9069 1
313 8593 17
315 9775 4
315 9908 1
316 8931 2
316 9362 33
316 8562 1
316 9006 1
316 8781 19
316 9225 1
316 9568 1
316 9258 2
316 9164 2
325 9822 1
325 9614 19
325 8697 1
325 8770 1
325 9549 6
329 9788 2
329 8948 1
329 8832 1
329 9895 1
333 8569 4
333 8670 5
333 9933 1
333 9548 114
333 9001 1
333 9242 2
335 8698 1
335 9683 2
335 9751 1
335 8984 1
335 9328 1
335 9732 3
337 9819 2
338 9908 1
338 9684 1
338 8931 3
341 9902 2
341 8969 2
341 8877 2
341 9255 1
346 9616 2
346 8922 1
347 9359 1
347 9619 2
347 9264 2
347 9329 2
347 9069 1
347 9354 1
347 9734 1
347 9443 1
347 9873 1
347 9729 1
347 9775 1
350 9878 1
351 9063 1
351 8730 4
351 8600 3
351 8891 1
354 9157 1
354 9763 1
354 8675 1
354 9155 2
354 8778 1
354 8851 1
354 9592 1
357 8697 26
357 8955 2
357 9172 1
357 8594 1
360 9093 1
360 9517 3
360 8818 3
360 9216 1
360 9156 1
360 9911 2
360 9623 1
363 9097 1
363 9897 4
363 8809 1
363 8904 135
363 8980 200
363 9442 2
366 9534 3
366 9077 7
367 9108 1
367 9015 2
367 9154 6
368 9327 2
368 9637 1
368 9522 2
368 8603 58
368 9787 2
368 9822 46
368 8718 1
369 8930 5
370 9643 2
370 9340 2
370 9469 1
371 9886 1
371 9787 1
371 8915 2
371 9632 1
371 8764 1
371 9503 1
371 8682 2
378 9175 1
378 8845 1
378 9310 2
378 9840 1
378 9855 1
379 9073 1
379 8644 1
379 9581 1
379 9437 53
379 8716 1
379 9995 1
381 9666 4
381 9322 1
381 9993 4
381 9840 5
381 9621 7
383 8913 2
383 9031 2
383 9640 1
383 9744 1
383 9940 2
384 9979 4
384 8754 1
384 8629 1
384 8925 19
385 9506 3
385 8652 1
385 9771 1
385 9104 1
385 9218 1
385 9808 1
385 8577 8
386 9699 1
386 9687 1
386 9786 1
386 9958 1
387 8924 2
387 9588 1
387 8800 1
387 8688 7
387 9554 1
387 8815 1
387 8572 1
387 9188 1
387 8723 4
388 9230 12
390 9743 1
390 9144 1
390 9865 4
390 9105 1
390 9929 3
390 8552 1
392 6634 1
392 9864 34
392 9975 1
392 9601 2
392 9434 1
392 9907 2
399 9733 2
404 8874 1
404 9467 1
404 9151 1
411 9503 1
411 9529 1
411 9236 1
411 9432 1
411 8610 1
411 8738 1
411 9709 1
414 8833 3
414 9008 3
414 9316 1
414 9325 2
414 9205 4
414 9544 1
417 8988 1
417 9813 1
424 9710 8
424 8886 1
424 9640 1
425 8670 1
425 9501 5
427 9867 1
427 9559 5
427 9895 1
427 9565 1
429 9744 1
429 9988 6
429 9704 1
434 9723 1
434 9714 1
434 9213 7
435 9749 1
435 9172 4
440 9636 1
440 8788 1
440 8997 1
440 9948 1
440 9615 1
440 8952 1
440 9934 1
443 9425 1
443 9826 1
443 8884 2
443 9815 2
444 9205 1
444 9964 2
444 8924 2
444 9934 1
450 9770 1
450 8692 18
450 9631 1
451 9525 2
451 8608 1
451 8844 5
466 8955 2
466 8763 2
466 9795 1
466 8897 3
466 9662 3
469 9359 1
474 8904 1
474 8798 1
474 9710 1
474 9050 2
474 9931 2
477 8717 1
477 9247 2
477 9694 1
480 8633 2
480 9885 1
480 8879 1
480 9892 6
482 9038 39
482 9950 7
482 8690 1
482 9643 1
482 8880 1
482 9050 1
482 8755 1
482 9258 1
488 9667 1
488 9339 21
488 9854 1
488 9588 1
488 9332 2
490 9693 1
490 9830 1
490 9994 1
495 9347 1
495 8666 4
495 8696 1
495 8907 1
497 8753 1
497 9552 1
501 9115 1
501 8768 12
501 8874 151
503 8725 18
503 8855 1
506 9275 1
506 8803 2
506 9092 7
509 9481 4
509 9867 1
511 9019 3
511 9304 1
511 8619 1
511 9011 1
511 9752 13
511 8702 1
511 8928 1
511 9071 1
512 9040 3
512 9302 1
515 9320 1
515 9178 2
515 8659 1
515 8729 1
517 8732 39
520 9695 2
520 9934 6
520 9295 1
520 9453 1
520 8905 2
520 9613 1
520 9444 1
521 9012 2
521 9123 1
521 9148 5
521 9979 1
525 9054 1
525 9759 2
525 9048 11
525 9218 30
525 9987 1
527 9552 2
527 8952 1
527 9709 1
527 9381 1
527 9843 1
532 9152 2
532 8888 1
532 8674 1
532 9519 2
537 8848 1
537 9903 4
537 8823 1
537 9634 1
537 9826 1
539 9193 14
539 9749 1
539 9980 7
539 9953 1
539 9455 1
539 9467 1
540 9163 1
540 9994 1
540 9191 6
548 9117 1
548 9582 1
548 9916 2
549 6276 2
549 8952 1
550 8654 1
550 9158 5
556 9117 1
556 9841 1
556 8810 5
556 9421 3
556 8763 2
556 9703 1
558 9965 35
558 9192 1
560 9317 1
560 9152 2
560 9617 1
560 9214 1
561 8574 2
561 9439 101
561 8686 1
561 9570 1
561 9679 2
561 8649 2
561 8691 9
561 8695 1
561 9065 1
561 9806 9
563 8965 7
563 9090 1
564 9964 1
564 9962 3
567 8778 1
567 9568 2
575 9131 1
575 9212 1
575 9071 1
575 8983 1
576 8778 4
576 8753 1
576 9261 2
576 9718 1
580 9124 1
580 9615 1
580 8951 1
580 9021 2
580 9180 2
581 9786 1
587 8738 1
587 8586 3
587 9989 2
587 8915 1
587 9378 1
587 9921 1
587 8741 1
587 8801 1
587 9180 1
587 9704 1
587 9424 2
588 9096 1
588 9032 1
588 8924 3
588 9116 1
589 9173 1
589 8965 1
590 8639 1
590 9526 1
595 9258 3
595 9349 1
595 9163 1
595 9096 1
595 9744 1
595 9136 1
599 9173 6
599 9788 1
599 9948 1
601 9170 3
601 8972 1
606 8777 1
606 9619 5
609 8628 1
609 9785 2
609 8569 1
609 9051 2
609 8636 1
609 9245 1
618 8922 1
618 8612 5
618 9320 4
624 9870 1
624 9669 3
624 9235 5
624 9386 1
626 9421 6
626 8816 4
632 8609 1
634 9433 1
635 9417 12
635 9101 5
635 9617 1
640 8720 1
640 9699 1
640 8844 1
641 8991 2
641 8951 4
641 9073 1
643 9718 3
643 9012 1
643 9152 1
651 9016 17
651 9976 1
651 8666 70
651 8580 1
651 8895 1
651 9949 1
652 9511 4
654 9361 1
654 8981 1
656 8972 5
656 9572 1
656 9991 1
656 9160 3
662 9301 5
662 8848 6
662 9084 1
662 9002 1
662 9134 1
662 9303 1
662 9939 8
663 9921 6
663 9371 2
664 9419 1
664 9938 1
665 9423 1
665 8644 1
667 9051 2
667 9594 15
669 9921 7
669 8827 1
669 9972 3
675 9977 200
675 8752 7
675 9416 1
677 8779 1
677 8973 1
677 9938 5
677 9365 1
677 9706 12
677 9010 1
682 8912 7
682 9090 2
684 9529 4
684 9521 2
686 9783 2
686 8941 1
686 9797 1
686 9063 1
686 9196 1
686 8586 1
686 9310 1
687 8994 1
687 9331 1
690 9315 1
700 8754 2
700 9345 4
700 9517 1
700 9733 1
700 9242 4
700 9343 3
701 8705 1
701 9345 1
701 9687 1
703 9148 9
703 9884 7
703 8750 1
703 9554 1
704 8979 1
704 9737 2
704 9795 1
704 9648 3
717 8695 1
717 9149 1
717 9752 1
717 9248 2
717 8724 12
717 9316 1
717 8828 1
720 9499 1
720 9544 1
720 9711 5
729 8880 1
729 9503 2
729 8552 1
730 9642 1
730 8650 1
731 9732 1
731 8915 1
731 9217 21
733 9899 1
733 9895 1
733 9910 1
735 9117 2
736 8566 2
736 9300 1
736 9969 2
736 9452 3
737 9353 2
737 9470 1
737 9151 200
739 9764 1
739 9043 1
739 9104 200
741 8976 1
744 9983 5
744 8608 1
744 8676 1
744 9733 2
744 9015 1
744 9344 1
744 9396 1
745 9069 1
748 9943 1
748 8837 1
748 9862 1
753 9080 1
755 8762 1
755 8954 2
755 8666 2
759 9056 1
759 9276 1
759 8985 1
759 9581 1
759 9855 7
759 8709 1
759 8893 1
761 9973 1
765 9505 1
766 9749 1
766 9940 4
766 9724 1
766 9822 1
766 9756 1
766 8901 5
766 9835 1
766 9972 1
766 9312 1
771 9773 1
771 8580 1
772 8705 1
772 9027 1
779 9651 1
779 8729 4
779 9262 1
785 9363 1
785 9330 2
785 9707 1
785 8995 4
787 9201 1
787 8656 1
789 9329 1
789 8657 1
789 8959 4
789 9947 2
796 8600 1
796 9133 1
796 9424 1
796 9123 1
796 9119 2
797 9494 1
797 9782 1
797 9099 1
797 9252 1
799 9219 7
799 9322 2
803 9183 3
808 9325 3
808 9195 2
808 9031 1
808 9173 1
808 8617 1
811 8892 4
811 9473 7
811 9705 1
812 9175 1
812 8564 1
812 8815 2
813 8566 2
813 9703 1
813 9888 5
813 8880 3
821 9080 1
822 9245 3
822 8654 1
825 8952 1
843 9659 1
843 9531 1
846 8829 1
846 9104 1
846 8935 2
846 9241 1
846 9522 1
848 9557 1
848 9593 1
851 9333 1
851 9365 1
853 9718 1
854 8580 1
854 8989 2
854 8600 1
854 8650 1
854 9150 4
854 9025 1
863 8964 1
863 8718 2
863 9511 3
863 8578 2
863 8653 1
863 9248 1
863 9560 1
863 9663 1
863 9764 2
863 9022 2
866 9375 1
866 9721 3
866 9719 2
876 9707 1
876 8829 1
876 8933 2
876 9097 1
876 8571 1
876 9996 2
884 9209 1
884 9353 1
884 9623 1
884 8609 1
884 9787 3
884 9361 1
884 9911 2
884 9207 1
888 8665 2
888 9596 4
888 9939 1
888 8652 1
888 8754 1
888 9852 1
888 8748 80
888 9035 1
891 8682 1
891 8969 3
899 8981 1
899 9282 2
899 9884 1
907 9787 1
907 9693 1
908 9693 1
908 9170 1
908 9518 1
908 9976 1
908 8934 1
909 9746 1
915 9115 200
915 9133 1
915 9452 1
915 9361 1
917 9130 1
917 9265 1
917 9782 3
917 9947 200
917 9419 1
917 9619 1
917 9787 1
921 8995 1
921 8714 118
921 9992 14
921 8921 1
934 8748 2
934 8639 2
935 9071 1
935 8708 1
935 9453 4
936 8946 2
936 8799 1
938 9947 2
938 8809 4
939 8667 1
939 9520 1
939 8784 1
939 9346 1
939 9361 1
939 9230 4
939 9735 36
957 9239 3
957 9962 1
959 9536 1
964 9037 1
964 9368 2
974 9859 3
974 9505 1
974 8685 1
974 9452 1
974 9272 3
974 9596 1
974 9657 1
974 9976 1
975 8708 1
975 9297 1
975 8946 2
975 9212 1
979 9523 1
979 9137 1
980 9234 1
980 8591 5
980 8616 2
980 9547 1
980 9651 2
985 8730 2
985 9539 46
985 9912 1
985 8787 1
985 9210 1
986 8812 1
986 8890 1
986 9211 2
991 8907 9
991 9131 59
991 9295 3
995 8782 2
995 9468 5
998 9605 1
998 9038 1
999 9891 1
999 9782 1
999 9995 1
999 8663 60
999 9888 1
1000 8855 3
1001 9958 15
1001 9311 2
1001 9414 2
1001 8708 1
1006 8631 1
1006 8932 3
1006 8881 1
1006 9400 1
1008 9395 1
1008 9526 2
1011 9218 2
1011 9086 6
1011 8608 3
1011 9484 1
1018 8570 2
1018 9819 1
1018 9883 1
1018 8972 1
1018 8903 1
1018 9509 1
1021 8889 6
1021 9917 1
1021 9935 1
1021 8895 1
1021 9732 1
1021 9667 5
1024 9301 1
1024 9899 2
1024 9143 12
1025 9711 17
1025 9466 1
1033 9993 1
1033 9089 1
1033 8856 2
1033 9048 1
1033 9829 1
1038 9229 1
1038 9813 2
1038 9311 2
1038 9528 1
1038 9556 1
1043 9886 4
1043 8943 1
1043 9942 1
1048 8375 1
1048 9819 1
1048 9978 1
1048 8785 4
1049 8778 1
1049 9727 1
1049 8810 1
1049 8980 3
1049 9292 1
1056 9785 1
1056 8984 1
1056 8595 81
1056 8821 3
1057 8642 3
1063 9444 9
1063 9548 1
1069 8884 1
1069 8656 1
1071 9276 4
1071 9097 1
1071 9348 2
1071 9856 3
1071 9996 1
1071 9093 1
1071 9260 1
1074 9022 1
1074 8861 1
1079 9554 4
1079 8619 2
1079 8748 1
1079 9382 1
1084 8769 1
1084 9851 1
1084 9491 1
1084 9881 1
1090 8724 1
1091 9235 1
1091 9891 3
1093 9532 1
1093 9841 1
1099 9849 1
1099 9256 1
1100 9502 1
1100 8999 3
1100 9501 1
1100 9785 1
1100 9127 1
1104 9499 1
1104 9801 1
1107 9967 1
1107 8835 4
1107 9423 1
1108 8702 2
1108 9910 4
1108 9491 1
1108 8617 1
1108 9753 2
1108 8911 1
1108 9117 1
1108 9181 1
1108 9046 1
1111 9091 8
1111 9267 2
1117 9997 1
1120 8927 1
1120 9037 1
1120 9201 2
1120 9494 1
1122 9314 10
1123 9992 1
1124 9992 6
1124 8636 1
1124 9258 5
1124 9222 1
1138 8828 1
1138 9808 1
1138 9376 29
1141 8974 4
1141 9113 4
1141 9370 111
1141 9962 1
1141 8562 1
1141 9024 1
1141 9216 1
1141 9712 1
1141 9999 1
1147 9711 1
1147 8696 1
1149 8630 1
1149 9570 1
1149 8689 7
1149 9351 2
1149 9670 2
1155 9125 23
1155 9192 2
1155 9830 1
1155 8872 1
1157 8815 1
1157 8784 2
1157 9333 1
1157 9616 1
1157 8721 1
1157 8979 1
1158 9319 13
1158 9320 12
1158 9366 1
1158 9460 1
1163 9549 1
1163 8787 2
1163 9592 1
1163 9128 1
1163 9997 1
1167 9462 1
1167 8979 1
1167 8719 2
1167 9340 1
1167 8848 1
1167 9690 1
1168 9045 1
1168 9917 2
1168 9507 1
1168 9971 2
1168 9831 1
1169 9345 5
1170 8897 1
1170 9895 1
1170 9828 3
1170 8742 1
1170 9110 1
1175 9487 1
1175 9871 1
1178 9270 12
1178 9300 1
1179 8644 1
1179 8691 2
1179 9242 1
1181 9965 1
1181 9614 1
1181 9978 1
1181 8663 1
1181 9339 1
1181 9698 15
1181 9091 2
1188 9027 1
1188 9895 2
1188 9419 1
1188 8617 1
1188 9360 1
1188 8938 1
1199 9357 2
1199 9255 1
1199 9878 11
1199 8622 1
1199 9563 1
1204 9893 1
1204 8662 6
1204 9746 1
1204 9490 2
1204 8558 1
1204 9420 14
1205 8999 9
1205 9579 1
1210 8685 4
1210 9660 8
1213 9713 2
1214 9549 9
1214 9056 17
1214 9179 2
1216 8994 1
1216 9672 1
1216 9400 2
1218 9275 1
1218 9892 1
1218 9886 44
1218 9874 1
1224 9467 4
1224 9395 53
1224 9983 1
1224 9850 1
1224 9863 1
1224 8996 1
1229 8933 1
1229 9224 1
1229 8642 1
1243 9423 1
1243 9559 2
1243 8949 1
1243 9204 12
1243 9743 1
1243 9751 1
1243 9818 1
1251 8997 1
1251 9392 4
1251 9505 3
1251 8681 1
1251 9188 200
1251 9719 5
1251 8750 1
1251 9163 1
1253 9820 1
1253 8807 1
1253 9560 1
1253 8675 5
1253 8889 1
1253 9733 3
1260 9349 40
1260 9572 1
1260 9569 1
1261 9213 4
1261 9594 10
1261 8628 1
1262 9849 1
1262 8929 1
1262 8982 3
1262 9988 25
1262 9116 13
1262 9718 1
1262 9977 1
1262 8841 2
1262 9394 1
1262 9601 3
1269 9840 1
1269 8882 6
1269 8937 2
1269 9760 1
1269 9960 3
1271 9089 1
1271 9659 1
1272 8643 11
1272 8934 5
1276 9303 15
1291 8739 7
1291 8828 3
1292 8913 1
1292 8858 1
1295 9323 1
1295 9721 1
1295 8767 3
1296 8775 1
1296 9210 1
1301 9414 3
1301 8775 14
1303 9833 2
1303 9046 1
1303 8888 1
1303 9094 1
1305 8782 1
1305 8719 1
1305 9264 1
1305 8798 1
1305 9907 1
1305 8572 4
1305 9493 1
1309 9519 1
1309 9337 3
1309 9763 1
1310 9707 2
1310 8777 1
1310 9345 1
1310 9951 1
1311 9882 4
1311 8724 10
1313 8562 1
1313 9893 1
1313 8670 5
1313 8973 1
1316 9417 1
1316 8936 1
1318 9279 2
1318 9860 1
1318 9737 1
1320 9501 1
1320 8762 2
1320 9512 3
1320 8954 1
1320 9352 1
1320 9356 2
1333 8892 1
1333 9935 5
1343 9971 3
1343 9205 5
1344 8676 1
1344 9381 2
1344 9867 8
1344 9695 1
1357 9835 1
1357 9403 3
1357 8884 1
1363 9785 1
1363 9724 1
1363 9669 1
1364 9960 1
1364 9270 2
1366 9642 1
1366 9951 26
1366 9228 1
1366 8601 1
1366 9190 2
1366 9206 1
1373 8747 1
1373 8648 1
1375 8788 1
1375 9001 1
1375 9116 13
1375 8799 1
1375 9356 2
1379 8613 1
1379 8632 1
1379 9032 8
1381 9224 3
1381 8706 1
1381 9998 2
1388 8756 1
1388 8645 1
1388 8558 1
1388 9284 1
1392 9262 1
1392 8957 200
1392 9865 1
1392 9620 1
1402 9874 72
1410 9073 2
1418 8849 6
1418 9805 1
1418 8611 1
1418 8643 14
1425 8729 1
1425 8832 1
1425 9669 1
1425 8684 1
1425 9429 1
1425 9764 1
1425 9963 1
1428 9843 1
1428 8627 1
1428 9762 1
1428 9815 1
1428 8667 1
1428 9019 5
1428 9605 4
1429 9448 2
1440 9674 1
1440 8983 1
1445 9783 1
1445 9785 5
1445 8732 1
1445 8756 1
1445 9432 1
1445 9507 1
1447 8641 1
1447 9104 1
1447 8562 1
1447 9200 3
1455 9007 1
1455 9615 2
1455 8591 1
1455 8976 1
1455 9063 2
1455 9464 4
1455 9967 1
1460 8739 1
1460 8631 2
1460 8747 1
1460 9022 2
1460 8991 2
1460 9914 1
1460 9765 1
1475 8614 1
1475 9270 6
1475 8964 1
1475 9430 2
1477 9018 1
1477 9164 1
1477 9259 1
1477 9645 1
1477 9292 2
1477 8687 1
1478 8874 1
1478 9214 1
1478 9236 1
1478 9629 2
1491 9063 1
1491 9317 1
1491 8969 2
1491 9357 1
1491 9802 3
1494 9286 1
1494 8703 4
1494 9332 1
1494 9640 1
1494 9092 1
1496 8680 1
1496 8801 4
1496 9033 4
1505 9340 1
1505 9679 1
1505 9075 19
1505 9248 1
1505 9744 1
1505 8611 11
1505 9091 2
1505 8676 2
1505 9445 1
1505 8776 4
1505 8976 3
1505 9378 10
1508 9083 1
1508 9758 5
1510 8596 3
1510 8688 2
1513 9027 1
1513 9181 1
1513 9588 3
1513 8722 22
1513 8733 4
1513 8614 9
1513 8633 1
1513 8800 1
1513 9820 4
1515 9934 1
1515 8596 1
1515 8684 3
1515 9293 2
1515 9259 2
1515 9903 1
1521 9417 2
1521 8918 1
1521 9041 1
1521 9300 7
1522 8667 8
1522 9134 1
1522 9663 1
1522 9762 1
1530 9081 1
1530 8810 1
1530 9752 144
1533 9480 1
1533 9037 1
1533 9090 1
1544 9076 1
1544 9021 1
1544 8872 8
1544 9284 1
1544 9554 1
1544 9980 1
1544 9983 1
1544 9964 1
1547 9770 1
1547 8814 1
1547 8979 1
1547 9906 1
1547 9116 1
1547 9952 2
1552 8648 2
1553 8870 1
1553 9386 1
1553 9952 1
1553 9999 2
1553 9575 1
1553 8829 1
1553 9195 26
1553 9243 2
1554 9380 1
1554 9481 1
1555 8918 1
1555 9541 1
1555 9663 1
1555 9986 2
1555 9679 1
1555 9975 3
1556 8748 2
1556 9143 1
1556 9211 1
1556 9081 1
1556 9261 2
1560 9717 2
1560 9061 2
1560 9117 1
1579 9677 1
1579 9914 1
1579 8780 1
1579 9948 1
1579 8975 2
1579 9196 1
1579 9110 1
1579 8781 1
1582 9719 87
1582 8580 2
1582 9357 5
1600 8583 1
1600 8822 1
1600 9169 2
1600 8938 1
1601 9207 28
1601 9719 1
1607 9700 1
1607 8753 1
1607 9112 1
1607 9144 1
1615 8890 1
1615 9166 1
1615 8998 1
1615 9552 1
1615 8680 1
1615 9456 1
1615 9980 1
1617 9711 1
1617 9315 1
1617 9473 3
1617 9819 1
1619 9489 1
1619 9522 1
1619 9093 2
1630 7511 7
1630 9402 1
1630 9128 1
1630 8570 5
1630 9905 3
1635 9271 1
1635 9362 1
1639 9470 3
1639 9345 60
1639 8827 1
1639 9395 1
1639 9945 8
1644 9931 25
1644 9144 1
1644 9651 1
1644 9226 4
1644 9326 3
1651 9946 1
1651 9863 1
1655 9380 1
1655 8944 1
1655 9408 1
1676 8844 1
1676 8812 5
1678 9262 2
1678 8720 5
1678 8882 1
1678 9170 1
1687 9269 1
1690 9881 1
1690 9987 1
1690 9426 1
1690 9639 1
1694 8592 6
1694 9831 2
1694 9447 1
1694 8769 14
1694 8936 3
1698 8826 1
1698 9964 1
1698 9063 1
1700 8558 1
1713 9337 1
1713 8845 1
1723 9431 1
1723 9677 1
1734 9887 3
1734 9579 1
1734 9803 200
1734 8586 1
1734 9827 1
1734 8730 4
1734 9751 1
1740 9718 1
1740 9514 2
1740 8920 2
1762 9161 71
1762 8869 8
1762 9166 1
1764 8617 1
1764 9070 1
1764 9257 1
1764 9305 2
1764 8812 3
1764 9942 2
1764 8781 1
1764 9247 1
1765 8723 1
1765 8915 1
1765 8782 1
1769 9845 5
1769 9168 1
1769 9259 4
1769 9697 1
1769 9190 1
1771 9697 1
1771 9864 1
1771 8632 1
1771 8991 6
1773 9997 1
1773 8608 1
1773 9267 2
1773 9992 1
1773 9950 84
1774 9195 1
1774 9000 1
1774 9117 1
1774 8982 3
1784 9502 102
1784 8619 1
1791 6992 28
1791 8736 4
1791 8565 1
1791 8909 1
1791 9080 1
1792 9619 1
1792 9642 1
1792 9789 1
1792 9257 1
1793 9110 2
1793 9501 1
1800 9526 5
1800 9239 2
1800 9642 4
1808 9328 3
1816 9128 3
1841 9705 2
1841 9767 1
1841 9161 1
1856 9437 1
1857 9391 1
1857 9742 2
1857 9010 1
1857 9352 1
1857 8774 6
1866 9414 1
1866 9753 24
1866 8696 1
1866 9015 4
1866 9933 1
1868 8791 1
1868 9674 4
1868 9171 1
1868 8913 1
1869 9101 3
1869 8792 1
1871 8870 2
1871 9404 9
1871 9725 1
1871 9773 165
1871 9596 1
1875 8870 1
1875 9449 2
1875 8621 1
1875 9040 2
1882 8705 2
1882 9487 2
1884 9301 2
1884 9343 2
1884 9579 1
1884 8950 2
1884 9039 3
1884 9973 2
1884 8846 2
1884 9599 1
1884 8554 2
1884 9469 18
1884 8933 1
1886 9813 1
1891 9619 1
1891 8925 1
1891 9120 2
1894 9884 1
1894 9518 6
1899 8767 1
1899 9911 1
1902 9178 2
1902 8574 1
1902 9439 1
1902 9887 1
1902 9470 1
1902 9584 3
1902 9943 17
1914 9697 1
1914 8592 5
1914 9764 1
1914 9705 1
1914 9849 1
1914 9276 5
1914 9287 3
1915 9907 2
1915 9448 1
1915 9771 1
1915 8674 1
1915 9072 5
1915 9583 4
1917 9188 5
1917 8622 10
1917 9400 1
1917 9224 3
1917 9487 7
1917 8949 3
1917 9365 1
1928 8855 1
1928 9329 2
1929 8570 1
1929 8916 1
1929 9224 1
1934 8747 3
1934 9639 1
1934 9371 1
1934 9583 1
1934 9670 2
1934 9378 1
1934 8837 1
1961 8685 1
1971 9548 1
1971 8562 8
1971 8933 1
1971 9396 6
1971 8717 1
1971 8994 8
1981 9677 1
1981 9919 2
1981 9008 1
1981 8892 1
1981 9067 1
1981 9897 1
1991 9302 2
1991 9091 2
1991 9101 7
1991 8664 1
1993 9907 4
1993 9362 1
1993 9509 1
1993 9666 1
1993 8785 1
1993 9055 1
2046 8737 5
2046 9022 2
2046 9977 1
2046 8791 1
2054 9763 1
2054 8946 2
2054 8963 1
2054 9407 1
2055 9310 1
2055 8706 1
2065 9765 1
2065 8981 1
2065 9902 1
2065 9910 1
2068 9265 1
2068 9805 5
2068 8892 1
2068 8975 5
2068 8703 4
2076 9464 1
2076 9934 1
2076 9171 1
2086 9742 1
2087 9366 1
2087 8564 1
2087 9911 10
2087 8987 1
2089 9048 1
2089 9088 1
2089 9560 1
2090 9501 1
2090 8759 3
2090 9008 17
2090 9039 3
2098 9721 61
2098 9218 2
2098 9581 1
2098 8913 2
2100 8729 2
2100 8921 1
2100 8721 1
2100 8964 1
2100 9988 9
2100 8649 84
2100 9250 1
2111 9007 3
2111 8924 30
2115 9171 1
2115 9489 1
2115 9620 1
2115 9344 4
2115 8950 1
2118 9774 1
2118 9698 1
2119 9105 25
2119 9753 1
2119 8579 1
2119 9328 1
2122 9460 5
2122 9714 6
2124 9216 1
2124 9684 1
2124 9396 1
2124 9149 1
2124 9629 4
2124 9109 1
2124 9623 1
2128 8948 3
2128 8644 1
2128 9464 1
2128 8975 25
2128 9950 4
2128 8607 1
2129 9229 1
2129 9083 1
2138 8891 1
2138 9520 3
2141 8756 5
2141 8660 1
2141 9666 1
2145 9234 1
2145 8583 4
2145 9024 1
2147 8609 11
2147 9939 2
2147 8989 1
2147 9001 1
2147 9953 4
2158 8684 1
2158 9273 1
2158 9062 3
2158 9783 2
2168 9512 1
2168 9992 1
2168 8762 1
2168 9219 18
2168 8627 1
2170 8778 1
2170 9168 1
2170 9170 12
2170 8705 1
2170 9327 1
2170 8835 4
2170 9499 1
2172 8697 2
2172 8668 2
2172 9975 1
2172 9480 2
2172 8930 3
2173 9086 1
2173 9396 1
2177 8613 1
2177 9204 41
2177 9271 1
2187 9433 1
2187 9852 1
2187 8779 6
2187 9924 1
2194 9363 1
2194 9592 2
2194 9111 1
2194 9530 1
2194 9828 4
2207 9164 1
2207 9044 16
2208 9887 1
2225 9414 6
2225 8693 1
2247 9067 1
2247 9407 1
2247 9082 5
2247 9010 1
2247 8612 1
2247 8984 1
2247 9882 1
2251 9403 1
2251 8911 1
2252 9720 9
2252 8685 4
2252 8890 1
2259 8738 1
2259 9075 80
2259 9742 2
2260 9286 3
2260 9113 1
2260 9836 1
2264 9264 1
2275 9660 1
2275 8781 1
2291 9830 1
2291 9500 1
2293 9449 1
2303 8663 12
2312 9400 148
2319 9607 1
2319 9238 1
2325 8641 9
2325 8657 1
2325 9082 1
2325 8571 1
2325 9670 1
2325 8629 7
2328 9136 2
2328 9771 1
2332 8695 1
2333 6977 1
2333 8870 3
2333 9014 1
2340 8936 2
2340 9282 1
2340 9452 1
2340 9402 1
2342 8708 1
2342 9309 99
2342 9344 1
2352 9019 1
2352 9286 1
2352 9219 1
2369 8928 2
2369 9824 4
2369 8552 1
2369 9795 1
2369 9086 1
2369 9512 1
2369 9914 1
2370 9000 1
2370 8629 3
2370 9241 1
2370 9943 1
2370 9491 4
2370 8640 1
2375 9439 2
2406 9179 1
2406 9494 6
2406 9636 1
2406 9330 5
2406 9366 1
2406 9849 1
2417 8871 1
2417 8665 1
2419 8716 6
2419 8796 3
2419 8995 8
2419 8678 7
2421 9821 5
2421 9979 1
2428 9669 4
2428 8932 6
2428 9417 5
2428 9762 1
2429 9636 1
2429 8792 1
2429 9203 1
2436 9850 3
2436 9327 1
2436 9352 1
2436 8653 5
2436 9905 2
2437 9150 1
2437 9084 1
2439 8693 1
2439 9206 3
2462 9141 2
2464 9765 1
2464 9697 1
2464 9672 17
2464 8998 2
2468 9787 1
2468 9146 1
2468 9269 1
2470 9733 1
2470 9522 1
2470 9918 5
2483 9032 5
2483 9084 1
2483 9581 1
2485 9351 1
2485 8636 1
2485 9743 1
2486 9625 1
2486 9556 1
2486 9659 2
2486 9176 19
2486 9467 1
2486 9912 2
2486 9656 1
2489 9758 2
2489 8992 1
2489 9824 1
2489 8996 1
2493 9366 6
2496 9908 1
2496 9593 3
2496 9404 99
2508 8988 1
2508 9707 1
2516 8806 2
2516 9917 7
2521 8565 1
2521 8949 2
2521 9616 1
2521 8806 2
2521 9037 4
2521 9875 1
2523 5309 1
2523 8877 1
2523 9072 1
2523 9559 2
2523 9348 6
2532 9789 1
2534 9663 1
2534 9392 3
2534 9131 1
2551 9560 1
2551 9806 17
2551 8870 1
2552 8957 23
2552 8641 1
2552 9468 6
2552 9403 1
2578 9178 2
2578 9427 5
2578 9700 1
2591 8570 1
2593 8807 6
2593 8930 1
2593 9568 1
2593 8730 5
2593 8888 1
2593 9540 1
2593 9742 1
2593 9901 2
2603 9765 2
2603 9111 1
2603 9931 1
2603 9651 1
2603 8601 1
2603 8641 13
2603 8702 14
2614 9919 1
2614 8903 1
2614 9485 2
2618 9190 6
2618 9732 1
2618 9421 1
2618 9350 1
2630 9570 3
2647 8742 2
2650 9751 2
2650 9975 1
2650 9121 3
2657 9368 1
2657 9707 2
2657 8769 2
2657 9106 1
2657 9629 6
2657 9646 1
2657 9367 1
2658 8779 1
2658 9051 9
2666 9674 6
2666 9071 1
2666 9470 4
2666 8935 5
2668 9733 1
2668 8607 1
2687 9104 1
2687 8676 4
2687 9318 1
2691 9828 4
2695 9458 3
2695 9007 7
2695 8764 6
2698 9160 138
2701 9864 1
2701 9433 1
2735 9863 4
2735 9370 1
2735 9699 1
2735 9804 1
2735 9062 1
2735 9646 3
2735 9289 1
2735 8656 2
2735 9188 1
2736 8768 3
2736 9310 1
2736 9553 2
2736 9219 2
2737 9870 1
2737 9520 2
2744 8747 2
2744 9803 1
2744 9588 6
2746 8613 2
2757 8714 1
2757 9089 4
2759 9433 1
2769 8882 1
2769 9194 9
2769 9901 1
2769 9482 1
2771 9597 1
2771 8566 1
2771 9019 1
2776 8770 1
2776 9583 1
2776 9136 1
2776 8901 1
2781 9722 1
2781 8941 1
2781 9414 1
2781 8775 1
2781 9346 1
2798 8907 1
2798 9953 1
2802 9727 2
2802 9535 12
2802 8622 1
2802 9712 5
2802 8932 1
2802 8992 2
2802 9164 1
2822 9484 1
2823 8828 7
2823 8649 1
2823 8850 1
2823 9000 1
2823 8732 1
2850 8592 1
2850 9075 1
2850 9899 1
2850 9978 1
2850 8973 1
2850 9316 1
2850 9788 1
2858 9756 1
2858 9666 1
2858 9101 1
2858 8994 1
2858 9372 1
2868 8106 1
2870 8721 1
2870 9262 1
2870 9129 1
2870 8800 5
2870 9319 2
2870 9831 12
2877 9914 5
2877 9009 1
2877 9643 1
2877 8886 2
2877 9918 4
2908 8920 1
2914 9656 1
2914 9077 9
2914 8814 1
2941 9094 91
2941 9563 1
2941 9835 4
2944 8628 1
2953 9549 1
2953 9153 2
2968 9195 1
2968 9162 1
2968 8940 1
2968 9574 1
2980 9366 2
2980 9076 2
2980 9905 1
2980 9216 3
2980 8695 2
2981 8893 1
2981 9122 1
2990 9788 1
2990 9472 1
2990 9959 1
2991 9765 20
2991 9464 1
2991 9986 1
3000 9944 7
3000 8596 1
3000 9704 1
3001 9449 1
3001 9643 4
3001 9972 1
3002 8823 1
3002 8912 1
3002 9339 1
3002 9774 4
3004 8837 1
3004 9456 1
3004 8680 1
3004 9296 1
3027 9435 1
3027 8770 1
3027 9512 2
3027 9902 3
3033 9600 25
3033 9593 1
3039 8359 2
3039 9448 1
3041 9159 3
3041 9169 1
3054 9565 3
3060 9706 2
3060 9511 1
3060 9863 1
3064 9724 17
3064 9318 2
3064 9098 2
3064 9532 1
3066 9820 31
3066 8858 1
3066 8931 2
3077 9151 1
3082 8732 1
3082 8816 2
3082 9180 2
3082 9878 1
3089 9269 1
3089 9810 1
3089 8921 18
3100 9119 1
3100 9701 2
3114 9878 1
3114 8916 1
3118 9729 1
3118 9455 1
3118 9217 1
3149 8662 1
3149 8748 1
3149 9624 2
3149 9701 1
3149 9725 1
3152 9367 1
3152 9999 1
3160 8687 11
3160 8895 3
3160 9695 1
3181 9541 1
3181 9875 1
3181 8662 1
3181 9156 1
3187 9624 60
3187 9158 10
3187 9226 1
3187 9594 1
3187 8616 1
3187 9841 1
3187 9672 6
3188 8579 1
3188 8871 1
3188 9535 1
3188 9941 4
3192 9747 1
3192 8938 1
3192 8662 1
3192 8714 1
3192 9130 1
3206 9952 1
3206 8832 1
3206 9293 1
3213 8666 1
3213 9256 1
3213 9806 1
3220 8798 2
3220 9176 1
3220 9660 1
3220 9763 2
3220 9977 1
3220 8688 1
3220 8929 2
3220 9096 1
3223 9148 1
3223 9518 1
3223 9579 1
3223 8681 1
3223 9124 1
3223 9706 3
3227 9261 1
3227 8856 13
3227 9754 2
3235 9495 2
3243 9568 1
3243 9176 2
3247 9088 13
3247 9571 1
3247 9801 2
3247 8714 3
3247 9640 7
3250 8988 1
3250 8641 1
3250 9441 1
3250 9626 1
3250 9005 1
3250 9271 1
3250 9758 1
3250 9331 1
3255 9950 1
3255 9929 2
3263 9775 1
3263 8668 1
3267 8558 1
3267 9123 13
3267 9915 3
3274 8878 1
3274 8642 1
3288 9155 1
3288 8985 2
3288 9178 2
3291 9151 3
3291 9916 1
3291 8877 1
3291 9747 2
3291 9129 7
3291 9169 1
3291 9717 4
3291 9722 1
3315 8905 1
3315 9999 2
3315 8855 1
3315 9362 1
3315 9204 1
3315 9346 3
3315 9763 4
3328 9986 2
3328 8763 7
3328 8940 3
3328 9610 3
3328 8635 2
3328 9782 2
3328 9983 2
3336 9431 2
3336 9206 1
3336 9043 90
3336 9938 25
3336 9955 5
3342 9514 2
3346 8768 1
3346 8997 1
3346 9363 1
3346 9460 1
3347 9643 1
3347 9082 1
3352 9250 1
3352 8891 1
3360 8867 1
3360 9883 1
3360 9062 15
3361 9982 1
3361 8911 1
3361 9108 1
3361 9802 17
3361 9884 3
3361 9717 6
3377 9141 1
3385 8664 1
3385 9662 1
3389 9722 1
3397 8928 2
3397 9351 1
3401 8607 6
3401 9851 1
3424 9239 1
3426 9808 3
3426 9329 5
3426 9119 1
3428 9490 1
3428 9756 1
3436 9119 1
3436 8869 2
3436 8871 1
3436 9507 1
3436 9127 1
3436 9247 1
3436 9631 1
3436 9700 1
3436 9282 1
3436 9455 18
3442 8980 1
3442 9391 1
3442 9663 1
3443 9096 2
3443 8767 4
3443 8889 1
3445 9421 1
3445 8753 6
3445 9753 1
3461 9907 1
3461 8954 1
3461 9944 2
3479 9278 1
3479 9611 1
3488 9529 1
3488 9823 9
3488 9350 2
3493 9965 1
3493 9272 3
3496 9091 7
3496 8654 1
3496 8995 1
3498 8710 1
3498 8778 1
3498 9159 1
3498 8594 1
3498 9860 10
3498 9211 2
3498 9557 1
3498 9882 12
3498 8884 1
3498 8988 1
3509 5134 1
3509 8937 1
3509 8833 6
3509 8556 3
3509 8784 1
3509 9662 1
3512 9765 2
3525 9889 6
3525 9120 2
3546 9082 14
3546 9035 1
3546 9365 1
3546 9568 3
3546 8818 2
3546 9746 4
3553 8777 2
3553 9305 3
3557 9269 1
3557 8916 1
3562 8877 2
3562 9317 4
3562 9582 1
3568 9314 1
3568 9052 1
3569 9947 1
3569 9193 4
3569 9531 1
3569 9135 1
3585 9734 7
3585 9958 1
3585 8635 3
3585 8943 1
3585 9181 3
3587 8772 1
3587 8746 1
3587 9821 1
3587 9547 2
3587 9675 1
3587 9656 2
3593 8982 1
3593 8609 1
3593 9065 1
3597 9367 15
3597 9600 1
3606 8975 2
3606 9224 1
3607 9164 1
3607 9905 2
3607 9973 2
3608 9645 3
3608 9296 1
3608 9965 2
3642 8660 23
3642 9395 1
3644 9255 1
3645 8671 1
3645 9169 1
3658 9788 1
3658 8568 1
3658 9159 1
3672 8684 2
3672 8679 1
3672 9124 1
3672 9687 1
3672 9170 4
3672 8727 1
3672 9086 1
3688 8818 5
3688 9992 1
3691 8645 1
3700 9417 1
3700 9181 1
3700 9650 2
3700 9420 2
3700 9660 1
3701 9672 1
3701 9683 1
3706 8925 1
3706 8985 1
3706 9848 1
3706 9824 1
3706 8846 1
3710 9569 2
3711 8552 13
3716 9616 1
3723 9325 1
3732 9530 1
3732 8668 1
3732 8704 8
3732 9767 1
3734 8993 1
3734 9607 1
3736 8916 1
3736 9248 1
3736 9448 1
3736 9675 1
3750 8791 2
3750 9556 2
3750 9500 1
3752 8621 2
3752 9569 3
3752 9337 1
3762 9918 15
3762 9938 11
3763 9366 5
3763 9565 3
3763 9408 1
3763 9570 1
3772 9600 2
3776 9229 2
3776 8658 1
3777 8844 11
3783 9807 1
3783 9012 1
3792 9711 1
3792 9827 1
3794 9903 1
3794 9629 1
3794 9154 1
3794 9381 1
3804 8586 1
3804 8768 1
3804 9322 1
3804 8603 1
3804 9113 2
3805 9862 1
3805 9349 2
3805 9765 17
3817 9771 1
3817 9241 1
3831 8861 1
3831 8872 1
3831 9417 2
3831 9988 6
3831 9372 8
3831 8974 2
3831 9790 1
3831 9297 1
3838 9239 159
3838 8989 4
3855 8803 1
3855 9150 2
3855 9852 1
3857 9583 1
3857 9462 2
3863 9010 2
3863 9256 1
3863 9543 200
3863 9697 1
3863 8799 2
3863 8566 1
3863 8671 4
3880 8655 1
3882 9469 3
3882 8812 2
3882 8864 1
3882 9125 1
3883 9659 3
3883 8667 49
3883 8718 2
3883 9541 1
3889 9184 2
3892 8966 1
3894 9851 1
3894 8829 1
3894 9386 1
3905 9593 1
3905 9530 1
3905 9007 4
3905 9632 3
3917 8969 20
3917 9910 3
3917 8612 1
3917 9639 1
3917 9641 3
3917 9571 18
3917 9883 2
3921 8653 2
3921 9395 1
3921 9795 12
3941 9191 1
3941 9304 1
3942 9871 4
3942 9924 51
3943 9543 4
3943 8755 2
3943 9563 1
3943 9442 1
3945 9432 2
3945 8675 1
3945 8789 1
3946 9931 2
3946 9348 3
3946 9482 102
3946 9315 1
3948 9835 14
3948 8578 2
3948 9304 4
3948 9797 39
3948 9624 1
3950 8689 3
3950 9156 1
3950 8685 1
3950 8690 1
3954 9316 1
3954 9693 1
3956 9012 3
3956 9559 2
3958 8814 1
3962 8800 3
3962 8782 1
3962 8577 2
3962 9121 1
3962 9435 1
3962 9968 9
3964 8608 1
3964 8810 2
3964 8876 1
3964 9473 1
3964 9344 1
3964 9265 1
3967 9194 1
3967 9821 1
3973 9025 1
3973 9209 1
3973 9523 4
3973 9682 3
3973 9893 2
3983 8621 2
3983 9149 1
4009 8577 1
4009 9754 2
4009 9113 1
4009 9119 1
4009 9343 1
4009 9962 3
4009 9051 4
4009 8975 2
4012 8851 2
4012 9297 1
4012 9376 1
4012 9699 2
4012 8570 1
4012 9633 1
4016 8812 3
4036 8571 1
4036 8554 1
4036 9068 1
4036 9929 2
4036 9088 3
4044 5948 1
4044 9135 1
4044 8927 1
4044 8671 2
4044 9845 1
4044 9106 1
4044 9398 1
4047 9895 2
4047 8689 2
4049 9391 4
4049 9098 2
4049 9666 1
4050 9676 2
4050 9886 1
4050 8876 1
4050 9860 1
4061 8688 3
4061 9806 1
4061 9998 3
4061 9392 1
4073 9824 6
4083 9572 1
4083 8681 1
4083 8880 22
4083 9982 1
4083 8565 40
4083 8569 2
4094 8827 3
4094 9505 1
4094 9307 1
4094 9541 2
4094 8822 1
4094 9957 1
4094 8825 5
4094 9125 2
4094 9507 5
4094 9684 1
4094 9196 4
4113 9117 3
4113 9827 1
4113 8912 1
4113 9526 1
4113 8732 1
4113 9507 2
4113 9377 3
4117 9882 1
4117 9194 1
4117 8955 1
4117 9076 1
4117 9804 1
4119 9302 1
4119 9607 2
4129 8893 8
4129 9709 2
4129 9921 1
4129 8970 1
4129 9333 1
4132 9637 2
4132 8837 1
4132 8979 45
4153 9613 2
4153 9851 1
4153 8648 2
4153 8984 1
4153 9951 1
4153 9720 3
4157 9151 1
4157 9938 2
4157 9063 1
4157 9593 1
4157 8650 5
4157 9258 1
4157 8999 1
4157 9677 1
4161 9785 3
4161 9934 22
4161 9014 1
4161 8589 1
4161 8769 120
4161 8554 6
4163 9720 2
4164 9940 1
4164 9815 9
4165 9178 13
4165 8643 2
4165 9623 1
4172 9958 1
4172 9963 4
4172 9262 1
4174 9303 1
4174 8893 1
4174 8992 7
4174 9830 1
4183 9138 1
4183 9774 2
4186 9067 1
4192 9024 1
4192 9536 2
4193 9509 2
4197 9525 1
4197 9343 30
4197 9245 1
4208 9422 1
4208 9732 1
4208 9595 1
4208 9434 1
4212 8572 1
4212 9908 2
4212 8705 1
4212 9229 3
4212 9844 1
4220 8822 8
4220 8823 1
4224 9212 1
4224 9684 15
4224 8932 1
4224 9138 1
4226 8611 2
4226 8763 1
4226 9636 1
4226 9916 1
4229 9499 1
4229 8922 1
4242 9901 9
4242 8595 2
4242 8752 4
4242 9234 1
4245 9719 4
4245 8603 3
4245 8783 1
4245 9833 3
4261 8721 3
4261 9960 2
4261 9414 1
4322 4652 1
4327 5450 1
4340 7007 1
4346 9871 1
4346 9599 7
4347 8152 1
4393 8058 2
4402 6573 3
4419 7837 1
4425 7770 19
4434 5499 1
4436 8741 1
4436 9557 3
4437 4531 5
4438 6843 1
4454 8410 2
4465 7435 1
4472 7777 1
4475 6250 1
4479 6756 1
4483 9671 4
4491 9268 1
4544 9784 1
4548 9415 1
4550 8760 1
4553 8012 3
4554 8582 1
4562 7622 3
4583 4686 6
4605 9457 1
4618 9715 1
4654 9730 1
4660 4947 1
4663 8615 1
4738 8873 1
4748 8961 3
4758 6110 12
4764 9459 2
4776 9088 1
4776 8652 4
4776 9031 3
4776 9850 1
4782 8849 1
4782 9359 1
4789 9029 1
4795 7330 3
4804 8876 2
4804 9075 6
4804 9949 2
4804 9955 1
4804 9016 1
4806 6132 2
4807 9030 5
4818 9139 1
4819 6540 1
4820 8823 1
4820 9065 4
4820 9741 1
4820 9845 1
4822 5747 1
4830 6121 4
4838 9185 1
4840 8688 1
4840 8565 1
4840 8725 1
4840 9521 1
4840 9526 4
4840 9540 1
4840 9982 1
4867 9486 1
4894 8434 1
4920 9182 72
4923 6418 4
4929 6115 1
4953 5363 3
4955 8452 1
4973 5166 2
5004 9492 2
5014 9215 1
5021 6131 1
5022 6519 3
5026 9585 1
5033 5925 5
5043 8686 1
5052 6518 14
5090 6657 4
5099 8691 2
5099 8719 1
5099 8970 1
5106 7320 1
5130 6896 1
5135 9618 40
5148 7077 1
5160 5846 1
5165 8257 7
5169 8556 2
5169 9919 2
5170 8357 2
5224 9332 2
5224 8568 1
5224 8655 1
5232 8588 3
5232 9569 3
5232 8867 1
5232 9086 1
5232 9195 1
5232 9770 2
5249 5772 1
5272 5716 1
5310 6784 1
5311 9602 14
5326 7377 1
5347 6246 4
5368 6294 1
5381 7798 1
5395 7945 1
5422 9205 1
5422 9011 1
5425 7408 1
5441 6322 2
5453 9874 1
5453 8918 1
5453 9899 5
5463 5853 83
5466 6562 2
5467 6449 2
5508 8875 1
5516 6651 1
5518 9202 25
5518 8822 1
5519 8327 4
5543 8557 2
5550 9904 2
5582 5817 6
5651 9833 1
5651 9267 1
5651 8741 3
5651 9027 1
5651 9228 1
5654 7972 1
5660 9488 3
5669 7940 1
5674 6069 3
5740 7785 10
5752 6631 1
5763 6750 1
5767 8988 1
5767 8750 42
5767 9001 9
5825 8068 1
5836 8928 1
5836 8613 4
5843 8968 1
5863 9484 6
5942 6023 1
5981 7602 1
6027 8411 1
6112 9920 2
6116 8030 1
6141 6452 1
6173 6680 1
6187 9604 2
6205 9532 2
6205 8564 3
6213 8738 1
6213 9376 1
6213 9641 1
6263 9468 1
6263 9891 1
6263 8796 1
6270 9555 7
6301 8854 3
6313 6652 1
6314 9085 5
6317 9768 1
6335 8589 1
6335 9838 3
6335 9833 3
6335 8878 1
6335 9158 1
6352 7286 1
6377 9748 1
6396 9242 1
6396 9377 2
6396 9301 1
6405 7979 1
6447 8993 200
6453 9044 3
6453 8822 1
6453 9124 12
6453 9721 2
6453 9971 3
6498 9254 3
6535 9591 1
6571 7737 1
6582 8739 1
6582 8897 4
6582 9020 10
6582 9391 3
6604 8866 3
6633 9208 6
6643 9317 7
6643 8780 1
6643 8905 4
6736 7367 1
6741 8530 1
6775 9336 1
6817 8231 1
6824 7840 1
6830 8847 5
6835 9440 2
6868 9306 7
6874 8339 1
6906 9954 1
6923 7303 1
6942 8802 1
6962 7082 1
6976 8386 1
6985 9925 1
6985 8987 1
6987 8453 1
7146 8426 1
7147 8246 1
7212 9112 2
7212 9609 14
7228 8824 1
7229 9781 1
7235 8789 3
7235 9514 1
7235 9209 1
7235 8871 16
7235 9951 1
7235 9490 1
7273 8331 1
7281 7386 1
7291 8417 2
7296 8371 1
7318 9766 3
7332 8700 2
7337 8184 1
7405 9351 1
7409 9891 1
7409 8639 3
7414 7538 1
7472 7652 1
7498 9799 3
7510 9750 7
7608 9736 2
7619 9100 3
7633 9985 5
7644 9531 1
7644 9640 1
7644 9505 1
7690 9679 1
7690 9732 1
7695 7992 1
7749 7796 1
7782 8044 1
7793 8913 1
7793 9924 4
7793 9674 1
7793 9006 1
7793 9133 1
7793 9493 1
7797 9294 2
7828 8671 1
7828 9155 7
7828 9903 1
7828 9018 5
7828 9529 1
7829 9212 2
7829 8645 2
7829 9209 2
7829 9099 3
7857 8845 6
7857 8957 1
7857 8704 1
7857 9502 1
7863 8726 1
7866 8567 1
7915 8834 1
7935 9384 1
8007 9369 1
8078 8482 1
8096 8917 4
8118 9803 1
8118 9175 7
8141 8532 3
8204 8468 1
8205 9740 2
8206 9423 2
8206 8784 1
8206 9424 1
8271 8693 1
8271 9317 3
8271 9509 1
8313 9971 1
8313 9672 3
8313 9464 2
8313 9447 7
8313 8886 1
8313 9230 1
8313 9719 1
8313 9693 1
8313 8631 1
8313 8687 1
8313 8814 1
8313 8746 2
8313 8881 1
8322 8586 1
8322 9881 1
8322 9014 1
8361 8546 1
8380 9244 7
8399 9146 1
8399 8696 1
8399 9350 1
8399 9939 1
8399 9875 1
8399 9070 1
8399 9613 1
8399 9727 2
8400 9972 2
8430 9153 1
8430 9271 3
8430 9637 1
8470 8940 200
8470 9959 1
8521 8905 1
8521 9109 1
8521 9676 1
8521 9615 1
8529 9035 1
8529 9328 1
8529 9848 6
8529 9594 1
8529 9699 1
8529 9807 3
8551 8598 1
8553 9725 1
8555 9321 1
8556 9342 1
8561 9851 4
8561 8698 2
8568 9664 3
8572 9691 1
8574 9546 2
8578 8990 4
8583 9832 9
8586 9477 1
8587 9162 4
8587 9241 2
8587 9330 1
8587 9548 25
8587 9749 1
8588 9387 1
8590 9016 1
8590 9412 2
8590 9489 1
8590 9940 2
8596 8838 9
8599 9079 12
8605 9961 2
8605 9680 1
8605 9708 1
8620 8649 9
8620 9807 3
8624 9689 14
8626 9020 1
8626 9460 1
8626 8733 1
8626 9597 1
8626 9783 1
8626 9854 1
8627 9869 1
8636 8906 1
8637 9558 1
8637 8715 88
8637 8790 1
8638 9161 2
8638 9574 6
8638 8825 2
8638 8897 1
8638 9168 2
8644 9961 1
8647 8835 1
8647 9989 1
8652 9961 2
8653 9551 1
8655 9708 1
8658 8790 1
8661 9370 1
8661 9534 1
8663 8883 1
8668 9513 1
8672 9959 1
8672 9995 1
8672 9875 1
8672 9741 64
8672 9802 108
8672 8690 1
8672 9065 1
8672 8826 3
8677 9368 1
8677 9862 2
8677 9068 1
8677 9152 1
8677 9157 3
8677 9353 5
8677 9519 2
8677 9989 1
8679 9630 1
8680 9837 1
8681 9708 1
8682 9812 1
8686 9167 2
8694 9617 1
8697 8831 1
8706 8885 1
8710 8740 1
8712 9211 1
8712 9360 1
8712 9323 1
8712 9448 1
8712 9391 1
8712 9083 1
8712 9146 2
8712 9407 2
8712 9041 7
8715 9938 12
8715 8937 1
8717 9358 8
8719 9187 1
8723 9335 7
8725 9546 4
8727 9251 1
8730 8838 1
8734 8862 200
8736 8894 2
8736 9266 1
8738 9779 2
8740 9752 3
8740 9200 17
8740 9536 3
8742 8899 3
8743 9657 1
8743 9535 3
8743 9484 1
8743 9098 4
8745 9928 1
8747 9644 1
8750 9167 3
8753 9358 2
8754 9483 1
8754 9776 1
8761 8919 4
8774 9708 1
8776 9251 1
8779 9524 1
8785 9630 1
8786 8951 1
8786 9552 1
8786 9449 1
8788 9028 2
8790 9316 1
8790 8903 1
8790 9021 1
8790 9485 1
8790 9957 2
8791 9909 6
8794 9086 3
8794 9621 2
8794 9525 11
8794 8987 1
8794 8948 2
8794 9818 1
8807 9524 1
8807 9900 3
8809 8887 3
8818 9832 1
8821 9496 1
8825 8885 1
8825 9558 1
8830 9193 1
8830 9710 1
8830 9127 1
8831 9743 1
8838 9539 3
8839 9916 1
8839 8891 2
8839 8878 1
8839 9264 1
8839 9370 1
8839 9889 18
8845 9812 1
8846 8926 1
8849 9074 2
8855 9837 1
8856 9266 20
8856 8894 1
8858 8887 1
8859 9817 1
8860 9314 1
8860 9318 1
8864 8885 1
8867 9654 3
8867 9232 1
8876 9551 2
8879 9145 1
8879 9800 1
8883 9068 2
8885 9357 1
8885 8929 2
8885 8918 1
8885 9822 1
8885 9988 1
8887 9565 1
8887 9001 1
8887 9445 4
8887 9865 1
8888 9358 1
8890 9496 1
8894 8925 1
8894 9873 1
8894 9710 1
8898 9480 1
8898 9890 1
8899 9836 10
8899 9040 4
8899 8974 1
8899 9378 1
8900 9979 1
8900 9902 1
8900 9991 1
8900 9311 1
8900 9870 1
8904 9074 1
8906 9511 1
8906 9400 1
8906 9697 1
8906 9828 1
8906 9331 1
8906 9002 2
8906 8957 2
8906 9514 1
8909 9551 3
8914 9496 6
8919 9160 1
8920 9145 1
8925 9028 7
8926 8935 1
8926 9005 1
8932 9900 1
8936 9471 1
8955 9800 2
8956 9866 5
8960 9322 2
8960 9051 2
8964 9769 2
8970 9335 1
8973 8990 1
8974 9358 1
8976 9283 1
8990 9705 1
8990 9991 1
8997 9145 1
8998 9496 1
9005 9524 1
9007 9779 63
9009 9680 1
9009 9102 1
9011 9338 1
9021 9551 1
9028 9103 1
9028 9367 1
9028 9519 1
9028 9456 2
9034 9414 1
9038 9251 1
9048 9872 1
9050 9338 3
9058 9949 1
9058 9721 1
9064 9310 1
9068 9644 1
9070 9779 7
9076 9358 2
9093 9832 1
9095 9207 1
9098 9590 1
9102 9690 2
9102 9694 1
9102 9946 1
9102 9600 1
9102 9720 1
9102 9884 1
9102 9193 3
9102 9843 1
9103 9837 2
9103 9800 1
9108 9926 1
9109 9496 9
9112 9558 1
9114 9697 6
9130 9187 2
9132 9606 1
9134 9900 1
9142 9793 1
9145 9774 2
9145 9633 1
9145 9662 1
9145 9729 1
9145 9788 2
9146 9961 2
9151 9708 1
9152 9253 3
9159 9410 2
9162 9562 1
9162 9776 1
9164 9603 1
9167 9889 1
9167 9823 2
9167 9330 5
9167 9905 3
9167 9295 1
9167 9481 1
9167 9856 1
9168 9869 1
9168 9853 7
9175 9410 1
9178 9961 3
9183 9837 1
9183 9603 1
9187 9677 3
9187 9925 1
9198 9792 1
9205 9726 2
9206 9266 1
9211 9777 1
9216 9776 1
9217 9872 33
9228 9266 1
9232 9871 7
9232 9890 4
9232 9407 4
9235 9812 2
9241 9251 2
9243 9909 15
9247 9253 1
9251 9398 1
9251 9404 1
9251 9924 1
9251 9466 1
9253 9860 4
9259 9266 1
9260 9496 1
9263 9462 1
9266 9657 1
9266 9275 128
9272 9513 1
9273 9777 1
9273 9680 4
9286 9869 1
9289 9708 3
9299 9801 7
9307 9546 2
9320 9338 3
9321 9412 1
9327 9387 9
9335 9611 200
9335 9553 4
9338 9883 3
9338 9626 1
9338 9633 1
9338 9826 1
9340 9628 1
9342 9697 2
9353 9832 1
9354 9691 1
9356 9869 2
9357 9664 3
9358 9843 3
9358 9659 1
9358 9398 2
9360 9524 2
9362 9691 1
9363 9551 8
9365 9708 1
9373 9578 2
9377 9680 3
9386 9832 1
9387 9683 5
9387 9713 25
9387 9441 17
9405 9833 1
9406 9779 17
9406 9853 1
9417 9524 1
9421 9691 1
9423 9869 1
9438 9475 3
9439 9708 2
9447 9524 2
9449 9812 1
9456 9832 1
9458 9708 1
9471 9517 1
9471 9701 1
9471 9980 1
9471 9921 1
9477 9753 1
9482 9603 1
9483 9741 1
9483 9885 6
9485 9800 1
9496 9925 1
9512 9769 1
9513 9547 1
9513 9737 3
9517 9524 1
9520 9872 7
9520 9777 2
9521 9524 1
9524 9783 1
9524 9908 1
9524 9571 1
9532 9777 2
9533 9600 1
9546 9759 1
9549 9926 1
9549 9551 1
9551 9813 7
9551 9935 21
9568 9926 1
9569 9926 1
9580 9608 11
9590 9667 1
9590 9824 2
9597 9961 5
9603 9774 6
9610 9779 1
9616 9664 1
9630 9785 1
9636 9708 3
9664 9821 2
9664 9830 1
9664 9848 1
9680 9797 6
9687 9728 1
9690 9869 1
9693 9779 3
9704 9869 1
9708 9787 1
9708 9988 2
9708 9725 3
9708 9727 2
9708 9977 1
9723 9832 1
9728 9888 1
9733 9909 1
9754 9769 1
9759 9779 2
9762 9812 2
9771 9970 4
9776 9955 2
9776 9829 1
9800 9998 6
9837 9971 36
9869 9996 2
9956 9981 1
