4 9555 1
4 9629 8
4 9851 1
4 8700 1
4 8692 1
4 9321 102
23 9221 1
23 9932 1
36 9971 1
36 8813 1
36 9752 37
68 9118 1
68 9583 3
73 8727 1
73 9207 4
73 9649 3
73 9315 4
80 9927 34
80 8985 1
94 9847 6
94 8810 3
94 9836 25
98 8962 3
98 8681 2
101 9557 1
101 8728 4
102 9735 1
112 9518 1
112 9074 5
112 9413 1
112 9917 14
117 9934 1
117 9933 3
117 9275 1
117 9483 1
117 9589 4
117 8600 1
117 8990 9
117 8954 1
125 9548 1
125 9730 2
125 9951 13
125 9013 4
125 8747 1
125 8780 2
125 8920 7
125 8890 2
125 9503 1
125 9924 1
163 9443 1
163 9275 2
163 9657 1
163 9186 1
168 9932 1
168 9516 1
168 9682 1
176 9581 1
176 9972 1
176 9043 1
176 9957 1
179 8945 1
179 9542 1
179 9636 8
179 8723 7
179 9139 1
184 9600 1
184 8983 6
185 9450 1
185 9232 2
185 9576 1
188 8694 2
196 9656 1
196 9794 1
196 9979 1
196 9517 1
196 9218 5
197 9896 1
197 9844 1
197 9652 4
205 8587 4
205 9461 1
205 9699 1
236 9792 1
236 9697 1
236 9741 1
236 8786 3
236 9850 4
241 9466 1
241 9981 1
281 9011 1
296 9289 1
296 8746 1
296 8928 3
296 9056 2
296 9280 6
296 9819 1
298 9227 1
298 9243 88
326 9216 1
344 9448 1
344 9839 1
344 9973 6
365 9311 1
365 8896 1
365 9110 1
365 9629 17
379 9792 2
379 9123 5
379 8978 2
379 8587 1
379 9629 1
379 8922 4
379 9231 1
379 9285 1
379 9530 1
379 8801 1
379 9302 2
384 9860 1
384 8587 1
384 8651 1
384 8918 1
394 427 1
394 8744 1
394 9676 3
394 9408 2
394 8990 1
394 9703 5
394 9582 1
394 9992 1
394 9231 5
401 8936 9
401 9580 2
401 9973 3
401 9006 12
401 9030 1
401 9380 2
405 8721 3
405 9756 3
427 8762 1
427 8693 26
427 9889 1
427 9045 1
427 9615 4
431 9602 1
431 9111 1
431 9222 1
431 9300 1
431 9666 8
431 9227 11
431 9964 1
432 8617 5
432 9672 2
432 9890 1
445 8853 1
445 9671 6
445 9874 36
454 9545 3
454 8788 2
458 9586 2
458 8935 23
463 8816 1
463 9275 2
508 8604 1
508 9080 1
508 8674 1
511 8691 1
511 9052 1
511 9649 1
511 9668 5
511 9774 4
518 9401 1
518 8577 4
518 8642 10
518 8734 2
518 8947 4
518 9021 1
535 9339 1
535 8858 5
535 9504 7
543 9923 1
543 8702 1
543 9459 1
543 9695 1
543 9212 1
543 9986 1
550 8797 2
550 8849 1
550 9083 1
571 8883 2
571 9398 5
584 8824 1
584 8799 2
589 8707 1
589 9318 2
592 9704 4
599 9857 24
599 9676 3
602 9785 1
602 8620 1
602 8917 1
602 9796 1
602 9918 1
607 9020 5
607 8657 1
607 9559 2
615 9348 1
619 8617 1
619 9601 1
620 9284 7
620 9966 5
620 9449 1
620 9433 1
622 9074 2
622 9309 1
641 9079 1
641 8734 1
641 9741 1
646 9417 1
686 8672 2
688 8848 1
688 8600 2
688 8746 1
688 9817 3
688 9935 4
688 9381 1
690 9446 2
690 9834 14
690 8727 1
700 9617 1
701 9729 64
701 9074 1
701 9995 2
722 9583 1
722 9282 3
734 8968 12
734 9887 2
734 9827 1
734 9948 1
734 9950 1
734 8611 3
735 9770 1
735 8707 1
735 8795 1
735 9034 1
744 8861 2
761 8923 1
761 9789 2
761 9765 1
774 9097 6
774 9485 5
774 8709 2
774 9783 4
774 9754 2
774 9848 1
786 9477 1
786 9118 1
786 9620 3
836 9277 2
836 9012 1
836 9420 1
836 9160 1
836 9816 2
837 8942 1
904 9715 112
904 9700 4
904 9962 2
904 8832 1
918 9611 1
918 9198 1
932 9768 1
932 9884 1
932 8783 26
932 8942 1
935 9483 1
935 8906 1
935 9778 2
935 9737 4
947 9646 4
947 8705 1
947 8975 1
953 8955 2
953 9914 1
953 9131 1
963 9705 1
963 8976 1
963 9485 1
963 8678 1
963 9456 1
963 9595 1
972 8972 1
972 9262 2
972 9525 1
982 9259 1
982 9336 1
982 9554 5
988 9732 1
988 9631 1
992 8786 1
992 8796 1
992 9324 1
993 9041 1
993 8634 1
993 9251 1
993 9828 2
995 9972 1
1010 9116 1
1010 9144 2
1010 8612 2
1010 9937 2
1010 8649 50
1011 8933 11
1011 9605 2
1011 8816 1
1011 9977 1
1020 9212 1
1020 9490 1
1020 8829 1
1020 9865 6
1028 9459 1
1028 9866 1
1028 9044 1
1028 9763 3
1028 8924 7
1028 9990 3
1040 8875 3
1040 8951 1
1045 8643 8
1045 8943 16
1045 9632 4
1072 9356 2
1072 8994 2
1072 9224 6
1072 8778 1
1090 9858 1
1097 8663 3
1101 8887 18
1101 9773 1
1116 9200 1
1140 9862 2
1140 8758 1
1140 9084 3
1140 9618 1
1155 8928 1
1155 9863 1
1171 8881 1
1171 8891 2
1171 9097 1
1171 9275 2
1186 9516 12
1186 9295 1
1194 9093 1
1194 9740 1
1194 8882 1
1194 8924 1
1194 8976 1
1194 9735 2
1196 9227 1
1218 9050 4
1218 8621 7
1218 8659 1
1220 9972 4
1220 8898 4
1230 8763 1
1230 9518 1
1230 9846 1
1230 9848 1
1230 9943 1
1236 9318 1
1236 9738 2
1236 9821 1
1252 9596 3
1252 9971 1
1252 9798 1
1252 9275 8
1252 8692 1
1252 8923 1
1252 9868 3
1252 9450 1
1252 9965 1
1257 9583 1
1257 8648 2
1257 8691 1
1257 9264 1
1257 9862 1
1269 9990 1
1291 9599 2
1291 9261 2
1291 9961 7
1313 9290 5
1313 9541 11
1313 8813 1
1313 9971 2
1313 9367 3
1331 9273 2
1331 8692 3
1331 9947 1
1343 9375 1
1343 9606 1
1369 8630 1
1369 8767 1
1369 9013 1
1369 8740 2
1372 9584 6
1372 9850 9
1372 9271 1
1372 8576 2
1372 8970 6
1372 9138 16
1375 9816 1
1375 9088 1
1376 8834 1
1376 9005 1
1376 9180 3
1376 8758 1
1376 9679 2
1376 9818 1
1377 8633 1
1377 8868 1
1391 9310 1
1391 9682 7
1391 8626 6
1391 9214 1
1399 9748 1
1399 8901 1
1399 8983 1
1399 9906 2
1406 9896 1
1406 9538 1
1406 9677 1
1439 9919 1
1439 8642 1
1439 9529 1
1440 8627 1
1440 8870 2
1440 8576 8
1440 8609 1
1450 8762 2
1450 8781 1
1450 9080 1
1450 9440 51
1454 8722 3
1454 8737 24
1454 8632 1
1454 8955 1
1454 9274 1
1474 8741 2
1474 8890 1
1474 9204 1
1474 9279 1
1477 9167 1
1477 8579 15
1477 8691 3
1477 9589 1
1477 9331 1
1477 9375 2
1477 9607 1
1477 9807 1
1482 9851 1
1482 9029 2
1482 9733 4
1492 9195 2
1492 9089 3
1492 9514 2
1512 9384 2
1512 9728 1
1512 8606 13
1512 8823 1
1512 8903 1
1512 9916 1
1514 9874 3
1514 9387 1
1515 8933 2
1515 8954 1
1515 9760 12
1515 9017 1
1518 9547 1
1518 8652 1
1518 9851 1
1526 9006 1
1526 8834 1
1530 9726 2
1530 8655 1
1530 9582 1
1530 9845 1
1536 9033 4
1536 9564 2
1536 9210 1
1546 9449 1
1546 9908 1
1546 8822 1
1546 8972 1
1546 9678 4
1550 8811 6
1550 8681 3
1550 9180 1
1552 8871 1
1552 9382 1
1552 9292 83
1552 8943 1
1552 9204 2
1552 9576 1
1564 8705 1
1564 8616 2
1564 8634 1
1564 9271 1
1564 8645 6
1564 9046 1
1564 9096 2
1564 9937 3
1567 9720 1
1567 9006 4
1567 9222 1
1568 8740 3
1568 8870 1
1568 9315 5
1568 9316 1
1568 9480 1
1568 9746 3
1568 9729 2
1572 8575 14
1582 9997 2
1582 9680 1
1582 9923 1
1583 9369 1
1583 9944 1
1583 9159 1
1586 9645 1
1597 9435 19
1597 9177 5
1610 9777 136
1610 9899 1
1610 8722 1
1610 9109 1
1610 9214 1
1610 9581 37
1610 9659 1
1617 9302 4
1617 9700 1
1617 9619 1
1617 8767 5
1617 8835 1
1617 9929 1
1617 8954 1
1617 9924 1
1617 8762 1
1617 9431 1
1617 9878 1
1619 9719 12
1619 9530 3
1619 9579 1
1625 9513 2
1625 9629 1
1625 9285 1
1625 9494 1
1625 9983 5
1626 9698 1
1626 9165 1
1634 8716 1
1637 9897 1
1637 8971 1
1637 9243 1
1663 9410 12
1675 9061 1
1675 8923 4
1677 8829 1
1677 9831 1
1677 9865 1
1678 9792 3
1678 9708 2
1678 9091 5
1678 9018 1
1678 9328 1
1678 9593 73
1678 9936 1
1697 8634 1
1697 9229 1
1697 8943 3
1697 9164 1
1711 9963 6
1711 8790 1
1711 9278 5
1715 9999 1
1715 8604 6
1725 8741 3
1725 8813 3
1725 9995 1
1725 9992 1
1735 9294 2
1735 9201 1
1770 9676 1
1784 8994 2
1784 8983 1
1784 9906 1
1784 8610 2
1784 8874 1
1784 9860 1
1784 9469 3
1784 9044 1
1784 9405 1
1793 8720 1
1793 9257 1
1793 8609 14
1793 9541 1
1815 8969 5
1815 9024 2
1815 9915 3
1815 8750 1
1815 9867 1
1821 9435 1
1821 9421 1
1821 8889 2
1821 9438 133
1821 9600 2
1821 8820 1
1821 9050 1
1821 8581 5
1821 9480 4
1832 9880 1
1832 8709 1
1841 9569 3
1841 8879 1
1841 9054 1
1841 9733 1
1841 8789 2
1841 9713 1
1841 9972 2
1852 8839 5
1852 9809 3
1852 8680 2
1852 9111 4
1868 9997 1
1868 8944 4
1868 9700 2
1869 9989 3
1869 9564 6
1909 9286 1
1909 8772 1
1909 9897 1
1909 9944 2
1918 9087 1
1918 9851 1
1918 9165 1
1934 8805 3
1934 9059 1
1949 9953 1
1949 9585 1
1949 8639 1
1953 9604 3
1953 9144 1
1953 9321 1
1953 9761 1
1953 9052 8
1967 9631 1
1980 9774 3
1980 9560 1
1980 8796 8
1980 9916 1
1980 9136 2
1991 9541 2
1994 9851 2
1994 9384 1
1994 9160 2
1994 9406 2
1994 9489 1
1994 8981 8
2021 8921 1
2022 9559 2
2022 9603 1
2022 9181 1
2022 8811 2
2025 8651 1
2025 9075 1
2025 9478 1
2025 9850 1
2025 8582 52
2033 9719 7
2033 9269 1
2033 9380 1
2033 9153 1
2033 8656 1
2033 9299 1
2061 9111 2
2061 9185 1
2061 8746 1
2061 8834 1
2061 9815 1
2061 9835 8
2069 9193 1
2076 9023 1
2081 9601 1
2081 8752 1
2081 9121 1
2083 9951 2
2083 9419 6
2083 9493 2
2083 8614 1
2083 8594 1
2083 9011 2
2085 9999 1
2085 8669 2
2085 9955 1
2085 9978 2
2106 9023 1
2106 8763 1
2106 9589 3
2111 9430 1
2111 9676 1
2111 8773 1
2111 9999 1
2114 8883 1
2114 9919 1
2119 9096 2
2119 8751 2
2119 9215 17
2119 9438 1
2119 9579 2
2119 9926 1
2154 9262 2
2154 9611 1
2154 9198 2
2154 9966 1
2172 9348 1
2172 8787 2
2189 9879 1
2194 9462 1
2194 9600 3
2196 9757 7
2196 8955 1
2196 9502 4
2196 8699 2
2196 9763 1
2197 9586 3
2197 9953 1
2199 9979 3
2199 8959 1
2199 9188 1
2199 9913 5
2217 9515 1
2217 9573 1
2217 8951 3
2217 9456 1
2217 9705 5
2217 9041 1
2217 9143 1
2217 9585 3
2231 8582 1
2231 9000 1
2231 9010 1
2231 9668 2
2242 9877 1
2242 9310 1
2243 9010 4
2243 9800 3
2248 8579 1
2248 8734 7
2249 9864 15
2249 8699 3
2259 8630 1
2259 9482 5
2259 8750 1
2259 9218 4
2259 8686 1
2269 9797 4
2269 9179 1
2279 8740 1
2307 9282 1
2307 9348 1
2307 8769 1
2307 9318 1
2307 9508 1
2307 9695 9
2307 9105 1
2307 9507 2
2317 8748 26
2317 9545 3
2317 9872 2
2317 9153 3
2317 9139 1
2317 8882 1
2323 8919 2
2323 8760 1
2323 9496 6
2339 9656 6
2339 9699 1
2339 9705 2
2339 9216 1
2345 8679 5
2345 8650 1
2345 8791 1
2374 8963 3
2374 9122 1
2374 9207 1
2375 9156 86
2375 9127 1
2375 9353 12
2384 9611 1
2384 8887 1
2384 8718 1
2384 8663 2
2391 8695 2
2391 9590 6
2393 8977 1
2393 9725 1
2393 9338 1
2395 9347 1
2398 9773 2
2412 8612 1
2412 8760 4
2412 9617 3
2412 9429 1
2412 9570 3
2416 8981 32
2416 8827 1
2416 9076 1
2428 8888 5
2428 8919 5
2428 9226 2
2428 9566 1
2437 9915 1
2437 8648 1
2437 9616 1
2440 8620 1
2440 9187 4
2440 9215 2
2440 9584 2
2442 9471 28
2442 8774 5
2442 9645 1
2442 9770 200
2442 9864 2
2442 9909 1
2442 9352 1
2442 9536 1
2448 9348 1
2448 9222 1
2480 8820 1
2497 6956 2
2497 9093 4
2497 9384 1
2505 8612 4
2505 8598 1
2505 8997 2
2505 9673 1
2505 9502 1
2505 9775 2
2509 9228 1
2521 9289 1
2521 8830 1
2531 9159 1
2531 9678 1
2531 9465 1
2578 8790 1
2578 9239 1
2578 9254 1
2578 9073 1
2578 9092 1
2586 9429 1
2586 9964 2
2586 9939 1
2599 9036 1
2599 9205 2
2599 9727 1
2603 8936 1
2603 9509 3
2603 9247 1
2603 9829 1
2603 9958 1
2603 8577 8
2603 8585 1
2603 8955 1
2603 9184 1
2603 9633 19
2604 8789 1
2604 8656 1
2604 9274 1
2604 9678 14
2604 9837 1
2604 9661 2
2604 9671 9
2609 8941 1
2609 8810 4
2609 9036 3
2609 9197 200
2609 9463 1
2610 9979 1
2610 8781 1
2610 9339 3
2627 9411 11
2627 9291 1
2627 9644 1
2627 9741 2
2627 9519 1
2629 9347 1
2629 9548 2
2629 9247 1
2629 8827 1
2629 8891 4
2629 9253 1
2629 9687 1
2632 8746 1
2632 8701 1
2636 9609 12
2659 9391 1
2688 9350 1
2688 9579 1
2688 8882 1
2688 9521 1
2689 8917 1
2689 8606 1
2689 9569 1
2689 9746 1
2692 9269 1
2692 8768 4
2709 9992 1
2709 9956 3
2714 9703 1
2714 9971 1
2714 9628 2
2714 8589 1
2714 9552 1
2714 9557 7
2714 9617 1
2724 9185 1
2736 8843 1
2736 8878 2
2736 9224 1
2738 8971 5
2738 9284 2
2738 8945 3
2738 9785 1
2746 9232 1
2746 8588 2
2746 9284 1
2746 9444 2
2769 9095 1
2769 9627 2
2799 9477 1
2799 9596 1
2799 8668 7
2799 8784 1
2799 9179 1
2800 8953 1
2800 9870 1
2800 8899 1
2800 9114 1
2800 9416 1
2800 9426 1
2800 9277 1
2804 8907 1
2804 9617 1
2804 9546 2
2804 9733 1
2809 9006 1
2809 9628 11
2809 9456 3
2818 9957 13
2818 9156 1
2818 9420 1
2818 9742 7
2861 8914 6
2861 8669 1
2861 9092 2
2878 9786 1
2878 9304 1
2878 9028 9
2878 9231 1
2878 9413 8
2878 9301 1
2878 9477 1
2881 9416 1
2881 8994 1
2881 9126 1
2885 9510 1
2885 9529 2
2885 9051 4
2885 8925 1
2903 9086 1
2903 9778 1
2903 9360 1
2903 9432 1
2910 8704 2
2910 9911 1
2910 9066 18
2933 9285 1
2933 8627 1
2933 9083 7
2933 9202 16
2933 9480 1
2933 8677 1
2936 9595 1
2936 9269 1
2936 9342 1
2941 9415 1
2941 9200 60
2941 8652 9
2941 9599 1
2941 9463 2
2941 9989 1
2958 8776 1
2960 9891 1
2961 9848 2
2961 8750 2
2961 9928 1
2961 9930 1
2961 9353 1
2969 9625 1
2969 9234 4
2969 9327 2
2969 9406 1
2971 9280 3
2971 8902 2
2971 9318 2
2997 9662 12
3015 8819 1
3015 9336 1
3015 9619 1
3015 8589 2
3015 9934 11
3019 8677 1
3019 9867 1
3019 9167 1
3024 8890 1
3024 8824 1
3024 9166 2
3024 9837 1
3028 9884 1
3028 9714 1
3028 8797 1
3042 8820 1
3042 9656 2
3042 8864 1
3042 9027 14
3042 9192 2
3042 9452 200
3042 9821 2
3044 9953 1
3044 9293 6
3048 8975 26
3048 8908 1
3048 9443 4
3048 9712 1
3048 9011 1
3048 8610 1
3048 9580 1
3048 9202 1
3051 9364 1
3051 9952 1
3051 9770 1
3064 8942 1
3064 9323 1
3064 8839 10
3064 9366 1
3064 9836 1
3064 9610 1
3067 9232 12
3067 9187 3
3067 8979 1
3067 8797 3
3068 8930 1
3068 8849 1
3068 9493 2
3068 8895 1
3068 9153 1
3070 9965 1
3070 8997 1
3070 8749 77
3070 8843 1
3070 9328 1
3070 9347 1
3074 9353 6
3074 9350 2
3074 9207 7
3074 8772 1
3074 9609 1
3074 9380 9
3090 8941 6
3090 9038 5
3090 9123 5
3090 9228 1
3090 9403 3
3102 9302 1
3102 9829 1
3102 9891 42
3103 8606 2
3103 8637 1
3103 9499 2
3103 9805 1
3103 8620 1
3103 9542 5
3103 9887 1
3106 8752 1
3106 9541 22
3106 9608 2
3107 8585 1
3107 9626 2
3107 9499 1
3109 9679 1
3113 9595 1
3118 9808 1
3118 9205 1
3118 9502 2
3118 9570 30
3118 9501 1
3118 9623 1
3124 8846 1
3127 8934 1
3127 9400 1
3127 9914 2
3127 9001 3
3127 9350 2
3155 9202 8
3155 8639 1
3155 9273 2
3155 9115 6
3155 9762 1
3158 8683 6
3158 9524 31
3158 9548 7
3161 9600 1
3184 8723 3
3184 9525 1
3196 9400 1
3196 9432 4
3196 8850 5
3196 9303 6
3196 8965 1
3196 9482 1
3196 9832 1
3196 8884 1
3198 9513 2
3198 9242 2
3198 9144 1
3200 9301 5
3200 8722 23
3200 9740 2
3208 9338 12
3276 8683 1
3276 8627 3
3276 9676 3
3287 8918 1
3287 8732 1
3287 8820 1
3289 8576 2
3290 9456 7
3290 9765 1
3290 9791 1
3290 9056 1
3290 9058 1
3290 9949 1
3298 9738 1
3298 8889 3
3298 9375 6
3298 9865 1
3298 8877 1
3312 9616 1
3312 9349 3
3319 9536 1
3319 9615 5
3323 9161 1
3323 8719 1
3323 9488 1
3326 8699 15
3333 8740 3
3333 8581 1
3333 9843 7
3360 9405 12
3360 9807 1
3360 9253 1
3360 9471 1
3360 9763 2
3373 8936 1
3373 9154 1
3373 9370 1
3389 9184 3
3389 8910 12
3394 9806 1
3394 9597 2
3397 8624 1
3397 9050 15
3397 8979 2
3397 9805 1
3397 9081 1
3397 9317 1
3397 9268 1
3397 9325 1
3402 9072 1
3415 9317 3
3415 9129 2
3415 9359 1
3415 8986 1
3415 9261 1
3431 9281 1
3431 9451 3
3432 9156 4
3432 9186 4
3432 9855 1
3432 9307 1
3432 9603 2
3433 9308 1
3435 9309 1
3435 9289 8
3437 9846 1
3440 8796 2
3440 9521 1
3440 9600 1
3440 9599 1
3441 8718 1
3441 9674 1
3452 9023 1
3463 9533 2
3470 9805 6
3470 9367 2
3470 8835 2
3470 8735 2
3471 9232 6
3471 8721 1
3471 9934 1
3471 8853 1
3471 9146 1
3471 9910 2
3489 9263 1
3489 9943 1
3489 8930 1
3507 9560 7
3507 9693 21
3507 9877 10
3507 9011 3
3507 8738 9
3507 9475 8
3507 8730 11
3507 8959 1
3519 8899 1
3519 8709 1
3519 9232 1
3521 9052 1
3521 8600 2
3521 9771 1
3521 9191 1
3521 9298 7
3521 9303 1
3521 9826 2
3528 9891 1
3528 8968 1
3528 9917 1
3528 8934 1
3529 9694 1
3529 8864 1
3534 9275 2
3534 9859 1
3534 9592 3
3534 9547 1
3534 9680 1
3534 9878 1
3534 9447 1
3561 9765 2
3561 8618 1
3561 8706 1
3594 9325 1
3594 9133 1
3601 9617 1
3601 9299 2
3601 8944 2
3601 9118 1
3601 9899 1
3609 8680 2
3609 9017 2
3609 9366 38
3611 9447 1
3611 8729 1
3627 8965 1
3627 8879 3
3653 9123 3
3653 9307 9
3653 8717 1
3653 9308 1
3653 9777 1
3658 9693 1
3658 8719 2
3658 9508 1
3658 9683 2
3664 9862 1
3673 9162 2
3673 9078 2
3673 8762 1
3673 9917 1
3673 9933 3
3683 9502 4
3683 8740 1
3683 9274 1
3683 9872 2
3700 9410 1
3700 9822 14
3700 9296 28
3706 8751 1
3706 9369 2
3706 9541 5
3706 9819 1
3706 9449 4
3716 8786 2
3716 9513 1
3718 9774 2
3718 9193 1
3776 9611 1
3776 8700 1
3776 8787 1
3776 9491 1
3779 8706 3
3779 9966 1
3779 9762 2
3779 9946 1
3779 8987 1
3779 9398 2
3781 8751 1
3781 9683 1
3781 9956 1
3781 9073 1
3811 9563 1
3811 9700 1
3811 9928 1
3812 8843 1
3812 9501 1
3812 9075 1
3834 9791 1
3834 9487 1
3834 9592 1
3844 9555 2
3844 9818 1
3844 8627 1
3844 8960 1
3844 9452 5
3844 9739 1
3864 8902 2
3864 9658 16
3864 9813 4
3864 8586 2
3893 8932 1
3913 9065 1
3913 8960 2
3913 9771 4
3913 9054 1
3913 9187 2
3913 9221 2
3913 8631 2
3913 8626 1
3914 8987 8
3914 9529 1
3914 9299 1
3914 9464 10
3914 8589 1
3914 8734 2
3914 9633 1
3927 9551 3
3929 8760 2
3929 9850 1
3929 9327 1
3929 9413 2
3929 9813 3
3929 9471 1
3929 8690 1
3946 9679 1
3946 9554 1
3946 9558 1
3968 9580 1
3968 8966 2
3968 9906 1
3968 9477 9
3968 9656 67
3968 9847 1
3973 9347 2
3973 8807 1
3973 9196 4
3975 8672 2
3979 8610 1
3979 9145 1
4013 8949 8
4020 9526 1
4021 9859 1
4021 8598 1
4021 8921 1
4027 9268 1
4027 8621 1
4027 9329 1
4027 8721 1
4027 9072 1
4027 9836 1
4032 9105 1
4032 8796 2
4032 8800 1
4034 9191 12
4034 9554 4
4034 9765 3
4034 9388 1
4034 9517 1
4036 9699 1
4036 9883 4
4036 9129 1
4036 9399 2
4042 9914 3
4042 8858 1
4042 9278 1
4042 9086 1
4042 9408 3
4042 9749 2
4058 9014 4
4058 8692 1
4059 8606 1
4059 8906 75
4070 9676 1
4070 8795 2
4070 9040 1
4070 9273 1
4070 9474 1
4070 9592 1
4070 9675 1
4070 9840 3
4084 9839 1
4084 9160 1
4084 8814 4
4084 9619 2
4094 9638 1
4094 9864 5
4094 8906 2
4094 9569 1
4094 9679 2
4094 9181 2
4094 9207 1
4094 9840 1
4095 9972 3
4095 8760 4
4095 8857 1
4095 9033 2
4099 9918 1
4099 8832 1
4099 9158 2
4099 9843 1
4103 9786 7
4103 9901 1
4119 9809 1
4119 9819 6
4119 9967 1
4119 9553 1
4119 9662 11
4123 9433 1
4123 9392 14
4123 9966 1
4123 9759 2
4123 9656 1
4136 9916 1
4146 8824 6
4146 9045 1
4146 9097 1
4146 8635 1
4146 9375 2
4147 9911 5
4147 9256 1
4147 9720 3
4155 9145 2
4155 8951 1
4155 9386 6
4155 9562 1
4155 8774 1
4155 9870 1
4158 8594 1
4158 9837 1
4158 9084 3
4158 9184 3
4158 9193 34
4158 9775 1
4158 9052 1
4158 9329 2
4158 9590 2
4178 8643 4
4178 9303 1
4178 9959 5
4185 9164 36
4185 9957 1
4185 9168 1
4185 9695 1
4185 9832 2
4188 9315 1
4188 9221 6
4188 9386 1
4188 8643 1
4188 9518 1
4197 8861 2
4213 8970 1
4213 8793 1
4237 9673 1
4237 9791 1
4267 8945 1
4267 9331 15
4267 8657 1
4267 9328 1
4267 9608 2
4267 9646 3
4267 9703 1
4267 9156 1
4296 9946 1
4296 9643 8
4296 9821 1
4297 9666 1
4297 9446 3
4301 9435 12
4301 9835 1
4301 9202 2
4329 9839 1
4329 9934 44
4329 9162 1
4329 9382 1
4329 9863 1
4331 9424 3
4331 9827 1
4331 9205 3
4332 9605 1
4332 8718 5
4332 9117 5
4342 9783 3
4343 9797 3
4343 9611 2
4343 8997 7
4343 9046 1
4343 9354 4
4346 9363 1
4379 8910 1
4379 9044 1
4379 9150 2
4379 9316 1
4385 8801 1
4404 9581 2
4404 9504 4
4404 9874 1
4404 9879 1
4405 9211 69
4405 8743 2
4405 8842 1
4409 8825 1
4412 8650 1
4412 9416 1
4412 9636 1
4417 9704 9
4417 9118 1
4417 9478 1
4417 9877 3
4443 9935 1
4443 9675 1
4443 8825 1
4443 8923 1
4443 9053 4
4443 9257 1
4443 8933 1
4443 9749 1
4443 8908 1
4443 8600 6
4448 8652 1
4448 9835 1
4451 9509 49
4471 8668 3
4471 9001 3
4485 9145 1
4485 8780 1
4485 8933 1
4496 9546 1
4507 9037 25
4507 9818 1
4507 9956 3
4507 9996 21
4519 8668 1
4555 9959 1
4555 9208 1
4583 9928 1
4583 9727 1
4583 9342 6
4585 9196 24
4585 8949 2
4586 8749 1
4586 8579 2
4586 9764 3
4647 8975 1
4647 9317 1
4647 9383 9
4647 9866 1
4658 9419 1
4658 8732 1
4658 9752 2
4658 8823 1
4658 9609 1
4670 9927 2
4670 9935 1
4670 8922 2
4670 9384 1
4680 8809 1
4680 9024 1
4680 9639 14
4680 9262 1
4683 9809 1
4683 8696 17
4683 9944 1
4683 9878 3
4683 8645 24
4683 8742 1
4683 9411 2
4683 9053 1
4685 9610 1
4685 9979 56
4696 9228 1
4696 9336 1
4696 9443 1
4696 8849 1
4703 9629 1
4703 9579 4
4703 9944 1
4703 8858 2
4703 9280 1
4703 9895 2
4703 8770 20
4711 9091 1
4711 9818 1
4711 8814 1
4711 9080 2
4731 9846 1
4731 9584 13
4731 9885 1
4735 8742 5
4735 9214 1
4735 8776 1
4735 9860 5
4743 9875 1
4743 9243 1
4743 9566 1
4743 8887 2
4743 8932 1
4743 9196 1
4743 9512 1
4747 9183 1
4749 8654 28
4749 8819 12
4749 9558 1
4757 8646 1
4757 8770 1
4757 8819 1
4757 8749 2
4769 9251 3
4769 9340 1
4769 8956 1
4769 9620 1
4769 9274 1
4777 8655 1
4777 9762 2
4777 9336 1
4777 9593 1
4779 9477 1
4779 9908 1
4779 9843 1
4779 9262 3
4779 9500 8
4779 9122 1
4794 9424 1
4796 8797 1
4799 8978 9
4799 9774 1
4799 9630 1
4799 8578 1
4799 8785 1
4799 9805 6
4799 9948 4
4814 9456 1
4814 8648 1
4814 9483 2
4836 9738 2
4836 9288 3
4848 8586 1
4848 8849 1
4848 9601 3
4848 9120 2
4853 8786 2
4853 8737 168
4853 9154 1
4860 8914 3
4860 9020 1
4860 9024 13
4860 9394 7
4879 8899 3
4879 9199 1
4879 8585 1
4881 9608 1
4881 8831 1
4881 8889 1
4896 8997 3
4896 8874 1
4896 8977 1
4896 9580 2
4907 9929 1
4907 8996 2
4907 9730 2
4909 8908 13
4909 9120 3
4920 9387 1
4920 9221 66
4920 9618 5
4920 9693 2
4924 8752 1
4924 8896 2
4924 9768 1
4925 8656 8
4925 8575 5
4949 9696 1
4949 8744 16
4949 9606 8
4949 8721 1
4949 9489 4
4964 9826 1
4964 9001 14
4964 9958 2
4964 9880 1
4964 9401 1
4964 9644 1
4964 9909 1
4964 9497 1
4982 8945 1
4982 9377 1
5016 8578 97
5016 8850 1
5016 9033 7
5023 9840 1
5023 8602 2
5023 9866 4
5023 9230 1
5023 9817 1
5051 9410 1
5051 8591 1
5051 9322 3
5066 9831 10
5066 9877 20
5066 9025 2
5066 9058 1
5066 9946 6
5084 9643 1
5084 9247 1
5084 9725 1
5084 9538 1
5086 9771 1
5086 9237 2
5086 9058 1
5086 9610 1
5086 8639 2
5086 9197 1
5100 8780 3
5100 8633 1
5103 9866 2
5103 8690 1
5103 9844 1
5103 9097 1
5104 8662 1
5104 9490 33
5115 9631 2
5115 9125 3
5115 9116 1
5117 9673 3
5117 8870 2
5117 9573 5
5119 9951 2
5119 9530 6
5119 9225 1
5133 9248 1
5133 9011 2
5133 9062 1
5143 8646 3
5143 8901 1
5143 9037 1
5143 9017 1
5143 8783 10
5143 9604 1
5145 9020 1
5145 8846 2
5161 9444 1
5161 9054 2
5161 9861 2
5161 9073 1
5190 8613 1
5190 9264 2
5190 9415 1
5190 9544 1
5190 9877 1
5198 9296 1
5198 8899 1
5198 8735 3
5223 9983 1
5274 8702 1
5274 9201 23
5274 8807 2
5278 9419 1
5278 9536 1
5318 8719 3
5324 9216 1
5324 9963 1
5333 8611 1
5333 8795 1
5333 9391 1
5333 9625 2
5333 9478 8
5333 9515 2
5341 9671 1
5341 9694 23
5347 9367 1
5347 8677 6
5347 9259 24
5347 9914 12
5347 8633 4
5347 9630 5
5350 9496 1
5350 9828 11
5350 9304 1
5350 9488 1
5362 9625 3
5362 9025 1
5362 9041 3
5362 9737 1
5362 9739 40
5362 8920 2
5371 9338 2
5371 9415 1
5371 9745 2
5378 8695 1
5378 8601 4
5378 8704 1
5383 9281 1
5383 8802 9
5383 8617 1
5403 8662 1
5403 9302 2
5410 9467 1
5410 8953 1
5410 9466 1
5410 9799 1
5418 9901 1
5418 9199 3
5424 9308 1
5440 9285 1
5440 9626 2
5440 9057 1
5440 9407 1
5440 9920 14
5443 9992 1
5443 8763 1
5443 9511 1
5450 9740 1
5450 9091 3
5450 9079 1
5450 9290 2
5451 9165 1
5451 9851 2
5451 8646 2
5451 8950 13
5451 9122 1
5454 9519 1
5454 8988 1
5454 9625 2
5472 8881 4
5472 9829 4
5476 8857 1
5476 8686 1
5476 9822 2
5476 9139 1
5476 9960 1
5484 9280 1
5484 9966 10
5504 8805 3
5504 9371 3
5504 9755 1
5506 9072 2
5506 9336 1
5506 9436 1
5506 9161 10
5564 8680 2
5564 9582 1
5581 9225 1
5581 9204 4
5581 9273 2
5599 9065 24
5599 8766 1
5599 9096 1
5614 8996 1
5614 8720 2
5617 8759 5
5617 8960 1
5617 9544 1
5617 9625 11
5617 9804 2
5633 9827 1
5633 9777 1
5633 9774 6
5649 9082 1
5649 8861 1
5649 9081 1
5696 9986 1
5696 9929 1
5719 8611 1
5719 8799 1
5719 9960 1
5724 9225 1
5725 9636 1
5725 9048 1
5725 9087 1
5725 9373 1
5726 9952 10
5726 9411 17
5730 9618 1
5730 9827 5
5730 9834 1
5738 9995 23
5738 9449 1
5738 9755 1
5743 9143 1
5743 9137 1
5743 9162 7
5743 9367 1
5743 9061 11
5743 9276 1
5762 9075 1
5765 9791 1
5765 8941 1
5765 8732 1
5765 9222 1
5765 9005 3
5765 9889 1
5771 9386 3
5771 9640 17
5771 8829 6
5771 8945 2
5771 9509 2
5771 9421 1
5771 8610 2
5771 9045 2
5776 8834 1
5776 9239 1
5776 9542 4
5776 9566 1
5776 9004 1
5776 9405 1
5777 9143 1
5777 9809 2
5782 9913 1
5782 8778 4
5782 9029 1
5782 9628 3
5787 8663 1
5787 8987 4
5787 9242 1
5787 9932 1
5787 8962 1
5806 9616 1
5807 8649 7
5807 8754 2
5807 9958 1
5818 9136 2
5818 8776 1
5818 9400 1
5818 8968 1
5818 9911 1
5829 8624 1
5829 9880 1
5829 9235 1
5829 9675 1
5833 8613 1
5833 9937 1
5833 9753 1
5833 9986 1
5833 8678 3
5833 8745 1
5833 9028 1
5833 9521 1
5839 9764 1
5839 9914 1
5856 9510 1
5868 9679 3
5868 9061 1
5868 9371 1
5868 9678 3
5868 9266 1
5868 9851 12
5872 9649 1
5872 9570 1
5872 8649 4
5872 9646 1
5879 9868 2
5879 9679 1
5879 8645 3
5879 9655 2
5880 9126 1
5880 9482 2
5920 9821 1
5920 9755 1
5920 9173 1
5920 9777 1
5945 9521 1
5945 8651 2
5953 9955 1
5953 8881 1
5986 9750 3
5986 8594 3
6002 8988 1
6002 9290 2
6002 9181 1
6002 9750 1
6021 9603 1
6021 8616 1
6023 8654 1
6028 9943 24
6028 9589 1
6028 9966 1
6028 9868 2
6035 8950 20
6035 8680 1
6051 9530 11
6051 9099 1
6051 9713 50
6051 9623 2
6051 9827 1
6071 9986 1
6071 9051 2
6071 9673 1
6071 9883 1
6071 9884 3
6109 9559 2
6109 8587 1
6109 9311 13
6109 8695 1
6133 9570 1
6133 9577 13
6133 9766 3
6133 9879 1
6134 9052 2
6134 8751 8
6134 9958 1
6134 8956 2
6134 9154 1
6134 8580 2
6134 9850 10
6134 9713 3
6141 8929 6
6141 9043 160
6141 9909 1
6141 9393 1
6141 9607 14
6141 9682 2
6143 9232 3
6143 8591 1
6143 9393 1
6164 9201 2
6164 9661 1
6164 8737 1
6164 9615 1
6181 8645 1
6181 9174 1
6181 9310 1
6181 8726 1
6181 8822 7
6181 8849 11
6181 8782 1
6181 9643 1
6184 8987 1
6184 9361 2
6205 9244 2
6205 9300 1
6205 9501 1
6209 8839 1
6209 9123 1
6209 9658 1
6217 9658 4
6217 9525 1
6217 9393 1
6217 9311 1
6217 8947 1
6217 9874 1
6225 9973 1
6225 8604 1
6242 9866 3
6242 8617 4
6242 9974 1
6242 9657 1
6250 9241 1
6250 8631 2
6250 8635 3
6291 9611 1
6291 9799 1
6291 9043 1
6291 8814 9
6297 8793 1
6297 8975 1
6297 8989 1
6297 9158 1
6297 9426 1
6305 9230 2
6315 9247 1
6315 9645 1
6317 9713 1
6317 9018 5
6317 9806 1
6317 8676 1
6317 9028 1
6317 9815 1
6365 9452 1
6365 9261 2
6365 8807 1
6365 9499 8
6365 9745 7
6365 9781 1
6365 8888 3
6370 9884 4
6370 9473 1
6370 9697 1
6370 8723 2
6370 8944 1
6370 9726 3
6370 9260 1
6372 8932 6
6372 8933 3
6372 8586 21
6372 8686 3
6372 9488 1
6372 8925 11
6372 9401 1
6372 9403 1
6372 9144 2
6385 9240 4
6385 9792 11
6385 9874 1
6388 8983 3
6388 9703 1
6394 8575 1
6394 9478 1
6394 8695 1
6394 8639 1
6394 9040 13
6394 9489 6
6394 9859 1
6415 8720 1
6415 9419 3
6424 8648 1
6424 9464 1
6450 9877 1
6477 9187 1
6477 9234 6
6495 8604 1
6495 9342 2
6495 9891 1
6495 9005 12
6495 9603 1
6495 9789 5
6497 9381 1
6497 9500 13
6497 9786 1
6519 8681 1
6519 8614 1
6519 9199 10
6529 8618 35
6529 8601 1
6529 8763 2
6529 9382 3
6529 8892 1
6529 9767 1
6549 9222 1
6549 8659 4
6549 8733 4
6549 9514 1
6560 9830 1
6561 8850 1
6561 9199 16
6561 9599 1
6577 9421 1
6577 8751 6
6577 9930 1
6577 9433 1
6577 9288 1
6577 9547 2
6577 9719 1
6577 9935 2
6596 9473 2
6596 8813 1
6596 9441 1
6596 9281 1
6598 8696 1
6598 9136 1
6598 8632 2
6598 9226 25
6598 9967 1
6627 9248 1
6629 9023 1
6629 9857 1
6629 9451 1
6629 8581 1
6629 9339 1
6629 9632 2
6629 9971 1
6636 8918 1
6636 9515 6
6647 9467 11
6647 8972 1
6647 9740 5
6647 8676 1
6647 8868 1
6657 8848 1
6657 9564 1
6657 8842 1
6657 9707 1
6657 9294 1
6657 9855 1
6657 9858 5
6669 8917 2
6669 9951 1
6669 9680 1
6669 9328 1
6669 9247 1
6680 9489 3
6680 8917 2
6686 8782 1
6686 8846 1
6686 8918 2
6703 9100 3
6706 9555 1
6706 9061 1
6706 8837 3
6706 9387 1
6721 9661 2
6721 9563 1
6721 8601 1
6721 8717 3
6721 8968 1
6721 9586 1
6721 8636 3
6721 9209 3
6739 8802 2
6739 9130 1
6739 9756 1
6741 8653 2
6741 8612 1
6741 9146 1
6741 9598 3
6741 9880 1
6745 8951 1
6747 8910 1
6747 9584 1
6747 9866 1
6747 9689 1
6764 9786 1
6764 9464 2
6766 9349 1
6766 8745 1
6766 9598 7
6773 9123 1
6773 9689 1
6780 8650 1
6780 9794 27
6809 8978 3
6809 9459 1
6809 9652 1
6809 9210 1
6815 9089 1
6815 9249 3
6840 8887 10
6840 8918 5
6840 9628 1
6840 9673 1
6840 8580 1
6840 8630 1
6840 8765 3
6840 9188 4
6840 9291 6
6857 9874 4
6857 9757 10
6857 8878 1
6857 9987 1
6859 9887 4
6859 9913 1
6859 9485 1
6859 8624 1
6865 8884 1
6865 8602 2
6865 9285 1
6875 8611 1
6875 9308 1
6875 9617 1
6875 9088 4
6875 9266 1
6875 8752 1
6877 9248 5
6896 9184 1
6896 8875 43
6896 8748 1
6905 9294 1
6905 8720 3
6905 9671 4
6905 9618 1
6905 8932 2
6905 9763 1
6905 9837 1
6924 9576 2
6924 9670 1
6924 9910 1
6924 9587 1
6946 8606 5
6946 9051 1
6946 8649 10
6946 8762 3
6956 9677 1
6956 9231 1
6964 9146 1
6964 9494 24
7013 9595 1
7013 9002 5
7016 9983 1
7016 8778 3
7016 8962 1
7016 9279 5
7023 9431 1
7023 9962 1
7042 8891 1
7042 9043 1
7042 9670 6
7043 9678 1
7043 9586 2
7043 9725 1
7087 8857 1
7087 8612 11
7087 9637 2
7093 8834 1
7093 8941 1
7093 9443 3
7093 9106 1
7093 9180 1
7095 9174 1
7105 8733 2
7123 8817 1
7123 9462 1
7162 8586 2
7166 9725 1
7166 8656 2
7166 8989 1
7166 9023 1
7166 9105 1
7166 9778 3
7166 9263 12
7166 9956 2
7168 9100 1
7168 9126 1
7168 9212 1
7168 9348 1
7168 9467 5
7168 9997 7
7179 9384 1
7179 9365 1
7183 9121 1
7183 9887 18
7183 8825 1
7183 8908 2
7201 8983 2
7209 9739 1
7209 9764 3
7209 8894 1
7209 9626 1
7209 9864 1
7227 9857 1
7251 8941 1
7251 9659 2
7251 9192 19
7251 9224 1
7251 9705 1
7264 8614 1
7264 9063 18
7277 9895 8
7277 9071 15
7277 9865 1
7277 8683 1
7277 9474 1
7277 8966 1
7277 9067 1
7277 9229 16
7277 9782 2
7299 9957 4
7299 8744 1
7299 9288 1
7299 9136 8
7299 9156 2
7299 9804 1
7300 9006 1
7300 9840 1
7300 9957 1
7300 9624 1
7300 9771 1
7313 8975 2
7313 9403 7
7313 9089 4
7313 9387 11
7313 9766 1
7313 9897 1
7316 9775 16
7337 8960 3
7337 9909 5
7337 9730 1
7337 9348 1
7339 8693 2
7339 8802 29
7361 8750 1
7361 9507 1
7361 9723 2
7361 9918 4
7366 9074 1
7366 8637 1
7373 8591 2
7373 9134 1
7375 9150 1
7375 8760 3
7375 9861 3
7375 8613 4
7375 9004 4
7375 9553 2
7375 9012 1
7385 9834 1
7385 9291 2
7385 9473 2
7385 8942 2
7386 8648 1
7386 8614 1
7386 8924 2
7386 9076 1
7386 9209 1
7401 8791 1
7401 8693 5
7401 8741 1
7417 9885 12
7417 8720 4
7417 9393 1
7417 9890 1
7417 8919 4
7430 9897 1
7430 9210 1
7430 8726 1
7430 9388 1
7430 8945 1
7438 8890 1
7438 9739 4
7445 9269 1
7449 9116 1
7449 9669 1
7449 8706 2
7449 8802 1
7449 9448 2
7449 9861 5
7452 9590 5
7452 9122 10
7452 9705 1
7452 9500 1
7452 9563 4
7452 9790 6
7452 9971 2
7452 9978 1
7452 9289 2
7452 9581 2
7453 8639 1
7456 8784 2
7456 8831 1
7456 9590 1
7456 9323 1
7456 9712 1
7457 9689 1
7457 9927 8
7475 9877 1
7475 9203 2
7475 8601 1
7475 9187 2
7490 9878 1
7490 8765 3
7490 9266 1
7493 9471 31
7493 8738 1
7493 9370 2
7493 9087 2
7495 9726 2
7495 9228 2
7495 9872 1
7495 8858 1
7495 9197 1
7495 8580 1
7495 9062 2
7495 9997 1
7496 8960 2
7496 9576 2
7496 8903 2
7496 8937 1
7515 8645 1
7515 9747 4
7515 9560 1
7526 9054 25
7526 9126 3
7526 8929 1
7526 9502 2
7526 8809 1
7526 8822 1
7533 9451 1
7534 8774 7
7534 9117 1
7534 9435 1
7534 8749 1
7565 9338 2
7565 9451 1
7565 8735 2
7565 8971 1
7565 9249 8
7565 9846 2
7567 9620 1
7567 8776 1
7567 9116 1
7567 9192 3
7595 9448 1
7595 9350 1
7595 9165 10
7602 8837 1
7602 8709 6
7602 9076 1
7602 8857 5
7608 8627 1
7614 8624 1
7614 9754 1
7615 8895 1
7615 9960 1
7615 9768 1
7622 8707 1
7622 9311 3
7631 8705 6
7631 9092 1
7631 9698 2
7631 9759 3
7642 8919 1
7642 9209 1
7642 9462 1
7663 8727 3
7677 9463 2
7677 9399 2
7677 9595 1
7683 8810 1
7683 9708 3
7683 9870 5
7683 9790 1
7685 9416 5
7692 9920 1
7692 8668 2
7692 9447 2
7692 9541 1
7692 9936 2
7703 9195 2
7703 9739 1
7703 8679 2
7714 9636 1
7714 8604 2
7714 9184 2
7714 9939 1
7714 9048 1
7714 9444 1
7714 9239 3
7714 9307 3
7754 9912 3
7754 9872 1
7754 9640 4
7757 9658 29
7757 9586 3
7758 9708 1
7758 9700 2
7761 9180 4
7767 9048 6
7767 8621 1
7767 8728 11
7767 8870 1
7794 9001 1
7794 8734 1
7794 8981 1
7799 9955 1
7799 8922 2
7812 8612 1
7817 9715 2
7817 9964 1
7817 8787 36
7817 8805 1
7817 8636 7
7817 9918 1
7831 9577 1
7831 9080 1
7831 9225 2
7850 8848 2
7850 9950 1
7856 9251 1
7856 8878 9
7856 9753 3
7856 9051 2
7856 8752 2
7856 9563 1
7856 9797 1
7900 9377 3
7900 8701 1
7900 9727 1
7904 9971 1
7942 9966 1
7942 9948 1
7942 8979 34
7942 8783 3
7942 8953 1
7942 9431 10
7942 8716 1
7942 9023 1
7942 9071 1
7942 9413 10
7948 9278 1
7948 8813 1
7948 8877 1
7948 9740 1
7948 9297 2
7956 8793 1
7956 8683 1
7956 8976 1
7956 9996 2
7969 8884 1
7969 9978 2
7969 8749 18
7969 8890 3
7969 9288 1
7969 8976 1
7969 9668 3
7986 9463 4
7986 9126 1
7986 9990 84
7986 8769 1
7994 9388 2
7994 9920 2
7995 9930 1
7995 9424 2
8005 9430 1
8005 9560 1
8005 9996 1
8005 9086 1
8005 9248 1
8005 9349 9
8005 9363 2
8021 9184 1
8021 9215 1
8021 8949 1
8021 9355 1
8021 8751 1
8028 8674 1
8028 9183 12
8028 9957 1
8032 9276 2
8032 9932 1
8032 9078 1
8032 9956 2
8040 8749 1
8040 9807 2
8040 9663 1
8056 9927 2
8056 9321 4
8056 9822 2
8056 9494 1
8056 8672 1
8056 9509 1
8056 9577 1
8064 9652 2
8064 8935 2
8079 9552 7
8079 8668 15
8079 8793 1
8095 8783 2
8095 9043 1
8095 8883 1
8095 9162 1
8095 9300 1
8095 9018 1
8095 9211 1
8117 9765 1
8117 9663 1
8117 9735 2
8127 9620 1
8140 9777 1
8146 8645 1
8146 8976 1
8146 8633 1
8146 9813 4
8156 9127 29
8156 9303 1
8156 9391 1
8156 9909 13
8185 9971 3
8185 9120 9
8193 9855 1
8193 9356 1
8200 9239 1
8200 9981 3
8200 9564 1
8206 9331 1
8206 9350 1
8206 9876 1
8209 8945 1
8209 9033 6
8209 9311 6
8209 9082 1
8209 9195 1
8209 8936 1
8209 9392 1
8213 8990 1
8216 8758 1
8216 9492 1
8216 8883 1
8219 8679 1
8219 8694 1
8234 8793 5
8234 8914 1
8234 9830 1
8237 9379 1
8237 9831 1
8237 8738 1
8237 9415 2
8241 8653 1
8241 9050 11
8241 9417 1
8241 9639 1
8241 9812 4
8269 9699 1
8269 9917 4
8269 9812 1
8269 8970 1
8269 9202 1
8269 9355 1
8269 9433 1
8269 9782 1
8269 9761 1
8280 9399 6
8280 9533 1
8287 9737 1
8287 9768 3
8287 9117 2
8287 9935 8
8287 8960 1
8287 8875 5
8287 9237 1
8309 9977 1
8309 9999 1
8309 9742 1
8309 9789 3
8309 9110 2
8309 9247 1
8309 8702 1
8309 9065 1
8345 9987 1
8345 9033 1
8345 9063 1
8345 8613 6
8345 9373 1
8345 8652 1
8345 9027 6
8351 9557 2
8351 9986 4
8351 9602 1
8355 9737 2
8355 9986 1
8355 9014 2
8355 9675 1
8355 9271 1
8355 9663 1
8355 9745 1
8358 9452 1
8358 8619 3
8358 9704 1
8358 9857 9
8375 9799 2
8375 9013 1
8378 9636 1
8378 8830 3
8378 9911 3
8378 9269 1
8378 9902 1
8392 9203 1
8392 9493 1
8427 9065 1
8427 8712 1
8427 9624 1
8427 9483 1
8433 9835 1
8433 9592 3
8433 8857 1
8433 8784 5
8433 9310 1
8433 8743 5
8433 9883 3
8435 8585 1
8435 9114 1
8435 9054 1
8446 9051 1
8446 9672 1
8446 8891 2
8446 8672 1
8446 9587 1
8446 9826 1
8446 9114 1
8456 9872 5
8466 9602 1
8466 9798 5
8484 8774 1
8484 9205 1
8484 9651 1
8484 9933 1
8510 8582 3
8513 9732 1
8513 9496 1
8513 9965 27
8529 9052 1
8529 8878 1
8529 8917 23
8529 8733 1
8529 9301 1
8529 9757 1
8531 9817 1
8531 9670 1
8531 8890 1
8531 9658 1
8531 8717 1
8531 9785 5
8541 8655 17
8541 9963 1
8553 9585 6
8553 8825 2
8553 9503 1
8553 9913 1
8553 8848 2
8553 8956 1
8553 9163 1
8557 9820 1
8557 8615 26
8557 9510 1
8557 9800 3
8557 9427 1
8564 9573 2
8564 8742 1
8565 9088 4
8566 9683 14
8566 9203 2
8574 8811 2
8574 9719 3
8574 8643 1
8574 9753 1
8577 8666 1
8577 9039 2
8578 8885 1
8579 9206 1
8581 9873 1
8582 8764 1
8582 8670 1
8582 8597 3
8583 8965 1
8583 8773 2
8583 8955 1
8583 9524 1
8584 9167 1
8584 9001 2
8584 9295 3
8584 9467 2
8586 8605 5
8590 8865 2
8591 8798 2
8592 9846 29
8592 9146 10
8593 9117 1
8593 9807 1
8593 8921 5
8593 9672 2
8593 9953 4
8594 8605 1
8595 9204 1
8595 8899 4
8595 9263 2
8595 9728 5
8596 9712 1
8596 9191 3
8596 8624 2
8597 9131 5
8597 9435 3
8598 8900 8
8599 9773 1
8601 9055 1
8602 8840 1
8603 9500 4
8603 9510 2
8604 8915 1
8605 8650 1
8605 8747 5
8605 9091 1
8607 9465 3
8608 9544 1
8608 9109 3
8610 8982 1
8613 8916 2
8615 9751 7
8615 8812 1
8616 8856 7
8616 8998 1
8617 9049 2
8618 8904 1
8618 8777 1
8619 9009 1
8620 9442 1
8620 9635 1
8622 9694 1
8622 8864 1
8622 9704 11
8622 8653 2
8623 9603 1
8623 9466 5
8623 9352 2
8623 9517 1
8623 8832 6
8623 9420 2
8623 9843 2
8625 8899 6
8625 8726 2
8625 9082 3
8625 9605 136
8625 9738 1
8628 9638 1
8629 9164 1
8629 8767 1
8632 8661 2
8632 9060 34
8632 8995 3
8634 8958 4
8635 8913 1
8637 8671 1
8637 8967 9
8638 9365 1
8638 9377 9
8638 9661 5
8640 9109 1
8640 9491 1
8641 9946 1
8641 9106 1
8641 9386 2
8641 9809 1
8642 8939 6
8643 9098 1
8644 9462 1
8644 9655 1
8644 9817 1
8644 8784 2
8647 8996 2
8647 9273 33
8647 9760 1
8650 8852 11
8654 8938 1
8655 8713 2
8655 9103 3
8657 8841 1
8657 9085 5
8658 9191 1
8658 9229 1
8658 9497 3
8659 8798 1
8660 9836 3
8660 9906 1
8660 8706 1
8660 9597 1
8660 9721 1
8660 9743 1
8660 9123 2
8660 9633 12
8660 9137 1
8661 9100 1
8662 9389 1
8662 8931 2
8663 8794 1
8664 9714 1
8664 9623 1
8664 9669 8
8665 9338 2
8665 9908 1
8665 9960 1
8666 8837 1
8667 9876 11
8667 8768 1
8667 8816 13
8670 9202 1
8670 9876 1
8670 9652 1
8670 9381 1
8670 9820 1
8671 8981 1
8671 9900 12
8673 9922 1
8673 8788 2
8673 9726 1
8673 9900 1
8674 8815 1
8675 8971 12
8675 8975 1
8675 9447 2
8676 8840 1
8677 8724 1
8679 8711 1
8680 8872 3
8682 9456 6
8682 9558 3
8682 9778 2
8682 8898 2
8682 8712 1
8683 8886 1
8684 9276 1
8684 9436 3
8685 9958 7
8687 8934 1
8687 9294 5
8687 9884 1
8688 9034 2
8688 8977 1
8689 9264 1
8691 9612 17
8694 8927 1
8695 9621 1
8695 8916 8
8696 8904 7
8697 9721 1
8697 9411 1
8697 8941 2
8697 9308 1
8697 9352 2
8698 9746 1
8698 8699 1
8703 9781 1
8703 9503 1
8703 9226 2
8703 9095 1
8703 9896 1
8703 9914 1
8704 9940 1
8708 9370 1
8708 8819 3
8708 9979 1
8709 8840 1
8710 9122 1
8711 9415 1
8711 9121 4
8711 9057 1
8711 9407 2
8712 8764 14
8713 8723 1
8713 8986 1
8713 9467 4
8713 8741 1
8714 9850 2
8714 9355 1
8714 8875 1
8714 8744 1
8715 9041 1
8715 8919 1
8715 8805 1
8716 8777 1
8718 9571 3
8719 8980 1
8720 9031 1
8723 8826 2
8723 8851 1
8724 9360 1
8724 9232 1
8724 9615 1
8724 9961 1
8724 9974 1
8725 8954 1
8725 8730 1
8725 9321 4
8725 9651 1
8727 8856 1
8731 9782 2
8731 9014 1
8731 9611 1
8731 9697 1
8735 8939 15
8736 9315 4
8736 9228 1
8736 9061 1
8736 9649 1
8737 9653 1
8739 9715 3
8740 8847 7
8741 8803 2
8744 8771 1
8747 9653 9
8748 9561 18
8748 9841 1
8753 9767 1
8754 8826 137
8755 8943 2
8755 9638 1
8756 9060 2
8757 9929 1
8757 9257 6
8758 8854 3
8759 8926 1
8759 8984 2
8760 8916 1
8761 9153 4
8761 9427 3
8764 9394 10
8764 9832 2
8764 8972 2
8764 9392 1
8764 9137 3
8764 9666 10
8766 8836 25
8767 9907 1
8770 9152 5
8771 9913 1
8771 9813 1
8774 8855 1
8775 9440 1
8775 9937 2
8775 8835 6
8775 9331 1
8775 9516 1
8775 8963 3
8776 8927 3
8777 9447 3
8777 9897 15
8777 9125 1
8777 8780 1
8777 9184 2
8779 9115 1
8779 9451 1
8779 8988 3
8782 8804 2
8783 9069 3
8784 9151 2
8785 9568 1
8785 8859 4
8786 8927 1
8789 9561 1
8789 8876 1
8789 9439 1
8790 9942 4
8792 9779 1
8792 9298 2
8792 9773 2
8793 9007 1
8794 9210 1
8794 9251 1
8794 9964 1
8795 8862 1
8797 8872 2
8798 9285 1
8798 9197 1
8798 9441 1
8798 9038 1
8798 9469 1
8799 8909 4
8799 9882 1
8801 8821 47
8802 9751 2
8803 9926 2
8803 9771 1
8804 8920 1
8804 9249 1
8804 9775 1
8804 9421 80
8805 9008 2
8806 9474 1
8806 8864 1
8807 9841 3
8808 9828 1
8808 9616 1
8808 8875 2
8808 9160 1
8808 9196 23
8808 9504 1
8808 9899 1
8808 9545 1
8810 9561 3
8810 8886 1
8811 8867 2
8811 9039 3
8812 9114 1
8812 9652 1
8812 9492 3
8812 9596 1
8812 9912 21
8814 8815 1
8814 8961 1
8815 8978 1
8817 9886 1
8818 9117 4
8818 9191 1
8819 9094 1
8820 8964 3
8821 9322 4
8821 9743 1
8823 8841 1
8826 9732 1
8826 8895 1
8826 9529 2
8826 8990 1
8828 9553 2
8828 9917 1
8829 9539 1
8830 9064 1
8833 9689 8
8833 9340 2
8833 9369 1
8833 9490 1
8835 8847 10
8835 9031 2
8836 8839 1
8836 9723 1
8838 9245 1
8838 9259 1
8839 9594 3
8839 9068 1
8840 9713 1
8840 9259 1
8840 9310 3
8840 9065 1
8840 9174 1
8841 9067 1
8841 9329 3
8841 9713 4
8842 9313 1
8844 9557 1
8845 9981 1
8847 9275 2
8847 9317 2
8847 9847 1
8848 8856 1
8848 9540 5
8850 8911 2
8851 9930 4
8851 9926 2
8851 9646 1
8851 9924 1
8852 8969 1
8852 9649 1
8852 9932 1
8853 9085 1
8854 9923 2
8854 9962 1
8854 9027 2
8854 9159 21
8854 8966 2
8855 9655 1
8855 9657 2
8855 9876 1
8856 9067 1
8856 9195 1
8856 9446 2
8856 9895 2
8859 9544 1
8859 9955 3
8859 9296 1
8859 9721 3
8860 9602 1
8860 9999 1
8860 9838 7
8862 8910 1
8862 9919 1
8862 8983 1
8862 9604 2
8862 9242 1
8863 8908 3
8863 9416 1
8863 9163 1
8863 9400 1
8863 9619 1
8865 9817 4
8865 9244 1
8866 9352 4
8866 9023 1
8867 9075 1
8867 9118 2
8867 9301 2
8867 8896 1
8867 9443 1
8867 9469 1
8869 9959 2
8869 9383 3
8869 9513 1
8869 9987 1
8871 8946 1
8872 9375 1
8872 9557 28
8872 9123 1
8872 9636 1
8872 9627 1
8873 9292 5
8873 9828 4
8873 9500 2
8873 9298 2
8876 9354 3
8876 9241 3
8876 9410 2
8879 9904 1
8880 9430 5
8880 8899 6
8880 9001 1
8880 9794 1
8880 9832 1
8880 9030 7
8880 9154 1
8880 9895 2
8880 9452 2
8880 9919 1
8880 9714 2
8882 8904 1
8884 9842 2
8885 9235 1
8885 9638 1
8885 9792 3
8886 9965 1
8886 9075 1
8886 9528 10
8886 9947 1
8886 9988 102
8887 9069 1
8888 9003 1
8892 8995 1
8893 9946 1
8893 9053 1
8893 9834 1
8893 9806 12
8897 9509 2
8897 9870 1
8897 9327 1
8897 9596 1
8897 9846 9
8898 8998 1
8900 9200 1
8904 9263 2
8904 9965 4
8904 9241 1
8904 9817 1
8904 9351 1
8905 8950 1
8905 9606 1
8907 9945 2
8909 8917 1
8909 9668 1
8909 9725 1
8909 9074 23
8909 9988 1
8910 8998 2
8910 9213 1
8911 9115 1
8911 9210 1
8912 9929 1
8912 8932 2
8912 9983 1
8913 9583 1
8913 9867 1
8913 9562 1
8915 9930 1
8916 9282 3
8916 9778 2
8921 8946 1
8925 9060 1
8926 9680 2
8926 9490 3
8926 9840 1
8926 9067 1
8926 9570 8
8926 9105 1
8927 9361 3
8927 9961 2
8927 9327 1
8929 9549 1
8929 8998 1
8931 9979 9
8931 9698 1
8931 8968 2
8931 9949 15
8933 8980 1
8933 9182 3
8935 9711 1
8936 8982 1
8937 9904 1
8938 9429 2
8939 9199 1
8939 9474 2
8939 9351 2
8939 9939 1
8940 9529 2
8940 9359 1
8940 9674 1
8946 9297 1
8946 9844 1
8946 9555 1
8948 8966 10
8948 9809 1
8948 9363 2
8948 9473 1
8948 9578 2
8952 9847 1
8954 9055 2
8957 9288 1
8957 9286 2
8958 8963 1
8961 9989 1
8961 9644 1
8964 9562 1
8964 9081 2
8964 9761 1
8964 9078 1
8965 9621 1
8967 9447 1
8967 9807 1
8967 9059 4
8969 9635 1
8970 8995 2
8970 9442 3
8971 8984 4
8972 9047 1
8973 9627 1
8973 9048 1
8974 9689 1
8974 9435 1
8979 8998 120
8980 9912 1
8982 9276 1
8982 9093 1
8982 9646 1
8984 9507 2
8984 9291 2
8984 9989 22
8984 9099 3
8984 9364 1
8984 9822 17
8986 9539 7
8987 9984 3
8989 9882 5
8991 9883 1
8991 9339 1
8991 9602 1
8991 9839 1
8992 9512 1
8993 9605 1
8993 9585 6
8993 9059 1
8995 9508 2
8995 9281 1
8995 9805 2
8995 9323 1
8995 9342 1
8995 9629 1
8996 9206 2
8998 9465 1
8998 9496 2
8998 9712 1
8999 9618 1
9000 9171 1
9003 9004 2
9007 9687 1
9007 9248 1
9007 9173 2
9008 9909 2
9009 9045 1
9013 9031 1
9015 9183 2
9015 9322 1
9015 9801 1
9015 9928 3
9016 9293 1
9016 9159 1
9016 9659 1
9017 9170 1
9018 9940 5
9019 9995 8
9021 9886 1
9021 9032 1
9022 9578 1
9025 9069 22
9026 9670 1
9026 9067 2
9029 9068 2
9030 9170 1
9031 9796 2
9031 9180 1
9032 9804 1
9032 9277 1
9032 9443 4
9034 9881 2
9035 9624 3
9037 9540 200
9037 9069 1
9039 9584 1
9039 9952 1
9042 9530 2
9042 9528 1
9042 9369 1
9042 9351 1
9042 9459 2
9047 9072 18
9047 9221 1
9047 9167 1
9049 9244 1
9049 9474 5
9049 9951 8
9051 9113 5
9055 9284 3
9055 9299 1
9055 9388 1
9055 9948 1
9060 9450 1
9061 9594 1
9063 9841 1
9064 9249 1
9064 9860 1
9067 9085 4
9068 9071 2
9068 9801 1
9068 9707 1
9069 9382 1
9069 9198 7
9069 9605 30
9070 9315 10
9070 9569 1
9070 9487 1
9070 9781 2
9070 9401 1
9070 9783 1
9077 9097 1
9078 9389 4
9079 9940 3
9084 9326 6
9084 9621 1
9085 9901 2
9085 9885 2
9085 9766 1
9090 9607 2
9090 9559 1
9090 9304 1
9090 9461 4
9094 9778 1
9094 9475 2
9094 9732 1
9095 9588 1
9098 9461 1
9098 9192 6
9101 9897 8
9101 9712 1
9101 9864 1
9101 9324 1
9103 9318 1
9103 9694 1
9109 9841 14
9111 9119 5
9115 9886 2
9119 9603 1
9119 9794 1
9119 9699 1
9119 9915 1
9125 9940 4
9126 9151 3
9127 9667 1
9133 9561 2
9134 9907 1
9150 9326 1
9151 9448 1
9161 9940 1
9164 9568 1
9168 9881 1
9173 9993 1
9177 9539 2
9182 9547 1
9182 9444 2
9182 9733 6
9182 9805 3
9182 9868 1
9182 9485 4
9182 9796 8
9185 9568 2
9201 9853 1
9206 9518 1
9206 9637 1
9206 9490 2
9206 9962 1
9206 9310 5
9206 9438 1
9206 9747 1
9213 9618 3
9213 9421 1
9213 9430 1
9216 9653 1
9221 9925 1
9227 9841 4
9230 9472 8
9234 9472 1
9254 9945 2
9260 9940 1
9263 9842 1
9267 9434 3
9292 9711 1
9292 9793 3
9293 9881 2
9305 9963 1
9305 9959 1
9313 9743 1
9313 9901 1
9314 9608 2
9321 9940 1
9326 9559 1
9326 9329 2
9337 9550 1
9341 9894 1
9343 9458 1
9345 9574 3
9355 9984 2
9367 9568 1
9372 9776 7
9379 9539 68
9382 9653 18
9389 9767 1
9389 9746 8
9389 9637 1
9389 9441 3
9392 9439 1
9401 9793 3
9412 9535 7
9416 9881 1
9420 9653 1
9436 9439 1
9439 9757 1
9442 9779 1
9455 9789 1
9455 9845 1
9455 9844 1
9458 9668 9
9458 9949 1
9462 9940 1
9472 9899 1
9483 9711 1
9485 9711 1
9496 9945 2
9509 9907 5
9515 9842 1
9518 9612 6
9528 9539 1
9533 9904 1
9539 9797 1
9540 9930 1
9544 9667 2
9546 9751 1
9561 9868 200
9561 9935 2
9568 9632 1
9568 9581 1
9568 9677 1
9568 9605 16
9569 9940 1
9571 9597 1
9573 9588 1
9576 9881 1
9582 9594 2
9598 9653 1
9621 9708 1
9630 9653 5
9651 9653 2
9653 9860 1
9694 9907 1
9711 9828 1
9715 9751 6
9721 9751 7
9726 9842 1
9761 9886 2
9781 9886 1
9795 9968 10
9822 9925 22
9839 9941 1
9863 9907 1
9876 9925 1
9881 9965 7
9886 9908 7
9889 9984 1
9889 9940 1
9896 9945 2
