1 9789 1
1 9641 1
1 9843 2
1 9361 1
22 9561 1
22 9292 1
42 9488 1
42 9736 2
50 8921 1
50 8960 3
50 9370 1
66 9951 1
70 9715 3
70 8881 3
70 9327 1
70 9093 1
70 8769 1
98 9875 1
98 8562 1
98 9723 1
98 9004 1
98 9497 1
129 9896 1
129 9580 1
145 9419 1
145 9798 1
145 9142 3
145 8715 2
145 8928 1
145 9117 1
145 9181 1
163 8876 1
163 8840 1
163 9164 1
163 8632 1
163 9263 1
163 9588 1
167 9662 3
167 8986 2
180 8727 1
224 8553 1
224 8783 14
224 8637 10
243 9872 1
243 8661 1
244 9467 8
244 9407 1
257 9918 5
257 9108 2
257 9945 13
257 8734 1
257 9044 1
257 9775 1
257 9170 3
260 9765 1
260 9930 1
267 9540 2
267 9347 1
267 9011 2
267 9830 1
270 9270 2
270 8667 1
270 8682 5
270 9291 6
270 9831 8
270 9339 1
270 9358 1
270 8939 1
271 9417 2
283 9918 9
283 9135 1
283 9239 2
283 9938 1
288 9805 3
288 8587 1
288 9098 2
289 9127 1
289 9955 5
289 8797 4
289 9633 1
289 9772 1
298 8817 1
298 9682 1
298 9919 9
318 9998 1
318 8616 2
318 9942 1
318 8727 1
318 9924 1
319 9638 1
355 9217 1
355 9370 4
355 9388 5
355 9468 1
355 9892 163
385 9290 4
385 9139 1
385 9997 1
392 9306 2
406 8980 1
406 9070 1
406 9073 4
406 9789 1
411 9275 1
411 9730 2
436 9181 2
436 9139 1
436 9574 1
436 9982 2
437 9160 1
437 9057 4
437 9182 2
437 9210 1
437 9675 1
437 9114 23
437 9346 4
455 8668 2
455 9775 2
456 8752 1
471 9751 1
471 9947 1
471 9207 1
471 9861 3
475 8758 1
475 9811 1
475 8595 1
475 8950 1
491 8665 1
491 8907 2
491 9457 1
534 9066 123
534 9945 1
534 9976 3
535 8568 4
535 8612 11
535 9504 200
536 9011 1
536 9447 1
536 9188 1
536 9474 1
536 9022 4
536 9183 1
546 9260 1
546 8851 7
546 9699 1
546 9832 2
548 8951 1
548 8867 1
554 8959 2
559 9582 1
559 8779 1
559 9260 1
568 8579 1
571 9463 1
573 8840 1
597 8973 1
597 9469 3
597 9335 200
597 9958 1
597 9713 2
597 8955 2
606 9594 1
606 9174 1
606 9507 1
606 9867 1
606 8797 1
606 9561 6
606 8552 1
606 8775 1
650 9378 2
650 8599 1
650 9752 1
650 9241 5
650 9896 1
655 9980 1
655 9949 5
655 8564 111
655 8901 1
655 8902 16
655 8681 1
655 9334 1
655 9050 1
664 9835 1
664 9732 2
664 9887 1
664 8838 3
669 8988 7
669 9018 7
674 9716 1
674 9884 2
676 9358 1
676 9870 1
676 9033 1
676 9537 1
676 9895 6
678 9348 1
678 9707 1
678 9174 2
692 9451 1
692 9331 6
692 8616 15
723 8587 1
723 8600 2
723 8914 1
723 9102 1
723 9528 2
723 9636 2
725 9737 1
725 9897 1
733 9322 134
733 8705 2
739 9767 1
748 8753 1
748 9907 3
748 8986 1
748 9112 1
748 8974 2
748 9803 1
748 8669 50
748 9508 44
750 9764 5
750 9873 1
750 8909 1
750 9328 1
750 9846 4
750 8871 1
750 9408 2
750 9872 1
750 8754 1
750 8765 2
767 9401 1
767 8920 1
767 8828 2
767 9193 10
773 9754 2
773 8741 4
773 8807 2
773 9033 1
773 8784 1
781 9220 1
781 8568 1
781 9255 6
781 8664 1
781 8923 1
799 9994 1
799 9394 1
799 8939 1
799 8908 2
799 9998 1
801 8557 2
801 9481 1
801 8590 1
801 8647 2
801 9354 1
831 9539 1
838 9527 1
838 9426 1
838 9554 1
852 8966 1
864 9149 1
864 9426 1
864 9743 2
864 9866 1
865 9730 1
865 9719 1
870 9021 2
875 8938 2
875 9385 4
875 9531 1
875 9945 1
877 9261 1
877 9089 1
877 9700 1
877 9831 1
892 9959 1
892 9938 1
892 9820 1
892 9165 1
892 8681 6
892 9988 1
905 9000 10
905 8997 6
923 9305 1
923 8739 1
923 9866 1
923 9302 1
924 9409 1
924 9730 3
936 9396 26
936 9862 61
936 9117 4
936 9075 1
936 9129 7
944 8831 6
944 9438 1
944 8910 2
944 9923 1
946 9170 2
946 9286 1
965 9402 33
965 9833 1
967 9997 200
967 9246 1
968 8892 1
974 9708 1
974 9419 3
982 8557 1
982 8848 1
982 9980 1
986 9777 1
986 8643 1
1006 8613 1
1021 8559 1
1021 9322 11
1021 8692 3
1021 9649 1
1030 9034 2
1030 9951 1
1030 9662 1
1030 8763 1
1040 8889 2
1040 9403 2
1040 8923 1
1040 9105 1
1040 8587 1
1052 9385 3
1052 9307 1
1052 8782 24
1052 8953 2
1052 9562 2
1052 9779 2
1055 8698 1
1055 9914 1
1063 8637 2
1063 8807 8
1063 8592 1
1063 9138 2
1063 9675 13
1077 8707 1
1077 8691 1
1077 9287 186
1077 9256 1
1077 9808 1
1078 9830 3
1078 8855 9
1078 8984 3
1082 8649 3
1082 9966 1
1082 8559 1
1083 8601 3
1101 9696 1
1101 9938 1
1101 8780 1
1108 9701 1
1111 9948 2
1111 9414 1
1111 8717 2
1111 9547 1
1114 8707 1
1114 8943 2
1114 9858 3
1116 9945 1
1116 8880 3
1116 9853 3
1123 9260 1
1123 8770 3
1123 9906 1
1123 9565 1
1133 9408 1
1134 9503 1
1142 8741 1
1142 9466 1
1142 8966 2
1143 8997 2
1143 9993 1
1143 8658 1
1143 8772 2
1143 9339 1
1143 9368 1
1143 9932 3
1143 9128 1
1143 9488 1
1197 9938 1
1208 8804 1
1208 9751 1
1211 9056 2
1211 9699 1
1211 9339 2
1211 9927 1
1211 9281 1
1211 8825 1
1211 9848 3
1211 9986 1
1235 9820 3
1235 9140 82
1235 8867 1
1235 8601 4
1240 9098 1
1249 9631 1
1250 9104 1
1250 8897 12
1253 9540 1
1253 9946 1
1259 9559 1
1259 8734 1
1259 9633 25
1279 8835 1
1279 9834 3
1279 9338 7
1279 9004 3
1299 8862 32
1299 9083 8
1327 9149 11
1327 9643 48
1363 9135 2
1363 8703 3
1363 9567 1
1363 9997 6
1363 9241 3
1363 9777 1
1363 8572 3
1392 8978 1
1394 8856 2
1394 9018 17
1394 8660 2
1394 9316 1
1394 9911 1
1421 9252 1
1421 9641 1
1421 9954 1
1428 9408 4
1433 9355 1
1473 8614 1
1473 8915 1
1473 9527 6
1501 9701 1
1501 9811 3
1505 8637 1
1505 8610 1
1505 9363 13
1505 9472 2
1505 9290 3
1505 9674 1
1509 9727 1
1509 8611 5
1509 9434 1
1540 9513 1
1540 8806 1
1540 9937 2
1541 8944 1
1541 9213 2
1541 9038 1
1543 9598 1
1543 8807 2
1543 9303 1
1581 9567 2
1581 9396 1
1581 8735 1
1581 9523 1
1583 9914 1
1583 9674 54
1583 9053 1
1583 8825 1
1583 8989 21
1583 9567 2
1583 9818 2
1603 9190 1
1603 9388 1
1603 9301 114
1603 9015 1
1603 9405 2
1603 8609 2
1603 9248 3
1603 8813 200
1603 9285 1
1620 9719 1
1623 9848 1
1623 9548 2
1623 9556 1
1623 9250 7
1623 8575 2
1623 9320 1
1641 8621 3
1641 9752 3
1641 8826 3
1641 9790 1
1642 9574 2
1642 9028 1
1642 9396 1
1644 9763 1
1651 9147 1
1651 9514 1
1651 9439 1
1651 9925 1
1651 9307 15
1651 9781 1
1668 8607 1
1668 9254 1
1692 9431 3
1692 9726 1
1701 9892 2
1701 8905 3
1701 9845 2
1701 9933 2
1704 8956 1
1704 9202 1
1704 9407 1
1704 9342 1
1704 9578 2
1705 9977 1
1705 9696 1
1705 9700 5
1705 8954 1
1705 9064 3
1705 9389 1
1705 8881 1
1719 8973 1
1719 8590 1
1719 8954 3
1719 9483 2
1739 9897 1
1739 9531 6
1739 8644 6
1739 8706 1
1739 8987 1
1739 9130 1
1739 9345 1
1739 9565 3
1778 9901 1
1778 9325 4
1778 9805 1
1794 9311 3
1794 9921 1
1794 9761 1
1823 8720 1
1823 9506 2
1823 9580 1
1823 8840 7
1823 8683 11
1823 9059 9
1823 9066 1
1823 9913 4
1845 9767 1
1845 9973 1
1859 8695 2
1859 9786 3
1859 8858 1
1859 9274 1
1859 9515 1
1859 8798 2
1861 9878 1
1861 9157 2
1861 9679 3
1867 8745 1
1867 8978 1
1867 8665 1
1867 8670 49
1867 8783 1
1867 8847 2
1867 8973 2
1870 8805 2
1870 9884 1
1870 8751 1
1870 8768 3
1870 9600 2
1870 9160 2
1871 9316 2
1871 9051 17
1871 8791 2
1880 8898 47
1880 9003 1
1881 8694 9
1881 9462 1
1893 9404 2
1893 9478 31
1894 8714 1
1894 9359 3
1896 9830 2
1896 8606 13
1896 9531 1
1896 9704 1
1896 9948 2
1898 9732 1
1898 9209 1
1898 9652 1
1898 9937 1
1898 8604 1
1903 8579 30
1906 9797 2
1906 9448 4
1906 9706 13
1915 9818 1
1915 8614 1
1915 9198 1
1915 9514 1
1915 9549 1
1929 8862 5
1929 9445 1
1929 8994 13
1929 9104 1
1929 8842 1
1929 9261 1
1929 9965 1
1929 9278 1
1952 9288 1
1952 9833 4
1952 9529 1
1956 9043 2
1956 9754 2
1956 9711 2
1956 9693 1
1960 8967 8
1960 8749 2
1962 8791 1
1962 9126 1
1962 9757 1
1965 9135 1
1965 9547 2
1965 9745 4
1965 9950 1
1969 9595 1
1969 9155 1
1969 9282 2
1974 8947 1
2019 9373 1
2019 9414 1
2021 9940 1
2021 8616 1
2021 9743 5
2021 9863 4
2021 9490 1
2021 9789 1
2021 9636 2
2021 9708 1
2021 9289 20
2024 9878 2
2024 9024 2
2024 9119 1
2024 8568 1
2024 9381 2
2053 9696 1
2053 8813 1
2054 8567 1
2054 8569 59
2054 9035 1
2054 9222 1
2054 9678 1
2055 9326 1
2055 9348 1
2063 8861 1
2064 9392 1
2064 8577 1
2064 9035 1
2064 9677 1
2064 9239 1
2064 9736 1
2071 9047 1
2071 9628 1
2071 9870 1
2076 8600 1
2076 8846 1
2076 9879 1
2085 8979 4
2085 9772 1
2106 9414 1
2106 9809 24
2106 8898 1
2106 9172 1
2106 9747 6
2106 9877 1
2113 8793 2
2113 9547 11
2113 9593 2
2113 9040 1
2113 9958 13
2113 9927 1
2117 9419 2
2117 9840 3
2117 9633 2
2117 8803 1
2117 9296 1
2117 9064 1
2117 9110 1
2120 9292 5
2120 8928 1
2120 9027 1
2120 8557 1
2145 9481 18
2167 8764 6
2167 9130 2
2167 9708 1
2182 9745 1
2185 9631 1
2185 9926 1
2195 9902 1
2195 8899 1
2195 9084 1
2195 9399 1
2195 9540 2
2207 9466 1
2207 8815 2
2207 9155 1
2208 9751 1
2208 8816 4
2209 9226 1
2209 8695 1
2209 9674 2
2221 8711 10
2221 9961 1
2238 8683 2
2238 8727 3
2239 9470 1
2239 8578 1
2246 8718 2
2247 8552 1
2247 8936 1
2247 9573 1
2265 9768 1
2265 8933 7
2265 9512 1
2265 8567 1
2265 8628 1
2265 9487 1
2265 9632 4
2272 8805 1
2272 9024 1
2290 9926 3
2290 9393 9
2290 9057 3
2290 9737 1
2290 9573 2
2292 9524 1
2292 8704 1
2292 8741 2
2292 9214 4
2292 9365 1
2292 9262 1
2292 8832 1
2292 9739 1
2315 9017 1
2315 9764 1
2315 9804 4
2322 8842 12
2322 9195 1
2322 9368 1
2328 9069 1
2328 8880 1
2328 8553 1
2328 9602 2
2348 9446 1
2348 9196 1
2348 9717 1
2348 9852 1
2361 9484 1
2361 9628 2
2361 8764 1
2361 8803 1
2361 9443 1
2364 9478 1
2364 9619 2
2370 9640 1
2370 9604 13
2374 8620 2
2374 9942 3
2374 9891 2
2374 8847 1
2374 9771 1
2374 8833 2
2380 9001 1
2380 9575 1
2390 9652 3
2390 9465 1
2404 8955 1
2404 9412 1
2404 9449 3
2410 9021 1
2410 9113 4
2410 9438 2
2411 9959 1
2411 8580 1
2423 8701 1
2423 8803 1
2423 9739 2
2423 9098 2
2423 9906 2
2423 9758 1
2423 8619 9
2423 8716 1
2423 8769 1
2423 8936 1
2423 8871 2
2423 9355 1
2434 9539 1
2434 9484 1
2434 9826 1
2434 8632 1
2434 9803 2
2468 9149 1
2470 8855 1
2483 8853 3
2483 9987 1
2483 9839 4
2483 9891 1
2514 8637 2
2514 9022 200
2514 9523 2
2514 9597 1
2561 9932 1
2561 9433 1
2561 9460 1
2561 9727 1
2561 9492 1
2577 9963 1
2577 8681 1
2577 9447 1
2577 9893 10
2597 8580 1
2597 8896 2
2597 9310 1
2603 8714 1
2603 9115 2
2603 9615 1
2610 8682 1
2617 9114 2
2617 9546 1
2617 9405 1
2623 9959 1
2623 8720 2
2623 9548 2
2634 9426 1
2634 8804 3
2634 9283 1
2634 9208 1
2634 9577 1
2639 9260 1
2641 9135 1
2641 8957 12
2644 8703 1
2644 8811 1
2644 9770 1
2644 8610 1
2644 9190 1
2644 9210 3
2766 9479 1
2768 9924 1
2768 9125 1
2768 9601 8
2768 9106 1
2768 9363 3
2768 9918 1
2769 9812 1
2769 8706 1
2769 9402 2
2769 9524 1
2769 9728 1
2769 9847 1
2774 9312 24
2774 9401 1
2774 8588 1
2774 9378 1
2803 9604 1
2826 9595 1
2826 9361 4
2826 8988 1
2826 9283 1
2826 9862 5
2828 8955 1
2828 9480 1
2830 8621 1
2830 8741 1
2830 8952 1
2830 9834 1
2830 9220 1
2830 9428 2
2837 9847 1
2837 9203 2
2850 8884 1
2850 9643 1
2857 8921 1
2857 8679 1
2862 8695 2
2876 8624 2
2876 8771 2
2876 9303 1
2876 9516 6
2876 8892 10
2883 8754 1
2883 9126 1
2883 9930 1
2883 9681 2
2883 8778 1
2883 9380 3
2883 9539 1
2907 8931 5
2907 8901 1
2907 8727 1
2907 8896 1
2944 8917 3
2944 9088 2
2944 9735 23
2944 8606 2
2944 8810 1
2965 8819 1
2965 8843 3
2965 8966 1
2965 8676 16
2965 9931 1
2967 9533 1
2967 9209 1
2971 8780 1
2971 9478 13
2971 9915 2
2971 9284 4
2971 9221 1
2971 9286 1
2971 9957 3
2971 9466 1
2971 9520 2
2978 9250 1
2979 9552 1
2979 9975 9
2979 9359 2
2979 9102 6
2979 9382 1
2979 9587 1
2986 9138 6
2986 9053 1
2986 9018 1
2986 9117 1
2986 9344 2
2986 9161 1
2986 9647 1
2986 9127 41
2986 9214 1
2987 9771 1
2987 9410 1
2987 9616 1
2987 9383 1
3001 9404 7
3001 9968 1
3016 9737 1
3020 8795 1
3020 8594 1
3020 8580 2
3020 9114 1
3020 9835 1
3039 9879 80
3039 9161 1
3039 8574 1
3039 8659 2
3039 9901 1
3052 9898 1
3052 9574 1
3052 9127 8
3052 8753 2
3053 9696 1
3053 9126 1
3058 8613 2
3058 8660 1
3077 8858 1
3077 8898 6
3077 9303 1
3077 9225 1
3091 9763 5
3091 9206 2
3091 9431 2
3091 9958 6
3122 9022 2
3122 9776 1
3122 9818 4
3122 8661 1
3124 9443 1
3124 8890 1
3124 8989 1
3124 8721 2
3124 9693 1
3124 8973 1
3124 9724 6
3135 8754 2
3135 8620 4
3135 9625 26
3135 9101 1
3152 8960 2
3152 9612 1
3152 9021 1
3177 8822 1
3177 8642 4
3177 8668 2
3183 9331 1
3193 9641 1
3193 9140 2
3193 9344 1
3193 9033 3
3194 9539 200
3194 8801 14
3194 9347 3
3198 9995 10
3198 9089 2
3198 8703 1
3198 8901 1
3198 9469 1
3212 8605 1
3212 9376 5
3212 9555 1
3212 8710 20
3212 9072 1
3216 8910 1
3216 9338 1
3231 9618 1
3239 8661 2
3239 8764 6
3239 8955 2
3257 8555 1
3257 9388 1
3257 8606 2
3257 9966 1
3258 9283 1
3258 9093 1
3259 8590 2
3259 9428 1
3259 8684 1
3259 8788 3
3259 9811 1
3260 8812 7
3260 9074 1
3262 8829 2
3262 8784 1
3262 9374 1
3283 8703 2
3283 8851 1
3283 9637 1
3296 9483 1
3296 8607 1
3296 9078 1
3296 9205 2
3306 8570 1
3306 9584 1
3306 9946 6
3306 8998 1
3343 9677 2
3343 9426 4
3347 9743 18
3347 9287 1
3347 9402 1
3370 9739 1
3420 9301 1
3420 9607 1
3420 8963 1
3421 8842 1
3421 9725 200
3421 8625 3
3421 9222 1
3430 9536 1
3430 9215 14
3432 9402 1
3432 8832 1
3432 9431 1
3432 9648 3
3435 9700 1
3435 8815 1
3435 9075 1
3435 9212 1
3447 8669 1
3447 8804 6
3447 8886 10
3447 8948 1
3447 9322 1
3449 9213 1
3449 9191 2
3449 9406 14
3451 8633 2
3451 9604 1
3451 9195 2
3451 9592 10
3451 9669 1
3451 9707 3
3462 8783 12
3462 8606 1
3462 8853 1
3462 8947 1
3462 9935 1
3474 9699 2
3474 8977 3
3482 8634 2
3482 9567 1
3482 9313 2
3482 9870 1
3482 8858 8
3482 9115 2
3482 9250 1
3504 8767 1
3504 9566 2
3514 8934 17
3514 9067 1
3519 8946 2
3519 9649 2
3519 9707 1
3519 9806 1
3519 9182 5
3519 9072 3
3519 9829 2
3519 9882 1
3519 8819 1
3519 9372 2
3519 9528 1
3521 9395 1
3521 9710 11
3537 8990 1
3537 9647 1
3537 9487 7
3537 8570 1
3539 9043 8
3539 9535 1
3539 9080 1
3539 9566 1
3539 9187 1
3539 9621 1
3539 9785 1
3559 8664 3
3559 9580 1
3559 9177 2
3574 9798 1
3574 8957 1
3574 8916 1
3574 9583 1
3574 9767 1
3574 9809 1
3585 8818 1
3585 8646 107
3596 8959 2
3596 9871 1
3596 9321 1
3596 9467 2
3599 9326 1
3599 9647 5
3599 9867 1
3614 9239 1
3623 8697 1
3623 9256 13
3623 9075 1
3623 9246 1
3623 9567 1
3627 9520 1
3628 9604 1
3628 9434 3
3628 9817 1
3635 9728 1
3635 9130 1
3635 9220 1
3635 8902 4
3635 9326 2
3635 9966 5
3636 9782 1
3636 9056 2
3636 9406 3
3636 8641 4
3639 8569 2
3649 9096 1
3649 9866 1
3649 8820 1
3652 8770 1
3652 8801 1
3652 9801 1
3652 9802 1
3652 8944 1
3652 9950 1
3652 9983 2
3652 9196 1
3652 9805 2
3652 9103 75
3654 8964 1
3654 8754 1
3654 9488 1
3654 8752 4
3654 8829 1
3654 9222 1
3654 9443 2
3654 8999 3
3654 9125 1
3678 9139 1
3678 9303 1
3678 8795 1
3678 9657 1
3690 8706 1
3690 9066 1
3690 9297 2
3705 9884 2
3705 9372 1
3705 9948 1
3705 8615 2
3705 8826 1
3705 8553 2
3705 9474 1
3716 9643 4
3716 9267 1
3716 8692 1
3716 9153 1
3716 9329 1
3716 9688 6
3723 8578 1
3723 9225 1
3723 9593 2
3728 8576 3
3728 8815 3
3728 9219 1
3732 9107 2
3732 8609 2
3732 9951 61
3732 9967 1
3756 9516 1
3756 9267 9
3756 9497 1
3756 8938 1
3756 9034 2
3756 9327 2
3763 8763 2
3763 9642 1
3763 8974 6
3764 9082 1
3764 9301 1
3777 9852 1
3777 9773 1
3787 9170 1
3787 9440 1
3787 9481 22
3806 9688 1
3807 9807 2
3807 8629 1
3807 8964 1
3807 9878 1
3814 9933 2
3814 9961 1
3814 9285 1
3814 9364 5
3814 9111 1
3814 9506 11
3814 9661 2
3836 9769 3
3836 9608 2
3863 8611 1
3863 8690 1
3863 8711 3
3869 9835 3
3869 8795 1
3869 9466 2
3869 9719 4
3869 9312 1
3869 9601 1
3869 8639 7
3884 8818 1
3884 9466 12
3884 8595 1
3884 9208 1
3884 9476 2
3885 9923 1
3892 9747 1
3892 9261 1
3892 9465 4
3892 9813 2
3903 8735 10
3905 8801 1
3905 8552 2
3905 8591 1
3905 9206 1
3911 9783 1
3911 9964 1
3941 8859 1
3959 9763 5
3959 9645 1
3959 9392 2
3959 9962 2
3995 9562 2
3995 9021 1
3995 9403 2
3995 9805 1
3998 9661 1
3998 8751 1
3998 9077 1
3998 8562 2
3998 9484 1
4005 8632 1
4010 8872 4
4010 9478 1
4010 9804 1
4033 8680 1
4033 9618 8
4061 9172 1
4061 8598 7
4061 8811 1
4061 9133 1
4061 9141 1
4064 9335 4
4064 9934 2
4064 9212 1
4064 9569 1
4064 9760 1
4064 9141 1
4064 8775 38
4064 9379 1
4064 9960 2
4066 9929 2
4066 8682 24
4066 9796 2
4090 9465 1
4090 8621 1
4090 9981 1
4097 8790 1
4110 8621 1
4110 9798 1
4110 9716 1
4118 9034 1
4118 8829 1
4118 9448 5
4129 9960 2
4129 9223 1
4129 9440 1
4129 9776 2
4129 9820 1
4132 9449 1
4132 9507 2
4152 8691 1
4152 9290 2
4152 9647 1
4152 8609 162
4172 9773 6
4172 9851 8
4172 8843 1
4172 9414 4
4178 8592 5
4178 9244 1
4180 9676 1
4180 9817 2
4181 8737 2
4181 9440 2
4201 9174 1
4201 9046 1
4201 9698 2
4204 8628 1
4204 9516 11
4210 9584 3
4210 9846 1
4212 9910 9
4212 8561 3
4212 8749 1
4212 9710 2
4230 8889 4
4230 9969 1
4230 9335 1
4230 8768 3
4234 9597 200
4239 9711 1
4239 8820 1
4239 8833 1
4239 8836 33
4245 8633 1
4245 8934 1
4245 8866 3
4252 9696 4
4263 9780 1
4263 9864 3
4266 9165 2
4266 9566 1
4266 8646 5
4266 8777 1
4288 9577 1
4288 9677 1
4294 8967 1
4294 9433 1
4300 8681 1
4300 8700 2
4300 9872 1
4300 9963 1
4325 9062 2
4325 9921 1
4325 9777 1
4332 9616 1
4332 9571 3
4332 9169 1
4332 9833 1
4335 9302 1
4360 9191 6
4360 9221 1
4379 8813 4
4379 9410 1
4379 9501 1
4379 9882 1
4393 9938 1
4393 8954 1
4393 9514 3
4393 9896 16
4393 9224 1
4393 9546 2
4393 9986 5
4407 9829 2
4407 8836 1
4407 9296 3
4407 9798 3
4420 9669 1
4420 9598 1
4420 8954 1
4420 9447 3
4429 9974 1
4429 9002 2
4429 9715 1
4429 9951 1
4429 8741 1
4431 9985 3
4431 8817 2
4431 8696 1
4431 9141 2
4438 8619 1
4438 9504 1
4438 9731 1
4438 9357 1
4438 9959 24
4458 9080 1
4458 9634 2
4458 9410 7
4458 9819 1
4482 8828 1
4482 9551 1
4482 9014 1
4489 8793 1
4489 8778 1
4490 8698 1
4490 9619 3
4492 8846 1
4492 9037 2
4492 8916 1
4492 8833 1
4492 8649 2
4492 9137 1
4494 9929 1
4494 9076 1
4494 9439 1
4494 9760 2
4507 9103 5
4507 9588 3
4512 8967 3
4512 9712 1
4512 9788 1
4512 9500 2
4518 9674 5
4529 9481 1
4529 9567 3
4529 9262 1
4529 9948 1
4529 8951 1
4545 8915 4
4545 9299 1
4581 9553 14
4581 9777 2
4581 8603 32
4581 9830 7
4581 9143 1
4583 9950 3
4583 8688 1
4583 9135 1
4583 8704 1
4592 8803 1
4592 9069 1
4592 9105 1
4594 8559 1
4618 9893 1
4618 9765 12
4618 9046 1
4618 9155 1
4618 8847 1
4618 9451 1
4618 9531 1
4619 9386 1
4619 8954 1
4619 9252 1
4619 8909 2
4619 9032 6
4651 9758 3
4651 8614 1
4654 8690 1
4656 9767 1
4656 9120 1
4656 9442 1
4663 9666 1
4666 8718 7
4683 8645 2
4683 8959 1
4693 8555 1
4693 8780 2
4693 8866 1
4693 9833 1
4693 9388 1
4693 9515 1
4695 9570 3
4695 8905 4
4695 9147 1
4695 9902 2
4698 9981 1
4741 8897 1
4741 9795 7
4741 9813 1
4741 9451 2
4741 8707 2
4741 9907 1
4741 8555 1
4741 9038 1
4743 9371 3
4795 9140 1
4795 9624 1
4795 9002 1
4795 9146 1
4823 9064 1
4823 9930 1
4824 8812 3
4824 8579 2
4824 8703 1
4824 8921 3
4836 9195 1
4836 9282 200
4836 9095 1
4836 9051 1
4840 9555 1
4840 9657 1
4840 9621 1
4840 9831 3
4840 8805 200
4840 8944 3
4840 9090 1
4861 9056 1
4861 8667 2
4861 9598 4
4861 9292 1
4868 9501 1
4868 8561 1
4868 8964 1
4868 9802 1
4870 9153 1
4870 8810 1
4870 8934 1
4870 8913 3
4870 9619 1
4870 9944 60
4871 9802 1
4871 9595 1
4871 9419 5
4871 9569 1
4884 9960 3
4884 9000 4
4884 9858 1
4884 9328 10
4948 9386 2
4951 8736 1
4951 9861 1
4961 9475 4
4961 9926 1
4961 9067 1
4970 9679 1
4986 9143 5
4986 9501 1
4986 9607 4
4991 9215 5
5004 9451 1
5004 9179 1
5004 9160 1
5004 8734 2
5004 8876 2
5017 8588 1
5017 9108 1
5017 9531 1
5017 8715 2
5017 9047 1
5017 9480 15
5017 8752 2
5017 9932 1
5031 9587 2
5031 9897 1
5031 9512 1
5035 9154 1
5035 8947 1
5035 9476 5
5035 8911 1
5035 9136 1
5035 9888 11
5036 9757 1
5036 8666 3
5047 9645 1
5047 8739 36
5047 8817 2
5073 8727 1
5073 9138 1
5073 8615 1
5073 8920 5
5073 9536 1
5090 9055 1
5090 9902 3
5090 9967 21
5097 9398 2
5097 9638 1
5097 9407 1
5097 9613 1
5097 9826 34
5097 8657 1
5097 9856 1
5111 9998 1
5111 9273 1
5111 9601 3
5111 8642 2
5111 9297 1
5111 8572 1
5117 9075 2
5117 9516 1
5120 8716 1
5120 9812 1
5141 9208 5
5141 9043 1
5196 9739 19
5196 9554 1
5196 9966 3
5196 9095 4
5212 8898 1
5212 9993 2
5212 9701 2
5212 9926 2
5212 8830 3
5212 9038 1
5212 9318 1
5212 9771 2
5214 8700 1
5234 8605 5
5234 8979 1
5245 9896 1
5245 9096 2
5246 8721 4
5246 8978 1
5246 8681 1
5246 9076 1
5246 9789 1
5246 9197 2
5255 9660 8
5255 9661 6
5255 8859 1
5255 9983 4
5255 9253 1
5255 9321 4
5265 9843 4
5265 9469 2
5265 9821 1
5265 8956 3
5265 8922 3
5265 9000 156
5267 9657 1
5267 9448 1
5267 8814 1
5267 8857 1
5271 8806 5
5271 9583 2
5271 9792 2
5271 9625 2
5279 9820 4
5279 8788 2
5279 9014 1
5279 8899 1
5279 9266 1
5279 9053 1
5279 9576 4
5280 9804 1
5280 9811 1
5280 9007 1
5280 9125 1
5280 9193 1
5280 8921 13
5281 9752 2
5281 9098 2
5281 9259 4
5281 8785 3
5290 9160 3
5290 9301 5
5297 9500 1
5297 8765 1
5297 9674 1
5297 9768 1
5297 9612 5
5314 9164 1
5314 9388 1
5314 9855 5
5348 9547 2
5348 9333 16
5348 8957 1
5358 9439 3
5364 9014 2
5364 9877 1
5364 8929 2
5393 8736 1
5393 9373 1
5393 9727 2
5393 8911 2
5393 8990 1
5393 8605 1
5415 9117 1
5415 8676 15
5415 9615 1
5415 9717 77
5415 9875 1
5439 9871 1
5439 8594 2
5440 9043 1
5440 8949 1
5440 9523 1
5440 9781 2
5454 8973 1
5455 8633 1
5487 9861 3
5505 9637 1
5505 9343 1
5506 9436 2
5506 8601 1
5506 8769 1
5506 9462 2
5506 9217 4
5506 9790 1
5506 9740 2
5516 9662 2
5516 9772 1
5516 8629 1
5516 9362 3
5516 9533 1
5522 9966 1
5522 9555 1
5522 8599 1
5522 9376 1
5522 9982 1
5524 8976 10
5525 9433 2
5525 9535 2
5525 9980 1
5525 9142 5
5525 8668 1
5525 9696 1
5531 8772 2
5531 8659 3
5531 8737 1
5531 8569 1
5542 9001 1
5542 9219 1
5542 9567 1
5542 8653 3
5544 8664 1
5544 9987 1
5544 9433 77
5544 9867 1
5544 9044 1
5544 9331 2
5544 9826 1
5551 9362 1
5554 9231 1
5554 9607 1
5554 9969 1
5554 9238 1
5571 8591 2
5573 9625 2
5599 8998 1
5599 9641 1
5599 9123 1
5599 9266 12
5599 8618 1
5608 8769 1
5608 8638 1
5608 9470 1
5608 9128 1
5608 9676 2
5622 9212 1
5627 9365 4
5627 9944 1
5627 9951 1
5627 9520 2
5627 8884 3
5634 9521 1
5634 9571 6
5634 8710 1
5634 9975 20
5634 9894 2
5642 9807 1
5642 8657 16
5642 9868 2
5642 8673 1
5642 9151 1
5648 8628 1
5648 8927 1
5672 9136 1
5672 8644 1
5672 9392 1
5696 8598 2
5696 8773 3
5696 9064 1
5696 9768 1
5707 9926 2
5708 8742 1
5708 9704 1
5708 8788 1
5708 9252 2
5708 9258 1
5710 9745 1
5710 8680 110
5710 8997 1
5716 9657 32
5716 9509 2
5716 9592 1
5716 9333 2
5727 9648 2
5727 9262 1
5745 9335 61
5745 9723 2
5783 9267 1
5783 9809 1
5783 9598 2
5796 8600 1
5796 9780 2
5796 9022 1
5799 9739 1
5799 9737 8
5799 9286 1
5799 8567 2
5799 9246 1
5799 9343 5
5803 9078 2
5803 9479 2
5803 8752 3
5803 9618 1
5803 9739 1
5803 8797 2
5804 9981 1
5804 9165 1
5804 9415 1
5807 9172 1
5816 8952 1
5816 8880 1
5816 8671 1
5816 9213 1
5818 9066 1
5818 9484 1
5818 9357 20
5818 9684 17
5828 8953 1
5828 9017 1
5828 9142 3
5828 8949 1
5828 9627 1
5828 9831 6
5828 9425 1
5828 9663 1
5828 8782 1
5832 9120 2
5840 9000 8
5840 8598 1
5840 9446 110
5865 9892 1
5865 8611 1
5865 8785 1
5865 9337 2
5916 8822 1
5916 9244 2
5916 8855 1
5916 9399 1
5916 9359 1
5931 9378 3
5931 9887 3
5936 9371 1
5936 9338 1
5936 9380 1
5936 9635 1
5936 9823 1
5936 9182 1
5936 9752 1
5936 9780 6
5943 9046 4
5943 9191 2
5943 9004 1
5943 9258 1
5943 8907 2
5943 9731 1
5943 8830 1
5963 8680 3
5963 9115 1
5963 9177 1
5963 9478 1
5982 8862 2
5982 9509 2
5982 9864 1
5982 9914 1
5983 9809 1
5983 9715 1
5983 9565 1
5985 8688 1
5985 8848 1
5985 9373 5
5985 9795 1
5998 8694 1
5998 9394 8
5998 9346 1
5998 9416 1
6006 8876 1
6006 8638 1
6006 9014 1
6006 8679 2
6006 9007 3
6006 9498 9
6006 9595 1
6008 9725 2
6008 9079 2
6008 9219 2
6012 9776 1
6012 9254 3
6012 9455 24
6012 8828 1
6015 8782 1
6015 9460 1
6015 8621 1
6015 9891 3
6015 8701 1
6017 8909 5
6017 8714 1
6017 9465 1
6017 9724 1
6017 8890 1
6029 9790 7
6029 9921 1
6037 8711 3
6037 9006 1
6037 9330 1
6037 9974 56
6037 9017 1
6052 9279 1
6052 8999 1
6052 9146 2
6052 8812 2
6063 9893 1
6063 8612 1
6063 8753 2
6063 9274 3
6063 9631 1
6066 9787 9
6066 9224 1
6083 8642 3
6083 8768 1
6083 9001 1
6086 9345 1
6086 9761 7
6086 8564 7
6086 8710 1
6086 8819 1
6086 9642 1
6086 9668 1
6107 9537 2
6107 9748 25
6107 9400 3
6120 8696 1
6120 9539 1
6120 9381 2
6120 9645 5
6123 9069 1
6123 8717 1
6127 9915 1
6136 8851 2
6136 8561 1
6136 8771 1
6136 9615 1
6136 9720 1
6137 9320 2
6137 8641 1
6142 9125 1
6142 8740 1
6142 8760 1
6142 8667 2
6142 9279 1
6156 9773 1
6158 8980 1
6158 8994 2
6170 9916 4
6170 9713 2
6170 8770 2
6170 9737 1
6170 8720 1
6170 9111 4
6171 9915 1
6171 8607 1
6181 8954 1
6198 8670 1
6198 9765 1
6198 9549 8
6198 9179 1
6198 9925 1
6198 9103 1
6211 8740 3
6214 9108 4
6214 9549 4
6214 9504 1
6223 8570 1
6223 9776 4
6223 9757 4
6223 9472 1
6223 8790 1
6227 9537 1
6227 8758 3
6227 9653 1
6231 8908 1
6231 9267 1
6231 9402 1
6231 9415 1
6231 8912 2
6231 9570 1
6262 8989 1
6281 9460 6
6281 8758 2
6281 8637 1
6281 8692 4
6281 9553 1
6293 9301 1
6293 9281 1
6293 9288 3
6293 9965 2
6327 8574 3
6327 8570 1
6353 9947 3
6353 9408 1
6353 9551 1
6357 8890 2
6357 9754 1
6357 8767 1
6357 8927 2
6357 8791 1
6357 9091 1
6365 9649 2
6383 9037 2
6383 9198 4
6383 8577 1
6383 9394 2
6397 9077 1
6397 9897 1
6410 9735 1
6420 9717 1
6420 9183 1
6420 9814 5
6420 9114 8
6420 9462 116
6420 8557 15
6420 9338 1
6420 8715 35
6420 9283 1
6420 9358 1
6420 9893 1
6420 9897 1
6440 9728 1
6440 9256 3
6440 9290 10
6448 9326 2
6448 9448 5
6448 9057 1
6460 8990 4
6460 9153 2
6463 9301 42
6463 9715 1
6463 9874 1
6466 8698 2
6466 9198 3
6466 9395 1
6466 9140 1
6466 9339 1
6470 9405 1
6471 9498 1
6471 9754 20
6481 9345 3
6481 9682 1
6481 9774 1
6484 9895 1
6484 9055 1
6484 9726 2
6484 9747 1
6484 9503 1
6484 9312 2
6495 8896 1
6495 9104 1
6536 9548 3
6536 8582 1
6539 9489 1
6539 8625 2
6539 8793 1
6539 9514 200
6539 9764 200
6539 9353 1
6547 8702 1
6547 8730 1
6547 9191 2
6559 9636 1
6559 9166 6
6559 9397 1
6559 9949 6
6562 9727 1
6562 9055 1
6562 9330 1
6562 9332 8
6574 8955 1
6574 8671 1
6574 9757 9
6578 8832 1
6578 8568 1
6578 9645 1
6581 8880 1
6581 8890 1
6581 8552 1
6581 9226 1
6584 8897 1
6584 9316 1
6586 9343 1
6586 8806 1
6586 9813 1
6586 8989 2
6600 9660 4
6604 8802 1
6604 8611 1
6604 8680 1
6604 9098 2
6604 9779 2
6612 9957 1
6612 8825 2
6612 8876 1
6612 9797 1
6612 9062 1
6625 9854 5
6625 9108 1
6647 8977 1
6647 9104 1
6647 9994 1
6680 9797 1
6680 8643 2
6693 9254 12
6693 9419 1
6693 8997 2
6693 9760 1
6693 9902 3
6693 9325 1
6698 8753 1
6740 8943 3
6740 8633 1
6756 9975 1
6756 9147 17
6756 9331 1
6756 8947 18
6756 9773 1
6756 8773 9
6756 9657 2
6765 9528 5
6772 9350 4
6772 8649 1
6772 8745 3
6775 9657 2
6775 8798 1
6775 9137 1
6775 9392 1
6775 9933 8
6775 9758 3
6775 9554 1
6776 9214 1
6776 9835 1
6792 9401 1
6792 9706 6
6792 9326 4
6792 9417 1
6843 9022 3
6843 8606 7
6843 9302 4
6848 8804 1
6848 9633 1
6848 9812 1
6859 9400 4
6859 9335 2
6860 8659 4
6860 9875 1
6860 8833 4
6860 9111 1
6860 9961 48
6861 9575 1
6871 9931 1
6871 8831 4
6872 9535 1
6872 9935 1
6874 9618 1
6874 9093 1
6874 9792 1
6874 8779 6
6874 9056 18
6874 9529 1
6885 9487 4
6903 8980 17
6903 8683 2
6903 9814 1
6908 8579 1
6908 8947 1
6908 9972 5
6908 9004 4
6909 8850 1
6909 9748 1
6909 9761 2
6946 9468 2
6946 9096 2
6953 9209 1
6969 9179 1
6969 8772 1
6969 9592 1
6972 9042 1
6972 8647 3
6972 9698 1
6972 9354 16
6972 9628 2
7017 8716 1
7017 8577 16
7024 9906 7
7024 9202 4
7043 8848 1
7043 9624 1
7047 8976 1
7047 9279 2
7047 9507 3
7048 9135 1
7048 9942 16
7048 9726 1
7059 8598 1
7059 8806 24
7077 9795 1
7077 9870 4
7077 8792 6
7082 9248 2
7082 9119 1
7082 9214 1
7082 8752 1
7082 8634 2
7082 9389 1
7088 8628 1
7088 9074 2
7088 9666 1
7088 9597 1
7095 9707 2
7095 8697 3
7095 9169 1
7097 9947 11
7097 9105 1
7097 9528 1
7099 9932 1
7118 9965 1
7118 9453 4
7128 9396 2
7128 8754 1
7144 9926 2
7144 9078 1
7144 9166 1
7144 9604 1
7144 8901 1
7144 9635 1
7150 8779 13
7150 8575 1
7150 9678 1
7150 9277 1
7190 9332 1
7190 9627 2
7190 9084 1
7190 9153 43
7190 9378 1
7190 8692 1
7190 9962 2
7190 9286 12
7201 9331 4
7201 9985 1
7201 9977 3
7201 9765 1
7209 9248 15
7209 9962 3
7209 8984 1
7209 9069 3
7209 9253 1
7209 9518 1
7216 8718 16
7216 8866 1
7216 9584 1
7216 8884 2
7216 9934 1
7216 9944 2
7224 9840 1
7224 8994 1
7239 8591 4
7239 8758 4
7239 8871 1
7239 8959 1
7257 9796 1
7257 8670 2
7257 9493 1
7265 9272 1
7265 9073 1
7265 9316 1
7265 9324 2
7265 8700 2
7265 9539 1
7265 9720 1
7265 9203 2
7268 9022 2
7268 9469 1
7268 8661 4
7268 9700 1
7268 9248 1
7268 9666 1
7274 8873 1
7274 9751 1
7282 9246 1
7282 9373 1
7282 9624 1
7282 9048 6
7286 8580 1
7286 8872 1
7286 9243 9
7286 9517 1
7311 9465 1
7311 8684 1
7311 9400 4
7311 9647 1
7311 9728 1
7326 8802 1
7332 9993 1
7337 9425 1
7350 9383 6
7350 8978 2
7350 9404 4
7352 8946 3
7352 8700 2
7352 9767 1
7352 9389 1
7352 9151 3
7352 9184 1
7352 9559 1
7386 9875 1
7386 9819 1
7386 9040 1
7386 9280 5
7386 9871 2
7387 9776 2
7399 9494 1
7406 9678 17
7436 9154 2
7436 9404 1
7436 8998 10
7456 9621 1
7456 9472 1
7456 9097 13
7456 8688 2
7456 9228 1
7456 9546 1
7457 9027 3
7457 9192 1
7473 9028 1
7473 9787 1
7482 8665 1
7482 9840 1
7482 8933 1
7482 9447 1
7482 9627 1
7490 9073 2
7490 9252 43
7490 9608 1
7499 9895 3
7499 9398 1
7499 9386 1
7504 8989 7
7504 9373 7
7509 9588 1
7509 8665 11
7509 8728 1
7509 9478 1
7509 9331 1
7509 9898 2
7509 8949 1
7517 9425 1
7517 9144 1
7519 9255 1
7519 8915 1
7519 9042 1
7530 8811 1
7530 9097 1
7530 9854 1
7530 9715 1
7531 9412 1
7531 8949 2
7531 9136 1
7569 9653 1
7569 9965 1
7569 9445 1
7569 8838 1
7569 9947 1
7569 8848 2
7583 9958 10
7593 9400 1
7593 9867 1
7593 8890 1
7593 9050 1
7593 9040 1
7605 9835 4
7605 8561 1
7605 8716 1
7605 9015 1
7605 9807 1
7609 9090 1
7609 9641 2
7609 9510 1
7609 8992 1
7609 9811 1
7611 9074 1
7611 9698 1
7611 9397 3
7611 9855 1
7611 9263 1
7611 9571 1
7629 8931 1
7629 8955 2
7629 9325 1
7629 9801 1
7629 9770 2
7631 8681 4
7631 8934 1
7631 8644 1
7631 9221 1
7631 9826 1
7631 9187 3
7631 9232 1
7631 9527 1
7631 8777 4
7635 8804 1
7635 9253 1
7635 8645 1
7635 9725 1
7635 9703 15
7637 9024 1
7637 8694 18
7637 9445 1
7642 9224 1
7642 9238 28
7656 8607 1
7656 8953 1
7656 9467 1
7660 9556 3
7660 9506 3
7660 9151 1
7660 9398 4
7660 9017 1
7660 9222 1
7660 9002 1
7660 9101 1
7660 9740 1
7660 8574 2
7660 9183 1
7677 9553 1
7716 9943 1
7722 8960 1
7722 9613 2
7722 9976 1
7722 9112 8
7722 8619 3
7722 9161 1
7722 9542 1
7731 9781 1
7731 9066 1
7731 9272 1
7731 9735 1
7731 9943 1
7740 9289 1
7740 8699 1
7740 9555 3
7740 9947 5
7754 9238 1
7754 8976 1
7754 9782 2
7754 9792 1
7767 9292 1
7792 9081 1
7796 9826 3
7796 8798 1
7796 9226 29
7816 8557 3
7822 8667 1
7822 8980 1
7822 9097 1
7822 9925 1
7839 9326 1
7839 9740 1
7852 9445 1
7852 9266 1
7852 9561 2
7852 9717 1
7856 9348 1
7857 9090 2
7857 8902 1
7857 9361 1
7876 9365 1
7876 9604 53
7876 9492 1
7876 9960 1
7876 8816 1
7876 9374 3
7876 9425 1
7923 9648 1
7923 9160 4
7923 9289 1
7946 9004 1
7946 9897 17
7946 9929 1
7946 9852 5
7946 9223 1
7957 9676 1
7957 9828 2
8000 9608 1
8000 9732 3
8000 8793 1
8001 9681 3
8001 9710 2
8001 9129 2
8001 8667 3
8001 9120 1
8003 8605 2
8003 8846 1
8003 9104 1
8003 9145 3
8003 8696 1
8003 9717 1
8003 9682 1
8003 9980 1
8003 8593 2
8011 9518 1
8011 9035 1
8011 9646 1
8011 9870 1
8011 9942 1
8012 9266 1
8012 9110 2
8012 9018 1
8012 9279 1
8012 9819 2
8012 9515 1
8012 8555 1
8012 8736 4
8012 9363 3
8012 9493 3
8016 9114 1
8016 9490 9
8016 8797 4
8016 9616 1
8016 9829 5
8018 9466 3
8018 8591 1
8026 9221 8
8026 9330 1
8026 9253 1
8026 9142 1
8054 9206 1
8054 8956 1
8054 9113 1
8054 9259 2
8068 9692 1
8109 8912 4
8109 9282 1
8109 9318 1
8123 9409 33
8123 8862 1
8128 9383 1
8128 9518 1
8128 9163 2
8130 9372 1
8130 8575 1
8133 9820 1
8133 8772 1
8133 9093 1
8133 9619 1
8133 9719 1
8133 8842 1
8133 9214 1
8133 8850 1
8140 9004 1
8140 9467 2
8140 9364 1
8140 8846 1
8140 8859 3
8140 9310 2
8142 8858 1
8142 9125 2
8142 8615 2
8142 8889 4
8143 8682 1
8143 9125 2
8143 9322 1
8148 9958 2
8148 9893 2
8148 9277 2
8148 8840 1
8152 9320 11
8152 9898 1
8152 9976 1
8156 9531 2
8156 9355 1
8156 9385 2
8156 9845 1
8156 9084 1
8165 9244 4
8165 8801 1
8169 9287 1
8169 9275 2
8169 9732 1
8177 9948 1
8177 8624 1
8177 9787 10
8182 9224 1
8182 8946 11
8182 8948 1
8191 8643 1
8191 8843 2
8191 9311 1
8191 9580 1
8191 9352 1
8191 9814 20
8191 8998 3
8191 9553 1
8192 9943 1
8192 9806 1
8192 8831 5
8192 9409 1
8193 9517 3
8193 9957 11
8195 9342 9
8195 8890 7
8195 8699 3
8216 9661 2
8216 8931 6
8216 9605 1
8251 8928 2
8251 9851 41
8252 8906 1
8252 8639 1
8255 8978 1
8255 8620 1
8259 9394 1
8259 8702 4
8259 9081 2
8265 8758 2
8265 8751 1
8265 9160 1
8266 8984 1
8266 9599 1
8266 9924 1
8275 9504 1
8275 9604 1
8275 8567 19
8275 8946 3
8285 8579 1
8285 8771 2
8286 8771 1
8286 9641 1
8286 9741 1
8304 8847 2
8304 8812 1
8304 9232 1
8304 9313 3
8304 9636 2
8312 8964 1
8312 8994 1
8312 9402 2
8312 9768 1
8312 9960 2
8312 9554 1
8312 9073 1
8312 9416 1
8312 9584 8
8317 9882 1
8317 9726 10
8317 9965 1
8321 8583 4
8321 8810 4
8321 9598 1
8330 9627 6
8330 8950 6
8350 9571 1
8350 8730 4
8350 9202 38
8354 8931 2
8354 9398 1
8354 9510 1
8354 9443 1
8354 9365 1
8354 9843 3
8354 9875 1
8357 9653 3
8357 9117 1
8357 9110 3
8357 9794 6
8357 9463 1
8357 9711 1
8363 8955 4
8363 9027 1
8385 9442 1
8385 9133 1
8385 9190 6
8385 9638 1
8397 8814 1
8397 8992 2
8404 8745 3
8404 9136 1
8404 8673 2
8404 9712 2
8404 9911 5
8404 8696 2
8434 9754 7
8434 9985 1
8434 8979 4
8434 9865 2
8434 9993 1
8436 9496 1
8436 9972 2
8449 9335 1
8449 9454 1
8462 9244 1
8462 9520 3
8462 8698 2
8466 9093 1
8466 8569 1
8472 9475 3
8478 8555 3
8478 9979 1
8478 9313 2
8478 8593 1
8478 8740 1
8478 8742 1
8499 8954 6
8499 9559 1
8499 9782 4
8499 8848 1
8507 9154 1
8507 9483 1
8509 8594 1
8510 9353 2
8510 9529 1
8510 9206 10
8510 9467 2
8510 9983 13
8521 8896 10
8521 9419 10
8521 9646 15
8521 9106 1
8521 9135 2
8521 9164 2
8522 9805 1
8522 8562 1
8522 9882 1
8523 9963 6
8530 9804 3
8530 9663 2
8530 9849 10
8531 9075 5
8531 9188 1
8531 9985 2
8533 9119 1
8533 9513 1
8533 9974 5
8533 9346 72
8533 9873 1
8533 9284 1
8533 9320 1
8536 9693 1
8536 8690 1
8536 9492 1
8536 8559 2
8540 9097 4
8540 9102 3
8540 9285 6
8541 9517 3
8541 8628 1
8541 8578 1
8541 8811 2
8542 8691 1
8542 9401 16
8542 8649 3
8542 9535 28
8542 9955 1
8543 8720 200
8543 9330 4
8544 9915 1
8544 9849 2
8544 9278 1
8544 9154 1
8544 9391 1
8544 9442 1
8545 9948 1
8545 9556 1
8545 9988 1
8545 8877 1
8545 9210 2
8545 9294 3
8545 9662 1
8545 9713 2
8548 9204 1
8548 9417 29
8549 9108 2
8549 8666 7
8549 9819 2
8550 8575 1
8550 9625 1
8550 8765 1
8551 8975 1
8552 8900 1
8553 9836 1
8553 9654 3
8554 8594 25
8554 8624 12
8555 9656 3
8556 9263 1
8556 9945 1
8556 9950 1
8558 9361 1
8558 8697 1
8560 9948 1
8560 8770 7
8560 8666 2
8560 9797 1
8561 9063 1
8562 9058 1
8562 9857 2
8563 9893 1
8563 8684 2
8563 9384 1
8564 8941 1
8564 8878 9
8565 9172 25
8565 8715 1
8565 9370 1
8565 9415 1
8565 9489 1
8566 9868 1
8566 9652 8
8566 9854 6
8568 9762 1
8569 8709 1
8570 8942 1
8571 9536 1
8571 8836 4
8571 9891 1
8571 9470 1
8571 9592 4
8572 8808 2
8572 8849 1
8573 8736 1
8575 9026 19
8575 8746 2
8576 8712 2
8576 9109 1
8578 8672 1
8579 9010 1
8579 8854 1
8580 9008 2
8580 9099 1
8581 8853 2
8583 8602 1
8583 8971 1
8584 9321 4
8584 9056 7
8584 9070 3
8585 9997 1
8585 8695 1
8586 9390 1
8586 8666 3
8586 8661 3
8586 9853 1
8586 9081 1
8586 8912 1
8586 9980 1
8587 9201 1
8588 8962 7
8589 9033 1
8589 9573 1
8589 9930 1
8589 8739 1
8590 8759 1
8591 8689 1
8591 8868 1
8591 8869 2
8593 8651 1
8594 8655 1
8595 9039 1
8595 8762 1
8596 9269 1
8597 9294 2
8597 8721 1
8599 8713 1
8600 8685 1
8601 8786 2
8603 9058 1
8608 9113 1
8608 9701 1
8608 8917 1
8608 8995 1
8610 8733 1
8611 9109 1
8612 8781 1
8613 8757 1
8613 9558 1
8614 8756 1
8616 8823 1
8616 9031 1
8617 9887 1
8620 8837 1
8622 8780 1
8622 8836 13
8622 9542 1
8622 9613 1
8623 8660 1
8623 9062 1
8623 9380 1
8623 9130 1
8623 9788 1
8623 8948 1
8623 9217 2
8624 9029 1
8624 9989 1
8625 8996 1
8625 8726 1
8626 9094 1
8626 8733 1
8627 9412 1
8628 8799 1
8630 8698 1
8630 9248 1
8630 9453 1
8630 9892 1
8630 8818 1
8631 8866 24
8631 9704 1
8631 8913 1
8632 9118 1
8635 9951 2
8635 9760 1
8636 8647 1
8636 9724 1
8636 9494 1
8637 8693 1
8637 8729 1
8638 8962 6
8638 8882 1
8640 9937 3
8644 9762 1
8645 8774 14
8646 8712 1
8647 9620 2
8648 8721 2
8648 8825 1
8648 9088 1
8648 9454 2
8648 9873 4
8649 8924 1
8649 8968 1
8650 9313 3
8650 9687 2
8651 8778 1
8651 9637 1
8651 9457 9
8651 9352 1
8652 8871 4
8652 9795 1
8652 8898 3
8653 8904 1
8654 8912 4
8655 8697 5
8655 8967 1
8655 9669 1
8656 8871 3
8656 9707 2
8656 9649 2
8656 9354 1
8656 9391 1
8656 9542 2
8657 8663 2
8658 9999 1
8661 9201 1
8662 9384 1
8662 9765 1
8662 9998 1
8662 9446 1
8662 8665 1
8663 8990 1
8663 9642 1
8663 8742 4
8663 8856 1
8663 9640 1
8663 9737 2
8667 9116 1
8669 9029 1
8669 8761 2
8670 9071 1
8671 8961 2
8672 8751 1
8672 8797 1
8672 8735 2
8672 9828 1
8672 9710 3
8672 9959 1
8672 9105 1
8672 9954 1
8672 8934 18
8672 9051 1
8672 9269 1
8674 9578 1
8674 9280 1
8675 9354 2
8675 9863 1
8675 8877 1
8675 8740 4
8675 9241 1
8676 9012 2
8676 9762 9
8677 8829 1
8677 9232 2
8678 9089 1
8678 9350 1
8681 9857 1
8682 8781 12
8684 8972 4
8685 9935 1
8685 9643 2
8685 9274 1
8686 8833 1
8686 9708 1
8686 9675 1
8686 8851 1
8686 8737 1
8686 9273 1
8686 9634 4
8687 9574 1
8687 9584 3
8687 9384 2
8688 8993 1
8689 8873 6
8690 8824 1
8691 9100 16
8693 9723 2
8693 8806 1
8693 9372 4
8693 9259 7
8696 8935 1
8697 9116 6
8699 9999 8
8702 8941 1
8703 8888 1
8705 8748 1
8706 9065 2
8707 8903 1
8707 9063 5
8708 9667 1
8709 9494 1
8709 9923 1
8709 9794 4
8711 9762 1
8712 9399 2
8712 9488 2
8712 8992 1
8712 9498 1
8712 9977 1
8713 9745 1
8713 8833 8
8713 9638 1
8713 9510 1
8714 8945 1
8716 8762 1
8716 8893 1
8717 8841 1
8718 8746 4
8718 8794 2
8719 9540 2
8720 9016 1
8721 9012 2
8722 9573 1
8722 9089 2
8722 9745 1
8722 9731 3
8723 9666 1
8723 8989 1
8723 9046 2
8724 9110 2
8724 9383 1
8724 8861 1
8724 9801 5
8725 9314 1
8725 9174 2
8725 9868 2
8726 9187 17
8726 9605 1
8726 9337 2
8726 9267 1
8726 9774 1
8728 9045 1
8728 8962 1
8729 9935 35
8729 9174 1
8729 9962 8
8729 9145 1
8729 9968 3
8730 8860 4
8731 9288 1
8731 9212 5
8731 9289 4
8732 9795 3
8732 8780 1
8732 9785 1
8732 8816 1
8732 9153 9
8732 9101 2
8733 9433 9
8733 8760 1
8733 9059 1
8733 9050 3
8733 9190 1
8733 9635 1
8733 9299 1
8733 9207 1
8733 9376 1
8734 8756 1
8735 9025 1
8736 9092 200
8738 8819 1
8738 9370 1
8738 8884 5
8738 9166 9
8738 9346 11
8738 9588 1
8738 9569 1
8738 9436 1
8743 9031 27
8744 8875 1
8746 9735 1
8746 9797 1
8746 8892 2
8746 9146 4
8746 9205 1
8747 8911 1
8748 8896 1
8748 9079 3
8748 9112 1
8750 9231 1
8750 9741 2
8750 9849 2
8751 8942 1
8755 9455 8
8756 8840 1
8756 9106 1
8756 9434 1
8756 9910 3
8756 8911 1
8756 9513 1
8756 9395 1
8757 9342 3
8757 9096 2
8757 9913 4
8758 8926 1
8760 9008 2
8761 9164 1
8762 9123 2
8762 9003 1
8762 9867 1
8764 9579 5
8766 9950 1
8766 9892 1
8766 9208 1
8766 9600 1
8766 9831 3
8766 9808 1
8766 9461 2
8767 9099 6
8767 8965 1
8770 8971 1
8771 9116 2
8772 9049 1
8774 9625 1
8776 8922 1
8776 9835 1
8779 9656 1
8781 9283 1
8783 9558 1
8785 8891 6
8785 9857 1
8785 8985 1
8786 9172 1
8786 9174 4
8786 9612 4
8786 8802 3
8786 9412 1
8787 9139 2
8787 9878 1
8787 9701 1
8787 9974 1
8789 9948 1
8789 9089 1
8789 9637 1
8789 9758 1
8792 8975 2
8794 9797 1
8794 9307 1
8794 9070 3
8794 9053 1
8794 9577 2
8794 9843 1
8794 9334 1
8794 9660 1
8794 9972 35
8795 8924 2
8795 9836 1
8796 9034 1
8796 9358 4
8796 9559 1
8799 9648 3
8799 8807 3
8799 9896 3
8800 8872 1
8801 8972 3
8802 8863 1
8807 8808 1
8808 8842 13
8808 9142 2
8808 9945 1
8808 9787 1
8809 9072 62
8809 9739 1
8809 9088 4
8809 9969 1
8817 8844 38
8818 9722 1
8820 9109 1
8820 9558 6
8821 8833 1
8821 9983 2
8821 9907 1
8822 8935 1
8823 9170 1
8823 9494 4
8823 9603 3
8823 9884 9
8824 9467 1
8824 9817 5
8824 9823 1
8824 9506 1
8824 9006 1
8826 9010 1
8827 9393 1
8827 9402 1
8827 9157 2
8827 9406 16
8827 8967 4
8827 9405 5
8827 9676 2
8827 9455 3
8827 9764 5
8829 9836 1
8833 9009 1
8834 9084 3
8834 9830 1
8834 9854 16
8834 9080 1
8834 9017 1
8834 9576 1
8834 9821 3
8835 9060 3
8835 8849 1
8835 9857 2
8837 9894 3
8839 9104 1
8841 8906 1
8841 9611 2
8842 8983 2
8843 8888 1
8845 8861 1
8845 9389 1
8845 9611 1
8845 8906 1
8845 9786 9
8846 9953 1
8847 9857 6
8847 8919 2
8848 8991 2
8849 9794 200
8849 9017 2
8849 9626 1
8852 9803 1
8852 9981 1
8852 9334 5
8852 9468 1
8852 9284 3
8853 8932 1
8854 9454 200
8854 9447 1
8854 9321 2
8854 9846 2
8854 9193 1
8854 9297 2
8854 9083 1
8854 9699 1
8854 9786 1
8857 9857 2
8858 9620 2
8860 9551 2
8863 9385 2
8864 9021 2
8864 8929 1
8864 9344 2
8865 8876 1
8865 9724 1
8865 9451 1
8866 9999 1
8867 9012 3
8868 9002 1
8868 9807 1
8868 9082 1
8869 9261 1
8869 9345 1
8869 9226 1
8870 9497 1
8874 9797 2
8875 9882 2
8875 9851 1
8878 9362 1
8878 9077 2
8878 9179 1
8879 9517 1
8879 8933 1
8879 9398 1
8882 9048 11
8883 9987 1
8883 8939 8
8883 9862 1
8883 9308 1
8883 9529 1
8885 8922 6
8885 9648 7
8887 8892 2
8887 9725 1
8887 9046 1
8887 9144 2
8887 9949 5
8887 9910 1
8887 9404 6
8888 9615 1
8888 9555 4
8888 9647 1
8889 9464 1
8891 9223 1
8891 9401 3
8892 8991 4
8894 9561 3
8895 9140 2
8895 9294 2
8895 9942 1
8895 9057 1
8895 9727 3
8897 9304 3
8898 9023 8
8899 8972 5
8900 9059 15
8900 9076 1
8903 8978 2
8903 9798 4
8903 9379 2
8904 8909 1
8904 9922 4
8904 9518 15
8908 9249 1
8912 8925 1
8914 8941 4
8914 9176 1
8916 9029 2
8917 9558 1
8918 9720 3
8918 9870 1
8918 9811 1
8918 9120 5
8918 9983 5
8919 9879 1
8921 8968 1
8922 8926 1
8924 9259 1
8924 9713 1
8924 9165 3
8924 9556 5
8925 9280 2
8925 9454 1
8925 9371 1
8926 8977 1
8926 8934 21
8926 9078 1
8926 9438 2
8926 9824 1
8926 9934 1
8926 9163 1
8930 9821 2
8930 9851 1
8930 9794 2
8930 9921 58
8930 9044 3
8931 9558 3
8932 9431 1
8932 9972 3
8933 9746 3
8933 9029 1
8935 9668 1
8935 9489 12
8935 9172 3
8935 9840 1
8936 9061 2
8937 9462 1
8937 9806 1
8937 9975 3
8940 9269 1
8940 9308 2
8941 9949 1
8941 9277 2
8941 9416 2
8941 9979 1
8942 9898 8
8942 8959 1
8942 9075 5
8942 9679 4
8942 9693 1
8945 9599 1
8945 8990 10
8947 9762 1
8950 9939 1
8952 9026 1
8953 8970 1
8953 8996 2
8958 9632 2
8958 9438 2
8958 9426 8
8958 9460 2
8961 9211 2
8961 9600 141
8962 9835 1
8963 9030 1
8965 9633 2
8965 9475 3
8965 9767 1
8965 9358 2
8965 9877 21
8968 9828 65
8968 9284 2
8968 9352 3
8968 9515 1
8968 9490 1
8969 9281 2
8969 9080 1
8969 9355 1
8969 9577 13
8970 9073 1
8970 9474 2
8970 9964 1
8970 9613 1
8970 9345 1
8971 9774 2
8971 9668 1
8971 9684 1
8971 9365 1
8972 9155 4
8974 9060 1
8976 9189 1
8977 9905 1
8981 8984 3
8982 9556 1
8982 9449 1
8983 9796 4
8985 9919 2
8985 8988 60
8985 9929 1
8987 9176 2
8991 9373 2
8991 9893 2
8991 9374 1
8991 9149 1
8993 9475 1
8994 9025 1
8996 9362 4
8996 9871 2
8998 9071 21
8999 9041 1
8999 9045 20
9005 9318 8
9005 9334 1
9005 9475 1
9005 9758 1
9005 9107 1
9008 9070 4
9008 9047 1
9008 9652 1
9009 9747 5
9009 9765 1
9009 9788 1
9009 9922 1
9010 9924 1
9010 9529 1
9010 9883 1
9010 9973 1
9012 9244 2
9012 9863 1
9012 9934 4
9013 9857 2
9015 9473 2
9016 9960 1
9016 9405 16
9016 9286 4
9016 9184 1
9019 9033 1
9019 9145 1
9019 9231 4
9020 9273 2
9020 9037 1
9020 9979 1
9023 9828 4
9023 9743 2
9023 9457 1
9025 9127 1
9026 9587 1
9026 9070 8
9026 9342 9
9026 9839 1
9027 9058 1
9029 9853 6
9029 9364 2
9030 9618 2
9030 9735 6
9030 9773 1
9030 9862 20
9031 9144 1
9031 9933 1
9031 9427 4
9031 9479 1
9036 9958 1
9039 9376 2
9045 9355 2
9045 9574 1
9045 9725 2
9045 9879 198
9045 9979 1
9049 9069 2
9049 9143 1
9049 9709 1
9049 9987 1
9050 9086 12
9052 9774 3
9054 9287 1
9054 9472 2
9054 9509 1
9058 9107 1
9058 9376 1
9059 9086 2
9060 9527 4
9060 9907 8
9061 9468 1
9061 9313 1
9061 9481 1
9061 9220 1
9061 9828 1
9063 9678 9
9065 9163 1
9065 9906 1
9068 9328 1
9071 9748 3
9085 9865 79
9086 9986 1
9086 9863 2
9086 9503 1
9087 9605 1
9087 9385 22
9092 9188 2
9092 9642 1
9092 9864 1
9092 9801 4
9094 9548 1
9094 9681 39
9094 9915 4
9099 9425 3
9099 9855 2
9099 9824 1
9099 9910 7
9100 9588 1
9100 9775 1
9100 9681 1
9102 9999 2
9106 9550 1
9109 9397 1
9109 9192 2
9109 9198 1
9109 9439 1
9109 9177 5
9113 9939 1
9116 9949 3
9117 9857 1
9118 9944 2
9118 9308 7
9118 9479 1
9118 9977 1
9118 9266 1
9119 9176 4
9121 9278 1
9121 9393 3
9123 9836 2
9139 9857 10
9176 9798 1
9176 9352 3
9176 9601 1
9184 9722 2
9184 9525 2
9189 9561 5
9189 9823 3
9201 9692 1
9221 9543 3
9221 9579 2
9224 9999 1
9241 9857 3
9242 9978 2
9249 9488 1
9249 9935 1
9250 9579 2
9255 9939 1
9258 9423 1
9263 9654 1
9281 9543 1
9291 9423 1
9302 9989 1
9311 9558 2
9318 9857 1
9319 9444 1
9324 9525 2
9340 9606 1
9341 9491 1
9358 9525 1
9382 9656 4
9387 9591 1
9420 9900 1
9423 9501 1
9460 9656 1
9462 9905 1
9463 9656 1
9464 9846 1
9464 9704 1
9509 9939 5
9510 9654 2
9512 9778 4
9513 9525 1
9517 9836 1
9525 9648 3
9529 9656 3
9543 9701 1
9543 9955 1
9543 9898 1
9550 9712 1
9554 9857 2
9557 9729 1
9558 9787 1
9562 9999 44
9563 9672 4
9586 9905 2
9617 9952 5
9644 9905 1
9650 9744 1
9698 9857 1
9706 9939 1
9721 9904 1
9742 9890 3
9762 9929 1
9808 9939 1
9817 9857 2
9834 9836 1
9834 9857 1
9859 9888 1
9863 9999 1
9905 9908 1
