5 9954 9
8 9821 2
8 9202 9
8 9357 5
8 9867 2
8 8956 2
8 9771 1
8 9477 2
9 9166 1
9 8593 1
9 9261 1
9 9807 1
54 9442 1
54 9346 2
66 9222 1
66 9458 1
66 9591 2
67 9612 6
67 9266 1
69 8723 2
69 9974 1
69 9895 1
69 8775 1
69 9047 3
69 9391 1
69 9443 1
69 9990 4
76 8637 26
84 9697 1
84 8835 1
84 8989 1
84 9139 1
96 8628 1
96 9354 1
96 9589 1
96 8931 2
101 9885 1
101 9753 2
101 9838 3
104 9079 1
104 9092 1
104 9504 1
104 9827 2
115 8833 1
115 8723 13
115 9449 2
115 9855 1
115 8695 1
115 8753 1
118 9941 1
118 9881 2
118 9993 2
156 9117 1
156 9104 3
156 9740 1
166 8917 1
166 9292 1
166 9045 6
166 9717 1
166 8701 2
166 8750 2
166 8859 1
166 9618 1
172 9285 7
172 8725 1
172 9806 1
184 9362 2
184 9165 1
184 9309 1
184 9177 7
184 9406 1
216 8769 2
216 9874 1
216 8835 34
216 9882 1
222 9768 3
222 8869 2
222 9028 54
222 9713 3
222 8865 1
222 9249 1
237 9263 1
237 8846 1
237 9174 4
256 9367 1
256 9115 3
256 9577 1
266 9832 12
287 9922 31
287 9067 1
288 8777 1
288 9636 1
288 9506 3
293 8667 1
293 9014 2
293 9468 1
293 9787 1
293 8876 3
293 9077 1
293 9141 1
293 9382 1
293 9513 1
317 9721 1
331 8725 1
341 9185 18
341 9408 17
341 8779 1
341 8881 1
348 9002 1
348 9045 2
348 9417 1
348 9601 2
348 9761 3
356 8660 2
356 9758 1
384 9789 2
384 8838 1
384 9073 1
390 8823 6
390 9853 2
395 9726 2
395 9832 1
395 9232 3
395 9411 1
409 8564 1
409 8623 2
410 9975 1
410 8625 1
424 9984 1
433 9613 1
433 9507 1
435 9424 1
435 9689 1
435 9155 13
435 9607 1
438 9305 4
438 9945 4
443 9779 1
443 9583 1
447 9718 1
447 9188 6
447 9428 1
447 9431 1
447 9018 1
447 9567 1
447 9698 6
453 8555 2
453 8722 4
453 9192 1
453 9706 2
470 9773 8
470 9556 3
470 9608 1
473 8839 2
473 8861 1
473 8819 1
473 9965 140
473 9750 11
473 8843 3
473 8685 1
473 9421 1
477 9874 2
477 8852 1
477 8801 1
477 9441 2
487 9462 1
487 9515 1
487 9723 5
508 9533 1
508 8807 2
508 9295 42
508 9647 1
508 9527 1
530 8904 2
530 9648 17
530 9404 1
530 8742 1
530 9794 4
530 9810 1
553 9732 1
553 9888 1
553 9405 1
573 9105 2
573 9305 2
573 8791 1
573 9532 21
573 9765 1
573 8846 3
573 9186 9
573 8639 1
573 9398 1
583 9315 1
583 9110 1
583 9245 1
583 9336 1
596 9518 1
596 9068 3
608 8931 2
610 8802 2
610 8935 4
610 8692 1
654 9477 1
657 8714 1
657 8856 2
657 9493 1
657 9263 3
657 9196 2
657 9372 2
657 9749 1
663 9247 4
663 8645 4
673 8996 1
673 9678 5
684 9874 2
684 9122 1
684 9231 1
684 9521 1
693 9509 1
693 8593 3
693 9027 2
712 9738 1
712 9786 13
732 8807 14
732 9368 1
732 9780 2
749 9198 2
749 9679 1
749 9793 1
769 9574 2
769 9577 1
769 9731 1
771 9457 8
771 9294 1
771 9951 1
771 9545 2
771 8731 1
771 9989 1
772 9575 1
772 9272 1
772 9433 20
772 9462 1
776 9773 1
791 8904 1
791 8582 2
791 8727 1
791 9833 1
803 9696 1
803 8902 1
815 9148 1
815 8627 1
815 9209 1
815 8823 1
904 8990 2
904 9979 1
904 8655 1
904 9411 14
904 8693 57
904 9747 2
933 9598 4
933 9633 7
933 9884 18
933 9631 1
937 9431 2
937 8915 4
937 8849 1
942 8635 1
942 9294 2
942 9577 1
942 8856 16
942 8947 22
942 9751 3
980 9992 1
993 9591 2
993 8859 5
993 9105 1
993 9127 1
993 9491 4
993 9706 5
993 8665 1
993 9199 2
1012 9282 1
1012 9300 1
1012 8783 1
1012 9713 1
1014 8609 3
1014 8719 1
1014 9603 2
1014 9951 2
1017 9262 1
1022 8645 4
1022 9788 3
1022 8761 2
1022 9201 3
1022 8673 1
1022 8669 2
1022 9392 1
1022 9616 1
1025 9084 1
1025 9532 3
1025 8604 6
1033 9731 1
1042 9200 1
1042 9030 8
1064 8918 40
1064 9593 18
1066 9335 1
1066 9172 1
1066 9718 1
1066 9907 1
1077 9826 1
1077 8746 1
1077 9332 2
1089 8767 1
1089 9853 1
1089 9114 1
1089 9852 1
1102 9581 1
1102 9939 2
1117 8828 2
1117 8839 2
1117 9600 1
1118 8958 1
1118 9216 1
1118 8891 1
1118 8944 1
1118 9308 1
1118 9315 23
1129 9648 4
1129 9115 2
1145 9918 7
1145 8714 1
1145 9579 1
1145 8723 1
1145 9120 1
1148 9264 2
1148 9112 1
1148 9798 2
1148 9981 1
1148 9172 3
1172 9548 1
1172 8702 1
1172 9028 3
1173 8773 4
1181 9542 1
1181 8940 1
1183 9834 200
1183 9206 1
1183 9133 1
1183 9383 1
1183 9431 25
1183 9516 1
1186 9325 1
1186 9021 2
1186 9033 47
1192 9059 4
1192 9065 16
1192 9854 6
1194 9274 6
1194 8875 8
1228 8811 2
1228 9713 1
1228 8693 4
1228 9121 1
1231 8978 1
1231 8748 1
1231 9910 2
1231 8963 1
1231 9014 1
1231 9399 1
1238 9185 1
1238 9372 1
1238 8955 14
1238 8704 5
1239 9966 1
1239 9592 6
1239 9355 1
1254 9969 1
1254 9044 15
1254 9459 1
1254 9532 1
1254 8673 1
1279 9800 2
1279 9262 1
1297 8560 1
1297 8674 2
1297 8838 4
1297 8704 1
1297 8628 14
1297 8565 8
1300 9370 1
1300 9562 2
1300 9719 6
1303 9791 5
1303 8763 1
1329 8965 1
1329 8657 1
1329 9281 1
1329 9795 1
1337 8988 2
1337 8852 15
1337 9365 1
1337 9627 4
1337 8887 2
1353 8776 1
1353 8801 1
1353 8697 8
1353 8625 4
1390 8776 1
1390 9477 1
1390 9533 60
1390 9939 1
1390 8777 1
1414 9011 1
1414 9879 7
1414 8579 1
1419 9042 1
1419 9230 3
1419 9788 1
1452 9853 1
1452 8741 7
1452 9450 3
1452 9791 2
1452 9263 1
1452 9309 15
1452 9353 1
1452 9699 2
1462 8839 1
1462 9593 7
1462 8686 2
1462 9139 1
1462 8921 1
1462 9320 4
1467 9211 2
1467 9077 2
1474 8861 1
1474 8992 1
1485 8791 1
1485 8658 1
1485 9022 1
1513 8857 12
1513 9558 15
1527 9964 1
1541 9775 1
1551 8683 8
1551 9300 1
1551 9679 25
1551 9155 1
1551 9450 1
1558 8614 1
1558 9006 1
1558 9225 1
1558 9207 1
1560 8720 1
1560 9039 1
1560 9266 1
1560 9384 1
1571 9151 1
1571 9275 1
1571 9875 4
1571 9620 25
1571 9113 1
1571 9232 1
1571 9510 2
1584 9071 1
1584 9357 1
1584 9435 1
1584 9895 1
1592 9779 1
1592 9818 2
1592 8827 4
1592 9739 2
1632 9412 2
1632 9554 1
1641 9391 1
1641 8983 2
1641 8920 6
1641 9511 2
1641 9686 1
1641 9457 4
1641 9662 1
1641 9477 2
1641 9516 5
1641 9600 1
1641 9607 3
1641 9792 1
1641 9393 1
1641 9564 4
1645 9727 11
1645 8732 1
1645 8925 5
1647 9144 3
1647 9060 20
1647 9914 1
1649 9909 1
1649 9926 1
1649 9170 1
1688 9210 6
1688 9679 1
1688 9833 1
1691 8820 35
1691 9484 7
1691 9318 4
1691 9732 1
1695 9352 1
1695 8554 1
1695 9720 1
1697 9906 1
1697 9587 3
1697 9652 1
1699 9286 1
1699 9078 3
1700 8626 1
1700 9859 1
1700 8843 1
1700 9138 1
1724 8750 4
1724 9950 18
1731 8622 1
1731 9774 2
1731 8802 1
1731 9116 1
1731 9343 1
1731 8604 1
1749 9850 1
1749 9241 1
1752 9737 88
1752 8924 1
1752 8954 1
1752 9561 2
1752 8555 2
1752 9234 1
1752 9364 15
1752 9695 1
1752 9836 1
1776 9047 1
1776 9058 200
1776 9091 1
1776 9317 1
1776 9365 1
1776 8930 1
1778 9853 3
1778 8760 1
1778 8590 11
1783 8923 1
1783 8950 1
1786 9800 4
1786 8931 1
1786 9684 2
1786 9863 1
1814 8931 1
1814 9336 1
1814 9346 1
1814 9343 1
1814 9618 2
1814 9620 1
1814 8688 1
1824 9658 1
1824 9966 1
1824 9423 1
1824 8770 2
1824 9544 200
1836 8583 69
1836 9997 6
1837 8663 24
1837 9842 1
1843 9556 1
1843 8857 1
1843 9096 1
1843 9188 1
1843 9443 1
1845 9161 7
1845 8560 1
1845 8999 1
1845 9994 1
1848 8969 3
1848 9112 2
1848 9327 1
1848 9220 1
1848 9242 1
1854 9636 2
1854 9520 1
1869 9770 1
1869 9043 1
1869 9448 1
1869 9142 1
1869 9460 7
1869 9478 1
1877 9051 1
1877 9218 1
1877 9374 15
1883 8992 8
1883 9138 1
1886 9332 1
1886 9141 1
1886 9695 1
1886 9810 1
1886 9268 1
1886 9826 1
1886 8971 1
1886 9122 1
1886 9684 1
1889 9131 1
1889 8924 1
1894 9728 1
1894 9201 1
1894 9881 1
1913 9496 1
1934 8935 1
1934 9393 1
1934 9405 15
1934 9994 1
1934 8962 1
1946 8903 1
1946 9073 5
1946 8978 2
1946 9889 1
1949 9257 49
1949 9354 1
1950 9243 1
2004 9308 3
2004 8582 1
2004 8887 12
2004 9430 1
2007 9157 14
2007 9336 2
2007 9636 1
2008 9370 1
2008 9430 1
2013 9908 3
2019 9733 1
2019 9930 1
2019 9157 3
2019 9540 1
2019 9070 1
2019 9941 70
2019 9090 5
2019 9972 3
2030 9020 1
2034 9210 2
2034 9429 1
2034 8865 1
2034 9417 1
2040 9849 2
2041 9676 2
2041 9166 1
2041 9994 2
2041 9769 2
2041 8614 1
2041 8860 5
2041 9554 1
2041 9962 1
2044 9033 1
2044 9438 1
2044 9788 1
2044 8896 33
2044 9198 2
2052 8888 3
2052 9770 3
2052 8963 45
2053 8768 2
2053 9416 1
2053 9908 1
2081 9591 1
2081 8974 24
2086 9714 5
2086 9210 4
2097 9557 1
2097 9598 2
2097 9027 1
2097 9418 1
2107 9853 1
2107 9700 13
2107 9315 4
2109 9421 1
2109 9255 2
2109 9745 1
2109 9760 2
2109 8637 2
2109 9226 3
2109 9352 3
2109 9367 25
2111 9806 1
2111 8861 1
2111 9621 1
2124 9362 2
2124 8869 12
2124 9240 1
2134 9598 11
2134 9883 2
2134 8644 1
2135 8606 2
2135 8947 1
2135 9064 1
2135 9468 1
2143 8901 1
2143 9190 5
2143 8691 1
2143 9589 2
2143 9440 1
2143 9274 1
2144 8763 1
2144 9535 1
2144 9714 1
2144 9112 1
2147 9297 1
2147 8789 1
2147 8836 1
2147 9305 1
2147 9607 1
2147 9237 2
2147 8609 1
2147 9661 4
2147 9934 2
2147 8862 2
2147 8908 1
2147 9533 2
2150 9241 2
2150 9866 6
2150 8902 1
2150 9162 3
2150 9254 1
2151 9264 1
2151 8836 10
2151 9146 2
2164 9707 1
2164 9421 1
2165 9922 1
2165 9948 2
2165 9789 1
2182 9020 2
2198 9173 2
2198 8612 3
2198 9185 1
2198 9440 9
2206 9082 3
2206 9049 2
2206 9711 1
2206 9440 1
2218 9629 1
2218 9722 1
2218 9438 1
2218 9399 4
2218 9558 4
2218 9618 2
2218 9665 42
2218 9923 1
2225 9645 2
2225 9746 1
2225 9702 1
2225 9903 2
2225 9670 23
2225 9977 22
2225 8723 1
2225 9429 2
2254 9365 1
2254 9509 1
2254 9930 1
2256 9788 1
2256 9359 9
2256 8715 1
2295 9706 1
2295 9074 2
2295 9430 1
2295 9155 1
2295 9551 1
2298 8714 1
2298 8815 1
2298 9543 2
2325 9100 1
2325 9660 1
2328 9669 25
2328 8583 2
2328 9159 7
2339 9286 1
2339 8559 1
2339 8669 1
2339 9485 1
2339 9574 1
2339 9834 1
2343 8754 1
2343 9569 1
2343 8553 3
2343 8777 1
2343 9552 4
2343 9676 4
2343 8628 2
2343 8718 1
2366 9969 3
2385 9718 1
2385 8852 2
2385 8902 1
2385 9042 1
2385 9300 3
2386 9575 4
2386 9272 1
2418 9396 1
2418 9658 1
2436 9933 1
2436 9308 1
2436 9704 1
2436 9645 1
2436 9851 2
2436 9222 2
2436 8911 1
2437 9695 1
2444 9651 1
2459 8819 1
2469 9523 1
2469 9581 4
2479 9418 1
2479 9930 1
2479 9996 1
2479 8807 48
2479 8994 1
2479 9875 3
2488 9239 3
2488 9294 2
2488 9404 1
2512 8661 1
2512 8906 1
2512 9479 4
2512 9838 1
2512 8789 1
2520 9726 1
2524 9634 1
2524 9998 1
2524 9357 2
2524 8844 1
2524 9589 3
2531 9104 1
2531 9109 2
2541 8923 1
2541 9002 1
2541 9766 1
2541 9947 1
2541 8754 2
2541 8773 2
2541 9130 3
2541 9565 1
2541 9607 1
2549 9211 1
2549 9623 1
2559 9815 1
2559 8793 1
2559 8804 2
2616 8565 1
2616 9758 1
2616 8698 1
2616 9270 1
2616 9347 3
2616 9598 1
2623 8632 1
2623 9334 2
2625 8769 1
2625 9139 1
2625 9999 1
2625 8674 2
2625 8830 2
2625 9003 1
2625 9977 1
2625 8606 2
2625 9388 3
2654 9275 1
2654 8837 3
2654 9077 3
2654 8751 1
2654 9778 1
2654 9823 2
2655 9528 13
2684 9890 1
2713 9354 1
2713 9772 1
2733 9237 4
2733 8694 10
2733 9812 1
2733 8654 1
2733 8820 1
2733 9327 1
2735 9118 4
2735 9202 1
2735 9173 1
2735 9232 1
2735 9273 1
2735 9320 1
2757 9315 1
2757 9685 1
2775 9515 21
2775 9846 1
2775 8958 1
2775 9564 1
2775 9533 1
2775 9255 2
2781 8777 1
2781 8608 1
2781 9842 1
2781 9028 28
2781 9521 3
2781 9554 1
2781 9861 3
2781 9971 1
2791 9485 1
2791 8890 1
2791 9030 1
2791 9388 1
2791 9483 1
2791 9283 7
2792 9288 1
2792 9484 3
2792 9142 1
2801 9439 12
2801 9152 2
2801 8868 1
2801 8626 1
2802 9808 2
2802 8597 3
2802 8691 1
2802 9176 1
2802 9420 2
2806 9810 2
2807 8801 1
2807 8754 2
2807 8842 5
2807 9098 1
2820 9283 2
2820 9612 1
2826 8975 1
2826 9443 3
2826 9045 1
2847 9239 1
2847 9662 2
2847 9890 6
2847 8872 1
2867 9681 1
2867 9788 5
2894 8947 1
2894 9871 1
2894 8936 1
2903 9549 1
2903 9399 1
2903 9926 2
2907 9849 2
2907 9044 30
2924 9645 1
2924 9146 4
2924 9767 1
2924 9734 1
2926 9034 1
2933 8856 1
2933 8837 1
2933 8845 6
2954 9165 1
2954 9926 1
2954 8807 1
2954 9289 1
2966 9275 3
2966 9751 2
2966 9839 3
2971 9727 24
2985 8918 1
2985 9918 1
2985 9837 4
2985 9718 1
2985 8767 1
2985 9224 1
2993 9092 1
2993 8672 4
2993 9903 1
2995 9920 1
2995 8956 200
2995 9702 1
2995 8793 1
2997 9074 3
2997 9883 1
2997 9834 1
2997 8752 1
2998 9141 1
2998 9578 2
2998 9143 3
2998 9885 5
2998 9961 1
3009 8628 1
3009 9403 1
3009 8860 5
3009 8655 3
3009 8688 1
3009 8836 1
3018 8961 1
3018 8764 1
3018 9974 10
3022 9863 1
3022 9521 1
3025 9506 2
3025 8960 1
3025 9647 1
3025 9789 1
3025 9035 1
3025 9201 1
3025 9870 1
3025 8931 1
3025 8558 1
3025 8680 1
3025 9295 2
3025 9717 1
3027 8633 2
3027 9041 1
3032 9186 1
3032 9697 1
3035 9249 40
3035 9421 1
3035 9580 1
3039 8825 3
3039 9054 1
3039 8695 4
3039 9110 2
3039 9796 4
3043 9608 3
3043 8604 1
3043 8660 1
3059 9827 1
3059 9002 1
3059 9049 1
3059 8908 2
3059 9436 1
3062 9183 1
3062 9122 1
3062 9618 2
3062 8653 1
3062 8897 2
3062 9908 2
3072 9540 1
3072 8583 1
3072 8794 1
3072 9989 2
3072 9636 3
3086 9427 2
3086 9933 1
3086 9683 2
3086 9752 1
3086 8743 4
3086 9257 34
3086 9674 1
3086 9766 2
3086 9327 2
3086 9439 3
3086 9566 1
3086 9874 6
3114 8872 1
3114 9423 1
3116 9698 9
3116 9748 52
3116 9015 7
3116 8720 1
3116 9286 1
3116 9996 1
3117 8629 1
3126 9269 2
3126 9196 1
3131 8580 1
3136 9296 1
3136 8767 1
3161 8737 2
3173 9958 2
3173 9857 1
3177 9525 1
3177 9976 1
3177 8673 1
3177 9572 1
3177 9152 1
3195 9691 11
3202 9200 9
3222 8602 1
3222 8560 1
3247 8579 2
3247 9134 1
3247 9165 1
3247 9542 10
3247 9867 1
3295 9971 1
3295 8627 1
3303 8903 1
3303 9116 1
3306 9996 1
3306 9123 1
3306 9581 1
3306 9338 2
3317 9883 4
3317 9406 4
3317 9725 1
3326 9208 2
3326 9399 1
3326 9258 1
3343 9586 1
3343 9249 1
3343 8744 1
3343 8738 4
3358 9392 1
3359 9753 1
3359 9692 1
3360 9877 1
3360 8977 2
3360 9910 4
3360 8939 1
3360 9551 1
3360 9915 1
3360 8744 1
3367 9208 76
3367 9689 1
3390 9620 2
3390 9916 5
3390 8881 2
3390 9542 1
3390 8706 1
3391 8887 1
3391 9320 1
3391 9842 1
3391 8897 5
3391 9859 1
3391 8671 20
3391 9455 1
3392 9198 1
3398 8813 13
3398 9370 1
3398 9464 1
3398 9222 1
3398 9055 1
3398 8680 1
3398 9579 1
3398 9593 2
3398 9845 2
3398 9924 21
3399 9660 2
3399 9718 1
3407 9807 1
3407 9043 1
3407 8634 2
3410 8938 2
3420 9199 1
3420 9412 4
3439 9545 1
3439 9483 1
3439 8849 1
3439 8597 2
3439 8983 2
3439 8684 2
3439 8971 2
3439 9101 1
3439 9258 1
3443 8618 3
3443 9358 1
3443 9844 3
3444 8969 2
3448 9907 1
3448 9469 1
3457 8654 1
3457 8618 1
3457 8748 1
3457 9620 1
3482 9588 1
3482 9234 3
3482 9609 3
3482 9284 13
3482 9858 1
3486 9525 2
3486 9862 1
3486 9677 1
3486 9728 9
3495 9661 1
3495 8634 2
3495 8877 1
3495 8938 2
3497 9157 1
3499 9106 1
3499 9605 4
3505 9999 1
3505 8685 1
3505 9367 1
3505 8896 1
3519 9626 1
3519 8622 1
3519 9460 1
3522 9383 2
3522 9510 1
3522 9686 1
3522 8654 6
3522 9773 2
3525 9015 1
3525 9652 3
3527 9241 2
3527 8700 1
3527 9899 2
3527 9938 1
3535 9052 6
3535 9791 1
3535 9310 1
3536 9470 1
3536 9569 1
3536 9617 1
3536 9763 1
3536 9954 1
3543 8699 4
3543 8905 2
3543 8727 1
3543 9485 1
3543 9816 1
3549 9380 1
3549 9846 7
3574 8988 2
3574 9557 1
3574 9855 1
3574 8686 1
3574 9156 4
3574 9947 2
3582 8555 1
3582 9053 1
3582 9536 14
3587 8692 1
3587 9362 1
3587 9408 2
3591 8813 8
3591 8661 1
3591 9483 5
3591 9662 1
3591 8857 1
3591 9736 1
3591 9918 1
3595 8983 1
3595 9382 1
3595 8626 1
3595 8978 1
3595 8602 1
3595 9818 3
3599 9683 1
3599 9815 1
3599 9869 6
3604 9768 2
3617 8941 1
3627 9860 1
3627 9804 1
3630 8868 1
3630 9859 1
3656 9806 1
3657 8905 1
3657 9243 5
3657 8861 1
3657 8906 3
3680 9248 4
3686 9059 1
3686 9051 1
3692 9656 1
3692 8621 3
3692 9574 1
3692 9427 1
3692 8955 1
3692 9865 15
3692 9692 3
3696 9186 1
3696 8639 1
3696 8653 3
3696 9231 1
3696 9570 1
3696 9693 1
3702 9720 1
3702 9513 1
3702 9668 1
3702 8802 3
3702 9215 56
3706 9128 9
3706 8804 1
3706 9265 1
3706 9811 6
3725 9849 2
3725 8921 1
3725 9020 2
3725 9356 3
3725 9466 1
3730 9396 45
3730 9059 1
3730 9139 1
3730 8808 1
3730 9771 1
3733 8831 1
3742 9815 1
3742 9024 1
3742 9812 1
3746 9460 4
3746 9308 1
3772 9898 8
3787 9623 1
3787 9859 2
3787 9251 3
3795 9030 1
3795 9301 1
3795 9028 1
3795 8936 2
3795 9211 2
3801 8787 1
3801 9034 1
3801 9396 1
3801 9756 1
3844 9235 2
3844 9375 1
3844 9599 1
3850 8852 1
3850 9269 1
3850 8761 1
3850 9275 1
3850 8918 2
3905 8670 1
3905 9272 1
3905 8927 19
3905 9482 1
3913 8746 2
3913 9409 1
3913 9562 1
3913 8667 2
3942 9152 2
3942 9151 3
3942 9270 1
3942 9281 2
3942 8945 14
3963 9509 1
3963 8684 1
3963 8801 3
3963 9916 1
3987 9880 11
4010 9969 4
4010 9470 10
4027 9237 6
4030 9251 2
4047 9765 1
4047 8694 1
4047 9625 4
4047 9655 1
4051 9304 2
4068 9159 1
4068 9421 1
4068 9189 1
4085 9647 10
4085 9941 1
4085 9266 2
4085 9313 1
4085 9364 1
4085 9638 1
4106 9904 2
4106 9346 1
4106 9608 1
4106 9759 1
4106 8712 1
4106 9793 3
4110 8636 1
4110 8874 2
4110 9406 1
4110 9313 8
4110 9933 1
4110 9242 1
4110 9468 1
4110 9484 1
4110 9526 4
4110 9711 4
4116 8843 1
4116 9820 1
4116 9494 1
4116 9027 2
4116 9693 1
4123 9012 3
4123 9450 3
4123 9359 6
4123 9362 1
4123 9347 1
4123 9858 3
4123 9361 1
4145 9487 2
4145 9148 31
4151 8918 1
4151 8594 1
4151 9324 1
4151 8670 1
4154 9021 6
4154 9334 2
4176 8881 1
4176 8783 2
4181 8725 1
4181 8941 1
4181 8629 1
4181 8789 1
4192 9428 1
4192 9695 1
4194 8653 1
4194 9922 7
4199 9220 1
4201 8860 1
4203 8911 1
4223 9224 2
4223 8916 1
4223 8917 1
4223 8802 2
4223 9200 1
4232 9071 2
4232 8975 2
4232 9420 1
4232 9493 2
4266 9312 9
4266 9219 1
4278 9104 6
4284 8632 1
4284 9452 5
4284 9497 6
4284 9904 1
4284 9113 6
4289 9990 2
4289 9923 1
4289 8580 1
4289 9027 1
4290 9812 5
4290 8781 2
4290 9033 1
4290 9544 1
4290 9621 4
4290 9438 1
4290 9059 1
4307 9096 1
4307 9998 3
4307 9957 1
4333 9554 1
4333 9633 1
4333 8847 3
4333 8975 3
4333 9083 2
4340 9133 1
4340 9014 121
4340 9060 4
4354 9075 1
4354 9556 2
4354 8666 6
4354 9347 1
4354 9695 1
4354 9636 1
4354 8663 2
4354 9526 1
4354 9563 1
4354 9940 3
4379 9815 1
4379 9980 3
4379 9326 2
4391 8709 1
4391 8876 1
4391 9411 4
4391 9575 1
4391 9011 2
4391 9225 10
4391 9658 3
4391 8955 1
4391 9134 1
4393 9948 2
4393 8972 4
4393 8835 2
4393 9161 1
4393 9418 1
4393 9466 1
4393 9776 1
4393 9123 1
4404 8777 1
4404 9681 1
4404 9874 1
4404 8632 1
4404 9205 6
4404 9357 1
4409 9245 1
4409 9131 5
4409 9979 3
4414 9815 3
4414 9435 1
4417 9326 1
4417 9504 3
4417 9011 1
4437 9403 1
4440 9053 17
4440 9681 2
4440 8664 1
4440 8988 1
4441 9857 1
4441 9243 1
4441 9084 1
4441 9731 1
4441 9792 1
4441 9862 1
4442 9780 1
4442 8559 1
4442 8869 2
4442 9308 2
4442 9410 1
4448 8638 3
4448 9457 2
4448 9775 3
4448 9305 3
4448 9948 1
4469 9006 1
4469 8786 2
4469 9305 1
4475 9111 8
4475 9372 1
4475 9065 1
4475 9862 1
4475 9053 2
4475 9497 1
4476 9303 1
4476 9272 1
4476 9827 2
4476 9556 7
4476 9679 1
4479 8872 4
4479 9240 1
4479 9516 6
4479 9850 1
4479 9880 1
4486 8748 6
4486 9128 4
4486 9632 1
4506 8871 2
4506 8671 4
4506 8776 13
4509 8566 2
4509 9017 3
4509 9306 16
4509 8629 1
4529 8940 1
4529 8683 1
4539 9203 1
4539 9189 1
4539 9248 1
4543 9651 1
4543 9756 3
4543 9836 1
4543 9950 64
4543 9368 1
4568 8712 1
4568 9263 4
4568 9218 1
4582 8691 2
4582 9629 1
4583 9984 1
4583 9121 1
4583 8983 1
4588 8803 1
4588 9779 2
4588 9999 2
4640 8637 1
4640 9787 1
4640 9997 3
4640 9027 1
4640 9064 2
4640 9741 1
4640 8660 1
4640 8947 15
4640 9307 34
4640 9325 1
4640 9579 1
4642 9513 2
4642 9087 3
4645 9506 1
4645 8618 3
4645 9937 1
4645 8653 1
4648 9875 1
4648 9512 200
4648 8788 2
4648 9411 1
4648 8811 1
4672 8819 3
4672 9802 2
4677 9772 11
4700 9062 1
4701 9159 200
4701 9409 5
4701 9039 2
4701 9946 1
4701 8694 4
4701 9184 1
4709 9234 1
4709 8842 9
4709 9409 1
4709 9105 2
4726 9409 1
4726 9428 1
4731 9903 1
4731 9286 1
4731 9940 1
4731 9008 8
4731 9754 1
4739 9749 1
4739 9821 1
4751 9448 1
4751 9457 34
4751 9916 1
4751 9335 9
4751 8794 1
4751 9532 4
4752 9823 4
4752 9708 1
4752 9045 1
4752 9010 3
4756 9664 1
4756 8925 4
4756 9057 1
4756 9933 2
4760 9156 1
4760 9996 1
4760 9118 1
4760 9241 1
4766 8612 9
4766 8810 12
4767 9836 2
4767 8881 4
4775 8694 1
4775 9202 18
4775 9924 2
4775 8844 1
4775 8825 1
4775 9137 1
4775 9367 1
4775 9441 1
4775 9306 3
4775 9552 1
4786 9125 1
4786 9631 1
4786 8822 107
4786 9207 1
4786 9887 1
4786 9790 1
4791 9354 4
4791 9588 1
4795 9862 1
4795 9403 1
4795 9586 2
4808 8960 1
4808 8999 1
4808 9466 1
4808 9379 1
4808 8663 1
4808 8955 1
4808 9524 1
4808 9750 1
4813 9281 1
4813 8872 1
4813 9538 2
4813 9853 1
4821 8673 1
4824 9455 1
4824 9961 2
4824 8709 1
4824 9210 1
4826 9803 1
4826 9425 3
4826 9950 1
4827 8606 1
4827 9346 2
4837 9215 15
4837 9264 1
4837 9369 1
4837 8997 1
4837 9431 2
4837 9043 5
4837 9679 1
4837 9833 1
4837 8749 1
4837 8873 2
4837 9928 8
4843 9010 4
4843 8828 1
4843 8640 1
4843 8940 1
4843 9054 1
4843 9885 1
4843 8935 4
4843 9708 3
4855 9198 1
4855 8876 1
4855 9469 1
4862 9827 1
4862 9686 1
4862 9946 1
4886 9054 1
4886 9771 2
4886 8988 4
4886 9619 1
4886 9958 1
4908 8557 1
4908 9727 3
4908 9003 1
4908 9859 5
4913 9608 1
4913 8801 1
4913 9464 1
4913 9802 3
4924 9734 2
4935 8781 7
4935 8777 29
4935 9941 2
4935 8945 1
4935 9133 1
4935 9674 2
4935 9910 14
4940 8869 1
4940 9112 1
4940 9185 2
4940 9114 1
4940 9165 1
4940 9287 35
4940 9890 1
4947 9127 1
4947 9208 3
4947 9160 1
4947 9774 1
4968 9273 4
4968 8751 1
4968 8770 1
4968 9320 1
4969 9736 1
4980 8825 8
4980 9123 1
4980 9667 2
4980 9778 1
4995 9621 1
4995 9469 1
4995 8955 3
4995 9579 1
4995 8606 17
4995 8689 1
4995 8965 2
4995 9201 1
5001 9807 2
5001 9438 4
5026 9332 1
5026 9208 2
5026 9822 1
5034 8932 3
5034 9899 1
5034 8722 1
5034 9035 3
5046 9835 2
5052 9507 2
5052 9711 1
5052 9596 4
5052 9403 1
5052 9469 199
5054 9263 1
5054 8562 1
5056 8634 1
5056 9047 1
5056 9007 1
5056 9487 2
5056 9370 2
5056 9738 1
5060 9455 6
5060 8854 2
5060 9264 1
5066 9021 2
5070 9774 1
5070 9202 2
5078 9120 3
5078 9977 1
5078 9302 1
5078 9375 1
5078 8567 1
5078 9093 4
5088 8862 1
5088 9148 1
5088 9419 1
5088 8865 1
5088 9235 2
5088 9359 14
5088 9748 2
5091 8798 1
5107 8958 1
5107 9122 11
5107 8641 1
5107 9103 1
5107 9787 2
5107 9580 4
5120 8773 1
5120 9837 1
5128 9057 1
5158 8924 1
5158 9230 1
5169 9910 1
5169 9439 1
5169 9760 1
5169 8688 3
5169 9261 1
5169 9332 1
5169 9781 1
5194 9118 1
5194 9563 1
5194 8701 2
5197 9748 2
5197 8699 1
5197 9186 10
5206 8686 1
5206 9857 1
5206 8828 1
5206 9852 6
5206 9204 1
5206 9511 1
5206 9553 1
5240 8715 2
5255 8950 1
5255 9125 1
5255 8892 1
5255 9160 1
5255 9534 1
5255 9725 2
5255 9789 1
5262 9098 1
5262 9771 1
5262 9882 1
5262 8560 1
5262 9865 2
5272 9687 1
5279 9203 2
5279 9520 1
5297 8667 1
5297 8825 44
5297 9308 5
5297 9627 2
5314 9306 2
5314 9467 1
5314 9575 1
5314 9727 1
5314 9176 116
5314 9098 3
5326 8969 1
5326 9263 1
5326 9875 1
5326 8897 1
5326 9058 1
5345 9393 1
5345 9661 1
5345 9666 1
5351 9155 1
5356 9687 52
5356 9788 1
5356 8621 1
5356 9177 3
5356 8554 12
5356 8625 1
5356 9615 2
5356 9866 4
5379 9379 1
5379 9066 2
5400 9074 3
5400 9071 1
5418 9574 1
5418 8860 1
5432 9454 3
5432 9807 2
5432 9292 1
5432 8722 1
5432 9052 1
5432 9756 1
5432 9204 1
5432 9410 1
5445 9167 1
5445 9439 5
5445 9802 1
5445 9868 1
5445 9043 4
5445 9734 1
5445 9228 1
5453 9467 4
5453 9324 1
5453 9979 1
5454 9887 2
5454 9518 1
5454 9427 1
5467 9204 2
5467 8963 2
5467 9217 6
5467 9876 1
5467 9205 3
5467 8553 1
5467 9062 1
5482 9247 1
5482 8995 1
5482 8828 5
5483 9766 2
5483 8977 1
5483 9273 10
5483 9818 2
5483 8944 1
5499 9282 1
5499 9993 1
5499 9304 1
5499 9511 1
5499 9632 1
5509 9571 1
5509 9484 4
5509 9207 1
5509 9527 1
5509 8642 5
5523 9355 1
5523 8661 1
5523 9119 1
5524 9661 62
5524 8709 3
5524 8939 1
5524 9090 2
5524 9534 1
5529 8683 2
5529 9207 1
5529 9761 1
5529 8831 1
5529 8890 1
5529 9656 1
5529 8590 2
5529 8648 1
5529 9029 31
5529 9269 38
5529 8641 5
5529 9508 1
5535 8823 3
5535 9461 1
5535 8553 4
5540 9356 3
5551 9240 1
5551 9478 200
5557 9671 1
5557 8651 22
5557 8841 1
5568 8614 1
5568 8749 1
5587 8575 1
5587 9669 3
5587 9709 2
5607 9526 1
5607 9951 1
5607 9634 1
5618 9625 1
5623 9677 1
5638 9120 1
5638 9255 2
5638 9712 1
5638 9769 1
5646 9104 8
5658 9157 1
5666 9066 1
5666 8939 1
5691 9124 2
5691 9121 1
5691 9913 2
5694 9130 1
5694 8667 1
5694 9161 1
5694 9425 2
5694 9876 1
5718 8666 2
5718 9926 1
5729 9945 1
5729 8665 1
5729 9166 1
5730 9530 6
5732 9791 5
5745 9670 1
5745 9853 1
5745 8908 1
5745 9200 6
5745 9435 91
5750 9068 2
5750 9012 1
5751 9248 1
5751 9384 2
5751 9982 1
5751 9564 1
5751 9433 1
5751 9528 2
5760 9110 1
5760 8920 1
5760 9351 3
5775 9401 1
5775 9318 2
5775 9655 7
5775 9909 6
5807 9734 3
5807 9916 1
5807 9664 1
5820 9412 1
5820 9436 12
5820 8638 1
5820 9268 1
5848 9269 1
5848 9081 1
5852 9763 1
5852 9627 1
5852 9054 1
5852 9118 1
5852 9439 2
5852 8698 1
5852 9747 1
5853 8980 200
5853 8608 1
5853 9530 1
5853 9937 1
5871 9753 1
5871 8557 4
5871 9528 2
5883 9245 7
5883 9268 1
5883 9553 1
5883 9726 1
5883 9739 1
5889 9158 1
5889 9301 1
5895 8559 1
5895 9286 3
5895 8563 1
5895 8634 2
5895 9017 1
5895 8997 2
5895 9355 1
5895 9660 1
5895 9992 1
5900 8945 1
5900 9973 1
5900 9410 3
5912 9833 2
5912 9752 1
5912 9759 37
5914 9542 1
5914 9188 6
5914 9476 1
5914 8714 12
5914 9857 2
5914 8764 1
5931 9020 1
5945 8564 1
5945 8738 1
5945 9665 2
5947 9573 1
5947 9898 5
5965 8623 2
5965 9748 1
5995 9186 3
5995 8815 1
5995 9305 1
5995 8702 1
6008 9082 1
6008 9210 1
6008 9226 20
6008 9865 1
6015 9017 1
6015 9946 1
6015 9563 3
6038 9767 6
6038 9294 5
6044 8842 1
6044 8830 1
6044 8621 15
6044 9897 1
6059 9372 1
6059 9621 1
6088 9551 2
6088 8763 1
6088 9079 11
6088 9269 6
6096 9878 26
6096 9946 1
6096 9937 1
6096 8894 2
6096 9667 1
6096 8737 1
6100 8906 2
6133 8571 1
6133 9483 3
6133 8666 1
6149 8924 18
6149 8950 3
6149 9563 3
6152 8769 1
6152 8854 1
6152 9575 2
6165 8847 1
6165 9432 1
6165 8692 1
6165 9427 1
6165 9506 2
6176 8896 1
6176 8580 1
6190 9823 1
6190 8803 1
6190 9503 1
6192 8632 1
6192 9329 1
6192 9251 1
6192 9254 1
6192 9159 1
6192 9976 8
6193 8748 1
6207 8781 4
6207 8719 1
6207 9255 3
6207 9449 1
6207 9780 1
6207 9151 1
6207 9169 1
6208 9338 5
6209 9445 1
6209 8871 1
6209 8635 2
6210 9621 2
6210 9945 1
6210 9452 1
6210 9172 6
6210 9062 1
6240 8553 1
6240 9882 7
6240 9215 1
6240 9338 2
6240 9975 1
6243 8710 1
6243 9645 2
6249 9296 1
6249 9070 3
6256 8924 1
6256 9006 1
6256 8960 1
6256 9700 1
6256 9302 1
6256 9975 1
6274 9545 1
6274 9528 2
6286 8683 200
6286 9844 2
6286 8769 17
6286 9903 1
6286 8745 1
6286 9879 2
6318 8590 1
6318 8846 1
6318 8974 190
6318 9423 1
6330 9731 1
6330 8801 1
6330 9326 1
6330 8804 1
6330 8627 1
6330 9898 1
6330 9933 3
6330 9973 5
6330 8618 3
6330 9079 4
6330 9461 1
6392 8674 1
6392 8762 2
6392 8819 1
6392 8932 3
6401 9440 2
6410 9774 16
6410 8833 1
6410 9839 1
6426 8783 9
6426 8930 1
6443 9852 10
6443 9867 1
6443 9001 1
6467 9482 2
6467 9671 4
6467 8891 11
6467 9941 1
6468 9021 1
6468 9494 3
6468 9971 1
6468 8554 11
6468 9157 1
6474 9251 1
6475 9303 2
6475 9672 2
6506 9722 1
6512 8958 129
6512 9981 1
6512 8877 1
6512 9049 10
6512 9128 3
6512 9512 1
6512 9545 1
6518 9671 2
6518 8871 1
6528 9058 8
6528 8988 1
6528 8803 3
6528 9289 1
6528 9565 2
6528 9265 5
6530 8905 18
6541 8745 1
6541 9169 9
6541 9361 1
6541 9868 1
6541 9974 2
6552 9073 1
6552 8915 3
6552 9832 4
6564 9081 48
6564 9726 31
6566 9523 1
6566 9947 4
6566 8628 4
6566 9024 1
6566 9765 1
6577 9189 26
6586 8715 1
6586 9342 1
6586 9820 1
6590 9379 1
6590 9531 1
6590 8770 1
6590 9600 2
6590 8554 200
6590 9002 1
6590 9826 1
6598 9800 2
6598 9772 1
6604 8971 1
6604 8670 1
6604 9325 1
6604 9789 1
6604 8603 5
6604 9870 1
6614 9794 1
6614 8719 3
6614 8777 1
6618 8874 3
6618 9990 2
6624 9214 2
6624 8567 1
6629 9262 56
6629 9464 5
6629 9878 1
6629 9091 2
6629 9452 4
6629 9668 1
6632 9346 151
6632 9729 34
6648 8972 1
6654 8992 2
6654 8604 6
6654 9602 1
6654 8920 1
6654 9538 1
6657 8872 2
6657 8962 1
6657 9034 1
6657 9613 1
6657 9565 1
6657 9671 1
6657 9239 3
6671 9215 1
6671 9103 4
6671 9656 2
6681 8558 1
6681 9010 6
6681 9578 1
6691 9087 11
6691 8842 3
6691 9670 6
6691 9851 1
6709 9412 7
6709 9216 1
6711 8924 1
6711 9252 1
6711 8860 1
6711 8706 2
6711 9158 1
6711 9981 1
6718 9926 1
6718 8786 1
6718 9200 1
6718 9964 1
6727 9112 1
6727 8727 1
6735 9974 4
6735 9038 3
6735 9267 2
6735 9796 4
6735 9574 1
6735 9704 1
6735 8811 1
6735 8839 2
6735 9029 1
6751 8796 4
6754 8746 5
6774 9665 1
6786 8989 2
6786 8822 9
6798 9622 1
6798 9457 2
6800 9612 1
6806 9325 1
6806 9945 1
6812 9427 1
6812 9785 1
6812 9382 6
6815 9609 1
6815 8856 1
6815 8901 1
6815 9127 2
6824 8612 18
6824 9154 1
6824 8562 1
6824 8609 1
6824 8958 1
6824 9369 11
6831 9587 1
6831 9671 1
6831 8994 1
6831 9315 1
6831 8954 1
6831 8961 1
6834 9993 1
6834 8776 1
6836 9625 4
6836 9849 6
6864 9787 2
6864 9531 7
6864 8787 1
6869 8798 1
6869 9392 1
6869 9655 3
6869 8719 3
6869 9596 1
6877 9990 1
6877 8980 1
6877 9945 1
6877 8648 4
6884 8695 1
6884 9965 2
6884 9062 1
6884 9313 2
6884 9015 4
6884 8583 1
6884 8652 1
6884 8827 1
6884 8874 1
6884 9152 29
6886 9113 1
6886 9288 1
6886 8927 42
6887 9199 4
6887 9424 1
6889 9169 2
6889 8983 1
6889 9674 4
6899 8896 1
6899 8990 3
6899 9588 1
6899 9973 1
6899 9424 1
6899 9971 1
6914 8641 1
6914 8689 4
6914 9146 2
6958 8997 1
6958 9295 1
6958 8769 1
6958 9289 1
6958 9766 1
6958 9849 1
6962 9498 1
6962 8939 33
6962 8650 7
6962 9052 1
6989 8959 1
6989 8964 2
7011 9836 2
7011 9804 1
7021 9252 1
7021 8875 1
7021 9745 1
7029 9494 1
7029 9548 1
7067 8639 1
7067 9006 1
7067 9491 1
7076 9558 12
7076 8820 1
7076 9183 2
7076 8686 1
7076 9588 1
7076 9114 3
7076 9811 14
7079 9976 1
7079 9669 4
7079 8629 1
7079 8571 1
7079 9445 1
7079 9303 1
7079 9860 1
7082 9247 1
7082 9285 1
7082 9980 1
7090 8961 2
7090 9619 1
7090 9846 1
7090 9564 1
7090 9587 1
7090 9398 3
7090 9232 2
7090 9343 5
7107 8994 3
7107 9444 1
7107 9940 1
7107 8996 1
7123 8694 1
7131 8712 1
7131 8796 1
7133 9390 1
7133 9582 1
7133 8741 1
7133 9596 1
7133 9947 1
7133 8779 1
7133 9435 1
7133 9479 1
7133 9227 1
7133 9099 1
7133 9183 1
7159 9588 1
7159 8786 1
7166 8908 20
7166 9512 1
7166 9708 1
7166 9006 2
7166 9645 9
7174 8772 1
7174 8781 3
7181 9520 1
7181 8798 1
7195 9493 1
7195 9941 2
7195 8922 1
7195 9721 1
7201 8963 1
7201 9958 1
7201 9156 2
7201 9883 1
7215 9990 1
7215 9154 1
7215 8710 2
7215 9227 1
7227 9427 2
7227 9982 1
7238 9503 1
7238 8999 1
7238 9720 1
7238 9247 1
7238 9284 1
7238 9459 1
7238 9464 2
7240 9101 1
7240 8791 2
7240 8768 1
7240 8780 1
7274 8887 2
7274 9083 1
7274 8907 1
7274 8990 1
7274 9220 1
7274 9181 1
7296 8725 15
7296 8974 1
7296 9049 1
7296 9303 1
7296 9083 1
7296 9398 1
7296 9222 1
7296 8750 1
7319 9607 1
7319 9536 1
7319 8642 1
7319 9731 4
7323 9010 2
7323 9339 5
7323 9542 2
7323 9750 1
7323 9217 5
7344 9718 5
7344 8655 1
7344 9737 2
7362 9493 1
7362 9035 1
7362 8640 1
7362 9002 2
7363 9104 1
7363 9600 2
7363 8813 1
7363 9677 1
7363 9516 1
7363 9302 1
7363 9895 5
7363 9467 1
7383 9066 4
7383 9634 3
7396 8640 1
7396 9174 7
7396 8655 1
7408 8846 1
7408 8891 1
7409 8770 12
7409 8686 9
7482 8626 3
7482 8841 1
7482 8819 1
7482 9240 2
7482 9752 8
7494 9638 2
7494 8977 1
7496 9123 2
7496 9289 10
7496 9549 1
7496 9929 1
7510 8969 1
7510 8854 1
7510 9258 2
7510 9914 3
7510 8861 1
7510 9851 1
7510 8685 1
7528 8637 1
7528 9520 1
7528 9020 5
7528 8923 9
7528 9060 1
7543 8604 3
7543 9550 2
7543 9974 19
7543 9923 200
7543 8917 1
7543 9733 1
7543 9775 1
7556 9770 6
7557 8946 5
7559 8897 1
7559 9155 1
7559 9572 23
7559 9820 13
7581 9030 1
7581 8571 8
7581 8731 2
7596 9614 2
7596 8776 1
7596 9981 2
7596 8901 1
7596 9001 1
7596 9767 1
7667 9544 7
7667 9216 9
7667 9808 1
7670 9876 1
7670 8794 2
7670 9128 2
7670 9627 1
7670 9746 1
7675 8741 3
7681 9380 1
7681 8904 1
7681 8972 1
7681 9602 5
7687 9536 1
7687 9822 1
7731 9823 1
7731 9790 1
7731 9877 12
7748 9937 1
7748 9752 5
7748 9834 159
7748 8571 1
7748 8578 4
7758 9929 1
7786 9926 7
7786 9482 1
7796 9667 1
7796 8825 2
7796 9959 1
7810 9655 3
7810 9192 7
7813 8594 1
7813 9012 8
7813 9254 1
7813 9904 2
7825 8833 1
7825 9536 2
7833 9399 1
7833 8566 1
7840 9713 7
7840 8994 1
7840 9296 1
7840 9868 1
7856 8695 1
7856 9685 1
7859 9051 1
7859 9342 1
7881 8693 1
7881 9674 1
7881 9124 3
7881 9719 1
7894 9435 2
7894 8639 1
7894 9015 28
7894 8804 1
7894 9509 3
7894 9616 7
7894 9173 1
7918 8568 1
7918 8575 1
7918 9258 2
7918 9265 1
7918 9714 1
7922 8876 1
7922 8562 1
7922 9067 197
7922 9416 1
7922 9786 3
7930 9240 12
7930 9810 1
7930 9446 1
7942 9081 1
7942 9769 1
7942 9111 9
7942 9683 3
7950 8867 2
7950 9347 2
7950 9158 5
7954 9189 42
7954 9810 1
7954 9042 1
7954 9149 1
7955 8804 1
7955 9534 5
7955 9899 1
7955 8680 3
7955 9285 1
7955 9024 1
7955 9913 1
7955 8653 4
7955 9844 4
7963 9707 1
7963 9523 1
7977 9461 1
7977 9228 2
7977 8976 4
7977 9923 8
7999 8955 1
7999 9667 2
7999 8763 2
7999 9958 14
7999 9047 1
8002 8862 1
8002 8916 1
8002 9863 2
8007 9420 1
8007 9544 1
8007 9648 3
8007 8714 1
8007 8741 5
8008 9404 2
8008 9979 2
8008 9463 1
8013 9700 1
8015 9098 1
8015 9111 1
8015 9741 5
8015 9898 1
8017 9722 2
8017 8831 1
8017 9324 1
8018 9007 1
8018 8881 2
8018 8568 3
8018 9638 1
8018 9391 61
8018 9561 1
8024 9228 2
8024 9972 1
8024 9939 3
8036 9521 1
8036 9918 1
8036 8608 1
8037 9458 1
8037 8744 1
8037 9354 1
8037 9169 1
8037 8693 1
8037 9124 1
8046 8752 1
8065 8831 1
8065 9958 2
8065 9041 4
8065 9699 1
8065 9125 1
8093 9609 1
8093 8780 2
8093 8874 2
8093 9375 2
8096 9212 25
8096 9660 2
8096 9768 1
8096 9869 1
8096 9448 3
8096 9520 1
8106 8697 1
8106 9288 1
8106 9698 1
8118 8621 1
8119 9114 1
8119 9879 1
8119 9212 1
8119 9329 64
8119 9624 1
8122 9118 2
8122 9177 2
8122 9287 1
8122 9535 25
8122 9626 1
8140 9214 1
8157 9317 1
8157 9709 1
8157 8867 1
8157 9988 2
8157 8860 1
8191 8672 1
8191 9866 3
8191 8767 1
8191 8941 3
8198 8932 1
8230 9947 1
8237 8815 1
8237 9750 7
8237 9737 2
8243 9479 5
8243 9393 30
8243 9101 2
8243 9704 1
8244 9289 4
8244 9485 1
8248 8560 1
8248 9273 2
8251 8750 26
8251 9504 2
8251 9763 34
8255 8553 1
8255 8571 3
8255 9971 6
8261 9852 1
8261 9087 1
8262 9498 1
8262 9207 5
8262 8872 1
8262 9599 3
8270 9123 1
8270 8795 2
8270 8597 2
8270 9128 1
8270 9352 1
8294 9719 1
8294 9245 3
8300 9867 1
8300 9648 1
8309 8931 1
8309 9592 1
8330 9581 3
8344 9647 1
8344 9287 29
8344 8890 2
8391 9780 5
8391 9174 2
8391 9972 1
8391 9861 2
8391 9928 3
8391 9549 1
8391 9721 39
8392 8938 5
8392 9339 2
8404 8849 1
8404 9167 2
8423 9534 1
8423 9137 1
8427 9926 4
8427 8964 1
8442 9148 1
8442 9871 1
8442 9907 1
8442 8773 1
8442 9396 1
8442 9030 1
8442 9570 1
8457 9725 1
8457 9707 1
8458 9306 3
8458 9780 1
8458 8651 1
8458 9535 1
8458 9857 2
8458 9007 1
8458 9449 3
8461 9209 1
8474 9288 1
8474 9085 1
8495 9928 2
8495 8720 1
8495 8597 1
8495 8627 1
8495 9567 3
8495 9243 2
8495 9525 1
8507 8719 8
8507 9476 1
8507 8707 1
8511 8780 1
8511 9920 1
8513 9183 2
8513 8888 1
8513 9252 1
8523 8651 1
8523 9173 1
8523 9886 2
8528 9122 1
8528 9739 1
8528 9634 200
8528 9672 2
8546 9753 1
8546 9845 3
8549 9750 1
8549 9220 1
8549 9491 3
8549 9103 1
8549 9477 4
8549 8923 1
8549 9154 1
8549 9288 1
8550 9313 2
8550 9745 2
8550 8644 1
8550 8738 1
8550 9285 5
8550 8712 1
8555 8735 1
8556 9881 8
8556 9672 1
8556 8643 1
8556 9882 3
8557 9471 2
8557 8895 6
8559 8951 2
8560 8766 4
8561 8872 1
8561 9719 1
8561 9117 1
8561 9525 10
8561 8622 2
8563 8774 1
8563 8584 1
8563 9643 1
8564 8713 1
8565 8928 2
8566 8581 3
8566 8928 1
8567 8884 2
8568 8910 1
8569 8950 3
8569 9612 1
8569 9294 1
8569 9498 1
8569 9603 116
8570 8930 200
8570 9858 2
8570 8776 1
8570 9292 11
8572 9568 1
8572 8762 4
8573 9055 10
8573 8650 1
8573 9091 1
8573 8779 1
8573 9466 2
8574 9740 1
8574 8944 1
8574 9115 1
8574 8651 5
8574 8695 6
8574 8959 11
8575 8784 1
8576 8795 1
8576 8650 1
8576 8864 1
8576 9608 1
8577 9754 1
8577 9162 12
8577 9599 3
8577 9424 1
8577 9699 1
8578 8870 1
8579 8617 3
8580 9705 1
8581 9883 1
8581 8798 2
8583 8716 1
8584 9111 1
8584 9389 1
8584 8851 1
8585 9167 1
8585 9371 19
8586 9697 1
8586 8978 1
8586 9041 1
8586 8638 1
8586 8779 6
8586 8905 1
8586 9411 5
8587 8810 3
8588 8684 1
8588 9215 2
8589 9066 2
8590 9153 11
8591 9429 1
8591 9508 2
8591 9543 2
8591 8820 5
8591 9493 1
8591 9548 14
8591 8894 2
8592 8869 1
8592 9185 1
8594 8816 2
8595 9593 1
8595 8697 3
8595 8852 1
8596 9463 2
8596 9531 3
8597 8809 11
8597 8598 1
8598 8961 1
8598 8658 1
8599 8761 33
8599 9578 1
8599 9123 3
8599 9869 1
8600 9252 2
8600 8650 1
8601 9313 1
8601 9624 1
8601 9740 1
8601 8614 1
8602 9968 2
8603 8610 1
8605 8907 1
8605 9293 1
8605 9740 1
8605 9867 1
8605 9093 1
8605 9237 3
8607 9384 1
8607 9948 1
8607 9034 1
8609 9063 1
8610 9603 1
8610 8611 1
8610 8918 1
8610 9993 3
8610 8825 1
8610 9247 1
8610 9494 2
8611 9129 3
8611 8821 2
8612 8853 2
8613 8686 1
8613 8907 6
8613 9261 1
8613 9162 1
8613 8727 5
8613 8775 5
8614 8991 1
8615 8671 1
8615 9017 5
8615 9206 6
8616 9057 2
8616 9405 1
8616 9573 4
8617 9723 3
8617 9216 1
8617 9538 1
8617 9596 1
8617 9959 2
8618 8929 8
8618 8817 1
8619 9574 1
8619 9183 4
8619 9307 4
8619 9629 1
8620 9430 1
8621 9129 5
8623 9847 1
8624 9786 1
8625 9735 6
8630 8988 2
8630 8990 1
8630 9045 6
8630 9962 4
8630 9681 1
8630 9018 3
8630 9948 1
8631 8702 1
8631 9515 4
8631 9621 2
8631 8709 1
8631 9933 1
8631 8964 1
8631 9222 88
8632 9229 1
8632 8766 2
8633 9590 1
8635 9229 1
8635 8766 1
8636 8711 1
8636 9040 2
8638 8966 3
8639 8817 2
8642 8853 2
8643 8740 1
8645 8882 1
8646 9027 1
8646 8786 3
8646 9969 2
8647 8946 1
8647 9769 1
8647 9965 4
8648 8821 68
8649 9107 1
8649 9717 1
8649 9738 1
8649 9057 1
8649 9109 2
8649 9965 4
8649 9408 2
8652 8991 1
8656 9557 1
8656 9884 2
8657 8736 1
8659 9950 1
8659 8925 1
8659 9957 1
8659 9206 1
8659 8960 2
8659 9124 1
8660 8690 1
8661 8703 3
8662 9201 1
8662 9747 1
8662 9966 1
8662 9051 2
8662 9120 1
8662 9143 1
8662 9181 66
8662 9176 1
8662 9225 1
8664 8855 1
8665 8713 1
8666 9590 1
8668 9508 3
8668 9054 4
8669 8717 2
8669 9840 1
8672 8848 1
8673 9032 2
8674 8886 1
8674 9072 3
8675 9711 1
8675 9074 1
8676 9112 1
8676 9746 1
8677 9977 1
8677 9116 6
8677 9562 111
8678 8818 1
8678 9264 5
8679 9876 9
8679 9380 1
8679 9614 5
8679 9651 1
8681 9329 1
8682 9455 1
8682 9794 4
8685 9590 1
8687 9374 1
8687 9839 2
8687 9372 1
8687 9014 80
8690 9912 1
8690 9569 1
8690 9619 1
8691 9514 17
8692 9376 1
8696 9990 2
8696 8936 1
8696 9837 1
8697 8991 2
8698 8848 1
8699 9026 16
8700 9829 5
8703 9577 21
8703 8865 1
8703 9720 2
8703 9775 8
8703 9248 1
8703 9508 1
8703 9592 1
8703 8941 1
8703 9209 1
8703 9741 1
8704 8880 1
8705 9832 9
8705 8965 1
8705 9476 1
8705 9696 1
8706 9175 1
8708 9897 1
8708 8843 2
8709 8870 1
8710 8736 2
8710 8895 2
8711 9285 1
8711 9086 6
8711 9284 2
8711 9600 2
8716 9141 1
8716 9889 1
8716 8772 2
8716 8964 29
8717 9086 18
8717 9308 1
8717 9751 5
8717 9416 8
8717 9807 3
8717 8980 1
8717 9462 1
8719 9978 1
8720 8870 1
8721 9467 1
8724 9354 1
8726 9441 5
8726 8844 1
8726 8980 45
8726 8818 2
8726 9855 1
8727 8987 1
8728 9137 1
8728 9711 1
8728 9109 3
8728 9516 1
8728 9765 1
8729 8789 2
8729 8781 1
8729 9149 1
8729 8921 13
8730 9467 7
8730 9729 2
8730 8969 1
8733 9052 1
8733 9011 1
8734 8833 3
8734 9202 3
8734 9550 1
8734 9412 1
8734 8864 1
8734 9498 37
8734 9351 2
8734 9358 1
8734 9401 1
8735 9141 50
8735 9204 107
8735 9633 45
8735 9086 1
8735 9609 7
8736 9468 1
8736 9612 1
8736 9503 1
8736 9553 1
8736 8956 7
8736 8938 2
8738 8895 1
8739 8855 2
8740 8902 1
8740 9267 1
8740 9479 3
8740 9966 2
8742 8929 1
8743 8817 1
8744 9643 1
8747 9557 2
8747 9664 2
8747 9586 3
8748 9088 1
8754 8979 1
8755 9151 1
8756 9355 1
8756 8847 3
8756 9195 1
8756 9702 2
8756 9934 1
8757 9976 1
8757 9786 2
8757 9922 1
8757 9362 1
8757 9973 12
8757 9866 1
8758 9573 1
8758 9110 1
8758 9055 4
8758 9274 6
8758 9527 1
8759 8837 2
8760 8968 1
8761 8799 2
8762 9153 2
8764 9995 1
8764 8899 1
8765 8994 1
8765 9043 2
8765 9998 1
8766 9161 1
8766 9580 3
8766 9266 1
8766 9064 6
8771 9620 8
8771 9888 1
8771 9312 1
8771 9723 3
8772 9814 2
8773 8805 1
8773 8973 3
8774 9169 1
8774 9629 1
8774 9613 63
8778 9545 2
8780 8832 4
8782 8906 45
8784 9369 1
8784 9668 2
8784 8788 1
8785 9060 1
8785 8794 4
8785 9301 1
8785 9432 3
8787 8863 1
8790 9876 1
8790 9599 1
8791 8910 1
8791 9050 1
8792 9934 1
8792 9685 7
8792 8796 1
8792 8877 1
8792 9857 1
8792 9888 1
8795 8966 1
8797 9749 1
8797 9850 3
8797 9540 1
8797 8830 1
8799 9616 1
8799 9449 4
8799 9530 4
8799 9700 1
8800 9878 2
8802 9080 1
8803 9970 13
8805 9161 1
8805 9214 1
8806 9886 18
8806 9184 13
8806 9914 2
8812 8890 1
8813 8817 5
8814 9070 3
8814 9112 1
8816 9934 2
8816 9139 3
8816 9651 1
8816 9945 1
8816 9552 1
8816 9159 5
8817 9409 5
8817 9785 1
8819 9453 1
8821 9012 2
8821 9683 1
8821 9174 1
8821 9367 1
8821 9851 1
8821 8960 1
8821 9162 2
8821 9383 1
8821 8836 29
8821 9107 1
8821 9458 22
8823 8882 1
8824 8963 1
8824 8990 1
8824 9633 11
8826 8888 1
8826 9231 1
8826 9513 2
8826 9558 3
8829 9022 4
8829 9416 2
8829 9999 3
8829 9001 1
8829 9312 1
8831 9153 1
8832 9203 3
8833 9048 10
8833 8909 2
8834 8859 5
8834 9023 12
8837 9856 2
8840 8945 2
8847 8884 189
8848 9284 1
8848 8911 4
8848 9219 1
8850 8989 1
8851 8937 1
8852 9376 3
8853 9114 5
8853 8904 2
8853 9850 32
8855 9174 1
8855 8888 9
8855 9002 1
8855 9620 1
8858 8972 9
8858 8867 1
8860 8986 1
8862 9000 3
8863 9616 1
8863 9039 3
8863 9573 1
8863 9141 1
8864 8968 1
8866 9317 1
8866 9127 3
8868 9050 9
8868 9705 10
8870 9575 4
8870 9924 5
8870 9086 5
8870 9769 7
8870 9976 1
8871 8878 1
8873 8942 1
8878 9400 9
8879 9758 10
8879 9166 1
8880 9745 1
8880 9888 1
8881 8909 35
8882 8905 3
8882 9190 2
8883 9759 1
8883 9651 4
8884 9532 3
8884 9237 1
8884 9398 1
8884 9099 1
8885 9718 2
8885 9696 1
8885 9779 2
8885 9821 2
8886 9977 1
8889 9612 1
8889 9671 1
8891 9967 6
8892 9978 1
8892 9175 1
8892 8914 1
8893 9748 3
8893 9326 4
8895 9022 1
8895 9408 1
8895 9624 3
8898 9028 1
8898 9368 1
8898 9212 1
8899 9619 1
8899 9666 1
8900 9988 1
8900 9767 1
8900 9765 1
8903 8970 1
8907 8967 1
8907 9056 1
8910 9227 1
8912 9846 1
8912 9111 3
8913 9570 1
8913 8927 1
8913 8954 2
8913 9984 4
8914 9503 1
8914 9718 2
8914 9113 5
8914 9808 1
8914 9544 1
8914 9850 1
8918 8987 1
8919 9188 2
8919 9808 1
8919 9274 4
8919 9444 2
8922 9911 1
8923 8957 1
8923 8951 1
8926 9639 23
8926 9448 4
8926 9061 1
8926 9293 13
8926 9297 146
8928 9131 1
8929 9204 2
8929 9938 2
8929 9082 1
8929 9871 2
8931 9013 1
8933 9383 5
8933 9206 2
8933 9008 2
8933 9785 1
8933 9401 1
8933 9867 1
8933 9676 1
8934 9283 1
8934 9116 1
8937 9747 1
8937 9293 1
8937 9749 1
8937 9417 1
8942 9887 2
8943 9029 2
8943 9054 1
8944 9956 3
8946 9490 1
8946 9978 1
8948 9442 36
8949 9822 1
8951 9578 1
8951 9023 1
8951 9766 1
8951 9615 3
8952 9769 32
8952 9038 2
8952 9768 5
8953 9938 7
8953 9877 1
8953 9691 1
8956 8984 5
8957 9061 1
8957 9602 3
8960 9046 1
8966 9550 1
8966 9318 1
8967 9436 1
8967 9503 25
8967 9873 8
8967 9104 1
8968 9134 1
8970 9503 1
8970 9516 1
8970 9761 5
8970 9484 2
8970 9760 1
8973 9353 1
8973 9681 1
8979 8983 5
8979 9351 5
8979 9876 3
8979 9951 4
8981 9954 1
8982 9038 2
8982 8995 1
8984 9206 1
8984 9770 1
8985 9800 1
8986 9093 8
8986 9170 1
8986 9557 1
8986 9487 1
8987 9027 2
8987 9946 1
8987 9708 3
8987 9540 1
8987 9929 7
8989 8991 1
8991 9521 2
8991 9503 1
8991 9459 1
8991 9593 1
8993 9511 1
8993 9010 6
8993 9886 1
8998 9074 2
8998 9468 2
8998 9235 1
8998 9389 10
9000 9540 1
9000 9117 1
9000 9587 1
9004 9306 1
9004 9572 1
9005 9661 1
9005 9566 1
9005 9518 75
9008 9782 1
9009 9436 2
9009 9691 2
9015 9453 1
9016 9431 1
9019 9833 1
9019 9317 4
9022 9048 1
9023 9316 20
9025 9970 1
9025 9488 2
9026 9493 2
9026 9887 2
9031 9923 5
9031 9802 1
9032 9719 1
9032 9964 2
9036 9062 1
9036 9483 1
9037 9307 1
9037 9039 4
9037 9727 3
9037 9915 1
9040 9435 3
9040 9523 3
9040 9419 3
9040 9836 1
9042 9193 1
9044 9840 1
9046 9737 1
9048 9300 1
9048 9881 1
9048 9776 5
9050 9918 9
9050 9839 1
9050 9335 1
9053 9705 1
9056 9895 1
9056 9283 1
9056 9121 1
9056 9208 1
9056 9582 1
9058 9229 1
9061 9705 2
9063 9268 1
9063 9379 1
9066 9088 1
9069 9570 1
9070 9376 3
9072 9962 1
9075 9234 1
9075 9798 4
9076 9549 5
9076 9515 32
9088 9267 1
9088 9339 1
9088 9878 1
9091 9414 1
9114 9175 1
9114 9675 12
9122 9814 3
9124 9970 3
9129 9853 11
9129 9563 1
9129 9365 2
9131 9782 1
9134 9814 8
9153 9758 1
9153 9791 1
9175 9550 1
9177 9735 3
9184 9490 1
9188 9522 3
9201 9911 2
9209 9967 2
9212 9705 1
9226 9911 1
9229 9295 1
9235 9911 1
9243 9715 1
9257 9942 1
9262 9395 191
9275 9847 1
9282 9514 1
9289 9942 59
9293 9829 3
9297 9970 1
9301 9663 1
9307 9970 1
9316 9557 1
9321 9641 1
9336 9705 1
9350 9773 1
9361 9956 2
9362 9970 1
9362 9956 1
9368 9978 1
9369 9715 13
9370 9555 1
9374 9735 4
9376 9652 1
9376 9954 9
9384 9814 1
9389 9505 2
9413 9747 1
9413 9448 1
9442 9847 2
9442 9643 1
9445 9968 1
9453 9729 1
9453 9920 1
9478 9911 1
9488 9581 1
9488 9662 1
9488 9687 1
9488 9965 1
9490 9793 1
9490 9873 15
9491 9911 1
9505 9632 1
9507 9911 3
9514 9860 1
9514 9717 1
9522 9887 2
9537 9947 1
9537 9907 1
9537 9669 6
9543 9956 1
9545 9735 2
9550 9590 2
9552 9814 7
9554 9967 2
9555 9758 1
9564 9643 37
9576 9831 1
9590 9913 9
9590 9647 3
9594 9856 1
9604 9954 2
9605 9757 2
9613 9995 1
9643 9712 1
9643 9913 1
9643 9704 1
9660 9970 1
9663 9740 1
9663 9935 1
9675 9800 2
9705 9842 15
9714 9978 1
9715 9778 2
9722 9995 1
9724 9877 1
9735 9948 2
9756 9978 4
9764 9921 2
9782 9940 1
9782 9811 9
9787 9847 1
9806 9911 1
9814 9816 1
9823 9978 1
9829 9973 1
9856 9989 1
9856 9993 2
9909 9956 2
9920 9970 1
9923 9970 1
9978 9988 1
