60 8666 4
63 9710 1
63 9144 2
63 9486 1
63 8795 1
63 9346 1
67 9387 1
75 9570 2
75 9193 1
75 9694 1
75 9964 2
110 9790 1
110 9090 1
110 9893 1
117 9398 5
117 9767 1
125 9175 1
125 9804 1
149 8573 8
149 8656 2
149 8716 1
149 8759 1
149 9739 3
149 9530 1
149 9616 5
156 8555 1
156 8926 1
156 9452 1
156 9593 13
165 9337 1
165 9555 3
172 9168 1
172 8850 1
201 9898 1
219 9058 1
219 9748 1
219 9066 1
219 9856 9
230 8554 4
230 8856 1
230 9496 9
230 8739 1
230 8865 2
243 9866 1
243 8733 3
247 9443 2
247 8840 1
247 8962 1
247 8876 1
247 9669 1
247 9651 4
268 9589 1
268 9946 4
268 9485 2
269 8733 3
274 9054 1
287 9512 2
287 9194 12
287 9919 1
287 9499 2
287 9078 1
287 9746 1
288 9940 1
288 9275 2
288 8576 1
289 9274 55
289 9875 1
289 8586 1
289 9574 1
296 8580 1
296 9194 1
296 8951 4
296 9664 1
296 9810 1
298 9463 1
298 9252 5
335 8944 1
335 9114 3
335 9156 1
335 9299 2
335 9880 3
337 9752 1
337 8726 1
337 8888 1
337 9298 1
337 8812 3
345 8962 1
345 9406 1
345 8960 2
348 9192 38
348 8887 1
348 9285 1
364 9212 1
364 8848 1
364 8692 5
366 9860 3
366 9073 1
381 9584 1
381 9098 2
381 8967 1
381 9158 1
381 9992 1
390 9741 1
390 9222 1
390 9293 1
390 9072 1
398 9966 1
398 9778 7
398 9613 1
398 9751 1
398 9961 18
400 9817 1
400 9181 1
406 8923 1
406 9862 18
406 9469 1
416 9833 1
416 8796 2
418 9070 2
418 9540 1
418 9417 4
418 9430 31
418 9067 4
418 9770 1
424 9447 15
437 9881 200
446 8887 1
472 9401 27
472 8922 1
472 9132 1
478 8982 2
478 8707 1
478 9683 1
478 8888 1
523 8642 1
535 9701 2
535 9437 1
535 9649 6
535 8661 1
535 9584 1
535 9532 2
535 9949 15
549 9799 1
549 9923 1
549 9065 1
549 9459 1
549 9704 3
549 9902 3
564 8797 1
564 8928 1
564 9284 1
566 9878 8
566 8893 1
567 8810 1
567 8944 1
567 9684 1
567 9878 1
593 9739 3
593 8834 1
593 8997 200
593 9032 1
593 9130 19
593 9775 1
596 9178 1
596 9617 1
596 8893 1
618 8671 1
630 8876 2
630 9257 3
630 9433 2
630 8909 4
630 9016 1
630 9224 1
630 9680 1
630 8973 1
636 9221 1
637 8797 8
637 9001 7
637 9863 1
646 9182 1
646 9295 1
646 9582 6
646 9205 1
646 9271 1
646 9801 1
658 9283 5
658 8727 9
658 8584 1
658 8785 3
658 9108 16
658 9841 1
681 8714 3
681 9975 1
681 9976 2
701 9768 1
701 8805 1
701 9710 1
712 9790 10
712 8838 1
712 9223 1
712 9406 2
728 9193 1
728 8666 1
728 9198 1
728 9300 1
728 9538 1
737 9271 1
737 8632 1
737 8636 2
737 9822 1
741 9239 1
741 9344 200
741 9704 1
741 9260 1
741 9453 1
747 9111 1
747 8803 1
747 9554 1
747 9113 1
788 8625 1
788 9046 4
788 9427 1
788 9811 1
788 8919 1
788 9657 1
797 9867 2
797 9079 3
797 9173 1
809 9194 2
809 9484 2
809 9921 1
812 9835 1
812 9622 19
815 9900 1
815 8752 5
822 9631 1
822 9506 1
830 9391 1
830 8688 2
830 9547 4
850 8559 2
850 9694 1
850 8706 4
850 9193 1
859 9000 1
859 9554 1
863 9437 1
863 9767 13
863 9127 1
863 9553 2
863 9712 2
876 9326 1
876 8647 22
876 8822 1
876 9093 1
900 9184 1
900 9678 1
910 9420 8
910 9519 1
910 8628 1
910 9515 1
913 9361 3
913 8678 16
913 8558 1
913 8934 2
913 9957 1
916 8648 1
916 9818 1
916 9028 1
922 9693 1
922 9058 1
922 9516 2
929 9870 3
929 9554 2
929 9885 1
929 8688 1
929 9182 20
929 9578 1
929 9436 1
970 9675 2
970 9369 1
978 9840 2
978 8961 1
978 9834 2
990 9513 1
990 9063 1
990 9044 2
990 9644 31
1003 8660 3
1016 9762 1
1016 8846 1
1016 9572 1
1034 9777 2
1052 9094 1
1052 8676 1
1052 9072 3
1052 9985 2
1052 9708 1
1052 8984 1
1052 9375 1
1052 9406 1
1058 9301 1
1058 9872 1
1058 8694 1
1058 8728 27
1066 9013 13
1066 8974 1
1066 8624 1
1066 9384 1
1066 8659 4
1075 8659 8
1075 8675 1
1075 9029 6
1089 9113 1
1089 9486 3
1089 9801 1
1094 9804 2
1094 9514 1
1094 9026 1
1094 9861 2
1101 9979 1
1101 8723 1
1117 9834 1
1117 9950 1
1117 9062 3
1117 9925 1
1125 8662 1
1125 9450 11
1125 9514 2
1125 9526 1
1125 8642 1
1125 9803 2
1126 8947 2
1126 8801 3
1126 9100 4
1126 9259 1
1126 9454 2
1126 8843 1
1188 8961 1
1188 8773 1
1202 9032 6
1202 8958 2
1217 8936 1
1217 9043 5
1217 9684 1
1237 9729 5
1237 9934 5
1237 8747 1
1237 9356 1
1237 9007 5
1237 9962 16
1237 9891 2
1271 9729 2
1271 9154 2
1271 9547 6
1271 9882 3
1287 9900 5
1287 9404 1
1316 9899 3
1316 9193 1
1316 9605 2
1325 9589 2
1325 9105 1
1325 9621 3
1344 8667 2
1344 8965 2
1344 9894 1
1344 9984 3
1388 8895 34
1388 8586 1
1388 8837 3
1388 9470 3
1388 9994 10
1390 8839 1
1390 8561 1
1390 9332 44
1392 9946 3
1405 9066 1
1405 9462 1
1405 9579 1
1414 8765 1
1414 9368 1
1415 9477 4
1415 8936 3
1415 9700 1
1428 9154 2
1428 9697 1
1448 8702 1
1448 9607 2
1466 9189 1
1466 9839 8
1466 9602 15
1466 9200 1
1466 9607 1
1466 8907 1
1466 9351 1
1469 8945 1
1469 9430 1
1471 8753 1
1471 9777 12
1471 9422 1
1471 9772 4
1471 9634 1
1471 9785 2
1471 9270 5
1471 9625 1
1471 9758 3
1471 8743 7
1473 8802 1
1473 9508 2
1478 9445 2
1478 8910 1
1478 8976 4
1491 9233 200
1491 9075 1
1491 9168 1
1491 9995 1
1491 9166 1
1491 9460 1
1491 9701 1
1506 9832 8
1506 9156 1
1506 8881 23
1506 9010 1
1513 9336 1
1513 8767 3
1513 8556 2
1513 9822 1
1513 9302 2
1518 8909 2
1518 8976 1
1518 9485 1
1518 9706 1
1558 9390 1
1558 9776 4
1567 9341 2
1567 8577 3
1567 8719 4
1577 9291 1
1577 9940 1
1577 8913 1
1611 9154 1
1611 9293 19
1611 9987 2
1612 8844 2
1612 9356 3
1612 9185 1
1673 9840 1
1673 9804 1
1691 9431 1
1691 8606 1
1691 9763 2
1691 9217 1
1742 8977 1
1742 9593 1
1742 9511 2
1742 9609 1
1742 9842 5
1774 8556 2
1774 8577 1
1774 8877 1
1774 8617 5
1774 8786 2
1774 9196 6
1774 9378 1
1774 9450 1
1779 9400 31
1779 8680 4
1779 8777 3
1779 9344 5
1779 9932 1
1779 8559 1
1779 8736 1
1788 8581 1
1788 9932 10
1788 9417 1
1788 9745 1
1788 8815 3
1788 9346 2
1788 9065 8
1790 9085 6
1799 8769 5
1801 9350 4
1801 9003 2
1803 8946 1
1803 9695 1
1803 9050 2
1820 9527 1
1820 9421 50
1820 8816 1
1820 9213 2
1820 9739 1
1820 9470 2
1841 9656 3
1841 8789 1
1841 9593 1
1860 9878 1
1860 8719 1
1862 8679 2
1862 8751 1
1862 9246 1
1871 8979 9
1871 9895 9
1871 9766 1
1871 9201 1
1882 8738 46
1882 8932 1
1882 9310 1
1885 9774 2
1885 9773 1
1885 9803 8
1885 9302 1
1885 8906 1
1885 9557 2
1905 9314 1
1905 9182 2
1905 9497 1
1905 9806 1
1905 9046 1
1905 9752 1
1905 9873 9
1925 9003 2
1925 9725 1
1935 9808 1
1935 9796 1
1952 9514 4
1952 9767 1
1952 9966 1
1952 9718 5
1952 9741 2
1966 9115 1
1966 9777 1
1966 9673 4
1981 9453 1
1981 9317 3
1981 9215 1
1981 9124 1
1981 9344 1
1981 8562 1
1981 8556 1
1984 9187 1
1984 9751 1
1987 9346 1
1987 9575 2
1987 9742 1
1993 9646 1
1993 9667 4
1993 9275 1
1993 8744 1
1993 9034 1
2000 8924 1
2000 9120 1
2000 9653 1
2021 9332 1
2021 9775 37
2021 9844 1
2021 9874 1
2027 8583 1
2027 9770 1
2027 9959 2
2047 9663 1
2053 9503 1
2053 8651 1
2058 9283 1
2058 9319 1
2058 9360 1
2066 9501 1
2066 9950 1
2066 9446 2
2066 9453 2
2066 8935 1
2066 9578 1
2066 8855 1
2066 9182 3
2066 9646 1
2074 9831 1
2093 8990 2
2093 8983 1
2093 8756 2
2093 9121 1
2093 8726 1
2093 9520 3
2093 9640 1
2102 9558 200
2102 8585 1
2102 9790 1
2102 9175 105
2102 9115 1
2123 8738 1
2123 9397 4
2123 8705 1
2123 9029 1
2123 9494 10
2123 9139 3
2123 9606 5
2148 8896 1
2148 9660 1
2154 9242 1
2154 8740 2
2154 9185 1
2154 9372 1
2154 9513 1
2175 9030 1
2189 8891 1
2219 9469 2
2219 9546 5
2219 9431 1
2219 9629 1
2219 9529 9
2220 9280 1
2220 9408 1
2220 8990 1
2220 9062 3
2220 9792 5
2221 9758 1
2221 8767 2
2221 8854 1
2221 9702 1
2222 9704 3
2222 8838 1
2222 9083 1
2228 8796 1
2228 9579 1
2228 9955 1
2228 8744 1
2228 9835 1
2228 9477 1
2228 8634 2
2228 8856 3
2231 9945 2
2255 9922 13
2255 9217 9
2262 8844 3
2262 8945 1
2262 9728 1
2262 9691 3
2263 8840 1
2265 8615 1
2265 8629 2
2265 9313 1
2265 9911 1
2271 9301 1
2271 8635 1
2271 9529 1
2272 8666 2
2272 8880 1
2272 9390 25
2272 9316 2
2272 9654 2
2272 9871 3
2292 9169 1
2292 8963 5
2292 9094 1
2315 8730 1
2315 9808 3
2326 9899 4
2326 8821 99
2326 9943 2
2330 9664 2
2331 9323 2
2331 9827 200
2331 8572 1
2332 9023 1
2332 9665 1
2342 9481 1
2342 8595 1
2342 8679 1
2342 8659 1
2342 8777 1
2342 8898 1
2342 9949 1
2342 9121 1
2342 9261 1
2360 9030 1
2360 9259 1
2360 9648 1
2365 9516 1
2365 9325 1
2366 9833 2
2366 9632 1
2366 9549 1
2366 9969 3
2394 9203 2
2394 9099 1
2397 9644 1
2397 9476 1
2407 9222 21
2407 9263 24
2407 9788 1
2411 8810 1
2411 9216 1
2411 9408 1
2411 8695 3
2433 9154 1
2433 8792 1
2433 9806 1
2437 8803 1
2437 9818 4
2437 9924 21
2441 9776 1
2441 9838 1
2443 9408 2
2443 9128 7
2443 9220 1
2443 9922 1
2444 9010 22
2444 8943 1
2444 9578 3
2444 9017 6
2444 9372 1
2469 9166 2
2469 9127 1
2469 9627 1
2469 8572 1
2475 9223 1
2475 9315 4
2483 9462 2
2483 8733 1
2483 9101 1
2484 9019 2
2484 9693 4
2484 8572 1
2484 8584 3
2484 8759 4
2484 9282 1
2484 9795 1
2489 9728 2
2489 8660 1
2490 8883 1
2490 9543 1
2490 9839 1
2496 9909 1
2496 9287 1
2496 9556 1
2497 9484 4
2497 9573 1
2497 8809 2
2497 9180 1
2507 9770 3
2507 8585 1
2507 9695 1
2512 9680 1
2512 8890 1
2512 9013 1
2512 9394 3
2513 8971 2
2513 9545 3
2513 9709 1
2513 9744 1
2513 9060 4
2513 9129 1
2513 9171 1
2513 9825 1
2534 8746 1
2534 9183 1
2534 9965 38
2553 9297 1
2553 8831 1
2561 9081 6
2561 9111 4
2561 9927 1
2564 8769 1
2564 9831 1
2571 9871 1
2571 9020 1
2571 8880 4
2583 9925 1
2583 8601 30
2583 9885 1
2597 8942 7
2618 9446 2
2618 9694 1
2618 9777 1
2618 9696 1
2618 9797 1
2618 9127 1
2618 9919 1
2621 8573 2
2621 8736 1
2621 8758 2
2621 9395 3
2624 9935 2
2645 8700 1
2645 9556 57
2645 9576 1
2646 9403 15
2646 9637 1
2646 8848 3
2646 9948 1
2653 9955 1
2675 8651 8
2675 8577 1
2675 9394 3
2675 8791 2
2707 9553 15
2707 9354 1
2707 9779 3
2707 9051 8
2707 8609 1
2707 8620 1
2707 9919 9
2707 9242 1
2711 9620 1
2711 8932 1
2732 8986 1
2744 8942 4
2744 8934 1
2744 9291 1
2744 9715 9
2744 9038 1
2744 9100 3
2763 8580 2
2763 9861 1
2767 9080 1
2767 9394 2
2767 9674 1
2772 9125 5
2772 9629 1
2772 9430 1
2772 9946 1
2775 9648 2
2775 9680 6
2779 9983 1
2779 8950 5
2779 9103 1
2789 8993 1
2789 8579 3
2789 9052 1
2789 8680 200
2789 8642 1
2789 9110 1
2789 8707 1
2790 9324 1
2790 8806 1
2790 9495 2
2790 9708 5
2817 9583 1
2823 9850 1
2823 9349 3
2827 9543 1
2827 9458 2
2827 9889 1
2827 9658 2
2833 9173 1
2833 8628 6
2833 8844 2
2833 9268 1
2833 9246 2
2833 9546 3
2833 8871 3
2833 8598 2
2837 9364 1
2837 9629 1
2838 9203 1
2838 8791 4
2838 9774 2
2849 9016 3
2855 9828 1
2855 8996 5
2865 9682 1
2873 8826 1
2873 9123 1
2873 9862 3
2892 9131 1
2892 9117 1
2892 8623 1
2892 8846 1
2893 9863 2
2893 9814 4
2900 8981 2
2900 9748 1
2910 9693 1
2910 8911 2
2923 9009 1
2923 9030 1
2929 9572 15
2929 8776 2
2929 9307 1
2936 9543 6
2936 9916 1
2936 9355 1
2959 9552 2
2959 9368 1
2961 9295 1
2961 8792 1
2961 9317 4
2961 9797 1
2961 9088 1
2961 9500 2
2961 9782 10
2961 9354 1
2961 9594 1
2965 9837 1
2965 8809 2
2965 8822 4
2965 9755 1
2965 9191 1
2965 9350 1
2988 9840 1
2988 8744 1
2988 9588 1
2991 9828 1
2991 9687 1
2991 8788 2
2991 9217 1
2991 9817 1
3005 9990 1
3005 8942 6
3005 9662 1
3007 9675 12
3016 8692 2
3016 9411 1
3016 9811 1
3018 8990 1
3018 9634 4
3018 9632 1
3018 9086 4
3018 9935 1
3018 9656 1
3021 8656 1
3021 9865 4
3021 8982 1
3021 9400 1
3021 9662 2
3021 8905 1
3021 9188 1
3021 9194 1
3032 9220 1
3032 8678 1
3032 9723 7
3035 9485 6
3035 9591 1
3035 9634 1
3053 9461 1
3053 8883 1
3053 8555 2
3053 8661 4
3053 9600 1
3061 9850 1
3061 9179 3
3061 9946 1
3061 8648 1
3061 8961 9
3068 9065 1
3068 8622 1
3068 8740 2
3068 9279 1
3070 9217 1
3070 9893 7
3070 9459 4
3070 9985 1
3075 9907 3
3098 9378 8
3103 9144 1
3103 8675 1
3122 9189 1
3122 8642 1
3122 9818 1
3122 8585 1
3122 9257 2
3122 8875 1
3125 9718 3
3128 8604 1
3128 9208 1
3128 8577 2
3128 9786 1
3134 9608 1
3134 8640 1
3134 9287 1
3136 8755 1
3156 9570 1
3188 9013 1
3188 9193 5
3188 9741 1
3188 8751 1
3188 9299 1
3191 9483 1
3191 8903 5
3191 9282 2
3191 9742 1
3191 9745 1
3191 8982 1
3191 9017 2
3191 9625 1
3193 9341 1
3193 8853 1
3193 9434 1
3193 9662 5
3193 9208 2
3193 9222 1
3195 9662 1
3195 9487 1
3195 9599 3
3197 9894 1
3197 9145 1
3238 9070 1
3238 9229 2
3238 9221 1
3238 9700 1
3238 9422 1
3241 8752 3
3241 8855 1
3241 9840 1
3259 9863 1
3259 9965 1
3259 9462 1
3259 9610 15
3259 9591 4
3259 9636 1
3293 9420 1
3293 9443 3
3293 9771 1
3300 9488 1
3300 8769 2
3300 8563 1
3300 9615 2
3316 8967 2
3316 8707 1
3316 9731 2
3316 8713 1
3316 8715 1
3316 9023 1
3316 9768 3
3316 9996 1
3316 9498 1
3317 9290 1
3317 9417 1
3329 9691 3
3329 9333 1
3329 9219 5
3329 9664 1
3329 9940 1
3329 9412 3
3353 8607 2
3353 8734 1
3353 8872 1
3353 9326 1
3353 8877 8
3353 8958 1
3353 9301 4
3353 9307 1
3353 8967 3
3357 9712 1
3357 9107 1
3357 9439 3
3357 9598 1
3362 8889 1
3362 8905 1
3364 8987 2
3364 9464 1
3391 9583 1
3391 9654 1
3391 8910 1
3391 9714 1
3403 9238 1
3403 9380 2
3403 9538 2
3403 9602 1
3411 8642 1
3418 9090 2
3418 9338 2
3436 9237 1
3436 9260 1
3436 9007 3
3436 9292 8
3436 9605 3
3436 9435 1
3450 9797 2
3450 9306 2
3450 9014 2
3450 9668 2
3450 9638 2
3467 8814 4
3467 8996 2
3467 9397 7
3467 8636 1
3467 8947 1
3482 9476 3
3482 8753 1
3482 9127 2
3482 9216 1
3482 9316 2
3482 8880 3
3482 9207 1
3482 9546 2
3482 9080 3
3482 9571 1
3482 8713 2
3482 8853 140
3489 9247 2
3489 9717 6
3489 9622 1
3489 9555 1
3502 9363 1
3507 9607 3
3507 9319 1
3507 8972 3
3507 9408 30
3507 8910 25
3516 9503 1
3516 9350 2
3516 9487 1
3516 8979 1
3516 9948 2
3546 9511 4
3546 9833 3
3550 9344 2
3550 9503 1
3550 9911 5
3550 8560 1
3550 9033 4
3550 9889 1
3550 8792 1
3550 9070 2
3550 9423 2
3550 9076 1
3552 8827 1
3570 8663 1
3570 9649 3
3570 9631 5
3570 9409 13
3570 9461 7
3577 9679 1
3577 9439 15
3577 8653 8
3584 9680 5
3584 9401 2
3584 8987 3
3585 9994 1
3585 9713 4
3585 9170 1
3615 9605 1
3615 9166 4
3615 9572 1
3615 8856 1
3615 9999 1
3625 9862 1
3625 9331 21
3627 9814 1
3627 9855 1
3627 8595 8
3629 9899 2
3629 9630 1
3629 9923 1
3629 9158 1
3658 9493 2
3658 8962 2
3658 9747 1
3658 9098 1
3673 8743 1
3673 9033 1
3679 9420 1
3679 8809 3
3679 8913 1
3679 9100 1
3679 9571 1
3679 9150 1
3679 9201 1
3679 9114 1
3679 9790 2
3679 8919 1
3679 9018 1
3679 9799 6
3680 8615 1
3682 8629 1
3682 9131 2
3682 9953 3
3685 9283 1
3685 8808 1
3685 9977 1
3689 9823 2
3689 9596 2
3689 8778 2
3689 8895 3
3689 8574 2
3689 9548 1
3689 9862 3
3689 9398 1
3689 8897 1
3689 9204 5
3689 9631 7
3696 8919 10
3696 9860 1
3740 8972 1
3740 9544 1
3745 9443 1
3745 9111 12
3745 9116 1
3758 9229 2
3758 9842 1
3758 9961 1
3758 9136 1
3758 9201 1
3758 9683 2
3758 9745 4
3758 8667 1
3758 9660 2
3758 8561 9
3758 9447 5
3758 9983 1
3778 8941 1
3778 9251 1
3780 8665 1
3801 9808 5
3801 9857 2
3801 9934 1
3801 9324 1
3801 9703 1
3802 9274 1
3802 9262 1
3803 9437 1
3803 8985 1
3803 9420 1
3803 9112 1
3803 9462 2
3805 9919 1
3805 8714 1
3807 9049 1
3810 9602 3
3810 8755 1
3810 9120 1
3814 9544 1
3821 9213 10
3821 9896 1
3821 9792 4
3821 9037 2
3821 9632 1
3831 9020 3
3831 8934 1
3831 9878 1
3831 9891 23
3831 9064 1
3831 9203 100
3831 9478 2
3836 9586 1
3836 9605 1
3836 8831 1
3836 9108 1
3836 9646 1
3836 9953 1
3836 9481 1
3836 9998 9
3836 9030 4
3836 9475 5
3836 9741 1
3836 9752 1
3836 8889 1
3836 9479 1
3844 9286 1
3844 8876 3
3844 8981 1
3865 9981 2
3865 8951 2
3865 9464 1
3865 9481 4
3865 9583 1
3873 8621 1
3873 9769 2
3873 9060 3
3873 9506 1
3879 9193 3
3902 8647 7
3902 9095 1
3902 9160 1
3903 9067 2
3910 9512 1
3920 9196 1
3920 8776 1
3920 8950 13
3920 9954 1
3920 9948 1
3921 9145 3
3921 8872 13
3921 9601 2
3927 8953 1
3927 9663 1
3927 8977 1
3929 8724 1
3939 9145 1
3939 9724 1
3939 9161 1
3940 9051 1
3940 9322 1
3940 9627 3
3940 8871 1
3940 9234 1
3976 9588 1
3983 9869 1
3983 8741 2
3991 8936 1
3991 9571 2
3991 9174 2
3991 9279 1
3991 9806 1
3991 8970 2
3994 9075 2
3994 9331 1
3994 9348 1
3994 8789 1
3994 9365 1
3994 9046 1
3994 9270 1
3994 9739 1
3999 9119 1
3999 9723 2
3999 8935 87
3999 9317 1
4043 9234 2
4043 8560 5
4043 8756 17
4043 8675 1
4043 9779 1
4048 9044 1
4048 9078 1
4048 9545 3
4048 9981 1
4072 9697 1
4072 9038 1
4072 9033 1
4072 9221 1
4087 9870 1
4087 8776 4
4087 9796 17
4087 9170 1
4087 9799 6
4087 8578 4
4088 8786 4
4088 9064 1
4098 9609 1
4098 8814 1
4098 9019 2
4098 9933 1
4126 9881 1
4126 8850 1
4126 9581 1
4126 9582 1
4126 8875 1
4126 9682 1
4137 9342 1
4137 8813 1
4137 8753 9
4137 9119 1
4137 9658 4
4138 8937 3
4138 9389 1
4149 9532 5
4149 9977 2
4149 9138 1
4149 9411 7
4149 9981 1
4160 9559 1
4160 8609 56
4160 9144 1
4164 8965 14
4171 9563 2
4171 9678 1
4171 8702 1
4171 9461 1
4171 9638 5
4171 9831 1
4187 8615 1
4187 8796 2
4187 9891 9
4187 8810 4
4187 9507 2
4191 8814 1
4191 9959 1
4207 9739 1
4207 8656 1
4207 9474 1
4207 9583 1
4249 8767 1
4249 9294 1
4265 9916 11
4267 8805 9
4267 9847 27
4274 8752 5
4274 9013 1
4274 9873 3
4274 8821 4
4274 9117 5
4288 9786 2
4288 8813 1
4288 8965 2
4288 9483 1
4288 9682 4
4289 9206 1
4289 9310 1
4309 9863 6
4309 8971 2
4309 9735 1
4309 9808 3
4309 8900 1
4324 9931 2
4324 8850 4
4324 9234 1
4337 9409 1
4337 9467 1
4337 9954 1
4350 8620 1
4350 9289 4
4350 9101 1
4350 9306 1
4350 8561 1
4350 9405 1
4350 8834 1
4354 8776 2
4354 9172 1
4354 9308 3
4354 9899 1
4354 9857 1
4354 9330 1
4363 8996 1
4363 8965 1
4363 9406 1
4363 8858 2
4363 8786 1
4376 8846 1
4376 9136 2
4376 9631 1
4376 9110 5
4376 8739 1
4376 9437 1
4376 9501 5
4376 9953 1
4376 8943 3
4376 9797 1
4376 9958 2
4383 8595 1
4383 8581 1
4383 9246 1
4383 8907 11
4383 9281 1
4388 9620 1
4388 9928 1
4391 9371 1
4391 9283 3
4391 9651 1
4391 9627 1
4391 8945 1
4393 9093 1
4393 9158 1
4393 8893 3
4393 9354 1
4393 8786 1
4393 8621 1
4393 8866 1
4398 9668 1
4398 9421 3
4398 8797 1
4398 9907 2
4398 8606 6
4398 8898 9
4413 9700 1
4413 9290 1
4413 9955 2
4413 9212 1
4413 9336 25
4423 9187 1
4423 8902 1
4423 9895 4
4423 9779 9
4468 9860 1
4468 9873 1
4468 9032 4
4468 9202 7
4469 9556 10
4469 8838 1
4469 9215 42
4469 9605 1
4469 9747 1
4476 8615 2
4476 8604 1
4476 9864 1
4476 8802 1
4476 9226 10
4476 9429 22
4476 9730 1
4490 9355 1
4493 9372 1
4493 9000 1
4493 9946 1
4493 9401 14
4493 9417 1
4495 9330 1
4495 9010 1
4495 8791 4
4499 8939 4
4499 9453 1
4499 9668 11
4521 8737 1
4521 9939 1
4521 9105 1
4521 9705 1
4521 9913 1
4526 9094 13
4526 9755 1
4526 9290 1
4527 9544 1
4527 8753 1
4527 8981 11
4527 9058 9
4532 9891 1
4532 9994 1
4541 9866 1
4541 9546 3
4541 9634 4
4541 8748 1
4541 9565 1
4573 9870 2
4573 9172 1
4586 9062 1
4586 9469 32
4617 8578 1
4617 8710 2
4626 9160 1
4629 9654 1
4629 9763 1
4639 9476 8
4639 9894 1
4639 9174 26
4639 9342 1
4639 9500 1
4639 8919 1
4639 9394 22
4639 9718 1
4639 9325 1
4639 9735 1
4642 8641 1
4642 9763 2
4642 9884 5
4659 8805 1
4659 8562 1
4659 9666 1
4659 8977 1
4662 8756 1
4662 8634 1
4662 8790 22
4662 8734 1
4662 9096 14
4662 9292 2
4662 9740 1
4662 9787 3
4666 9924 1
4666 9450 2
4666 9543 1
4666 9620 1
4666 8563 1
4666 9878 1
4666 8632 1
4666 9511 6
4666 8802 1
4666 9552 1
4666 8993 1
4666 8616 19
4666 9604 2
4666 9996 1
4686 9122 45
4686 9514 1
4686 9814 1
4699 8961 2
4699 8671 1
4699 9363 1
4707 9681 1
4707 8996 2
4707 9146 1
4720 9136 1
4720 9639 3
4729 8937 2
4735 9841 2
4748 9952 1
4748 8678 4
4748 9703 10
4750 9952 7
4753 9494 1
4754 9974 1
4754 9443 1
4754 9508 1
4754 9540 1
4754 8563 1
4754 8627 1
4754 9049 1
4758 9511 15
4758 9998 2
4758 9259 1
4758 9282 1
4758 9260 1
4773 8740 2
4773 8705 3
4773 8789 6
4780 9752 1
4780 8555 1
4780 8728 1
4780 9617 1
4782 9361 1
4782 9237 26
4782 9458 3
4801 9360 2
4816 8712 1
4816 9932 1
4831 9882 2
4862 8895 9
4888 9889 4
4888 8738 3
4888 8625 4
4888 9229 1
4888 9390 2
4888 9514 2
4888 9827 4
4889 8667 1
4889 9073 1
4894 9037 1
4894 9911 1
4896 9463 1
4896 9621 2
4896 9931 1
4902 8693 4
4902 8758 1
4902 9871 3
4902 9122 2
4927 9080 1
4927 9519 9
4933 9785 2
4933 9033 1
4935 8751 1
4935 9116 3
4935 9216 1
4935 9769 1
4940 9630 1
4940 9667 1
4940 9821 1
4940 8881 1
4940 9375 1
4940 9772 2
4971 9270 1
4971 8739 1
4971 9830 5
4971 9920 3
4971 9251 2
4973 9494 1
4973 8900 1
4977 8805 29
4977 9170 4
4977 9998 11
4977 8640 1
4989 9289 1
4989 9262 2
4989 9730 4
4989 9822 2
4989 9415 1
4993 9905 17
4993 8576 1
5017 8976 1
5017 9087 1
5032 8693 3
5037 9051 1
5037 8601 1
5037 9002 1
5037 9315 1
5037 8953 1
5037 9337 6
5037 9724 2
5037 9777 3
5044 8685 1
5044 9540 2
5044 9778 1
5049 9159 1
5049 8744 2
5049 9532 1
5049 9872 4
5058 9474 3
5058 9875 1
5065 9283 4
5066 9613 1
5066 9762 2
5067 9519 1
5067 9292 1
5067 9667 2
5067 8881 1
5067 9296 1
5079 9884 3
5079 9401 1
5079 9904 2
5079 9481 1
5079 9889 2
5080 9393 1
5080 8737 1
5080 9353 1
5080 9527 2
5080 9856 1
5080 9603 1
5080 9966 1
5088 8596 9
5088 9341 1
5096 8953 1
5096 8778 1
5096 8806 1
5096 9904 1
5112 9512 2
5112 8741 1
5112 9308 18
5112 8928 5
5112 9818 1
5112 8836 3
5112 9494 1
5112 9949 1
5118 8748 1
5118 9464 3
5118 9636 8
5118 9966 2
5127 9859 5
5127 9003 1
5127 9369 3
5145 9788 1
5145 9991 1
5145 9423 1
5157 9500 1
5157 9969 3
5157 9978 1
5201 9088 1
5201 9015 2
5201 9487 4
5209 9225 1
5209 9311 1
5209 9987 2
5215 9710 2
5215 9317 1
5221 9132 1
5221 9760 2
5237 9839 1
5237 9283 5
5237 8894 2
5237 9215 1
5244 8577 3
5244 9527 1
5244 8877 1
5244 8909 1
5244 9313 1
5244 9477 3
5245 8714 2
5245 9837 5
5245 8907 4
5245 9131 1
5245 9797 4
5245 9972 1
5255 9185 1
5255 8986 1
5255 9508 1
5255 9679 1
5264 9182 1
5264 9620 3
5289 9842 3
5289 8641 23
5308 9787 2
5308 8833 1
5308 9766 1
5355 9864 1
5355 8753 6
5362 9667 2
5368 9859 2
5368 9250 71
5368 8612 9
5368 9342 1
5372 9943 2
5372 8906 2
5376 9514 1
5376 9307 1
5376 8607 2
5377 8656 1
5377 9086 3
5377 8932 2
5383 9002 1
5383 8759 1
5383 9538 1
5383 8831 1
5383 8925 2
5383 9390 2
5390 9354 1
5390 8667 1
5390 9225 2
5401 8806 3
5401 9378 1
5405 9782 1
5405 9066 1
5405 8931 1
5405 9565 2
5405 8895 1
5405 8852 1
5405 9838 2
5420 8562 1
5420 9422 1
5420 9042 1
5420 8857 7
5459 8919 1
5459 9054 1
5462 8715 10
5462 9476 1
5462 9731 1
5462 9965 5
5462 8926 2
5462 9447 1
5465 8843 1
5465 8734 3
5465 9660 2
5465 9673 3
5465 9758 1
5465 9452 1
5465 9475 1
5500 9928 1
5500 8658 3
5500 9935 1
5500 9370 1
5506 8730 1
5506 8576 1
5506 8580 1
5506 9136 6
5514 9674 3
5514 9467 3
5539 8985 1
5539 9395 1
5539 9596 4
5541 9477 2
5541 8883 1
5541 9784 1
5546 8561 4
5592 8871 4
5592 9813 1
5613 9527 1
5613 9927 1
5667 9498 1
5667 9028 1
5667 8765 1
5667 9895 1
5667 8946 1
5667 9528 1
5668 9611 1
5668 8715 1
5668 9200 1
5668 9463 1
5668 9955 9
5700 9204 4
5700 9454 1
5713 9234 1
5713 9500 1
5713 9233 1
5713 9488 3
5713 9080 1
5719 8974 1
5719 8858 1
5719 9263 1
5719 9571 1
5722 9088 4
5722 9203 1
5722 9682 1
5722 9001 2
5725 8765 1
5725 9207 13
5725 9501 51
5725 9317 1
5725 8666 1
5734 9992 1
5738 9927 1
5738 9266 1
5738 8910 6
5740 9158 3
5740 8712 4
5740 9476 1
5740 9187 2
5750 8858 1
5750 8935 1
5755 8997 1
5755 9041 2
5755 9014 2
5755 9143 1
5762 9648 3
5771 9139 1
5771 9363 1
5771 9569 19
5780 9932 1
5780 9534 6
5780 9691 2
5780 8576 1
5780 8955 3
5792 9665 3
5792 8617 1
5792 8596 1
5792 9840 3
5811 8604 1
5811 8996 1
5819 9230 1
5819 9671 1
5819 9930 1
5819 8797 5
5820 9488 1
5820 8753 2
5820 8904 1
5820 8985 4
5824 9768 2
5824 9875 1
5824 9881 1
5824 9316 1
5824 9107 31
5824 9135 59
5824 9681 1
5824 9239 28
5838 9360 3
5838 9427 1
5838 9921 30
5838 8599 1
5842 9958 1
5842 9545 2
5842 9280 2
5842 9324 1
5847 8876 2
5847 9404 17
5847 8758 7
5847 9681 1
5858 9696 2
5866 8777 1
5866 9506 1
5866 9547 1
5866 9569 1
5894 9172 1
5894 9103 1
5894 9430 1
5894 9632 8
5894 9329 1
5894 8634 1
5894 8801 1
5895 9025 3
5895 8662 1
5895 9497 1
5900 8814 1
5900 9090 3
5900 8569 1
5901 9957 1
5901 9130 1
5901 9204 1
5901 8687 1
5901 9429 3
5901 9931 1
5916 8832 1
5916 9654 3
5916 9084 1
5928 9564 3
5928 9718 1
5928 9923 1
5928 8848 12
5928 9019 1
5928 9475 5
5928 9515 5
5928 9965 1
5928 9121 1
5928 9775 2
5928 8760 1
5928 9109 1
5928 9764 1
5929 8700 2
5929 8933 1
5929 9085 6
5936 9770 2
5936 9408 12
5936 9867 39
5946 9979 2
5946 8832 30
5946 9291 1
5946 9380 3
5946 9905 5
5952 8986 1
5952 9863 1
5952 9013 3
5952 9083 1
5953 8632 1
5953 8909 1
5953 8899 1
5953 8671 2
5953 8881 1
5953 8840 1
5953 8663 1
5953 9034 1
5972 9083 1
5982 9860 1
5982 9866 1
5982 9119 3
5982 9331 2
5982 9310 1
5982 8686 1
5982 9773 1
5982 8887 2
6003 8822 2
6003 9946 2
6003 8856 1
6003 8627 1
6003 8860 1
6003 9306 1
6014 9456 5
6014 9007 1
6036 8554 1
6036 9583 3
6036 9491 2
6036 8765 2
6047 8729 1
6047 8816 1
6047 9004 4
6051 9487 1
6051 9294 1
6051 8575 5
6051 9023 2
6069 9017 1
6069 9593 2
6093 9189 1
6093 8925 2
6114 9098 1
6114 9602 2
6114 8668 3
6114 9683 50
6114 9835 1
6116 9751 1
6116 9312 1
6125 9540 1
6125 9254 1
6125 8658 2
6125 9589 1
6130 8814 3
6130 9343 1
6136 9693 1
6136 9440 1
6136 9499 2
6136 9116 2
6136 9950 1
6136 9972 1
6136 8925 2
6136 8997 1
6161 9119 1
6161 8946 2
6161 9866 1
6177 8865 1
6177 9271 1
6177 9460 2
6177 9026 1
6177 9226 1
6207 9108 4
6207 8663 4
6207 9495 1
6207 9813 1
6207 8951 1
6207 8730 1
6208 9492 1
6208 9990 1
6208 9608 2
6217 9933 1
6217 9976 1
6217 8937 1
6224 8967 1
6251 9596 1
6251 8679 3
6255 8795 1
6255 9609 3
6255 8616 1
6256 9778 1
6256 9254 2
6256 9001 1
6266 9111 28
6266 8955 1
6266 9287 1
6266 8740 1
6266 8727 1
6266 9427 3
6266 9939 1
6268 9983 1
6268 9540 6
6268 9675 1
6268 9832 1
6307 9949 1
6307 8599 1
6307 9353 1
6307 9220 1
6318 9916 1
6318 9176 1
6318 9081 1
6355 9725 9
6355 9060 1
6355 8850 2
6355 8887 13
6355 9327 2
6355 9945 4
6355 9169 1
6355 9687 1
6364 8556 9
6364 9573 1
6365 9060 3
6365 9515 1
6365 9327 3
6398 9316 4
6398 9205 1
6398 8866 2
6398 8653 2
6407 9991 1
6407 9163 1
6418 9271 1
6418 9952 1
6423 8865 1
6423 9058 1
6423 8877 1
6423 9159 7
6423 9189 2
6426 9830 4
6437 8576 2
6437 8578 1
6437 9763 2
6437 9015 1
6470 8736 1
6470 9666 1
6470 9250 1
6470 9573 4
6486 9120 2
6486 9583 1
6486 9623 1
6486 8639 1
6500 8648 1
6500 8887 1
6500 8688 1
6500 8628 4
6500 9657 1
6512 8756 1
6512 8700 38
6512 9285 1
6512 9123 3
6512 9145 1
6512 9035 2
6512 9962 1
6522 8942 1
6522 9921 1
6522 9357 2
6522 9029 1
6522 9671 1
6522 9766 1
6522 8818 2
6527 8706 1
6527 8902 1
6529 9557 1
6529 9139 1
6529 9130 6
6529 8623 6
6529 9661 22
6530 9813 1
6530 9495 1
6530 9422 5
6530 8729 1
6530 9705 2
6531 8897 16
6531 8896 1
6540 8991 1
6540 8741 5
6540 9104 4
6569 9790 1
6569 9867 1
6569 9872 2
6569 8696 6
6569 9136 1
6570 9882 2
6570 9974 1
6570 9285 1
6570 9488 1
6570 9777 6
6570 8680 1
6581 9478 1
6581 8702 1
6584 9649 2
6584 9574 7
6584 8993 12
6584 9338 1
6592 8729 6
6592 9043 1
6592 8934 3
6592 9329 1
6599 8826 1
6599 9115 89
6599 9254 1
6609 8656 1
6609 9582 1
6609 9151 1
6609 9859 1
6615 9009 2
6615 9075 5
6615 9673 1
6615 9790 1
6629 9259 1
6629 9582 3
6633 9553 1
6638 9622 50
6638 9203 1
6638 9575 7
6638 9437 1
6641 9467 1
6641 8766 3
6641 9015 1
6641 9398 2
6641 9711 1
6641 9713 1
6641 9778 2
6652 9818 11
6652 9922 1
6652 9490 1
6656 9739 1
6656 8696 1
6656 9384 1
6656 9389 1
6656 8866 69
6658 9026 1
6658 9534 1
6666 9702 1
6666 9980 3
6666 9825 1
6666 9538 1
6666 9991 2
6666 9052 1
6666 9322 1
6688 9552 1
6688 9725 1
6688 9380 1
6689 8936 2
6689 9086 1
6689 8987 1
6689 9474 1
6689 9151 3
6689 9303 1
6689 9913 1
6689 9404 2
6696 9025 1
6696 9466 3
6708 9415 1
6708 8969 2
6708 9311 1
6708 9696 4
6708 9163 1
6708 8752 2
6708 8630 10
6708 9627 3
6708 9821 1
6709 9083 1
6709 8606 1
6709 9268 1
6709 9895 1
6715 8827 1
6715 8558 1
6715 9002 1
6715 9701 7
6715 9730 1
6715 9104 1
6715 9551 14
6715 9610 1
6718 9905 1
6718 9674 1
6718 9492 1
6718 9135 1
6718 9179 1
6730 8925 2
6730 9790 4
6730 9364 1
6730 9850 1
6748 8988 1
6748 9801 1
6748 9966 2
6748 9732 1
6750 8736 2
6750 8755 1
6750 9836 12
6752 9844 1
6752 9817 4
6752 9413 1
6752 9651 10
6752 9263 1
6752 9301 1
6764 8890 1
6764 9323 2
6764 9254 6
6764 8860 1
6764 8896 2
6764 9916 1
6797 8615 1
6797 9127 1
6797 9140 2
6797 9665 1
6828 8877 1
6869 9234 1
6869 9637 1
6869 9924 6
6869 9933 1
6869 8897 1
6869 9450 4
6881 9293 1
6881 9022 1
6881 9393 4
6881 8979 1
6886 9079 46
6886 9532 1
6886 9773 1
6886 9063 1
6886 9411 27
6886 9366 1
6886 9781 2
6886 9057 1
6918 9776 1
6918 9016 2
6934 9365 1
6934 9439 1
6934 9295 2
6934 9921 3
6934 8776 13
6938 8745 1
6938 9503 1
6938 9615 1
6942 9729 6
6942 8812 4
6942 9545 1
6960 9196 1
6960 9834 1
6960 9749 9
6969 9782 1
6969 9343 1
6969 8635 1
7000 9273 1
7000 9412 7
7000 9275 2
7018 9014 1
7018 9904 1
7036 9792 3
7036 8905 1
7036 9678 1
7036 9957 1
7036 8604 1
7036 9075 1
7051 9724 1
7051 8713 1
7051 8599 2
7051 8776 1
7051 9112 1
7051 8795 2
7051 8658 1
7052 9964 1
7052 9180 1
7052 9181 2
7052 9326 1
7052 8558 1
7053 9742 1
7053 9843 1
7053 9421 5
7071 8814 2
7080 9349 2
7080 8607 7
7080 9161 8
7080 9279 1
7089 9192 1
7089 8769 63
7089 8991 1
7090 9184 2
7090 9728 1
7102 8692 1
7102 9228 1
7102 9022 1
7125 9992 2
7125 8891 1
7125 9070 1
7125 9687 25
7125 9909 16
7126 8624 1
7126 9238 1
7126 9260 1
7133 9791 6
7133 9351 1
7133 9572 11
7133 9712 2
7133 8875 1
7133 9484 2
7133 9173 1
7133 8670 1
7133 8891 1
7133 8969 4
7133 9285 1
7133 9443 1
7133 9630 1
7142 8976 12
7142 9491 1
7164 9635 2
7167 9598 1
7174 8933 1
7174 9420 7
7174 9205 49
7174 9400 16
7195 8788 1
7195 8973 2
7195 9498 1
7195 9850 2
7195 8826 5
7204 9239 36
7204 9481 1
7207 8934 1
7207 8808 3
7207 9200 1
7207 9458 4
7207 8615 2
7207 9486 1
7211 9490 1
7211 9257 4
7211 8748 1
7211 9115 1
7211 9156 1
7211 9784 1
7221 9453 6
7221 8993 1
7221 9460 2
7221 9774 1
7221 8981 1
7221 8676 1
7221 9298 2
7237 8826 1
7245 8620 2
7245 9101 1
7245 9770 2
7261 9435 1
7261 9426 4
7263 9042 1
7263 9433 1
7263 9823 1
7271 9440 1
7271 9494 2
7272 8698 1
7272 9160 4
7272 9678 2
7272 9103 1
7272 9491 1
7272 9552 1
7274 9168 11
7274 9646 2
7274 9171 200
7274 9452 4
7306 9966 2
7306 9522 1
7316 9604 1
7316 8676 1
7316 9731 1
7316 9014 1
7318 9644 1
7318 9553 1
7318 9086 1
7321 9042 1
7321 9822 1
7330 8581 1
7330 9813 1
7344 9900 8
7344 9660 1
7344 9607 1
7344 8899 3
7344 9297 1
7366 9135 3
7366 9292 1
7380 9831 1
7385 9327 1
7385 9786 3
7385 9990 1
7385 9927 1
7393 9229 1
7394 8818 3
7394 9978 4
7414 9629 1
7414 8756 2
7414 9742 1
7414 8819 1
7417 9212 2
7417 8562 1
7417 9079 22
7426 8698 1
7426 8785 1
7426 9086 1
7456 8752 1
7456 8740 1
7456 9604 1
7457 8694 6
7457 9081 1
7457 8833 1
7458 9946 1
7458 9773 2
7494 9634 2
7494 9041 1
7494 9638 1
7516 9831 1
7530 9581 2
7530 9771 3
7530 8955 1
7530 9576 1
7538 9183 1
7538 9349 1
7538 9760 2
7539 9384 1
7539 8872 1
7539 9268 2
7539 8815 1
7546 9369 1
7546 9675 1
7546 9904 2
7546 9831 1
7546 9979 6
7546 8616 3
7546 9120 1
7546 9174 1
7546 9530 1
7546 9348 1
7546 9935 2
7547 8621 2
7547 9791 5
7547 9931 1
7547 9478 1
7558 8693 1
7558 9931 14
7558 9297 1
7558 8785 11
7558 8690 1
7558 8944 7
7558 9138 1
7569 9506 7
7569 9405 3
7569 9413 110
7569 9847 1
7574 9522 1
7576 9391 1
7576 8639 1
7576 8813 5
7588 8970 5
7588 8625 1
7588 8919 3
7588 9586 1
7597 9964 1
7597 9673 2
7597 9666 1
7608 9621 3
7608 8747 1
7608 9896 1
7612 9263 1
7612 8831 1
7613 9096 27
7613 8993 1
7613 9744 1
7613 9548 2
7633 8792 1
7633 9140 1
7633 9224 1
7633 9549 1
7654 9320 1
7654 8819 4
7654 9067 1
7654 9095 1
7661 8824 5
7661 9490 1
7661 9835 5
7661 8816 2
7666 8680 2
7666 9498 1
7666 9513 3
7666 9205 1
7666 9025 3
7666 9809 1
7666 8663 2
7666 8685 2
7666 8746 3
7677 9799 1
7677 9054 1
7697 9675 3
7697 9630 2
7697 8858 2
7701 9986 1
7701 8639 1
7701 8767 8
7701 9393 78
7732 8584 1
7732 8712 2
7732 9977 1
7732 9563 1
7742 9609 1
7742 9615 5
7742 9774 1
7748 9088 1
7748 8687 2
7748 8854 3
7748 9387 1
7748 9710 1
7773 9662 1
7773 9363 17
7773 9247 200
7773 8583 1
7773 8778 1
7780 9246 1
7780 8698 2
7780 9965 1
7781 9507 53
7781 8635 2
7815 9857 1
7815 9632 1
7823 9723 2
7823 9693 2
7825 9961 7
7825 8977 1
7871 9171 1
7871 8707 3
7871 9042 5
7914 9412 2
7914 8853 2
7914 9145 1
7914 9329 6
7914 9833 1
7914 9905 1
7927 9143 2
7927 9817 1
7946 9647 6
7946 8675 1
7946 9191 1
7946 8684 4
7982 8982 1
7985 9437 4
7985 9320 1
7994 9769 1
8005 9880 8
8005 8704 1
8005 9028 3
8010 8666 1
8010 8714 1
8010 9509 2
8010 8671 1
8010 9233 1
8014 9364 1
8014 8906 1
8014 8674 1
8014 8702 1
8024 9062 1
8024 9861 5
8024 9767 38
8024 8878 1
8024 9389 1
8030 9817 2
8030 9084 1
8030 9809 1
8030 9616 2
8030 9112 3
8049 9823 2
8049 8857 2
8049 9746 3
8049 9843 1
8113 9355 1
8113 9571 1
8113 9778 1
8113 9174 1
8113 9273 1
8113 9501 1
8122 9192 1
8122 9233 2
8122 9769 28
8122 8996 3
8122 9470 1
8125 8621 1
8125 9924 1
8130 9108 1
8142 8621 1
8142 9691 13
8142 9433 2
8142 8730 1
8142 9353 1
8149 8563 86
8149 9313 1
8149 9970 3
8149 9865 2
8166 8629 8
8166 9063 1
8166 8686 1
8166 9316 1
8166 8819 1
8166 9090 2
8166 9663 1
8171 9483 1
8174 9788 1
8174 8579 1
8174 8931 1
8174 9699 1
8174 9724 1
8177 8727 1
8177 9370 3
8177 9514 1
8177 9801 1
8178 8990 1
8204 8909 1
8204 9706 1
8204 9735 1
8204 9639 1
8204 9690 1
8204 9755 1
8211 8671 1
8211 8846 2
8211 9035 12
8211 9137 1
8218 9670 1
8218 9004 1
8254 9391 1
8266 9540 1
8266 9179 1
8266 9528 1
8274 9661 1
8274 9776 1
8274 9330 1
8274 9559 3
8278 8854 1
8278 8728 2
8278 9183 2
8279 9238 1
8279 9813 200
8279 9492 2
8279 9931 2
8281 8932 2
8281 9038 1
8288 9782 4
8292 8670 1
8292 8924 1
8292 9461 2
8292 8736 1
8292 9991 2
8296 9920 1
8296 9163 3
8296 9208 2
8296 9515 1
8312 8971 1
8312 9545 1
8312 9666 1
8312 9050 4
8315 9140 2
8315 9747 91
8315 9574 1
8336 9939 1
8336 9933 2
8336 9640 5
8336 8756 1
8336 9847 1
8337 9784 1
8337 9571 5
8337 9681 2
8337 9547 1
8337 8635 1
8337 9365 2
8337 9154 1
8337 9505 1
8344 9284 1
8344 8848 1
8344 9393 1
8344 9558 3
8350 8910 2
8350 9052 1
8350 9462 2
8350 9766 1
8350 8876 1
8350 9808 1
8371 9435 1
8371 8601 2
8372 9574 1
8372 8899 6
8372 9869 1
8372 9900 1
8383 9610 4
8383 9950 1
8384 9486 1
8384 9083 1
8384 9168 1
8385 8816 1
8385 8937 2
8385 9226 3
8385 9596 57
8385 9806 1
8385 8806 5
8385 9181 1
8385 9312 1
8385 9984 1
8389 8723 1
8389 9656 1
8389 9216 1
8389 9283 1
8408 9994 1
8408 8903 1
8411 8690 1
8411 9512 1
8422 8876 13
8422 8746 1
8422 9456 1
8422 9413 1
8429 8676 1
8429 9506 1
8429 9700 2
8429 9186 3
8433 8824 1
8433 9175 4
8433 9176 5
8437 9117 16
8437 9086 1
8437 9296 1
8437 9810 1
8437 9837 5
8447 9049 7
8447 8671 1
8447 9618 1
8447 9924 2
8447 9326 2
8449 8822 1
8449 9140 4
8449 8558 1
8449 9828 2
8449 8911 4
8449 9740 1
8457 8555 1
8457 8963 1
8457 8974 1
8469 9856 2
8469 9372 2
8469 9986 1
8469 9140 10
8469 8837 1
8469 9088 2
8481 8965 1
8481 9298 1
8481 9359 2
8481 9435 1
8485 9553 3
8485 9370 1
8485 9969 14
8491 9618 1
8491 8937 3
8491 9697 1
8491 9553 1
8491 9616 1
8491 8579 2
8491 9647 2
8492 9889 4
8492 9782 1
8504 9080 2
8504 9143 16
8505 9200 1
8505 9928 1
8505 9143 1
8505 8759 3
8505 8788 1
8505 9119 4
8505 8792 1
8505 8973 1
8509 9825 3
8509 8972 2
8509 9124 2
8530 8739 1
8530 9284 4
8532 9136 1
8536 9962 8
8536 9266 3
8536 9366 1
8537 9498 1
8549 8899 1
8549 9706 1
8549 8560 31
8549 9637 3
8550 8826 1
8550 8679 2
8550 9185 3
8554 8582 2
8554 9819 1
8556 9457 161
8557 9589 1
8557 8864 1
8563 9024 1
8564 8937 1
8564 9294 2
8564 8569 1
8564 8634 2
8564 8813 7
8564 9844 3
8564 9357 2
8564 9570 1
8565 8947 1
8565 8818 3
8565 9979 1
8565 8581 1
8565 9509 1
8566 9166 1
8566 9689 1
8567 8647 1
8567 8951 2
8567 9355 1
8567 8965 1
8567 8620 200
8567 8803 1
8567 9813 1
8568 9311 18
8568 9544 2
8568 8712 1
8569 8571 2
8570 9188 1
8570 9178 1
8571 9140 1
8571 9762 2
8571 9945 1
8572 8718 1
8573 9040 1
8573 9036 1
8574 8764 1
8574 8868 9
8574 8720 20
8575 9048 1
8575 8732 1
8578 9489 1
8579 9719 1
8580 9276 4
8583 8774 1
8584 8867 1
8584 9053 11
8586 9077 1
8587 8875 2
8587 9016 16
8587 9598 1
8588 9943 8
8588 8737 2
8589 9850 2
8589 9864 1
8590 9916 1
8591 9441 1
8591 8941 1
8592 9413 3
8592 9839 9
8592 9353 1
8592 9017 1
8593 9186 2
8593 9623 1
8593 9830 4
8594 8939 1
8594 8865 4
8594 9598 1
8594 8653 2
8594 9439 4
8594 9497 2
8594 9703 2
8594 8738 3
8594 8762 1
8594 9206 3
8594 9365 1
8595 9352 1
8595 9045 2
8595 8600 1
8596 8618 1
8596 8631 1
8597 9459 1
8597 9702 3
8598 8823 2
8599 8879 1
8600 9180 1
8600 9609 4
8600 9771 1
8600 9229 1
8600 9899 1
8601 8845 2
8602 9060 1
8602 8852 1
8602 9041 1
8603 9171 1
8603 9034 3
8605 8651 1
8605 9342 1
8605 9114 2
8605 9421 1
8605 9192 1
8607 8873 1
8607 8793 11
8608 9481 2
8608 8686 1
8608 9372 1
8608 9745 1
8609 8882 1
8610 8827 1
8610 9341 1
8611 9638 1
8611 8621 1
8611 9488 2
8612 9165 1
8613 9469 29
8613 9204 1
8613 8939 1
8613 9168 2
8614 9391 1
8616 9719 1
8616 9590 1
8618 9930 1
8619 9768 2
8619 8748 1
8619 9956 2
8619 9930 1
8623 8774 1
8624 8975 27
8625 9655 1
8625 8952 7
8626 9602 1
8626 9003 1
8626 9349 1
8627 9908 1
8628 9719 15
8629 8657 1
8630 8646 2
8631 8734 1
8631 8692 1
8631 9446 1
8632 8988 4
8632 8720 2
8633 8641 2
8633 8916 3
8633 9959 1
8636 8825 2
8637 9222 1
8638 8713 2
8638 9649 1
8641 8780 1
8643 9101 2
8643 9219 1
8643 9878 1
8644 9964 3
8644 8916 1
8645 9078 1
8645 9574 1
8646 9546 13
8646 9112 1
8646 8827 1
8646 8715 10
8646 8926 1
8646 8983 1
8646 9618 2
8647 8845 4
8648 8772 1
8648 8750 1
8649 9020 1
8649 9796 6
8650 8898 1
8650 9634 1
8650 9717 1
8651 8764 1
8652 8977 1
8652 9768 1
8652 9463 1
8652 8941 1
8652 8971 1
8652 9499 2
8654 8826 10
8654 9426 2
8654 9599 8
8654 9085 2
8654 9565 2
8655 9666 1
8655 9070 1
8657 8743 1
8657 8773 1
8657 9192 2
8662 8968 12
8662 8683 2
8662 8799 1
8664 8716 8
8664 9814 1
8664 8971 8
8664 9975 1
8664 8700 3
8665 9726 1
8665 8921 1
8667 8908 1
8668 9077 1
8668 8915 2
8668 9011 1
8668 9537 32
8669 8736 1
8669 9020 4
8670 8829 7
8672 9286 1
8672 9408 3
8672 8769 1
8673 9876 1
8674 8735 1
8674 8681 1
8676 9597 1
8677 8739 1
8677 9298 41
8677 9555 10
8680 9335 1
8681 9977 10
8681 9221 1
8681 9488 1
8681 9521 1
8681 9772 2
8681 9984 5
8681 8902 1
8681 9072 2
8681 9791 1
8681 9960 22
8681 9122 1
8681 9986 5
8682 9872 1
8683 9186 5
8683 8962 1
8683 9441 2
8683 9980 1
8684 9077 2
8684 8771 1
8685 8867 132
8689 9508 20
8689 9441 1
8691 8871 1
8691 8900 1
8693 8927 92
8693 8717 15
8694 8697 1
8694 8867 2
8694 8799 2
8696 8859 4
8697 9390 1
8697 9252 2
8697 9522 1
8697 9002 4
8699 9804 1
8699 9109 1
8699 9603 1
8700 9077 1
8701 9259 3
8701 9505 1
8701 8767 5
8701 9702 1
8701 9998 1
8702 9655 1
8703 9026 1
8703 9146 1
8703 9208 1
8703 9283 1
8703 8790 3
8704 8851 1
8705 8870 1
8706 8763 1
8707 9276 1
8708 8813 1
8708 9230 1
8709 8896 1
8709 9348 2
8709 9884 1
8709 9293 1
8709 9690 3
8710 8829 1
8711 9830 6
8711 9397 1
8713 8775 1
8716 9719 5
8717 9123 2
8718 9186 1
8718 9356 2
8718 8777 1
8719 8870 72
8720 9415 4
8720 8987 1
8720 9286 1
8720 9578 2
8720 9620 3
8721 8795 1
8721 9992 1
8722 9275 1
8722 8729 1
8722 9603 1
8723 9489 1
8724 9936 2
8724 8851 3
8725 9694 1
8726 9053 1
8727 8884 1
8731 8893 1
8731 9206 1
8731 9828 1
8731 9021 1
8731 9636 1
8732 9226 1
8732 9559 1
8734 8750 1
8735 9035 1
8739 8999 1
8742 9864 1
8745 9819 5
8745 9031 1
8746 8968 5
8747 9457 1
8748 9053 1
8749 8922 1
8750 9485 1
8750 9958 2
8750 8969 2
8750 9124 1
8750 9303 1
8751 8851 1
8754 9123 3
8754 9132 1
8754 9693 1
8755 9726 2
8756 8869 1
8757 8878 4
8757 8933 3
8757 9995 1
8760 8966 1
8760 9936 1
8760 9012 1
8760 8920 1
8761 9501 1
8762 8783 2
8763 9932 1
8763 9237 1
8763 9653 3
8763 9867 1
8763 9714 1
8764 9355 31
8764 9411 1
8764 8953 4
8764 9116 2
8764 9932 1
8765 8989 1
8766 9383 2
8766 8768 21
8768 9279 4
8768 8827 1
8768 9072 2
8770 9111 2
8770 9274 1
8770 9744 4
8771 9721 1
8771 9928 1
8771 9085 1
8771 9907 55
8772 9458 4
8772 8806 2
8772 9363 1
8772 9477 2
8772 9223 1
8772 9496 1
8773 9853 13
8774 8821 1
8774 9950 3
8774 8924 2
8774 9870 2
8775 9454 1
8775 9493 1
8775 9667 7
8779 9411 1
8779 9649 1
8780 8939 1
8780 9429 1
8780 9712 1
8781 8838 1
8781 9785 1
8782 9497 1
8782 8953 1
8782 9360 1
8782 8986 1
8782 9934 1
8783 8983 1
8783 9478 1
8783 9431 2
8784 9155 1
8784 9280 1
8784 9161 11
8784 9123 1
8784 9723 1
8784 9485 1
8784 9061 5
8785 9643 1
8787 8950 1
8787 9370 1
8793 8967 2
8793 9307 2
8793 8805 16
8793 8962 10
8793 9791 2
8794 9976 2
8794 9287 1
8794 9553 1
8796 8863 3
8797 8901 1
8798 9063 1
8798 9838 1
8798 9584 3
8799 9171 2
8800 9924 1
8800 9357 2
8800 9576 1
8800 9551 1
8800 9715 1
8800 9961 4
8800 8894 1
8801 8869 1
8802 8830 1
8802 8938 1
8804 9274 1
8804 8902 6
8804 9150 1
8807 9943 1
8807 9764 3
8807 8824 1
8807 9493 1
8807 8990 3
8807 9956 3
8808 9024 1
8809 9309 4
8810 9590 1
8810 9367 1
8811 8822 1
8811 9366 3
8811 9421 113
8811 9563 3
8811 9028 6
8812 9008 3
8815 8959 2
8817 8818 2
8820 9673 2
8820 9988 1
8823 9532 3
8823 9771 1
8824 9304 2
8825 9804 1
8825 9709 3
8825 9644 1
8825 9452 2
8825 9125 1
8825 9420 1
8826 9590 1
8828 8926 1
8828 8944 1
8828 9696 1
8829 9331 12
8829 9490 2
8830 9922 1
8830 8923 4
8830 8943 4
8832 8994 1
8835 9574 1
8835 9051 1
8835 9067 1
8835 9579 9
8835 9715 2
8836 9077 5
8839 8930 2
8840 9008 1
8841 8949 1
8841 9997 3
8842 9421 1
8842 9066 2
8842 9201 2
8844 9489 2
8845 9758 5
8847 9224 2
8847 9572 1
8847 9732 3
8847 9184 4
8849 9365 1
8849 9054 1
8849 9409 1
8849 9127 1
8849 9519 1
8849 9440 1
8851 8963 1
8851 9113 13
8851 8991 26
8852 8874 1
8852 9031 1
8852 9006 1
8854 8978 1
8857 9056 11
8858 9783 1
8858 9888 1
8859 9323 1
8861 9285 1
8861 9271 2
8862 9350 1
8862 9437 1
8862 9511 1
8862 9652 4
8863 9098 1
8863 9653 1
8864 8914 15
8865 8886 3
8867 9398 1
8867 9361 3
8867 9405 1
8868 9548 1
8868 8923 1
8868 9900 1
8869 8896 1
8869 9836 2
8870 9076 3
8870 9749 6
8872 9276 7
8873 9099 1
8873 9485 3
8874 9287 1
8874 9828 2
8874 9995 1
8874 9049 1
8874 9188 1
8874 8931 10
8874 9073 1
8874 9521 5
8874 9881 159
8879 9610 5
8879 9070 32
8879 9623 1
8879 9828 2
8879 9960 5
8879 9526 2
8879 9671 9
8882 9751 2
8882 9034 1
8882 9439 1
8882 9496 1
8884 9107 5
8884 9422 1
8884 9855 1
8884 9577 20
8884 9588 8
8885 9172 7
8885 9546 1
8886 9150 1
8886 9621 1
8886 9940 1
8890 9457 1
8892 8965 1
8892 8898 3
8895 9309 3
8901 9464 1
8901 9247 2
8903 9005 1
8904 8915 1
8905 8930 3
8907 9053 19
8908 9384 1
8910 8988 1
8911 8968 1
8912 9332 1
8914 9135 23
8915 9016 1
8915 9505 1
8915 9529 1
8916 9597 1
8917 9729 1
8917 9527 2
8918 9608 1
8920 9769 2
8920 9729 1
8921 8923 2
8921 9242 2
8921 9599 1
8921 9828 4
8926 9339 1
8927 8970 7
8927 9527 1
8927 9940 1
8928 9444 1
8929 9273 1
8929 9252 1
8929 9437 17
8929 9988 1
8930 9622 1
8936 9309 2
8938 9810 1
8938 9909 1
8938 9768 5
8938 9857 2
8940 9954 1
8940 9206 1
8940 9788 1
8944 9334 1
8946 9968 1
8948 9874 4
8949 9479 1
8949 9186 2
8949 9667 1
8952 8991 1
8952 9226 1
8952 9605 4
8952 9311 2
8952 9575 1
8952 8984 1
8954 9839 25
8956 9191 2
8956 9096 1
8956 9974 1
8957 9821 1
8957 9694 3
8957 9809 3
8959 9860 1
8960 9006 1
8960 9068 1
8964 9401 3
8964 9094 1
8964 9682 12
8964 9605 1
8964 9361 1
8966 9412 2
8966 9775 1
8966 9170 3
8966 8991 2
8966 9913 1
8966 9166 4
8966 9320 12
8968 9665 2
8968 9075 1
8968 9344 1
8968 9960 2
8970 9055 2
8975 9474 6
8975 9121 1
8975 9237 2
8975 9199 1
8975 9856 1
8978 9986 1
8978 9087 3
8978 9928 1
8980 9503 2
8980 9280 1
8980 9876 1
8980 9975 3
8984 9379 3
8988 9530 2
8988 9618 2
8988 9699 4
8989 9110 6
8989 9584 1
8989 9731 1
8992 9003 1
8992 9295 2
8994 9613 2
8995 9090 4
8997 9024 1
8998 9076 2
8998 9333 1
8999 9613 1
9000 9102 4
9004 9040 1
9005 9744 1
9005 9144 61
9005 9463 2
9005 9954 3
9005 9767 1
9005 9436 1
9005 9833 1
9006 9796 9
9006 9747 1
9006 9434 16
9006 9970 1
9008 9813 1
9008 9405 1
9008 9019 30
9009 9039 1
9010 9489 2
9011 9553 2
9011 9411 2
9012 9453 10
9012 9100 5
9012 9772 6
9017 9077 1
9022 9036 1
9023 9053 1
9024 9117 3
9025 9277 1
9026 9997 1
9027 9656 1
9027 9311 10
9027 9689 1
9031 9509 1
9031 9079 1
9031 9855 1
9039 9772 1
9039 9275 1
9039 9652 2
9040 9361 1
9044 9277 3
9045 9320 4
9045 9180 2
9045 9952 1
9047 9551 1
9047 9784 2
9047 9312 1
9047 9391 1
9053 9307 2
9053 9690 1
9054 9845 1
9055 9661 1
9055 9640 2
9055 9811 1
9055 9843 1
9056 9173 1
9056 9095 4
9056 9753 53
9056 9213 1
9059 9935 3
9059 9804 1
9059 9874 55
9059 9623 1
9059 9187 1
9061 9419 1
9063 9419 1
9068 9113 1
9068 9262 2
9068 9128 98
9068 9287 4
9068 9456 4
9068 9829 2
9069 9695 3
9071 9233 1
9076 9888 2
9077 9767 1
9077 9732 1
9077 9834 2
9082 9951 1
9085 9419 1
9087 9102 5
9091 9664 1
9091 9430 2
9096 9936 1
9100 9444 13
9126 9206 1
9126 9960 1
9126 9306 2
9126 9308 1
9126 9709 1
9160 9277 1
9163 9425 1
9165 9303 3
9165 9999 1
9170 9542 1
9183 9367 1
9196 9819 1
9199 9379 1
9201 9719 2
9202 9367 2
9207 9339 1
9212 9826 1
9228 9444 1
9230 9936 3
9238 9936 1
9253 9415 1
9257 9908 1
9266 9614 4
9277 9683 2
9277 9296 1
9277 9841 1
9277 9503 2
9281 9309 2
9284 9385 2
9284 9936 2
9286 9377 12
9289 9888 1
9289 9367 1
9303 9377 1
9304 9359 1
9306 9783 7
9309 9976 1
9309 9500 1
9309 9669 1
9319 9643 1
9335 9491 1
9338 9419 1
9339 9356 3
9348 9643 13
9350 9444 5
9352 9359 8
9352 9679 1
9352 9696 1
9359 9597 2
9367 9481 2
9367 9791 1
9367 9699 2
9377 9834 1
9377 9528 1
9377 9753 1
9379 9653 1
9382 9988 1
9382 9604 4
9382 9678 3
9382 9403 1
9383 9718 2
9419 9885 2
9425 9519 1
9425 9515 1
9425 9534 7
9425 9581 7
9428 9798 1
9439 9783 1
9441 9888 1
9444 9962 1
9444 9701 2
9444 9988 2
9444 9808 3
9448 9852 21
9457 9606 1
9466 9888 94
9474 9888 1
9476 9997 1
9480 9937 2
9488 9719 1
9489 9810 1
9489 9781 1
9528 9719 1
9542 9990 1
9566 9999 2
9575 9971 1
9584 9738 1
9590 9796 1
9597 9683 2
9637 9643 2
9643 9899 2
9643 9902 1
9643 9832 1
9655 9656 1
9655 9680 5
9719 9920 1
9726 9923 7
9774 9971 1
9783 9832 1
9819 9987 1
9826 9985 1
9845 9979 27
9862 9936 1
9954 9971 3
