52 9286 1
56 9280 3
56 8661 1
56 8986 2
72 9648 1
72 8704 200
79 9365 1
86 9237 1
86 8968 1
98 8999 1
98 9280 2
98 9313 1
107 8545 1
107 9649 2
107 9451 6
107 9728 1
120 9286 1
130 9648 1
130 8947 4
130 9750 1
130 9950 1
135 9254 5
135 9640 2
135 8680 1
135 9168 1
151 9274 1
151 8831 3
163 8978 7
163 8872 1
163 9580 1
163 9951 1
163 8647 1
163 9593 1
177 8818 2
177 9579 3
177 9975 12
181 9179 1
181 9573 1
181 8866 1
181 9961 1
181 9995 2
182 8991 4
182 9426 1
182 9733 200
202 9689 1
202 9447 1
202 9888 5
202 9931 1
202 8695 1
212 9489 17
212 9677 1
216 9708 1
216 9561 4
216 9581 4
216 9277 1
216 9754 3
216 9143 38
216 9588 200
216 9948 7
221 9659 2
224 9008 1
224 9796 1
224 9692 1
224 8759 1
224 8963 6
245 9941 2
245 9703 3
245 9081 1
245 9389 1
245 9838 1
250 8854 2
250 9055 1
250 8857 1
250 8875 3
250 9629 98
250 9785 10
258 9652 1
258 9026 1
258 9977 10
265 9796 1
266 9226 1
276 8775 1
276 8756 2
295 9407 1
295 9015 1
309 8694 1
331 9624 1
331 9061 1
331 9256 1
331 8589 1
345 8813 2
345 9625 1
345 9450 3
368 9703 1
368 9568 2
368 9433 1
368 9694 1
372 9558 2
372 9959 2
372 9969 7
372 9045 1
372 9601 1
378 8865 1
378 9931 1
381 9371 1
381 9292 1
381 9524 6
381 9522 1
381 8751 1
381 8904 1
381 8723 2
381 9515 2
402 9998 2
402 9099 1
402 8703 1
402 9413 4
402 8765 1
402 8783 1
402 9122 3
402 9055 1
410 9256 1
410 9977 3
410 9479 1
410 9794 1
410 8815 1
410 8906 3
410 9054 8
410 9149 1
410 9184 3
425 8801 1
425 9093 15
425 9456 1
425 9579 1
432 9600 3
440 9197 8
440 9173 1
440 9972 1
450 9962 3
450 9645 1
450 9008 1
450 9594 1
453 9188 1
453 8899 1
453 9510 6
455 8695 1
455 8970 1
455 9009 6
455 9935 16
468 8858 5
476 8734 2
476 9757 1
493 9508 1
493 9977 1
493 8650 1
493 9873 11
498 9673 1
498 9546 2
509 8975 1
509 8841 1
514 8778 1
514 8599 1
514 8857 1
514 9120 1
514 9477 2
518 9404 38
518 8951 1
518 9793 1
518 9666 1
521 9743 3
521 9764 4
521 9351 1
521 9420 69
521 8831 1
521 8938 1
521 9700 1
521 9848 1
539 9392 2
539 8638 2
539 8644 200
539 9326 1
541 9319 1
541 8591 1
567 9064 1
567 9983 2
567 9165 2
567 9366 1
567 9821 1
575 9106 1
575 8744 7
575 9292 2
575 9433 2
575 9324 8
575 9884 1
586 8881 75
586 9872 1
586 9059 1
586 9794 1
586 9819 3
593 8662 3
593 9553 1
593 9685 1
596 9585 2
596 9657 4
596 8940 1
602 8857 1
603 9510 1
603 9807 1
603 9290 1
603 9934 3
603 8928 1
603 8805 14
603 8864 4
603 9313 1
612 9863 27
612 9385 5
612 9304 2
615 9384 5
615 9053 1
615 9199 1
615 8826 1
615 8619 1
615 8678 1
615 9729 1
618 8921 1
663 8807 7
663 9157 1
663 9087 1
663 9790 1
663 9912 7
670 9641 1
670 9267 1
685 9682 2
685 8960 1
685 9581 2
686 8919 1
688 9043 1
689 9652 2
721 9588 1
721 9134 1
721 8764 1
721 8801 4
725 8912 1
725 8960 1
729 9084 50
729 9130 1
729 8676 4
754 9888 3
754 8690 1
754 9117 1
754 8924 1
758 9640 9
758 8550 1
758 9880 1
782 8699 1
782 8953 1
782 9334 4
782 8708 13
782 9157 3
782 8724 2
782 8944 13
782 9206 1
782 9466 3
791 9407 2
791 9095 9
791 9879 2
791 9960 1
791 9646 1
815 8927 1
815 8801 4
815 9526 1
815 9729 1
842 8661 1
842 8792 2
842 8683 1
842 8741 14
847 9187 1
847 8784 4
847 8865 1
847 9591 2
847 9803 1
847 8702 9
847 9653 1
847 9056 10
847 9396 33
847 9595 1
856 9617 3
856 9599 1
856 9818 1
856 8953 1
856 8841 1
866 9629 4
866 9307 1
895 8991 1
895 8988 1
914 9479 3
919 9456 2
919 8943 3
919 9961 2
927 9536 1
927 9158 1
927 9205 1
929 9927 1
929 9550 1
957 8659 1
957 8704 1
957 9271 1
959 9092 1
959 9004 1
960 9786 1
960 9223 1
960 8865 1
960 9624 7
960 8882 1
960 8949 5
960 9015 2
960 9399 7
960 8916 4
960 9350 1
960 9696 17
967 9017 2
969 8951 1
969 9731 1
969 9475 1
969 9653 3
969 9795 1
969 9817 4
969 8583 1
969 8877 1
969 9764 1
971 9820 1
971 8670 30
971 8768 13
996 9436 1
996 9309 1
996 8738 1
1003 8836 173
1003 8798 1
1003 9382 1
1003 9884 2
1017 9701 1
1017 8869 1
1017 9185 1
1017 9243 1
1017 9058 1
1017 9915 1
1030 8606 1
1030 9041 2
1030 8854 2
1030 9441 1
1031 8689 1
1031 8670 1
1054 8594 4
1054 8744 1
1054 9913 1
1058 8682 1
1058 9441 2
1058 8694 1
1058 9024 4
1058 9645 5
1058 8766 13
1064 9703 1
1064 9736 2
1064 9962 2
1064 9990 1
1065 9646 1
1065 8779 1
1065 8849 1
1065 8854 2
1065 8999 1
1065 9533 1
1065 9530 1
1077 9436 1
1123 9529 5
1143 9876 1
1143 9672 1
1147 9595 1
1147 9931 1
1147 8570 1
1147 8830 1
1147 9558 4
1155 8674 1
1155 9901 1
1155 8654 1
1155 8989 1
1155 9365 1
1158 9225 1
1158 8695 26
1158 9332 1
1158 8858 2
1158 9306 1
1160 9927 9
1160 9573 92
1174 9058 2
1174 8733 37
1174 9086 2
1174 9465 1
1174 9087 11
1174 9480 2
1181 8617 1
1181 9666 4
1181 9852 3
1182 8637 1
1182 9816 2
1182 9384 1
1182 8891 1
1194 8902 1
1194 9350 1
1194 9376 2
1201 8856 3
1201 9582 35
1201 8882 4
1205 9817 2
1205 9648 1
1205 8760 1
1205 9154 2
1230 9635 2
1233 9566 1
1233 8560 1
1233 9392 1
1234 8980 60
1234 9672 2
1234 8947 2
1235 9083 1
1235 8706 1
1246 9608 1
1246 8779 1
1246 9853 5
1246 9857 1
1246 9396 1
1246 9329 1
1246 9421 5
1265 8560 6
1265 9330 1
1265 9756 2
1265 8788 1
1280 9991 1
1280 9585 1
1281 9640 1
1281 9220 2
1281 9625 3
1284 8549 15
1284 9306 1
1284 9597 1
1284 9341 3
1284 9570 2
1308 9316 1
1308 9578 1
1308 9185 19
1308 9713 1
1308 9786 1
1308 9242 7
1308 8829 3
1308 9638 1
1314 9042 1
1314 9840 1
1314 9983 5
1345 8728 1
1345 9307 1
1345 9365 4
1345 8936 3
1365 9540 4
1365 9736 1
1365 9911 1
1376 8565 1
1376 8994 1
1376 9942 4
1387 9389 1
1387 9236 1
1387 8549 2
1387 9347 1
1387 9880 1
1393 8935 1
1402 9881 1
1412 9932 1
1412 8808 1
1412 9187 1
1412 9703 14
1419 9610 2
1419 9946 4
1450 9223 1
1450 9441 1
1450 9213 1
1450 9839 1
1450 9977 1
1456 9732 1
1456 8611 8
1456 9809 2
1456 8582 2
1456 8807 77
1459 9116 2
1459 9094 2
1459 9026 1
1473 8943 1
1473 9146 1
1473 8628 1
1480 9540 1
1480 9838 1
1481 9553 24
1481 8617 1
1481 9046 1
1481 9290 2
1490 9503 6
1490 8779 1
1500 8648 2
1500 8927 1
1500 9133 2
1500 9193 1
1500 9695 1
1501 9349 1
1524 9092 10
1524 8589 6
1524 9572 9
1524 8592 2
1524 9893 1
1525 9799 4
1525 9345 6
1525 9651 2
1530 8550 1
1530 8765 7
1530 8658 1
1531 9935 1
1531 8708 1
1531 8978 2
1558 8978 2
1558 9513 16
1558 9831 3
1558 9327 1
1558 9109 3
1568 8618 1
1568 8654 1
1568 9120 2
1568 9062 1
1568 9211 1
1576 9880 3
1576 9720 1
1576 9156 1
1576 9726 1
1576 9909 20
1587 9189 1
1587 9387 1
1595 9790 1
1595 8597 2
1601 9857 4
1601 8568 1
1601 9383 1
1601 9763 12
1601 8800 25
1601 8827 2
1613 9039 5
1613 9535 1
1621 9692 11
1621 9493 88
1630 9653 11
1633 9217 1
1633 8999 1
1633 9818 1
1646 9627 1
1646 9645 1
1646 9179 1
1646 8673 9
1646 8754 1
1682 8725 1
1699 8862 1
1699 9853 72
1699 9827 1
1700 8758 1
1700 9160 1
1707 8583 3
1707 8671 8
1707 8797 2
1707 9993 1
1707 9215 14
1707 8550 1
1707 9928 2
1708 8543 1
1708 9783 1
1708 9846 7
1708 9617 1
1708 9887 1
1708 9098 3
1708 8623 3
1708 9423 1
1720 9749 4
1720 9395 4
1724 9298 1
1724 9918 1
1724 9446 1
1741 9912 1
1743 8813 1
1743 9436 1
1760 9530 1
1760 8874 1
1760 9669 6
1761 8690 2
1761 9959 1
1761 9448 3
1761 9296 1
1761 8873 2
1765 8885 1
1765 8867 1
1765 9003 1
1765 9613 9
1800 9534 7
1800 8640 1
1802 9062 3
1802 9108 1
1802 9413 1
1826 8806 2
1829 8621 1
1829 8889 3
1859 8679 1
1860 9221 1
1860 9516 2
1860 9169 1
1860 9252 1
1860 9253 1
1860 9403 1
1860 8833 1
1889 9649 1
1889 8750 3
1889 8865 1
1889 9917 1
1889 8594 2
1889 9021 1
1895 9701 1
1895 9843 1
1895 9930 2
1895 8716 1
1895 8627 16
1895 8753 1
1898 9064 1
1898 8989 1
1898 9154 4
1898 9521 1
1910 8820 25
1910 9122 4
1910 9156 1
1910 8602 3
1910 9815 1
1910 9025 1
1910 9353 17
1917 9417 1
1917 9324 1
1939 8813 1
1939 8927 4
1939 8583 1
1939 8967 1
1947 8926 1
1947 9722 2
1947 9467 1
1947 9636 1
1949 8648 1
1949 8861 37
1975 9619 1
1975 9364 1
1975 9703 2
1978 9345 1
1978 9039 2
1978 9674 1
1984 8877 1
1984 9213 1
1984 9253 1
1984 9292 1
1996 9695 1
1996 8969 1
1999 8594 1
2000 9408 1
2000 8584 1
2000 8975 1
2000 9698 1
2000 9791 1
2008 8956 1
2008 9777 7
2012 9193 41
2037 8702 1
2037 8875 1
2055 9342 2
2055 8834 1
2055 9642 1
2057 9220 1
2057 9769 1
2063 9080 1
2063 9215 1
2103 9512 1
2103 9545 1
2103 9633 1
2103 9892 1
2103 9951 1
2138 9891 2
2138 8735 1
2138 9600 58
2138 9873 4
2138 8796 1
2138 9043 1
2138 9258 1
2138 9450 1
2154 9964 2
2154 9198 1
2154 9924 1
2154 8674 1
2156 9426 1
2156 8788 1
2156 9280 1
2156 9740 2
2171 8957 1
2171 8893 1
2171 9297 1
2171 9669 1
2174 9454 1
2174 9824 2
2174 9653 1
2185 8773 1
2185 8659 1
2189 9956 200
2189 9081 1
2189 9217 1
2195 8926 1
2195 9435 2
2195 9799 1
2195 9306 8
2195 9014 17
2195 9254 1
2195 9576 1
2200 9367 9
2200 8852 1
2206 8627 2
2206 8618 1
2206 9119 1
2219 8965 2
2219 8584 1
2219 9093 1
2219 9340 1
2219 9737 1
2219 8570 1
2219 9134 1
2221 8703 2
2221 8973 1
2221 9438 1
2221 9029 1
2224 8782 4
2224 9524 1
2224 8876 1
2224 9274 2
2224 9373 1
2224 9897 1
2232 8786 7
2232 8856 1
2232 8667 15
2233 9685 4
2233 9384 1
2233 9397 1
2233 9475 1
2233 9366 1
2233 8881 2
2237 9290 2
2237 9045 1
2237 9896 2
2237 9269 29
2237 9713 1
2246 8912 1
2246 9048 19
2246 8604 1
2246 9270 1
2264 8549 2
2264 8863 1
2264 9579 1
2264 8804 12
2264 9044 4
2264 9130 2
2264 9405 1
2264 9827 70
2267 9353 1
2268 9291 1
2268 8866 2
2268 9200 1
2268 9886 5
2276 9345 2
2276 9403 1
2280 9451 8
2280 9535 1
2280 9175 1
2280 9195 1
2280 9743 1
2324 9404 1
2324 9205 1
2324 9827 1
2324 9189 1
2324 9737 2
2324 9429 1
2324 9845 4
2324 9959 1
2324 9735 6
2325 9286 1
2325 8552 200
2325 8654 4
2325 8737 10
2325 9574 2
2325 9547 1
2325 9723 1
2334 9396 1
2336 9345 1
2336 8754 2
2336 9004 2
2336 9502 1
2336 9893 3
2336 9360 1
2365 9733 1
2365 9511 6
2387 8584 1
2387 9436 2
2387 9053 1
2396 8899 2
2396 9897 3
2396 9357 1
2396 9843 2
2407 8833 6
2407 8870 1
2407 9597 1
2415 9025 1
2415 9905 21
2415 8731 1
2415 9399 3
2423 9224 1
2423 9749 1
2432 8578 2
2440 9111 2
2440 9679 1
2440 9629 5
2440 8952 1
2440 9019 1
2440 9332 10
2459 9198 4
2466 9883 4
2466 8965 1
2469 9292 1
2469 9921 1
2481 9766 1
2481 9657 1
2481 9689 7
2484 9892 1
2484 8703 14
2484 9975 4
2512 9415 2
2512 8570 2
2512 9915 3
2512 9533 2
2512 9593 1
2515 9592 1
2515 9387 1
2515 8816 1
2515 9756 1
2515 8988 1
2540 8832 8
2540 9100 1
2540 9613 1
2570 8693 1
2570 9652 2
2580 9685 1
2580 9502 1
2580 9636 1
2593 9334 1
2609 8887 1
2609 9159 1
2609 9553 10
2609 9139 1
2609 9484 3
2668 8599 5
2677 9608 1
2677 8619 1
2677 9029 1
2677 9468 3
2677 8640 5
2677 9680 2
2677 9739 1
2683 8623 1
2683 9516 1
2683 9982 1
2691 9031 23
2691 9504 6
2692 8797 1
2692 8585 1
2692 9840 1
2692 9751 1
2692 9292 9
2695 9253 1
2695 9131 1
2695 9307 1
2695 9299 2
2695 9327 1
2702 9821 1
2702 8790 2
2702 9600 1
2702 8929 1
2702 9276 1
2702 9490 1
2704 9255 1
2704 8670 1
2716 8723 1
2716 8970 2
2716 8995 1
2716 9384 2
2785 9776 1
2785 9491 7
2785 8584 1
2798 8664 1
2798 8767 1
2798 9615 1
2844 9072 1
2844 9247 1
2844 9143 1
2859 9331 5
2859 9870 1
2866 8638 1
2866 8717 3
2866 9106 46
2875 8623 1
2875 9725 1
2875 9982 1
2875 9452 1
2878 8548 1
2878 9195 3
2878 9591 5
2889 9226 1
2889 9557 4
2900 9360 1
2900 9825 1
2900 9990 1
2925 9466 1
2925 9853 1
2925 8941 1
2925 9416 1
2925 8649 5
2925 9569 1
2925 9821 2
2925 9652 2
2925 8626 1
2925 9210 6
2940 9061 5
2940 8543 4
2940 9172 5
2952 8946 8
2952 8971 1
2952 9096 1
2992 8887 1
2992 9536 1
2992 9585 1
2992 8881 1
3005 9690 2
3005 9453 1
3005 9806 3
3013 8988 1
3013 8806 1
3036 8824 1
3064 8599 1
3064 8800 5
3064 9405 2
3064 9285 1
3064 9432 2
3064 9452 1
3070 8818 1
3070 9433 3
3072 9417 1
3072 8625 5
3072 9271 1
3075 8548 4
3075 9547 2
3075 9951 1
3075 8840 4
3075 9803 1
3077 8731 15
3077 8936 3
3077 8770 2
3077 9452 7
3077 9471 1
3077 9687 1
3101 8765 3
3101 8907 3
3101 9918 7
3101 9297 2
3101 8683 2
3101 9241 1
3120 9736 1
3120 8545 38
3120 9706 1
3120 9934 2
3125 8832 7
3125 9195 3
3125 9953 3
3125 8694 1
3125 9941 1
3132 9609 1
3132 9048 1
3163 9533 2
3163 9563 1
3163 9160 1
3163 9676 1
3163 8798 1
3163 8633 1
3182 8563 2
3182 9503 1
3183 9469 3
3183 9946 2
3183 9775 1
3183 9199 1
3183 9059 3
3183 9179 3
3183 8783 1
3183 9429 2
3228 9054 2
3228 9198 1
3228 9687 1
3228 9975 16
3228 8958 1
3228 9741 3
3244 9640 1
3269 9158 1
3269 9916 1
3269 8768 4
3269 9156 1
3269 9040 2
3269 9958 1
3271 9608 1
3271 9488 4
3271 9379 1
3271 9207 1
3271 9804 2
3274 8792 1
3274 8991 1
3274 9191 1
3292 9757 4
3292 9624 3
3292 9739 1
3296 9112 6
3296 8946 2
3305 9467 1
3332 9382 1
3332 8806 11
3332 8578 1
3332 8737 1
3332 8625 1
3333 9432 1
3333 9807 1
3333 9054 1
3333 9544 7
3333 9670 2
3333 9910 3
3336 9255 2
3336 8719 1
3336 8863 1
3358 9167 1
3358 9055 1
3358 8713 1
3358 9060 6
3358 9092 1
3367 9058 11
3367 9083 1
3385 9728 7
3385 8692 1
3385 9117 3
3417 9110 9
3417 8919 1
3417 9130 1
3417 9190 1
3417 9592 1
3418 9819 1
3418 9377 5
3418 9891 1
3440 8545 2
3440 9304 1
3440 8928 1
3440 8668 2
3461 9655 7
3461 8573 1
3497 9404 1
3499 9947 1
3521 8967 10
3528 8955 2
3528 9667 1
3528 8929 2
3528 9143 1
3528 9497 2
3528 8830 1
3528 8573 75
3528 9022 1
3534 8728 1
3534 9664 15
3534 8773 1
3534 8778 1
3534 9010 1
3563 8973 37
3563 9072 1
3563 8679 35
3575 8995 4
3575 9387 1
3575 9004 1
3575 9006 1
3590 8882 1
3590 8659 1
3590 9591 9
3590 9615 4
3600 9712 1
3600 9231 1
3600 9167 1
3600 8703 1
3600 9099 3
3600 9410 1
3601 8576 3
3601 9296 4
3615 9729 1
3615 8658 1
3631 9385 2
3631 9859 28
3653 9754 1
3653 8563 1
3657 8659 3
3657 8568 1
3657 9561 1
3657 8833 1
3657 9490 1
3657 8824 1
3666 9724 1
3666 9826 4
3666 9831 1
3682 9635 1
3698 8987 1
3698 8759 3
3698 9768 3
3698 9007 1
3713 9326 1
3713 9566 3
3713 9181 2
3721 9062 1
3721 8739 1
3721 9350 2
3721 9988 1
3721 9017 1
3742 9635 2
3742 8734 1
3742 9487 1
3746 8611 1
3746 9101 16
3746 9411 1
3749 8649 2
3749 9150 1
3752 9632 1
3752 9605 1
3752 9435 1
3757 9904 1
3767 9690 1
3767 8720 2
3767 8709 1
3767 9998 2
3767 9861 1
3810 9937 1
3842 9048 2
3842 9094 4
3842 9330 1
3842 8637 1
3855 9978 1
3855 8691 4
3855 9591 1
3855 9732 2
3855 9798 1
3873 8680 1
3873 9022 3
3873 9037 1
3873 9326 4
3873 9167 3
3875 9130 1
3875 8604 1
3875 9524 1
3875 9147 1
3875 9498 4
3875 9837 1
3881 8695 1
3881 8800 2
3881 9535 1
3881 8750 1
3881 9410 2
3881 9435 103
3881 9242 9
3883 9302 2
3883 9123 1
3886 8890 3
3886 8952 1
3886 9973 1
3886 9976 36
3890 9682 1
3890 9809 1
3905 9580 1
3905 8886 1
3905 9467 6
3905 9179 1
3905 9919 1
3921 9519 1
3952 9028 21
3952 9210 1
3952 9929 1
3952 8680 1
3952 9670 2
3952 9751 1
3952 9993 2
3960 8669 3
3960 9296 1
3960 9651 1
3960 8849 1
3975 8773 1
3975 9109 2
3975 9771 6
3975 9916 1
3975 8870 1
3975 9003 1
3975 9369 2
3982 8906 1
3982 8628 6
3982 8941 1
3982 9793 4
3982 9347 75
3982 9361 1
3993 9037 2
3993 8799 2
3993 9131 1
4009 8740 1
4037 8820 1
4037 9930 3
4037 9655 3
4037 8740 1
4037 9829 1
4043 9258 2
4043 8630 53
4053 8649 1
4053 9130 1
4053 9488 1
4065 9654 1
4065 9682 1
4069 9364 1
4069 8673 1
4069 9291 1
4069 9245 1
4076 8596 1
4111 9884 1
4111 9617 1
4115 9077 2
4124 8725 1
4124 9540 1
4124 9856 1
4124 9196 1
4124 9224 9
4124 9269 6
4127 8688 1
4127 9925 153
4127 8939 2
4128 9503 4
4130 8654 8
4130 9562 1
4141 9613 1
4141 8619 1
4163 9191 2
4170 9021 1
4176 9417 1
4176 9536 200
4186 9615 7
4186 9605 1
4186 9617 1
4186 9713 6
4198 9897 1
4198 9043 1
4198 9216 1
4198 9334 3
4198 9424 8
4216 8680 1
4216 8691 3
4237 9292 5
4237 9650 2
4237 8629 1
4237 9771 5
4242 9539 1
4244 9679 1
4244 9913 1
4244 8608 11
4249 9251 1
4249 9403 1
4249 9785 1
4249 9659 200
4254 8734 5
4301 9028 1
4301 9207 1
4301 9331 1
4312 8874 1
4312 9598 1
4339 9221 2
4339 9456 1
4339 9235 1
4361 8741 1
4361 9276 10
4361 8980 1
4361 8758 9
4361 9767 1
4361 9811 3
4363 9279 4
4363 9171 1
4365 8772 26
4365 9236 1
4365 9120 1
4365 9998 1
4394 9898 200
4394 8662 1
4426 9511 2
4426 8989 2
4426 8724 2
4426 8997 2
4430 8999 1
4430 9172 1
4430 8812 1
4431 9199 2
4431 9128 2
4431 9395 2
4440 9159 27
4440 8841 1
4440 9911 1
4444 9145 2
4462 9289 2
4462 8691 2
4462 8941 4
4469 8798 1
4469 9004 1
4477 8766 2
4477 9431 1
4477 9282 10
4477 9886 1
4477 9163 6
4477 8750 1
4477 8819 1
4477 9964 1
4478 9224 1
4478 9443 1
4478 9246 1
4503 9480 1
4503 8862 1
4503 9930 1
4539 8751 1
4539 9722 13
4583 9262 1
4583 9581 17
4583 8942 2
4594 9343 6
4594 8618 1
4594 9603 1
4596 9169 1
4596 9436 2
4596 8741 1
4596 9988 4
4596 9139 1
4611 8731 1
4611 9848 1
4611 9911 2
4611 8953 1
4611 9796 1
4619 9717 1
4619 9750 1
4622 9490 1
4622 9331 1
4622 9926 1
4646 9732 5
4646 9088 1
4646 9697 2
4659 9343 3
4659 8700 1
4659 9160 1
4659 8645 1
4659 9073 1
4665 9347 1
4665 9875 2
4665 8926 5
4665 9012 1
4671 9343 2
4671 8912 3
4671 9758 1
4671 9101 2
4671 9424 3
4671 9771 1
4671 8673 1
4673 9875 1
4673 9042 3
4673 9932 20
4686 8940 1
4686 9546 1
4686 9882 1
4693 9576 1
4702 9545 1
4702 8697 2
4702 9714 6
4703 9296 2
4703 9893 1
4703 9215 1
4703 9209 1
4708 8773 1
4725 9839 1
4725 8815 2
4726 9519 5
4726 8702 1
4731 8937 1
4731 9108 3
4731 9245 1
4731 9844 1
4731 8565 4
4731 9010 1
4731 9504 1
4731 9806 3
4741 9852 1
4741 8635 1
4741 9482 2
4741 9524 1
4741 8884 1
4764 8653 1
4764 9898 2
4776 9870 3
4776 9101 2
4776 9964 1
4776 9737 7
4776 8582 2
4776 9454 5
4776 9309 1
4776 9896 1
4789 9995 13
4789 9617 1
4795 8858 1
4795 8889 3
4795 9559 1
4806 9299 1
4806 9433 1
4806 9669 1
4806 9794 2
4806 9046 3
4806 9158 1
4806 9557 1
4807 9712 1
4807 9190 3
4807 8716 1
4807 8969 2
4809 9547 1
4809 9752 1
4809 8973 2
4809 9583 1
4809 9717 5
4810 9953 2
4810 8733 1
4815 9096 1
4815 8808 1
4841 9204 2
4841 8652 1
4841 9212 1
4846 9260 3
4846 9477 6
4846 9072 1
4846 9244 4
4846 8646 2
4846 9211 1
4849 8592 2
4849 9158 1
4849 9908 6
4849 9179 1
4849 9767 3
4849 9291 1
4849 9928 1
4855 8631 1
4855 9290 1
4855 9315 7
4871 8728 1
4871 9870 1
4871 9860 1
4871 9513 4
4879 9426 1
4879 9180 1
4879 9917 6
4879 8563 4
4879 8604 5
4879 8725 2
4888 9225 1
4889 9093 2
4896 9021 9
4896 9685 1
4896 9768 1
4896 9744 1
4915 8716 2
4915 9083 1
4915 9209 1
4915 9266 1
4917 8565 1
4917 8842 1
4917 9453 1
4931 9133 1
4942 8811 1
4942 9002 2
4942 8585 1
4942 8867 1
4951 9018 1
4951 9044 1
4951 9229 3
4955 9722 2
4955 8615 1
4955 9372 1
4955 8935 8
4955 9583 75
4955 9728 1
4955 8729 1
4955 9023 1
4955 9933 3
4961 9270 1
4961 9229 2
4966 9651 5
4966 9964 1
4966 8709 1
4966 8713 1
4966 8904 1
4966 9259 1
4966 9817 3
4970 9602 1
4973 8665 1
4973 9990 1
4973 8754 1
4973 9416 6
4973 9522 2
4983 8991 200
4983 9930 1
4983 9955 5
4983 8724 1
4983 9422 1
4983 9538 1
4983 9457 1
4983 9825 1
4999 9723 8
4999 9306 1
4999 9221 2
5001 9985 1
5005 8864 4
5005 9945 1
5005 8803 2
5005 9676 1
5005 9783 1
5023 9712 5
5023 9737 1
5025 9730 9
5025 9656 1
5025 9905 2
5044 9385 1
5044 9715 1
5044 9252 1
5044 9029 25
5044 9702 1
5044 9081 1
5061 9814 1
5061 9703 1
5061 9546 1
5061 8786 16
5061 8890 2
5061 8997 2
5061 9286 1
5061 9389 1
5068 9503 1
5068 8866 9
5068 9327 1
5088 9057 2
5088 9532 1
5111 9887 1
5111 8644 1
5111 8646 1
5111 8904 3
5111 9629 4
5142 8829 1
5142 8633 1
5142 9748 1
5142 8805 6
5142 9162 1
5152 8606 1
5159 8975 1
5159 9274 1
5159 8950 1
5185 9242 1
5185 8969 9
5185 9620 1
5185 9845 1
5187 9109 3
5187 9064 3
5187 9961 1
5187 8940 1
5187 8816 1
5187 9595 1
5187 9977 3
5187 9002 1
5189 9246 1
5189 8962 1
5189 9633 1
5196 9270 26
5196 9694 1
5199 9733 1
5199 9119 1
5199 8564 1
5199 8989 1
5199 9735 2
5216 8818 2
5216 9008 4
5216 9864 5
5216 9482 2
5216 9912 3
5225 9134 2
5225 9516 1
5225 8957 2
5225 9656 4
5230 9973 1
5230 9886 5
5230 8955 1
5230 8632 1
5230 9705 1
5230 9112 45
5233 9726 1
5233 9282 2
5233 9532 1
5233 9289 1
5233 9988 2
5233 9990 2
5236 8768 1
5236 8891 1
5236 9184 1
5236 9677 200
5236 9715 1
5237 8665 1
5237 9756 1
5239 9184 1
5239 8545 1
5239 9962 7
5243 9431 2
5243 9323 1
5243 9659 1
5243 8796 1
5243 9230 16
5243 8937 1
5259 8590 1
5259 9816 5
5264 8569 2
5264 8692 1
5264 8804 1
5264 9931 2
5264 8716 4
5264 8863 4
5264 9798 1
5264 8657 1
5264 9256 3
5264 9618 1
5267 9856 1
5267 9352 5
5271 8759 2
5271 8861 1
5271 8980 1
5271 9691 1
5273 9092 1
5273 9410 20
5273 8648 2
5273 9191 2
5273 9411 74
5273 8804 1
5273 9248 1
5273 9701 4
5276 9930 2
5276 8876 1
5276 9760 1
5276 9768 6
5276 9230 2
5276 9657 5
5279 9095 2
5279 9147 2
5279 9710 1
5279 9673 1
5280 8573 1
5280 8923 1
5285 9797 1
5285 9413 1
5285 9648 1
5300 8855 1
5300 8683 1
5300 9190 1
5300 9238 1
5300 8557 1
5300 9998 1
5300 9569 1
5300 9807 1
5310 9901 1
5310 8953 1
5310 9533 51
5310 9956 1
5310 9480 1
5311 8794 2
5311 9060 1
5311 9195 1
5311 9515 1
5311 9526 3
5313 9010 2
5313 9306 1
5313 8574 1
5318 9344 4
5318 9758 1
5322 8689 1
5322 8855 15
5327 9514 2
5327 9488 1
5345 9225 2
5345 8864 2
5345 8669 1
5345 9122 1
5345 9335 1
5349 8954 25
5349 8956 1
5349 9685 2
5349 9702 2
5349 9905 1
5367 9764 4
5367 9100 1
5367 9206 5
5367 9193 3
5367 9959 1
5367 9407 2
5367 9758 1
5367 9887 2
5368 9934 200
5368 8690 1
5368 8852 33
5368 8805 2
5368 9310 1
5368 8610 2
5368 9255 1
5368 9497 1
5368 9057 1
5368 9109 1
5388 9538 4
5393 9094 1
5393 9369 2
5395 8921 1
5396 9061 26
5396 9508 2
5396 9732 1
5397 9581 124
5397 8905 1
5397 9059 1
5397 9168 2
5397 9211 3
5397 9547 18
5397 9869 2
5397 8723 1
5397 9387 2
5397 9915 1
5397 9351 2
5397 9402 1
5397 9857 1
5427 9498 1
5427 9328 1
5427 9216 1
5434 8734 1
5434 9356 1
5434 8541 1
5434 8615 2
5434 8696 200
5434 9129 5
5434 9621 24
5440 8864 1
5440 8936 1
5440 9184 2
5440 9182 1
5440 9701 2
5451 9106 7
5451 9880 1
5469 9975 1
5469 9277 1
5469 9571 1
5469 8862 1
5487 9246 2
5487 8674 1
5487 9268 1
5487 8735 1
5487 9861 1
5487 9512 1
5494 8578 1
5494 9505 1
5504 9782 1
5514 8744 1
5527 9481 1
5527 8751 1
5527 9002 1
5533 8647 1
5533 8676 1
5536 9392 1
5536 8900 1
5536 9558 1
5548 9136 1
5548 9268 1
5548 9969 1
5554 8639 24
5554 9115 8
5568 9731 1
5568 8901 6
5568 9617 1
5568 9705 3
5568 9715 3
5587 9122 1
5587 8565 1
5587 9887 1
5587 9123 1
5587 8935 1
5596 9328 1
5600 9989 1
5600 9008 1
5600 9786 1
5603 8658 1
5603 8782 2
5603 8621 1
5603 8697 1
5607 9109 2
5607 9642 1
5607 9707 2
5607 8840 1
5607 9094 1
5607 9383 1
5613 9044 1
5613 9241 1
5613 8786 28
5617 9713 2
5617 8790 1
5617 9232 62
5617 9686 1
5620 9377 4
5639 9465 1
5639 9562 3
5639 9610 1
5639 9686 3
5639 9168 1
5639 9769 1
5639 9631 1
5639 9302 23
5639 9698 1
5639 9783 1
5639 9435 1
5639 9463 1
5639 9538 1
5639 9991 15
5649 8582 7
5649 8765 1
5650 9540 1
5650 8950 1
5650 8985 1
5650 9935 1
5657 8932 2
5657 8689 5
5661 9850 1
5661 9238 1
5661 9615 12
5661 9426 1
5661 9787 1
5661 9245 2
5661 8978 2
5675 8936 1
5675 8669 5
5675 9994 1
5682 8604 1
5682 9276 1
5682 9715 1
5683 9146 1
5683 9537 1
5683 9157 1
5683 9743 1
5683 9933 1
5691 9236 7
5713 8586 79
5713 8907 1
5713 8765 3
5713 8923 1
5713 9372 1
5718 8563 1
5718 9417 1
5718 8890 5
5718 9186 1
5718 9363 1
5718 9619 5
5718 9680 4
5739 9415 1
5763 9235 2
5763 8806 2
5763 9544 1
5763 8839 1
5763 8833 1
5763 9182 1
5763 8628 5
5763 8987 6
5774 9682 1
5774 9762 2
5774 9539 1
5774 9757 7
5774 9853 1
5782 9022 2
5782 8925 1
5782 8609 1
5782 9289 1
5782 9416 1
5782 9655 1
5783 9825 4
5783 9750 1
5783 9897 7
5783 8902 20
5783 9522 1
5783 9967 1
5788 8949 1
5788 8980 2
5788 9702 1
5788 9969 5
5788 9824 4
5788 9251 9
5788 9260 1
5795 8908 1
5810 8968 1
5810 8703 1
5810 8855 1
5810 9754 1
5816 9423 1
5816 8650 2
5818 8576 1
5822 9731 1
5822 9588 1
5822 9987 7
5822 9245 3
5833 8760 2
5833 8627 1
5845 9534 1
5845 9700 1
5845 9852 1
5860 9157 1
5860 9302 1
5860 9053 1
5861 8738 1
5861 8818 1
5862 9324 1
5864 8621 1
5864 9945 1
5864 9909 2
5864 9482 1
5866 9698 1
5866 9512 1
5878 8925 1
5878 9282 2
5878 8694 17
5878 8908 4
5880 9846 1
5880 9806 1
5880 8591 1
5893 9580 2
5914 9623 1
5914 9564 3
5914 9993 1
5914 9537 3
5929 9196 2
5929 8656 1
5929 9571 1
5935 8853 5
5948 9334 2
5948 9559 2
5948 8946 200
5959 9911 1
5959 8784 2
5959 8895 1
5964 8927 1
5964 9619 1
5964 9689 3
5967 9280 15
5967 9944 1
5967 8796 1
5967 9130 3
5967 9608 2
5967 9706 1
5967 8813 1
5967 9323 1
5974 9912 12
5986 8664 1
5986 9246 1
5986 9763 1
5993 8853 5
6008 8591 12
6008 8585 18
6008 8753 1
6008 9804 2
6008 9826 1
6008 9641 2
6008 9760 13
6008 9897 1
6013 9463 1
6013 9282 2
6013 9714 3
6024 8937 27
6024 9715 2
6024 9037 2
6024 9056 2
6045 9559 1
6052 9133 1
6053 8986 62
6053 9481 29
6053 8552 3
6053 9255 4
6053 9503 1
6055 8857 1
6055 9956 1
6055 8673 1
6055 8840 1
6055 8723 1
6055 9519 33
6063 9413 1
6100 8899 5
6108 9399 58
6108 9446 1
6108 9795 1
6108 9841 2
6113 9625 2
6113 8553 1
6113 8792 2
6113 9780 1
6118 9777 2
6118 8908 1
6118 9529 3
6122 9225 2
6122 9186 1
6122 9466 2
6122 9620 13
6170 8919 1
6170 8675 2
6170 9302 4
6175 9206 1
6175 9944 1
6175 9003 1
6184 9364 5
6184 9633 1
6184 9373 3
6185 9754 1
6185 8794 3
6186 9814 1
6186 9150 1
6203 8682 1
6203 9086 2
6203 9073 1
6205 9784 1
6205 9969 1
6205 9861 5
6205 9404 1
6205 9599 2
6205 9794 1
6233 9776 4
6233 9796 1
6233 8758 1
6243 9248 1
6243 9213 2
6243 8586 1
6244 9546 2
6244 8875 4
6247 8639 4
6247 9356 31
6253 9666 1
6253 9845 2
6253 9976 3
6253 8811 29
6253 9636 2
6269 9248 2
6269 9527 1
6269 9602 2
6269 9776 1
6269 8565 1
6274 9147 1
6274 9156 1
6274 8772 1
6274 8828 1
6274 9883 1
6295 8957 1
6295 9481 1
6295 8606 4
6295 9238 2
6305 8775 1
6305 8733 2
6308 9349 1
6308 8645 1
6308 8693 1
6313 8573 1
6313 9199 2
6313 9269 2
6313 9820 2
6330 9278 2
6330 9167 1
6330 8753 4
6330 9285 2
6330 8607 3
6346 9530 5
6346 9937 4
6356 8991 2
6356 9994 3
6375 8977 1
6375 9373 4
6375 9592 1
6375 9689 2
6375 8874 4
6378 8904 15
6378 9252 1
6378 9991 1
6378 9277 1
6380 9855 1
6380 8708 1
6385 8631 2
6385 9697 9
6385 9815 2
6386 9769 1
6386 8820 1
6386 8977 2
6386 9037 1
6386 9734 1
6390 8873 1
6390 8646 3
6390 9670 6
6390 8658 1
6390 9916 3
6390 8630 1
6390 9175 1
6390 9373 11
6390 9870 1
6390 8564 1
6390 8701 10
6390 8887 4
6390 9372 22
6390 9610 2
6403 9026 4
6420 8670 1
6423 9204 3
6423 9298 1
6423 9327 1
6423 8740 1
6423 8644 2
6439 9611 1
6439 9093 6
6439 9606 1
6439 9709 1
6439 9981 14
6451 9600 1
6451 8932 2
6451 9039 1
6451 9135 9
6451 9325 1
6456 9763 1
6456 8692 1
6461 9327 3
6461 9867 1
6461 8809 5
6469 9583 1
6469 8872 1
6469 8764 1
6486 9467 1
6486 8759 1
6486 8563 3
6486 8735 1
6500 9037 1
6500 9640 2
6500 9310 4
6500 9058 2
6500 9989 2
6524 9285 1
6524 9773 3
6524 9185 2
6524 9481 1
6570 9014 1
6570 8720 1
6570 8866 1
6584 9383 1
6606 8807 1
6606 9197 2
6655 9946 1
6655 9730 1
6660 8582 1
6660 9948 2
6660 9929 2
6660 8626 1
6660 8973 1
6660 8820 1
6660 9475 2
6661 9475 1
6661 9519 1
6661 9618 1
6661 9421 2
6661 9908 1
6661 8775 1
6661 9860 1
6673 8704 3
6673 8921 1
6676 8701 1
6676 8801 1
6676 8656 11
6676 9212 1
6676 9983 1
6676 9910 1
6682 9745 1
6682 9876 1
6695 9347 1
6695 9199 3
6722 9041 13
6722 9995 1
6722 9110 1
6738 8563 17
6738 9840 2
6738 8628 1
6738 9982 1
6738 8639 1
6753 9367 1
6760 8941 4
6760 9943 1
6760 9384 1
6760 8809 1
6760 9116 1
6769 8865 1
6769 9659 1
6769 9759 2
6769 8897 1
6769 9236 1
6769 9846 1
6784 8668 1
6784 9752 1
6784 9268 9
6784 9389 1
6796 9073 2
6796 9345 1
6796 8849 11
6799 8596 2
6799 9383 2
6799 9685 2
6799 9686 2
6799 8735 4
6799 9356 1
6799 9504 1
6799 9910 15
6799 8738 1
6799 8902 1
6799 9147 1
6799 9582 4
6814 9989 19
6814 8665 1
6814 8797 1
6814 9724 1
6821 9268 1
6821 8611 2
6821 8574 2
6821 8864 2
6821 8923 1
6821 9896 1
6821 9019 1
6822 8958 2
6822 8570 3
6822 8590 3
6822 9799 41
6822 9820 1
6824 8938 2
6824 9962 1
6824 8550 1
6824 9357 2
6827 9811 3
6827 8804 2
6827 9933 1
6827 9773 1
6836 8680 1
6836 8568 1
6836 9690 1
6836 9943 1
6843 9119 1
6843 9232 1
6843 9937 19
6853 9592 1
6853 9486 1
6853 9770 1
6863 9297 1
6863 8701 4
6863 9071 6
6863 9258 5
6863 9453 3
6864 8582 3
6864 8900 1
6864 8674 2
6896 9173 1
6896 9898 1
6897 9620 1
6897 9310 1
6897 9929 4
6900 9840 3
6900 9002 1
6900 9271 1
6900 9730 5
6900 8650 1
6900 9169 3
6900 8770 3
6900 9824 1
6901 9679 1
6901 8782 1
6901 9843 1
6920 9732 2
6920 8928 1
6920 9123 1
6920 9242 1
6920 9851 1
6920 8895 1
6920 9563 2
6920 9981 1
6920 9417 4
6920 9649 1
6936 8859 1
6936 9096 4
6936 9220 1
6936 9243 1
6936 9159 2
6936 9186 1
6936 9385 5
6936 9578 1
6941 9855 1
6941 9696 1
6957 9725 4
6962 9454 1
6963 9446 1
6968 8882 2
6968 9559 1
6968 8782 1
6968 9803 1
6968 8900 1
6968 9411 2
6988 8553 2
6988 8985 4
6988 9921 1
6988 9157 1
6997 9814 1
6997 9712 1
6997 8799 1
6997 8881 1
6997 9872 1
7000 9223 7
7005 9764 1
7005 9229 1
7005 8936 1
7005 9861 1
7005 9933 1
7005 9535 5
7005 8711 1
7005 9200 1
7006 8638 1
7006 9341 1
7006 9750 1
7006 9777 3
7006 9367 1
7006 9447 1
7006 9682 1
7050 9522 1
7050 9686 1
7050 9353 3
7050 9879 1
7050 8842 1
7050 8887 1
7050 9463 2
7050 9896 8
7050 8596 2
7068 9507 1
7068 8573 3
7068 9122 2
7068 9274 1
7068 8618 1
7070 9324 3
7070 9512 2
7070 9344 1
7070 8827 1
7070 9345 9
7070 8900 2
7070 9286 3
7074 9767 1
7074 9344 1
7076 9041 1
7076 9234 1
7076 9943 4
7125 8569 1
7125 8729 1
7125 9048 3
7127 8807 3
7127 9267 45
7127 8671 1
7127 9826 1
7128 9691 1
7128 9599 3
7128 9841 3
7128 8752 1
7128 9959 2
7137 9981 1
7137 8926 2
7137 8828 1
7137 9340 1
7137 9776 1
7137 8564 1
7150 9717 6
7150 9904 2
7154 8938 7
7154 8865 1
7162 9852 3
7162 8944 1
7162 9363 1
7162 9768 1
7165 9915 1
7167 8987 1
7167 9937 2
7167 9700 2
7167 9820 1
7167 9007 2
7167 9724 1
7167 9844 11
7193 9059 2
7193 9224 1
7193 9965 1
7193 9827 1
7193 9009 3
7193 9561 2
7193 9491 1
7200 8939 1
7205 9653 4
7205 9335 11
7205 9623 1
7205 8713 1
7205 9087 1
7205 9467 1
7205 9611 1
7238 9093 1
7238 9867 2
7263 8669 11
7263 8905 30
7263 9181 1
7263 9887 1
7263 9474 2
7268 9195 1
7268 8543 2
7268 8899 1
7268 9381 1
7268 9755 1
7291 9799 1
7291 8744 1
7291 8592 121
7291 8973 1
7294 8590 15
7294 9255 1
7294 9245 1
7294 8661 1
7294 8784 2
7294 8863 3
7303 8606 1
7303 8943 1
7344 8737 2
7344 9962 1
7351 8609 200
7351 9235 1
7351 8955 1
7376 8924 1
7376 8737 1
7381 9424 1
7382 8840 4
7382 9291 2
7383 9729 2
7390 9944 4
7392 9341 2
7392 9942 1
7401 9463 1
7401 9562 14
7401 8590 6
7401 9025 1
7401 9948 1
7401 9098 1
7411 9302 1
7411 9642 1
7411 9210 13
7411 9349 100
7420 9234 55
7420 8991 1
7420 9795 1
7427 8782 9
7427 8977 1
7427 9262 1
7453 9563 2
7453 9618 7
7453 8587 1
7453 8942 10
7453 9471 3
7453 9564 1
7469 9793 2
7469 9023 5
7469 9197 2
7473 8697 1
7473 8997 5
7473 8912 3
7479 8680 1
7479 8657 1
7479 8692 1
7479 9095 1
7479 9258 1
7479 9576 1
7479 8711 1
7479 9002 1
7479 9910 5
7490 8740 6
7490 9995 1
7494 9950 1
7494 9112 1
7494 9258 3
7494 9352 1
7494 9650 1
7502 8854 3
7502 9328 10
7502 9274 1
7508 9243 2
7508 9203 1
7508 9307 1
7508 9686 1
7508 8548 1
7508 8885 1
7508 9521 2
7516 8832 1
7516 9095 1
7516 9402 1
7516 8705 1
7516 9339 1
7516 9392 1
7516 9495 2
7519 9790 1
7519 9181 1
7519 9306 1
7519 9501 5
7528 9574 6
7528 8596 4
7528 9325 2
7528 8592 1
7528 9360 1
7534 9457 1
7534 8623 1
7534 9696 3
7534 9468 2
7550 8936 1
7550 9913 1
7550 9765 1
7550 9238 1
7550 9375 9
7562 8954 2
7562 9443 4
7571 9521 1
7571 8859 1
7571 9605 1
7572 9146 1
7572 9700 1
7572 9530 1
7572 9786 1
7574 9825 1
7574 8941 1
7574 9879 4
7577 9947 3
7577 9077 1
7577 9776 1
7577 9553 1
7577 9692 2
7577 9426 1
7577 9561 1
7578 9234 1
7578 9259 1
7578 8682 2
7578 9361 2
7589 9444 1
7589 9621 1
7589 9946 1
7593 8805 1
7593 8656 3
7593 8821 1
7620 8927 1
7620 9530 3
7620 8827 1
7620 9154 1
7620 9641 3
7620 9722 9
7620 9879 2
7628 8701 6
7628 9935 2
7641 8821 1
7641 9238 3
7641 9707 1
7641 9006 25
7641 9539 1
7641 9756 1
7641 9869 1
7641 8890 1
7646 9112 7
7646 9279 1
7646 9995 1
7646 9550 1
7646 8577 1
7646 9955 1
7656 9382 2
7656 9749 2
7665 8717 1
7665 9230 8
7665 9235 6
7671 9516 1
7671 9731 1
7671 9694 1
7671 9738 1
7671 8794 3
7671 8853 4
7671 8854 1
7678 9359 1
7678 8881 1
7678 9391 1
7678 9204 1
7680 9515 1
7680 9875 1
7680 9917 1
7682 9599 2
7702 9846 2
7731 8963 1
7731 9795 1
7731 8985 2
7731 9958 1
7732 8744 1
7732 8977 2
7732 8586 5
7732 9026 5
7741 9942 1
7741 9593 1
7741 9829 1
7741 9379 3
7742 8798 2
7742 9402 1
7742 9553 4
7742 8621 1
7751 8704 2
7751 9844 1
7751 9229 6
7751 9204 1
7751 9568 1
7757 8932 1
7757 8700 1
7758 8679 1
7758 8973 200
7758 8611 2
7758 8939 1
7758 9788 13
7772 9793 1
7772 9439 1
7772 9010 2
7772 9064 1
7772 9569 4
7772 9031 2
7772 9089 1
7774 8565 1
7774 9432 1
7774 9296 1
7774 9507 2
7774 9776 4
7775 8839 1
7776 9344 2
7776 8980 1
7776 9017 1
7776 8874 2
7776 9416 21
7776 9472 10
7787 9382 1
7787 9807 1
7793 9408 1
7793 9598 2
7793 9175 1
7793 9385 8
7801 9929 1
7801 8954 2
7801 9381 4
7801 8585 1
7801 8632 3
7801 9095 1
7809 9186 2
7809 9840 1
7809 9189 1
7809 9728 1
7809 8678 5
7809 8968 1
7813 9256 1
7813 8855 1
7813 9853 1
7813 9223 1
7819 9736 1
7819 8768 1
7819 9415 1
7823 9018 2
7823 8812 1
7823 8836 1
7823 9297 1
7823 8619 1
7823 8648 2
7828 8678 2
7843 8657 1
7843 8994 1
7843 9189 1
7843 9765 6
7843 8734 1
7864 9976 1
7864 9071 2
7868 9465 1
7868 8637 18
7929 8592 2
7929 8788 1
7929 9190 168
7929 8545 1
7929 9759 1
7932 9645 1
7932 9975 1
7932 8968 2
7934 8693 1
7934 9266 1
7934 9568 4
7942 9797 180
7942 8703 1
7942 9254 1
7942 9340 1
7942 9698 2
7942 8614 1
7942 9108 1
7960 8912 3
7960 9839 1
7960 8906 2
7964 9687 1
7964 9280 3
7964 8870 1
7973 9361 43
7973 9662 1
7973 8731 1
7973 8834 1
7973 9909 1
7976 9690 1
7976 9100 2
7976 9803 1
7976 9530 1
7976 8590 1
7976 8706 6
7976 9221 1
7976 9527 7
7982 8618 2
7982 9558 1
7982 9845 4
7985 8987 1
7985 9119 4
7985 9705 1
7991 9782 1
7991 9285 1
7991 9135 1
7991 9025 7
7991 8625 1
7991 9569 1
7991 9367 1
7992 8988 1
7992 9947 3
8007 9508 1
8007 8574 4
8007 8811 3
8007 9757 1
8007 8792 8
8007 9799 1
8007 9563 14
8008 8739 1
8008 8764 2
8013 9110 1
8013 9486 7
8013 9946 2
8013 9544 6
8019 9015 1
8019 9818 2
8019 8705 1
8024 8766 1
8024 8650 1
8024 8842 6
8024 9277 1
8024 9640 8
8024 9683 1
8025 8739 1
8025 9490 1
8025 9773 1
8025 8583 2
8025 9106 4
8025 9411 2
8025 8728 1
8025 8907 1
8079 9021 2
8079 9028 1
8079 8870 1
8079 9598 3
8087 9116 1
8087 9243 1
8088 9112 1
8088 9628 3
8088 9939 2
8088 9404 2
8088 9489 2
8088 9664 15
8102 9477 1
8102 8949 2
8114 8970 1
8114 8778 1
8114 9256 1
8114 9433 1
8141 9381 1
8141 8820 2
8141 9787 46
8141 9158 1
8162 8912 9
8162 9797 1
8162 9279 1
8206 9098 1
8206 9839 1
8206 9205 1
8206 8885 1
8206 9223 2
8206 9710 1
8206 9597 1
8231 9094 2
8231 9602 3
8234 8812 1
8234 8788 1
8234 9831 1
8249 9034 2
8249 9252 1
8249 9495 1
8250 9482 3
8250 9225 2
8262 9396 6
8262 9991 2
8262 8548 11
8262 9340 1
8270 9454 1
8270 9598 2
8270 8702 18
8270 8703 17
8270 9128 1
8270 8661 3
8270 8700 1
8270 9231 1
8270 9918 26
8284 9003 1
8284 8995 1
8286 8861 54
8286 9282 2
8286 9180 1
8286 9585 2
8286 9797 1
8296 9948 1
8296 9257 1
8296 9438 26
8296 9574 1
8296 9730 2
8374 9720 1
8374 8587 1
8386 9897 2
8386 8586 1
8386 9855 1
8386 8772 6
8386 8649 1
8386 9139 1
8386 9089 3
8386 8610 200
8386 9098 5
8386 9892 1
8386 9136 1
8402 9677 6
8402 9706 1
8402 8950 1
8402 8829 1
8402 9136 2
8429 9375 26
8429 9497 1
8429 9089 1
8429 9533 1
8445 8877 1
8445 9599 1
8469 9743 1
8469 8784 2
8471 9212 1
8471 9783 2
8471 8690 2
8478 8986 1
8478 8560 1
8487 9913 1
8487 8819 1
8487 9947 6
8492 9873 1
8492 8803 2
8492 9032 1
8492 9061 1
8492 9346 2
8518 9796 1
8518 9229 1
8518 8799 1
8518 9345 1
8518 9784 1
8518 9339 1
8527 9504 2
8527 8591 6
8527 9707 1
8527 9323 1
8527 9667 1
8527 9869 1
8528 9018 1
8528 9484 2
8528 9989 2
8528 9041 1
8537 8926 1
8537 9687 13
8537 8638 4
8541 8851 1
8541 9070 1
8542 9934 6
8542 9939 1
8543 9442 2
8544 9654 6
8544 8576 1
8544 8759 1
8544 9163 1
8544 9865 1
8546 9536 1
8546 8735 1
8546 8716 3
8546 8862 1
8546 8970 4
8546 9726 1
8546 9733 1
8547 9296 2
8547 9733 1
8547 9950 2
8549 8787 1
8551 9041 1
8551 9623 2
8552 8990 5
8553 9011 1
8554 8655 1
8554 8992 3
8554 8601 3
8555 9714 9
8555 9904 1
8555 8994 1
8556 8577 1
8556 9146 2
8556 9823 2
8557 9068 1
8558 8852 1
8558 9572 2
8558 9874 2
8558 9633 45
8558 9601 1
8558 9475 2
8559 8980 1
8559 9040 2
8559 9162 1
8559 9817 2
8559 8788 1
8559 9157 1
8560 8718 1
8561 9316 1
8561 9621 1
8561 9859 2
8561 9040 1
8562 8907 1
8562 8819 1
8562 9046 9
8562 9838 1
8566 9242 30
8566 9846 2
8566 8891 1
8566 9901 1
8567 9697 1
8567 9967 1
8567 9594 1
8568 9090 1
8568 8699 7
8569 8634 1
8571 9576 1
8571 9595 1
8571 9319 1
8572 9974 1
8572 9376 5
8572 9583 1
8572 9600 2
8572 9944 2
8573 8685 1
8575 9507 15
8575 9975 3
8577 8795 1
8578 9660 1
8579 9396 1
8579 8621 1
8579 9573 2
8580 9270 1
8580 8608 2
8581 9435 1
8581 9447 3
8581 9653 1
8582 8605 1
8582 8817 1
8585 8666 2
8588 9031 1
8588 9184 1
8588 9570 1
8589 8931 1
8591 8730 2
8593 8741 1
8593 9299 1
8593 9759 1
8593 9540 1
8593 9679 1
8594 8677 3
8595 9677 1
8595 9284 1
8595 9984 1
8597 9049 1
8598 8609 93
8598 9921 4
8598 8671 1
8598 9672 1
8598 9787 2
8600 9750 2
8600 9330 1
8601 9497 2
8601 9524 1
8601 9106 2
8602 8998 4
8603 9550 6
8605 8916 1
8605 8709 1
8605 9045 1
8605 9515 2
8605 9960 1
8606 8613 1
8607 9293 1
8607 8910 1
8609 8910 3
8610 9575 2
8611 8911 1
8612 9274 1
8612 8816 1
8612 8731 1
8612 8832 2
8613 9479 1
8616 9513 2
8616 9605 5
8616 9351 1
8620 9603 1
8620 8897 15
8622 9186 8
8622 8698 1
8622 8664 1
8622 8928 2
8622 9662 1
8622 9953 1
8624 8863 2
8624 8738 1
8624 9631 1
8625 9721 1
8626 9052 2
8630 8780 1
8631 9155 5
8633 8687 1
8634 9471 1
8634 8936 15
8634 9811 1
8634 9115 2
8635 9272 12
8635 8992 1
8636 8702 1
8636 9117 1
8636 9618 6
8636 9064 1
8637 8915 1
8638 8835 4
8640 9699 12
8641 9044 5
8641 9734 1
8641 9008 4
8641 9816 1
8641 8916 1
8642 9855 1
8643 8667 4
8643 9921 1
8643 9748 40
8643 9881 1
8645 8903 2
8646 9070 11
8646 8687 2
8647 8732 1
8649 9464 6
8649 8976 1
8651 9591 1
8651 8752 2
8651 9438 1
8651 9313 1
8651 8848 15
8651 9439 1
8651 9892 1
8652 8894 3
8653 9660 1
8653 8896 1
8653 9294 1
8654 9903 1
8655 8656 3
8655 8711 4
8655 9566 1
8655 9707 1
8657 8795 2
8660 9824 3
8660 9547 1
8660 9654 1
8661 8722 1
8662 9132 2
8663 9146 4
8663 9737 1
8663 9198 1
8663 9864 1
8665 9660 1
8665 8984 1
8666 9041 1
8666 9879 1
8666 9014 8
8666 8741 6
8668 8742 2
8669 9051 1
8672 9175 1
8672 9735 1
8672 9822 1
8673 8990 1
8674 9660 1
8675 8822 1
8677 9156 1
8677 9606 5
8677 9916 1
8678 8898 1
8681 9959 1
8681 9207 1
8681 9991 1
8681 9882 1
8681 9965 1
8682 9354 1
8683 9903 3
8683 8983 10
8684 9819 1
8684 8886 2
8685 9873 2
8686 9934 2
8686 8876 1
8687 9391 1
8687 9676 1
8688 8903 1
8688 8722 1
8689 9830 1
8692 8748 1
8693 8715 1
8695 9612 18
8695 9183 6
8697 8718 1
8698 9000 1
8698 9889 4
8705 9070 1
8706 8883 1
8707 9115 1
8707 9645 5
8709 9614 5
8710 9099 1
8710 9710 1
8711 9455 2
8712 9040 1
8712 9960 1
8713 9067 1
8714 9109 1
8714 9133 1
8714 9692 1
8715 9215 34
8715 9143 1
8715 8895 1
8717 8961 2
8719 8871 3
8720 9183 2
8721 8744 3
8721 9555 2
8722 9226 1
8726 9269 1
8726 8798 2
8726 9006 5
8726 9754 1
8726 9189 1
8726 9635 1
8727 9467 1
8727 9403 2
8728 8732 1
8730 9339 1
8730 9860 1
8730 9236 2
8730 9814 1
8730 9945 15
8732 9349 4
8732 9032 2
8732 9686 2
8736 9415 4
8736 9597 1
8736 8951 1
8739 9035 1
8742 9502 2
8742 9654 1
8742 8829 1
8742 9511 2
8743 9926 1
8743 9377 1
8745 8808 1
8745 9751 1
8746 9352 5
8746 8808 2
8746 8842 1
8747 9006 1
8747 9921 4
8747 9819 3
8748 9994 3
8748 8994 1
8748 9788 4
8749 8967 2
8749 9034 1
8749 9422 1
8749 9987 1
8754 9001 2
8755 9165 1
8756 8789 2
8757 9984 1
8757 9182 1
8757 9408 1
8760 9878 1
8761 9010 1
8761 9171 1
8761 9978 1
8762 9018 1
8762 9196 85
8762 9709 1
8762 9855 2
8763 9248 1
8764 8917 5
8766 9612 2
8766 8781 1
8766 8850 15
8767 8789 1
8769 9420 1
8769 9034 1
8769 9154 4
8769 9244 1
8769 9397 1
8771 9535 1
8771 9662 1
8772 8817 1
8773 8922 1
8774 9881 24
8776 9149 4
8776 9762 7
8777 9034 1
8777 8877 1
8777 9972 8
8777 8957 3
8777 9012 3
8777 9241 3
8777 8970 1
8778 9889 2
8785 9035 4
8787 9096 1
8787 9092 1
8787 9540 1
8789 9167 2
8789 9364 2
8789 9415 1
8789 9042 11
8789 9413 1
8789 8816 1
8791 8923 7
8791 8928 22
8791 9486 1
8793 8927 1
8793 9111 4
8795 9169 1
8800 8822 1
8800 8934 1
8802 9717 3
8802 9909 1
8807 9027 1
8808 9161 1
8810 9245 1
8810 8905 1
8810 9501 1
8811 9065 5
8813 9378 1
8814 8863 1
8814 9307 2
8814 9771 6
8814 9775 16
8817 8848 1
8817 9556 1
8817 9449 1
8818 9001 6
8820 8835 2
8822 9811 1
8822 9110 3
8822 9608 8
8823 9848 1
8823 9210 2
8823 9025 1
8823 8828 1
8823 8869 1
8823 9514 1
8823 9609 3
8824 9050 25
8825 9493 7
8825 9431 2
8825 9497 2
8826 8992 1
8830 9464 1
8832 8868 1
8835 9206 1
8836 9442 20
8836 8850 1
8837 9536 1
8838 9044 1
8838 8970 2
8838 9472 4
8839 8844 1
8841 9275 1
8843 9488 5
8843 9346 1
8843 9974 1
8843 8942 2
8844 9928 2
8844 9717 2
8844 9810 4
8845 9217 23
8845 9431 1
8846 9356 1
8846 9831 1
8846 9086 3
8847 9471 1
8850 9367 1
8850 9009 1
8850 9343 5
8850 9352 3
8850 9646 1
8851 9012 1
8851 8932 1
8851 9247 1
8852 8974 1
8853 8883 1
8853 9808 5
8855 9312 1
8856 9979 1
8857 8992 1
8859 9455 1
8860 9648 1
8860 8873 1
8860 9439 5
8861 8892 1
8868 8991 1
8868 9071 5
8868 9484 1
8868 9498 1
8868 9617 3
8868 9837 2
8868 8986 1
8869 8992 1
8869 9378 1
8871 8944 1
8871 9706 1
8872 9272 1
8875 9660 6
8875 8992 1
8878 9850 200
8878 9580 1
8879 8958 1
8879 9391 1
8880 9257 2
8883 9408 1
8884 8993 10
8888 8948 1
8888 8983 1
8889 9922 9
8892 9168 1
8892 9231 1
8894 9987 1
8894 9023 1
8894 9740 1
8894 8927 2
8895 9388 3
8896 9602 1
8896 9244 1
8898 9829 2
8898 8995 2
8898 9056 1
8898 9316 1
8901 9070 2
8902 9716 1
8903 9763 1
8903 9350 4
8907 9047 1
8909 8940 3
8909 9392 3
8909 9628 2
8909 9851 1
8911 9574 1
8911 9869 1
8911 8926 4
8913 9544 1
8914 8988 3
8914 9247 5
8915 9169 4
8915 9269 1
8915 9850 1
8915 9925 2
8918 8957 1
8918 9315 1
8918 9649 1
8918 8972 1
8918 9304 1
8920 9484 2
8922 9759 1
8922 9438 2
8922 9556 1
8922 9028 1
8924 9293 1
8925 8930 4
8925 8982 3
8928 8984 1
8930 9958 4
8930 9763 4
8930 9436 1
8931 9967 1
8933 9606 5
8935 9577 1
8937 9065 60
8945 9532 1
8945 9330 2
8946 9660 1
8947 9294 1
8948 9803 1
8948 9257 9
8948 9725 4
8950 9830 1
8954 9153 9
8956 9293 1
8959 9825 1
8959 9673 1
8961 9829 5
8961 9588 2
8961 9961 3
8962 9233 1
8963 9263 3
8964 9714 1
8964 9099 1
8964 9950 1
8966 9243 1
8966 9513 1
8968 9263 1
8972 9418 2
8972 9161 1
8974 9632 1
8974 9864 2
8974 9448 9
8974 9871 2
8974 9926 1
8976 9247 1
8979 9816 2
8979 9676 1
8979 9620 4
8981 9881 1
8981 9384 1
8981 9375 1
8981 9589 1
8982 9967 5
8982 9736 1
8982 9534 1
8983 9680 1
8983 9044 1
8983 9745 1
8984 9752 1
8984 9810 1
8990 9163 5
8990 9507 1
8990 9924 3
8990 9572 1
8990 9850 1
8992 9823 1
8992 9054 2
8992 9129 1
8992 9041 1
8992 9187 1
8993 9477 5
8993 9624 1
8993 9397 2
8993 9683 5
8993 9145 5
8993 9726 27
8993 9731 1
8993 9784 1
8996 9941 1
8996 9077 4
8996 9119 1
8996 9874 1
8996 9908 19
8998 9852 1
8998 9720 1
8998 9766 1
9001 9166 4
9001 9424 1
9001 9632 1
9001 9729 1
9005 9822 1
9005 9456 2
9005 9420 1
9011 9341 1
9011 9793 6
9013 9196 7
9013 9690 4
9016 9941 1
9016 9024 2
9016 9924 1
9018 9808 3
9020 9330 1
9020 9732 1
9027 9845 1
9027 9145 1
9027 9965 4
9027 9159 5
9029 9152 1
9030 9255 1
9031 9068 1
9033 9570 23
9033 9262 4
9035 9302 1
9035 9335 2
9035 9656 1
9035 9872 1
9035 9978 1
9036 9438 5
9036 9621 7
9036 9822 1
9038 9128 3
9038 9387 1
9038 9744 1
9038 9163 1
9038 9395 1
9038 9160 1
9045 9378 4
9045 9386 2
9047 9534 1
9047 9365 4
9047 9242 4
9047 9814 1
9047 9583 1
9049 9505 1
9049 9766 2
9049 9738 1
9052 9253 1
9056 9312 1
9060 9263 1
9060 9065 7
9063 9694 2
9063 9797 10
9063 9987 1
9065 9454 1
9065 9956 1
9066 9745 1
9066 9363 5
9066 9891 1
9066 9973 1
9067 9292 1
9067 9323 1
9067 9993 1
9068 9341 13
9068 9873 2
9068 9749 6
9068 9608 1
9068 9466 9
9068 9635 1
9068 9679 1
9069 9799 1
9069 9498 3
9072 9979 1
9074 9929 1
9074 9101 1
9074 9856 1
9075 9408 7
9077 9336 1
9081 9577 1
9084 9275 1
9099 9124 1
9101 9968 1
9108 9464 1
9121 9369 1
9121 9576 1
9121 9638 1
9123 9153 1
9124 9819 1
9124 9298 1
9129 9141 2
9133 9922 1
9135 9418 1
9141 9343 13
9145 9878 1
9147 9830 1
9148 9885 11
9152 9606 3
9153 9777 3
9155 9504 2
9161 9784 1
9161 9545 2
9182 9889 1
9183 9231 5
9183 9488 5
9183 9598 1
9187 9275 1
9202 9668 2
9203 9614 4
9203 9808 2
9217 9830 1
9224 9275 1
9229 9293 1
9233 9783 2
9233 9916 1
9234 9275 1
9240 9938 1
9242 9275 4
9259 9889 18
9263 9594 2
9263 9465 2
9263 9712 2
9272 9618 2
9275 9766 1
9275 9732 3
9275 9927 1
9293 9582 1
9294 9361 1
9312 9435 2
9312 9342 1
9312 9765 1
9315 9612 1
9316 9808 5
9324 9979 3
9328 9386 1
9336 9622 1
9336 9611 1
9337 9414 4
9341 9388 1
9344 9418 1
9353 9394 2
9354 9407 1
9370 9963 9
9376 9660 1
9378 9642 1
9378 9840 1
9378 9888 2
9379 9394 1
9386 9453 1
9387 9614 13
9388 9793 2
9388 9838 3
9388 9886 1
9388 9985 1
9402 9577 1
9407 9660 1
9428 9557 1
9442 9662 1
9442 9606 1
9442 9734 2
9457 9614 1
9462 9903 1
9486 9903 1
9508 9968 1
9510 9614 1
9524 9542 1
9542 9901 7
9545 9889 2
9546 9699 2
9549 9590 1
9556 9878 1
9574 9949 1
9575 9632 1
9577 9725 1
9577 9674 1
9577 9760 5
9577 9974 3
9612 9775 2
9614 9706 9
9619 9699 1
9637 9644 4
9659 9903 1
9660 9994 1
9716 9846 1
9721 9737 1
9738 9903 1
9739 9922 1
9774 9842 47
9780 9889 2
9790 9878 2
9847 9923 3
9875 9979 1
9878 9943 1
9955 9979 2
