0 8980 1
4 8906 1
4 9686 2
4 8775 1
20 8998 1
20 9983 1
20 9079 1
20 9869 1
20 9937 1
20 9581 1
68 9006 1
68 8681 1
68 9287 12
68 9784 1
68 9150 46
68 9283 1
68 9884 2
68 9997 1
94 8689 1
94 8590 1
101 9248 1
101 9821 1
101 8685 1
101 8975 1
101 9394 2
101 9937 1
125 9075 1
127 8814 40
127 9355 2
145 9358 1
145 9951 1
145 8835 2
145 9439 2
145 9743 1
154 9861 2
154 8871 1
154 9132 1
154 9609 3
154 8718 1
158 9453 1
168 9085 1
168 8927 1
168 9565 1
168 9609 1
176 8973 1
176 8975 1
176 8653 1
176 9045 64
176 9055 2
176 9810 1
176 9835 6
176 8594 1
176 9362 5
176 9682 1
184 9612 1
184 9393 1
184 9649 8
186 9310 4
186 9154 1
197 9059 1
197 8644 2
197 9945 2
197 9246 5
197 9012 1
217 9778 4
217 9271 3
217 9693 4
240 8643 1
240 8712 1
240 9333 1
248 9591 2
251 9595 18
259 9371 2
259 8856 2
276 8812 1
276 8949 1
293 8869 2
293 8906 1
293 9586 1
305 8593 1
305 8855 1
305 9569 1
305 9541 1
305 9703 4
305 9056 1
305 9371 1
305 9470 2
330 9142 1
330 9271 2
335 9493 2
340 8772 3
340 9788 1
344 9742 3
344 9358 2
367 9376 1
373 9291 1
373 9530 5
373 9513 5
373 9905 1
373 8847 1
373 9507 1
379 8734 2
384 9103 2
384 8583 6
384 9602 2
384 9642 2
384 9132 1
384 9522 1
386 8898 1
386 9654 1
395 8675 4
405 9849 4
405 8733 1
405 9009 1
405 9036 1
405 9418 3
405 9557 1
431 9120 4
431 8700 1
431 9837 1
431 9338 1
431 9898 1
435 9572 2
454 9935 2
454 9667 6
454 8922 14
454 9642 1
454 9534 1
454 9968 1
462 9830 1
462 9402 2
462 9300 2
463 9305 1
463 9093 1
463 9441 2
463 9967 6
508 9254 1
508 8808 2
510 9778 5
510 8613 9
510 8892 1
510 9291 1
510 9664 2
510 9920 3
523 8933 200
523 9057 1
523 9773 3
523 9847 1
523 9706 8
523 9937 8
528 8895 1
528 9462 1
530 9519 1
530 9033 1
530 9462 1
530 8623 1
530 9153 12
530 9527 10
530 9770 1
530 8810 1
530 9321 1
530 9961 1
535 8710 1
535 9204 2
535 9484 1
542 9366 2
542 9965 4
543 9141 9
558 8945 33
558 8691 2
558 8769 1
565 9399 9
570 9657 112
570 9674 36
570 8863 1
570 9454 1
571 9264 2
571 8642 1
571 8841 2
571 8783 1
571 9683 11
579 9697 1
592 9317 1
592 8861 2
592 9567 3
592 8766 1
592 8902 3
600 9399 4
600 9064 7
611 9063 6
611 9557 1
611 9206 21
611 9844 2
619 8915 1
619 9149 6
628 9022 1
628 9552 6
631 9085 1
639 8706 2
639 9619 1
639 9093 1
639 9170 2
658 8654 2
658 9329 5
658 9913 1
658 9946 3
672 9058 1
672 9250 74
672 9701 3
672 8865 1
672 9537 3
672 9871 1
686 9980 1
686 9148 1
686 8830 2
686 8856 8
686 9462 12
686 9927 6
686 8650 1
686 9561 2
717 8595 1
717 9461 3
717 9964 2
717 9496 1
717 9228 4
717 9998 31
722 8999 6
722 9159 1
722 9323 1
722 9616 2
722 9724 1
732 9118 2
732 9902 3
734 8662 2
734 9505 1
734 9122 1
734 9751 15
734 9186 1
734 8679 1
734 9477 9
734 9000 1
734 9635 7
744 9385 1
744 9892 1
744 9776 2
744 9923 3
756 9122 130
756 9952 1
756 9363 2
756 9057 1
756 9624 1
774 9230 1
774 8886 1
774 9031 2
774 9711 28
818 8856 1
818 9759 1
818 8666 1
818 9775 1
825 9692 2
825 9253 1
837 8851 2
837 9564 1
837 9710 1
859 9712 1
859 9552 1
859 9630 1
859 9964 1
864 9376 1
875 9274 1
875 9819 2
875 8809 1
875 9681 1
878 9385 1
878 9148 1
883 9540 1
883 8861 2
883 9102 1
883 9798 1
883 9821 6
932 9531 1
932 8846 5
932 9103 1
932 9703 4
932 9855 1
936 9228 1
936 9361 1
936 9256 1
936 9517 6
936 8941 1
940 9822 2
968 9803 1
968 9273 1
982 9022 1
982 8661 1
982 9904 1
995 9938 1
995 9455 1
995 9864 2
1004 9213 1
1004 9612 3
1004 9841 2
1012 9764 1
1012 9194 3
1012 9909 2
1025 8616 1
1025 9859 7
1025 9788 2
1025 8849 6
1025 9853 3
1025 9006 1
1025 9674 1
1025 9731 2
1025 9141 1
1025 9164 5
1053 9615 1
1058 9777 1
1058 9644 3
1058 9025 2
1058 9766 2
1058 9802 1
1058 9473 6
1058 9920 4
1072 9566 4
1072 9404 2
1072 8648 1
1072 9333 1
1072 9694 1
1073 9284 1
1073 9167 1
1073 9067 2
1073 9189 2
1078 9128 1
1079 8840 1
1079 9654 2
1079 9855 1
1090 9060 1
1090 9729 1
1097 9970 2
1097 9164 1
1097 9382 1
1097 9470 1
1097 9106 1
1097 8817 1
1097 9186 4
1099 8937 4
1099 8723 5
1099 9648 1
1115 9146 135
1116 9213 1
1116 8724 7
1116 9059 1
1118 9507 1
1134 8584 1
1134 8991 1
1134 9608 1
1134 9648 1
1134 9065 2
1134 9176 1
1137 9445 1
1137 8641 1
1137 9504 2
1137 9934 1
1137 9161 2
1137 9610 1
1137 9068 2
1137 9619 11
1150 9411 1
1150 9994 1
1150 9340 3
1150 9567 1
1150 9572 2
1150 9115 1
1150 9465 1
1157 9703 6
1157 9825 1
1157 9061 1
1157 9766 1
1157 9399 1
1157 9963 1
1157 9734 1
1157 9969 1
1166 8881 3
1166 9909 3
1171 9902 1
1171 9660 1
1186 9986 1
1186 9486 11
1186 9633 1
1186 9799 1
1192 9272 2
1192 9414 5
1192 8849 1
1192 8889 2
1194 8637 1
1194 8736 2
1194 9745 2
1194 8692 5
1194 9395 2
1194 9912 1
1196 8911 2
1196 9131 2
1196 9502 1
1202 9816 4
1202 8720 1
1213 9357 7
1213 9371 1
1214 9097 1
1214 9650 2
1214 9522 3
1214 9778 2
1240 9742 1
1240 8859 1
1240 8924 1
1240 9929 1
1240 9426 1
1252 8662 1
1252 8679 2
1262 8749 1
1262 9361 2
1283 8928 1
1283 8601 6
1283 9123 5
1284 9731 1
1284 9846 1
1331 9047 1
1331 9948 1
1331 9734 1
1331 8792 5
1343 9730 1
1357 9710 1
1357 8938 6
1357 8946 10
1357 8970 4
1357 8712 2
1357 9568 6
1357 9085 1
1357 9745 2
1369 9706 1
1369 8765 2
1369 9050 1
1369 9929 1
1372 9173 1
1372 8632 1
1372 9425 3
1372 9686 1
1372 9308 1
1372 9455 1
1377 8705 1
1377 9336 1
1377 9571 1
1377 9624 1
1377 8689 1
1377 9216 58
1377 9563 1
1377 9604 94
1391 9157 2
1391 8926 1
1391 9828 1
1400 8700 1
1400 9756 1
1400 9775 1
1406 9069 1
1406 9354 1
1406 9417 1
1409 8626 1
1409 8783 1
1409 9058 1
1409 9832 2
1409 8915 8
1409 9544 1
1409 9568 1
1425 9613 1
1425 9908 85
1425 9768 1
1435 9186 1
1435 9382 5
1439 9805 1
1439 8662 49
1439 9472 1
1439 9905 1
1450 9332 1
1450 9920 12
1450 9799 25
1450 8652 1
1454 8828 2
1454 9804 1
1454 9172 6
1454 9656 5
1454 9737 1
1454 9926 1
1454 9204 3
1454 9928 1
1458 8925 1
1458 9040 1
1458 9182 5
1458 9396 2
1458 9749 1
1458 9993 1
1469 9341 1
1469 9369 1
1477 9554 11
1477 9731 1
1514 9112 1
1514 9370 1
1514 9464 1
1534 9312 1
1534 9982 1
1534 9021 1
1534 9737 1
1565 9780 1
1565 8933 3
1565 8911 2
1568 8938 2
1568 9238 1
1568 9313 1
1568 9359 1
1570 9378 1
1570 8741 1
1570 9417 2
1570 9751 2
1570 9222 1
1570 8893 4
1570 9287 4
1572 8912 1
1572 9942 6
1572 9694 1
1572 9599 1
1572 9423 6
1572 9310 1
1578 8960 1
1578 9083 1
1578 9564 1
1597 9419 1
1597 8726 1
1599 8749 1
1599 9530 1
1599 9591 1
1600 8964 1
1600 8712 2
1626 9206 9
1626 9604 2
1626 9273 3
1626 9993 3
1634 9196 1
1634 8722 1
1634 9476 3
1634 9994 29
1637 9089 4
1637 9713 1
1669 9831 3
1669 8747 1
1669 8831 5
1675 8980 1
1675 9722 1
1675 9523 1
1675 9064 1
1675 9470 11
1677 9374 1
1677 9409 3
1677 8761 1
1677 9067 1
1677 9460 4
1677 9581 1
1677 8712 2
1677 8882 1
1705 8965 1
1705 9083 1
1705 9827 1
1705 9380 4
1705 9830 1
1705 8823 5
1705 9287 1
1705 9519 1
1725 9793 1
1725 9112 1
1725 9594 1
1725 9291 3
1725 8688 1
1725 8775 1
1725 9481 7
1739 9446 1
1739 9927 1
1764 9297 1
1764 9172 1
1764 9015 8
1764 9528 1
1773 9036 1
1773 9758 3
1773 9472 7
1773 9163 6
1798 9150 1
1798 9647 1
1798 8984 1
1814 9113 32
1814 9848 1
1814 9540 1
1814 9272 2
1814 9920 1
1814 9965 1
1814 9168 1
1832 8905 1
1832 9977 5
1832 9374 1
1832 9784 4
1832 9878 3
1835 9630 17
1835 9669 2
1835 9224 1
1835 9340 2
1841 9629 1
1841 8713 2
1841 9969 1
1841 8948 2
1841 9074 2
1841 9963 1
1841 9108 4
1841 9687 1
1854 8978 1
1854 9131 1
1868 8747 2
1868 9659 1
1868 8675 2
1868 9984 1
1873 8973 8
1873 9012 1
1873 9288 26
1873 9554 1
1873 8718 1
1873 9281 1
1873 9729 1
1881 8872 1
1883 9405 2
1883 8935 6
1883 9478 1
1883 9916 2
1888 9819 3
1888 9306 1
1888 9915 1
1909 9017 1
1909 8900 3
1915 9698 2
1915 9815 1
1948 9680 2
1948 9492 1
1948 9537 1
1948 9699 5
1948 9800 1
1954 9106 1
1954 9493 2
1954 9644 1
1954 9935 1
1954 9983 1
1987 8596 3
1987 9615 5
2010 9173 2
2010 8897 2
2010 9233 1
2021 9437 14
2021 9484 1
2021 8640 1
2021 9166 1
2021 9452 1
2033 9333 1
2033 9070 1
2033 9357 1
2033 9151 1
2033 9710 8
2033 9978 1
2033 9092 1
2078 9898 2
2078 9081 1
2078 9355 1
2078 9378 2
2078 9185 2
2078 9231 2
2078 9261 1
2078 9376 3
2091 9005 1
2091 9425 1
2091 9477 1
2097 9314 5
2104 9528 2
2104 9810 3
2114 9332 1
2114 8859 1
2114 9081 1
2114 9190 6
2114 9498 2
2114 8653 44
2115 9489 2
2115 9699 1
2121 9982 1
2121 8651 2
2121 9070 2
2122 9483 1
2122 8895 1
2124 9383 1
2124 8681 1
2124 9250 1
2124 9946 53
2135 8995 11
2135 8841 2
2135 9298 2
2135 9542 4
2141 9644 1
2141 9116 1
2141 9753 7
2154 8946 1
2154 9052 1
2154 9454 1
2154 9523 1
2154 8827 4
2154 9784 1
2154 9380 1
2187 9378 2
2199 8808 1
2199 9366 3
2199 8649 1
2199 9116 2
2199 9954 8
2200 8911 1
2200 9084 2
2200 9997 19
2200 9075 1
2200 9795 5
2211 9394 1
2211 9531 1
2217 9691 1
2217 9280 1
2241 9910 2
2241 8629 1
2241 8922 1
2241 9592 5
2243 8883 1
2243 9630 1
2243 9433 1
2243 8991 2
2243 9970 1
2244 9050 1
2244 9284 1
2244 9069 1
2248 9098 1
2248 8615 1
2248 8777 2
2248 9297 1
2248 9623 1
2249 9621 1
2249 9997 8
2249 8754 1
2249 8626 3
2249 9005 1
2252 9421 2
2252 8632 1
2252 8711 1
2259 9171 1
2259 9932 1
2281 9123 1
2281 8877 1
2281 9688 1
2297 9864 1
2297 9124 1
2297 9013 1
2297 9751 2
2303 9393 1
2303 9954 2
2303 9713 1
2309 8863 1
2313 8827 2
2313 8836 18
2313 9389 1
2313 9678 2
2313 9397 1
2317 9513 1
2317 8825 2
2317 9530 1
2317 8804 2
2317 9165 1
2317 9730 1
2338 9349 1
2338 8881 1
2345 9994 2
2345 8754 4
2357 9536 1
2357 9636 1
2357 9498 2
2357 9204 1
2357 8703 1
2357 8938 1
2357 9672 1
2361 9907 1
2361 9969 1
2361 9316 5
2375 8583 3
2375 9407 1
2375 8869 2
2375 8693 1
2375 9462 1
2375 9714 3
2375 8685 1
2384 9152 1
2384 9568 3
2384 9800 1
2384 9922 1
2384 9691 1
2395 9389 2
2395 9594 1
2395 8828 13
2395 9439 1
2395 8787 4
2395 9665 1
2395 9308 8
2400 8864 4
2400 9359 2
2400 9718 1
2403 9066 1
2403 8832 1
2403 9165 1
2403 9812 18
2409 9424 1
2409 9613 1
2409 9882 1
2409 9934 1
2416 9881 2
2416 9368 1
2416 8672 1
2416 8950 2
2416 9054 2
2416 9701 36
2423 9046 4
2423 9913 1
2428 9675 1
2428 9795 1
2428 9279 1
2428 9436 1
2428 9417 10
2434 9061 2
2437 9563 1
2437 9505 2
2437 9206 2
2437 8713 3
2437 9256 1
2448 9035 1
2448 8792 4
2448 8814 35
2448 9576 3
2471 9492 1
2478 8905 1
2478 9287 1
2478 9664 1
2478 9665 22
2478 9159 2
2478 9457 5
2478 9997 1
2478 9454 1
2480 8991 1
2480 9154 1
2480 9572 2
2497 6956 2
2497 9254 1
2514 9341 1
2521 8584 1
2521 8981 1
2521 8616 1
2521 9169 3
2549 9097 1
2549 9155 17
2551 9042 1
2578 9709 1
2578 8617 101
2578 8714 4
2586 9420 1
2586 9534 1
2586 9662 1
2592 9329 1
2592 8948 1
2599 9047 6
2599 9946 1
2599 9845 35
2599 8783 23
2599 9112 1
2599 9517 3
2600 9069 2
2600 9228 1
2602 9040 1
2602 8585 6
2602 8637 2
2603 9058 1
2603 9271 2
2603 9769 2
2604 9151 1
2604 9788 1
2604 8817 4
2604 9308 1
2604 9048 1
2604 8912 1
2604 8917 1
2604 9549 2
2632 9102 1
2632 9923 3
2632 9312 1
2636 9061 1
2636 8614 2
2636 9252 1
2636 9907 1
2636 8675 2
2636 9389 1
2636 8589 1
2681 8702 1
2681 9265 3
2681 8600 1
2681 8975 2
2681 9499 1
2681 9588 1
2716 9901 1
2716 8916 2
2716 9692 7
2724 9795 1
2724 9171 2
2724 9965 4
2729 8678 1
2729 8737 1
2732 9846 1
2732 9980 2
2733 8713 1
2733 9074 1
2738 8739 1
2738 9265 59
2738 8647 1
2738 8716 1
2738 9056 3
2738 9104 1
2738 9108 1
2738 9035 1
2738 9445 1
2743 9022 2
2745 9208 1
2745 9320 1
2745 9334 1
2746 9775 18
2746 9398 1
2746 9647 1
2746 9846 1
2755 9147 1
2755 9914 1
2755 9385 1
2755 9519 1
2758 8777 1
2758 9852 7
2761 9370 1
2761 9812 4
2773 8618 1
2773 8640 1
2773 9361 1
2773 9265 1
2773 9068 2
2773 9209 6
2773 9802 1
2780 9310 6
2785 9339 6
2785 8962 1
2785 8796 1
2785 9543 1
2800 9728 3
2800 8761 22
2800 9005 1
2800 9714 1
2809 8775 1
2809 8633 2
2809 8813 2
2809 8978 1
2809 9175 2
2809 9063 1
2818 9357 1
2818 8794 1
2818 9938 4
2828 9986 1
2860 8706 11
2860 9045 2
2860 9835 1
2860 9875 1
2872 9487 1
2872 9838 1
2872 9417 1
2873 9194 3
2873 9852 1
2873 9658 1
2873 9298 1
2873 9759 1
2873 9819 1
2873 9405 1
2873 9480 1
2878 9190 10
2878 8772 5
2878 9194 3
2905 9729 1
2913 8889 1
2913 9037 1
2917 9825 1
2922 8897 6
2922 9284 1
2926 9333 1
2926 9318 1
2926 9327 1
2927 8836 3
2927 9621 1
2927 8620 1
2927 8623 5
2927 9915 61
2933 9304 1
2933 9107 2
2933 9985 1
2933 9661 1
2949 9048 1
2949 9206 1
2949 9052 1
2960 9378 2
2960 9496 4
3021 9590 1
3024 8726 106
3024 8893 1
3024 9225 3
3024 9455 2
3024 9836 6
3024 9940 1
3028 9651 1
3028 9758 1
3028 9888 3
3034 8998 1
3034 9273 4
3034 9194 1
3034 8758 5
3034 9185 1
3034 8721 1
3034 9157 2
3035 9226 1
3035 8633 1
3035 8870 1
3035 9419 1
3066 9320 1
3066 8876 1
3066 9281 2
3066 8943 1
3066 9893 4
3067 8903 38
3067 9948 141
3068 9774 1
3068 9540 2
3068 9964 3
3068 9831 2
3070 8797 1
3070 9007 4
3070 8886 2
3074 8892 1
3074 8714 1
3074 8945 7
3074 9781 1
3074 9949 2
3074 8826 1
3074 8833 1
3086 9265 1
3086 8872 1
3090 9774 1
3090 8606 4
3097 9590 2
3102 9977 1
3102 9248 1
3102 9492 4
3102 9613 1
3108 9196 1
3108 9102 1
3108 9233 18
3108 8963 1
3109 8985 2
3109 9259 1
3109 9975 27
3109 9820 1
3113 9077 1
3113 9472 1
3113 8833 1
3113 9135 200
3113 9186 3
3113 9490 1
3113 9188 1
3118 9209 1
3118 9861 64
3118 9683 1
3118 9808 1
3118 9580 1
3118 9846 1
3118 9814 1
3118 8879 23
3118 9041 1
3118 9276 1
3118 9428 1
3118 9736 1
3127 8754 4
3127 9509 4
3127 8612 5
3127 8845 12
3127 9349 1
3143 9121 1
3143 9951 1
3149 9140 24
3149 9370 2
3149 9972 1
3149 9955 51
3149 8851 1
3149 9178 8
3149 9297 1
3149 9697 1
3156 9180 8
3156 8679 1
3156 9275 1
3156 9483 1
3163 8950 6
3163 9362 1
3163 8900 1
3163 9240 1
3163 9077 2
3163 9602 1
3163 9466 1
3163 9979 1
3183 9394 1
3187 9790 9
3188 9034 1
3188 9689 1
3196 9283 2
3196 9856 1
3196 9016 1
3214 9055 4
3214 9818 1
3227 9486 1
3227 9780 1
3227 8947 1
3236 8877 1
3236 9197 3
3236 9380 2
3249 8664 1
3249 8824 1
3266 8994 12
3266 8780 3
3266 8978 3
3266 9017 1
3281 9223 1
3288 8973 2
3288 8958 1
3288 9970 5
3288 9424 2
3300 8710 1
3300 8686 3
3300 9912 1
3300 8975 1
3300 9327 4
3300 8799 2
3300 9884 3
3300 8743 2
3319 9009 1
3319 9615 1
3319 9755 1
3319 9605 1
3319 9315 3
3323 9272 2
3323 9373 1
3325 8967 5
3343 9768 15
3343 9643 1
3343 9816 2
3347 9335 17
3347 9555 1
3351 9818 2
3351 9956 2
3351 9859 14
3351 9382 12
3351 9384 2
3360 9539 3
3360 8728 1
3360 9100 1
3361 8901 7
3372 9100 1
3372 8813 1
3373 9566 1
3373 8648 1
3373 8664 2
3389 8833 1
3389 9074 1
3389 9614 1
3389 9089 1
3389 9516 1
3389 9610 2
3389 9725 1
3397 8888 13
3397 9402 1
3397 9216 1
3397 9504 1
3397 9077 1
3397 9272 2
3402 9861 1
3402 9654 2
3402 9680 1
3402 9908 2
3429 8957 1
3429 9046 1
3429 9184 1
3440 9480 2
3440 9917 1
3440 9562 170
3440 9756 13
3452 9258 1
3452 9703 1
3452 9565 3
3465 9417 1
3465 8663 4
3465 9953 6
3465 9963 1
3465 9636 2
3466 9886 1
3466 9616 1
3466 9588 1
3479 8864 6
3499 8728 3
3499 9062 1
3524 9189 4
3524 9938 1
3528 9794 13
3528 9284 1
3528 9276 1
3528 9571 47
3528 9892 3
3534 8950 1
3534 9492 6
3534 9572 1
3534 9354 5
3589 9644 1
3589 9922 3
3601 9571 1
3601 8732 1
3601 9405 5
3601 8951 1
3601 9488 1
3609 9320 1
3609 9991 2
3621 9882 1
3621 9726 5
3625 9624 7
3625 9228 3
3625 9664 2
3625 9652 4
3653 9519 1
3653 9784 1
3653 9119 1
3653 9464 1
3653 9946 2
3653 9368 1
3663 8733 1
3663 9033 1
3664 9665 3
3664 8678 2
3664 9852 13
3664 9814 2
3664 9590 23
3664 8722 3
3664 9274 1
3681 9655 3
3681 8967 2
3709 9998 1
3709 9142 1
3709 8769 1
3709 9388 1
3709 9467 4
3709 8970 1
3709 9629 1
3709 9997 1
3709 9833 1
3716 9058 1
3716 9407 1
3716 9236 1
3716 9326 3
3716 8821 1
3749 9154 2
3749 8827 2
3749 8883 2
3749 9181 2
3749 8901 1
3749 9097 1
3773 9698 2
3773 9773 2
3773 8676 1
3779 9157 1
3779 9390 4
3779 8906 2
3779 9391 2
3781 8670 1
3781 9041 1
3806 9390 1
3806 9196 1
3806 9715 4
3806 9952 1
3812 9383 6
3812 9634 2
3812 9175 1
3812 8767 1
3812 9181 2
3814 9259 1
3814 9363 1
3831 9545 1
3833 9485 1
3833 8749 4
3833 8952 1
3833 9874 1
3855 9426 2
3855 8607 2
3857 9114 3
3857 9436 22
3861 9701 2
3861 9680 1
3861 9003 1
3866 9284 1
3866 8981 1
3898 8891 3
3898 8934 1
3907 9837 1
3907 9250 4
3907 8736 1
3907 9172 1
3907 9694 1
3907 9919 1
3907 8679 1
3907 9573 1
3909 9822 3
3909 9079 1
3909 9667 1
3909 9440 1
3913 9132 5
3913 8803 1
3913 8812 1
3913 9827 1
3921 9927 1
3927 9909 2
3927 9551 1
3927 9395 3
3927 9984 1
3939 8856 1
3939 9112 1
3939 8799 1
3939 9845 1
3939 9500 3
3939 9790 2
3960 9503 1
3960 9019 3
3960 9319 1
3960 9656 1
3960 9727 9
3967 9934 1
3975 8644 200
3975 9903 2
3975 9918 1
3975 9569 1
3975 8751 1
3975 9314 7
3975 8688 3
3975 8706 2
3975 9716 2
3988 9188 6
3988 9386 1
4020 9718 1
4042 9178 2
4095 9315 1
4099 8868 5
4099 9941 1
4099 9612 1
4099 9999 23
4106 9164 3
4106 8862 1
4123 8710 1
4123 9460 1
4136 9041 12
4136 8794 2
4136 8994 9
4136 9698 1
4136 8595 1
4136 9655 1
4141 9749 3
4141 9122 1
4141 9062 5
4141 9482 2
4147 8958 1
4210 8637 1
4210 9278 1
4210 9426 1
4213 8658 1
4213 8788 1
4213 9736 1
4213 9051 1
4213 8629 1
4213 8751 1
4213 9671 1
4213 9882 1
4221 9580 1
4221 9437 1
4221 9960 1
4221 8688 1
4221 8732 1
4221 9065 2
4227 9750 1
4227 9951 1
4227 9818 1
4227 8691 1
4227 8664 1
4227 9140 1
4227 9238 2
4227 9177 6
4252 9650 77
4252 9359 1
4267 8845 1
4267 9693 5
4267 8878 1
4267 8897 6
4287 9864 2
4287 9555 1
4287 9573 1
4287 9845 1
4289 9332 2
4289 9768 17
4296 9344 1
4296 8772 3
4296 9166 1
4296 9147 1
4301 9734 1
4301 8641 1
4329 9984 1
4329 9614 2
4329 8926 1
4329 9155 1
4329 8920 1
4341 9672 1
4341 9084 4
4341 9460 2
4341 9622 1
4346 9843 1
4351 8712 1
4351 9201 2
4353 9341 1
4353 8728 5
4353 9780 1
4353 8996 1
4365 8615 1
4365 8788 1
4365 9788 1
4365 8889 6
4365 9741 1
4368 8743 4
4368 8644 3
4373 9253 2
4373 9928 21
4373 8796 1
4373 9181 2
4373 8608 1
4373 9878 200
4373 9988 1
4373 9682 1
4378 9208 1
4381 8894 4
4381 8774 1
4381 9431 2
4390 9507 1
4390 9608 1
4398 9323 1
4398 8930 2
4398 9411 1
4401 8809 1
4401 9675 8
4404 9874 1
4404 9940 8
4417 9102 1
4417 8596 1
4429 9966 2
4429 8785 5
4451 8897 4
4451 9966 1
4451 8640 3
4451 8914 1
4451 9030 1
4467 8943 2
4467 8937 2
4467 8659 1
4467 9302 1
4467 9432 7
4467 9300 1
4467 9809 1
4475 9144 2
4475 9675 1
4475 8928 1
4485 9925 1
4485 8737 1
4485 8870 32
4485 8761 1
4485 8770 1
4485 8987 1
4485 9490 3
4488 9261 2
4488 9951 1
4488 9194 2
4488 9301 1
4488 9343 1
4488 9507 4
4507 9588 1
4507 8801 5
4507 9335 29
4507 8960 2
4507 8965 4
4507 9209 1
4512 8925 1
4512 9176 8
4512 9223 1
4527 8918 1
4527 9005 1
4527 9685 1
4537 9140 2
4537 8816 3
4542 9668 1
4542 9853 1
4542 9336 1
4542 9052 1
4571 9542 4
4571 9494 1
4571 9275 3
4571 9991 12
4583 9008 2
4583 9189 3
4583 9261 1
4583 9351 1
4583 9060 1
4585 9039 2
4585 9220 26
4585 9579 2
4585 9230 2
4585 9448 1
4585 9313 2
4585 9521 1
4588 9333 2
4612 9725 1
4612 9954 1
4612 9662 5
4612 8957 1
4618 8951 1
4627 9744 1
4627 9995 1
4650 8722 1
4650 8800 1
4650 9541 3
4650 9388 16
4662 9057 2
4662 9081 1
4662 9545 2
4662 8642 3
4670 9335 1
4670 8998 1
4676 9078 1
4676 9748 1
4676 9448 1
4678 9826 4
4683 9998 15
4697 9924 2
4703 8687 1
4703 8820 1
4703 9032 1
4714 9445 1
4714 9678 1
4714 9219 1
4714 9301 26
4721 9772 1
4721 9520 1
4721 9341 2
4743 9542 1
4743 9893 1
4743 9561 4
4743 9869 4
4743 8827 2
4743 9875 1
4747 9513 3
4747 8958 1
4747 9902 10
4747 9993 1
4747 9420 2
4747 9913 1
4748 8584 1
4748 9750 1
4748 9928 3
4748 9211 1
4748 9580 1
4748 9629 8
4749 9316 1
4749 8987 1
4749 8829 2
4749 9253 1
4749 9527 2
4749 9782 2
4769 9774 2
4769 9802 1
4777 9152 1
4777 8978 1
4777 9773 1
4779 9929 1
4779 9489 1
4779 9316 80
4779 8702 5
4779 8703 7
4779 8846 2
4780 9749 1
4780 8922 3
4780 8915 2
4780 9119 7
4780 9312 2
4794 8766 1
4794 9985 1
4794 8828 1
4794 9305 1
4796 8618 2
4796 9869 4
4796 9648 1
4808 9057 1
4808 8960 1
4808 9949 1
4828 9836 1
4828 9929 55
4828 8805 1
4835 9097 1
4835 8724 1
4835 8850 4
4848 9942 1
4848 9628 1
4848 9998 1
4848 9654 1
4848 9422 1
4857 8662 1
4857 9279 1
4857 9066 1
4857 9297 4
4857 9315 1
4860 9300 1
4860 9124 3
4860 9532 1
4862 9816 4
4862 8823 2
4862 9435 7
4862 9614 1
4865 9261 1
4877 9334 1
4877 9555 1
4893 9694 1
4893 9840 4
4893 9258 1
4893 9240 2
4893 9730 1
4893 9861 4
4898 8615 3
4898 9128 4
4911 8690 6
4911 9726 5
4924 8901 2
4924 8847 1
4924 9056 1
4936 9639 1
4936 9394 3
4936 9123 1
4936 8724 1
4936 8928 4
4936 8883 46
4936 9113 1
4936 9662 6
4946 9424 1
4946 9063 1
4946 9367 1
4946 9917 4
4949 9165 6
4949 9628 1
4949 9780 1
4949 8664 3
4949 8832 1
4949 9104 3
4949 8785 3
4949 9369 5
4949 9726 3
4949 9339 1
4959 8949 1
4959 8679 24
4959 9725 1
4959 8931 1
4959 9999 1
4964 9291 1
4964 9566 1
4964 8678 1
4964 8948 62
4964 9441 4
4964 9063 1
4964 9921 2
4964 8738 1
4964 9594 1
4965 9084 1
4965 9595 1
4973 9306 1
4973 9032 1
4973 9054 1
4981 8770 10
4981 9538 1
4981 9642 1
4981 9173 1
4982 9252 1
4982 8863 5
4982 9453 1
5024 9335 3
5024 8693 1
5024 9609 72
5024 8797 1
5024 8928 2
5024 9318 3
5027 8895 1
5027 8724 1
5027 9909 1
5027 9142 2
5027 9310 1
5027 9561 1
5027 9107 181
5027 9634 1
5027 9815 3
5046 8722 4
5080 9718 3
5080 9224 1
5080 9722 1
5080 9748 2
5086 8947 100
5086 9831 10
5091 9332 1
5091 8942 2
5091 9557 2
5095 9030 1
5095 8877 1
5095 8898 3
5095 9668 2
5100 9541 1
5100 9297 1
5100 9211 1
5100 9493 2
5100 8855 4
5103 9256 2
5103 8672 1
5103 9168 2
5103 9696 2
5103 9753 16
5103 8666 1
5114 9579 18
5114 9549 2
5114 8620 1
5114 9766 1
5119 9276 1
5119 8758 4
5119 8964 2
5145 9970 1
5145 9151 1
5173 9959 1
5173 9140 1
5173 9728 1
5175 8929 2
5175 9581 1
5175 8964 1
5175 9422 1
5185 9019 36
5185 9905 1
5185 8934 1
5185 9152 1
5190 9588 3
5190 8608 1
5193 9569 1
5193 9827 200
5196 8835 1
5196 9376 1
5196 8859 1
5196 9966 1
5198 9984 1
5198 9647 22
5226 9661 69
5226 9536 1
5227 9750 4
5234 8816 45
5244 9411 1
5244 9499 9
5262 8767 3
5262 9400 1
5270 9246 4
5270 9552 7
5270 8736 1
5274 9190 1
5274 8809 2
5274 9016 1
5274 9429 1
5274 9536 3
5318 9035 1
5318 9008 15
5318 9476 1
5318 8635 1
5318 9672 1
5341 8946 2
5341 9182 1
5342 9013 1
5347 9940 1
5347 8739 1
5347 8678 1
5371 8808 1
5371 9170 5
5371 8714 2
5371 9070 1
5371 8770 1
5396 9915 1
5396 8734 3
5396 9599 1
5396 9808 10
5403 9549 1
5403 8625 1
5403 9185 1
5403 9883 2
5410 9116 8
5410 9113 70
5410 9522 6
5410 8710 1
5442 9221 1
5442 9701 1
5442 9916 12
5442 9124 1
5442 8921 1
5442 9446 2
5442 9143 3
5442 9314 6
5448 9956 1
5454 9635 1
5454 8938 1
5454 9684 1
5454 8584 1
5454 9444 1
5461 8877 1
5461 9445 4
5461 9821 13
5461 9756 1
5476 8962 1
5476 8663 1
5476 9635 1
5487 9543 1
5487 9652 1
5487 9329 1
5487 8813 4
5497 9688 2
5499 8858 1
5499 9335 1
5499 9926 1
5506 9881 6
5506 9438 1
5518 9225 1
5518 9021 1
5536 9005 1
5536 8897 2
5536 9988 1
5536 8889 1
5536 9513 1
5552 8995 51
5552 9721 3
5552 9237 1
5592 9098 1
5592 8660 1
5592 8821 1
5592 9280 1
5592 9657 1
5592 9999 2
5592 9476 1
5592 9579 1
5619 9261 1
5619 9724 1
5622 9513 4
5622 9451 2
5622 8923 1
5622 9078 1
5622 9551 1
5633 9557 1
5633 8665 1
5633 9461 1
5635 9393 1
5635 9437 1
5635 9168 12
5635 9942 12
5649 8827 1
5649 9006 1
5649 9844 1
5649 8650 1
5649 9769 1
5649 8826 2
5649 9144 2
5675 9692 1
5675 9741 1
5687 8762 1
5687 9923 2
5696 8743 1
5696 9318 1
5696 8915 1
5696 9668 1
5696 8672 1
5696 9744 3
5704 9874 5
5704 9146 2
5704 9973 3
5704 9527 3
5704 9850 1
5714 8876 1
5714 9919 12
5725 8914 1
5725 9853 2
5727 9005 1
5727 9800 1
5727 9015 1
5727 9424 1
5733 9413 1
5733 8654 1
5733 9124 3
5733 9190 3
5733 9734 1
5733 9820 1
5762 8593 1
5762 8905 5
5765 8891 1
5765 9476 1
5765 9120 5
5765 9525 5
5774 8711 1
5782 8951 1
5782 9701 3
5782 9222 1
5805 9131 2
5805 9320 2
5805 9687 2
5805 9799 2
5805 9451 3
5810 9907 1
5810 8846 6
5810 8672 1
5810 9182 1
5817 8618 1
5817 8829 1
5817 8960 3
5818 8593 1
5818 9405 1
5818 8830 2
5818 9038 1
5818 9837 2
5818 9340 1
5818 9667 1
5818 9613 1
5818 9699 3
5822 9832 7
5822 8651 1
5822 8583 5
5822 8810 1
5822 9523 3
5827 8661 3
5827 9845 1
5827 9083 1
5827 8741 3
5827 9353 1
5829 8692 8
5829 9982 3
5829 8764 3
5829 9841 3
5835 8596 1
5835 9083 1
5840 9686 1
5840 9169 11
5840 8812 1
5840 9035 1
5840 9015 1
5840 8840 1
5840 9221 2
5840 9632 1
5843 9612 5
5843 8991 38
5843 8748 1
5843 9489 1
5843 9833 2
5846 8660 1
5846 9135 2
5846 9106 1
5867 9440 1
5867 9682 4
5867 9910 3
5874 9046 2
5880 9027 1
5880 8966 1
5880 8931 1
5880 9055 4
5880 9843 27
5887 9100 2
5887 9829 4
5887 9699 5
5887 9977 1
5920 9049 4
5920 8700 1
5930 8963 4
5930 9722 1
5930 9712 1
5940 9359 2
5940 9428 1
5940 8824 6
5940 9544 1
5959 9904 5
5972 9245 3
5979 9027 1
6021 9540 1
6021 9131 1
6021 8919 2
6021 9233 1
6021 9366 2
6021 9219 2
6021 9351 1
6036 8799 1
6036 8942 1
6036 9503 1
6068 9972 1
6068 9905 2
6076 9970 2
6076 8647 1
6083 9215 1
6083 9316 1
6083 9575 2
6083 9179 1
6083 9195 10
6088 8823 1
6088 9629 1
6088 9522 2
6088 8764 2
6088 8826 5
6088 9406 1
6088 9431 1
6088 9651 3
6107 9045 2
6107 9079 1
6133 9333 1
6133 9455 1
6133 9413 1
6133 9398 2
6133 9710 200
6133 9467 1
6133 8611 1
6133 9006 8
6139 9916 1
6139 8895 1
6139 9695 1
6148 9081 1
6149 9054 2
6149 9382 3
6154 8658 1
6154 9488 5
6154 9553 2
6154 8626 2
6154 8861 2
6154 9114 5
6154 9925 1
6164 9425 1
6164 9812 12
6164 9969 1
6174 9636 1
6174 8760 1
6174 9075 1
6187 8744 1
6187 8917 1
6217 9691 1
6217 9103 1
6236 9719 9
6236 9612 1
6236 8827 2
6268 9152 11
6272 8859 1
6272 9992 3
6272 9457 3
6272 9118 14
6272 9153 1
6272 9230 1
6272 9520 6
6273 8879 2
6273 9441 5
6297 8964 2
6297 9484 1
6315 8930 1
6315 9904 1
6315 9032 1
6315 8864 1
6315 9975 1
6315 9683 1
6325 9706 1
6325 9744 1
6325 8832 1
6325 9027 1
6327 9696 1
6339 9541 200
6339 9634 1
6339 9839 3
6339 9280 6
6339 9639 71
6346 8718 1
6346 9079 1
6346 8796 1
6355 8954 1
6355 8583 1
6377 9745 1
6377 9296 1
6377 9540 1
6385 8715 1
6385 9545 2
6385 8952 1
6385 9687 17
6385 9240 1
6385 9841 1
6385 8635 1
6385 9801 1
6387 9252 1
6387 8693 1
6387 9848 1
6394 9439 1
6394 8891 1
6419 9660 1
6429 9397 1
6438 8762 1
6438 9437 1
6452 9776 1
6465 7926 2
6465 8640 3
6465 9594 1
6465 9927 1
6465 9396 1
6465 9924 2
6465 9542 1
6465 9960 1
6465 9027 1
6465 9672 16
6465 8652 1
6465 9948 13
6465 9233 1
6465 9499 2
6477 9432 1
6477 9128 1
6481 9519 1
6481 9901 2
6484 9047 2
6484 8647 1
6484 8870 2
6495 9071 2
6495 9298 6
6495 9012 1
6495 9457 1
6497 8882 1
6497 9849 2
6497 9720 1
6497 9659 3
6500 9034 1
6500 8981 3
6500 9226 1
6500 9838 1
6502 9046 1
6502 9349 1
6502 9028 1
6502 9992 5
6511 9479 1
6511 9555 6
6511 9539 2
6525 8594 1
6525 8648 3
6525 9599 1
6543 9919 1
6543 8717 1
6543 8962 75
6547 9592 1
6547 9859 2
6547 8924 1
6547 9259 1
6548 8691 1
6548 9576 1
6561 9882 1
6561 9326 1
6577 9068 1
6578 9728 1
6580 9256 2
6580 9022 5
6580 9217 1
6592 9988 5
6592 9084 5
6592 9725 12
6592 9342 1
6598 9633 4
6598 9751 2
6613 9804 1
6613 9059 5
6617 9406 1
6617 8935 1
6623 9448 1
6623 9034 16
6623 8957 1
6628 8706 1
6628 9032 1
6628 8660 2
6629 9951 1
6629 8649 1
6629 9722 1
6629 9574 4
6636 8926 1
6636 8760 1
6636 9033 1
6636 9184 7
6637 9284 1
6637 8942 1
6637 9085 4
6637 9396 1
6637 9320 1
6662 9612 1
6662 8894 1
6662 9674 4
6681 9019 43
6681 9838 1
6681 9641 1
6696 9195 1
6696 8824 13
6709 9170 2
6709 8692 1
6721 8893 1
6721 9795 1
6721 9956 1
6721 9039 1
6721 9167 4
6731 9561 5
6731 8654 1
6731 9535 1
6732 9217 1
6732 8933 3
6732 9225 3
6762 8734 6
6762 9114 5
6764 9167 1
6764 8840 1
6764 9467 1
6764 9623 1
6766 9119 1
6766 9878 9
6766 9035 8
6766 9172 1
6766 9797 3
6766 9950 4
6767 9067 4
6768 9435 1
6768 9399 3
6781 9535 1
6781 9275 2
6787 8769 6
6798 8633 1
6798 9258 1
6798 8656 2
6806 8967 1
6811 8879 8
6811 8796 3
6811 9425 1
6811 9961 4
6811 9049 1
6811 9822 1
6811 9934 1
6811 9982 2
6843 9219 1
6843 9032 1
6847 8620 1
6847 8891 1
6847 9603 2
6851 9310 1
6851 9696 3
6851 8618 1
6851 9901 1
6865 8965 2
6865 9591 2
6865 9391 5
6865 9886 1
6868 8869 1
6874 8629 1
6874 9296 2
6874 9509 1
6874 9471 1
6874 9912 1
6874 9039 1
6874 9394 6
6874 9742 3
6875 9445 1
6875 9079 7
6875 8714 3
6875 9068 50
6875 9921 3
6875 9059 6
6875 9058 2
6875 9077 1
6875 9841 3
6905 9844 1
6905 9015 1
6919 8980 1
6919 9760 1
6920 9354 2
6920 9671 1
6920 8804 1
6920 8921 1
6921 9505 1
6921 8994 1
6921 9721 1
6924 9445 1
6924 8973 27
6924 9177 3
6924 9219 14
6924 9886 1
6924 9669 1
6946 8637 1
6946 8649 1
6946 8771 1
6947 8921 8
6947 8744 4
6947 9910 1
6952 8589 2
6952 9826 1
6956 8690 1
6956 9037 5
6956 9304 1
6956 9594 1
6956 8841 2
6977 9741 1
6977 9931 1
6977 8650 1
6977 9391 1
6986 9503 3
6986 8625 8
6986 8901 1
6986 9391 3
7013 8641 1
7013 9924 1
7013 9877 1
7023 9784 2
7023 9819 1
7043 9987 1
7043 8651 1
7043 9805 3
7043 9935 1
7043 8675 1
7053 9282 2
7053 9390 1
7081 8825 4
7081 9586 1
7081 9180 1
7081 9207 1
7089 9355 1
7093 8946 3
7093 9254 1
7093 8608 3
7093 8612 3
7093 9718 1
7106 8648 8
7106 9420 2
7106 9966 6
7106 9980 6
7106 8970 3
7106 9837 1
7108 9223 1
7108 9270 1
7110 9338 1
7110 8593 1
7110 8965 2
7110 9211 4
7110 9948 1
7110 9988 1
7123 8736 3
7127 9159 1
7135 9055 1
7135 8626 1
7135 9134 1
7135 9199 1
7139 9195 5
7139 8850 1
7139 8888 4
7139 8896 1
7139 9972 12
7140 9615 1
7162 9881 2
7162 9517 1
7162 9662 1
7162 9013 1
7162 9729 1
7162 9393 2
7183 9085 1
7183 9428 8
7183 9575 2
7187 9251 2
7187 9477 10
7187 8613 1
7187 9624 3
7187 9884 1
7187 9339 1
7187 9632 1
7187 9942 1
7202 9371 2
7202 8657 4
7202 8847 3
7202 9176 1
7202 9264 5
7202 8606 1
7209 9731 2
7209 8764 1
7209 9542 1
7209 9811 2
7209 9361 2
7209 9642 1
7210 9393 3
7210 8925 1
7210 8607 2
7224 8662 4
7224 9920 1
7224 8762 2
7224 8965 1
7224 9554 2
7230 8937 2
7230 9151 2
7230 9561 1
7230 9656 200
7230 8931 1
7230 9279 1
7238 9274 1
7238 8611 1
7238 9801 2
7238 9772 9
7241 9764 4
7246 8656 1
7256 9376 1
7256 8876 1
7256 9770 1
7256 9112 1
7260 9276 2
7260 8826 1
7260 8677 1
7260 9399 1
7260 9882 4
7260 9333 1
7270 9384 1
7270 8656 1
7270 9019 2
7270 9592 1
7299 9901 1
7299 8836 2
7299 9424 1
7299 9883 2
7299 8773 1
7299 9336 20
7309 8704 1
7318 9326 2
7334 8926 1
7334 9335 1
7334 9810 2
7337 9057 6
7337 9272 7
7337 9542 9
7337 8733 2
7337 9709 1
7337 9814 1
7342 8635 1
7342 9304 1
7342 9383 4
7349 9405 1
7349 8767 1
7363 8716 3
7363 8643 1
7363 9208 16
7368 9864 1
7368 9973 4
7368 8774 1
7373 8770 1
7373 9565 2
7373 9834 1
7373 9797 1
7373 9798 1
7373 8819 2
7386 8583 1
7386 8901 1
7386 9113 1
7386 9085 1
7386 9030 1
7401 9877 1
7401 9003 16
7401 9142 1
7401 9666 1
7408 8862 1
7408 9100 1
7408 8717 1
7408 9579 1
7410 9826 3
7410 9161 1
7411 9477 1
7411 8918 1
7411 9766 2
7430 9721 1
7430 8916 10
7453 8785 1
7453 8607 1
7453 9260 1
7453 8958 1
7453 9344 1
7456 8688 1
7456 9153 1
7456 9026 11
7456 9562 1
7456 9790 2
7457 9159 1
7457 9175 2
7467 9445 1
7467 9104 9
7467 9777 1
7469 9233 4
7469 9614 1
7469 9410 1
7490 8660 1
7490 9550 1
7490 9999 8
7490 8702 3
7490 9535 3
7496 9433 1
7496 8593 1
7496 8704 3
7496 8876 1
7496 9423 1
7496 9832 1
7501 9112 2
7506 8739 6
7514 9847 3
7514 9452 1
7514 9480 1
7514 9048 1
7514 9389 1
7522 8625 1
7522 9318 4
7522 9715 2
7522 9000 3
7526 9856 1
7526 9146 2
7533 9383 1
7533 9042 1
7533 8850 6
7533 9772 200
7534 9441 1
7534 8649 1
7534 9305 1
7534 9422 5
7535 9907 1
7535 8705 1
7535 9034 2
7535 9521 1
7535 9414 68
7550 8594 1
7550 9471 1
7550 9274 1
7550 9490 1
7550 9418 4
7563 9113 3
7571 9240 1
7572 8728 2
7572 8954 1
7572 9221 1
7586 9358 1
7586 9770 1
7586 9781 2
7595 8863 1
7595 9641 1
7595 9651 1
7614 8660 1
7614 9893 2
7614 9979 1
7614 8828 2
7614 8665 8
7629 9935 1
7629 9942 4
7631 9833 1
7631 9382 1
7631 9669 1
7631 8985 1
7632 9288 2
7632 9753 4
7632 8825 3
7632 9509 2
7641 8716 1
7641 8904 4
7641 9541 1
7642 9301 1
7642 9009 2
7642 9176 1
7642 9521 9
7642 9822 1
7642 9908 1
7642 8688 1
7642 8589 2
7642 9432 1
7646 9985 1
7646 9768 1
7646 8585 1
7646 9279 1
7646 9764 3
7659 9836 2
7659 9489 1
7659 9402 1
7659 9433 1
7665 9344 3
7665 8812 2
7665 9444 5
7693 8685 2
7693 9304 1
7693 8820 1
7707 8595 3
7711 9429 1
7711 9494 3
7711 9404 2
7720 9781 1
7720 9630 1
7720 8902 1
7720 9985 1
7725 9756 20
7725 9016 1
7725 8631 1
7729 8702 1
7729 9198 1
7729 9881 1
7744 9147 1
7744 9484 6
7744 9575 1
7755 9636 1
7755 9501 1
7755 9982 2
7755 8864 2
7782 9278 1
7782 8721 1
7794 9255 1
7794 9152 3
7794 9343 2
7794 8834 1
7794 9543 4
7794 9632 10
7794 8644 1
7794 9949 1
7800 9143 1
7800 9590 1
7800 9999 2
7800 9181 2
7800 8607 2
7800 8995 1
7800 9221 1
7800 9481 1
7800 9466 6
7805 9764 1
7805 9027 2
7805 9972 1
7826 8886 80
7826 9116 15
7826 9769 1
7826 9788 1
7826 8868 1
7826 8946 2
7831 9422 2
7831 8948 1
7848 8716 1
7848 8769 1
7848 8657 1
7867 8616 2
7873 8631 1
7873 9403 11
7873 8808 189
7873 9713 1
7879 8702 1
7879 9315 1
7879 9840 2
7879 9258 1
7879 9545 2
7891 9932 1
7891 9163 35
7891 8892 2
7891 8994 1
7891 9403 1
7904 8775 2
7904 9340 5
7904 9720 1
7925 8718 10
7925 9007 1
7925 9520 6
7926 9806 2
7936 9342 7
7936 8996 1
7936 9222 1
7936 9453 1
7936 9595 4
7953 8594 1
7953 9009 1
7957 9486 1
7958 9839 9
7960 8960 1
7960 9283 1
7960 9687 1
7960 9358 1
7960 9675 1
7961 8737 1
7961 9147 1
7961 9400 1
7961 8796 1
7961 8938 2
7961 9871 1
7995 9464 1
7995 9404 3
7995 8937 21
8000 9252 1
8000 9398 1
8000 9500 2
8018 9478 4
8018 9948 5
8018 8653 78
8021 9323 1
8021 9945 1
8021 8929 1
8021 9473 2
8027 8652 1
8027 8925 1
8027 9465 1
8032 9374 2
8032 9844 3
8032 9903 7
8032 9716 1
8032 8785 5
8032 9650 1
8041 9697 1
8041 8902 1
8064 8920 3
8064 9693 4
8064 8882 1
8064 8950 1
8070 9207 4
8070 9245 1
8070 9155 5
8070 9302 1
8079 9051 1
8079 9774 1
8079 9941 1
8080 8975 1
8080 8821 1
8080 9456 1
8083 9575 64
8083 9179 1
8083 9525 2
8121 8918 1
8121 9036 23
8121 9103 3
8121 9552 1
8121 8720 1
8121 9004 3
8121 8780 1
8121 9850 1
8124 9278 1
8124 8846 3
8124 9344 1
8140 8911 1
8140 8730 1
8140 9859 1
8154 8799 2
8154 9667 1
8169 9362 1
8169 8670 1
8169 9431 6
8185 8723 1
8185 8833 5
8185 9406 1
8188 9892 2
8188 9657 1
8188 9749 5
8213 9609 1
8213 9065 3
8213 8903 1
8213 9907 1
8217 8632 1
8217 9902 2
8230 9410 2
8230 9034 1
8230 8812 1
8230 9121 18
8230 9279 2
8230 8722 5
8230 9652 1
8230 9696 1
8241 9916 1
8241 8612 1
8241 9833 2
8241 8712 1
8241 9016 1
8241 9959 1
8266 9172 1
8266 8654 1
8266 9777 1
8266 8943 1
8268 9685 1
8309 9095 2
8309 9841 1
8309 9825 1
8309 8601 2
8309 9780 1
8331 8685 2
8331 9199 1
8331 8995 1
8331 9869 2
8370 9995 1
8370 9262 1
8374 8773 2
8374 9484 5
8374 9316 2
8374 9826 5
8374 8764 2
8374 9378 1
8374 9530 1
8375 9413 10
8375 9699 3
8375 8774 1
8375 9074 1
8375 9537 1
8375 9538 4
8375 9199 1
8375 9366 1
8378 9871 1
8378 9900 1
8378 8924 1
8378 8964 1
8378 8817 2
8378 9288 1
8378 9755 1
8389 9856 1
8389 9446 2
8392 9141 2
8392 9793 1
8392 8862 1
8428 9569 1
8428 9806 5
8428 8906 1
8435 9063 6
8435 9549 1
8435 9313 1
8435 9613 1
8435 9385 2
8473 8730 1
8492 9258 1
8492 9396 1
8511 9034 6
8511 9849 1
8511 9856 1
8519 9006 1
8519 9461 1
8519 9565 2
8519 9848 1
8519 9804 4
8524 8898 1
8524 8676 1
8524 9025 2
8526 9149 1
8526 9496 1
8529 9219 1
8530 9540 1
8531 9250 1
8531 8856 1
8531 8871 1
8533 9163 1
8533 9945 2
8537 8894 1
8541 9938 1
8541 9564 1
8541 9504 1
8547 9551 2
8553 9827 10
8553 9367 1
8553 9196 8
8553 9265 73
8553 9770 3
8557 8715 1
8557 8830 2
8557 8878 2
8557 8828 2
8564 9443 1
8564 9120 2
8564 8900 2
8564 9226 7
8566 9869 1
8566 9273 11
8566 9325 1
8566 9409 1
8569 8767 6
8569 9164 1
8569 9744 1
8572 9780 2
8572 9820 34
8572 8704 3
8572 9143 1
8572 8801 1
8573 9438 1
8573 9135 1
8573 8701 7
8574 8618 2
8574 8840 7
8574 8914 1
8574 9684 11
8574 9811 1
8575 9323 1
8575 9435 2
8575 9363 1
8575 9101 1
8577 8846 1
8577 9021 1
8577 9516 4
8577 9925 1
8578 9237 1
8578 9900 1
8581 8733 1
8581 8617 2
8581 8652 6
8582 8998 8
8582 9840 1
8582 9973 1
8584 8667 3
8585 9372 15
8586 8904 1
8586 8665 2
8586 8690 1
8586 9377 1
8586 9223 12
8587 8734 2
8587 9253 1
8587 8984 1
8587 9829 12
8588 9904 1
8588 9102 1
8589 9556 1
8590 9533 1
8591 9903 1
8591 8962 39
8591 8833 1
8592 9744 4
8592 9686 1
8593 9653 2
8594 8959 1
8595 9468 2
8597 9472 2
8597 9727 3
8598 9983 9
8598 9820 1
8598 9021 1
8598 8922 1
8599 8930 1
8599 8886 2
8601 8848 1
8601 8639 1
8602 9420 1
8602 8689 3
8602 9797 1
8602 8808 1
8602 9750 1
8603 8785 1
8603 9175 36
8603 8934 2
8603 9051 1
8604 9458 1
8605 9019 1
8605 9211 1
8606 9001 11
8609 9839 6
8609 9900 1
8609 9246 1
8610 9473 1
8610 9521 1
8610 8716 1
8610 9121 2
8614 8646 1
8615 8727 1
8615 8802 1
8618 8909 170
8619 9904 1
8619 9101 1
8619 9353 1
8619 9443 1
8619 9960 1
8620 9976 3
8620 8953 1
8620 8757 1
8621 9253 1
8622 9635 1
8622 9940 1
8622 8845 1
8622 9098 9
8622 9931 1
8623 9690 1
8624 9778 10
8624 8862 1
8624 9853 1
8625 8755 1
8627 9340 2
8627 8675 1
8627 9938 2
8627 8632 4
8627 9448 2
8627 8641 1
8627 9444 2
8627 9283 140
8627 9852 1
8627 9153 4
8627 9666 23
8627 8739 1
8627 9847 1
8627 9959 1
8628 8927 1
8628 9470 1
8628 8920 1
8628 8830 1
8628 9924 8
8629 8680 2
8629 9618 2
8630 8777 1
8630 9575 2
8631 8759 1
8633 9976 4
8634 8654 1
8634 8772 1
8634 9553 1
8636 9923 2
8638 9760 1
8638 9534 14
8638 9608 1
8638 9692 1
8638 8869 2
8638 8662 1
8639 9130 2
8639 9056 1
8639 9394 1
8640 8854 1
8640 9990 2
8642 8972 43
8643 8778 2
8645 9329 3
8645 9008 1
8645 9955 2
8646 9849 1
8646 8800 1
8646 9830 3
8647 8806 1
8650 8842 1
8651 8795 1
8654 8684 200
8655 9423 1
8655 8935 40
8655 9883 1
8655 8850 1
8655 9888 1
8656 8680 2
8656 9976 1
8658 8745 26
8658 8684 1
8659 8939 2
8660 9495 1
8663 9976 8
8663 9158 1
8664 8972 1
8665 8807 10
8665 8811 1
8666 8885 1
8667 9751 1
8667 8749 4
8667 9225 3
8667 9707 1
8668 9385 1
8668 8711 4
8668 9836 1
8668 8686 4
8668 9134 12
8669 9742 3
8671 9983 1
8671 9052 1
8671 9007 61
8673 9435 1
8673 8926 3
8673 8967 4
8673 9362 4
8673 9922 2
8673 8996 1
8673 9332 1
8674 8758 6
8674 8871 5
8674 8996 15
8674 9482 1
8674 9264 1
8675 8857 2
8676 8729 1
8677 9506 2
8677 8789 2
8678 9346 1
8680 9563 43
8680 9918 1
8680 9987 5
8682 9907 1
8682 9396 1
8682 9305 1
8682 9771 1
8683 9731 2
8683 9837 1
8684 8775 1
8684 9314 1
8684 9325 1
8686 9796 13
8687 9125 7
8689 8695 1
8690 9506 4
8691 8719 1
8694 9693 1
8695 9755 2
8695 9316 1
8695 8919 2
8695 9280 1
8695 9260 1
8696 9905 2
8696 8882 1
8696 9471 4
8696 9660 13
8697 9854 3
8698 9062 2
8698 9207 1
8698 9742 5
8698 9531 2
8698 9686 15
8698 8794 1
8698 8831 1
8698 9515 25
8698 9839 1
8698 9806 1
8699 9409 1
8699 9945 1
8699 9171 1
8701 9885 1
8701 9442 2
8701 9158 1
8703 8982 4
8704 8854 1
8705 8854 5
8707 9013 2
8708 9108 1
8708 9118 1
8708 9414 1
8708 9407 1
8709 9026 1
8709 8797 3
8709 8891 200
8710 9442 1
8713 9823 1
8715 9733 1
8717 8731 1
8717 8955 1
8718 8731 1
8719 8792 1
8719 9825 2
8719 9059 1
8719 8816 1
8719 9759 1
8721 8763 1
8721 9434 1
8723 8932 2
8724 8974 1
8725 9633 1
8725 9992 64
8725 9793 6
8727 8747 1
8727 9711 3
8727 9771 1
8727 9963 1
8728 8746 1
8729 8970 9
8729 9750 1
8729 9643 1
8730 8786 19
8731 9153 6
8731 9961 7
8731 9103 1
8731 9781 1
8731 9000 1
8731 9671 1
8731 8799 3
8735 9278 4
8735 8737 1
8735 9975 6
8736 8807 2
8739 8873 1
8739 9936 1
8740 8796 1
8740 9173 5
8741 8802 6
8741 9618 1
8742 9186 1
8742 9759 1
8742 9844 1
8744 9823 1
8745 9159 2
8745 9793 1
8745 8787 1
8745 9987 1
8746 8984 2
8746 9555 1
8746 9737 2
8746 8785 1
8746 9201 1
8747 8852 1
8747 9125 1
8750 9344 1
8750 8803 3
8750 9388 1
8750 9683 1
8750 9914 3
8752 9395 1
8752 8949 1
8752 9198 1
8753 9694 2
8753 9089 10
8753 9455 3
8753 8794 9
8755 9051 6
8755 9452 1
8755 8858 2
8756 9692 6
8756 8924 1
8756 9777 1
8756 9825 3
8757 9850 2
8757 9217 1
8758 9137 3
8758 8944 1
8759 9343 1
8759 9941 1
8759 9715 3
8763 9320 3
8763 9992 1
8763 8868 1
8763 9012 2
8765 9125 1
8768 9905 1
8768 8952 2
8768 9874 1
8770 8880 1
8771 8976 12
8775 8974 1
8776 9417 1
8777 9606 1
8778 9298 1
8778 9707 3
8778 9104 5
8778 9231 2
8778 9628 2
8779 8984 1
8779 9665 4
8779 9932 1
8781 9042 2
8781 9254 1
8781 9317 1
8782 9377 2
8782 9403 4
8783 8790 1
8783 9337 3
8784 9224 3
8784 8834 1
8786 9103 1
8786 8987 1
8786 9270 1
8786 9404 1
8787 8867 1
8788 8990 1
8788 9754 5
8789 9539 2
8789 9709 7
8791 9089 1
8791 9118 1
8793 8847 1
8793 9927 1
8795 9616 15
8796 8842 2
8798 9354 1
8798 8919 1
8800 9866 3
8802 9357 1
8802 9376 1
8802 9854 1
8803 8854 31
8804 8913 1
8805 8842 1
8805 8908 1
8806 9452 2
8807 9236 1
8807 9026 4
8809 9137 2
8811 9362 1
8811 9912 3
8815 9428 3
8815 8893 1
8815 9743 1
8815 9703 12
8818 9484 2
8819 9506 1
8822 9426 9
8822 9406 1
8822 9805 1
8822 9173 1
8822 9185 9
8827 9754 2
8829 8972 7
8834 8940 1
8835 9529 15
8836 9350 1
8836 9738 1
8837 9717 4
8837 8842 1
8838 8962 4
8838 8973 1
8838 9245 4
8839 9747 3
8839 9877 1
8840 9873 3
8842 9534 1
8842 9030 11
8843 9970 2
8843 9498 1
8843 9569 2
8844 9378 1
8845 9495 1
8848 9435 3
8849 9578 1
8849 8867 10
8851 8989 1
8852 9680 1
8852 9672 1
8852 9413 2
8852 8904 2
8852 9655 14
8852 9853 1
8852 9658 5
8853 9804 31
8853 9104 1
8853 9687 1
8853 9573 1
8854 9147 3
8854 9461 1
8854 9572 1
8855 9906 1
8857 9332 1
8860 9621 1
8860 9317 1
8860 9849 1
8860 9948 1
8862 8940 1
8863 8890 1
8866 8872 1
8866 9204 2
8866 8869 2
8866 9678 6
8866 9694 2
8867 9296 4
8867 9159 2
8867 8904 6
8867 9007 51
8867 9088 1
8867 9539 1
8872 8939 2
8873 9586 1
8873 9649 1
8873 9833 1
8873 9737 1
8873 8999 1
8873 9038 3
8873 9567 1
8874 9454 12
8874 9471 1
8875 9335 6
8875 9429 1
8878 9990 1
8879 9708 1
8879 9506 1
8880 9273 6
8880 9916 3
8880 8963 3
8880 9658 6
8880 9788 119
8880 9213 1
8881 9345 2
8883 9733 2
8884 9932 1
8884 9979 4
8884 8999 1
8884 9061 1
8885 9309 1
8885 9664 1
8887 9928 1
8894 9468 1
8899 8915 4
8899 9068 1
8899 9206 2
8899 9956 1
8903 9137 1
8907 9886 1
8907 9751 3
8907 9756 5
8907 9446 3
8907 9115 1
8907 9845 2
8908 9064 1
8908 9697 1
8908 9226 2
8908 9100 1
8909 9042 4
8910 9590 1
8913 8980 7
8913 9494 1
8916 9506 37
8923 9468 1
8932 9088 2
8932 9181 1
8935 9458 2
8936 9630 5
8937 9866 1
8939 9186 2
8939 9236 1
8940 8980 1
8940 9395 1
8940 9465 1
8942 9372 1
8944 9368 1
8944 9741 2
8945 9583 1
8945 8990 15
8949 8968 8
8953 9000 2
8955 9400 2
8955 9814 1
8955 9636 1
8956 9092 4
8959 9167 1
8959 9224 6
8959 9071 10
8959 9413 1
8961 9776 35
8961 9220 1
8961 9238 4
8961 9306 2
8963 9158 1
8964 9653 1
8966 9785 1
8966 9506 1
8967 9187 1
8968 9302 2
8968 9004 1
8969 9629 6
8969 9805 2
8971 9188 1
8971 9488 1
8971 9262 1
8972 9768 1
8972 9666 1
8972 9128 1
8972 9854 1
8972 9992 1
8972 9649 3
8973 9663 2
8974 9036 1
8974 9330 1
8976 9134 1
8976 9667 24
8977 9657 1
8979 9284 2
8981 9337 2
8982 9799 1
8982 9685 4
8982 9217 2
8982 9270 1
8982 9961 1
8982 9926 1
8982 9818 1
8983 9334 1
8985 8990 1
8986 9871 1
8988 9619 1
8988 9329 3
8988 9580 2
8989 9619 1
8990 9301 2
8990 9030 2
8990 9041 7
8992 9190 1
8992 9058 2
8992 9252 1
8993 9219 1
8993 9621 1
8997 9899 2
9001 9608 1
9013 9906 2
9028 9690 64
9036 9241 2
9038 9434 2
9040 9704 4
9047 9936 2
9047 9653 1
9050 9346 1
9060 9506 3
9064 9704 2
9066 9506 4
9069 9556 1
9079 9401 53
9081 9506 1
9086 9202 1
9088 9126 2
9093 9754 3
9105 9637 108
9120 9873 1
9122 9971 1
9123 9690 1
9125 9975 4
9125 9528 4
9125 9566 1
9125 9816 1
9126 9237 1
9132 9497 1
9135 9533 1
9150 9241 75
9151 9346 1
9158 9248 1
9158 9932 1
9158 9771 1
9161 9468 1
9165 9239 1
9166 9796 4
9171 9738 9
9188 9556 1
9190 9733 1
9193 9291 2
9193 9197 1
9196 9990 3
9208 9704 1
9230 9653 3
9235 9439 4
9236 9936 1
9239 9544 1
9239 9605 1
9241 9270 1
9241 9378 1
9241 9290 10
9248 9842 105
9260 9372 1
9267 9434 1
9282 9971 3
9282 9578 1
9282 9738 1
9290 9663 5
9299 9679 5
9307 9600 1
9309 9533 1
9310 9906 200
9319 9495 1
9319 9653 3
9321 9372 1
9328 9421 1
9330 9463 1
9334 9611 2
9337 9633 1
9337 9550 2
9337 9914 6
9341 9894 11
9343 9458 1
9345 9574 1
9345 9987 1
9346 9820 1
9346 9525 8
9346 9829 1
9350 9937 1
9357 9717 2
9361 9704 1
9372 9776 1
9372 9815 1
9372 9773 2
9372 9501 1
9372 9505 9
9372 9590 1
9376 9842 1
9377 9495 3
9401 9729 1
9402 9606 4
9412 9535 1
9419 9583 5
9421 9583 1
9424 9442 1
9434 9934 3
9434 9565 1
9438 9618 1
9438 9738 1
9455 9971 34
9458 9841 10
9463 9758 1
9468 9836 2
9481 9870 4
9495 9839 1
9496 9583 1
9497 9615 4
9497 9685 1
9498 9976 1
9506 9980 1
9508 9858 1
9515 9578 5
9517 9823 10
9526 9714 1
9526 9950 2
9526 9603 10
9527 9606 1
9529 9967 1
9529 9538 1
9533 9707 2
9533 9777 13
9533 9594 1
9563 9976 19
9578 9960 7
9581 9936 1
9583 9798 1
9591 9618 1
9591 9873 1
9602 9754 2
9604 9990 1
9606 9696 12
9606 9977 1
9608 9936 1
9634 9990 3
9640 9646 6
9653 9668 51
9653 9712 1
9657 9936 2
9663 9882 1
9663 9943 2
9663 9986 1
9688 9842 1
9690 9808 1
9698 9976 1
9704 9770 1
9704 9932 1
9707 9936 6
9731 9842 1
9747 9885 3
9754 9965 1
9782 9906 1
9785 9926 8
9785 9918 1
9796 9964 3
9823 9978 2
9834 9873 1
9842 9953 200
9852 9873 1
9866 9928 4
9921 9936 1
9935 9976 1
