10 9689 2
10 9980 3
20 8645 1
20 9684 1
20 8699 5
20 9557 7
20 9499 3
20 9186 1
20 9306 1
20 8742 1
20 8781 1
20 9966 6
20 9221 1
21 9315 1
21 9940 2
21 9491 1
21 9553 1
25 9371 10
25 8908 4
25 9722 6
29 8912 6
29 9756 2
29 9446 1
29 9921 1
29 9025 1
31 8968 2
31 9028 1
40 9520 1
60 8612 10
60 8602 1
60 8979 2
66 8589 1
66 9355 1
66 9766 1
86 8958 2
86 9487 1
86 8852 1
86 9002 1
86 9221 1
86 8897 3
109 9172 2
109 8693 3
109 9990 1
109 9859 30
128 9851 5
221 8970 4
221 8819 1
221 8711 1
221 8782 1
221 9509 1
227 9577 22
227 9154 1
227 8923 1
227 9942 1
227 9960 1
227 9908 1
231 9753 1
231 9562 1
231 9402 1
231 9800 2
242 9902 2
242 8906 1
267 9220 2
267 9650 1
267 9105 4
267 9536 2
271 9704 2
271 9479 4
279 9679 1
305 8922 1
309 9500 1
309 9634 1
309 9054 2
312 9493 1
312 8798 1
312 9631 1
312 9686 1
312 9717 1
312 9362 1
320 9040 3
333 9071 1
346 9699 1
346 8762 12
346 9152 1
346 9481 1
346 9206 3
346 9286 1
346 9304 1
346 9560 2
351 9333 7
351 9670 1
351 9621 1
351 9660 3
351 9587 3
351 9223 2
351 9335 3
351 8996 3
351 9210 1
353 8666 1
353 9922 1
353 9266 2
357 9515 2
357 9971 1
357 9112 1
357 9648 1
366 9036 2
366 9493 1
366 9692 35
368 8590 1
368 9064 1
368 9470 1
386 9756 1
390 8942 8
390 9850 6
394 9724 1
394 9500 1
394 9810 1
394 8992 1
394 9422 1
394 9808 2
411 9965 2
411 8699 5
411 9860 1
412 8821 2
412 9267 2
432 9105 1
432 8706 5
432 9868 1
432 8752 1
432 9749 14
432 9144 2
432 8570 1
432 9163 1
432 9518 2
439 8939 2
439 9510 1
463 9756 2
469 9623 1
476 9800 1
476 8784 3
477 8690 1
477 9234 2
477 9294 1
480 9337 1
480 9012 4
480 9493 6
496 9392 15
496 9694 3
498 9498 1
498 8749 3
498 9201 1
498 9851 4
498 9888 1
505 9438 1
516 8957 1
516 9109 1
516 9885 1
523 8659 1
523 9092 3
523 9732 1
523 9160 3
523 9467 1
523 9756 2
527 9765 2
527 8831 1
527 9559 4
534 9602 7
534 8598 10
534 8903 1
534 9137 19
537 9897 2
537 9974 2
537 8624 2
539 8589 1
539 8745 20
557 8857 11
563 9505 1
563 9592 2
564 9102 1
564 8883 2
564 8769 1
564 9058 1
572 8835 3
572 9084 1
572 9489 6
598 8848 63
598 9637 1
603 8674 2
603 8675 101
603 9357 16
611 9315 5
611 9511 1
611 9699 1
616 9391 1
616 9357 1
616 8679 1
616 9646 1
657 9147 1
657 9747 1
661 9799 1
661 9781 2
661 9154 1
661 9371 2
662 8578 1
662 9193 2
662 9869 1
662 8623 1
662 8915 1
662 8924 2
672 9234 1
672 9228 1
672 8812 1
672 8807 4
693 9846 30
693 8603 8
693 9089 1
708 9611 9
708 9054 20
708 8781 1
708 9358 1
708 8784 1
708 8962 1
708 9286 1
708 8603 1
731 8932 2
731 8678 1
731 9606 4
744 8660 1
744 8832 1
744 9820 1
744 9574 1
744 9701 1
744 9753 1
783 9900 4
783 9500 180
783 9961 1
783 9056 9
783 9618 1
786 9351 3
786 9719 5
786 8933 1
786 8970 27
786 8923 1
786 8962 200
791 9050 1
791 9597 65
805 8666 3
805 9043 2
805 9593 3
805 8892 4
805 9067 1
812 9846 1
812 9332 1
812 9850 8
812 9330 1
812 9993 1
812 8963 1
812 9277 7
812 9777 1
819 9723 1
819 9443 1
819 9628 1
832 8818 1
832 8929 2
832 8850 1
832 9895 2
832 9104 1
832 9585 8
836 9165 3
836 9763 15
836 8781 1
843 9141 1
843 8830 1
843 9305 3
843 8840 1
844 8955 2
848 8626 1
848 9780 1
848 9878 1
850 8769 2
850 9033 3
850 8910 34
855 8752 1
855 8841 1
855 8864 1
855 9018 1
855 9975 2
855 9620 25
855 9663 2
859 9453 1
859 8982 2
859 8913 1
859 8993 1
859 9050 3
859 9540 4
872 9889 1
872 9277 1
875 9496 3
875 8672 1
875 9873 1
875 9923 1
875 9363 1
875 8670 1
876 8910 1
876 9501 1
876 9065 5
876 9185 1
876 9462 2
876 9621 2
876 9798 1
876 9554 2
876 9759 2
876 8973 5
876 9472 2
909 9642 1
909 8853 2
909 8855 13
909 9086 1
909 9423 1
913 9603 1
913 8831 5
913 9020 1
913 8836 1
919 8885 4
919 9094 1
919 9060 1
919 9688 1
919 8901 4
919 9281 1
939 9951 2
939 9058 1
939 9286 1
940 9616 1
940 8606 1
940 9780 2
940 9967 1
940 9228 2
940 9573 1
940 8999 1
940 9056 43
940 9707 8
940 9762 1
946 9297 1
946 8612 1
959 8908 1
959 9837 1
959 8986 2
968 8772 1
968 9487 1
968 9697 1
968 8707 6
984 9852 2
987 9268 19
987 9364 1
987 9039 3
988 9691 4
988 9144 3
996 9896 3
996 8879 2
1018 8809 1
1018 8958 2
1029 9467 1
1029 9050 3
1029 9984 1
1031 9017 1
1031 8784 1
1031 8846 2
1031 8656 2
1031 9873 1
1036 9572 2
1041 9520 1
1041 9071 1
1043 9612 2
1043 9200 7
1043 9348 1
1043 9571 1
1043 9672 1
1043 9388 4
1043 9801 3
1050 8733 18
1050 8676 1
1050 9796 1
1050 9158 1
1050 9903 1
1065 8659 3
1084 8953 1
1084 9795 2
1084 9990 3
1084 9606 3
1084 8967 1
1103 9328 10
1103 9234 71
1103 8823 4
1103 9197 38
1104 9184 2
1104 9980 1
1118 9384 1
1118 8819 4
1118 9259 3
1118 8643 1
1118 9913 1
1134 9484 1
1134 8642 70
1134 8764 2
1134 9026 6
1134 9345 1
1134 9602 2
1146 9067 1
1146 8659 20
1195 9874 1
1197 9516 1
1197 8704 1
1197 9208 1
1197 9837 1
1197 8954 2
1227 9178 2
1227 9429 2
1243 9182 1
1243 9454 4
1243 9571 1
1243 9868 1
1251 9688 1
1251 9712 1
1251 8580 2
1251 8773 4
1251 8852 1
1251 9047 1
1258 9105 1
1258 9971 2
1262 9101 1
1262 9988 14
1262 9976 1
1262 9365 1
1262 8902 1
1262 9031 2
1262 9691 1
1265 8615 1
1265 9345 1
1265 9885 1
1265 9213 1
1270 9439 1
1270 8733 1
1273 8768 1
1273 8587 4
1273 9845 4
1275 9806 6
1275 8698 1
1283 9314 5
1283 9378 7
1283 9409 2
1283 9807 2
1283 9181 1
1283 9332 2
1283 9489 1
1283 9937 3
1283 9307 1
1297 9963 21
1297 9045 1
1297 9433 3
1297 9466 3
1302 8786 1
1302 9434 1
1302 9994 62
1310 9672 20
1321 8591 3
1321 9633 1
1321 9331 1
1325 8781 1
1325 8860 1
1334 9075 2
1334 9673 2
1338 9307 3
1338 8612 19
1338 9130 6
1338 9298 2
1338 9341 1
1338 9271 1
1338 9831 1
1353 8815 3
1353 8569 5
1353 9361 1
1368 9321 12
1368 9652 4
1368 9551 1
1368 9826 2
1389 9708 1
1389 9609 2
1389 9407 1
1389 9716 1
1395 8570 1
1395 9618 3
1395 9161 1
1395 9246 1
1395 9738 6
1395 8616 1
1395 9414 1
1395 9939 2
1409 8809 1
1409 8917 2
1409 9570 1
1425 8571 1
1425 9699 1
1425 9923 200
1425 9047 2
1425 8711 1
1427 9823 1
1428 9515 13
1428 9994 2
1428 8632 1
1435 9124 2
1435 9569 1
1435 9516 1
1472 8942 1
1472 9324 2
1472 9612 1
1472 9935 1
1483 9314 1
1483 9981 1
1503 8875 1
1503 9966 1
1503 8974 1
1503 8849 1
1503 9896 2
1503 9358 1
1503 9290 1
1507 9241 1
1507 9832 6
1533 9031 1
1533 9993 1
1537 9936 1
1537 9003 1
1537 9799 1
1542 9050 1
1542 9420 1
1542 8886 99
1542 8926 1
1542 8913 1
1542 9163 1
1542 9464 2
1551 8829 2
1551 9460 81
1551 9152 1
1551 8716 1
1551 9371 4
1551 9441 2
1557 9581 4
1557 8957 1
1557 9715 4
1557 8628 1
1557 8751 1
1567 9443 3
1567 9623 109
1567 9805 2
1586 9888 2
1586 9498 1
1603 8798 3
1603 9398 1
1603 8962 4
1603 9775 6
1603 9435 1
1603 9572 2
1607 9536 1
1607 8984 1
1608 9273 3
1608 8964 5
1608 9028 1
1612 8957 1
1638 9810 1
1638 9358 1
1638 9028 2
1638 8752 1
1652 9938 1
1652 8894 1
1652 8634 2
1652 9586 1
1664 8903 1
1664 9145 1
1664 9827 1
1664 9587 1
1664 9280 1
1664 9595 1
1664 9914 2
1694 9854 3
1694 9821 1
1694 9475 1
1694 8907 4
1711 9684 1
1711 9103 1
1713 9267 1
1713 9181 3
1713 9397 1
1713 9749 3
1713 8875 7
1716 9488 1
1716 9594 1
1716 9974 2
1716 9511 1
1716 9915 1
1734 9786 2
1734 8617 2
1734 9055 1
1734 9460 1
1734 9619 1
1747 9560 3
1747 9435 1
1747 9470 2
1747 9175 6
1763 9808 1
1771 8668 2
1771 8766 1
1782 9754 2
1782 8599 3
1782 9746 1
1787 9564 12
1787 9355 1
1787 8712 1
1787 9196 1
1787 9684 64
1787 9848 2
1787 8927 1
1787 9398 1
1793 9441 2
1793 9061 1
1793 9309 13
1795 8672 1
1795 9583 2
1795 9609 1
1795 9632 1
1795 9950 1
1820 9724 1
1822 8760 1
1822 8832 1
1822 9346 1
1822 8660 1
1822 9040 1
1822 9135 6
1822 9139 1
1822 9601 1
1846 9677 1
1846 8648 2
1846 9378 1
1846 9557 1
1846 9799 1
1846 9409 2
1861 9103 1
1861 9686 4
1864 9931 1
1864 8855 1
1864 8773 1
1864 9394 1
1864 8847 1
1864 9510 1
1864 9419 5
1880 9964 1
1880 9881 1
1880 9950 1
1880 8718 1
1880 9936 1
1880 8742 1
1880 8795 1
1886 9942 1
1886 9976 6
1886 8978 12
1886 9257 2
1886 9136 13
1886 9651 16
1886 9909 6
1886 9975 1
1886 8635 2
1886 9305 3
1886 9524 2
1886 9626 1
1889 9627 1
1889 9392 8
1889 9247 2
1889 9040 1
1889 9384 1
1889 9766 1
1889 8671 1
1889 8978 1
1915 9485 6
1915 9136 1
1915 9617 1
1928 9601 1
1928 9909 1
1928 9488 2
1937 9763 1
1942 9269 1
1942 9642 1
1943 8849 1
1943 8774 1
1969 9499 1
1969 9730 3
1974 9256 1
1980 9823 2
1980 9822 1
1988 9939 2
1988 9593 1
1988 8877 1
1994 8699 7
1994 9178 1
1994 8980 1
2003 8773 8
2003 9328 1
2003 8850 2
2003 9759 10
2004 8950 1
2004 9759 29
2004 8996 1
2004 9399 1
2005 9867 2
2005 9852 4
2005 9355 1
2005 8729 2
2005 9651 1
2005 9017 17
2005 9296 4
2005 9913 2
2055 8901 1
2055 9694 1
2055 9614 2
2069 8717 32
2069 8881 1
2069 9481 12
2069 9386 1
2069 9916 2
2069 9168 1
2069 9829 5
2069 9989 3
2069 9630 1
2076 9749 1
2076 9915 1
2076 9497 4
2076 9970 1
2103 9018 1
2103 8852 1
2103 9967 2
2104 9349 21
2104 8763 1
2125 9411 1
2133 8682 1
2133 9848 1
2133 9532 2
2142 8839 94
2142 9931 3
2142 9333 1
2142 8638 1
2142 9026 2
2151 9287 1
2151 9004 1
2151 9798 2
2152 9233 3
2152 9943 2
2152 8832 5
2152 9075 2
2152 9124 1
2152 9381 1
2156 9479 6
2156 9040 4
2156 8970 1
2156 9513 1
2157 9761 2
2157 9963 1
2157 8804 1
2160 9294 1
2160 8953 1
2169 8837 14
2169 9971 1
2169 9914 1
2223 9246 1
2223 8990 4
2226 8727 1
2226 8749 21
2226 8859 2
2226 8919 1
2226 9827 1
2243 9963 1
2243 8616 2
2246 9867 1
2246 9030 20
2247 8599 41
2247 9730 1
2247 8618 1
2247 9143 1
2247 9920 1
2247 9967 1
2262 9670 1
2262 9623 23
2262 9676 1
2262 9603 12
2269 8753 1
2269 9564 1
2269 9981 2
2269 8733 1
2275 9862 1
2275 8668 1
2277 8590 1
2277 9316 1
2279 9956 1
2279 9185 1
2279 9357 3
2279 8829 2
2279 8983 2
2279 9048 2
2279 9970 1
2285 9781 2
2285 9708 5
2285 9989 2
2285 8967 2
2285 9002 3
2285 8822 1
2285 8913 1
2285 8772 1
2285 9020 1
2285 9097 3
2285 9475 1
2285 8927 15
2301 9177 1
2301 9475 1
2301 8734 1
2326 9509 4
2326 9725 1
2326 8953 2
2326 9983 2
2326 9934 1
2326 9616 1
2336 8770 2
2336 9436 1
2336 9529 1
2343 8901 1
2343 9311 1
2350 8784 1
2350 8645 1
2350 8723 2
2350 8910 1
2350 9060 1
2372 9470 1
2372 9391 1
2375 8664 13
2375 9110 1
2375 8587 1
2375 9521 1
2375 9638 8
2379 9983 1
2379 9770 3
2391 9730 1
2394 9102 2
2406 9267 1
2406 9526 1
2406 9544 1
2406 8613 3
2451 9026 1
2451 8823 1
2451 8886 2
2451 9256 1
2452 9511 8
2452 9433 2
2452 9346 4
2452 9928 8
2452 9867 1
2456 9213 4
2471 9236 1
2471 9574 6
2471 8582 2
2471 9895 1
2480 9157 4
2480 8839 1
2480 9362 1
2480 9454 3
2480 9921 4
2480 9042 1
2480 9464 1
2480 8715 1
2480 9032 1
2480 8629 1
2480 9334 1
2492 8977 1
2492 9074 1
2492 9081 1
2492 8637 1
2492 8572 1
2492 9776 1
2492 9768 1
2492 9902 1
2492 8638 9
2492 9719 19
2492 9278 1
2492 9688 1
2498 8627 2
2498 9061 24
2498 9249 1
2498 9885 16
2498 9099 1
2498 9388 2
2509 9328 1
2509 8660 1
2515 8848 2
2515 9897 3
2515 9973 3
2529 8821 1
2529 9620 9
2529 9337 1
2529 9685 1
2544 8622 135
2544 9903 1
2544 9382 1
2544 8710 1
2544 9124 1
2544 9388 1
2546 9791 1
2546 9172 2
2546 8589 1
2546 8775 1
2546 9033 1
2546 9877 1
2579 8707 2
2579 9542 1
2579 9627 1
2582 9708 1
2582 8752 2
2591 9083 1
2591 9342 1
2591 8689 2
2591 8912 1
2591 8893 1
2591 8955 13
2591 9812 2
2597 9038 2
2597 9196 1
2597 8963 1
2597 9584 2
2610 9414 2
2610 8800 1
2610 9268 1
2610 9386 1
2610 9842 1
2610 9976 1
2611 9874 1
2643 9348 1
2643 8839 2
2643 8825 1
2643 9758 132
2653 9764 1
2653 9598 2
2653 9165 2
2653 9933 1
2657 9355 5
2657 9810 1
2657 8848 1
2657 9728 1
2657 9391 4
2657 9408 1
2657 9190 2
2668 9859 4
2668 9847 8
2707 9071 1
2707 8776 1
2707 9561 1
2707 9770 1
2712 9240 1
2712 9031 1
2712 9043 1
2712 9987 3
2722 9367 1
2722 9780 1
2722 8584 1
2722 9256 1
2730 8588 3
2738 9470 1
2738 9320 137
2738 8848 1
2738 9721 1
2738 9918 1
2738 9494 1
2738 9771 1
2738 9828 16
2738 9888 3
2738 8807 1
2738 9462 1
2738 9901 9
2745 9581 1
2745 8692 2
2747 9663 2
2747 8753 2
2747 9275 2
2757 9216 4
2757 9111 1
2757 8671 1
2760 8846 13
2760 8693 1
2760 9247 2
2760 9935 1
2760 8592 1
2760 8941 1
2760 9271 1
2769 8717 200
2769 9314 2
2769 9842 3
2770 9059 1
2770 9097 2
2770 8690 4
2770 9375 1
2770 9784 1
2770 8957 1
2770 9196 1
2785 9888 1
2785 8689 2
2786 9151 1
2806 9293 18
2806 9407 1
2806 8829 6
2806 9996 200
2806 9221 1
2806 9579 1
2806 9957 2
2820 8863 1
2822 8822 1
2822 9969 3
2822 8722 18
2822 9017 1
2827 8569 1
2827 9345 5
2827 9900 1
2838 8595 1
2838 8982 3
2838 9397 1
2838 9878 20
2838 9777 1
2838 9186 1
2844 8675 2
2844 9412 1
2844 9754 1
2844 9146 1
2858 9698 1
2858 9582 1
2859 9853 1
2859 9124 1
2862 9120 1
2862 9612 4
2862 8818 1
2862 9590 2
2862 9623 1
2862 9776 8
2888 8765 14
2891 9484 2
2925 8694 9
2925 9555 1
2951 9120 1
2951 8627 1
2951 9391 4
2956 9277 1
2956 9558 3
2956 9896 3
2956 9270 2
2956 8697 1
2956 8686 2
2968 9289 1
2968 8584 1
2968 8624 3
2968 9384 1
2968 9834 1
2971 9935 1
2971 9397 1
2971 9697 22
3017 9378 6
3017 9331 1
3017 9594 1
3017 9002 1
3035 9868 2
3035 9028 2
3035 9429 5
3035 9614 1
3035 8590 1
3035 9375 1
3035 9900 4
3035 9836 1
3038 9434 3
3038 9235 3
3038 9573 2
3038 9193 1
3038 9431 1
3038 9928 3
3052 9836 1
3052 8823 11
3052 9342 1
3059 9436 2
3059 9501 9
3064 9476 44
3064 9239 1
3064 9331 1
3065 9659 1
3072 9869 23
3085 8979 1
3085 9382 1
3088 8813 53
3088 9092 2
3088 9348 3
3088 8598 1
3088 9273 1
3091 9291 1
3091 9139 1
3091 8753 1
3091 8929 2
3091 9230 1
3091 9458 1
3091 8767 7
3096 9841 1
3096 8903 1
3096 9374 1
3102 8933 1
3127 8815 8
3127 9764 3
3138 8986 8
3138 9056 3
3138 9804 1
3142 8804 1
3142 9747 1
3157 9431 1
3157 9585 1
3157 9961 4
3161 8922 3
3161 9299 14
3161 9712 12
3161 9763 1
3161 8666 4
3161 9495 1
3183 9984 4
3192 9510 1
3192 9215 2
3192 9364 1
3192 8877 1
3192 8996 1
3192 8603 1
3192 8939 1
3199 9715 1
3199 9494 1
3224 9858 25
3224 9631 2
3233 9289 1
3233 9564 11
3233 9594 2
3235 9098 1
3235 9716 1
3283 8700 20
3283 8685 3
3283 8938 1
3287 9435 2
3287 9109 1
3287 9452 1
3287 9781 1
3287 8615 1
3287 9577 1
3299 8896 3
3299 9981 1
3299 9128 41
3305 9423 1
3305 9519 1
3305 9136 1
3305 9400 10
3319 8751 1
3319 9779 1
3322 9532 1
3322 8817 1
3338 8621 1
3338 9086 1
3338 8599 1
3338 9069 2
3338 9950 1
3342 9441 1
3360 8840 1
3360 9133 1
3360 8598 1
3360 8990 1
3360 9547 1
3360 8599 1
3360 8901 1
3360 9407 1
3360 8811 2
3360 9790 1
3360 9964 1
3376 9411 1
3376 9677 1
3376 9810 12
3379 8837 3
3379 9745 1
3379 8770 1
3379 8977 1
3379 9005 1
3379 9249 1
3379 9580 1
3379 9660 1
3379 9805 106
3400 9918 1
3400 8893 4
3401 8708 1
3401 9601 1
3401 9729 2
3405 8967 2
3405 9963 2
3417 9874 3
3417 8873 4
3417 9887 2
3435 9135 1
3441 9337 1
3441 9407 1
3441 9409 1
3441 8980 2
3441 9862 1
3451 9364 1
3451 9270 1
3464 8822 1
3464 9094 1
3464 9278 1
3464 9402 1
3466 9836 1
3466 9048 1
3473 8978 5
3473 9561 1
3473 9542 2
3487 9525 2
3487 8884 1
3487 8728 1
3487 8922 3
3487 9185 3
3501 9731 3
3501 9289 1
3542 8888 1
3544 9144 1
3547 9300 1
3547 9318 1
3554 9780 1
3561 9147 3
3567 8627 20
3567 9806 6
3585 8587 1
3585 9207 1
3585 9247 3
3594 9350 1
3594 9223 1
3594 9526 2
3617 9676 4
3617 9717 1
3617 8926 5
3617 9731 1
3636 8902 1
3636 8761 1
3636 9440 4
3641 8950 2
3641 9280 1
3641 9478 1
3641 9811 2
3650 9724 3
3650 9094 1
3650 9026 1
3650 8911 3
3650 9151 1
3650 9545 1
3660 9956 2
3660 9062 1
3689 9043 1
3689 9482 9
3689 9671 5
3692 9884 1
3692 9764 6
3692 9621 1
3692 9233 1
3692 9404 1
3695 9936 1
3695 9641 1
3695 9823 2
3699 9352 2
3699 9472 1
3699 9983 1
3699 8682 1
3727 8726 2
3727 8973 3
3727 9863 1
3727 8812 1
3728 9689 2
3728 8942 1
3728 9479 1
3736 9578 4
3736 9066 1
3736 9361 1
3736 9430 2
3736 9850 3
3741 9986 2
3741 9634 7
3742 9478 2
3762 8985 1
3762 9524 1
3762 8934 1
3762 9684 1
3762 9569 2
3763 9494 1
3763 9676 5
3763 9606 2
3763 9187 1
3763 8698 1
3763 9225 1
3765 8647 10
3765 9210 1
3765 8713 2
3765 9911 46
3790 9143 1
3790 9337 1
3790 8582 1
3790 9594 1
3790 8818 3
3790 9885 1
3790 8729 1
3790 9281 1
3790 9551 3
3793 8642 6
3793 8664 1
3793 9109 1
3793 8574 1
3793 8716 1
3793 8613 1
3793 9481 3
3793 9236 1
3793 9564 2
3793 8879 2
3799 9039 2
3799 8815 1
3799 8722 4
3799 8946 1
3799 9372 9
3799 9038 1
3799 9332 1
3799 9845 1
3836 9174 5
3836 9671 2
3836 8746 2
3836 9531 5
3836 9884 1
3846 9246 1
3846 8589 1
3846 8706 1
3846 9576 1
3847 9564 182
3847 8599 5
3847 9742 1
3847 9841 3
3856 8974 1
3863 8922 1
3863 9004 1
3863 9602 7
3863 9020 1
3863 9068 1
3869 9084 1
3869 9762 1
3869 9482 4
3876 9646 1
3876 8963 1
3876 9573 1
3876 9662 2
3886 9240 1
3886 9504 3
3886 9319 2
3886 8677 1
3906 8893 17
3906 9146 1
3906 9596 1
3906 8763 1
3912 9325 3
3919 8653 1
3919 8770 1
3919 9540 3
3919 8689 1
3919 9269 3
3919 9681 1
3919 8968 1
3930 8728 2
3948 9063 1
3948 8668 1
3948 9419 1
3948 9252 2
3948 9319 1
3948 9475 2
3955 8786 6
3955 8914 11
3988 9423 1
3988 9147 3
3989 9071 1
3989 8985 3
3991 9187 1
3991 9550 1
3991 9673 1
3991 9747 2
4003 9325 3
4003 9768 1
4003 9842 1
4003 9149 4
4003 9346 4
4003 9404 2
4003 8799 1
4003 9532 1
4003 9595 1
4003 9715 1
4003 9898 1
4015 9328 1
4015 9454 1
4015 9281 1
4015 9038 1
4015 8760 1
4036 9576 1
4036 9631 1
4036 9632 1
4036 8986 1
4036 9691 1
4036 9808 2
4036 8864 1
4036 9368 1
4036 9415 1
4036 9786 19
4040 8627 4
4040 9785 4
4040 9534 1
4040 8829 2
4040 9157 13
4040 9169 1
4048 9888 2
4048 9483 1
4048 9296 1
4048 9440 1
4048 9444 5
4062 9728 1
4062 9772 1
4064 9243 2
4064 8746 2
4067 9970 2
4067 8690 1
4067 9908 1
4100 9906 1
4109 9768 1
4109 9771 2
4109 9363 2
4109 9598 1
4109 9986 5
4113 8839 1
4113 9481 1
4113 9566 1
4126 9125 1
4126 9596 5
4136 9510 1
4136 9065 1
4136 9177 1
4136 9509 1
4136 8934 1
4145 9174 81
4145 8588 1
4148 8607 1
4148 9612 2
4148 9087 1
4148 9272 1
4167 9372 1
4167 9149 3
4167 9506 1
4167 9531 1
4176 8713 3
4176 9843 1
4180 9934 2
4180 9628 1
4180 8965 1
4180 8837 3
4185 9310 1
4194 9372 2
4194 9089 149
4205 9374 2
4205 8962 1
4205 8726 2
4205 8660 2
4205 9487 1
4205 9633 13
4205 9748 1
4205 9807 2
4205 9704 2
4227 8609 2
4227 9567 32
4239 8742 1
4239 8944 4
4239 8931 1
4239 9426 1
4239 9429 1
4239 8905 1
4247 9999 1
4247 9659 2
4251 9278 5
4251 8647 1
4252 9321 1
4252 9811 1
4252 9494 8
4252 9355 13
4252 9259 1
4254 8715 2
4254 8815 1
4256 9383 1
4256 9389 1
4258 8954 1
4258 9834 1
4258 9884 3
4258 9731 1
4262 9001 1
4262 9763 2
4262 8965 3
4262 9440 1
4271 8910 2
4271 9483 1
4271 9689 1
4271 9904 3
4271 8622 1
4271 9901 3
4280 8986 1
4280 9420 9
4280 9504 1
4305 9497 1
4310 9166 2
4310 9594 1
4310 9919 8
4310 9990 37
4313 8929 1
4313 9298 3
4376 9111 1
4376 9202 2
4376 9915 1
4387 9745 1
4387 9097 1
4387 9004 7
4387 9939 1
4387 8909 54
4387 9670 2
4387 9921 2
4408 9087 1
4418 8666 1
4418 8674 1
4420 9530 1
4420 9566 3
4420 8727 1
4421 9983 2
4421 8774 2
4421 9511 1
4421 9677 2
4421 9822 1
4421 8931 16
4421 9588 1
4421 9641 2
4429 9525 26
4429 8625 2
4432 9380 1
4432 9326 1
4432 9655 1
4432 8922 1
4432 8769 3
4437 9497 1
4437 9625 1
4455 9044 4
4455 9862 1
4455 9502 1
4455 9957 1
4465 9394 1
4465 9588 2
4465 8929 1
4465 9206 1
4465 9486 9
4473 9395 6
4473 8643 5
4502 8707 1
4502 9648 1
4502 8829 4
4502 8993 1
4543 8765 2
4543 9246 7
4543 9646 1
4544 9230 1
4544 9207 1
4544 8850 4
4544 9291 1
4559 8664 4
4559 9955 200
4568 9341 1
4568 9590 1
4574 9099 1
4574 8631 1
4574 9592 1
4574 9119 1
4574 9135 2
4604 9879 1
4604 8698 3
4618 9580 2
4618 8895 12
4626 9259 5
4626 8727 1
4626 9957 4
4626 8755 1
4626 8990 1
4626 9241 1
4630 8595 1
4635 9885 1
4635 9696 2
4635 9693 1
4635 9057 4
4635 9861 1
4637 9413 2
4637 8818 1
4637 9341 3
4637 9749 1
4641 9863 15
4641 8569 10
4641 8812 1
4641 8841 1
4641 9791 2
4681 9129 1
4681 9289 1
4681 9086 1
4681 9499 1
4686 9510 1
4686 9097 1
4686 9137 1
4696 9601 1
4710 9304 3
4710 9433 1
4710 9330 17
4713 9491 1
4722 9047 3
4722 9166 1
4722 9853 2
4734 9698 1
4734 9721 5
4734 9560 1
4734 8618 1
4734 9070 1
4734 9776 1
4744 9566 6
4744 8938 1
4744 9590 1
4744 9614 1
4753 9381 1
4753 9517 2
4753 9146 1
4756 9900 1
4756 9919 1
4756 9013 1
4756 8617 1
4756 9652 1
4756 9750 3
4757 8685 5
4757 9144 1
4757 8884 1
4769 9965 10
4769 9291 1
4769 9717 1
4775 8905 1
4775 9148 1
4775 9338 2
4775 9931 3
4788 9532 1
4788 9236 1
4788 9612 1
4788 9928 6
4788 9207 2
4788 8766 20
4788 8917 7
4798 9973 2
4798 9342 1
4798 9940 1
4798 8937 2
4798 8974 2
4798 9655 2
4838 9695 1
4838 9192 24
4838 9916 1
4852 9274 5
4852 9511 1
4882 9560 4
4882 9646 9
4882 8958 1
4882 9272 1
4882 8831 1
4882 8828 8
4882 9639 1
4896 8706 2
4896 9296 1
4896 8849 4
4896 9716 2
4900 9935 1
4900 9197 7
4900 9707 1
4900 8977 12
4909 9691 2
4909 9298 1
4909 8614 4
4909 8919 1
4909 9149 1
4909 9326 1
4924 9309 1
4924 9550 1
4924 9319 1
4924 8977 2
4924 9783 2
4931 9993 2
4931 8680 6
4931 9320 59
4931 9701 1
4931 8592 200
4931 9704 1
4931 8743 1
4931 9633 1
4942 9429 1
4942 9753 1
4942 9848 1
4942 9617 2
4942 9090 1
4944 9726 1
4944 8745 1
4949 8619 1
4949 9688 1
4949 9145 1
4949 9297 1
4952 8657 1
4952 9615 1
4952 9745 1
4952 9840 1
4952 8930 1
4952 9216 1
4954 8782 1
4954 9635 1
4954 8909 1
4954 9750 1
4954 9951 1
4960 8795 4
4978 9067 4
4978 9101 1
4978 9294 4
4978 9791 1
4978 8939 1
4978 9310 1
4987 8828 2
4987 9281 1
4994 8780 1
4994 9895 1
4994 9438 5
5000 9662 6
5000 9363 4
5002 9045 3
5002 8681 1
5002 9558 2
5002 8653 4
5002 8710 1
5033 9285 1
5042 9500 2
5042 9373 1
5051 9832 1
5051 9689 1
5051 9781 1
5061 9971 1
5061 8715 1
5089 9836 1
5089 9955 1
5089 8894 1
5089 9104 2
5089 9340 1
5089 9840 2
5089 9956 1
5109 9480 2
5110 9840 1
5110 9378 3
5110 9602 1
5118 9742 1
5118 9957 1
5119 9441 3
5119 9748 13
5121 8973 1
5121 9428 1
5126 8917 1
5126 8648 3
5132 9801 1
5132 9093 1
5132 9958 2
5132 9147 1
5132 9496 1
5132 8984 1
5132 9817 4
5132 9394 1
5137 8966 2
5137 9486 1
5137 9663 1
5137 9063 2
5137 9858 12
5137 8728 4
5138 9037 1
5138 9408 2
5138 9201 1
5138 8699 1
5138 8817 121
5138 9044 1
5138 9889 1
5138 9481 1
5141 8578 3
5141 8846 6
5141 9506 1
5146 9520 7
5146 9458 4
5146 9866 3
5146 9145 1
5146 8912 3
5146 9580 1
5157 9462 1
5157 9555 1
5157 8967 1
5157 9861 1
5157 9131 16
5157 9156 2
5157 9879 6
5160 9945 1
5213 8762 1
5213 9628 2
5213 9813 1
5224 8884 1
5224 9274 4
5224 9229 1
5224 9785 3
5234 9055 1
5236 9873 6
5236 9615 1
5236 8737 1
5236 9579 1
5236 9725 2
5248 8653 1
5248 9144 1
5248 9413 1
5248 9067 1
5248 8767 11
5248 8679 2
5248 9775 1
5248 9513 1
5264 9879 1
5264 9184 1
5264 9425 1
5265 9346 1
5265 8578 14
5265 8917 2
5265 9429 1
5265 9360 2
5265 9500 7
5269 9630 1
5269 9704 1
5269 9484 1
5269 8631 4
5269 8847 2
5269 9752 1
5273 9103 9
5273 9623 4
5275 9673 1
5275 8729 1
5275 8664 1
5275 9753 1
5287 9719 2
5287 9113 1
5287 9151 1
5287 9275 1
5287 9631 1
5292 8710 3
5292 9327 3
5292 8765 2
5305 9844 1
5305 9269 1
5323 8911 2
5323 8825 1
5323 9102 1
5323 9266 56
5323 9881 1
5323 9013 1
5323 9499 3
5323 8705 1
5361 9531 2
5361 9098 2
5373 9216 1
5373 9467 1
5373 9438 1
5373 9764 1
5395 9868 6
5395 9352 2
5395 9213 1
5395 9621 1
5395 8768 1
5395 8946 16
5395 9143 1
5395 9754 1
5395 9120 3
5395 9350 1
5395 9669 1
5412 9225 2
5412 9790 1
5422 8806 2
5422 9127 2
5422 9229 1
5422 9740 1
5422 9356 4
5422 9561 1
5426 9717 1
5426 8672 2
5426 9002 1
5426 9391 1
5426 8572 1
5426 9952 4
5430 8572 5
5430 8694 1
5430 9381 1
5436 9502 1
5436 9014 1
5436 9584 1
5436 9792 1
5449 9678 1
5449 9228 2
5449 9566 3
5449 9086 1
5449 8873 2
5449 9427 1
5449 9581 1
5478 9837 1
5478 9376 6
5478 9055 1
5478 9167 2
5478 9383 1
5480 9723 1
5480 9020 1
5480 9630 1
5480 9911 4
5480 8950 1
5480 9214 1
5485 8691 1
5488 9480 2
5488 8875 2
5488 9641 1
5496 8979 1
5498 9939 2
5498 9274 9
5507 9867 5
5512 9641 1
5512 8761 1
5512 9452 1
5512 9897 1
5512 9903 1
5512 9967 1
5518 9154 1
5518 9319 1
5518 9415 3
5518 9416 10
5518 9220 1
5518 9520 4
5562 9585 1
5576 9271 2
5576 8828 1
5576 9013 2
5576 9059 6
5581 9618 1
5581 9129 7
5581 9504 1
5585 9889 2
5585 8713 1
5585 9055 5
5585 8769 20
5585 9974 2
5585 8694 1
5587 9792 1
5587 9441 2
5587 8673 7
5587 9886 2
5603 9342 1
5606 8607 1
5606 9527 1
5606 8686 8
5641 9324 1
5641 9279 3
5641 8767 5
5641 9289 6
5641 9492 2
5641 9868 1
5641 9952 1
5641 8829 1
5644 9128 1
5644 9567 1
5652 9356 1
5652 9618 1
5654 9792 1
5654 9018 2
5660 9001 1
5660 9446 1
5660 9781 1
5680 9817 1
5680 9455 12
5687 9574 4
5687 8626 1
5687 9172 2
5711 9989 1
5711 9037 2
5711 8691 1
5711 9740 19
5727 9476 3
5727 8617 1
5727 9550 1
5734 9660 1
5734 9415 1
5740 9014 1
5740 9230 1
5740 8574 29
5740 9148 1
5742 9609 1
5742 9943 2
5742 8628 2
5742 9182 2
5743 9352 6
5743 8715 2
5743 8894 1
5743 8932 6
5743 9202 1
5752 8722 1
5752 9148 2
5752 9135 1
5752 8958 7
5752 9519 1
5752 9223 1
5761 9331 1
5765 9249 2
5765 8998 2
5765 9325 1
5765 9531 1
5775 9559 6
5775 8786 1
5775 9095 2
5775 9984 15
5792 9264 2
5792 8951 8
5792 9216 1
5792 9414 1
5792 9162 5
5827 9330 2
5827 9375 1
5829 8621 1
5829 9444 9
5829 9839 4
5832 8659 1
5840 9732 2
5840 9480 3
5872 9910 1
5872 9443 4
5872 8904 2
5877 8664 1
5877 9798 1
5897 9716 3
5897 8568 1
5904 9517 1
5904 9102 2
5925 8776 4
5925 9386 1
5925 9916 3
5925 9119 1
5925 9307 1
5938 8957 1
5938 8941 1
5938 9200 1
5938 9343 3
5938 9898 1
5938 9143 2
5938 9960 1
5972 9380 1
5972 9472 16
5972 8718 1
6001 9847 1
6001 9902 1
6001 9241 8
6001 9275 1
6001 8656 1
6001 9988 1
6025 9013 3
6025 9279 8
6059 8810 8
6059 9213 8
6059 9236 4
6066 9296 9
6066 9304 1
6066 9829 14
6066 8862 1
6066 9664 2
6066 8590 1
6097 9677 1
6097 9167 1
6097 8653 2
6097 9781 2
6099 9172 1
6099 8888 1
6099 9074 2
6121 9659 5
6127 9724 1
6127 9464 1
6127 8770 5
6127 9053 3
6140 9739 1
6140 8717 34
6146 9581 1
6146 9542 2
6146 9603 1
6146 9569 1
6146 9200 1
6146 9300 8
6155 9638 2
6155 9898 2
6155 8625 2
6155 8766 1
6155 9937 1
6155 9299 1
6155 9535 1
6162 8769 1
6162 9784 1
6192 8762 1
6192 9134 14
6192 9197 3
6192 9502 2
6192 9676 2
6192 9860 4
6192 8697 3
6192 9804 2
6192 9852 1
6192 9919 1
6200 9012 35
6210 9519 1
6221 9383 18
6229 9556 1
6229 9801 3
6237 9966 8
6250 8829 1
6250 8705 1
6250 8973 3
6250 9839 2
6250 8696 1
6250 8713 1
6281 8804 2
6281 9012 1
6281 8636 1
6281 9623 1
6281 8681 1
6281 9462 1
6281 9989 3
6302 9798 1
6302 9094 2
6302 8810 1
6311 8692 1
6311 9545 1
6316 8742 1
6316 9279 1
6316 9615 2
6316 9196 1
6316 8700 1
6316 9721 1
6332 9443 1
6332 9014 1
6332 9431 2
6332 9067 1
6332 9314 3
6332 9272 1
6332 9592 1
6332 9725 2
6351 9376 1
6351 8672 3
6351 8827 1
6364 9438 1
6371 9844 2
6371 9094 1
6399 9831 1
6399 8620 1
6402 9985 4
6402 8657 1
6402 9140 1
6402 9177 1
6402 9848 4
6415 9897 1
6415 8804 1
6415 9230 3
6415 9476 1
6437 8671 1
6437 9300 1
6437 8909 1
6437 9362 1
6437 9877 1
6437 9951 1
6437 9413 1
6439 9331 1
6439 9550 2
6439 8830 1
6440 9852 1
6440 8574 1
6440 8682 1
6443 8676 2
6446 9340 9
6446 8800 1
6446 9174 2
6446 8916 1
6446 9516 1
6448 9458 4
6451 9758 4
6451 8837 1
6451 9000 2
6451 8810 7
6451 9344 1
6451 9772 1
6451 9056 2
6451 9856 65
6451 9040 4
6463 9070 1
6463 9546 1
6463 9344 2
6479 9669 1
6479 9726 1
6479 9554 1
6508 9028 3
6508 9878 7
6508 9392 1
6536 9482 1
6536 9168 1
6536 9294 2
6536 9103 1
6536 9362 1
6536 9530 1
6536 9167 8
6536 9322 1
6539 9411 2
6539 9903 1
6539 9305 1
6539 9131 4
6539 9400 2
6539 8722 4
6539 8680 2
6565 8836 3
6565 9434 4
6565 9075 2
6565 9365 1
6565 9458 1
6567 9230 1
6567 9917 7
6569 8707 1
6591 9333 1
6598 9136 1
6598 9272 1
6598 9201 1
6598 9796 1
6612 8800 1
6612 8965 1
6612 9981 1
6612 8614 6
6629 9297 2
6629 9606 1
6635 8893 1
6635 8963 2
6635 8844 1
6635 8907 1
6635 9095 1
6635 9936 1
6636 8953 1
6636 8642 1
6636 9588 1
6636 8827 3
6636 9165 1
6636 9389 1
6636 9844 5
6658 9515 22
6658 9642 2
6658 9480 1
6658 9983 2
6662 9856 1
6662 8610 1
6683 9421 1
6683 9335 2
6683 9664 8
6695 8931 7
6695 8619 1
6695 9856 1
6713 8985 2
6713 8632 1
6713 9130 1
6713 8647 3
6713 9338 1
6713 8825 1
6716 9341 1
6716 9333 1
6738 9952 1
6738 9345 1
6757 9597 1
6757 9343 1
6757 9695 1
6765 9764 1
6765 8980 14
6765 9949 1
6765 9943 5
6795 9083 1
6799 9761 2
6799 9061 10
6799 9130 1
6799 9459 1
6799 9483 2
6799 9393 2
6799 9066 1
6799 9298 2
6799 9565 4
6805 9509 1
6805 9252 1
6806 8954 1
6806 9014 4
6806 8693 21
6806 8811 4
6806 9676 2
6807 9193 2
6807 8799 1
6827 8815 6
6827 8729 1
6827 8885 1
6840 9254 1
6862 8704 1
6862 9357 1
6864 9271 13
6870 9436 1
6871 9228 1
6871 9065 4
6882 8621 3
6882 8629 4
6882 9480 2
6893 9699 4
6893 9124 1
6893 9201 1
6893 9813 1
6893 9137 1
6895 9306 1
6895 9914 1
6895 9212 1
6904 8718 3
6904 9571 2
6904 9316 1
6904 9516 1
6904 9557 4
6906 9861 4
6906 8706 1
6906 8905 1
6906 8903 1
6906 9139 2
6906 9227 1
6906 9795 5
6908 9861 1
6923 9707 1
6923 8680 1
6923 8846 3
6923 9392 1
6923 9400 2
6923 8759 200
6923 9693 1
6933 9247 2
6933 8619 1
6938 9070 1
6938 9055 1
6938 9163 2
6938 9838 1
6938 9349 1
6951 9888 1
6951 8727 1
6955 9476 1
6955 8568 1
6967 9208 1
6967 9282 1
6967 9422 1
6967 9616 1
6967 9470 1
6967 8745 49
6979 9239 2
6979 9105 1
6990 9659 5
6990 9384 1
6990 9413 1
6995 9720 6
6995 9625 2
7010 9620 4
7010 8704 8
7018 9527 1
7018 9661 9
7018 9903 5
7022 8968 1
7022 8747 2
7022 8768 1
7022 9525 2
7022 9724 2
7030 9783 1
7042 9444 1
7042 9412 3
7042 9140 1
7042 9572 28
7042 8592 1
7042 8819 1
7043 9056 2
7043 8983 9
7043 8755 1
7043 9720 6
7050 9058 1
7050 9344 1
7074 9917 2
7074 9570 1
7074 9689 1
7074 9712 1
7075 9383 3
7078 9993 4
7078 9696 1
7078 9910 1
7083 9790 3
7083 8790 2
7104 9333 1
7104 9044 1
7107 9500 2
7107 9431 14
7107 9220 1
7108 9250 1
7108 9526 2
7108 9754 1
7113 9352 2
7113 9872 2
7113 9771 4
7113 9975 1
7117 8915 1
7117 8712 3
7118 9246 30
7118 8708 1
7118 9837 1
7118 9230 1
7118 9717 1
7118 9032 1
7118 9904 1
7118 8762 4
7138 9887 1
7143 9593 1
7143 9093 4
7143 9489 11
7145 8862 3
7145 8967 1
7145 9717 5
7145 9145 3
7145 9285 2
7146 9775 25
7146 8780 2
7146 9090 1
7146 9178 2
7148 9167 1
7148 9748 13
7148 9740 2
7148 9776 1
7148 8941 1
7148 9294 1
7148 9467 1
7148 9874 1
7148 9408 1
7157 9631 1
7157 9326 4
7157 9364 1
7157 9728 1
7157 8625 25
7157 9362 1
7162 9210 1
7162 8828 24
7162 9441 1
7162 9942 2
7175 9061 1
7183 8956 1
7183 9963 4
7183 8580 1
7183 9373 1
7183 9748 1
7183 9156 1
7183 9300 1
7183 9361 9
7188 9988 1
7188 8903 1
7188 9501 2
7188 9322 1
7188 9843 1
7191 9066 2
7191 9922 1
7191 8692 1
7191 8968 1
7191 9785 1
7191 8645 1
7191 9247 1
7191 9477 27
7196 9790 1
7196 9443 1
7196 9045 3
7196 9739 3
7196 9250 1
7206 9486 1
7206 9772 1
7212 9212 1
7222 9380 1
7222 9005 10
7228 9990 1
7231 9586 1
7239 8719 4
7239 8766 4
7239 9678 1
7239 9251 1
7270 9837 1
7270 8763 3
7270 9130 1
7270 9864 2
7282 9045 1
7282 9365 2
7282 9746 1
7282 9906 14
7300 9596 7
7300 9084 4
7300 9069 1
7300 9327 1
7300 9896 5
7308 9565 3
7308 9556 3
7313 9641 1
7313 8571 60
7313 9614 1
7313 8844 1
7315 9120 1
7319 9535 1
7319 9798 1
7319 9334 2
7319 9826 1
7321 9460 1
7321 9758 1
7321 8930 1
7321 9020 1
7321 8942 1
7329 8860 1
7329 8817 1
7329 8759 1
7329 8656 2
7329 9167 1
7329 9476 1
7329 9893 1
7344 8918 4
7344 8637 1
7344 9152 1
7344 9593 5
7344 9603 1
7344 9860 3
7374 9650 1
7379 9112 1
7379 9866 1
7379 8723 1
7379 9651 1
7380 9920 1
7380 9994 1
7380 8769 4
7382 8629 13
7390 9210 1
7402 8672 4
7402 9371 1
7402 9905 2
7402 9161 1
7402 9517 1
7418 9542 2
7418 9282 1
7425 9712 1
7425 9811 1
7425 8978 1
7433 8628 1
7433 9616 4
7433 8982 1
7433 9515 3
7433 9596 3
7439 9455 1
7439 8590 1
7439 8970 4
7439 9320 1
7444 9062 1
7444 9202 1
7444 9001 1
7456 9360 1
7456 9763 1
7472 8821 1
7485 8895 1
7485 8698 3
7485 9210 10
7491 8916 1
7492 8795 3
7492 9166 1
7492 9704 2
7492 8615 1
7492 8919 1
7492 9695 2
7492 9130 6
7520 9639 2
7520 9093 1
7520 9287 1
7520 9719 1
7545 9158 1
7545 9464 9
7545 9343 3
7545 8634 2
7545 9886 1
7545 9254 8
7545 9679 2
7548 9728 1
7561 9967 4
7579 9791 1
7579 9497 1
7579 9000 4
7579 9738 1
7579 8615 1
7579 9899 2
7602 9951 1
7602 9942 7
7602 9326 1
7602 9556 1
7602 8571 3
7602 8719 1
7602 9110 1
7602 9181 7
7615 9312 1
7615 9319 1
7615 9858 2
7615 9701 2
7615 8840 7
7624 9020 4
7624 9394 1
7624 9428 4
7624 9555 9
7624 8849 13
7629 8722 1
7629 9287 1
7629 8760 1
7629 8812 1
7629 9128 1
7629 9899 1
7629 9187 2
7629 9530 1
7658 9172 1
7674 8764 29
7674 8743 1
7674 9332 1
7674 9904 3
7700 9177 1
7700 8664 3
7700 9893 1
7726 9392 1
7726 9488 1
7734 9145 1
7734 9828 1
7734 8864 2
7734 8599 1
7734 8746 1
7734 8580 1
7734 8716 5
7734 8853 1
7756 9638 1
7756 9335 19
7756 9766 1
7763 9979 7
7763 8743 5
7765 8896 6
7765 9266 1
7765 9828 1
7770 9351 1
7809 9597 1
7811 9421 2
7834 8864 1
7834 8911 1
7864 9974 1
7864 9916 1
7919 8692 2
7919 9633 1
7919 9084 2
7919 9726 3
7955 9033 1
7955 9312 2
7955 9340 1
7955 8572 1
7955 8726 1
7955 8808 2
7955 8896 1
7955 9159 45
7956 9521 1
7956 8606 4
7956 9621 2
7967 9349 1
7967 8859 1
7999 9375 1
7999 9572 1
7999 9847 1
7999 9290 1
7999 8821 1
8016 9796 14
8016 9877 3
8032 9316 1
8032 8573 3
8032 9870 1
8049 9625 1
8049 8591 1
8049 9671 1
8049 8590 1
8049 9652 1
8058 8624 2
8058 9178 1
8058 9474 2
8058 8839 1
8058 9965 1
8066 9332 1
8066 9529 9
8066 9340 3
8072 9421 1
8072 8974 1
8072 9414 1
8072 9485 1
8072 9747 2
8072 8613 2
8072 9581 2
8072 9412 4
8077 9561 1
8077 8857 3
8077 9780 1
8079 9832 1
8079 8745 1
8079 9975 5
8079 8595 1
8079 9119 1
8079 8748 1
8079 9913 1
8079 9842 1
8079 9851 4
8079 8798 1
8079 9846 3
8084 9148 1
8084 9064 1
8084 9436 1
8084 8993 2
8084 9479 1
8084 8860 1
8084 9004 2
8084 9036 2
8084 9254 1
8085 9551 18
8085 9494 1
8085 9279 1
8098 9123 3
8098 8924 2
8098 9826 5
8098 8970 1
8098 9521 2
8098 8807 9
8098 8813 2
8106 9272 2
8106 9273 1
8118 9936 50
8118 9883 2
8135 8979 1
8135 9725 1
8137 9388 2
8137 9322 1
8137 9729 2
8140 9395 1
8140 9299 1
8140 9650 7
8140 8642 1
8140 8965 1
8171 9278 1
8171 9870 1
8171 9159 2
8171 8723 28
8171 8674 3
8177 9897 1
8177 8814 1
8185 9899 3
8185 8920 1
8185 9775 1
8201 9229 1
8201 9256 1
8201 9459 10
8201 9484 2
8228 9517 3
8228 8760 2
8228 9996 1
8230 8957 1
8230 8831 2
8230 8595 1
8231 9971 4
8231 9383 1
8231 9682 8
8233 9532 1
8233 9685 6
8233 9444 1
8233 9595 1
8233 9215 48
8233 9863 1
8262 8622 2
8262 9070 3
8262 8678 1
8262 9992 1
8262 9650 1
8272 9575 1
8272 8716 1
8272 8911 2
8277 8768 1
8277 9134 2
8287 9044 3
8287 9054 1
8287 9268 1
8297 8888 1
8297 8986 1
8303 8747 3
8303 9519 2
8303 9032 1
8303 9866 1
8307 8678 4
8307 8780 1
8307 9005 1
8307 8693 1
8307 8676 2
8307 9243 2
8307 9708 1
8307 9832 1
8307 9872 3
8333 9363 1
8333 9494 1
8333 9575 1
8333 9681 4
8334 8623 1
8334 8647 1
8334 9378 1
8334 9521 1
8334 9131 1
8334 9878 3
8334 8881 29
8338 9415 1
8349 8811 3
8349 8978 3
8349 9280 1
8349 8957 5
8349 9540 1
8374 8897 1
8387 9858 1
8387 9952 1
8387 8938 3
8387 9146 1
8418 8901 2
8418 9153 2
8418 9645 1
8447 9371 1
8447 9066 1
8461 9408 1
8461 8626 1
8461 9133 1
8461 9558 1
8463 9187 2
8463 9645 1
8463 8751 1
8463 9074 2
8469 8885 1
8469 9109 2
8473 9316 2
8476 9553 1
8476 8642 1
8476 9925 2
8493 8704 1
8493 9906 1
8493 9918 1
8497 8716 1
8497 8911 2
8497 9337 1
8497 9332 1
8497 9305 3
8497 9732 1
8497 9820 1
8506 8875 29
8506 8587 1
8506 9632 1
8506 9853 1
8506 9025 2
8506 9358 2
8506 9940 3
8507 8814 6
8507 9361 1
8507 9372 1
8507 9547 1
8516 8734 1
8516 9129 1
8530 9934 1
8530 9895 2
8530 9433 9
8530 9655 3
8530 8883 1
8530 8648 2
8548 9212 26
8548 9416 1
8548 9966 1
8552 8881 1
8552 9233 1
8552 9938 5
8552 9314 1
8571 9023 1
8572 8961 2
8573 9171 6
8573 9930 1
8574 8641 1
8575 9472 1
8575 9922 8
8575 9422 1
8575 9770 1
8575 9393 1
8575 9884 1
8576 8677 2
8576 9985 1
8577 8636 1
8577 9133 30
8577 9151 2
8577 9235 3
8578 8725 3
8579 9731 1
8579 8675 1
8579 8859 9
8579 9645 2
8581 9090 1
8581 8782 12
8581 9045 3
8581 9318 6
8581 9515 1
8581 9054 1
8581 9762 3
8581 8855 200
8583 9087 2
8583 9427 2
8583 9181 1
8583 9688 1
8583 9360 5
8583 9810 1
8583 9720 1
8583 9081 15
8583 9869 1
8584 8871 1
8585 9786 4
8585 9854 1
8586 9047 6
8586 9851 3
8586 9937 2
8588 8597 1
8589 8989 1
8590 8833 1
8591 8683 2
8593 9616 4
8593 9411 1
8594 9724 1
8594 8860 8
8594 9545 1
8594 8992 1
8594 9576 5
8594 9455 1
8594 8776 4
8594 9214 1
8594 9547 1
8595 9052 1
8596 9058 1
8596 9246 1
8596 9905 5
8596 9958 1
8597 9207 1
8597 9742 1
8597 9273 2
8597 8707 17
8597 9455 1
8597 8675 1
8597 9258 2
8600 9559 1
8600 9287 2
8600 9547 1
8601 9184 1
8601 9066 1
8601 9419 7
8601 9161 2
8602 9072 3
8602 8989 1
8604 9343 2
8604 8616 96
8604 9879 1
8604 8822 1
8604 9557 3
8605 9649 2
8605 9427 1
8606 8652 29
8607 8667 1
8608 9649 1
8608 9286 1
8608 9626 1
8608 9136 1
8609 9007 1
8609 9329 1
8611 9949 1
8611 9160 1
8611 9635 9
8612 8744 2
8612 9714 2
8613 9276 1
8614 8972 3
8616 9211 1
8618 8995 6
8620 8945 8
8621 9079 2
8622 8994 2
8623 9072 1
8624 8787 4
8626 9085 1
8626 8639 1
8627 9049 5
8627 9636 2
8629 9007 3
8630 9534 1
8632 8652 1
8633 9423 4
8633 9831 1
8634 8989 2
8636 8921 1
8637 9022 1
8638 9205 1
8639 8685 15
8639 8837 9
8639 9504 1
8639 9805 14
8639 9312 1
8639 9938 1
8639 9660 1
8640 9029 3
8641 8696 1
8641 9047 1
8643 8803 1
8644 9207 1
8644 9196 1
8644 9829 1
8646 9960 116
8646 9645 1
8648 8663 1
8649 9525 1
8649 9001 3
8649 9807 1
8650 9139 1
8650 8918 2
8651 8886 1
8651 9467 1
8651 9719 6
8651 8709 2
8652 8815 2
8652 9670 1
8652 9030 2
8652 9728 1
8653 8665 1
8654 9264 2
8654 9547 1
8654 9374 2
8654 9840 1
8654 9956 1
8654 9999 2
8655 9855 2
8655 9913 1
8658 8761 3
8658 9315 9
8659 8661 1
8661 9265 2
8661 8808 1
8661 9249 1
8662 8949 1
8662 8866 1
8662 8731 1
8663 9828 2
8663 9067 1
8663 9038 16
8665 9505 1
8667 9462 2
8667 9553 1
8668 8820 1
8669 8690 12
8669 8918 5
8669 9319 3
8669 9030 2
8669 9258 1
8669 8691 4
8669 9678 2
8669 9768 2
8670 9465 1
8673 8867 1
8674 8826 8
8674 8867 6
8678 8820 1
8678 8791 1
8679 8940 1
8683 8767 2
8683 9320 7
8683 9393 1
8683 8818 3
8683 9441 1
8683 8857 1
8683 8951 1
8683 9128 1
8683 9234 15
8683 9634 1
8683 9910 32
8683 9739 17
8684 9831 12
8684 8956 1
8684 9937 1
8685 8867 3
8687 9316 1
8687 8699 1
8688 8709 1
8688 9372 1
8692 8869 1
8692 9211 1
8693 9718 7
8694 8874 1
8695 8800 3
8695 9350 2
8695 9544 1
8695 9923 14
8696 8741 9
8696 9706 2
8698 9824 6
8700 8750 1
8701 8709 1
8701 9166 4
8701 8957 1
8701 9032 1
8701 9340 1
8701 9384 1
8701 8734 2
8701 8764 1
8701 9491 2
8702 9875 1
8703 9915 10
8703 8873 1
8703 9048 1
8704 9930 1
8707 9610 5
8707 8820 1
8708 8940 3
8709 8898 1
8709 9022 15
8710 9757 1
8711 9096 1
8712 8736 3
8714 8897 1
8714 9821 1
8717 8834 1
8720 9758 1
8720 9874 1
8721 9487 2
8721 9059 5
8721 9166 5
8721 8985 2
8724 9844 1
8724 9847 3
8725 8906 1
8725 9429 2
8725 9851 1
8725 8894 1
8725 9712 1
8725 9373 1
8725 9408 1
8725 8990 5
8725 8780 1
8726 9757 1
8727 8935 1
8730 9746 1
8730 9178 1
8730 9374 5
8731 8965 1
8732 8776 2
8732 9436 3
8732 8862 1
8735 9309 2
8736 9095 1
8736 9693 3
8736 9509 1
8736 9042 1
8737 9825 1
8737 8981 7
8737 8936 1
8738 9119 1
8738 9285 1
8738 9959 1
8739 9562 2
8739 8844 2
8739 9947 6
8740 9062 1
8740 9918 1
8741 9488 1
8741 9846 1
8741 9346 1
8741 9685 1
8744 8766 1
8744 8873 4
8744 9630 4
8744 9745 1
8748 8969 1
8750 9897 1
8750 9045 2
8750 8985 3
8750 9493 2
8751 9774 1
8752 8960 1
8754 8768 10
8754 9756 4
8754 9043 1
8754 9505 1
8754 9806 1
8756 8790 1
8756 9618 13
8756 9838 3
8756 9974 1
8757 9724 1
8757 9702 1
8758 9003 1
8758 9649 1
8760 8880 16
8761 8791 2
8764 9825 7
8766 9714 1
8771 8888 5
8771 9949 1
8771 9380 1
8771 9587 2
8772 8816 1
8774 9465 1
8776 8874 1
8777 9018 1
8777 8800 1
8778 9099 2
8778 9474 2
8779 9427 1
8779 9214 1
8781 9700 1
8783 9436 1
8785 9804 1
8785 9113 1
8786 9072 1
8786 9461 1
8787 9683 1
8788 9168 1
8788 9996 1
8789 9909 5
8789 9498 38
8790 8947 1
8790 9077 1
8790 8898 2
8791 9906 1
8791 9464 4
8791 8944 1
8792 8809 5
8792 9101 1
8793 9502 3
8793 9243 5
8793 9472 1
8793 9477 2
8793 9039 1
8793 9492 1
8794 9723 2
8794 9783 1
8794 9870 1
8796 9192 47
8796 9750 1
8797 9333 1
8797 9758 1
8797 9264 1
8797 9496 2
8797 9838 1
8801 8930 200
8801 9239 2
8802 9937 1
8802 9950 5
8802 9037 1
8803 8884 87
8803 9527 7
8805 8849 8
8805 9116 1
8805 9627 1
8806 9009 1
8806 9814 1
8809 8858 1
8810 8995 2
8811 9774 4
8813 9076 1
8815 8899 1
8816 9068 1
8816 9228 1
8816 9764 1
8817 8945 3
8818 9100 1
8819 9451 38
8820 8954 1
8823 8872 2
8823 8995 1
8824 9273 1
8824 9028 1
8824 9186 1
8824 9986 3
8826 9208 1
8826 9426 17
8830 8882 1
8832 8925 1
8833 9320 1
8833 9069 2
8833 9553 1
8833 9854 1
8833 9959 43
8834 9517 1
8834 9864 2
8835 9456 1
8838 8893 1
8840 8997 1
8842 9140 1
8842 9358 1
8842 9092 16
8842 9684 1
8843 9184 1
8843 9485 3
8843 9969 1
8845 9740 1
8848 9217 1
8851 8923 1
8851 9664 2
8852 9930 3
8853 9049 3
8854 9781 2
8856 9637 1
8856 9534 1
8857 9041 1
8857 9034 1
8858 9054 1
8858 9127 3
8861 9371 2
8861 9829 1
8861 9201 1
8861 9239 1
8861 9854 3
8861 9717 9
8863 9046 8
8863 9077 13
8865 9000 97
8865 9999 6
8865 8950 1
8866 9697 1
8866 8886 8
8867 9287 2
8867 8984 1
8867 9352 1
8867 9083 1
8868 9459 1
8868 9695 6
8869 9966 1
8869 9560 2
8870 9495 1
8870 9351 2
8871 9459 1
8872 9003 1
8872 9306 1
8874 9362 4
8874 9874 10
8874 9996 4
8874 9081 1
8874 9837 1
8876 9964 1
8878 9998 7
8878 9314 4
8880 9186 2
8882 8912 1
8882 9986 1
8882 9439 1
8882 9000 3
8883 9714 1
8883 8900 1
8883 9023 1
8885 8943 1
8887 9869 1
8889 8917 5
8890 9388 3
8891 9834 1
8891 9168 6
8891 9421 1
8892 9029 9
8892 9218 2
8894 9021 1
8898 9970 2
8898 8996 1
8898 9240 1
8898 9723 1
8899 9900 1
8899 9702 1
8900 9961 1
8900 8926 3
8900 9111 4
8900 9828 1
8908 9610 1
8910 9078 1
8912 8971 15
8915 8928 1
8920 8991 1
8921 9694 15
8921 9239 1
8921 9669 2
8921 9909 1
8924 9377 72
8925 9064 1
8925 9800 1
8925 9752 1
8925 9859 1
8925 9817 6
8927 9205 1
8933 9461 1
8934 9076 1
8935 8946 1
8936 9980 4
8936 8998 1
8936 9147 8
8936 9670 3
8936 9324 2
8937 8959 2
8940 9048 1
8940 9510 1
8940 9881 1
8941 9972 1
8943 8966 5
8945 9577 4
8945 9478 1
8946 9644 1
8948 9603 1
8948 9335 1
8949 9348 1
8951 9041 1
8952 9250 1
8952 9698 1
8952 9987 1
8952 9998 2
8955 9636 1
8956 8969 7
8959 9382 1
8959 9206 1
8959 9832 1
8959 9439 5
8960 9174 1
8960 9430 2
8960 9949 1
8964 8991 3
8966 9733 1
8969 9598 10
8969 9889 4
8969 9125 5
8971 9650 1
8971 9699 1
8972 9707 1
8972 9162 1
8972 9492 1
8972 9725 1
8972 9321 1
8975 9357 3
8975 9054 25
8975 9039 200
8975 9828 1
8975 9531 1
8975 9669 1
8975 9648 1
8975 9024 1
8975 9813 2
8976 9083 4
8976 9427 4
8976 9584 1
8976 9950 1
8976 9037 5
8976 9496 1
8981 9097 1
8982 9644 1
8983 9680 1
8986 9217 7
8987 9905 2
8987 9000 2
8987 9386 1
8988 9206 1
8988 9303 2
8989 9351 5
8989 9998 1
8989 9330 25
8989 9364 1
8991 9420 2
8991 9682 1
8991 9152 29
8991 9328 1
8991 9648 2
8991 9483 1
8992 9007 1
8995 9364 1
8995 9318 1
9001 9568 1
9003 9007 1
9003 9370 1
9006 9185 2
9006 9645 1
9006 9761 1
9007 9785 1
9007 9453 1
9008 9453 9
9008 9834 6
9008 9407 7
9010 9243 1
9010 9688 3
9010 9493 1
9010 9505 1
9010 9931 2
9010 9240 2
9011 9822 5
9011 9376 2
9015 9821 1
9015 9169 1
9016 9307 6
9019 9356 1
9021 9444 1
9021 9841 1
9021 9853 1
9022 9305 1
9022 9291 1
9022 9036 2
9022 9312 1
9023 9969 1
9023 9265 1
9023 9637 1
9023 9326 1
9023 9064 2
9024 9046 1
9024 9972 3
9027 9466 7
9029 9627 2
9029 9059 1
9029 9858 2
9029 9934 1
9033 9205 1
9034 9185 2
9034 9672 1
9035 9160 1
9035 9393 1
9036 9703 1
9039 9930 1
9041 9050 2
9041 9856 1
9041 9412 1
9041 9546 1
9041 9575 1
9042 9636 1
9045 9954 16
9046 9677 1
9046 9834 24
9046 9583 10
9049 9346 4
9049 9395 1
9051 9066 2
9051 9684 1
9051 9324 1
9051 9308 1
9052 9102 1
9052 9491 2
9052 9498 2
9053 9138 2
9054 9954 3
9059 9680 9
9061 9284 1
9063 9714 3
9063 9211 1
9063 9080 1
9063 9568 1
9065 9211 1
9067 9138 1
9070 9607 179
9071 9237 1
9072 9597 1
9072 9089 2
9072 9519 1
9072 9577 1
9073 9704 1
9073 9479 1
9073 9777 1
9076 9791 1
9077 9602 2
9078 9357 1
9078 9389 1
9078 9822 2
9078 9178 1
9078 9081 1
9078 9985 1
9079 9852 1
9079 9352 1
9080 9307 2
9080 9942 1
9082 9322 1
9085 9134 3
9088 9775 13
9091 9807 2
9096 9215 1
9096 9125 1
9096 9631 1
9100 9993 1
9100 9214 1
9100 9911 2
9101 9456 2
9106 9598 1
9106 9360 1
9106 9551 31
9106 9902 29
9106 9992 2
9110 9237 1
9110 9205 1
9111 9219 1
9120 9171 2
9122 9137 1
9122 9269 6
9122 9619 1
9125 9329 2
9128 9706 1
9138 9356 1
9138 9963 1
9138 9487 1
9149 9211 8
9157 9218 1
9170 9244 3
9174 9995 1
9187 9794 1
9200 9794 3
9205 9430 2
9205 9904 1
9205 9661 2
9205 9988 1
9207 9774 200
9211 9364 1
9211 9753 1
9211 9823 6
9211 9259 1
9213 9451 1
9217 9817 2
9217 9476 1
9217 9579 1
9217 9269 1
9217 9566 2
9217 9625 1
9217 9881 1
9218 9889 2
9219 9974 1
9237 9429 1
9237 9368 7
9237 9938 11
9242 9924 2
9243 9794 3
9257 9706 1
9257 9644 2
9265 9824 1
9276 9684 5
9276 9527 2
9276 9655 1
9276 9452 3
9277 9875 1
9283 9658 1
9284 9795 1
9284 9497 1
9304 9774 6
9316 9930 1
9328 9591 4
9329 9355 1
9346 9972 1
9349 9734 1
9354 9564 2
9355 9954 6
9377 9799 1
9377 9909 4
9379 9417 1
9386 9737 1
9395 9538 2
9407 9757 3
9415 9930 7
9420 9591 1
9430 9794 1
9431 9757 2
9432 9793 1
9443 9875 28
9446 9465 1
9451 9649 1
9456 9817 1
9456 9638 4
9465 9558 1
9491 9644 1
9491 9591 5
9501 9774 21
9503 9871 1
9512 9802 2
9518 9607 2
9526 9706 1
9527 9610 3
9530 9714 1
9560 9954 1
9562 9737 1
9566 9636 1
9568 9655 1
9580 9814 2
9589 9778 1
9591 9922 1
9591 9964 1
9607 9708 1
9610 9808 1
9610 9738 1
9615 9954 3
9644 9947 3
9661 9774 1
9665 9997 3
9671 9718 1
9672 9714 1
9679 9733 1
9692 9718 1
9705 9713 2
9714 9999 2
9726 9794 24
9733 9750 2
9734 9832 1
9744 9953 1
9747 9794 1
9752 9930 1
9825 9902 3
9859 9954 1
9875 9992 1
9895 9930 7
