0 8626 2
0 9328 7
0 9735 4
0 9772 1
0 8867 1
0 8710 1
0 9285 1
0 9782 1
6 9106 2
6 9039 1
10 9949 1
10 8995 1
10 9935 1
10 9778 1
17 9723 12
17 9109 1
17 9867 1
48 9514 1
48 8972 1
48 9057 1
59 8882 1
59 9327 1
59 9408 1
71 9621 1
72 9606 3
74 9805 3
74 8619 2
74 9446 56
74 9585 2
75 8710 3
75 9537 1
75 8670 29
75 8841 1
103 9441 1
103 9620 3
129 8716 1
129 9370 1
129 9787 8
134 9240 1
134 9419 1
134 9772 6
134 8885 1
134 9328 2
136 9865 1
136 8635 1
136 9506 1
136 9544 1
136 9825 2
210 9192 1
210 8599 1
211 9539 1
211 9890 1
211 8601 1
219 8646 8
219 9385 1
219 8747 3
237 9858 6
237 8768 2
237 9209 2
237 9666 5
237 9738 1
243 8844 1
243 8858 12
243 9145 1
243 8569 6
243 9739 18
248 9838 2
248 8617 1
248 8633 1
248 9167 1
251 9499 1
251 9705 1
251 9253 1
251 9132 3
251 9286 1
251 9800 15
251 9301 1
257 9513 8
257 9681 3
257 8620 1
257 8999 1
257 9266 25
260 8780 1
260 9587 2
275 9850 7
275 8648 1
275 8783 11
293 9789 1
293 9317 1
294 8953 8
295 9351 1
295 8797 10
295 8976 1
318 9899 1
318 9489 1
318 9141 1
318 9305 11
318 9968 51
318 9598 1
320 9837 11
320 9785 2
342 8590 3
342 9448 1
342 9956 1
344 9378 2
344 8567 2
344 9967 23
357 9139 2
357 9141 1
361 9159 6
361 9326 2
361 9681 1
364 8616 1
364 9672 2
372 9790 1
372 9503 1
375 8977 2
375 9369 3
375 9632 1
386 8915 2
386 9122 1
386 8720 1
386 9752 7
386 9843 1
386 8945 2
386 9828 1
408 9036 1
408 9189 4
408 8995 1
408 9125 1
408 9168 1
415 9935 3
415 9007 2
415 9343 3
415 9486 1
429 8819 8
496 8572 1
496 9428 2
496 9054 1
496 9636 1
498 9039 3
498 9428 1
518 9199 1
518 8561 5
518 8905 1
518 9988 1
518 8697 1
518 9562 1
531 9119 1
531 8965 6
531 9577 3
557 8764 5
557 9578 1
558 9432 1
558 9898 1
558 8820 1
558 8892 1
560 9563 1
560 8962 5
560 9033 2
561 8851 1
562 9705 1
562 8914 1
569 8591 2
569 8665 1
569 9027 1
578 9997 1
578 9094 1
581 9999 1
584 9077 1
584 8816 2
584 9528 1
586 8794 1
586 8757 1
586 9166 1
586 9967 1
588 9575 1
588 8903 3
588 8931 1
593 9785 14
593 8685 1
593 9721 1
593 8821 1
593 9077 9
593 8846 10
597 9591 1
597 8668 1
604 8993 1
604 8830 1
604 9563 6
604 8833 1
604 9089 2
604 9732 3
613 9955 3
613 8821 3
613 9024 1
613 9835 2
627 9496 3
627 9798 1
627 9187 1
631 9091 1
631 9837 1
631 8599 2
631 9336 1
631 9346 1
631 8815 4
631 9460 1
631 9978 1
631 9092 2
631 9128 12
631 9448 2
631 9313 2
666 9792 1
666 9447 1
666 9609 1
666 9348 2
666 9500 1
666 9214 1
672 8846 1
672 9151 1
672 9454 9
673 9959 1
673 8694 50
673 9391 1
678 8951 4
678 9554 1
678 9818 1
681 9027 5
681 9684 1
681 8660 1
681 9506 1
681 9130 1
681 9346 1
681 9436 1
692 8694 1
692 9567 1
692 9812 1
692 9388 1
692 9622 2
707 9128 4
707 9804 1
707 9195 1
718 9595 3
718 9370 1
718 8767 1
718 8781 1
718 9403 1
718 9478 1
726 8931 1
726 9189 1
726 9977 1
726 8905 1
726 9945 1
726 9060 2
735 8624 1
735 9156 3
735 8993 1
735 9759 5
735 9262 2
739 8670 2
777 9301 1
777 8836 3
777 9487 1
802 8795 1
802 9090 3
802 8682 2
802 9451 3
802 9491 2
802 9935 1
802 9744 3
802 9961 4
803 9718 3
803 9880 1
803 8663 3
803 9496 1
803 9925 2
803 8775 2
803 9554 29
853 9877 1
853 9354 1
853 9919 1
853 9897 3
853 9662 1
853 8937 1
853 9642 1
853 9938 1
861 9897 6
861 8993 1
869 9601 2
869 9441 1
869 9815 1
869 9930 1
876 9751 1
876 9873 12
876 9130 1
876 8956 3
876 9213 3
878 9904 2
878 9355 1
878 9052 1
878 8742 1
878 8945 1
882 8793 2
887 9292 200
887 9852 1
887 9433 15
887 9389 1
887 9835 1
916 9717 1
916 9276 1
918 8936 1
918 9365 1
918 8637 4
936 8899 2
936 8914 3
936 8841 1
947 9537 3
947 8899 4
947 9602 1
1012 9001 7
1012 8699 1
1012 9075 3
1014 9063 1
1014 8866 5
1014 8673 1
1014 9224 1
1027 9426 20
1027 9175 2
1027 8574 1
1056 9575 1
1056 9941 25
1064 8903 1
1064 9010 1
1064 9665 1
1064 8638 57
1064 9365 1
1064 8906 1
1064 9991 6
1078 8707 1
1078 8962 1
1081 9996 1
1081 9072 1
1081 9890 1
1115 9488 21
1115 9313 3
1115 9856 1
1115 9095 1
1115 9373 1
1115 9096 2
1115 9528 1
1115 9584 1
1115 8717 3
1115 9047 1
1115 9150 1
1115 9953 9
1126 9776 1
1126 8840 1
1126 9199 1
1131 9129 2
1131 8742 1
1131 8858 7
1131 9499 29
1133 9325 1
1133 8963 1
1153 9486 1
1155 9329 2
1170 9826 4
1170 9310 1
1173 9302 1
1188 9027 1
1189 9440 1
1189 8794 1
1189 8676 1
1189 8688 1
1198 9557 2
1198 9171 22
1205 9509 1
1212 8988 8
1212 9470 1
1212 9561 5
1212 9949 2
1216 9322 1
1216 8562 1
1216 9956 12
1216 9510 12
1216 9807 17
1231 8981 1
1231 8932 1
1231 9098 2
1250 9714 1
1250 9613 1
1270 9277 1
1270 9838 1
1270 9097 1
1270 9354 2
1270 9975 6
1276 9317 1
1276 9748 1
1276 9289 1
1276 9128 2
1291 8889 4
1294 8598 1
1294 9131 1
1297 8937 4
1297 8993 7
1297 8915 3
1297 9343 1
1307 8780 1
1307 9296 1
1307 9830 1
1307 9579 17
1320 9599 1
1320 9752 1
1320 8870 3
1320 9767 1
1320 9936 2
1322 8581 1
1322 9405 1
1322 9702 6
1334 9897 4
1346 9463 1
1346 9096 1
1346 9607 1
1349 9296 2
1349 8586 1
1349 8948 1
1349 9826 1
1355 9045 2
1355 8555 12
1355 9111 2
1355 9600 2
1355 8671 1
1368 9789 4
1368 9851 1
1395 9946 1
1395 9689 1
1405 9064 1
1405 9954 1
1410 9954 1
1410 9137 1
1410 9279 1
1410 9388 1
1416 9940 20
1416 8910 1
1416 9677 3
1416 9740 7
1416 9154 1
1416 9678 1
1461 9771 1
1461 9080 1
1461 9135 1
1465 9428 2
1465 8850 3
1465 8745 3
1465 9375 1
1471 9975 1
1471 9355 1
1471 9805 1
1474 9816 1
1475 8759 1
1475 9426 1
1475 8934 1
1475 8655 4
1475 8665 1
1475 9672 1
1475 9323 3
1475 9366 3
1475 9526 2
1475 9847 1
1475 9708 1
1485 9099 1
1485 9530 2
1485 8776 2
1485 9613 31
1488 9147 1
1488 8955 3
1488 9599 2
1488 9623 3
1488 9958 1
1488 8699 2
1488 9300 2
1504 8586 1
1504 9644 1
1504 9928 1
1505 8707 1
1505 9185 1
1505 9239 1
1505 9691 1
1505 9757 1
1505 8578 1
1505 9373 2
1505 9784 10
1518 9686 1
1519 8620 1
1519 9017 1
1519 9305 1
1519 9862 3
1527 9262 3
1527 9239 1
1538 8717 1
1538 9800 2
1538 9192 18
1539 9250 1
1539 9892 11
1539 9873 1
1539 9502 1
1539 9725 134
1539 9624 1
1539 9975 2
1539 9447 3
1539 9552 4
1550 9645 1
1550 8687 13
1550 9227 1
1550 9489 1
1550 9700 2
1561 9328 2
1561 9358 1
1561 9151 1
1561 9263 15
1561 9863 2
1561 9993 1
1579 9905 200
1579 8866 5
1579 8619 1
1579 8920 1
1596 9181 1
1596 9139 1
1596 9560 1
1596 9180 1
1599 9799 1
1599 9780 3
1599 9460 13
1599 9900 1
1599 8861 1
1599 9882 1
1599 8707 4
1599 9990 5
1604 9933 4
1604 9455 1
1604 9591 2
1604 9926 1
1612 9766 119
1612 8750 1
1612 9260 2
1612 9093 1
1635 8869 1
1635 9437 1
1635 9060 3
1635 9192 7
1635 9945 5
1635 8851 8
1635 9823 1
1641 9650 1
1641 8593 9
1641 8800 2
1641 9654 7
1641 9680 1
1644 9278 2
1644 8875 1
1644 8586 1
1644 9529 2
1644 9656 5
1644 8642 1
1654 9204 48
1654 9426 1
1654 9013 2
1654 8835 1
1654 9552 1
1654 9739 4
1654 9748 2
1658 9053 1
1658 9257 2
1658 8893 2
1658 8909 1
1658 9802 1
1668 9010 2
1668 8890 1
1694 8906 1
1694 9359 2
1694 9069 1
1694 8610 1
1696 9011 1
1696 8780 14
1720 9194 11
1720 9374 1
1726 9829 1
1726 9532 1
1726 9565 1
1726 9605 5
1757 8693 1
1757 8886 5
1757 9786 1
1760 9584 1
1760 9002 1
1760 8615 1
1760 9993 2
1760 9280 1
1760 8677 1
1760 9335 2
1760 9090 1
1760 9163 8
1760 9183 1
1788 9211 1
1788 9544 3
1788 9024 28
1788 9106 1
1788 9612 1
1788 9569 1
1805 9025 1
1805 8582 8
1805 8831 2
1807 9445 1
1807 9334 3
1807 9166 4
1807 9949 1
1817 8766 2
1817 9011 1
1817 9032 1
1817 9211 1
1817 9617 6
1828 8619 8
1828 9280 1
1828 8608 1
1841 9953 2
1841 9077 1
1841 9095 2
1841 9345 1
1844 9843 3
1847 9065 2
1847 8971 1
1847 8931 1
1847 9868 1
1878 8826 1
1878 9267 1
1878 8563 5
1897 8764 1
1899 9934 5
1899 8772 3
1899 9567 2
1908 9812 3
1908 8616 2
1908 8916 3
1908 9963 1
1908 9183 1
1908 8861 1
1908 9076 1
1927 9205 2
1927 9600 1
1927 9053 3
1934 9151 1
1934 9532 1
1939 9070 1
1939 8673 3
1957 8591 2
1957 8785 1
1957 8976 7
1964 9422 1
1974 9471 1
1974 9888 9
1974 8577 1
1974 9478 1
1974 9678 1
1983 9483 2
1983 8651 1
1983 9624 1
1983 9621 1
1983 9857 1
1983 9369 5
1983 8916 2
1989 9177 8
1989 9725 1
1995 8909 2
1995 9830 5
1995 9489 1
2003 9440 17
2003 9174 3
2003 9313 1
2011 9823 1
2011 9139 2
2011 9245 2
2011 9003 2
2014 8783 2
2014 8828 63
2014 8998 1
2014 9647 1
2014 9069 1
2014 9331 1
2014 9533 1
2024 8604 1
2024 9079 1
2024 9566 16
2037 9619 2
2037 9197 2
2037 9468 4
2037 9744 1
2037 9111 1
2037 9890 1
2037 9209 1
2050 9144 4
2050 9904 2
2050 8572 6
2050 8869 1
2060 9583 3
2060 9724 1
2060 9318 2
2067 9055 1
2067 8689 1
2067 9279 1
2067 8878 6
2077 9070 1
2077 9599 2
2077 8697 1
2099 9078 1
2099 8933 4
2106 9168 1
2106 9373 2
2106 9126 1
2106 8940 1
2106 9457 2
2106 8902 1
2106 9132 1
2108 9005 1
2108 9645 6
2108 9204 2
2109 8622 1
2109 8570 1
2109 9105 7
2109 9285 1
2109 9972 1
2113 9082 2
2113 9129 1
2113 9298 1
2113 8688 1
2113 8949 5
2117 8817 1
2117 8661 5
2117 9006 13
2117 9092 3
2117 9483 1
2117 9533 2
2126 8579 5
2126 9771 1
2126 9579 2
2126 9923 1
2126 9460 3
2126 8951 2
2126 9071 2
2126 9208 2
2126 9250 13
2131 9705 20
2131 8605 27
2131 8920 1
2131 8582 1
2131 9289 2
2131 9754 8
2136 9748 1
2136 9339 1
2136 9758 1
2142 9738 12
2148 9693 1
2148 8663 2
2148 9267 3
2148 9992 2
2155 9771 2
2165 9984 1
2165 9850 1
2165 9187 1
2165 9657 2
2176 9783 5
2176 9784 1
2182 8819 1
2182 9775 5
2182 9721 1
2182 8852 1
2185 8780 1
2185 9877 3
2185 9734 2
2185 9577 1
2185 9912 2
2186 9271 1
2186 9579 13
2186 9638 1
2186 9744 1
2186 9156 7
2186 9432 1
2186 8635 12
2186 8899 1
2186 9806 1
2194 8767 54
2194 9017 2
2194 8955 1
2196 9572 1
2199 9010 2
2199 8709 1
2199 9174 2
2204 9199 2
2204 8561 1
2204 8909 1
2204 9103 1
2204 9487 1
2204 9505 1
2204 9539 1
2211 9162 200
2211 9942 1
2252 9758 3
2252 9455 1
2252 8931 1
2252 9376 1
2252 9953 3
2252 9237 1
2252 9435 18
2252 8659 1
2252 9583 1
2255 9740 2
2255 9135 1
2255 9212 1
2255 9736 1
2255 9964 1
2275 9340 1
2275 9994 1
2275 9119 1
2275 9203 1
2275 9626 2
2289 8622 5
2289 8749 1
2289 9105 2
2289 9574 1
2289 9718 2
2294 9762 8
2294 9930 13
2302 8795 1
2302 9966 2
2302 9074 1
2302 9169 5
2303 9414 1
2303 9930 1
2303 9439 5
2303 8653 1
2303 9496 3
2307 9719 1
2317 9056 1
2332 9889 1
2332 8626 1
2332 9513 1
2332 8726 1
2332 9665 1
2332 9506 1
2358 9602 1
2358 9666 1
2359 9311 2
2359 9352 1
2359 9812 1
2367 9662 8
2367 9187 1
2367 9787 7
2367 9737 1
2367 9917 30
2379 9960 1
2394 9554 1
2394 9550 1
2394 8693 1
2394 9008 1
2396 8570 1
2396 9292 1
2396 8656 1
2396 9403 4
2408 9958 2
2441 9693 1
2441 9388 2
2441 9704 1
2441 9816 1
2441 9864 1
2443 9619 8
2443 9704 2
2443 9831 1
2443 9486 1
2445 9450 1
2445 9677 1
2446 9769 11
2446 9798 3
2446 8977 2
2446 9714 1
2446 9829 1
2458 9082 8
2458 9199 6
2458 9811 1
2497 9507 3
2497 9309 1
2497 8586 2
2497 9866 2
2527 9208 1
2527 9409 1
2527 9672 24
2527 9791 1
2527 9745 2
2529 9787 14
2529 8744 38
2529 9262 2
2529 9693 1
2529 9571 1
2540 8948 1
2540 9684 5
2596 9150 3
2596 9335 10
2596 9919 4
2607 9359 2
2607 8622 1
2607 9693 5
2607 9546 4
2607 9732 4
2607 9936 1
2607 8888 3
2609 9829 1
2628 9863 1
2628 8666 2
2631 9896 5
2633 9453 1
2633 9413 6
2633 9448 1
2633 9198 1
2633 9734 1
2633 9121 8
2655 9404 1
2688 9589 2
2688 9913 5
2719 9388 1
2719 8899 6
2719 9437 1
2725 8892 1
2725 9357 1
2725 9598 2
2730 8738 3
2730 8655 1
2730 9778 5
2730 9955 3
2747 8974 1
2747 8835 1
2747 9374 3
2747 9382 1
2747 9473 1
2747 9100 1
2747 8919 1
2747 9729 9
2747 9070 1
2753 9185 1
2753 9154 1
2755 9705 1
2757 9782 1
2757 9208 1
2766 8963 1
2766 8656 1
2766 8900 4
2766 9925 1
2781 9262 1
2781 9298 1
2781 9604 2
2795 8555 1
2795 8671 2
2795 9363 3
2795 9791 1
2810 9667 13
2810 9895 9
2811 9163 1
2830 8707 1
2830 9569 2
2830 9648 5
2832 9923 3
2838 8674 1
2838 9056 114
2838 9471 2
2855 9992 1
2855 9037 3
2855 9648 1
2855 9205 1
2857 8908 1
2857 9860 1
2857 9013 6
2857 9340 1
2857 8561 1
2857 9001 1
2861 9177 6
2861 9594 1
2863 9539 1
2873 9863 1
2873 9596 1
2873 8759 1
2893 9229 37
2893 8871 2
2893 9044 1
2899 9008 7
2899 9513 2
2899 9729 3
2899 9796 1
2910 9194 1
2910 9501 3
2910 9186 1
2910 9709 1
2910 9941 1
2930 9134 1
2930 9087 1
2930 9875 2
2930 9165 1
2932 8965 1
2932 8974 1
2932 8870 5
2932 9207 1
2932 9571 1
2932 8559 1
2932 8658 2
2932 9655 1
2947 9969 1
2947 8910 1
2947 9705 2
2947 9365 2
2947 8605 1
2955 9272 1
2955 9145 1
2955 9804 4
2955 9274 2
2955 9332 2
2962 9674 1
2969 9577 1
2969 9039 1
2969 9366 1
2972 9427 1
2972 8563 1
2981 9411 11
2981 9397 1
2981 8562 11
2981 8601 1
2981 9155 1
2996 9429 1
2996 9958 1
2996 8817 1
2996 9552 1
3037 9184 9
3050 8814 1
3050 9426 1
3050 9828 1
3050 8757 2
3070 9919 9
3070 9253 1
3070 9721 1
3070 9744 1
3070 8676 3
3070 9774 1
3070 9924 1
3070 8771 1
3070 9102 1
3077 8562 2
3077 8888 1
3077 8995 5
3077 9123 8
3077 9257 2
3088 9141 1
3094 9061 1
3094 9105 20
3114 9657 1
3114 9352 200
3114 9530 1
3114 8593 1
3114 8903 2
3115 9303 2
3115 9109 1
3115 8834 1
3115 8842 1
3115 9368 4
3125 9488 1
3125 8844 1
3125 9029 2
3132 9514 1
3132 9724 6
3141 8676 1
3141 9006 12
3141 8738 1
3141 9509 6
3141 9737 4
3154 9109 1
3154 8866 1
3154 9363 3
3154 8653 6
3154 8942 1
3154 9781 3
3154 9760 1
3156 8608 4
3156 9002 1
3156 9591 1
3156 9672 1
3156 9984 1
3174 9551 1
3174 9635 1
3174 8861 1
3174 9265 1
3174 8927 1
3174 9682 3
3174 9086 1
3174 9861 1
3223 9376 1
3223 9463 19
3235 8995 4
3235 9840 27
3246 9635 1
3255 9763 1
3255 8582 1
3255 8886 4
3255 9427 1
3256 9205 5
3256 9825 2
3256 9194 1
3256 9167 1
3256 8633 1
3266 9867 1
3266 9519 1
3266 8556 7
3266 9131 1
3266 9290 2
3270 9784 1
3270 9445 1
3270 8801 4
3270 8852 2
3280 9102 1
3286 9529 1
3286 9635 1
3311 8557 2
3311 9594 2
3311 8556 1
3311 8842 1
3311 9410 170
3311 8665 1
3311 9013 1
3317 9511 1
3317 9417 1
3317 9817 2
3317 9978 4
3323 8716 1
3323 9946 1
3323 9115 1
3345 9305 1
3345 8664 1
3345 8556 1
3345 8602 2
3352 8786 1
3352 9044 3
3352 9002 1
3352 8780 1
3352 9133 3
3352 9051 1
3352 9496 2
3352 9514 1
3352 9078 1
3365 9976 1
3365 9415 3
3365 8712 44
3365 9101 1
3365 9617 10
3365 9203 3
3365 9932 2
3365 9318 7
3391 9123 1
3391 8924 3
3391 9098 4
3391 9811 1
3391 8911 1
3391 9105 1
3391 9565 2
3407 8577 1
3407 9204 2
3407 8708 1
3407 9616 1
3407 9621 4
3421 8821 1
3421 9598 2
3421 8682 1
3421 9432 1
3421 9328 1
3421 9455 16
3421 9760 3
3421 8694 38
3421 8709 1
3444 8892 1
3444 9892 3
3444 9363 1
3444 9635 1
3448 8911 1
3448 8622 1
3448 9218 2
3451 9554 1
3451 9897 1
3451 9178 1
3451 9271 1
3451 9119 1
3451 9903 2
3473 9388 1
3479 9471 1
3479 9856 1
3479 9642 1
3479 9409 1
3479 9049 1
3499 9520 1
3499 9861 1
3505 9600 1
3505 9953 1
3505 8953 1
3505 9564 2
3505 9112 1
3505 9387 1
3510 9450 3
3510 9017 1
3510 9273 3
3510 9568 1
3517 9784 2
3517 9055 1
3520 9766 1
3520 8613 1
3520 8941 2
3520 8694 2
3520 8711 2
3520 8618 1
3522 9576 1
3522 9231 1
3534 8610 6
3534 8829 1
3534 9404 1
3534 9229 2
3534 9344 18
3534 9453 1
3549 9978 2
3549 9332 3
3551 8659 1
3551 9300 2
3551 8834 5
3551 9367 1
3551 9708 1
3551 9723 1
3551 9748 1
3551 9862 1
3555 8624 1
3566 9520 1
3566 9846 2
3575 9745 1
3575 9957 1
3575 9093 2
3575 9612 1
3577 9033 1
3577 9806 1
3584 8768 1
3587 9159 7
3597 8572 2
3597 9162 3
3597 9285 1
3597 8567 1
3597 9286 7
3597 8613 3
3634 9029 5
3634 8733 2
3634 9116 2
3634 9839 3
3634 9361 1
3645 8899 1
3651 9975 2
3651 9544 1
3651 9576 6
3651 9980 4
3654 9026 1
3654 8735 1
3654 9259 1
3654 8656 1
3654 8855 1
3654 9707 1
3660 8873 1
3660 9163 1
3660 8769 1
3675 9627 88
3675 9591 3
3675 8599 1
3675 9736 1
3675 9759 1
3696 9622 3
3696 8674 2
3696 8909 1
3696 9351 48
3699 8561 1
3699 8850 4
3709 9361 2
3719 9087 1
3719 8744 6
3719 9618 11
3725 9672 2
3725 9509 1
3725 9636 8
3725 9618 2
3725 8638 1
3725 8850 2
3725 9547 1
3725 8823 54
3725 9439 7
3742 9708 1
3742 8821 1
3742 9384 1
3760 9575 1
3760 9877 1
3760 9816 11
3765 9036 1
3765 9536 1
3765 8635 1
3765 9027 1
3765 9218 1
3778 9415 2
3778 9785 1
3791 9642 2
3791 8793 4
3791 9542 1
3791 9764 1
3791 9960 2
3804 8969 3
3804 8734 3
3804 9373 1
3814 9482 1
3816 9339 2
3816 9906 2
3816 9627 1
3816 9211 2
3816 9289 1
3816 9438 2
3819 9722 10
3819 8858 1
3819 9850 3
3834 9514 1
3834 8770 1
3834 8924 10
3834 9177 1
3834 9907 1
3839 9966 1
3839 8812 3
3839 9597 4
3842 8590 1
3842 9138 1
3842 9436 1
3871 9989 3
3872 9573 1
3889 9856 1
3890 9886 1
3890 8651 1
3890 9065 1
3903 9959 1
3905 8870 20
3905 9672 1
3905 9301 1
3905 9422 2
3905 8655 3
3905 8836 7
3905 9605 5
3905 9005 2
3905 9202 1
3905 9381 1
3905 9589 1
3905 9665 1
3906 8697 1
3921 9612 1
3921 9348 1
3921 8891 1
3923 9206 1
3928 8674 4
3928 9894 1
3928 9686 2
3928 9778 1
3928 9997 3
3928 9325 10
3930 9491 2
3930 9825 1
3930 8775 1
3930 8926 1
3930 9850 3
3930 9702 1
3930 9139 6
3930 9719 2
3937 9498 14
3957 9274 1
3957 9439 1
3957 8648 1
3957 8689 4
3991 8851 2
3991 8661 6
3991 8590 18
3991 9718 9
3991 9847 1
3991 8622 1
3991 9148 5
4000 8756 3
4000 9557 1
4000 9203 3
4000 9964 1
4000 8617 2
4000 9829 4
4000 8643 1
4000 9852 19
4018 9371 11
4018 8763 3
4018 8786 1
4019 9655 2
4019 9282 1
4037 8796 1
4037 9716 1
4038 8621 1
4038 9496 1
4038 9792 1
4038 9316 1
4038 8915 1
4038 8988 1
4038 9500 1
4038 9224 4
4046 8988 2
4046 9721 31
4063 8614 1
4063 9382 2
4063 9846 1
4063 8578 2
4063 9692 1
4063 9250 9
4063 9644 2
4063 9583 1
4063 9969 1
4063 8777 3
4130 9429 2
4130 9241 2
4145 8934 2
4145 9336 2
4145 9438 6
4151 9704 1
4151 9765 1
4158 9716 1
4158 8750 2
4166 9647 1
4166 8894 2
4175 8901 7
4186 9470 1
4186 8934 11
4186 9178 8
4186 9363 1
4193 9231 1
4193 9369 2
4193 8755 1
4198 8586 1
4198 9476 1
4198 8828 1
4212 8748 1
4212 9581 1
4212 9754 3
4222 9589 1
4222 9820 6
4222 9257 1
4229 9046 1
4229 8625 2
4229 8733 1
4231 8601 1
4231 8933 1
4242 8916 1
4242 9210 2
4242 9455 2
4258 8633 1
4258 9582 1
4261 8965 3
4261 9259 3
4261 9505 1
4279 9930 4
4281 8624 1
4281 8875 1
4281 9189 1
4281 9691 1
4281 8642 2
4282 8721 1
4282 9046 1
4282 9803 1
4282 9285 3
4282 8621 2
4282 8766 3
4292 9151 1
4317 9316 2
4317 9270 1
4317 9582 1
4317 9752 1
4327 8976 3
4327 9689 14
4327 9770 1
4327 8796 1
4327 8768 1
4327 9574 1
4327 8926 5
4327 9099 2
4327 9184 2
4335 9114 5
4335 9417 11
4335 9769 1
4335 8705 14
4335 9220 1
4335 9831 1
4339 9371 2
4339 9433 1
4355 9601 2
4371 9446 102
4371 8755 1
4371 9198 1
4375 9802 1
4375 9776 4
4396 9003 39
4396 8812 1
4396 8954 6
4403 9776 1
4420 9049 2
4420 9149 7
4420 9221 1
4430 9502 2
4434 9600 1
4434 9785 2
4434 9964 1
4434 8796 1
4434 9060 1
4446 9570 8
4446 9689 1
4453 9682 1
4453 9474 1
4477 8615 37
4477 8760 2
4489 8770 2
4489 9237 1
4502 8567 1
4502 8711 2
4502 9564 4
4502 9663 1
4511 9863 1
4511 8726 1
4511 8757 1
4511 8716 1
4511 8990 1
4511 9773 6
4511 9860 10
4524 8830 1
4524 9980 1
4524 8708 1
4524 8954 8
4535 9658 2
4535 9389 1
4535 9967 1
4535 9701 1
4538 8771 1
4538 9626 13
4538 9958 4
4538 9001 8
4538 9275 1
4538 9735 2
4550 9122 3
4550 8891 1
4551 8811 1
4554 8751 1
4554 9203 1
4554 9846 1
4554 9913 1
4554 9738 1
4554 8569 1
4554 8666 1
4554 8740 1
4554 8757 3
4554 8760 2
4554 9082 1
4558 9864 1
4558 8970 1
4558 9037 1
4558 8915 1
4558 9008 3
4558 9843 1
4558 9251 1
4558 9573 1
4573 8933 1
4600 9107 2
4600 9767 4
4600 8624 1
4600 9265 1
4600 9932 1
4603 8664 3
4603 9752 3
4603 9547 4
4614 8887 1
4614 9254 1
4614 8557 1
4614 9236 2
4614 9609 2
4614 8801 10
4625 9335 1
4625 9386 3
4625 8800 1
4625 9188 1
4625 8963 1
4626 9463 1
4626 9550 1
4626 9307 2
4654 9256 1
4654 8555 1
4654 9478 1
4654 9883 1
4654 8754 1
4654 9482 1
4656 9286 2
4656 9358 2
4656 9536 1
4656 9534 1
4656 9564 2
4656 8952 1
4656 9950 1
4667 8584 2
4667 8606 6
4669 9803 1
4669 9479 1
4671 9997 1
4671 8797 1
4689 9907 2
4689 9686 1
4689 8842 2
4689 8615 4
4696 9336 1
4696 9693 2
4696 8965 1
4696 9567 1
4696 8614 1
4696 9078 1
4709 9489 1
4709 9887 1
4709 9463 1
4709 9821 1
4715 9546 1
4716 9508 1
4716 9866 4
4716 8756 1
4719 9117 2
4719 9760 3
4719 8614 1
4742 8709 1
4742 9283 1
4742 9572 1
4742 9857 1
4742 9277 1
4743 9164 3
4743 8750 1
4743 9441 4
4743 9765 1
4744 9991 3
4753 8794 1
4753 8857 1
4753 9146 1
4753 9432 8
4753 9740 108
4762 8796 13
4762 9423 1
4762 9987 1
4762 9616 5
4762 9361 2
4762 9610 1
4767 8974 1
4770 9597 1
4770 8995 1
4770 9296 2
4770 8873 2
4770 8814 1
4783 9426 1
4783 8890 1
4783 9251 2
4790 9623 1
4790 8911 2
4790 8770 1
4790 9828 2
4790 9491 2
4813 9302 2
4813 9260 1
4813 8872 1
4814 9526 8
4814 8659 5
4827 9093 1
4827 9039 1
4827 9974 1
4827 9348 3
4865 9638 1
4865 8771 200
4865 8968 1
4865 9397 1
4865 9963 4
4865 8625 1
4899 9137 1
4915 9678 8
4915 9776 1
4915 8963 1
4915 8613 1
4915 8855 1
4915 8910 2
4915 9007 2
4916 9857 5
4916 8847 3
4931 8952 7
4931 9465 5
4931 9722 1
4931 8688 2
4931 9627 1
4931 9794 1
4931 9948 1
4964 9165 18
4964 8998 1
4971 9621 1
4971 8955 3
4987 9247 22
4987 9055 1
4987 9064 1
4987 9757 1
4993 8610 2
4993 9660 1
4997 8782 1
4997 9609 7
4997 8764 1
5007 9987 7
5007 9414 3
5007 9275 3
5007 9764 1
5007 8754 1
5010 9771 6
5010 8876 2
5022 8839 3
5022 9532 2
5022 9258 1
5022 8574 2
5022 9846 1
5022 9253 1
5022 9276 2
5022 9286 1
5022 9299 1
5027 8977 3
5027 8618 1
5027 8799 1
5027 9650 1
5033 9194 1
5033 8659 2
5033 9870 1
5034 9095 1
5034 9984 1
5034 8610 17
5034 8905 1
5034 9996 1
5040 9332 1
5040 9751 1
5040 9861 1
5040 8962 1
5040 9835 1
5055 9024 4
5055 9509 1
5055 9217 1
5055 9003 3
5055 9968 1
5055 8901 1
5055 9524 1
5055 9716 1
5056 9163 2
5056 9361 1
5056 9888 1
5056 9609 1
5056 9762 1
5064 9815 1
5064 9082 1
5064 9466 1
5064 9708 1
5064 9045 3
5064 9718 1
5064 9091 1
5064 9112 2
5064 9886 9
5064 9981 1
5064 9999 1
5067 8660 125
5067 8873 17
5067 9061 2
5067 9734 1
5079 9066 3
5079 9526 1
5081 9811 1
5081 9047 9
5081 9873 1
5081 9334 1
5081 9959 1
5082 8744 5
5082 9447 13
5082 9941 3
5082 9009 1
5082 9117 1
5117 9633 1
5126 9257 1
5126 9936 1
5126 9955 3
5126 8952 2
5126 9219 1
5144 9976 8
5144 8688 1
5144 9781 1
5144 9861 1
5172 9007 1
5172 8584 1
5172 9322 1
5181 9534 2
5181 8833 1
5181 9245 12
5191 9430 2
5191 8782 1
5195 9009 1
5195 8836 124
5196 9179 1
5196 8579 12
5200 9764 1
5200 9115 1
5200 8618 1
5200 8648 2
5200 9566 1
5200 9922 1
5226 9471 2
5243 9780 1
5243 8995 2
5248 8870 9
5248 9265 1
5248 9790 1
5248 9660 1
5267 9168 1
5267 9465 5
5267 8869 1
5267 9142 9
5267 9717 1
5267 9530 1
5267 9686 1
5299 9669 2
5299 9089 1
5299 9121 1
5299 9047 2
5299 9737 1
5306 9612 1
5306 9451 3
5306 8915 1
5306 9501 1
5306 9889 1
5306 8777 13
5306 8814 1
5306 9654 2
5317 8748 5
5317 9194 3
5337 9722 1
5337 9292 1
5337 9032 6
5337 9427 1
5337 8838 2
5337 8867 46
5337 9883 1
5337 9395 1
5340 8598 5
5340 9279 1
5340 9707 1
5340 8776 4
5357 8586 3
5357 9300 1
5357 8767 3
5357 9963 1
5360 9198 1
5360 9880 1
5380 8643 1
5399 9622 1
5399 9381 1
5417 9115 3
5422 9800 1
5422 9208 1
5422 9607 2
5422 9422 1
5440 9950 1
5440 8646 2
5440 9189 1
5440 9815 85
5448 8591 1
5448 9546 1
5450 9992 1
5450 9350 2
5450 8640 1
5459 8658 1
5459 8951 3
5459 9025 1
5508 8735 1
5508 9185 3
5508 9386 1
5508 9655 1
5509 9299 1
5509 8898 4
5509 9570 1
5555 9186 2
5555 8784 4
5555 9268 1
5570 9177 5
5570 9831 1
5571 9705 2
5571 8826 1
5578 9266 2
5578 9550 2
5603 8653 1
5603 9357 1
5603 9799 4
5608 9971 1
5608 8780 1
5608 9402 2
5608 9852 1
5616 9602 1
5616 9964 1
5654 9055 1
5654 9981 2
5654 9129 2
5654 9271 1
5666 9443 3
5666 8682 9
5695 9328 38
5699 9818 6
5703 9140 1
5703 9976 1
5741 9071 2
5741 8767 4
5741 9199 4
5741 9737 1
5764 9543 1
5764 9183 1
5764 8664 1
5764 9634 1
5764 8668 1
5764 9870 1
5777 9426 1
5777 9116 1
5787 8905 1
5787 8982 1
5787 9258 1
5787 9036 17
5792 8924 3
5792 9245 1
5792 8879 1
5792 9388 2
5792 9316 3
5792 9907 1
5792 9074 2
5792 8839 1
5798 9280 1
5798 9369 1
5798 9350 3
5811 9533 1
5811 8900 1
5811 9397 1
5812 9932 1
5829 9227 1
5839 8562 2
5839 9171 1
5839 9823 3
5839 8886 103
5839 9258 1
5846 9844 1
5846 9126 4
5846 9208 1
5846 8624 1
5846 8711 2
5850 9670 1
5850 9991 1
5850 8838 4
5859 9554 2
5859 9253 1
5859 9781 16
5859 8871 1
5859 8786 1
5859 9542 1
5859 8633 1
5885 8948 1
5885 9430 1
5885 9066 2
5885 9778 1
5890 9276 7
5890 9358 1
5890 9351 3
5890 9395 1
5890 9600 1
5890 9657 25
5890 9156 1
5890 8982 1
5890 9309 2
5890 9670 1
5897 9782 1
5897 9934 29
5897 9969 2
5903 8823 2
5903 9054 2
5903 9382 1
5903 9652 3
5904 8566 1
5904 8602 1
5904 9430 2
5907 8846 14
5907 9402 1
5907 9861 1
5930 8966 1
5930 9524 1
5930 9162 1
5930 9682 4
5930 9843 1
5936 9605 1
5936 9783 1
5936 9810 1
5949 9903 1
5949 9344 1
5949 9638 1
5956 8697 1
5956 8598 1
5956 9623 5
5963 9961 16
5974 9948 4
5974 9945 1
5974 9898 2
5974 8840 13
5974 8966 2
5974 8606 1
5974 8663 3
5977 9452 1
5977 8965 1
5977 9247 2
5986 9609 1
5986 9080 3
5986 8848 2
6002 9510 1
6002 9179 75
6007 8615 2
6018 9566 2
6026 9405 1
6026 8759 45
6035 8851 3
6035 9879 1
6036 9714 1
6036 9670 1
6036 9970 1
6036 9904 1
6036 9604 4
6036 9669 1
6036 9882 1
6041 9072 1
6041 8671 1
6041 9429 1
6041 9764 1
6041 9908 5
6041 9926 66
6041 9350 1
6047 9767 1
6061 9638 3
6064 9268 1
6064 8866 3
6064 8927 1
6071 9733 3
6099 8748 1
6099 9687 2
6099 9267 1
6099 9935 2
6106 9763 1
6106 9203 2
6106 9977 1
6119 9311 1
6119 9530 4
6119 8665 1
6119 9188 1
6127 8972 5
6127 8917 1
6136 9575 1
6136 8982 1
6136 9372 1
6136 8957 10
6155 9027 3
6155 9528 1
6155 9819 1
6159 9830 1
6181 9844 1
6181 9903 1
6181 8878 1
6181 8887 2
6187 9584 1
6193 9889 6
6193 8764 1
6193 8892 1
6193 9217 6
6194 9935 1
6194 8828 2
6194 9174 1
6194 9089 1
6194 9510 8
6194 9010 4
6194 9789 56
6206 8740 2
6206 8726 8
6212 9926 1
6212 8765 1
6212 9702 7
6212 9923 5
6212 9972 1
6225 9137 1
6225 9725 1
6229 8664 1
6229 9270 1
6229 9606 1
6229 9966 1
6246 9938 1
6246 8676 1
6246 8721 1
6246 9744 1
6246 9459 4
6254 9344 1
6254 8579 2
6254 8616 3
6254 8650 2
6267 8956 2
6267 9802 1
6267 8799 35
6267 9072 1
6267 8557 4
6269 9119 1
6269 9195 1
6280 8924 1
6280 8785 119
6280 8776 4
6280 9130 1
6315 9907 1
6315 9706 1
6316 9121 2
6316 9123 2
6316 9174 1
6316 9689 2
6316 9692 187
6320 9095 1
6320 8570 1
6338 9930 18
6338 9125 1
6338 9853 2
6346 8738 1
6346 8817 19
6346 9796 1
6346 8949 1
6346 9054 1
6346 9128 2
6346 9771 1
6346 9520 1
6374 9794 1
6374 8848 1
6374 8684 1
6374 9499 4
6374 9161 1
6374 8811 13
6376 8759 1
6376 8646 5
6376 9411 1
6377 9691 1
6377 9639 2
6377 8809 1
6377 8889 1
6377 9468 1
6377 9771 1
6377 9799 1
6385 9179 1
6385 8893 1
6385 9052 5
6398 9146 4
6398 9758 3
6398 9326 1
6398 9634 1
6398 9217 1
6398 9572 12
6412 9573 1
6412 8800 2
6416 9295 1
6421 9277 1
6421 8826 1
6421 9798 1
6424 9748 2
6424 9100 1
6446 9034 5
6446 9386 1
6446 9803 1
6448 8631 1
6448 9460 7
6448 9709 1
6455 9263 4
6460 9298 1
6460 9622 1
6460 8836 1
6460 9520 1
6460 9537 1
6466 9071 1
6466 8591 1
6475 9039 4
6475 9508 1
6475 9879 1
6475 8835 33
6513 8889 1
6513 9500 2
6513 8562 1
6513 8621 1
6513 9496 1
6513 9089 1
6513 8749 1
6513 9114 1
6513 9692 2
6529 9440 7
6529 9207 5
6529 8937 3
6529 9508 2
6529 8795 2
6530 8873 1
6530 9069 1
6530 9197 1
6530 9879 1
6530 9970 1
6538 9867 1
6538 9095 1
6538 9144 1
6538 9179 1
6538 9122 1
6539 9009 1
6560 9055 5
6560 9165 1
6560 8640 1
6560 9099 3
6560 9126 1
6560 8631 3
6560 9954 1
6566 9763 1
6566 9922 3
6566 8569 1
6566 9267 1
6566 9302 3
6575 9231 1
6575 9039 1
6575 9769 2
6575 8823 1
6575 8957 1
6575 9665 1
6589 9151 4
6589 8615 2
6601 9642 1
6615 8599 9
6615 9117 1
6617 8677 2
6634 9794 1
6634 9999 5
6634 8759 1
6634 9334 1
6634 8876 1
6642 8708 1
6642 9323 26
6642 8619 7
6652 9976 1
6652 8598 1
6657 9033 11
6657 9835 8
6657 8794 41
6657 8846 115
6657 8648 1
6657 9417 1
6657 9569 1
6657 8828 1
6657 8948 1
6657 9976 7
6697 9411 2
6697 9476 1
6725 8726 5
6725 9054 3
6725 8759 2
6725 8937 1
6725 9296 3
6725 9507 2
6736 9737 2
6736 8604 9
6737 9079 1
6737 9453 1
6737 9889 1
6737 9804 1
6738 8846 1
6742 8953 1
6742 9207 1
6742 9251 1
6742 9875 1
6742 9144 1
6742 9385 3
6758 8851 1
6758 9853 1
6765 9544 1
6765 8831 1
6765 9162 1
6765 8797 1
6765 9681 1
6765 8664 1
6772 8999 2
6775 8895 4
6775 9851 200
6775 8925 1
6775 9293 2
6775 9892 1
6775 9185 1
6775 9298 1
6775 9504 1
6799 9912 2
6799 8606 1
6799 8830 1
6861 9405 1
6861 9607 2
6861 9834 2
6861 9857 3
6871 9086 2
6871 9116 2
6872 8927 1
6921 9620 1
6921 9749 9
6921 9563 1
6921 9156 1
6921 9552 1
6968 8870 2
6982 9689 1
6993 9241 1
6993 9825 1
6993 9037 1
7001 9283 32
7006 8710 7
7006 9601 1
7015 8906 33
7015 9691 1
7015 9327 1
7015 8925 44
7015 9634 6
7042 9018 1
7042 9358 1
7048 9332 3
7048 9410 2
7048 9858 1
7055 9232 1
7055 8969 1
7055 9156 1
7055 9273 3
7055 9953 1
7098 9063 1
7098 9121 15
7098 9115 2
7098 9202 3
7107 8785 6
7107 9840 3
7107 9498 1
7109 9868 1
7109 9956 22
7111 8891 1
7111 9027 1
7111 9266 1
7113 8610 2
7113 8710 1
7116 9550 1
7116 9933 1
7119 9896 6
7119 9123 2
7126 9391 1
7126 9507 2
7126 9359 2
7126 9955 1
7126 9171 1
7132 9475 1
7132 8873 6
7132 9894 2
7132 9283 1
7146 8800 1
7146 8584 4
7146 9302 11
7146 9384 1
7146 8687 1
7146 9574 2
7146 9858 1
7146 9213 1
7146 9472 1
7165 9206 1
7165 9011 3
7165 9194 5
7197 9433 5
7198 9052 1
7198 9601 6
7198 8593 1
7205 9159 1
7220 8839 9
7220 9687 26
7220 8601 200
7247 9352 2
7247 9581 2
7247 9161 1
7251 9958 1
7251 9905 1
7251 9414 1
7271 9135 1
7271 8772 1
7271 8919 1
7271 9596 4
7271 9931 1
7281 9564 2
7281 8579 3
7281 9275 2
7281 9724 5
7281 9869 1
7288 8926 1
7288 9268 1
7288 9649 2
7288 8583 2
7288 9908 1
7313 8720 1
7313 8816 1
7313 9146 2
7313 9128 1
7313 8949 13
7313 9026 2
7344 9211 1
7355 9863 1
7355 9254 1
7358 8656 1
7358 9069 99
7358 9500 1
7394 9464 1
7394 9559 1
7394 9870 1
7394 9882 1
7394 9932 1
7394 8782 2
7398 9689 1
7398 8578 2
7398 8699 2
7398 9733 1
7398 8583 1
7398 8841 3
7398 9046 1
7398 9459 1
7398 8652 2
7398 9087 1
7422 9949 1
7422 9303 1
7459 9820 1
7459 8560 2
7459 9001 1
7459 9364 2
7459 9739 1
7459 8981 3
7461 9708 1
7461 9867 1
7461 8614 1
7461 8760 3
7461 9657 1
7461 8949 2
7461 9454 1
7464 9410 1
7464 8721 2
7469 9259 4
7469 8780 1
7469 9488 1
7481 8809 1
7481 8879 1
7481 9457 1
7499 8560 1
7499 9168 1
7499 9423 2
7499 9860 1
7500 9674 1
7500 9126 4
7508 8743 1
7513 8840 2
7513 9923 1
7526 9229 1
7526 8995 1
7526 9278 1
7526 9408 4
7526 8969 1
7533 9153 130
7543 9060 1
7545 8638 1
7545 8823 1
7545 9349 3
7545 9745 1
7545 8831 1
7545 9293 1
7565 9796 131
7565 9302 1
7583 9350 1
7583 9131 16
7592 9093 1
7592 8793 1
7592 8602 2
7592 9554 2
7606 9908 7
7606 9489 2
7606 9722 1
7606 9966 1
7606 8970 1
7606 8990 1
7623 9874 1
7623 8918 4
7623 9706 2
7623 9231 1
7626 9544 2
7626 9903 1
7626 9509 2
7644 9623 1
7658 9576 1
7658 9571 10
7658 8684 1
7658 9002 1
7658 9640 3
7677 8637 1
7677 8672 1
7677 9167 1
7677 9184 8
7697 9744 7
7697 8677 1
7697 9997 1
7697 8878 1
7697 9123 1
7697 9428 1
7697 9974 1
7697 9890 1
7697 9705 1
7702 9141 5
7702 9684 10
7702 9775 21
7703 9639 19
7718 9303 2
7718 9419 118
7718 8794 2
7728 9954 1
7739 9609 1
7739 9894 2
7739 9103 1
7739 9567 1
7739 9887 2
7739 9677 1
7742 8557 1
7742 9543 6
7745 8957 1
7745 8637 3
7756 9033 1
7756 9763 6
7761 9919 1
7761 8563 1
7761 9044 2
7761 9599 2
7761 9721 3
7774 9945 1
7774 9543 1
7774 8751 5
7774 9657 1
7774 9865 1
7774 8562 1
7774 8887 7
7777 9883 1
7777 9033 2
7784 9131 1
7784 9429 3
7792 9766 1
7792 9283 1
7792 8619 3
7792 9689 1
7792 8924 1
7801 9326 1
7801 9988 4
7801 9562 1
7801 9609 1
7801 9766 1
7801 9727 1
7802 9569 1
7802 9415 1
7820 9702 1
7820 8811 3
7820 9650 4
7820 9368 1
7825 9094 2
7825 9098 1
7825 9536 1
7825 8560 5
7825 9452 1
7834 9981 1
7834 8660 1
7850 9934 1
7850 8894 1
7850 9560 1
7869 8677 1
7885 8834 1
7885 8976 10
7885 8707 1
7924 9987 1
7924 9029 2
7968 9329 1
7968 8769 1
7968 9783 1
7972 8828 6
7973 8932 1
7973 9863 2
7973 8740 1
7973 9111 1
7999 9348 3
8012 9386 5
8012 8569 62
8012 9561 1
8012 9749 1
8012 9762 1
8014 8777 9
8016 9980 3
8016 9940 2
8053 9134 1
8062 8811 1
8062 9474 1
8063 9057 2
8063 8895 1
8066 9166 1
8066 9340 2
8067 9475 46
8067 9689 10
8067 9925 3
8072 9960 2
8072 8626 4
8089 9851 6
8089 8817 1
8089 9514 1
8089 9645 2
8093 8648 1
8103 9100 3
8103 9586 1
8103 9889 4
8104 8648 21
8104 9102 1
8104 9574 8
8104 9025 1
8104 9656 1
8104 8825 1
8104 9096 1
8104 9667 2
8104 9747 1
8106 8646 10
8106 9506 1
8106 9207 1
8106 8941 4
8106 9323 1
8118 9165 1
8118 9103 1
8118 9346 1
8118 9977 1
8152 8940 2
8152 8864 7
8152 8826 22
8152 8916 3
8152 9372 1
8152 9781 1
8152 9888 1
8162 9034 2
8162 9905 16
8162 8705 1
8162 8733 1
8162 8784 1
8162 9717 9
8167 8776 1
8167 9858 11
8167 9010 1
8167 9098 1
8167 9180 1
8179 9079 1
8179 9303 1
8179 8829 3
8179 9865 1
8195 8873 1
8195 9254 1
8195 9713 1
8199 9144 1
8199 9596 1
8199 8712 2
8209 9184 1
8209 9491 2
8209 8708 1
8209 9440 2
8210 8574 1
8210 8602 1
8210 9381 6
8210 8567 1
8210 8940 24
8210 9201 1
8210 9308 1
8210 9792 200
8221 9577 1
8221 8674 2
8221 9148 1
8243 9340 1
8243 9559 3
8243 9175 1
8243 9236 2
8243 9299 177
8243 8990 2
8243 9358 3
8243 9874 1
8258 8689 2
8258 8751 1
8259 8895 1
8259 9230 1
8259 8714 1
8259 9904 1
8259 8968 1
8259 9332 15
8259 9279 1
8259 9849 1
8282 8676 1
8282 9029 1
8282 9969 1
8282 9134 3
8282 9504 1
8282 9204 2
8282 9568 1
8282 8959 1
8295 9453 2
8311 9758 1
8311 9466 1
8311 9237 1
8311 9384 2
8313 8559 1
8313 9656 1
8313 9316 1
8324 9070 1
8324 9345 1
8324 9450 1
8325 9025 1
8325 8598 1
8325 8617 14
8325 9247 3
8325 9278 4
8325 9847 1
8326 9107 4
8326 9181 2
8326 9561 1
8332 8869 2
8346 9018 1
8346 8971 2
8346 9355 1
8346 9940 7
8346 8799 1
8346 9464 1
8346 9896 2
8356 8831 1
8356 9834 5
8356 8969 1
8389 8693 85
8389 9063 1
8389 9534 7
8433 8621 1
8433 9502 1
8436 9069 3
8441 9236 2
8441 8917 5
8441 9379 1
8441 9213 1
8441 9617 1
8441 9420 2
8441 9933 3
8441 9958 17
8461 9218 1
8461 8663 1
8464 9821 2
8464 9782 1
8464 8673 3
8464 8795 1
8464 9331 1
8494 9999 1
8494 9034 1
8494 8771 26
8494 9956 2
8494 8689 3
8494 9820 1
8496 9188 3
8496 9026 3
8496 9887 1
8502 8664 1
8502 9650 1
8514 9488 2
8514 8625 3
8514 9006 2
8514 9972 1
8514 9140 1
8514 9296 1
8514 9811 1
8523 9162 1
8523 8870 3
8529 8899 1
8529 9991 3
8529 9704 4
8533 9047 8
8533 9733 2
8538 8826 1
8538 9707 1
8538 8952 6
8538 9188 1
8538 8605 1
8538 8857 1
8538 9874 9
8538 8566 1
8538 9719 2
8538 9153 1
8539 8812 1
8539 9644 1
8539 8743 19
8539 8926 2
8539 9427 1
8542 9454 36
8542 9575 2
8542 9661 1
8542 9906 1
8547 8794 2
8547 8672 2
8547 9272 1
8552 8652 3
8552 9206 3
8552 9661 1
8552 8677 1
8552 9475 1
8555 8729 1
8555 8787 1
8557 8589 2
8558 9362 1
8558 9780 1
8559 8761 1
8560 9143 2
8560 9020 1
8564 8970 4
8564 9852 2
8564 9763 5
8564 9184 1
8564 9311 3
8565 9307 1
8566 8883 1
8566 9383 1
8568 9177 1
8568 9737 1
8568 9879 3
8568 9443 15
8568 9897 1
8568 9994 1
8569 8790 1
8570 8695 1
8571 9227 1
8571 9652 1
8571 9780 194
8571 9585 2
8572 8654 2
8573 9427 9
8575 9816 1
8575 9539 5
8575 9045 1
8576 8770 5
8576 9624 1
8576 9681 1
8576 9992 3
8576 8781 1
8577 8719 1
8578 8860 1
8580 9111 4
8580 8936 1
8580 9790 1
8581 8628 3
8582 9353 1
8583 9215 1
8584 9015 3
8585 9078 1
8585 9866 1
8585 9166 1
8585 9478 1
8585 9547 1
8585 8763 1
8585 9428 2
8585 9520 4
8585 9667 2
8587 9524 13
8587 9786 1
8588 9258 1
8588 9647 1
8590 8718 1
8591 9841 1
8592 9209 1
8592 9327 200
8592 9328 1
8592 9578 1
8593 8862 5
8594 8958 1
8594 9058 1
8595 8733 31
8595 9494 1
8596 8914 1
8597 9570 16
8597 8755 2
8599 9730 1
8600 9314 1
8600 8804 3
8602 8807 2
8602 8960 1
8603 9440 1
8603 9573 6
8603 9271 5
8604 9541 4
8604 8778 40
8604 8678 1
8605 8808 1
8606 8686 2
8607 9439 2
8607 9928 1
8607 9227 1
8608 8639 1
8608 9653 1
8609 9307 10
8609 9265 1
8609 9382 27
8609 8756 2
8609 9465 1
8609 8953 2
8609 9018 1
8609 9367 1
8609 9473 1
8611 9044 1
8611 8810 1
8611 9045 1
8611 9640 11
8611 9935 7
8611 9080 8
8612 9403 1
8612 9972 1
8612 8745 1
8612 8772 1
8612 8934 1
8612 9146 1
8612 9452 1
8614 8654 1
8615 8722 3
8617 8896 1
8618 8856 3
8622 9014 2
8623 9721 2
8626 8860 2
8626 8762 2
8627 8942 1
8628 9472 2
8628 9095 1
8628 9770 1
8629 9653 4
8629 8736 1
8630 9072 1
8630 9251 3
8630 9386 1
8631 9312 1
8631 8960 1
8632 8815 1
8632 9581 1
8633 9248 1
8634 9219 1
8634 9378 3
8634 9141 1
8634 9426 1
8634 9883 1
8635 8964 1
8636 8932 3
8636 9198 16
8637 8946 1
8637 9314 1
8638 8967 1
8639 9003 1
8639 8735 1
8639 9773 1
8639 9790 1
8640 8774 7
8641 8665 1
8641 8901 5
8641 9704 1
8641 8872 1
8641 8653 1
8641 8925 1
8642 8865 1
8644 9309 1
8644 9232 2
8644 9107 4
8645 8978 4
8645 9043 1
8645 8913 1
8647 9276 2
8647 9997 5
8647 9563 5
8648 8753 1
8649 9507 1
8649 8670 3
8649 9375 3
8649 9539 1
8650 9042 6
8651 9067 1
8654 9057 1
8654 9078 1
8654 8871 1
8654 9765 1
8654 9766 2
8654 8812 26
8654 8927 2
8654 9051 1
8654 9584 1
8655 8923 7
8657 9145 1
8658 8698 13
8660 8680 1
8661 9042 1
8662 8756 1
8662 9278 2
8666 9444 1
8667 8990 6
8667 8775 4
8667 9925 1
8667 9202 2
8667 9645 1
8667 9245 1
8667 9384 1
8667 9687 1
8667 9974 6
8667 9984 1
8668 8730 32
8669 9735 1
8669 9303 1
8669 9959 1
8669 8970 2
8669 9230 3
8673 9291 1
8675 9366 1
8675 8885 2
8675 9404 1
8675 9551 3
8675 9662 1
8675 9905 2
8675 9915 1
8677 8922 1
8678 9989 1
8678 8850 1
8678 8696 1
8679 9486 1
8680 8945 3
8680 9149 1
8680 9969 1
8680 9566 1
8680 9735 1
8680 9619 4
8681 8954 2
8683 9665 1
8684 8983 1
8685 9314 2
8685 8761 4
8686 9142 1
8686 9895 3
8690 8775 1
8690 8889 1
8690 8982 11
8691 9647 1
8691 9066 8
8691 9107 3
8691 9379 1
8692 9213 1
8692 9792 1
8692 9869 1
8692 8968 13
8692 9305 1
8692 9727 1
8695 9503 1
8696 8922 3
8696 9664 1
8698 9900 11
8698 9597 1
8698 9759 1
8698 9102 1
8698 9414 2
8698 9357 1
8700 9057 1
8701 9905 2
8701 8810 10
8702 9680 2
8702 8738 2
8702 9091 1
8702 9568 1
8702 8908 9
8702 9564 2
8702 9713 12
8703 9796 1
8703 9207 3
8704 9592 3
8704 9776 1
8704 9649 1
8704 9968 11
8706 9468 3
8706 8936 1
8709 9127 1
8713 9802 1
8713 8769 3
8714 8930 2
8714 9110 1
8715 9808 1
8715 9266 1
8715 9366 1
8715 9576 4
8715 9374 1
8715 9359 1
8716 8731 1
8718 9310 1
8718 9498 1
8718 9892 2
8719 8925 6
8719 9508 2
8720 9000 2
8722 9009 3
8722 9534 2
8722 9457 1
8722 9499 1
8723 9391 11
8723 9437 1
8723 9864 1
8724 8765 1
8724 8945 3
8724 9339 1
8725 9970 3
8725 9485 3
8725 9072 1
8725 9928 1
8726 8822 68
8727 9652 1
8727 8817 10
8727 9464 1
8727 9197 3
8727 9557 12
8727 9839 1
8728 8934 1
8728 9093 1
8729 9981 7
8729 9077 1
8729 9187 5
8729 9282 2
8729 9435 1
8729 9562 1
8729 9662 1
8729 8989 1
8729 9536 3
8729 9979 1
8730 9481 3
8730 9373 1
8730 8990 1
8730 9348 3
8730 9385 74
8730 9900 2
8730 8988 2
8731 9106 1
8731 9005 1
8731 8775 1
8731 9440 1
8732 8853 1
8732 9957 1
8734 8961 3
8734 8928 2
8734 8975 1
8735 8881 1
8735 8944 1
8736 9451 2
8736 8853 4
8736 9682 1
8736 9409 1
8736 9592 2
8737 9785 2
8737 9260 3
8737 9419 1
8738 9215 2
8739 9080 5
8739 9402 2
8740 9059 1
8741 9582 1
8741 9790 2
8741 9317 1
8741 9366 1
8741 9378 1
8741 9470 2
8741 9519 2
8743 8843 1
8745 9050 1
8746 9852 12
8746 9707 2
8746 8875 1
8746 9606 1
8748 9462 200
8752 9677 1
8753 9589 1
8753 9006 1
8753 8765 1
8753 9803 1
8753 9567 50
8753 9364 7
8756 9535 1
8758 9147 1
8758 9846 2
8758 8765 1
8758 9722 5
8759 8792 1
8760 8983 3
8761 9677 1
8762 9565 2
8762 9227 1
8762 9751 1
8763 8907 2
8765 8985 8
8766 8960 1
8768 9028 1
8773 9018 1
8773 9526 1
8773 9466 1
8774 9195 1
8778 9379 2
8778 9808 1
8778 9106 1
8778 9900 1
8779 8800 1
8783 9016 1
8785 8907 8
8787 9142 1
8787 9466 6
8787 9370 1
8788 9130 1
8788 8891 5
8788 9606 1
8788 8809 2
8789 8853 3
8789 8847 1
8789 9376 1
8790 8793 1
8791 9138 1
8792 9263 4
8792 9455 1
8792 8910 1
8792 9085 1
8792 9749 16
8795 9031 1
8796 9081 3
8796 8880 3
8798 9310 1
8798 9594 1
8798 9529 5
8799 8960 2
8800 8939 1
8802 8989 2
8802 9260 2
8802 9408 1
8802 9666 1
8802 9888 1
8802 9351 5
8803 8847 1
8803 8825 1
8804 9039 1
8804 9718 3
8804 9171 7
8804 9165 1
8804 9725 1
8805 9686 2
8805 9823 1
8805 9120 7
8806 9707 1
8806 8829 1
8807 9119 2
8807 9345 1
8807 9862 1
8807 9122 1
8807 9137 2
8808 9597 2
8808 9897 1
8808 9865 2
8808 9168 1
8808 9330 1
8808 9589 1
8811 9235 1
8812 8877 1
8813 9499 1
8813 9511 1
8815 8881 1
8815 8896 1
8818 9403 10
8818 9924 1
8819 9222 1
8819 8897 1
8820 9750 15
8820 9019 1
8820 9000 1
8820 9040 1
8822 8918 1
8822 9037 4
8824 9989 1
8824 9459 1
8824 8833 3
8824 9002 1
8824 9367 6
8825 9287 1
8827 9241 2
8827 8841 1
8827 9159 2
8829 9512 1
8830 9461 1
8832 8994 1
8833 8960 1
8834 9541 3
8835 9030 1
8837 9751 39
8837 9626 14
8837 9485 1
8842 9143 1
8843 8858 1
8843 8911 1
8844 8967 1
8845 9044 1
8845 9468 1
8847 8964 1
8849 9131 2
8849 9925 1
8849 9849 2
8851 9048 1
8853 9801 1
8853 9000 2
8854 9529 11
8854 9830 1
8856 9013 1
8857 9038 1
8858 9291 7
8859 9546 1
8859 9834 1
8860 9156 1
8860 9102 3
8860 8918 1
8861 9030 10
8862 9195 1
8862 9550 1
8862 9257 1
8862 9318 1
8862 9780 2
8862 9229 1
8863 9879 2
8864 9590 1
8864 9050 1
8865 9684 1
8865 8940 1
8865 9861 1
8865 9485 157
8865 9622 1
8866 9314 1
8867 9223 3
8867 8907 1
8868 9736 15
8869 9124 10
8874 9618 1
8874 9142 27
8874 9766 1
8875 9000 3
8877 9736 3
8877 9946 1
8880 9888 1
8880 9926 2
8880 9427 1
8880 9586 2
8880 9503 3
8880 9856 3
8880 9872 1
8881 8888 5
8881 9825 2
8881 9112 1
8881 9329 1
8882 9012 1
8882 9291 3
8883 9626 4
8883 9273 1
8883 9417 73
8883 9604 1
8883 9794 1
8883 9101 1
8884 8933 1
8884 8971 1
8887 9588 1
8896 9270 1
8896 9597 6
8896 9942 10
8897 9930 1
8897 9732 1
8897 9782 2
8897 9877 1
8902 9541 1
8904 9165 1
8904 9254 1
8904 9388 1
8904 9669 1
8904 9808 1
8907 9577 1
8907 9868 1
8908 9023 3
8911 9383 2
8911 9884 1
8912 9150 1
8913 9570 1
8913 9498 4
8913 9557 2
8915 9424 1
8919 9793 13
8921 9415 4
8921 9511 1
8921 9812 3
8928 9227 1
8928 9727 2
8928 8998 2
8928 9237 1
8928 9445 1
8929 9290 1
8929 9372 1
8930 9071 11
8930 9996 3
8930 9413 1
8930 9633 1
8932 9016 5
8935 9214 1
8935 9310 5
8935 9053 1
8935 9656 1
8935 9917 1
8936 9424 7
8938 9245 1
8938 9027 1
8938 9632 4
8939 9565 1
8939 9713 10
8942 8958 2
8943 9928 2
8943 9875 2
8944 9913 1
8944 9417 1
8944 9674 2
8946 9508 1
8946 9336 2
8946 9433 3
8946 9386 1
8946 9438 1
8946 9156 1
8946 9971 7
8947 9025 1
8947 9502 2
8948 8980 1
8950 9045 1
8950 9519 1
8950 9426 2
8956 8978 1
8958 9470 11
8958 9145 1
8958 9465 6
8959 9347 1
8960 9758 2
8960 9167 1
8960 9766 1
8960 9236 1
8960 9723 1
8961 9839 1
8964 9076 2
8964 9648 1
8964 9049 1
8964 9364 2
8964 9331 1
8964 8970 22
8964 9309 1
8964 9707 1
8966 8975 1
8967 9775 1
8968 9456 2
8973 9805 1
8973 9071 1
8973 9145 1
8973 9807 1
8973 9993 1
8973 9138 9
8974 8980 1
8975 9529 5
8977 9461 1
8978 9381 1
8978 9149 9
8978 9024 1
8978 9084 1
8979 9459 1
8980 9061 1
8980 9232 1
8980 9239 3
8981 9000 3
8981 9035 3
8983 9074 3
8983 9419 1
8983 9365 1
8984 9802 2
8985 9849 3
8985 8998 1
8986 9236 1
8986 9339 1
8986 9501 2
8986 9945 1
8987 9375 1
8987 9768 1
8987 9913 1
8989 9694 1
8989 9814 2
8991 9134 4
8991 9638 1
8992 9803 1
8992 9276 3
8992 9349 1
8994 9479 1
8994 9056 1
8996 9974 1
8996 9800 2
8997 9280 2
8997 9959 1
8997 9851 1
9000 9647 1
9000 9423 1
9000 9988 1
9004 9680 2
9004 9639 1
9011 9541 2
9012 9241 2
9012 9483 1
9014 9422 1
9014 9758 1
9014 9371 1
9014 9431 1
9016 9154 1
9018 9019 15
9019 9308 1
9019 9830 1
9019 9402 2
9019 9474 1
9019 9263 1
9020 9949 1
9020 9065 15
9021 9482 1
9021 9895 1
9021 9197 1
9021 9576 2
9021 9758 1
9021 9506 1
9021 9640 1
9022 9202 1
9022 9837 1
9023 9171 2
9025 9952 1
9028 9203 9
9030 9820 1
9030 9612 1
9030 9084 2
9030 9362 1
9031 9542 3
9031 9370 1
9031 9912 13
9031 9334 7
9031 9805 2
9035 9056 3
9035 9159 1
9035 9670 1
9035 9772 4
9035 9987 2
9038 9557 9
9038 9817 1
9038 9271 1
9038 9137 3
9038 9292 1
9038 9301 8
9040 9915 18
9040 9592 8
9041 9482 1
9041 9770 2
9041 9071 1
9041 9280 4
9041 9600 20
9042 9925 6
9043 9063 1
9043 9411 1
9043 9632 1
9043 9654 1
9043 9635 1
9046 9590 1
9048 9446 1
9050 9409 3
9055 9461 10
9058 9765 2
9058 9894 2
9059 9569 1
9059 9089 1
9059 9559 1
9059 9837 1
9061 9671 1
9062 9667 29
9062 9739 1
9062 9505 1
9062 9840 2
9062 9915 13
9062 9114 1
9065 9264 1
9067 9844 1
9071 9884 27
9077 9512 2
9081 9640 3
9081 9844 7
9081 9856 1
9101 9952 1
9110 9122 3
9110 9250 1
9110 9265 2
9110 9582 1
9110 9140 2
9120 9124 3
9124 9709 1
9133 9444 1
9134 9535 2
9135 9456 1
9143 9991 2
9143 9344 1
9143 9381 7
9143 9987 1
9143 9786 1
9147 9590 1
9148 9222 1
9160 9741 2
9162 9750 10
9163 9962 1
9169 9541 1
9174 9653 46
9175 9512 1
9186 9222 1
9201 9814 1
9202 9535 1
9206 9353 1
9213 9291 157
9215 9282 1
9215 9912 1
9221 9535 7
9221 9523 1
9222 9768 1
9222 9877 3
9222 9864 2
9222 9873 1
9222 9899 1
9223 9532 114
9229 9444 1
9232 9884 1
9235 9414 1
9235 9904 1
9239 9679 10
9248 9970 3
9249 9417 1
9253 9406 1
9264 9687 1
9271 9590 1
9275 9541 1
9284 9759 1
9284 9960 1
9290 9383 1
9291 9335 1
9291 9774 1
9292 9535 1
9294 9814 5
9307 9962 1
9312 9749 2
9312 9468 3
9312 9732 10
9312 9322 2
9314 9649 2
9318 9480 1
9330 9512 1
9330 9347 2
9338 9800 2
9345 9814 2
9347 9817 1
9347 9655 1
9347 9579 1
9347 9624 1
9353 9403 1
9353 9785 2
9364 9694 39
9379 9671 8
9383 9575 1
9383 9807 3
9383 9997 1
9394 9777 1
9397 9541 1
9399 9914 1
9406 9638 1
9406 9610 2
9413 9590 4
9415 9814 3
9419 9841 2
9420 9664 1
9435 9480 1
9442 9770 3
9444 9819 1
9445 9962 4
9460 9535 1
9462 9482 1
9473 9884 30
9476 9541 1
9480 9786 1
9480 9803 2
9488 9664 200
9502 9671 1
9512 9931 1
9512 9579 1
9512 9838 10
9520 9653 2
9523 9663 2
9541 9948 1
9541 9597 1
9541 9768 21
9541 9691 2
9588 9769 1
9590 9980 3
9590 9999 1
9608 9833 1
9621 9801 4
9632 9814 3
9644 9671 1
9664 9872 1
9671 9949 1
9671 9961 1
9692 9962 1
9693 9750 1
9694 9898 1
9713 9801 1
9773 9814 1
9814 9817 1
9814 9826 13
9828 9841 1
