22 9023 1
22 8756 2
22 9264 1
22 8744 1
38 8881 1
38 9553 1
38 9252 5
43 9339 2
43 9674 1
43 9189 1
50 9485 1
61 9015 1
61 9311 1
61 8572 1
61 9697 1
64 9988 1
66 9524 15
71 9636 2
71 9138 1
71 9403 1
71 9846 1
81 9521 1
81 8704 1
81 9083 1
81 9824 1
81 8984 2
81 9674 1
98 8914 1
98 8899 48
98 9470 1
98 9875 1
109 9472 6
109 9095 1
109 8760 5
109 9629 1
109 9800 1
126 9704 1
126 8592 1
126 9241 1
126 9722 2
146 9772 1
146 9109 2
146 9578 1
146 9955 1
171 8650 1
171 9613 1
171 9754 1
172 8824 3
172 9759 3
175 9384 1
175 9068 1
175 9129 2
182 9655 2
182 9639 1
182 8887 1
182 8800 1
182 9784 3
185 9774 13
185 9165 10
185 9636 2
193 9524 1
193 9295 1
199 9135 3
199 8603 1
201 9666 4
201 8804 1
201 8817 2
201 9191 1
201 9073 1
201 8628 2
201 9188 1
230 9448 1
230 8782 7
230 9533 7
230 9855 6
230 8854 2
230 8961 13
230 9622 2
234 9914 2
234 9885 1
234 8585 1
234 9297 6
234 9521 1
234 9865 7
236 9862 6
238 8968 7
238 8709 1
238 9046 5
238 9108 6
238 9935 2
243 9943 4
243 8650 15
243 9375 2
253 9488 1
253 9075 1
253 9579 3
253 8970 2
256 9407 1
256 9660 8
268 9696 1
268 9265 2
268 9854 1
268 8886 4
298 8546 1
298 8809 1
308 8961 1
308 9053 1
311 9055 1
311 9741 2
311 9861 8
311 8610 1
311 9497 1
319 8980 1
319 9355 1
323 9578 4
323 9728 2
323 8677 1
323 8783 1
323 8863 1
323 8955 9
351 9785 1
351 9274 2
351 9237 1
351 9906 1
351 9925 1
356 9728 3
361 9941 3
361 8795 2
361 8635 2
361 9599 2
361 9974 9
361 9322 1
361 9614 2
395 9886 5
395 8663 1
395 9232 1
400 8718 4
400 9765 1
407 8716 1
407 9974 1
407 8649 1
407 9444 2
421 8544 1
421 9466 1
421 9781 3
424 8649 1
424 8855 1
438 9697 5
438 9288 1
438 9401 1
441 9404 2
441 9957 2
441 8841 1
441 9288 1
441 9073 3
469 9354 2
469 9592 1
469 8960 4
469 8616 3
474 9221 1
474 8973 8
474 9283 1
474 9020 1
474 9254 1
474 9341 2
474 8706 7
474 9619 1
475 9576 4
477 9963 1
477 9311 1
515 9619 1
515 8893 8
515 9044 1
515 9169 2
522 8715 10
522 8998 4
522 9075 3
522 9202 1
522 9456 1
522 9985 29
550 9639 2
550 8979 1
550 9157 2
552 9016 8
552 9695 1
552 9516 1
552 9557 1
557 9086 3
557 8672 1
557 9866 1
557 9601 3
557 9630 1
564 8875 1
564 9844 2
564 9150 5
564 9898 8
564 8607 1
571 9768 1
571 9401 1
571 9920 1
571 8843 1
574 8958 1
574 9217 45
574 9895 1
574 9338 1
577 8984 1
577 8857 1
577 8974 1
577 9517 2
624 9275 2
624 9637 1
624 8663 1
624 9097 2
624 9267 154
627 8536 1
627 8668 3
627 9709 1
627 9583 1
630 9489 1
630 9139 1
630 9045 1
630 9404 1
630 9765 1
631 9981 4
631 8826 1
662 9871 1
662 9546 1
662 9574 1
662 8813 1
662 9148 3
662 9461 1
662 9866 1
670 8905 1
670 9516 1
670 9739 1
670 9951 1
670 9228 1
670 9488 1
670 9589 9
673 8928 9
673 9793 1
676 9687 1
676 8796 1
676 9220 1
676 9746 1
676 9080 4
676 8915 5
676 9033 1
676 9528 1
683 9723 1
683 9662 1
694 8892 1
694 8844 1
700 9177 1
700 9932 1
700 9961 51
700 9898 1
700 9957 1
724 8742 1
727 9777 9
727 9213 3
727 9244 33
727 9686 1
734 8960 2
734 9900 1
736 9285 1
736 9815 2
736 9308 4
748 8828 1
748 9853 2
762 9109 2
794 9330 1
794 9774 1
794 9990 1
794 9902 1
794 9949 10
804 9935 1
811 9139 1
834 9376 3
834 9334 1
834 9826 1
848 8981 1
848 9862 1
848 9352 1
899 9015 2
899 8576 2
899 8716 1
911 8659 1
911 8607 2
911 9398 2
911 9150 1
911 9818 1
937 9969 1
987 9798 1
987 9499 1
987 8553 1
987 8708 1
987 9078 2
1011 9095 5
1011 9137 2
1011 8855 1
1020 9417 3
1020 8981 1
1020 9269 2
1020 9567 5
1020 9940 1
1032 9418 1
1032 9163 1
1036 9910 1
1036 9955 2
1036 9197 1
1051 8629 2
1051 8538 3
1061 8794 1
1067 8832 4
1074 9188 1
1074 9478 1
1090 8976 6
1090 9252 1
1090 8837 1
1090 8535 6
1090 8561 2
1090 9262 2
1090 9524 10
1121 9331 1
1121 8784 4
1121 9685 1
1126 9044 53
1126 8572 2
1126 9714 2
1126 9335 1
1126 9087 1
1126 9096 1
1126 9896 1
1130 9167 2
1130 9458 6
1130 8997 1
1130 9755 5
1130 8811 1
1130 8817 2
1130 9020 2
1130 9165 1
1132 9559 1
1132 8860 1
1132 9819 3
1132 8612 23
1133 8728 8
1133 8933 7
1133 8817 12
1133 9324 4
1137 9135 5
1137 9804 1
1137 8715 2
1138 9214 2
1138 9622 1
1138 8698 1
1138 9903 1
1143 8886 46
1143 8871 1
1165 9097 1
1165 9832 1
1165 8807 1
1165 9949 2
1165 9798 1
1165 9255 1
1169 9557 1
1169 9434 7
1169 9119 2
1199 8817 1
1199 8828 1
1199 8852 1
1199 9128 1
1234 8892 2
1234 8836 3
1234 9526 2
1234 9843 200
1234 9792 1
1234 9831 16
1264 9162 1
1264 9759 3
1264 9139 1
1265 9421 2
1265 9919 1
1265 9323 1
1265 9925 1
1268 9792 1
1268 8668 1
1268 9403 1
1277 8587 1
1277 9307 1
1277 9443 6
1300 9391 2
1300 9870 1
1300 9649 53
1300 8790 1
1300 8980 4
1308 8665 1
1308 9409 1
1308 9519 1
1308 9749 4
1308 8617 1
1308 9410 1
1324 9077 1
1324 9821 1
1334 8737 1
1334 8694 4
1334 9117 1
1334 9714 1
1407 9420 6
1425 9360 1
1425 9410 1
1443 9340 1
1443 8534 6
1443 8942 7
1443 8976 1
1443 9113 1
1443 9171 3
1443 9480 2
1443 9830 3
1443 9030 1
1486 9447 1
1489 9443 1
1489 9811 11
1490 8536 6
1490 9010 2
1490 9508 1
1490 9920 3
1490 9060 1
1490 9715 1
1492 9992 1
1492 8863 2
1492 9038 6
1492 9353 2
1492 9604 3
1524 8971 1
1524 8782 21
1524 9943 1
1537 8883 8
1537 9826 7
1537 9964 6
1537 9019 1
1537 9198 1
1565 9953 1
1565 9759 1
1565 9879 1
1575 9214 1
1577 9151 17
1577 8774 2
1611 9935 1
1611 9168 8
1642 9835 1
1642 8668 1
1642 9741 1
1642 9354 6
1642 9911 1
1666 9748 1
1666 9463 1
1667 9389 3
1667 8739 2
1667 8908 1
1667 9083 1
1667 9619 1
1693 8703 4
1693 9697 3
1693 9571 1
1693 9690 1
1699 8914 1
1699 8942 1
1709 9182 4
1709 9558 2
1709 8973 1
1709 9737 1
1719 8710 14
1719 9884 1
1725 9719 1
1737 8994 1
1737 9262 2
1738 9729 1
1738 9694 1
1738 9706 5
1738 9854 2
1738 9693 4
1750 8575 1
1757 9181 1
1757 8665 1
1757 9058 4
1757 8923 1
1757 9236 6
1757 9243 1
1757 9909 1
1763 8539 2
1763 8541 1
1763 9419 2
1773 9867 8
1773 8546 1
1781 9442 1
1781 8540 1
1781 9487 12
1781 9785 1
1792 9438 2
1792 8772 1
1814 9030 1
1814 9830 1
1814 8697 1
1814 9276 7
1814 9334 3
1814 9655 1
1814 8980 1
1814 9950 2
1814 8643 1
1814 9231 1
1846 9103 1
1846 8546 1
1851 8635 1
1851 9055 1
1857 8788 5
1857 9093 3
1857 8561 18
1857 9393 1
1857 9063 1
1857 8994 6
1859 8712 1
1859 8965 1
1880 9054 1
1880 9997 1
1880 8943 1
1880 9867 1
1887 9601 1
1887 9833 1
1892 9909 16
1892 9763 3
1892 9812 1
1906 8592 2
1906 9268 5
1906 9624 1
1906 9398 9
1926 8724 2
1926 9605 1
1926 8989 2
1926 8737 2
1938 9909 5
1938 8952 4
1938 9447 1
1948 8811 1
1948 9296 2
1950 8755 1
1950 9343 1
1950 8563 1
1950 9197 1
1950 9296 1
1950 9608 1
1950 9872 1
1969 8893 1
1969 8756 1
1969 9940 9
1969 9346 2
1969 9481 2
1969 9593 1
1971 8738 24
1971 9006 1
1971 8952 1
1971 8576 2
1971 8847 1
1971 8556 1
1971 8761 3
1971 9384 1
1971 9661 1
1997 9345 6
1997 9547 2
1997 8691 1
1997 9842 18
1997 9949 1
2005 9210 200
2005 8568 1
2005 9378 1
2005 8631 3
2005 8724 3
2022 9534 1
2025 8798 1
2025 8654 1
2025 8826 2
2025 9191 1
2038 9992 4
2038 8916 1
2038 9475 2
2039 8932 1
2039 9284 2
2039 9437 1
2039 9570 5
2039 8665 2
2055 8934 1
2055 9083 12
2055 9483 1
2063 9311 11
2063 9885 1
2063 9887 1
2063 9695 1
2078 9217 1
2078 8923 1
2078 9031 2
2078 8778 2
2078 9707 2
2078 8688 2
2078 9633 3
2078 9985 7
2086 8645 1
2086 9157 1
2086 9038 1
2095 9608 1
2095 9865 4
2095 9467 3
2095 9884 2
2095 9720 1
2095 9509 6
2108 8648 33
2108 8932 1
2121 9641 2
2121 9055 9
2121 9340 1
2160 9676 4
2160 9027 3
2160 9500 2
2160 9642 1
2173 8669 2
2173 8677 1
2187 9004 2
2187 8542 1
2187 9478 1
2187 9641 2
2187 9899 1
2235 9871 1
2235 9708 1
2235 8693 3
2235 8960 10
2244 8974 2
2244 8680 2
2244 8800 13
2244 9084 3
2244 9493 1
2249 8961 3
2249 8714 1
2249 9101 2
2249 9223 1
2249 9443 16
2249 9569 1
2263 8947 1
2263 9304 1
2263 9445 9
2293 8773 1
2307 9693 1
2307 9745 3
2307 9381 1
2318 9712 1
2325 9404 2
2325 8697 1
2325 9731 1
2325 8754 5
2325 9916 1
2325 8756 4
2325 8796 1
2326 9699 1
2385 9950 1
2385 8717 14
2385 9375 1
2385 8542 3
2385 9687 9
2402 9297 6
2402 9507 16
2414 9860 8
2414 9149 3
2414 9603 1
2415 9655 1
2415 9829 1
2418 9340 200
2418 8643 200
2418 8795 1
2418 9161 1
2429 8624 1
2429 9130 1
2429 9437 1
2429 9562 21
2429 9391 1
2429 9887 1
2429 9941 3
2429 8803 58
2429 8933 1
2435 9161 1
2435 9401 3
2435 8891 1
2435 8594 1
2435 9453 1
2435 9466 1
2439 8605 2
2439 9284 5
2439 9138 1
2439 9656 1
2446 8834 1
2446 9530 1
2446 8593 10
2446 8849 2
2457 8715 1
2467 9846 1
2467 9470 1
2471 9435 1
2471 8694 1
2471 8861 1
2489 8839 1
2489 9615 2
2493 9999 1
2502 8717 1
2502 9553 3
2502 9156 2
2502 9375 5
2502 9664 1
2502 8539 1
2514 9856 4
2514 9201 1
2514 9860 2
2514 9882 2
2514 9772 1
2515 9391 3
2515 9930 23
2515 9921 7
2523 9034 3
2523 9548 1
2539 9051 5
2539 9930 2
2539 8841 1
2539 8562 1
2539 9556 11
2543 9676 1
2543 8654 3
2543 9062 1
2543 9935 2
2543 9721 1
2543 9505 1
2543 8801 1
2543 9860 1
2543 9458 1
2543 9876 1
2543 8860 1
2543 9483 1
2586 8728 2
2586 9778 1
2602 9677 1
2602 9201 4
2602 9163 2
2602 9819 3
2606 9270 1
2606 9577 1
2606 9990 1
2611 9041 33
2611 9445 2
2611 8612 1
2611 9563 1
2611 9414 1
2617 8958 2
2617 8570 1
2617 8574 1
2617 9360 1
2675 9886 8
2675 8674 3
2694 9366 1
2694 9936 3
2694 8659 1
2694 9516 1
2707 9996 1
2707 9521 1
2707 9799 3
2707 9124 12
2707 8655 1
2707 9826 1
2707 9151 3
2710 8535 3
2710 8955 1
2710 9754 7
2710 9818 1
2710 9892 3
2710 8875 1
2710 9066 1
2713 9254 1
2713 8826 2
2713 8615 2
2713 9776 1
2713 8996 1
2713 9244 1
2713 9861 1
2724 8789 1
2724 9166 200
2724 9741 4
2724 9080 1
2729 9033 1
2729 9769 1
2729 8621 4
2733 9883 2
2769 8593 1
2769 9932 4
2769 9237 4
2769 9647 14
2769 9902 15
2807 9818 1
2807 9650 1
2807 9005 1
2807 9805 5
2807 9061 1
2807 9937 19
2807 9993 2
2813 9232 1
2813 9055 1
2813 9127 1
2818 9487 1
2818 9838 1
2818 8625 4
2818 9161 1
2818 9686 6
2818 8596 2
2818 9351 1
2840 9297 200
2840 9215 2
2840 8848 1
2840 9426 4
2840 9720 1
2847 8647 8
2847 9377 3
2847 9581 1
2847 9267 1
2851 9079 1
2851 9728 4
2872 9583 1
2872 9167 2
2879 8674 1
2879 9495 2
2879 9844 3
2880 9220 2
2880 9795 3
2893 8889 1
2893 9604 1
2893 8670 1
2893 8850 3
2893 9268 2
2893 9851 3
2903 9352 9
2903 8830 1
2903 8955 5
2903 9840 1
2914 8708 2
2934 9903 1
2934 8550 1
2937 8707 4
2937 9893 1
2937 8806 1
2937 9432 1
2940 9190 1
2940 9685 3
2940 9591 1
2950 9566 1
2950 9309 1
2953 9605 2
2953 9622 1
2953 8788 1
2953 9675 1
2979 9651 3
2979 9429 1
2987 9622 2
2987 9981 1
2987 9348 9
3000 9792 3
3000 9180 200
3000 9534 1
3000 9975 1
3002 8782 1
3012 9252 1
3012 9495 3
3012 9529 1
3020 9268 17
3064 9804 2
3064 8744 1
3082 8540 2
3100 9138 3
3100 9313 1
3100 9576 1
3100 9781 1
3100 8564 1
3100 8770 1
3100 9767 1
3101 8870 1
3107 9070 1
3107 8668 1
3107 8807 1
3107 8934 3
3107 9830 1
3111 8839 1
3129 9998 1
3129 9255 3
3129 9179 1
3158 8728 3
3158 9561 1
3158 8766 1
3158 9861 1
3158 9351 1
3163 9250 1
3163 9800 1
3163 9619 1
3163 8835 1
3163 9275 2
3163 8784 2
3163 8667 6
3163 8576 1
3163 9320 1
3163 9679 2
3170 9459 1
3170 8734 2
3184 8676 1
3184 9712 121
3186 9284 2
3186 8585 3
3186 9402 1
3186 8635 2
3186 8985 1
3186 9415 2
3186 9755 1
3214 9974 24
3214 8593 1
3214 8964 1
3214 9905 1
3214 9117 133
3214 8961 1
3235 9327 15
3235 9556 1
3235 8761 3
3235 9418 1
3235 8816 8
3235 9448 1
3239 9179 1
3239 9733 1
3239 9014 1
3239 9930 2
3254 8991 4
3254 8716 2
3271 9055 1
3271 9754 1
3271 9470 1
3271 9124 1
3271 9574 1
3271 9660 8
3289 9066 1
3289 8680 4
3289 9952 1
3289 9748 2
3307 8872 1
3307 8918 1
3307 9149 1
3307 9255 2
3307 8916 1
3307 9190 1
3307 8569 1
3307 8728 2
3307 8964 2
3307 8968 1
3307 9366 1
3308 9587 1
3308 9477 7
3308 8824 2
3308 9401 3
3329 6468 5
3329 8917 1
3329 9749 2
3329 9920 6
3329 8860 6
3329 9114 7
3329 8542 1
3329 8547 1
3329 9152 1
3329 9559 1
3330 8726 1
3330 9757 3
3330 9566 1
3342 9693 2
3342 9888 1
3342 9829 3
3342 9678 2
3342 9794 3
3342 8634 1
3345 9165 1
3345 8791 1
3345 8831 1
3348 9494 1
3348 8798 1
3348 8782 5
3348 9076 6
3348 9618 1
3348 9435 1
3383 9174 53
3383 9442 1
3383 9691 1
3383 9539 1
3383 8974 1
3383 9388 2
3406 9580 200
3406 9980 1
3418 8865 1
3418 8550 1
3418 8778 2
3418 9180 1
3429 8577 1
3431 9427 3
3445 9297 1
3455 8833 1
3456 8983 1
3456 8804 2
3463 9299 1
3463 9227 2
3463 8827 1
3463 9214 2
3469 9747 1
3469 8623 2
3472 9911 1
3472 8906 3
3481 9675 1
3481 8739 1
3481 9996 1
3501 8562 1
3501 9525 1
3501 8685 1
3501 9212 19
3501 9846 1
3501 8646 7
3501 9668 1
3501 9087 1
3504 9589 1
3504 9878 2
3508 9474 1
3508 9572 1
3508 8688 1
3508 9114 4
3512 9636 2
3512 8708 1
3512 9261 1
3512 9534 1
3512 9901 1
3516 9841 1
3516 9696 1
3516 9723 1
3521 8815 1
3521 9242 7
3521 9819 1
3521 9661 2
3521 9632 4
3528 9425 1
3528 9887 1
3528 9168 1
3531 9714 38
3531 8933 145
3531 9024 1
3540 9227 1
3540 9564 6
3542 9680 18
3542 8846 1
3542 9998 3
3546 9906 1
3547 9861 5
3547 9687 1
3547 9270 1
3568 8809 1
3568 8760 8
3568 9975 5
3577 9664 1
3577 9227 1
3579 9466 1
3579 8934 15
3579 9604 1
3579 9775 1
3579 8629 4
3579 8972 1
3579 9213 10
3580 8587 2
3580 9229 1
3580 8593 2
3580 9489 1
3596 8723 2
3596 9332 1
3596 9750 1
3596 9343 2
3596 9710 1
3596 9502 4
3603 8858 1
3603 8595 6
3603 9253 1
3603 9886 1
3603 8596 1
3603 8663 1
3603 9464 1
3603 9888 1
3655 8629 2
3655 9195 16
3655 9455 27
3690 8943 1
3690 9088 19
3690 9856 1
3696 9901 1
3696 9504 2
3696 9519 2
3722 8934 1
3722 9735 1
3722 9425 1
3722 9805 1
3722 9863 1
3728 8575 12
3728 9285 1
3734 9895 4
3734 9938 26
3749 8539 1
3749 9685 1
3749 8858 1
3753 9937 1
3753 8644 200
3753 9382 1
3753 8798 1
3771 8730 5
3771 9253 1
3771 9212 2
3771 9277 2
3771 9670 1
3783 8615 8
3783 8604 6
3798 8941 3
3798 9868 1
3798 9251 2
3798 9796 5
3798 9061 1
3802 8852 1
3802 9206 5
3802 9156 1
3802 9376 1
3802 9578 1
3802 9687 1
3802 8766 1
3802 9441 1
3804 9574 1
3804 9474 4
3805 8783 2
3805 9558 4
3806 9715 1
3806 8672 1
3806 8731 1
3806 9326 3
3810 8878 11
3810 9870 1
3810 8667 1
3810 8875 1
3810 9841 3
3822 8882 1
3843 8553 1
3843 9060 1
3843 9898 8
3843 9676 1
3845 8863 1
3845 9819 1
3873 9173 81
3873 9950 4
3873 9423 2
3873 8837 1
3873 9420 1
3888 9697 1
3888 8782 1
3893 8946 1
3893 9145 1
3929 9506 3
3929 8659 1
3929 8910 5
3929 9998 1
3945 8737 4
3945 8533 1
3946 8568 13
3946 9184 1
3946 8954 1
3946 9973 1
3946 9696 1
3965 9483 2
3968 8941 1
3970 8717 1
3970 9668 6
3970 9840 1
3970 8892 1
3970 9004 1
3970 8893 1
3998 9156 7
3998 8794 1
3998 9307 3
4008 9033 2
4008 9980 1
4008 9434 3
4033 8912 10
4033 8728 5
4069 9333 1
4069 9479 1
4073 9434 1
4073 8539 2
4073 9026 10
4082 8625 2
4082 9791 1
4120 8761 1
4120 9650 1
4124 9574 1
4124 9113 1
4124 9490 1
4136 9243 1
4136 8973 1
4136 9313 3
4136 9653 20
4136 8854 1
4147 9065 1
4152 9173 2
4158 8654 1
4158 9630 4
4163 9715 3
4163 8941 1
4164 9405 28
4164 9478 4
4164 9692 2
4164 9242 1
4164 9842 8
4164 9071 1
4185 8824 1
4185 8693 1
4185 9387 1
4185 9517 31
4185 9621 1
4185 9846 3
4185 9082 1
4209 9149 1
4209 8761 2
4217 9882 2
4217 9800 1
4217 9004 6
4217 9161 1
4217 9195 1
4219 9879 6
4219 9330 2
4236 9304 1
4236 9178 2
4236 8784 2
4236 8997 3
4236 8534 1
4236 8551 1
4236 9145 1
4237 9514 1
4237 9354 11
4237 9577 47
4237 9652 1
4237 8536 4
4237 8788 1
4237 9392 3
4237 9669 1
4239 9860 2
4239 8882 2
4239 9683 8
4239 9242 1
4239 9806 1
4247 8584 2
4247 8830 1
4247 8660 1
4247 9395 2
4254 9212 1
4270 9517 1
4270 8580 3
4270 9698 1
4270 9265 1
4270 8669 1
4270 9044 1
4270 8918 1
4270 9746 1
4270 9979 1
4270 8997 2
4270 9885 1
4291 9171 1
4291 9196 1
4291 9831 1
4291 9951 1
4326 8755 1
4356 9741 1
4356 9226 4
4356 9479 1
4356 9065 1
4356 9857 3
4363 9156 1
4363 8762 3
4363 9108 1
4403 8621 1
4412 9467 1
4412 9862 17
4412 9897 2
4412 8766 1
4415 9535 7
4415 9968 1
4415 8846 1
4415 9066 1
4415 8811 1
4415 9586 9
4415 9868 1
4426 9965 1
4426 9250 1
4432 8884 6
4465 8870 23
4468 9434 14
4468 8584 1
4477 8564 1
4489 9629 2
4489 8829 1
4491 9113 1
4491 9086 14
4491 9156 1
4491 9704 3
4508 9068 1
4508 9612 1
4513 8669 1
4513 9366 4
4513 9916 1
4513 9799 21
4527 9509 4
4527 9968 1
4527 8748 2
4527 9956 2
4531 9145 1
4531 8889 1
4531 9467 1
4531 8677 1
4552 9938 1
4552 9459 1
4552 9636 8
4552 9173 4
4555 9888 1
4555 9476 3
4566 8744 2
4566 9221 2
4576 9496 3
4576 9402 55
4576 9673 3
4597 9417 1
4597 8979 1
4610 9475 1
4618 8605 2
4618 8552 1
4618 8594 2
4622 8610 1
4622 9050 1
4623 8624 1
4623 9763 1
4655 8886 3
4655 8706 1
4655 9294 1
4655 9421 1
4655 9835 2
4659 9010 1
4659 9961 1
4661 8950 1
4661 9856 1
4661 9951 1
4661 9715 1
4664 9661 1
4664 9662 1
4664 9405 2
4664 9870 1
4664 9593 2
4664 9809 4
4664 9046 1
4664 9936 1
4666 8717 1
4666 9896 2
4666 9340 1
4666 9403 1
4666 9726 1
4666 9359 17
4666 9772 1
4677 9104 1
4688 8836 1
4688 8580 1
4688 9348 5
4688 9591 2
4688 8584 2
4688 9951 1
4708 9327 1
4708 9458 1
4708 9041 1
4708 9481 1
4708 8971 1
4708 9811 1
4708 8870 1
4708 9226 7
4728 8964 1
4728 9706 2
4728 8971 6
4728 9077 1
4728 8892 1
4728 9173 5
4728 9735 1
4748 8795 2
4748 8930 1
4748 9991 1
4753 8879 1
4753 9665 2
4764 9183 1
4764 9332 4
4765 9479 1
4765 9622 1
4767 8949 1
4767 9035 2
4767 9747 1
4770 9567 5
4783 9026 2
4783 9409 6
4783 8547 9
4783 9590 1
4803 8537 1
4806 9379 1
4809 9746 2
4809 9657 6
4809 9178 2
4810 9511 1
4810 8691 1
4816 9414 18
4816 9336 2
4816 9341 2
4874 9666 2
4874 9572 2
4874 8586 1
4874 8594 4
4881 9675 1
4881 9707 1
4881 9731 1
4881 9982 1
4908 9706 3
4908 9511 1
4920 9502 1
4920 9377 1
4920 9579 2
4920 9892 5
4920 9973 1
4938 9648 1
4938 9472 2
4938 9892 5
4938 9787 2
4938 9890 21
4940 9076 28
4940 9184 2
4940 8794 1
4940 8883 1
4943 9669 1
4943 9028 1
4947 8954 1
4947 8974 1
4947 8861 1
4957 8715 4
4957 8576 2
4957 8731 1
4957 9171 2
4957 9214 1
4957 9709 1
4957 8898 5
4957 8622 1
4957 9441 1
4957 9051 2
4958 9170 1
4958 9560 1
4958 9394 3
4961 9122 2
4961 9750 1
4970 9474 2
4970 8985 1
4970 8973 2
4970 9462 2
4978 9997 1
5012 9150 1
5012 9051 1
5012 9857 1
5012 9782 1
5015 8541 1
5015 8828 2
5018 8596 1
5018 8569 3
5026 9412 8
5026 8613 1
5026 9596 1
5033 9655 1
5033 9296 1
5033 8881 1
5033 9014 1
5071 9690 1
5071 8726 1
5075 9511 1
5075 9616 3
5075 9515 1
5089 9964 45
5089 9093 1
5089 9553 1
5102 8586 3
5102 9510 2
5111 9190 1
5111 8623 1
5111 9307 1
5111 9569 1
5111 9170 16
5127 9241 1
5127 9441 7
5127 9856 1
5127 9258 1
5127 8806 1
5127 9358 2
5134 9784 3
5134 9835 2
5134 9893 4
5134 9447 2
5158 9887 1
5182 8681 1
5182 9324 1
5205 9346 3
5205 9331 1
5205 9632 2
5205 8847 1
5205 9657 1
5225 9634 1
5225 9865 11
5225 9058 1
5225 9496 1
5225 9893 4
5229 9901 1
5229 9403 1
5229 9540 4
5229 9546 1
5229 9166 1
5229 9880 2
5231 8986 15
5231 9095 1
5231 9966 13
5250 8899 1
5250 9794 1
5250 8536 1
5252 8920 1
5252 8553 1
5252 9184 1
5252 8824 2
5252 9220 1
5252 9616 2
5263 9067 1
5263 9071 1
5263 9322 1
5263 8706 1
5263 9530 2
5263 9752 6
5263 9854 1
5263 9997 1
5267 9323 1
5267 8848 4
5277 8844 1
5277 9010 4
5277 9737 1
5279 9747 1
5279 9238 1
5279 9490 1
5281 9737 1
5281 8909 1
5284 9692 1
5284 8645 1
5284 8723 1
5286 9006 5
5286 8698 2
5286 9050 1
5286 9506 1
5286 8579 1
5299 8722 3
5299 8872 1
5303 9558 1
5303 9529 1
5303 9982 1
5308 8575 2
5308 9034 1
5308 8679 6
5308 9842 3
5352 9474 1
5352 8861 1
5360 9033 1
5360 9551 3
5360 9539 1
5360 9915 1
5381 9200 3
5381 9682 3
5388 9294 26
5388 8595 3
5388 9231 1
5388 9476 1
5388 9884 1
5388 9903 2
5388 9206 1
5388 9581 1
5403 9580 4
5403 9167 1
5403 8703 1
5403 8562 1
5403 8734 1
5403 9487 1
5403 9553 1
5403 9669 1
5403 9771 1
5405 9221 13
5405 9070 1
5405 8930 1
5406 9726 1
5406 9442 1
5421 9986 17
5436 8534 1
5436 9078 1
5436 8830 1
5436 9921 2
5436 9665 3
5441 8676 1
5441 9240 1
5459 9033 1
5459 8591 2
5459 9010 2
5459 9259 1
5459 9437 2
5469 8882 3
5469 9339 1
5469 8624 1
5469 9815 1
5475 9448 1
5475 8556 16
5475 9007 3
5475 9387 1
5485 9928 1
5485 9705 1
5485 9107 200
5485 9505 3
5485 8820 1
5485 9655 1
5485 9749 1
5485 9982 2
5487 8948 1
5487 9229 1
5487 8923 5
5511 9276 1
5513 9543 1
5513 8840 1
5513 9698 1
5517 8603 1
5517 9459 2
5517 9115 5
5517 9906 2
5526 8544 1
5526 9381 9
5526 9282 1
5526 9202 2
5526 9649 6
5526 9776 1
5530 9453 1
5537 9971 1
5537 9328 14
5537 8847 5
5537 8616 4
5537 8716 1
5537 9649 1
5537 9320 2
5557 9842 1
5557 8702 1
5557 9621 3
5557 9962 1
5576 9815 3
5576 8902 1
5576 9804 3
5584 8916 1
5584 8572 2
5584 9757 1
5587 9854 4
5587 8946 2
5587 9597 3
5608 9630 1
5608 9423 1
5608 8739 3
5608 9962 1
5608 9987 1
5609 8601 4
5609 9103 1
5609 9031 1
5609 9928 1
5625 9996 1
5639 9809 1
5639 9590 2
5639 9097 1
5639 9117 3
5639 9651 1
5656 9660 1
5656 9956 1
5656 9307 2
5656 9054 8
5656 8670 32
5662 9353 2
5662 9805 1
5662 9033 1
5662 9105 1
5662 8604 3
5662 9709 4
5666 8991 2
5666 9378 1
5666 9699 1
5666 8738 4
5666 9499 1
5672 9301 2
5672 8804 3
5672 9365 2
5693 9405 1
5693 9161 1
5693 9990 2
5693 9070 2
5695 9748 2
5695 9344 44
5698 8996 1
5698 9943 1
5698 8865 1
5699 9827 1
5699 8754 1
5699 8616 1
5699 9907 1
5699 9981 1
5699 8734 1
5699 8788 1
5700 9666 3
5700 9749 4
5700 8926 1
5700 8563 1
5700 9040 1
5709 9195 1
5735 8857 1
5735 9412 6
5735 8595 4
5735 9765 1
5735 9807 1
5741 9024 4
5741 9434 1
5749 9634 4
5749 9618 1
5750 9366 1
5750 9201 1
5765 8559 1
5765 9119 1
5770 9651 1
5770 9009 1
5770 9408 1
5782 9881 3
5782 8872 1
5782 9774 2
5803 8872 3
5803 9509 2
5803 8741 3
5803 9284 1
5805 9879 1
5805 8823 1
5805 8748 1
5805 9550 4
5814 9020 1
5814 9242 1
5814 9770 2
5883 8559 1
5883 8775 2
5886 8576 1
5886 8601 1
5886 9809 1
5895 8892 1
5895 9828 1
5895 9699 8
5895 9748 9
5897 9483 2
5897 9083 1
5905 9882 1
5928 8676 3
5928 8610 1
5928 9657 1
5928 8846 1
5941 9220 1
5941 8795 1
5941 9087 1
5941 9067 1
5941 9771 2
5941 8838 8
5941 9590 1
5941 8967 4
5942 8898 1
5942 8562 11
5951 9026 1
5951 8645 1
5951 9499 1
5951 9535 1
5951 9205 1
5951 9215 1
5961 8760 1
5961 9672 1
5961 9575 1
5978 9798 1
5978 9432 2
5978 8820 7
5978 9533 1
5984 9345 1
5984 9439 1
5984 9241 1
5984 8958 41
5984 8756 1
5989 9005 12
5989 9696 1
5989 9834 1
5989 9828 2
5992 8917 1
5992 8972 1
5992 9423 1
5996 8958 1
5996 9878 1
5998 9668 6
5998 8808 1
6003 9359 1
6003 8850 1
6003 8917 3
6003 9690 1
6003 9860 8
6003 9455 1
6003 9862 2
6007 9472 1
6007 8665 1
6007 8846 1
6007 8783 1
6051 9451 3
6051 9131 3
6051 9791 1
6051 9899 3
6051 9547 1
6051 9851 1
6051 9015 3
6057 9532 1
6057 9026 34
6080 9664 2
6080 9562 21
6080 9863 4
6080 9195 4
6080 9388 3
6124 8950 1
6124 8698 1
6124 8829 3
6124 9035 1
6131 9554 192
6131 9819 1
6131 9952 1
6131 9812 2
6131 9376 1
6131 9871 1
6133 9485 1
6146 9757 5
6147 9002 21
6169 8793 2
6169 9835 3
6169 9241 1
6169 9541 1
6169 8850 3
6169 8743 1
6169 9122 1
6171 9372 3
6187 9341 1
6187 9258 5
6187 9964 6
6213 8799 6
6213 8934 4
6215 8778 1
6215 9842 18
6215 8775 1
6215 9444 2
6215 9966 2
6216 9863 1
6253 9461 2
6253 9795 1
6255 8964 2
6255 9593 1
6255 9642 2
6255 9511 2
6266 9777 1
6266 9472 1
6274 9264 2
6274 9308 1
6274 9453 1
6274 9129 3
6285 9410 1
6285 8669 1
6305 8724 2
6305 9637 2
6305 9833 1
6331 8971 2
6331 9782 1
6331 9509 3
6331 8584 9
6331 9675 1
6331 9693 1
6331 9007 4
6364 9189 1
6384 8947 1
6384 9226 16
6388 9833 1
6388 8820 2
6388 9481 2
6400 9316 1
6400 8829 1
6400 8757 1
6400 9259 2
6400 9704 3
6400 9774 1
6400 8544 3
6400 9874 1
6445 9040 1
6445 9421 5
6445 9441 5
6445 9382 2
6445 8693 2
6445 8707 1
6461 8845 1
6461 9920 1
6468 9618 1
6468 8782 3
6484 9439 2
6492 9706 2
6492 8761 2
6492 9567 3
6492 9586 3
6492 9855 1
6492 8964 1
6516 9053 1
6516 8722 1
6516 9456 1
6516 9807 1
6517 9073 1
6517 9530 1
6519 9262 2
6519 9533 2
6519 9944 1
6537 9997 4
6537 9463 1
6537 9896 2
6537 9070 1
6537 9793 1
6544 8978 3
6546 9548 3
6546 9442 1
6546 9327 2
6562 9068 1
6562 9458 9
6562 9276 2
6562 8670 5
6562 9066 1
6562 9650 1
6574 9572 1
6587 8562 1
6587 9673 5
6587 9256 3
6592 9348 1
6592 9130 1
6602 8829 1
6602 8978 1
6602 9019 1
6602 9719 1
6602 9968 1
6628 9045 1
6628 9722 1
6628 9138 7
6628 9148 1
6628 9493 6
6628 9621 19
6628 9202 1
6635 9606 1
6635 9689 1
6635 8996 1
6635 9889 200
6656 9592 1
6656 8736 2
6656 9418 12
6657 9848 1
6657 9691 2
6696 9559 1
6700 8835 2
6700 9448 5
6700 8662 2
6701 8566 2
6701 9532 2
6701 9059 4
6701 9745 3
6706 9952 1
6706 9184 1
6711 9801 4
6711 9129 1
6711 8800 1
6711 9739 1
6711 9948 13
6725 9172 1
6725 9560 31
6732 8631 1
6751 9805 2
6751 8692 1
6751 8795 2
6756 9415 1
6756 9548 2
6773 9656 1
6773 9905 2
6774 9937 1
6774 8929 1
6774 9375 2
6778 8692 1
6778 9503 8
6778 9425 3
6782 9372 8
6782 9763 1
6786 9100 1
6786 9704 1
6793 9351 2
6793 9256 1
6793 9283 1
6793 8950 6
6794 9278 1
6794 9415 1
6794 9677 2
6794 9776 200
6794 9113 1
6801 9453 2
6801 8631 24
6801 8998 4
6806 8919 1
6806 9217 2
6806 8886 1
6806 9174 1
6808 8990 1
6808 8815 1
6808 8920 1
6808 9330 2
6808 9232 1
6808 9407 1
6808 9077 2
6826 9829 1
6826 9843 3
6826 9086 1
6826 9313 1
6826 9409 2
6826 9809 1
6831 8773 1
6831 9200 1
6831 9963 6
6839 9829 5
6839 9740 1
6839 9020 26
6846 8587 2
6846 9073 1
6846 9563 1
6849 9561 2
6849 9764 2
6849 9769 3
6849 9606 1
6862 9828 1
6862 9036 12
6868 9456 1
6894 9326 5
6894 9541 1
6894 9477 1
6898 8798 1
6898 9503 2
6898 9833 1
6898 9393 1
6898 9421 14
6926 9597 1
6926 9970 4
6933 8832 1
6933 9166 2
6933 9970 1
6933 9555 1
6933 9666 1
6937 8596 6
6942 9023 1
6942 9497 1
6942 9670 1
6942 9295 2
6942 9878 1
6942 9050 1
6942 8858 1
6942 9574 1
6942 9741 1
6954 8994 1
6954 9316 1
6954 9796 1
6961 9745 1
6961 9548 1
6961 8693 1
6961 9521 1
6961 8883 1
6961 9504 1
6961 9249 1
6974 9233 7
6974 9618 1
6974 8871 1
6974 9344 1
6974 8966 1
6979 9557 1
6979 9510 3
6992 8635 2
6992 9076 1
6992 9323 1
6992 9480 2
6998 9150 1
6998 9432 1
6998 9993 3
6998 9192 1
6998 8755 1
7025 8660 2
7025 9869 1
7025 9279 1
7033 9415 2
7033 9613 1
7033 9625 1
7033 9828 44
7033 8848 1
7041 9004 1
7041 9648 1
7042 8803 1
7042 8714 5
7042 9446 1
7044 9392 1
7044 9014 5
7044 9509 2
7044 8807 9
7057 9699 1
7057 8667 1
7057 9174 4
7065 8568 7
7065 9453 1
7065 9987 9
7067 8955 1
7067 8980 1
7067 9292 1
7067 9354 1
7067 9652 1
7067 9709 1
7069 9871 29
7069 8985 2
7069 8786 1
7069 8924 12
7069 8762 2
7069 8857 1
7069 9856 2
7075 8960 1
7075 9525 1
7077 9378 1
7077 9163 1
7077 9729 2
7086 8607 2
7086 8569 2
7086 8674 1
7086 8610 1
7086 8895 1
7086 9551 1
7106 9171 1
7106 8579 1
7106 8655 1
7106 8889 18
7127 8586 2
7127 8994 2
7127 9664 1
7127 9300 1
7130 8581 1
7130 8800 2
7130 9592 2
7142 8981 1
7142 8719 1
7142 8926 1
7142 9605 2
7155 9378 1
7155 9096 5
7155 9732 2
7156 9787 5
7156 8551 1
7156 8813 1
7156 9256 1
7156 9874 1
7156 9331 1
7156 9475 1
7156 9577 2
7166 8775 1
7166 9174 42
7168 9217 4
7168 9311 1
7180 8552 1
7180 9131 1
7180 9157 1
7190 9566 4
7190 9067 1
7190 9131 1
7190 9801 1
7190 8983 1
7198 8723 1
7203 9061 1
7203 8850 1
7208 9096 1
7208 9567 2
7208 9692 1
7215 9543 39
7215 9729 2
7216 9242 4
7226 8667 3
7226 8738 1
7226 9318 2
7234 9184 2
7234 8595 1
7234 9683 1
7234 9075 1
7234 9175 1
7234 9781 5
7234 8952 2
7234 9251 2
7234 9335 9
7234 9722 1
7249 9964 1
7250 9198 1
7250 9409 2
7267 8950 1
7267 9023 1
7267 9465 2
7267 9948 2
7268 8878 1
7268 9019 1
7271 8916 1
7271 8649 1
7273 9408 3
7273 8624 1
7273 9326 2
7273 8568 5
7273 9006 1
7310 8784 2
7310 8536 1
7310 9841 1
7310 9138 6
7322 9581 1
7322 9679 7
7322 9417 1
7322 8965 9
7322 9404 1
7322 9980 1
7322 8969 1
7333 9956 1
7333 9005 1
7333 8648 1
7333 8998 1
7333 8662 1
7333 9442 1
7334 9028 1
7334 9240 1
7343 9250 2
7343 9313 1
7343 9740 2
7343 9904 1
7343 8708 1
7343 9031 1
7344 9583 7
7344 9241 1
7347 9284 1
7347 8879 1
7347 9846 1
7347 8622 6
7347 9887 1
7360 9199 1
7367 9539 2
7367 9556 2
7367 9773 8
7367 9054 1
7367 9778 3
7367 9565 1
7394 9391 6
7394 9773 1
7397 9576 1
7397 9639 1
7397 9504 4
7397 9526 1
7397 9535 1
7397 9594 7
7412 8798 3
7412 9855 2
7412 8783 7
7412 9565 2
7412 9981 1
7414 8829 1
7414 8533 5
7414 9639 1
7414 9746 13
7423 9289 1
7423 8677 1
7423 9046 5
7423 9838 2
7423 8535 2
7426 9429 1
7436 8551 2
7436 9041 5
7436 9191 1
7436 8623 2
7455 8660 1
7455 9274 1
7455 9734 1
7455 9943 3
7471 9114 1
7488 9985 1
7488 9990 1
7504 9889 4
7504 9382 2
7504 9905 1
7525 9807 2
7525 9054 1
7525 9533 3
7527 8722 4
7527 9028 1
7527 8896 1
7527 9384 4
7527 9740 1
7553 9540 1
7553 9190 4
7553 9377 4
7553 9338 2
7553 9843 1
7561 9267 7
7561 9532 1
7561 9113 1
7561 8997 1
7561 9495 1
7561 8838 2
7561 9090 1
7561 9445 1
7569 9474 8
7569 9708 1
7569 8800 1
7569 9496 1
7569 8537 1
7569 9179 2
7569 8745 1
7582 9867 1
7582 9114 2
7591 8806 1
7591 9933 1
7591 9862 1
7591 8592 1
7591 9795 1
7591 8580 1
7591 8899 2
7591 8801 7
7591 8977 5
7591 9058 2
7591 9451 1
7592 8815 1
7592 8839 3
7594 8946 200
7594 9589 80
7594 9059 15
7594 8575 1
7594 8968 1
7594 9378 3
7594 9599 1
7594 9731 1
7609 9900 14
7622 9861 1
7622 9352 1
7622 9664 1
7625 8649 1
7625 9068 1
7625 9876 1
7626 8585 1
7626 9850 1
7626 9437 2
7633 9265 1
7633 9747 22
7633 9122 1
7633 8540 1
7640 8757 1
7640 9444 3
7640 8798 1
7640 9426 2
7640 9015 1
7640 9348 1
7640 9732 1
7640 9952 17
7640 9379 1
7640 9643 1
7641 9495 1
7641 8566 1
7641 9820 1
7641 8986 1
7641 9508 3
7645 8895 1
7645 8919 1
7645 9999 2
7652 9191 1
7652 9677 2
7652 8840 1
7652 8931 2
7653 8634 1
7653 9162 2
7653 8730 27
7653 9328 1
7655 9922 5
7655 8799 2
7655 9427 1
7655 9463 3
7658 8605 2
7658 9336 7
7664 8714 3
7664 9231 2
7664 9218 1
7672 9408 1
7672 9132 1
7672 9969 1
7685 8800 2
7685 9734 5
7685 8553 1
7685 8743 8
7714 9634 13
7714 9650 1
7714 9915 1
7714 9949 1
7714 9474 1
7714 8982 1
7714 9410 1
7714 9794 1
7720 9593 3
7720 9683 1
7720 9974 1
7720 9992 1
7732 9957 200
7732 8681 1
7732 8872 1
7732 9398 1
7732 9526 2
7732 8879 1
7733 8898 3
7733 9385 1
7733 8535 3
7733 8697 1
7733 9506 1
7733 9734 1
7733 8603 1
7740 9851 1
7740 9676 1
7740 9619 1
7740 9868 2
7740 9040 2
7740 9571 1
7753 9279 1
7761 9661 8
7761 9805 1
7761 8804 4
7761 9642 1
7763 9828 1
7763 9183 1
7765 8681 1
7765 9128 10
7765 9268 1
7765 9455 1
7765 9944 1
7765 9764 1
7772 9764 2
7772 9865 6
7779 9292 1
7779 8717 1
7830 9192 4
7834 9180 1
7834 8853 1
7834 9131 4
7834 9596 1
7834 8540 1
7834 8697 1
7834 8796 1
7840 9095 1
7840 9353 2
7840 9409 1
7840 9642 2
7840 9097 1
7841 9345 1
7841 9998 1
7846 9474 3
7846 8984 2
7846 9824 1
7846 8813 1
7846 9300 1
7846 9387 1
7846 9925 1
7846 9944 5
7846 9566 2
7874 9415 2
7874 8714 1
7874 9860 2
7874 9886 4
7874 9952 1
7874 8983 3
7874 9447 2
7874 8789 3
7874 9044 1
7874 9904 1
7884 8644 5
7884 8968 1
7884 9890 1
7884 9040 1
7884 9255 1
7884 8613 1
7884 8942 1
7887 9277 1
7887 9693 1
7887 9834 5
7887 9612 1
7888 9295 1
7888 9030 1
7888 9678 1
7888 9873 9
7894 9489 6
7894 8998 1
7907 9135 1
7907 8702 2
7907 8546 1
7907 8715 2
7907 9175 2
7907 9952 1
7908 8680 2
7908 9555 5
7908 9414 2
7908 9088 3
7939 9587 5
7939 9304 1
7939 9327 1
7939 8688 2
7953 8801 1
7953 9987 1
7953 9614 12
7953 9376 1
7964 9046 10
7964 8820 2
7964 8845 1
7972 9189 1
7972 9341 2
7975 9583 1
7975 9125 200
8003 9301 39
8003 8928 1
8003 8909 1
8003 9865 1
8003 8902 32
8009 9236 1
8009 8967 1
8009 8887 1
8014 9606 2
8014 8742 22
8014 8908 2
8014 9834 1
8014 9991 1
8027 9052 1
8027 8882 1
8028 9916 1
8028 8985 1
8028 9292 18
8028 9105 1
8028 8962 1
8032 9555 1
8032 9769 2
8041 9285 2
8041 8931 1
8041 9389 1
8041 9478 1
8064 9956 3
8064 9592 1
8064 8757 1
8077 8563 6
8077 8832 1
8077 9378 3
8080 9335 1
8080 9955 1
8080 9331 1
8080 9467 1
8134 8542 1
8134 8973 1
8134 9061 1
8134 9434 2
8134 8895 1
8134 9267 1
8143 9785 1
8143 8928 1
8143 9860 5
8148 8834 1
8148 9550 3
8148 9633 1
8148 8566 1
8149 8893 1
8149 9988 3
8179 9346 2
8179 8954 1
8185 9405 1
8185 9496 2
8187 9002 1
8187 8799 7
8187 9217 3
8187 9933 9
8201 8773 1
8204 8902 1
8204 9763 1
8204 9276 1
8207 9058 1
8207 9269 4
8207 9599 1
8207 8648 2
8210 8853 1
8210 8976 1
8210 9233 1
8211 9594 2
8211 9135 1
8218 8551 2
8218 9862 1
8218 9532 1
8222 9820 1
8222 8587 1
8222 9708 1
8224 9295 1
8224 9973 48
8224 9412 1
8226 9366 3
8226 9914 35
8232 9722 1
8232 9117 4
8232 8891 2
8232 9006 1
8232 8704 1
8232 8745 1
8232 8923 3
8242 9014 2
8242 8799 1
8242 8840 1
8242 9455 1
8242 9541 1
8242 9322 11
8242 9676 1
8242 9016 4
8242 9653 2
8244 9804 1
8244 9896 1
8244 9668 1
8244 8793 1
8244 9827 1
8244 9829 1
8244 9483 1
8244 9911 1
8244 9024 1
8244 9269 4
8244 9250 1
8252 9365 1
8252 9517 1
8252 9103 1
8252 9478 1
8252 8634 1
8252 8793 12
8252 9151 1
8252 8561 1
8252 8838 3
8252 9105 1
8252 9843 3
8252 9907 1
8252 9953 15
8274 9831 6
8274 8961 2
8274 9261 1
8275 9844 1
8275 9339 1
8280 8933 1
8280 9237 4
8285 9949 1
8285 8770 1
8285 8816 6
8285 8834 2
8285 9034 21
8285 8654 1
8287 9564 1
8287 9653 1
8287 8760 27
8287 8570 2
8323 8860 1
8323 8791 1
8334 8703 2
8334 9419 1
8334 9200 5
8338 8822 1
8338 9625 1
8338 9250 1
8338 8559 2
8341 9848 3
8344 9685 19
8344 9215 2
8344 9862 1
8344 9698 1
8344 9244 1
8358 9443 1
8359 9876 1
8359 9289 1
8359 8986 2
8359 9198 3
8359 8615 1
8359 9417 1
8359 9515 1
8359 8581 5
8361 9540 1
8361 8955 1
8361 9535 3
8384 9488 6
8384 8629 1
8384 8717 1
8384 8731 1
8384 9116 1
8396 8815 8
8396 8607 200
8396 8986 1
8396 8897 1
8396 9637 1
8397 9579 1
8397 9609 2
8397 9941 8
8397 8540 1
8397 9100 5
8397 9726 1
8397 9775 1
8410 9180 1
8410 8969 1
8423 9148 1
8423 8757 2
8423 8707 1
8423 8575 1
8423 8992 1
8437 9060 1
8437 9070 1
8437 9754 2
8437 9855 1
8439 9832 2
8439 8631 1
8439 8710 12
8439 9170 2
8466 9550 1
8466 8788 1
8466 9833 1
8466 8541 1
8470 9678 2
8473 8840 1
8473 9718 2
8473 9955 2
8477 9764 1
8477 8853 1
8495 8715 2
8495 9839 1
8495 9710 5
8495 9870 1
8499 8887 3
8499 9963 1
8499 8946 1
8519 9053 6
8519 8595 2
8519 9991 2
8519 9556 11
8519 8536 1
8530 9656 2
8530 8796 12
8530 9487 2
8533 8925 1
8535 8936 3
8537 8769 1
8538 9370 1
8538 9501 1
8539 8633 2
8541 8543 18
8541 8687 19
8543 8663 1
8543 8942 5
8543 9028 3
8543 9516 2
8543 8823 3
8543 8727 1
8544 8763 1
8545 8982 1
8545 8887 3
8545 8811 1
8545 9495 5
8548 9392 2
8548 9695 3
8548 9745 1
8548 9052 2
8549 8775 1
8549 9576 2
8550 8720 39
8551 8630 1
8551 9029 3
8551 8792 1
8552 9001 4
8554 8979 2
8554 8697 1
8554 9412 6
8554 9869 1
8555 9873 1
8556 9158 2
8557 8965 1
8557 9175 1
8557 9254 1
8557 9476 1
8557 9005 1
8558 9864 1
8559 8701 1
8559 9293 1
8559 8661 1
8560 9886 1
8560 9404 1
8560 9236 1
8561 8690 1
8561 9072 1
8565 9128 200
8565 9471 2
8565 9107 1
8565 9683 1
8566 9663 1
8567 9881 5
8570 8608 1
8571 9578 1
8571 8912 1
8571 9254 1
8571 9547 1
8573 8703 1
8573 8824 16
8573 9496 2
8573 8576 1
8573 8897 4
8574 9222 1
8577 8705 2
8577 8638 1
8578 9867 2
8578 8883 1
8579 8720 1
8580 8705 3
8581 9143 1
8582 8837 1
8582 9465 78
8582 9904 3
8583 9867 1
8583 9189 1
8586 8696 2
8588 9771 3
8588 9026 5
8588 9066 1
8588 8789 1
8588 9189 1
8588 8833 1
8589 9592 2
8590 9108 1
8590 9500 5
8590 9435 1
8590 8891 2
8590 9624 1
8592 9081 1
8594 8626 2
8595 9484 2
8596 9684 3
8597 9970 3
8597 9047 1
8597 8822 1
8597 9199 3
8598 9152 2
8598 9771 2
8598 9047 1
8599 8941 1
8599 9402 3
8599 9720 3
8599 8984 2
8599 9238 1
8599 9706 1
8600 9414 1
8600 9975 2
8600 8828 1
8600 9666 1
8600 9227 2
8601 9753 1
8601 8609 31
8602 9353 2
8602 9218 6
8602 9300 1
8602 9309 1
8602 9975 1
8604 8711 1
8604 8877 1
8605 8957 30
8606 9745 1
8606 8616 1
8606 8849 5
8606 9907 1
8606 9316 1
8606 9916 1
8607 9158 1
8608 9571 1
8608 9197 2
8608 9781 2
8608 9510 1
8608 8909 1
8608 9634 2
8609 8950 1
8609 8778 1
8609 8839 2
8609 8654 2
8609 8908 2
8609 9508 1
8609 9616 1
8609 8650 1
8610 9972 1
8611 8843 1
8611 9721 2
8611 9294 2
8614 9116 29
8614 8896 1
8614 8971 4
8615 9310 3
8618 9944 1
8618 8970 6
8618 8892 9
8618 8949 1
8619 9345 3
8619 8949 2
8619 9838 1
8619 8815 13
8620 8969 2
8620 9339 2
8620 8724 2
8620 9093 1
8620 9934 2
8622 9208 1
8623 9484 4
8625 8935 1
8625 9102 1
8626 9497 1
8626 9967 1
8627 9130 1
8628 9037 2
8629 8636 1
8630 9229 2
8630 9615 1
8630 9070 1
8630 9721 1
8630 9345 2
8630 9608 1
8630 8976 2
8630 9260 2
8630 9959 1
8632 9951 2
8632 9016 1
8633 9665 1
8633 8915 1
8633 9840 1
8633 9973 4
8633 9183 1
8633 9880 1
8633 9723 1
8635 9203 3
8636 9534 1
8637 9001 1
8638 9116 1
8638 9393 1
8638 9458 6
8639 9653 1
8639 8697 33
8640 9791 1
8640 8647 1
8640 9990 1
8640 9884 1
8640 9662 1
8640 9868 1
8640 8881 1
8641 9699 1
8641 9936 1
8641 8646 2
8642 9277 1
8642 9832 2
8642 8650 2
8642 9718 1
8644 8687 4
8644 9762 1
8645 9486 1
8646 8938 1
8647 9273 1
8647 9013 4
8648 8890 29
8650 8927 1
8651 8954 1
8651 9490 1
8651 9656 4
8651 9196 2
8651 9625 1
8652 9260 1
8652 9162 1
8652 9694 1
8653 9228 1
8653 8722 1
8656 9569 1
8656 9916 1
8656 9824 15
8657 8748 1
8657 9282 2
8657 8889 2
8657 9832 1
8657 9904 1
8658 8693 1
8658 9183 1
8658 9219 1
8658 9308 4
8658 9752 7
8659 8768 1
8662 8862 2
8664 8954 1
8664 8962 3
8666 8831 1
8666 8985 1
8666 9088 1
8666 9285 7
8668 9008 3
8671 8677 5
8671 9525 1
8671 8843 11
8671 9385 1
8673 9387 1
8674 8769 1
8674 9069 1
8675 8914 1
8675 8931 1
8675 9152 1
8675 9775 200
8675 9672 1
8675 9991 1
8676 8700 2
8678 8912 5
8678 9502 3
8678 9471 5
8678 9547 1
8679 8792 2
8681 8746 1
8682 8702 1
8682 8974 1
8682 9551 1
8683 9281 1
8684 9027 1
8684 9892 1
8684 9647 1
8684 9769 1
8684 9149 4
8684 9526 1
8684 8992 1
8684 9020 3
8684 8743 2
8684 9637 8
8685 9797 1
8685 9552 3
8686 9773 1
8686 8972 1
8686 9863 1
8686 9063 10
8687 8809 1
8687 9007 1
8687 8860 1
8687 9787 1
8687 9832 3
8688 9945 1
8689 9507 1
8690 9752 57
8690 9773 1
8690 8738 2
8690 8884 2
8690 9221 4
8690 9385 2
8691 8759 1
8695 9888 10
8695 9707 1
8696 9472 1
8696 8807 1
8696 9969 1
8696 9667 1
8696 9192 1
8699 8794 1
8699 9820 3
8699 9217 3
8699 9344 1
8699 9777 200
8699 9485 1
8699 9853 1
8700 9084 1
8700 8823 11
8703 8959 2
8705 9004 1
8705 9986 2
8705 9691 4
8705 9667 2
8707 8900 1
8709 8866 3
8710 9663 7
8710 8821 2
8711 8923 3
8711 9297 1
8711 9677 1
8711 9746 3
8711 8852 1
8711 8950 1
8711 9572 8
8711 9857 1
8712 9293 1
8713 9055 1
8713 9897 1
8713 9905 4
8713 8914 1
8713 9338 1
8713 9886 13
8717 8751 1
8718 9436 1
8718 9713 1
8719 9025 1
8720 9130 1
8720 9227 10
8720 9084 1
8720 9150 2
8720 9201 1
8720 8947 1
8720 9343 2
8720 9835 1
8721 9460 2
8721 9074 1
8725 9113 1
8725 8786 1
8726 8759 2
8728 9753 1
8729 9015 1
8730 8953 1
8731 8921 6
8732 9898 1
8732 8806 7
8732 9956 16
8732 9213 1
8732 9827 1
8733 9850 1
8733 9961 1
8733 9998 1
8733 9423 1
8733 9962 1
8733 8931 2
8735 9965 1
8735 9429 7
8736 9611 12
8737 9864 2
8737 9945 1
8739 9064 20
8740 9712 2
8740 9200 1
8742 8749 1
8745 9808 3
8746 9629 1
8746 9580 1
8747 9985 1
8747 8844 1
8749 9038 1
8749 9328 2
8749 9881 1
8749 9838 1
8750 9147 1
8750 9278 2
8751 9787 1
8751 9174 2
8751 9082 1
8751 9581 1
8752 8794 1
8752 9351 3
8752 9376 1
8752 9844 6
8753 9014 1
8754 8936 200
8758 9281 1
8758 9395 1
8758 9937 2
8758 9228 1
8759 9381 1
8759 9540 6
8759 9896 6
8763 9294 2
8763 9446 2
8763 9785 1
8764 9326 1
8764 9165 1
8765 9095 1
8765 9077 1
8765 9171 7
8765 9559 1
8765 9562 1
8767 9967 1
8767 8829 1
8767 9264 1
8767 8895 3
8767 9402 1
8767 9733 2
8767 9745 5
8767 9288 1
8767 9616 9
8767 8982 1
8768 9541 1
8768 9925 20
8768 9218 3
8768 9606 1
8768 8831 1
8769 9086 1
8769 9493 6
8769 9358 1
8769 9065 1
8770 9849 1
8771 8931 1
8773 8862 3
8774 8779 1
8776 9559 1
8777 9427 8
8777 9107 1
8778 8890 2
8779 9749 4
8779 9240 1
8780 9020 3
8780 8832 7
8780 9644 1
8780 8865 2
8780 9911 1
8781 9285 3
8781 9129 1
8781 8958 1
8785 9712 1
8785 9105 1
8785 9677 2
8787 8899 1
8787 9705 7
8787 9689 2
8789 8805 6
8790 8869 2
8790 9325 2
8792 9214 5
8792 9265 1
8792 9372 1
8792 9365 1
8792 9519 2
8792 9841 1
8792 8917 3
8793 9222 1
8797 9365 4
8799 8821 1
8802 9565 1
8803 9049 1
8803 8900 3
8805 8840 1
8805 9333 1
8806 8945 1
8809 9954 9
8810 9967 1
8810 9407 3
8812 9071 1
8813 8927 9
8814 9527 1
8817 8888 1
8818 9683 1
8818 9034 4
8818 9839 1
8819 9355 1
8823 9079 2
8825 9205 6
8825 9170 2
8825 9911 1
8825 9854 3
8825 8918 1
8829 9072 1
8830 9092 2
8830 8866 1
8832 9257 4
8833 9730 1
8834 8877 2
8835 9367 1
8836 8911 1
8838 9552 1
8841 8874 1
8842 9494 3
8842 9752 1
8842 9575 1
8842 9587 1
8842 9265 3
8842 9961 9
8845 9942 1
8851 9931 1
8851 9529 4
8852 9293 4
8853 9143 1
8854 9342 3
8856 8962 1
8859 9232 1
8859 9933 8
8859 8910 2
8859 9794 4
8859 9023 2
8859 9466 23
8859 9197 1
8859 9777 1
8861 8935 1
8862 9541 1
8863 9081 1
8864 8997 1
8864 9420 1
8864 9770 3
8864 9882 1
8864 9919 1
8867 9652 1
8867 9644 1
8868 9274 1
8868 9137 1
8869 9237 1
8869 9625 1
8869 9060 1
8869 9087 4
8869 9566 2
8869 9685 1
8871 9037 1
8871 9716 1
8873 9358 3
8873 9793 32
8873 9062 1
8873 9076 2
8873 9697 4
8873 9979 89
8874 8969 2
8874 8910 8
8874 9313 3
8874 9471 1
8876 8967 1
8877 9592 1
8878 9501 3
8878 9762 1
8878 9144 1
8878 9742 1
8880 9258 1
8882 9012 1
8885 9477 2
8885 9465 1
8888 9906 1
8888 8992 1
8888 8966 1
8888 9502 1
8888 9067 2
8890 9238 1
8890 9763 1
8890 8898 5
8890 9934 3
8894 9304 1
8895 9484 1
8896 8937 2
8897 9037 1
8898 9810 3
8900 9408 1
8900 9240 1
8900 9866 1
8900 9014 1
8900 9132 1
8900 9075 2
8901 9629 1
8902 9611 1
8903 9905 1
8904 9708 1
8904 9505 1
8904 9979 1
8904 9062 2
8904 9445 13
8904 9075 2
8905 9753 8
8907 9497 1
8907 9493 1
8910 8988 1
8911 9563 2
8911 9546 1
8913 8992 1
8913 9451 5
8913 9798 1
8915 8945 2
8918 9081 1
8920 9942 7
8921 9665 3
8921 9678 1
8921 9601 1
8922 9708 1
8924 9600 1
8925 9447 2
8925 9429 1
8925 9425 2
8927 9130 1
8927 9493 2
8927 9135 1
8927 8948 2
8927 9561 1
8928 9325 1
8929 9013 1
8933 9273 1
8935 9532 1
8935 9324 4
8935 9581 1
8935 9601 1
8935 9282 1
8935 9653 4
8935 9910 10
8935 9932 1
8936 9633 4
8936 9103 2
8937 9850 1
8938 9651 35
8938 9928 3
8938 9283 1
8939 9915 3
8939 9213 1
8939 9649 4
8939 9996 2
8939 9392 1
8939 8952 1
8939 9543 1
8940 9068 1
8944 9697 2
8944 9301 1
8945 9219 2
8945 9265 1
8945 9359 1
8949 9159 2
8949 9037 5
8951 9490 7
8951 9528 1
8953 9955 2
8953 9714 1
8953 9873 1
8953 9444 6
8953 9023 3
8953 9529 2
8956 9674 1
8956 9301 3
8957 9332 3
8959 9335 2
8959 9615 5
8959 9820 1
8963 9591 3
8963 9192 2
8963 8978 7
8963 9405 1
8971 9484 1
8975 9157 6
8981 9042 1
8981 9029 1
8987 9109 2
8987 9492 1
8987 9494 9
8987 9881 2
8988 9432 1
8989 9092 1
8989 9713 1
8990 9730 1
8991 9021 1
8992 9486 13
8993 9300 1
8993 9041 1
8993 9555 2
8993 9233 1
8993 9253 7
8994 9069 2
8995 9641 3
8995 9172 1
8996 9079 3
8999 9843 1
8999 9609 14
9000 9827 1
9000 9034 1
9000 9806 3
9000 9906 1
9001 9051 16
9001 9439 3
9002 9797 14
9003 9759 1
9008 9014 1
9008 9900 1
9011 9930 1
9012 9219 3
9012 9848 1
9013 9223 2
9013 9587 7
9015 9273 1
9017 9885 3
9018 9546 2
9018 9624 2
9018 9609 1
9018 9851 1
9018 9784 200
9019 9079 1
9021 9837 1
9021 9275 1
9021 9692 1
9022 9854 1
9022 9023 1
9022 9812 1
9022 9152 1
9025 9038 1
9025 9125 1
9025 9596 45
9025 9874 1
9025 9953 1
9029 9190 1
9030 9537 1
9032 9506 2
9032 9938 1
9032 9279 2
9035 9411 1
9037 9557 3
9039 9382 1
9041 9742 4
9042 9952 2
9042 9821 2
9043 9773 3
9048 9115 1
9048 9149 1
9048 9188 1
9048 9792 1
9049 9674 1
9054 9430 1
9056 9834 2
9057 9456 2
9060 9158 1
9064 9387 2
9069 9559 1
9069 9525 1
9072 9096 3
9072 9190 1
9072 9229 1
9074 9583 1
9074 9414 1
9074 9897 1
9079 9604 2
9079 9569 1
9079 9636 2
9079 9820 12
9081 9959 1
9085 9324 200
9085 9589 3
9085 9389 1
9085 9580 2
9086 9864 30
9089 9105 2
9091 9434 1
9091 9447 1
9091 9575 1
9091 9503 1
9091 9941 2
9092 9694 5
9092 9300 3
9100 9411 1
9102 9534 1
9102 9733 1
9125 9611 5
9130 9370 1
9132 9222 1
9134 9294 1
9134 9510 1
9134 9249 1
9137 9367 1
9139 9972 1
9144 9270 1
9144 9506 1
9145 9810 12
9147 9484 1
9147 9302 1
9149 9411 1
9149 9864 1
9156 9430 1
9158 9719 1
9158 9643 1
9158 9281 1
9158 9950 9
9172 9713 1
9172 9430 3
9174 9430 2
9175 9537 1
9177 9460 1
9184 9310 1
9187 9816 1
9194 9588 1
9196 9406 4
9202 9484 1
9203 9752 2
9203 9951 8
9203 9811 1
9210 9486 2
9210 9537 1
9211 9266 1
9222 9278 3
9223 9272 1
9228 9293 1
9252 9411 3
9253 9273 1
9257 9414 2
9260 9364 1
9264 9849 1
9267 9436 2
9273 9517 2
9282 9486 2
9289 9942 1
9290 9929 1
9293 9589 1
9293 9771 2
9300 9753 3
9302 9685 1
9310 9782 6
9310 9603 2
9325 9355 5
9327 9430 1
9329 9566 4
9333 9810 1
9335 9797 1
9342 9625 13
9342 9417 1
9342 9427 1
9342 9570 8
9345 9945 1
9364 9884 1
9367 9625 2
9367 9651 2
9367 9640 4
9370 9796 116
9372 9849 11
9373 9595 6
9374 9459 3
9374 9377 8
9382 9537 4
9389 9716 1
9391 9810 2
9391 9486 6
9396 9994 1
9426 9742 1
9430 9599 2
9430 9572 42
9436 9740 1
9436 9986 5
9459 9753 3
9460 9988 20
9460 9871 1
9468 9602 4
9484 9497 5
9484 9953 3
9484 9948 1
9486 9800 1
9486 9694 1
9486 9993 1
9486 9986 1
9488 9684 3
9501 9675 1
9501 9801 1
9505 9942 5
9513 9894 1
9521 9716 1
9537 9650 4
9540 9753 1
9541 9717 3
9548 9717 2
9552 9997 2
9560 9684 7
9564 9716 1
9591 9753 1
9594 9716 1
9598 9843 1
9598 9979 1
9600 9787 1
9607 9797 1
9611 9875 1
9611 9782 1
9658 9946 1
9668 9753 2
9670 9891 1
9672 9742 1
9682 9945 1
9711 9747 1
9713 9791 3
9713 9768 2
9716 9903 2
9721 9730 1
9742 9895 11
9743 9878 2
9759 9864 5
9807 9849 1
9808 9965 1
9821 9891 2
9824 9849 2
9849 9888 3
9901 9954 1
