4 8615 1
4 8868 3
4 9165 15
4 9342 1
4 8861 2
5 2266 1
23 9852 1
23 9354 1
24 9463 1
24 9005 1
28 8715 200
28 8658 2
28 9690 2
28 8799 1
33 9385 1
33 9250 1
33 8894 7
33 9229 2
33 9707 1
33 9989 1
33 8855 2
33 9244 1
33 9280 1
33 9803 13
43 8985 9
43 8605 4
43 9340 1
73 9843 1
73 9224 1
73 9753 1
73 9968 2
76 8796 1
98 9158 1
98 9214 2
98 9443 1
98 9186 2
98 8722 6
98 9635 1
98 9025 1
98 9167 1
98 9550 3
112 9875 2
112 9916 12
112 9954 1
112 9174 1
117 8620 2
117 9023 1
117 9740 1
119 9890 1
119 8796 2
119 9928 1
119 9985 3
125 9751 1
125 8617 1
125 8684 3
125 9064 1
125 9656 1
125 8894 1
125 9142 4
125 9368 1
125 9684 7
129 9470 3
129 9736 1
129 9256 5
129 9621 10
129 9279 2
130 9131 1
130 9380 1
130 8688 3
158 8551 14
158 8597 1
158 9668 9
176 9732 1
176 9586 1
176 9687 1
197 8859 2
197 9637 1
197 9769 1
197 8772 12
197 9498 2
197 8580 1
197 9905 1
198 9034 1
220 9919 1
220 9210 1
220 9812 1
222 9093 6
222 9550 2
222 9851 5
222 9156 1
222 9296 2
222 9429 31
222 9811 2
222 8612 2
222 9411 2
222 9264 1
222 8917 1
222 9190 1
229 8781 1
229 9702 1
235 9228 1
235 8552 112
235 8759 1
235 8948 1
236 9469 1
236 9582 2
236 9615 1
236 9972 6
239 8689 1
239 9411 1
257 8725 4
257 9071 2
268 9024 1
268 8573 79
268 8938 2
268 9683 1
281 9380 56
295 9236 5
295 9156 1
295 9934 1
295 9476 1
327 9239 1
327 9246 4
327 9656 2
327 9377 1
344 9808 1
344 9120 4
344 9935 1
344 9708 1
344 9764 1
344 8877 4
344 9569 2
363 9546 161
363 9013 1
363 9470 2
366 9071 1
366 9694 1
366 9377 2
366 9971 2
369 9704 2
369 8717 1
369 8569 2
369 9584 1
369 9723 1
379 8698 4
379 9636 4
381 9879 2
381 9533 1
381 9935 1
384 8627 12
384 9372 1
384 9342 4
384 9662 1
396 9188 7
396 9128 1
396 9650 2
396 9979 1
396 8992 1
399 8683 1
399 9402 2
399 9921 1
405 9437 1
405 8568 1
405 8796 1
405 9288 3
405 8557 1
405 8909 4
415 9256 1
416 8719 1
416 8683 1
416 9017 2
416 9157 3
428 9319 1
428 8558 4
428 9199 26
428 8595 1
431 8856 14
431 9203 1
431 9222 3
445 9271 1
445 9921 1
451 9174 3
451 9281 2
451 9384 1
456 9915 9
456 8942 3
456 8654 1
456 9056 8
461 9075 27
461 8727 3
461 9663 11
461 9784 1
461 9941 2
463 8965 2
475 8895 1
475 8632 2
475 8965 11
475 9414 1
475 9514 1
508 9669 1
508 9216 2
510 9688 2
511 9532 1
511 9879 1
511 9926 67
511 9616 1
511 9706 1
514 9168 1
523 8818 5
523 8924 103
523 9347 4
523 9137 1
523 9683 1
523 9455 141
523 9579 1
524 8880 1
524 8866 1
524 9423 3
524 9309 1
524 9642 1
524 9851 1
543 9167 3
543 9315 1
543 9786 1
543 9359 4
543 9255 1
543 9545 1
543 9695 2
543 9696 1
552 9425 4
552 9272 1
588 9550 1
604 9566 3
604 9323 1
604 9248 2
604 9405 2
604 9069 5
604 9962 2
604 8812 1
604 9386 1
604 9757 4
607 9420 1
607 9920 3
611 9287 39
611 8770 3
611 8820 2
611 9260 2
616 8576 3
616 9165 2
616 9724 1
616 9199 1
616 9536 2
616 9439 1
619 8853 1
619 9038 1
645 9537 1
645 9194 6
645 9035 2
645 9377 8
645 9906 1
645 9484 1
645 9707 2
645 9866 10
650 8730 1
650 9028 3
650 9425 1
664 8816 2
664 9523 1
664 9943 1
664 8574 1
667 9325 1
667 9706 1
667 9186 1
675 9392 1
675 8715 1
675 9627 1
686 8572 1
686 8550 1
686 9141 12
686 9665 1
688 9516 1
688 8896 2
699 9344 2
699 9267 4
699 9160 2
701 8836 3
701 9902 3
701 9938 2
722 9035 1
722 9762 13
722 9653 2
734 9003 2
734 8647 1
734 9334 1
734 9704 1
734 9301 1
734 9899 1
734 8630 70
734 9074 2
734 9634 1
743 8759 1
743 9829 1
743 8871 1
743 9184 1
761 8980 5
761 9067 1
762 9912 4
762 9522 4
762 9552 2
774 9498 9
774 9562 1
784 9073 1
786 8741 1
786 9879 4
786 8570 1
796 9289 1
813 9853 4
813 9375 1
813 9992 1
861 8841 1
861 9985 2
874 9332 5
874 8608 1
874 9642 1
874 9425 3
874 9742 1
874 9882 1
886 9895 4
886 8629 1
886 8942 2
886 9549 34
887 8728 3
887 9383 1
887 9425 1
887 9409 2
887 9575 12
887 9125 1
887 9482 1
887 9626 1
887 9766 1
918 8746 1
918 9086 2
918 9244 1
918 9634 5
918 9715 3
929 9023 1
929 9431 2
929 9512 1
932 9121 1
932 8756 1
935 9994 6
935 9768 1
935 9086 4
935 8821 2
935 8815 8
936 8815 3
936 9047 3
936 9346 1
963 8561 1
963 8973 1
963 9237 2
963 8935 3
963 9000 2
963 9401 1
963 9516 1
970 8567 1
970 8986 1
970 8816 1
970 9400 2
971 9672 1
971 8842 3
971 9595 1
971 9755 1
971 9047 1
971 9339 1
971 9495 2
982 9986 1
982 9743 2
982 9395 7
982 9564 2
982 9827 1
986 9871 4
986 9522 3
986 8873 1
986 9126 1
993 9869 1
993 9369 6
1023 8808 1
1023 8736 1
1023 8982 4
1023 8729 1
1023 9120 16
1023 8565 9
1023 8789 1
1028 9998 116
1028 9740 3
1028 9320 1
1040 8770 1
1040 9961 1
1040 9582 1
1040 8576 1
1040 9787 5
1040 9559 1
1065 8692 1
1065 9115 3
1065 9536 1
1066 9056 2
1066 8609 6
1066 9390 1
1090 8594 3
1090 8682 7
1090 9076 1
1115 9552 1
1118 9742 1
1118 8554 1
1118 8699 1
1135 8556 2
1135 9919 1
1135 8745 3
1135 9108 16
1135 9744 2
1155 8917 1
1155 8733 8
1155 9426 1
1171 9401 2
1171 9897 1
1175 9518 1
1175 9756 1
1175 9977 1
1175 9714 1
1185 8866 1
1185 9078 1
1185 9102 1
1185 9158 1
1185 8605 1
1185 8898 1
1185 9683 1
1185 9778 2
1185 8780 4
1185 9197 1
1185 9073 2
1185 9579 1
1194 9379 1
1194 9893 5
1194 9727 2
1194 8808 1
1194 9856 6
1195 9694 2
1195 9375 1
1195 9261 1
1195 9501 2
1195 9948 1
1201 8649 1
1201 9577 3
1201 9608 1
1201 8809 17
1218 9572 1
1218 9158 4
1230 9119 1
1230 9916 1
1230 9547 1
1230 9787 1
1236 9229 3
1250 9129 1
1250 8654 1
1250 9655 3
1250 8917 1
1250 9316 1
1257 8732 1
1257 8847 1
1257 9391 6
1262 8939 2
1262 9477 1
1262 9556 1
1267 9952 2
1267 9127 1
1267 9197 1
1267 9456 1
1301 9887 1
1310 9755 1
1310 9821 1
1330 8847 1
1330 9397 2
1330 9774 1
1330 9653 2
1330 9645 1
1330 9885 4
1339 9263 1
1339 9644 4
1340 8887 1
1343 9175 42
1343 9916 6
1343 8682 2
1343 8688 1
1343 9160 2
1343 9652 2
1343 9178 1
1343 9247 2
1343 9280 1
1356 9631 1
1356 9357 1
1356 9626 2
1356 9181 1
1356 9705 1
1356 9936 1
1370 9003 15
1371 8942 1
1371 8684 1
1371 9145 1
1371 8637 6
1371 8804 1
1371 9501 1
1371 9614 1
1371 8581 1
1371 9497 2
1371 9997 1
1376 9188 3
1376 9534 27
1376 8708 2
1376 9331 4
1376 9426 1
1376 9347 2
1381 9499 1
1381 9179 1
1391 9619 1
1391 9650 2
1391 9454 1
1391 9478 1
1391 8969 1
1391 9664 1
1406 9896 1
1406 8658 14
1406 8595 2
1406 8934 3
1412 8738 2
1412 9903 1
1417 8745 1
1417 9105 1
1417 9816 1
1435 9909 2
1435 8666 1
1435 8836 1
1435 8729 2
1435 8844 2
1477 8903 1
1477 9004 2
1477 9639 1
1477 9724 1
1479 9971 1
1479 9669 5
1482 9163 1
1482 9157 8
1482 9774 2
1508 8877 3
1508 9091 3
1508 9691 1
1514 9136 1
1517 9616 2
1517 9080 1
1517 9704 1
1535 5114 1
1535 9465 1
1535 9011 2
1535 9250 1
1535 9973 1
1535 8666 1
1535 9398 1
1535 9857 1
1551 8769 5
1551 8662 4
1551 9045 5
1564 9634 1
1564 8890 1
1564 9044 2
1564 9177 1
1565 8815 3
1565 9801 1
1565 8579 1
1565 9962 2
1568 8823 1
1568 9081 1
1568 8873 1
1568 9775 1
1568 8999 2
1568 9695 17
1568 8570 2
1568 9470 1
1568 8765 2
1568 9150 1
1568 9220 2
1568 9780 2
1570 9098 1
1570 9546 1
1571 8577 1
1571 8892 1
1571 9544 2
1583 8701 1
1610 9659 1
1610 9080 1
1610 9055 1
1617 9420 1
1617 8590 2
1617 8947 1
1617 9444 1
1624 8553 1
1624 9473 200
1624 9925 3
1627 9359 6
1627 8882 1
1627 9281 4
1627 9584 1
1627 9708 1
1644 9427 1
1644 8917 5
1644 9861 1
1644 8718 1
1644 8837 1
1644 9297 3
1656 9354 2
1656 9562 3
1656 9728 1
1656 9974 2
1668 9524 1
1668 9119 1
1674 9133 1
1674 9145 1
1674 9264 2
1674 9513 3
1697 9817 3
1697 8574 16
1697 9849 2
1715 9669 1
1715 8685 1
1715 9848 8
1715 9022 1
1715 9306 71
1727 9997 2
1727 9215 1
1727 9915 1
1727 9762 1
1744 8782 1
1744 9748 7
1744 9155 12
1744 9362 1
1758 9183 2
1760 8707 1
1763 8969 1
1763 8830 1
1784 9403 1
1784 9992 1
1784 9000 3
1784 9219 1
1784 9898 1
1784 9078 3
1784 9392 1
1784 8972 1
1784 9702 1
1784 9652 1
1792 9928 1
1792 8821 1
1792 8903 2
1792 9947 2
1792 9504 15
1792 9629 1
1792 9059 2
1792 9655 2
1796 9105 21
1796 9688 1
1821 9465 1
1821 9136 1
1821 9405 2
1829 9580 1
1829 9795 1
1829 9184 3
1829 9459 1
1841 9368 1
1841 9109 1
1849 8997 4
1849 9734 2
1849 9941 3
1849 9499 6
1849 9575 1
1849 9926 1
1849 8873 1
1849 9645 1
1866 9985 1
1868 8914 10
1868 9038 3
1868 9634 22
1868 9551 1
1868 8700 1
1868 9772 1
1878 8928 1
1878 8768 3
1878 8973 1
1884 9688 1
1884 9121 1
1884 8780 1
1890 9098 2
1890 9794 1
1890 9811 1
1890 9828 1
1890 9654 1
1901 9738 2
1901 9661 1
1904 9423 1
1904 9037 2
1904 9732 2
1904 9335 2
1904 9806 20
1904 9912 3
1904 9915 1
1914 9574 1
1914 9718 8
1914 8554 1
1914 9113 5
1934 9699 2
1934 9215 1
1934 9602 1
1934 9660 1
1943 8669 3
1948 9206 1
1948 8680 3
1949 9544 6
1949 9653 1
1949 8603 4
1949 8877 1
1956 8915 2
1967 9952 4
1967 8954 1
1967 9133 3
1967 8956 1
1967 9551 1
1967 9732 1
1991 8896 1
1991 8992 2
1991 9245 1
1991 9464 1
1991 9594 1
2021 9335 1
2021 9751 9
2021 8569 1
2021 8856 1
2021 9150 1
2022 9476 3
2027 8586 4
2027 8980 1
2027 8993 1
2061 9411 3
2061 9935 10
2080 8889 1
2080 9637 4
2080 8560 1
2080 9904 6
2081 8961 4
2082 8724 1
2082 8664 3
2082 8848 1
2083 9493 1
2083 8869 1
2083 9083 2
2083 9743 2
2083 9778 4
2083 9644 2
2085 9577 1
2085 9059 1
2085 9423 9
2085 8804 2
2085 8562 2
2102 9505 1
2102 8628 1
2103 9630 1
2103 9768 5
2103 9861 1
2103 9776 1
2106 9346 1
2106 8702 1
2106 9894 1
2111 8770 4
2128 8806 1
2128 9257 1
2128 9622 1
2137 9359 2
2137 9582 1
2147 9622 2
2152 9000 2
2152 9888 2
2154 9351 2
2196 9214 1
2196 9109 1
2196 9360 1
2196 9424 1
2196 9327 1
2212 9157 2
2212 9229 1
2212 8704 1
2212 8806 1
2217 9506 1
2217 8821 11
2233 9176 2
2233 9390 1
2236 9788 6
2236 9111 1
2236 8627 2
2236 8868 1
2236 9200 1
2242 9624 3
2242 9395 1
2247 9340 1
2247 9449 8
2247 9008 1
2247 8763 7
2247 9531 1
2247 9629 4
2259 9756 16
2259 8641 1
2259 9234 1
2266 9083 1
2279 8917 1
2281 9658 1
2281 8612 2
2281 9092 1
2281 9936 1
2300 9599 2
2300 8745 1
2300 9805 4
2300 8583 1
2300 8924 1
2300 9057 5
2307 9366 1
2307 9781 20
2307 9787 1
2307 8914 1
2307 9684 1
2308 9393 9
2308 8965 39
2308 8669 2
2308 8837 1
2308 9121 1
2308 9138 2
2323 8769 1
2323 9144 1
2323 9716 2
2323 9142 1
2323 9759 2
2323 9794 4
2329 8628 1
2329 9636 1
2345 9514 1
2374 8711 1
2374 8739 2
2374 9191 1
2374 9258 1
2384 9248 1
2393 9533 1
2393 9725 6
2393 9582 1
2393 9623 1
2393 9934 4
2405 9244 1
2405 9279 2
2405 9524 1
2412 9256 1
2412 9721 5
2416 9164 1
2416 9320 2
2416 9518 4
2419 9333 1
2419 9116 1
2419 8970 1
2419 9736 1
2453 8860 2
2453 9836 5
2453 8588 1
2453 9461 5
2453 9037 10
2453 9945 1
2457 9040 1
2457 8874 1
2457 9079 1
2494 8584 1
2494 9954 3
2529 8682 1
2529 9246 29
2529 9310 2
2549 9068 1
2549 9175 1
2549 9003 1
2549 8687 1
2551 9459 1
2551 9908 2
2551 8717 1
2551 9236 2
2551 9888 1
2551 9362 1
2551 9918 1
2551 9186 69
2551 9258 1
2551 9786 6
2554 8804 11
2554 9175 2
2554 9177 1
2554 9916 1
2557 8565 1
2557 9378 26
2557 8840 2
2557 9196 200
2567 8662 2
2567 8597 1
2567 8800 1
2567 9061 2
2571 9943 5
2580 9898 1
2599 9527 1
2599 9764 2
2599 9591 9
2599 9168 1
2599 9860 1
2604 8727 1
2604 9092 1
2604 9558 1
2609 9586 3
2616 9816 1
2616 9523 12
2616 8685 1
2616 9888 5
2616 9663 7
2616 8577 2
2616 8673 2
2616 9135 1
2629 8680 5
2629 8774 5
2629 9657 2
2629 9722 1
2629 9313 31
2629 9555 2
2633 8671 1
2633 9087 1
2633 9418 1
2633 9750 9
2639 9250 1
2639 8746 1
2639 8772 1
2639 9959 1
2643 9702 3
2670 9934 3
2670 8864 1
2673 8685 2
2673 8900 4
2690 9286 1
2690 9241 1
2690 8597 1
2699 9263 1
2702 8684 10
2702 9610 2
2702 9176 1
2702 9667 2
2714 8666 1
2715 8909 1
2715 8934 5
2715 9565 1
2724 8865 12
2724 8633 1
2724 9154 1
2724 9183 1
2724 9312 1
2724 9463 1
2724 9819 2
2725 8787 7
2725 9433 3
2725 9810 1
2732 9522 1
2732 9453 1
2746 8550 1
2746 9975 3
2747 9685 3
2747 9795 1
2747 9895 1
2759 9395 1
2759 9260 1
2759 9158 41
2759 9296 1
2798 9007 1
2798 9564 6
2798 9744 1
2799 8725 4
2799 8923 1
2799 9511 34
2799 9905 1
2799 9534 1
2799 9732 1
2799 9619 1
2799 9726 2
2799 9130 1
2799 9588 1
2799 9641 1
2800 8683 1
2804 9902 1
2804 9774 1
2804 9804 1
2804 8729 1
2804 9072 4
2804 9993 1
2804 9312 8
2804 8689 1
2805 8690 1
2805 8715 1
2805 9133 1
2805 9645 7
2805 9861 1
2805 9709 3
2805 9879 1
2809 9152 5
2809 9837 2
2809 9394 1
2809 8855 1
2827 9555 3
2827 9687 7
2827 9102 18
2834 9547 3
2854 9192 1
2854 9339 38
2865 9720 1
2880 9567 1
2880 8562 2
2880 8738 1
2880 9117 1
2880 8942 1
2880 9274 1
2881 9939 4
2881 8730 1
2910 9223 1
2910 9760 19
2910 9630 1
2910 9436 15
2910 9310 22
2910 9572 1
2913 9252 1
2913 9377 1
2913 9424 5
2913 9079 1
2913 9564 3
2913 9757 1
2916 9208 2
2916 9312 2
2916 9334 1
2916 9552 1
2941 9517 1
2941 8845 2
2941 8795 2
2952 9243 6
2964 9315 6
2964 9055 1
2964 9140 1
2964 8847 1
2964 8790 5
2964 9681 2
2969 9022 3
2969 9558 1
2969 8817 2
2991 8798 1
2991 8920 1
2991 9523 1
2991 9640 1
2991 9443 1
3003 9121 6
3003 9055 1
3003 8700 4
3003 9268 1
3003 9358 2
3003 9805 1
3015 9109 1
3015 9169 1
3019 8734 1
3026 8770 3
3026 9374 1
3026 9708 1
3029 9726 2
3029 9511 2
3029 9729 3
3029 9900 1
3029 9287 14
3029 9742 2
3029 9803 1
3036 9721 1
3036 8881 1
3036 8997 2
3036 9301 1
3036 9714 1
3048 9147 1
3048 9561 1
3048 8781 1
3048 8903 1
3048 9054 1
3051 8564 2
3051 9172 1
3051 9471 7
3051 8615 1
3051 8824 1
3067 9682 2
3067 8887 128
3067 9297 1
3067 8901 1
3068 8837 1
3068 8694 1
3076 9632 1
3078 9567 2
3078 9667 4
3078 9362 3
3078 8603 1
3078 9322 1
3094 8961 1
3094 9964 1
3101 8570 1
3101 8692 1
3101 9906 1
3101 8745 1
3101 9127 16
3101 8566 1
3101 9250 1
3101 9814 5
3101 9833 1
3106 8818 1
3106 9474 1
3106 9690 1
3106 9193 1
3106 9305 1
3106 9975 1
3107 9825 1
3118 9502 1
3118 8895 1
3118 8945 1
3118 9865 2
3118 9049 1
3118 8564 1
3118 9968 1
3118 9332 51
3127 8924 1
3145 8926 1
3145 9216 1
3145 9611 3
3145 9784 13
3145 9492 21
3145 9738 1
3145 9973 1
3203 9168 2
3203 8747 1
3203 9802 2
3208 9210 1
3218 9469 1
3238 9610 1
3238 9474 2
3243 8693 1
3243 8692 1
3243 9345 4
3243 9887 1
3246 8586 2
3246 9875 1
3246 9552 13
3246 8649 1
3246 8606 2
3276 9337 1
3276 9494 2
3276 9164 1
3276 9731 1
3276 9825 6
3278 8992 1
3278 8895 1
3278 8930 7
3278 9171 1
3290 9511 1
3290 8779 12
3290 9424 4
3290 9982 4
3298 8631 1
3298 9873 5
3298 9061 1
3298 8839 13
3307 9612 1
3307 8671 1
3312 8914 1
3312 9155 4
3336 8705 25
3336 9407 1
3336 8996 2
3336 9665 2
3336 9632 3
3336 9085 1
3336 9427 5
3360 9127 1
3383 8648 4
3383 9460 6
3393 9307 1
3393 9366 1
3407 8632 1
3407 9935 5
3407 9301 1
3407 9331 4
3407 9498 1
3407 8606 26
3407 9320 1
3407 9326 1
3407 9549 1
3407 8915 1
3407 9449 4
3442 8646 1
3442 9392 1
3442 9979 1
3442 8753 2
3442 9703 1
3442 9719 5
3442 9452 1
3444 8656 1
3444 8800 1
3444 9657 3
3444 9755 7
3450 9926 3
3450 8700 1
3450 8999 1
3450 9352 2
3451 8978 1
3451 9432 2
3451 9059 2
3451 9256 4
3451 9259 1
3451 9644 2
3451 9475 3
3451 9792 4
3459 8678 1
3459 9682 61
3460 9074 2
3460 9111 1
3467 9228 1
3467 9756 1
3467 8587 2
3467 9184 1
3470 9920 1
3470 9253 27
3470 8616 1
3470 9928 14
3470 9546 3
3470 9809 1
3470 9453 2
3470 9998 1
3471 9335 4
3471 9930 1
3471 8894 1
3471 8969 2
3471 9860 1
3473 9390 1
3473 9166 2
3473 9127 1
3473 9427 2
3473 8868 1
3473 9013 1
3473 9122 1
3473 9102 1
3507 9138 2
3507 8633 1
3507 8566 2
3507 8938 3
3508 8942 1
3508 8671 1
3508 8770 4
3509 8629 1
3509 9358 1
3509 8711 3
3509 8801 8
3519 9667 2
3519 9699 1
3519 9748 1
3519 8890 7
3520 9418 1
3521 8864 15
3521 9022 1
3534 9859 4
3534 8820 1
3534 9025 1
3534 9380 1
3534 9517 2
3534 9167 1
3535 9454 4
3535 8553 10
3535 9552 5
3535 9794 1
3546 8790 1
3546 9750 1
3546 9605 3
3550 9191 1
3550 8645 1
3561 9664 30
3561 9265 2
3575 9341 1
3575 8598 1
3575 9845 1
3581 9498 3
3581 9414 1
3581 9495 1
3581 8989 1
3581 9136 2
3581 9277 3
3601 9891 1
3601 9392 1
3625 9927 1
3625 8915 1
3625 9729 1
3625 9359 1
3638 9512 1
3638 9963 1
3648 9003 6
3653 9545 1
3653 9971 1
3653 8647 1
3653 9720 5
3674 9719 2
3674 9454 1
3720 8890 1
3720 8958 1
3720 9645 1
3720 8770 3
3720 8870 1
3720 9893 7
3720 9574 1
3720 8558 2
3720 9120 1
3720 9727 1
3720 9171 1
3720 8853 1
3720 9293 1
3720 9455 1
3720 9461 1
3729 9151 2
3729 9897 1
3744 8980 1
3744 9110 1
3750 9089 1
3750 9519 1
3766 8839 1
3766 9436 1
3766 9401 1
3766 8755 1
3766 9474 2
3766 9812 1
3797 9875 1
3797 8688 1
3797 9459 1
3797 9069 3
3808 8638 1
3808 9380 1
3808 9040 1
3808 8759 1
3808 9064 8
3808 9885 200
3811 9189 1
3811 9851 1
3811 8572 1
3811 9081 1
3823 8638 2
3823 8896 1
3823 8598 1
3833 9994 1
3833 9642 1
3833 8571 2
3834 9087 1
3834 9173 1
3835 9794 1
3835 9307 2
3835 9575 1
3839 9340 3
3843 9084 1
3843 8621 1
3843 9142 1
3843 9062 1
3864 8985 2
3864 9174 3
3864 9206 3
3887 8598 1
3887 8734 3
3895 8973 1
3895 9183 4
3895 9348 1
3903 9241 1
3903 9908 1
3903 8973 1
3903 9373 4
3903 9749 5
3913 8993 2
3929 8767 1
3931 8718 3
3951 9722 2
3951 8581 1
3951 9909 1
3968 8865 2
3968 9520 1
3982 8660 1
3982 8662 1
3982 9375 3
3982 8642 2
3982 9524 1
3982 9145 9
3982 9326 3
4020 9166 3
4021 9639 1
4021 8649 1
4021 8864 1
4021 9611 1
4021 9723 1
4021 9276 1
4021 9536 1
4021 9580 1
4021 9644 2
4021 9945 1
4021 8699 2
4021 9254 200
4034 9973 2
4034 9193 1
4042 9532 3
4042 8861 3
4081 9045 2
4081 9825 1
4081 9038 4
4081 8791 4
4081 9919 13
4081 9394 1
4081 8627 2
4081 9918 1
4081 8648 1
4081 9316 1
4081 9976 5
4094 9200 5
4094 9579 1
4094 9845 1
4094 9578 1
4094 9214 1
4099 9439 2
4099 9938 1
4099 8661 1
4099 8838 4
4099 8739 1
4099 9220 2
4099 9900 1
4099 9117 3
4099 9324 1
4099 9701 1
4103 8836 3
4103 9594 2
4103 9925 1
4173 8771 2
4173 9812 3
4174 8629 1
4174 8993 1
4174 9329 1
4174 9429 1
4179 8939 3
4179 9360 1
4179 9441 2
4179 9518 1
4179 9667 1
4181 9030 3
4181 8579 1
4181 9061 1
4181 9258 1
4181 9445 1
4185 9580 1
4185 9333 1
4185 9141 1
4185 9402 1
4185 9305 1
4188 8843 1
4188 9383 2
4188 9660 1
4188 9749 5
4188 9330 3
4188 9038 1
4188 9866 1
4188 9527 18
4196 8842 1
4196 8898 1
4196 9947 6
4207 9038 5
4207 8786 1
4207 8691 2
4213 8819 6
4213 9420 1
4234 8969 1
4234 9144 1
4234 9611 3
4234 9882 1
4234 9236 1
4234 9695 1
4234 8621 1
4234 9163 3
4234 9836 3
4257 9011 1
4257 9113 1
4257 8958 4
4261 8561 1
4261 9743 2
4267 8682 5
4267 9602 5
4267 8870 9
4293 9142 1
4296 9117 6
4296 9126 2
4296 9236 1
4296 9748 1
4297 9970 3
4326 9208 5
4326 9057 1
4326 9769 1
4326 9429 1
4326 9857 2
4326 8999 1
4332 8566 1
4332 9394 9
4332 9166 1
4332 9633 1
4343 9504 1
4343 8791 1
4343 9215 1
4355 9565 17
4355 9062 2
4355 9476 4
4355 9825 1
4355 9879 1
4355 8815 1
4355 9523 29
4355 9988 4
4367 9372 1
4367 9392 1
4375 9768 3
4380 9736 3
4380 9707 4
4383 8861 1
4383 9076 4
4383 8972 1
4388 8667 1
4405 9922 3
4417 9299 1
4417 8985 1
4417 9613 1
4434 8726 1
4434 9265 2
4451 8790 1
4451 8597 1
4451 8684 2
4451 9128 4
4451 9850 1
4471 9468 1
4475 8556 1
4475 9085 1
4475 9056 4
4475 9317 9
4475 9788 1
4485 9686 2
4485 9008 1
4501 9276 1
4501 9390 1
4521 9138 2
4521 9454 1
4533 8909 1
4533 8943 1
4560 8593 1
4560 8665 2
4560 8882 8
4565 8935 1
4565 8577 1
4565 9076 1
4565 9062 3
4586 8836 1
4596 8768 1
4596 9245 1
4610 9329 2
4610 9271 3
4610 8616 1
4618 9562 1
4647 8707 3
4658 9507 91
4658 9728 2
4666 9248 1
4666 9469 10
4666 9633 1
4666 9020 5
4666 8584 1
4666 8685 2
4666 9897 2
4666 9930 5
4683 9934 1
4683 9975 2
4683 9287 1
4683 9900 1
4683 8587 7
4683 9444 4
4730 9709 3
4730 9305 1
4730 9150 1
4730 9976 1
4735 9366 1
4735 8641 9
4735 9577 1
4735 9631 1
4745 9431 1
4760 9163 2
4760 9657 1
4765 9519 2
4765 9459 1
4765 8553 1
4777 9019 1
4777 9089 1
4779 8736 8
4779 8814 1
4779 9385 4
4799 9829 1
4799 9873 1
4826 9064 1
4826 8972 3
4826 9811 1
4829 8820 2
4829 8591 1
4829 9572 1
4829 9662 10
4829 9181 4
4839 8609 46
4848 9370 2
4878 9644 1
4878 9373 1
4878 9848 1
4909 9434 1
4912 9354 1
4912 9162 1
4927 8557 1
4927 9607 1
4927 9449 1
4927 9471 1
4927 9503 1
4927 9668 1
4961 9079 2
4961 9322 2
4970 9829 2
4972 9800 2
4972 9760 1
4995 8625 1
4995 8934 21
4995 8840 1
4995 9188 1
5002 9271 1
5002 9535 1
5002 8906 1
5002 9148 2
5002 9756 4
5002 9956 1
5004 8581 7
5004 9523 1
5021 8992 2
5021 9696 1
5021 9116 1
5021 8868 1
5021 8580 1
5023 8637 1
5048 9203 1
5048 8918 1
5048 8840 7
5048 9293 1
5048 9909 1
5048 9420 1
5048 8601 1
5052 9874 1
5052 8759 1
5084 8899 40
5084 9378 3
5090 9339 1
5090 9982 11
5090 9157 1
5090 9378 3
5090 9192 2
5094 9708 1
5094 8817 2
5094 9561 1
5094 9675 3
5099 9809 1
5103 9023 1
5103 9827 3
5103 9564 1
5103 9158 1
5103 9658 1
5103 9727 1
5114 9514 1
5114 9206 1
5114 9466 1
5135 8606 2
5135 9635 1
5135 8702 3
5135 9794 1
5135 9162 2
5135 9293 1
5135 9803 1
5135 9129 2
5135 9246 1
5140 9465 1
5140 9188 4
5140 9332 1
5140 9459 8
5140 9949 1
5140 9259 1
5140 9397 1
5140 9466 1
5143 8646 1
5143 8557 2
5143 8580 2
5143 9873 1
5145 9494 1
5145 8599 1
5163 9748 2
5163 8661 1
5163 9703 1
5163 8869 1
5163 8625 19
5163 9092 2
5163 9047 1
5163 8642 1
5166 8889 1
5166 9564 6
5166 9368 2
5166 9468 2
5166 8708 1
5166 9210 3
5183 9247 1
5183 9758 1
5190 9165 2
5190 9743 2
5190 9339 19
5190 9661 1
5190 9808 1
5213 9280 4
5213 8700 1
5243 9556 5
5274 9466 19
5274 9684 1
5299 8993 17
5319 8671 1
5319 8728 2
5319 9868 1
5330 9197 2
5330 9477 4
5330 9672 2
5333 9560 1
5333 9762 43
5333 9499 1
5333 9939 101
5333 9866 7
5333 9219 1
5333 9261 1
5333 9542 1
5333 8561 1
5359 9261 6
5359 9885 6
5359 9876 1
5362 9594 11
5362 9912 1
5371 8999 1
5371 9201 1
5371 9986 1
5371 9170 1
5371 9392 16
5371 8954 1
5371 9091 1
5382 8812 1
5382 8620 1
5395 9358 1
5395 9848 1
5395 8979 1
5404 9361 1
5404 9762 1
5404 9870 1
5404 9510 12
5410 9501 1
5418 9901 2
5418 8933 1
5418 9137 5
5418 9035 1
5418 8999 2
5418 9290 1
5418 8765 6
5418 9478 3
5418 9482 22
5418 9654 1
5418 9139 1
5418 9784 1
5418 8730 2
5418 9577 1
5445 8707 2
5445 8816 1
5445 9333 1
5476 8554 1
5476 9534 1
5476 9936 1
5476 8719 1
5481 9925 1
5481 8608 2
5481 8720 1
5481 9719 1
5486 9976 6
5486 9504 1
5486 9382 4
5486 9166 1
5493 9235 1
5493 8899 2
5493 8961 1
5515 8848 1
5523 8779 65
5523 8945 1
5553 8557 7
5553 8693 1
5553 8704 3
5553 8755 1
5576 9133 1
5580 9935 2
5581 8934 1
5581 9729 1
5581 8665 1
5581 9233 1
5581 9441 3
5581 8702 1
5581 9634 1
5584 9979 7
5584 9073 2
5584 9301 2
5584 9409 1
5599 9065 2
5599 9162 1
5599 9232 4
5601 9313 1
5601 8987 2
5601 9725 2
5627 9494 2
5627 9566 6
5627 9748 91
5627 9577 1
5627 9176 22
5630 9699 1
5630 9131 1
5630 8725 1
5630 9252 1
5643 8708 30
5643 9418 4
5643 9871 5
5643 9945 32
5652 9145 5
5658 9088 2
5658 9168 2
5658 9314 3
5675 8664 2
5689 9252 1
5689 8943 1
5689 9569 1
5693 9055 1
5693 9173 6
5703 8729 1
5703 9434 1
5703 9437 1
5705 8710 1
5705 9720 10
5705 8889 2
5708 9437 2
5708 9600 1
5708 9746 3
5743 9701 1
5743 9699 1
5745 8746 6
5751 8822 2
5751 8628 2
5765 9265 1
5765 8552 1
5777 9639 17
5777 9856 1
5782 9044 1
5782 8704 1
5782 9040 5
5782 9156 1
5786 9293 1
5786 8577 1
5786 9766 4
5786 9927 3
5786 8907 1
5786 9993 1
5787 9056 1
5787 9394 1
5801 8734 1
5801 9513 1
5801 9723 2
5805 8887 1
5805 9470 1
5805 9287 1
5805 8701 3
5805 8755 1
5805 9137 1
5805 9323 3
5807 9235 1
5807 8660 1
5807 9703 4
5807 9432 13
5817 8561 1
5817 9054 1
5817 9492 1
5834 9122 1
5834 9208 4
5834 9624 12
5834 9964 1
5853 9652 2
5853 8615 1
5866 8823 1
5866 9235 2
5866 8766 1
5866 9200 2
5866 9414 7
5868 9163 4
5868 8987 1
5868 9489 1
5868 9350 25
5868 9681 200
5868 9762 1
5868 8895 2
5872 9216 2
5872 8625 1
5872 8923 48
5872 9738 1
5872 8907 2
5872 9189 1
5872 9648 4
5879 9083 2
5879 9833 4
5884 9247 1
5884 8645 1
5884 9436 2
5884 9531 1
5898 9631 1
5898 8560 1
5898 8848 1
5898 9217 1
5898 9724 1
5920 8685 2
5920 9022 1
5920 9369 1
5920 9753 1
5920 9824 4
5936 9230 1
5936 9067 5
5936 9408 1
5950 9532 2
5953 9565 1
5953 8710 1
5953 9918 1
5953 9973 1
5953 9709 1
5953 8571 2
5953 9950 1
5953 9548 72
5953 9905 3
5956 8928 3
5956 8605 1
5956 8871 1
5956 9890 1
5974 9040 1
5974 9188 2
5974 9253 1
5974 9968 1
5976 9254 1
5976 9277 1
5976 9813 1
5976 9871 3
5976 9520 1
5988 9961 31
5988 8568 1
5988 9867 3
5993 8615 3
5993 8866 1
6002 9599 1
6002 8639 1
6002 9317 11
6003 8844 1
6003 8632 1
6003 9269 1
6003 9124 1
6003 9776 1
6005 9920 1
6005 8717 40
6020 8987 2
6020 9608 1
6020 9484 3
6020 8979 1
6020 9160 1
6031 8554 2
6031 9083 1
6033 9952 1
6033 9109 1
6033 8822 1
6034 8830 93
6063 9350 2
6063 8642 1
6064 8586 3
6084 9746 1
6084 8762 1
6084 8582 1
6084 8726 1
6134 9716 1
6134 8926 1
6134 8689 5
6134 8571 1
6134 8982 1
6141 8693 1
6141 8557 1
6141 8845 1
6141 8850 1
6141 9086 1
6176 9753 2
6176 8612 1
6176 9806 1
6180 8655 1
6180 9464 4
6180 9651 1
6196 8550 1
6196 9722 4
6196 9186 1
6196 8847 1
6196 9996 1
6208 8768 20
6208 8559 3
6216 8750 1
6216 9348 1
6216 8819 1
6216 9071 1
6217 9015 1
6257 8713 12
6257 9726 2
6285 8705 30
6285 8951 1
6285 9481 1
6285 9672 1
6285 9253 1
6285 9718 3
6285 9869 2
6324 8692 1
6324 9716 1
6364 9005 6
6365 9194 1
6369 9808 2
6369 8997 1
6369 9688 1
6369 8560 1
6369 8844 2
6369 9076 2
6369 9028 3
6369 9853 1
6372 9488 1
6372 9900 4
6388 8759 1
6388 8676 1
6388 9233 1
6388 9683 38
6388 9939 1
6394 9555 1
6394 8979 4
6394 9167 1
6394 9407 2
6394 9654 1
6394 9165 11
6394 9473 1
6394 9624 1
6394 8593 2
6394 8788 1
6394 8904 2
6394 9172 2
6415 8609 1
6415 9685 1
6456 9438 3
6456 8690 2
6459 8947 1
6459 8773 1
6459 9290 3
6459 8899 1
6459 8933 1
6459 9517 2
6461 9543 1
6461 9149 1
6469 8822 1
6469 9263 1
6469 8633 1
6469 8684 15
6481 9920 2
6481 9037 4
6481 9760 7
6481 9591 1
6481 9627 1
6481 9567 1
6495 9927 1
6496 9824 1
6496 9201 2
6496 9269 1
6497 8572 1
6497 8948 18
6497 9611 1
6501 8868 6
6501 9015 3
6505 8699 5
6505 8824 6
6505 9829 1
6505 9074 1
6505 9011 1
6522 9341 3
6522 9408 1
6522 8669 1
6529 8779 1
6529 9055 1
6529 8583 1
6529 9434 2
6529 9780 1
6529 9147 1
6529 9750 1
6555 9228 2
6559 8605 1
6559 9049 7
6559 8676 3
6560 9105 1
6560 9176 1
6560 9773 1
6560 8609 1
6560 9026 1
6577 9096 5
6582 8859 1
6582 9616 1
6582 8738 2
6598 9544 1
6598 9391 57
6598 9602 4
6598 9374 2
6617 9122 1
6617 8719 1
6617 9964 1
6617 8804 6
6617 9279 1
6617 8647 1
6617 9140 13
6626 9746 4
6639 9408 3
6639 9004 1
6639 9099 2
6644 9805 4
6644 9710 2
6644 9870 1
6688 8993 1
6688 8678 4
6688 9425 10
6719 9743 1
6719 9759 1
6719 8915 1
6719 8734 1
6729 9802 1
6729 9324 3
6729 9997 1
6729 9521 1
6729 9263 1
6729 9443 6
6729 9829 4
6736 9664 2
6736 9093 5
6741 9857 4
6741 9274 3
6741 9918 3
6758 8965 10
6758 9379 1
6758 9380 1
6758 9836 4
6758 8770 14
6758 8809 1
6766 8900 1
6777 9368 1
6777 9748 1
6777 9026 1
6777 9926 2
6807 9307 4
6807 8766 1
6807 8943 1
6807 9979 15
6807 9144 1
6807 9522 3
6831 8687 1
6831 9588 3
6831 9898 1
6838 9657 1
6838 9558 1
6838 8844 1
6838 9784 1
6838 9734 11
6840 9500 35
6840 9424 1
6851 8833 3
6851 9904 6
6851 9136 3
6851 9580 1
6851 9903 1
6851 9271 4
6857 8842 1
6857 9475 1
6858 9309 1
6858 8935 3
6858 9082 1
6865 8588 154
6866 9439 1
6886 9439 1
6886 9026 7
6896 9319 1
6896 9758 1
6896 9970 1
6896 8920 6
6905 9126 1
6905 9498 4
6905 9810 20
6905 9105 2
6905 8562 10
6905 8584 1
6905 9978 1
6905 8608 1
6905 9243 1
6905 9817 2
6905 8843 1
6905 9800 2
6919 8656 1
6919 9497 1
6921 8788 1
6921 9701 1
6921 9378 1
6921 9626 2
6921 8564 1
6921 9804 11
6924 9374 1
6924 8793 1
6924 9300 4
6924 9622 5
6924 8732 1
6924 8763 1
6924 9068 2
6945 8692 1
6945 9501 1
6945 9949 1
6945 9729 1
6946 9465 1
6946 9454 1
6956 8899 2
6956 9422 1
6956 9865 1
6970 8759 2
6970 9994 3
6970 8904 3
6970 9402 2
6970 9693 43
6971 8641 1
6971 8793 1
6971 8842 4
6971 8880 1
6978 9950 1
6978 8609 1
6980 8930 56
6980 9315 2
6988 8767 1
6988 8680 3
6988 8710 4
6988 9384 2
6990 9128 1
6990 9156 3
6990 9194 17
6990 8579 1
6990 9559 1
6990 9854 1
7007 9141 5
7007 8795 1
7007 9346 11
7007 9007 3
7007 9152 1
7010 8956 6
7010 8918 3
7013 8593 1
7013 9369 3
7013 9731 1
7013 9081 1
7013 8999 13
7013 9778 1
7013 8821 4
7013 8766 14
7013 9201 2
7022 8631 9
7022 8853 1
7022 8923 1
7027 9631 2
7027 9147 1
7032 9112 1
7033 9621 2
7042 9821 3
7042 9171 1
7042 8686 1
7055 9976 1
7055 9672 2
7055 9076 1
7055 8989 1
7055 8646 1
7055 9347 5
7081 8736 1
7081 9293 8
7081 9379 1
7081 9692 1
7086 8667 1
7086 9028 1
7086 9196 1
7086 8568 2
7086 9591 1
7086 9899 5
7093 9623 1
7093 9705 1
7093 9325 1
7097 9988 2
7097 8938 1
7097 8982 29
7097 9780 1
7097 9861 3
7126 9490 20
7128 8715 1
7137 9608 1
7137 9398 1
7137 9639 2
7138 9235 1
7138 8649 3
7138 8793 1
7152 8648 1
7152 8839 1
7152 9139 1
7152 9707 1
7152 9908 6
7152 8603 1
7152 8666 1
7152 8699 1
7152 9460 1
7152 9582 1
7162 9524 1
7162 9536 2
7162 9359 2
7162 9099 1
7162 8894 1
7162 9648 1
7162 9724 2
7162 9164 5
7162 8933 1
7162 8945 1
7162 9139 20
7168 8973 1
7168 9031 2
7168 8572 1
7168 8587 5
7170 8899 1
7170 9537 3
7183 9169 1
7183 9360 1
7183 9353 1
7202 9178 1
7202 8819 4
7202 8907 1
7213 9216 5
7213 9233 1
7213 9813 1
7213 9503 1
7213 9992 2
7213 9319 1
7213 9912 1
7215 9172 1
7218 8837 1
7218 9856 2
7218 8687 46
7239 9930 2
7239 8583 1
7239 8756 1
7239 8880 2
7239 9534 2
7248 8584 1
7248 9853 2
7248 8645 5
7248 9486 1
7248 8923 1
7248 9337 1
7248 9506 2
7260 9049 1
7268 8628 1
7268 9079 2
7268 9813 4
7268 8798 1
7268 9691 1
7277 9194 1
7277 9341 5
7277 9441 4
7277 8828 2
7277 9234 2
7277 9344 1
7277 9112 2
7277 9498 7
7287 8822 4
7287 8766 1
7287 9105 1
7287 9674 1
7287 9756 1
7287 8701 1
7287 9217 2
7287 9591 1
7287 8801 1
7287 8901 1
7287 9383 4
7287 9690 2
7299 9672 1
7299 9289 4
7308 9943 1
7308 9766 3
7308 9164 2
7308 9170 1
7308 9072 18
7328 9215 1
7328 9345 1
7328 9970 1
7337 9500 1
7337 8620 1
7337 8726 1
7337 8795 1
7337 9710 2
7337 8767 2
7337 8774 1
7337 8860 1
7337 8926 1
7337 9328 2
7337 9895 42
7345 9079 2
7345 9978 1
7364 8914 2
7364 9726 1
7364 9128 101
7364 9574 2
7364 9680 1
7379 9727 2
7379 9860 1
7379 8788 1
7379 9516 1
7379 9307 1
7379 9890 1
7379 8637 1
7379 9637 200
7385 9834 1
7407 9250 1
7407 9500 3
7407 8848 8
7407 9357 1
7430 9206 1
7430 9566 1
7437 9341 1
7437 8594 1
7437 8859 1
7437 9764 1
7447 8736 1
7447 9222 6
7449 9034 14
7449 9086 1
7449 9939 1
7452 8664 1
7452 9254 1
7452 8655 4
7452 8728 1
7452 8732 5
7452 9809 1
7456 8759 1
7456 9478 1
7456 9535 4
7456 9949 1
7456 9476 1
7457 9728 29
7457 9276 1
7478 9304 1
7478 9475 1
7479 9111 1
7479 9593 1
7479 9959 15
7479 9650 1
7480 8924 2
7480 8720 1
7480 9696 11
7480 9542 2
7488 9110 1
7488 8698 1
7490 9135 3
7490 9702 1
7490 9566 2
7495 9224 1
7495 8565 1
7495 9201 152
7495 9107 2
7495 9242 1
7496 9344 1
7496 9888 4
7499 9685 1
7500 9315 1
7500 9724 2
7500 8690 1
7500 9382 1
7500 9390 1
7500 9909 52
7500 9299 1
7504 8594 3
7504 9814 1
7504 9867 1
7504 9110 1
7504 9593 1
7504 9111 3
7515 9440 1
7515 9725 1
7515 9025 1
7515 9003 3
7515 9504 1
7518 9943 1
7518 9013 1
7518 9497 6
7518 9655 1
7518 9689 1
7518 9906 1
7531 9524 20
7531 8782 8
7531 9254 2
7557 9742 1
7557 8595 1
7557 9820 1
7557 9961 5
7557 9124 1
7557 9403 2
7557 9722 1
7565 9476 7
7565 8584 1
7565 9208 7
7567 9075 1
7567 8828 4
7567 9584 1
7622 9116 1
7622 8997 1
7637 9436 1
7637 8956 2
7637 9091 7
7642 8915 3
7642 9239 1
7642 9986 3
7649 9057 5
7649 9627 2
7649 9843 1
7652 9692 6
7652 9432 2
7652 9991 1
7652 8888 14
7652 9631 1
7659 9912 1
7659 9913 10
7659 8726 1
7659 9565 1
7668 9200 1
7678 9061 1
7678 9189 2
7681 8627 1
7681 9313 3
7681 9107 1
7681 9821 1
7681 9235 1
7681 9963 1
7699 8567 11
7699 8978 1
7699 9024 1
7703 9848 9
7703 9224 24
7703 9230 2
7706 9035 2
7719 9806 3
7719 8666 1
7719 9420 3
7719 9518 2
7719 9865 60
7719 8567 2
7733 8873 1
7733 9868 1
7733 9664 1
7733 9237 1
7754 9750 4
7754 9015 1
7754 8686 2
7754 8906 1
7764 9498 13
7764 9183 2
7764 9788 18
7766 9975 1
7766 9455 9
7766 9187 1
7766 9893 1
7766 8771 2
7775 9786 3
7775 8773 1
7775 9624 1
7775 9636 1
7775 8924 2
7775 8565 3
7775 8805 200
7775 9351 2
7791 8711 2
7791 8806 5
7791 9440 1
7791 9867 2
7791 9930 1
7799 9580 10
7799 8605 1
7799 9439 1
7805 9059 1
7805 8773 1
7805 9647 17
7805 9297 1
7805 9464 1
7805 9254 3
7805 9693 1
7811 8616 8
7817 9093 1
7817 8820 2
7817 9178 1
7818 9904 5
7818 8888 5
7818 9768 200
7825 9520 2
7831 9621 1
7831 9823 1
7831 9535 2
7831 9949 1
7837 8841 1
7837 9372 5
7856 8638 1
7856 9849 4
7880 9331 1
7880 9299 1
7880 8599 1
7882 9637 1
7882 8987 1
7882 9045 6
7882 9588 1
7882 8586 1
7882 8935 11
7882 9210 1
7882 9750 1
7882 9607 3
7882 9393 4
7915 9903 3
7915 9610 1
7922 9665 1
7929 9184 11
7929 9173 2
7929 9459 4
7929 9668 3
7929 9385 1
7937 8839 1
7937 9012 2
7942 9492 1
7942 9035 2
7943 9268 3
7943 9950 2
7943 8727 1
7943 9304 1
7943 9217 1
7948 9474 2
7948 9290 14
7948 9334 2
7948 9423 1
7949 9898 1
7957 8688 1
7957 8869 1
7957 8965 1
7957 9252 3
7961 9648 1
7961 9093 1
7961 9518 1
7961 8951 1
7961 9116 1
7961 9314 1
7961 9350 3
7961 9467 1
7961 9633 3
8003 9684 6
8003 8646 1
8003 9370 2
8016 8553 1
8016 9337 1
8016 9943 1
8026 9398 8
8026 9876 3
8033 9467 5
8033 9786 3
8040 9807 2
8047 8557 1
8095 9870 2
8095 8773 1
8117 8607 1
8117 9938 2
8117 9613 1
8117 9012 1
8117 8698 4
8117 8701 1
8117 8894 1
8139 8551 2
8139 8981 1
8139 9417 7
8139 9542 3
8139 9746 1
8139 9244 3
8160 9992 1
8160 8638 1
8160 8887 1
8160 9344 1
8160 9619 1
8193 9069 1
8193 9708 3
8193 8883 5
8193 9162 3
8193 9215 1
8193 9230 2
8193 8733 7
8194 9272 1
8194 9957 7
8194 9247 2
8200 9562 1
8200 9945 1
8200 9686 14
8200 9734 2
8209 9827 1
8209 9085 1
8209 9580 1
8209 9781 1
8216 9426 1
8216 9279 1
8216 8845 4
8216 9786 1
8216 9772 1
8224 8795 1
8224 9377 7
8224 9623 1
8230 9605 1
8237 8711 1
8237 8874 2
8237 9701 1
8237 9520 1
8237 9535 3
8237 9627 1
8237 9099 6
8237 9127 1
8240 9325 4
8240 9230 1
8240 9449 1
8240 8842 3
8240 9837 1
8249 8674 1
8249 9875 1
8249 9379 1
8269 9111 1
8269 8566 1
8275 8686 1
8275 9115 6
8280 9405 5
8282 8730 12
8309 9269 2
8309 9272 1
8309 9594 1
8309 8666 1
8309 8892 1
8309 9436 98
8309 9560 2
8309 9290 44
8309 9615 1
8312 9154 1
8340 9766 1
8340 8588 5
8340 9400 3
8340 9595 1
8345 9905 2
8348 9378 1
8348 8550 1
8348 9828 1
8348 9852 1
8351 9764 1
8355 9952 2
8355 9395 1
8355 8673 3
8355 9731 1
8355 9499 1
8357 9360 1
8404 8790 1
8404 9954 1
8404 8996 1
8404 9327 4
8404 9595 4
8404 9884 1
8411 8769 18
8411 9340 1
8411 9961 1
8411 9004 1
8413 8606 1
8413 9787 1
8416 9543 1
8416 9169 1
8431 8750 1
8431 8992 1
8431 8898 1
8431 9769 3
8433 8728 2
8433 8850 2
8446 9441 3
8446 9533 6
8446 9827 1
8446 9893 1
8469 8654 1
8469 8789 24
8469 9908 2
8469 9994 1
8469 8989 1
8469 9922 1
8476 9648 1
8476 9372 1
8476 9404 1
8500 8970 1
8500 9131 1
8500 9986 1
8513 9499 1
8524 9280 1
8524 9073 1
8524 9084 1
8524 9165 1
8524 9187 1
8524 9219 1
8524 9481 6
8528 9149 1
8528 9232 3
8528 9635 1
8543 9280 2
8543 9471 3
8546 9647 3
8551 8813 1
8553 9496 1
8553 8709 1
8554 8751 1
8554 8937 1
8555 8842 1
8555 9469 1
8556 9597 1
8558 8940 1
8559 8619 8
8559 9733 1
8561 8652 1
8562 8983 1
8563 8870 22
8563 9655 8
8563 9658 1
8565 8957 1
8565 8758 9
8565 8709 3
8567 8908 1
8569 8905 3
8570 8886 1
8573 9240 3
8574 8872 1
8575 8615 1
8575 8978 1
8575 9030 1
8576 9415 1
8577 9428 12
8578 8866 1
8578 8586 1
8578 8790 1
8578 9900 1
8579 9052 1
8581 8960 2
8582 8706 1
8584 9589 1
8585 8914 1
8585 9148 1
8585 9773 1
8586 9428 1
8587 8811 1
8588 8831 3
8588 8813 5
8589 9778 3
8591 8949 1
8591 8761 1
8592 9296 6
8592 9145 5
8592 9177 1
8592 9608 1
8592 8874 1
8592 9019 1
8592 9957 4
8593 8681 3
8593 8879 2
8595 8872 2
8596 8789 1
8596 9382 1
8598 8634 1
8599 9321 2
8600 8864 1
8600 9486 1
8600 9996 1
8602 9321 2
8602 9240 1
8604 9497 1
8604 9685 2
8604 9755 1
8604 9120 1
8607 8862 1
8607 8802 1
8607 8783 1
8608 9589 2
8608 8611 4
8609 8884 1
8610 9386 6
8610 8772 3
8610 8786 1
8611 9762 1
8611 8617 1
8611 9174 3
8611 9688 2
8611 9801 1
8612 8897 1
8613 9366 3
8613 8621 1
8614 9154 1
8614 9167 1
8614 9045 1
8614 9347 1
8614 8724 1
8614 8808 1
8617 9589 1
8617 8826 1
8618 9352 1
8618 9537 11
8618 9820 4
8622 9586 1
8622 8844 1
8622 8799 1
8622 9612 1
8622 8981 2
8622 9641 1
8623 9163 1
8623 9688 59
8623 9135 1
8623 9426 1
8623 9026 10
8623 9810 2
8623 8682 6
8623 9882 7
8624 8856 48
8625 8931 1
8625 8963 4
8626 8633 2
8626 9386 1
8626 9560 8
8627 9308 1
8629 8893 5
8630 9097 1
8630 8908 1
8630 8971 1
8631 8929 1
8631 8764 1
8631 8941 1
8633 8957 1
8634 9949 2
8634 9316 1
8634 9402 1
8634 9903 1
8634 9098 2
8635 9474 3
8635 9661 4
8635 8782 1
8635 9505 2
8636 9040 1
8636 9034 1
8636 9440 1
8637 8776 6
8639 8742 1
8639 8696 2
8640 9268 1
8643 9691 1
8643 9977 1
8643 9868 1
8644 9899 111
8644 9468 1
8644 9490 3
8644 9540 2
8644 8694 2
8644 8922 1
8644 9214 1
8644 9236 1
8644 9361 1
8644 9887 1
8644 9919 1
8645 8952 2
8647 9428 1
8650 9869 1
8650 8693 2
8650 8787 2
8651 9227 1
8652 9031 1
8653 9028 1
8653 9715 3
8653 9130 1
8653 9468 24
8653 9490 4
8653 9813 3
8654 8967 2
8655 8677 18
8655 8964 200
8656 9777 8
8657 8739 1
8657 9641 6
8657 9148 3
8657 9851 4
8657 8735 1
8658 9050 4
8659 9160 1
8659 9331 1
8660 8754 1
8661 8913 1
8663 9936 3
8663 9970 1
8664 9048 1
8665 9955 6
8667 8875 1
8667 8927 1
8668 9477 7
8670 8972 56
8670 9521 1
8671 9048 1
8672 9059 1
8672 9524 1
8672 9038 1
8672 9758 1
8672 9977 1
8674 8731 5
8674 8681 1
8675 8978 1
8675 9436 1
8675 9694 1
8675 8682 3
8675 9469 2
8675 9353 1
8675 9550 1
8675 9465 1
8675 9775 4
8677 8809 1
8677 8889 1
8677 9062 1
8677 9753 1
8678 8854 1
8679 9317 1
8679 9223 1
8680 8925 3
8680 8949 1
8681 8890 1
8681 8979 2
8685 8955 1
8686 8872 1
8690 9226 1
8690 8983 1
8691 9018 2
8692 9779 5
8694 8712 2
8695 9361 1
8695 8720 2
8695 8780 1
8696 9400 1
8696 9728 1
8697 9964 6
8697 8750 5
8697 9250 1
8698 9016 1
8699 8876 3
8703 9574 1
8705 9053 1
8705 8827 4
8705 8852 2
8706 9377 1
8706 8939 1
8706 8771 1
8706 8904 7
8706 9860 2
8707 8826 1
8707 8991 1
8708 9016 30
8709 9258 1
8709 9505 1
8709 9085 1
8709 8722 1
8709 9452 1
8710 8944 1
8710 9042 1
8711 8962 1
8712 8923 3
8712 9096 1
8713 8967 3
8714 9068 1
8714 9142 1
8714 8746 2
8714 9228 1
8714 9927 1
8716 9296 1
8719 8731 1
8721 9957 1
8722 8952 42
8723 9068 1
8723 9322 1
8723 9695 1
8723 8859 1
8723 9190 1
8723 9334 5
8723 9354 1
8723 9726 1
8723 9778 1
8724 9791 1
8728 8931 1
8730 9002 1
8731 9595 1
8731 9481 1
8731 8890 1
8731 8786 1
8732 9597 2
8736 8885 6
8736 8854 1
8737 9759 1
8737 9600 2
8737 9632 1
8737 8765 1
8737 8996 1
8737 9241 1
8739 9789 4
8740 8766 1
8740 9674 1
8740 9795 5
8741 9428 18
8742 9079 3
8742 9408 4
8742 8796 1
8742 9764 1
8742 9982 5
8742 9107 2
8742 9194 3
8742 9608 1
8743 9049 2
8743 9564 1
8743 9067 12
8743 9906 3
8743 9477 2
8743 9979 1
8744 8866 6
8744 9088 3
8744 9237 1
8747 8902 1
8748 9237 1
8748 8789 1
8748 9140 1
8748 8954 4
8749 9279 2
8749 9280 1
8749 9386 1
8749 9126 31
8749 9507 112
8749 8762 1
8750 8878 5
8751 9084 1
8752 9372 4
8752 9701 1
8753 8893 1
8754 9248 1
8754 9243 1
8754 9532 3
8755 9448 16
8757 9893 5
8757 9332 1
8757 9825 160
8757 8946 1
8758 8804 1
8758 9647 10
8758 9904 1
8758 8828 1
8760 9460 1
8760 9961 1
8760 9374 1
8760 8946 2
8760 8883 4
8760 9943 1
8761 9153 1
8761 8865 1
8761 8869 1
8761 9494 2
8761 9798 3
8761 9843 1
8763 8885 1
8764 9690 6
8764 9556 1
8764 9500 1
8767 8797 4
8768 8925 2
8768 9029 1
8769 8921 1
8769 9021 11
8775 9477 2
8775 9961 1
8776 8793 1
8776 9706 1
8776 9331 11
8777 9148 1
8778 9164 6
8778 9531 2
8778 9119 34
8778 8817 1
8779 9053 1
8779 9447 44
8782 9789 1
8782 9428 17
8783 9142 1
8783 9181 2
8783 9035 1
8783 9223 1
8784 9963 1
8785 9257 2
8788 8962 1
8789 9603 200
8791 9002 2
8792 9899 1
8792 9404 1
8794 9377 2
8797 9514 1
8797 9271 1
8797 9640 1
8798 9225 1
8799 9601 2
8800 9583 1
8801 8905 17
8803 9220 1
8803 9521 1
8803 9982 7
8803 9175 1
8804 9496 6
8807 8870 3
8807 9451 3
8809 8971 1
8810 9516 1
8811 9743 1
8811 8914 2
8811 9489 2
8812 8949 2
8813 8911 1
8813 9656 1
8816 9733 1
8817 8937 1
8818 8846 5
8823 9789 1
8824 9033 2
8825 9190 3
8825 9277 1
8825 9129 3
8825 9191 1
8825 9248 1
8826 9296 1
8826 9544 1
8826 9268 1
8826 9535 200
8826 9547 1
8827 9008 2
8827 9310 1
8827 9898 1
8829 9558 1
8829 9072 1
8829 9510 2
8829 9721 1
8829 9229 1
8830 8966 2
8831 9374 1
8831 9038 6
8831 9851 1
8831 9751 2
8832 9323 1
8832 9720 3
8833 8925 3
8833 9226 8
8833 9557 12
8834 9099 1
8835 9184 1
8835 9498 2
8835 9075 5
8835 9653 1
8836 9649 1
8838 9006 1
8838 9779 1
8841 8872 1
8841 9415 10
8843 9182 3
8845 9051 1
8846 9344 2
8846 9125 1
8846 9578 2
8848 8953 1
8849 9653 1
8851 9608 1
8851 9875 1
8852 8911 3
8852 9445 4
8856 8983 2
8857 8918 1
8857 9044 1
8858 9811 2
8858 9593 1
8860 9036 2
8862 8887 1
8862 8947 2
8862 9401 1
8863 9390 1
8863 9201 1
8867 9714 1
8871 9041 1
8872 9144 1
8872 9155 1
8872 8990 27
8872 9915 1
8872 9621 2
8875 9244 1
8875 8973 2
8875 9989 1
8876 9297 7
8876 9897 5
8876 8901 2
8876 9871 2
8878 9219 1
8878 9362 1
8879 9854 1
8879 8951 5
8879 9113 1
8879 9078 1
8879 9366 1
8881 9846 1
8882 9847 4
8882 8937 1
8883 9321 1
8883 9676 1
8884 9823 1
8885 9607 1
8885 9918 2
8885 9559 1
8885 9704 1
8888 9799 4
8891 9323 3
8892 9496 6
8893 9768 1
8893 9090 1
8893 9170 1
8893 9630 1
8895 9036 1
8896 8913 2
8897 9166 2
8897 8914 1
8900 9777 1
8902 9256 2
8905 9371 23
8908 9183 1
8910 9991 1
8910 9607 3
8911 9496 1
8911 8931 1
8912 9078 1
8912 9662 1
8916 9337 1
8916 9586 7
8916 9600 1
8918 9225 1
8919 9561 1
8919 8928 2
8919 9619 1
8919 9758 1
8920 8932 1
8921 9393 2
8922 9679 1
8924 8971 1
8925 9061 1
8925 9614 4
8925 9608 2
8926 9036 3
8927 9089 4
8928 9182 6
8929 9280 2
8929 9403 3
8931 9015 9
8931 9464 2
8931 9540 1
8932 9899 1
8932 9417 1
8935 9557 1
8936 9257 1
8936 9811 1
8936 9828 1
8936 8986 1
8936 9242 4
8936 9760 1
8937 9327 8
8937 9701 1
8937 9903 1
8937 9228 1
8937 9486 1
8939 8949 2
8940 9648 3
8940 9417 20
8941 9139 1
8941 9740 4
8941 9227 1
8941 9852 2
8941 9361 1
8941 9913 4
8944 9875 2
8944 9950 1
8944 9744 9
8944 9723 1
8944 9894 1
8950 9634 1
8951 8962 1
8954 9321 15
8955 9216 1
8955 9192 2
8956 9777 1
8957 9749 1
8957 9703 1
8957 9437 1
8957 9353 1
8959 9994 2
8959 9125 7
8959 9166 8
8959 9263 1
8960 9622 14
8960 9751 1
8962 9461 1
8962 9363 1
8963 9973 1
8963 9324 1
8963 9056 1
8963 9705 3
8964 9784 1
8964 9304 9
8965 9767 1
8966 9775 172
8966 9501 2
8966 9715 1
8966 9632 2
8967 9122 2
8967 9133 1
8967 9482 1
8968 8996 1
8969 9048 1
8970 9182 1
8971 9891 2
8971 9319 3
8971 9635 4
8971 9647 1
8974 9277 1
8975 9102 4
8975 9193 6
8975 9495 1
8976 9721 3
8976 9734 1
8976 9005 1
8977 9720 1
8977 9083 1
8977 9675 1
8977 9098 1
8977 9950 1
8980 9789 5
8983 9288 1
8983 9243 1
8984 9020 6
8984 8996 1
8984 9873 5
8984 9945 1
8984 9026 1
8984 9086 1
8984 9172 1
8986 9251 8
8988 9277 1
8988 9464 10
8988 9845 1
8988 9300 11
8990 9002 1
8991 9883 1
8993 9002 1
8994 9962 3
8995 9298 1
8998 9935 1
8998 9342 2
9001 9324 1
9001 9164 14
9001 9287 2
9002 9876 1
9002 9787 2
9002 9313 1
9002 9802 4
9002 9337 1
9002 9445 1
9006 9558 1
9006 9725 1
9006 9008 3
9006 9686 1
9007 9029 1
9009 9971 3
9009 9913 2
9009 9567 3
9009 9227 1
9010 9304 1
9013 9984 6
9013 9649 4
9014 9823 1
9014 9915 1
9014 9908 1
9016 9635 1
9016 9478 1
9018 9548 2
9019 9388 1
9020 9603 1
9021 9503 1
9021 9680 8
9021 9264 1
9023 9448 2
9027 9805 1
9029 9542 1
9031 9583 1
9032 9369 1
9032 9637 1
9032 9885 1
9032 9081 1
9036 9288 3
9036 9599 1
9036 9199 1
9036 9330 1
9036 9769 4
9039 9323 1
9039 9988 1
9041 9162 2
9041 9401 1
9041 9913 3
9041 9599 1
9041 9978 3
9042 9528 1
9043 9267 1
9043 9920 1
9046 9187 1
9046 9351 2
9046 9288 1
9048 9817 3
9049 9966 2
9050 9309 7
9051 9181 3
9051 9853 1
9051 9768 1
9051 9808 1
9052 9850 1
9053 9503 1
9060 9450 1
9062 9321 1
9067 9603 5
9068 9649 1
9070 9783 23
9079 9676 1
9080 9367 1
9082 9763 1
9088 9419 1
9090 9846 4
9097 9614 1
9101 9864 8
9103 9318 1
9109 9966 1
9134 9907 1
9136 9649 1
9137 9381 3
9150 9847 2
9152 9251 1
9164 9447 1
9182 9513 4
9185 9568 1
9193 9226 3
9196 9799 1
9213 9773 1
9215 9321 2
9219 9321 1
9224 9496 1
9225 9764 4
9225 9656 1
9225 9286 8
9226 9323 1
9226 9731 12
9226 9661 1
9226 9329 1
9226 9511 9
9227 9496 4
9239 9799 1
9240 9467 2
9240 9809 4
9240 9507 1
9240 9991 1
9241 9419 1
9251 9547 1
9251 9393 6
9251 9255 2
9251 9694 1
9255 9765 1
9256 9428 2
9259 9799 1
9260 9321 2
9260 9557 1
9261 9617 1
9267 9415 1
9286 9321 2
9288 9889 28
9290 9554 3
9292 9793 3
9298 9997 1
9302 9845 1
9302 9798 2
9302 9380 1
9302 9422 1
9302 9519 1
9308 9663 1
9308 9548 1
9308 9998 1
9308 9376 2
9333 9779 1
9341 9940 1
9341 9799 1
9342 9448 1
9343 9458 1
9357 9583 1
9367 9774 6
9367 9543 1
9370 9679 3
9370 9447 1
9371 9419 2
9377 9381 4
9377 9601 1
9381 9709 1
9388 9843 2
9402 9676 1
9407 9603 1
9408 9966 3
9415 9918 1
9419 9663 2
9423 9847 1
9428 9945 1
9428 9817 2
9428 9660 1
9428 9744 2
9428 9952 1
9448 9835 21
9455 9940 1
9456 9791 1
9463 9929 1
9475 9496 1
9475 9601 3
9479 9698 1
9483 9711 2
9490 9733 1
9494 9847 1
9496 9899 1
9503 9799 2
9505 9777 4
9507 9603 1
9510 9557 1
9511 9929 1
9517 9767 3
9533 9603 2
9545 9765 1
9557 9637 1
9557 9703 29
9574 9929 1
9576 9927 16
9583 9804 2
9583 9922 2
9583 9891 3
9589 9714 1
9589 9591 7
9597 9680 1
9601 9610 1
9612 9676 1
9614 9733 2
9617 9768 1
9620 9968 1
9620 9874 2
9630 9846 1
9675 9763 3
9676 9811 1
9679 9876 1
9679 9814 2
9715 9944 1
9745 9768 1
9745 9921 1
9751 9929 1
9763 9849 1
9763 9991 1
9772 9789 1
9773 9789 9
9776 9789 2
9789 9994 1
9791 9894 8
9800 9889 1
9804 9889 1
9824 9847 1
9835 9846 1
9847 9936 4
9940 9974 1
