65 9809 1
65 9899 1
76 8955 4
76 9463 4
84 8689 1
84 9581 6
84 8899 1
84 9484 2
85 8669 1
85 8889 1
85 9148 4
112 9169 90
112 8660 1
112 8582 1
112 9775 1
112 8826 1
112 9047 1
112 9323 5
144 9936 3
144 9504 2
144 9631 1
144 8926 1
144 8984 1
144 9133 14
178 9653 1
180 9242 2
180 8964 5
190 9000 1
198 9498 1
198 9246 1
198 9581 1
198 9664 1
198 9708 2
198 9059 1
198 9772 1
198 8583 1
198 9082 1
198 9450 1
201 8896 2
201 9748 1
216 9420 2
216 9684 1
216 8807 1
228 8669 1
228 8677 4
228 8757 1
228 9814 1
299 9772 1
299 9852 1
305 8850 3
305 9447 2
305 8939 7
305 9943 2
305 8565 1
305 9868 1
333 9334 1
333 9253 1
333 9798 1
333 9146 5
333 9867 1
333 9749 1
333 9861 1
339 9191 2
339 8599 35
339 9512 2
339 9631 2
339 9364 29
367 9248 1
367 8841 6
367 8801 1
367 9294 2
367 8903 4
375 9487 1
375 9858 1
375 8913 1
375 9434 1
375 9401 1
396 9191 1
396 8627 1
396 9899 2
396 9009 1
407 9576 1
407 9820 1
407 9823 2
416 9254 1
416 9537 1
416 9898 1
433 8922 3
434 9702 6
434 8723 30
434 9210 1
446 8960 1
446 8990 1
494 9792 1
503 9045 1
503 8542 2
503 8891 1
509 9003 7
511 9159 1
520 9047 3
520 9206 1
520 9736 1
520 9222 1
520 8998 6
522 9574 5
522 8822 3
522 9237 1
522 9336 1
522 8934 1
522 9545 3
522 9678 1
527 9541 1
527 9363 5
527 8649 1
527 8857 4
527 8828 38
534 9670 1
534 8811 1
548 9259 14
548 9783 10
548 9889 1
548 9168 1
548 9814 1
548 9466 1
555 9396 5
555 9629 1
555 8665 1
560 9190 1
560 8938 1
562 9856 1
562 9818 2
562 9923 1
562 8592 1
569 9593 7
569 9123 2
569 9363 1
601 9399 2
601 9019 1
601 9754 6
608 9878 1
608 9793 1
608 9515 1
608 9121 1
608 9640 2
608 9835 1
608 9337 1
608 9357 2
608 9921 31
610 9283 2
610 9502 4
628 9067 12
628 9458 2
628 9493 1
641 9686 1
641 8853 1
641 9135 1
646 9483 1
646 9155 14
646 8758 1
646 9354 1
653 9482 2
653 9487 1
653 8718 1
653 9534 1
657 9577 1
657 9197 1
657 9704 1
657 9801 1
666 8956 2
666 8781 3
666 9253 1
686 8985 1
686 8675 1
689 9079 200
689 9614 31
690 9891 1
709 9255 4
709 9932 5
709 9365 1
709 8624 1
709 9611 1
714 9199 1
725 9098 2
725 9877 1
725 9191 1
751 9911 1
751 9577 6
751 8678 1
765 9392 1
765 8723 1
765 8891 4
765 9632 8
771 9438 1
771 9426 1
771 9374 1
771 9950 7
771 8842 1
771 9594 10
806 9202 1
806 9739 4
811 9251 1
811 9684 2
816 8812 1
816 9420 2
816 8539 1
816 9475 2
816 9852 1
837 9215 2
837 8587 1
850 9203 2
850 9831 1
850 9995 1
871 8687 2
871 9488 1
871 8682 2
871 9769 1
879 9597 1
879 8649 1
879 9385 3
879 9517 2
879 9333 1
881 9005 1
881 8861 1
881 9609 2
881 9408 2
885 9541 1
885 8596 1
887 8988 5
887 8666 4
887 9613 1
887 9927 1
887 9546 1
887 9686 1
887 9793 1
887 9929 1
893 9223 1
893 8534 1
893 9963 3
893 8722 1
893 9911 1
893 9024 1
893 8920 1
908 9492 1
908 8658 88
910 9269 1
910 9436 2
910 9640 39
912 9527 1
912 8850 2
938 9725 1
938 8861 3
938 9394 1
938 9403 1
947 9869 1
947 8804 2
947 9293 5
947 9518 3
947 9931 3
947 9895 2
951 8565 1
951 9942 2
951 9926 1
967 9079 3
967 9239 1
967 8591 21
975 9140 1
975 9282 1
981 9875 1
1004 9694 2
1004 9085 5
1004 8695 1
1013 9660 1
1013 9818 1
1013 8781 4
1028 8639 1
1028 9169 1
1028 9006 1
1028 9350 1
1028 9628 1
1028 9822 1
1029 6579 2
1029 9001 1
1029 8913 1
1029 9344 1
1029 8569 3
1029 9437 1
1029 9146 1
1029 8550 1
1029 8925 1
1029 9374 5
1033 9897 1
1033 9258 1
1033 9587 5
1033 9177 1
1033 9998 1
1055 8699 2
1055 9280 3
1055 9555 1
1055 8875 1
1055 9498 1
1057 8590 1
1057 9481 14
1057 9896 2
1057 9247 1
1058 9938 1
1058 9757 1
1058 9461 1
1058 8949 7
1102 8708 1
1102 9929 1
1102 9671 2
1102 9729 1
1126 8617 6
1126 9471 1
1126 9663 3
1135 9645 1
1135 9378 1
1135 9642 1
1137 9732 1
1137 8768 1
1137 9472 1
1150 9829 3
1150 8875 4
1162 9396 1
1162 8766 1
1162 9019 2
1162 9522 1
1162 8774 1
1162 9300 1
1183 9816 3
1183 9144 1
1183 9639 1
1212 9691 1
1212 9495 2
1212 9743 1
1217 9516 10
1217 8678 1
1217 9595 1
1217 9936 4
1218 9516 3
1218 9074 1
1218 9212 1
1218 9013 1
1218 8538 1
1218 9444 1
1218 9876 1
1236 9445 3
1236 9649 7
1236 8636 1
1236 9261 7
1236 8698 1
1241 8563 1
1262 9721 1
1262 9044 28
1265 9663 1
1265 9363 4
1265 9723 1
1265 8557 18
1275 9522 1
1275 9505 200
1275 9516 2
1275 9528 10
1275 8923 1
1275 9864 1
1276 9289 1
1276 9492 19
1276 9086 1
1276 8784 33
1276 9272 1
1276 9243 1
1276 9821 2
1309 9746 1
1309 8723 1
1315 9735 1
1315 8609 2
1315 9182 3
1315 9716 1
1315 9830 3
1341 8536 1
1341 8917 1
1341 9653 1
1341 9843 2
1341 8774 3
1341 9015 11
1341 8806 1
1345 9183 9
1345 9507 1
1345 8950 1
1345 9842 3
1345 8842 1
1345 8974 15
1345 9239 2
1345 8556 5
1353 9173 4
1353 9982 1
1366 9483 1
1366 8926 1
1366 8758 1
1373 8700 1
1373 8892 3
1377 9353 1
1377 9289 2
1389 8954 1
1390 8929 1
1390 8667 1
1390 8721 1
1390 9399 1
1414 8817 1
1414 8558 1
1415 9847 3
1424 9182 1
1425 9324 1
1425 9065 1
1425 9467 1
1425 9873 1
1425 9442 1
1429 9438 4
1429 8874 1
1429 8611 1
1429 8719 4
1429 9405 32
1429 8597 1
1429 9183 3
1429 9898 1
1429 9956 164
1441 9854 1
1441 9954 1
1441 9024 2
1444 9008 2
1444 8885 1
1444 9848 2
1451 8950 1
1451 9693 1
1451 9527 1
1451 9861 2
1451 9103 1
1451 9222 1
1462 8739 2
1497 9167 2
1497 9251 2
1497 9853 1
1497 9928 1
1505 9585 1
1510 9299 4
1519 8815 1
1519 9790 1
1519 9192 5
1519 9437 1
1519 9920 1
1531 8894 2
1540 9414 1
1540 8616 2
1540 9067 1
1558 8563 1
1558 9665 1
1558 9735 5
1558 9022 1
1585 9913 1
1585 9442 1
1585 9612 3
1599 8781 1
1599 9353 1
1611 8733 1
1611 8971 1
1611 8635 1
1611 9515 9
1611 9940 2
1619 8582 1
1619 8778 3
1619 9102 1
1624 9036 3
1624 8553 5
1652 9622 2
1652 9781 1
1652 9995 1
1652 8975 1
1678 9498 1
1678 9267 1
1678 9649 1
1678 9123 1
1678 9574 1
1678 9882 2
1706 8762 1
1706 9961 1
1706 9993 1
1709 9180 1
1709 9592 1
1716 8533 1
1716 9309 7
1716 8686 2
1716 8992 9
1716 9516 1
1716 9554 3
1716 9070 1
1716 9562 1
1716 8932 21
1720 9521 3
1720 9109 2
1720 9890 2
1720 9953 91
1733 8733 9
1735 9918 1
1737 9105 1
1737 9761 3
1744 9297 5
1744 8598 1
1744 9334 1
1744 9594 13
1752 9508 1
1752 9806 1
1759 9598 1
1759 8540 1
1759 9093 1
1759 9382 1
1781 9252 1
1781 9228 1
1781 9277 1
1781 9927 1
1781 9596 2
1783 9628 1
1783 9261 1
1783 8929 1
1787 9609 1
1787 9928 1
1787 9692 3
1803 9534 2
1803 9830 1
1803 8730 3
1820 9367 7
1820 8942 1
1820 9433 2
1820 9480 1
1824 8652 3
1824 9793 33
1824 8667 1
1824 9209 1
1824 9597 2
1834 9565 8
1834 9709 1
1834 8953 1
1854 8734 1
1854 8719 1
1854 9447 1
1856 8949 1
1856 8898 1
1856 9526 2
1856 9775 2
1877 9046 1
1895 9535 5
1895 9510 1
1895 9912 1
1906 9460 2
1906 9921 1
1911 9234 1
1911 9710 1
1911 9921 3
1911 9518 1
1911 8791 1
1914 8756 2
1914 9605 2
1914 9630 2
1917 9879 1
1917 9373 3
1917 9686 1
1917 9848 1
1919 9664 19
1919 9530 1
1919 9777 1
1928 9920 2
1928 8771 1
1928 9450 3
1928 9781 1
1928 9983 1
1928 8782 5
1952 9035 1
1952 9310 1
1952 8620 1
1952 9155 1
1952 9235 1
1958 8684 12
1990 9930 2
1990 8648 1
1990 8863 1
1994 8882 1
1994 9954 6
1994 9636 1
2003 8833 1
2003 9160 10
2003 9493 1
2013 9454 1
2013 8711 1
2019 9587 1
2019 8665 1
2019 9592 2
2026 9354 1
2026 8828 1
2026 8998 1
2026 9322 2
2027 9127 1
2027 8667 2
2045 9715 6
2049 9932 1
2059 8667 2
2059 9019 2
2059 8848 3
2059 9553 2
2059 9808 11
2059 9816 12
2063 9737 2
2064 9325 1
2071 9573 1
2071 9190 3
2071 8846 1
2071 9646 1
2071 8558 1
2071 8638 3
2071 9397 2
2071 8912 2
2071 9087 13
2071 9183 1
2072 8556 1
2072 8830 2
2072 8994 1
2072 9411 1
2072 9332 1
2072 9442 1
2074 8609 1
2074 9145 1
2074 9392 2
2074 9665 1
2074 9829 1
2077 9636 12
2077 9351 6
2077 9617 20
2077 9104 2
2077 8649 2
2077 9453 1
2077 9467 2
2077 9508 1
2082 9248 28
2082 9694 1
2082 9702 1
2082 8666 7
2082 9950 1
2082 9499 1
2097 9104 2
2097 9008 1
2097 9077 1
2111 9889 4
2111 9634 1
2114 9833 1
2114 9481 1
2117 8963 1
2117 9321 2
2117 8792 1
2117 8860 1
2117 9341 1
2124 9729 1
2135 9382 1
2135 8846 2
2140 9855 2
2140 9906 184
2140 8664 200
2156 8844 3
2156 9086 1
2156 9722 5
2158 9882 4
2158 9123 2
2158 9127 4
2163 8650 1
2163 9512 1
2163 9863 2
2169 9352 1
2169 9302 1
2169 9477 1
2169 9050 1
2169 9110 1
2169 9161 2
2169 9758 1
2169 8955 1
2169 9132 1
2169 9819 1
2182 8865 1
2182 8723 3
2182 9001 1
2182 9013 1
2182 9262 1
2182 9628 1
2182 9011 1
2189 8653 2
2189 9177 1
2223 9670 1
2224 9289 2
2224 9977 15
2261 9707 1
2261 8961 1
2261 8887 1
2261 9845 4
2261 9283 1
2261 9411 7
2271 9995 1
2271 8774 1
2298 9351 6
2298 9597 1
2298 9881 14
2308 8863 3
2308 9095 1
2308 8599 1
2315 9251 106
2315 8653 1
2315 9693 1
2323 9033 24
2323 9609 1
2323 8633 3
2323 9234 1
2334 8550 1
2334 9611 2
2334 9062 3
2334 9845 2
2334 9251 3
2334 8756 1
2334 9647 2
2334 9739 1
2354 9709 1
2354 9122 24
2354 9385 2
2354 9460 1
2354 8866 1
2354 9249 1
2354 8826 5
2354 9473 1
2354 9941 1
2354 8761 1
2354 8952 1
2354 9162 2
2354 9836 1
2359 9432 1
2377 9894 1
2377 9862 1
2380 9337 1
2380 9182 3
2380 9770 1
2380 9186 3
2380 9449 1
2380 9798 3
2380 9568 2
2380 9028 1
2380 8686 1
2380 8722 3
2382 8975 2
2382 9131 1
2382 8779 1
2382 8648 2
2382 8659 2
2382 8964 2
2382 9482 1
2382 9908 1
2382 9852 2
2382 9794 1
2382 9735 4
2393 9906 1
2393 8761 1
2397 8781 2
2397 9438 2
2397 8898 1
2397 9875 1
2403 9921 1
2403 9628 1
2403 9669 79
2403 9323 120
2403 8953 1
2420 9937 20
2461 9281 1
2461 8932 1
2461 9390 151
2461 8804 1
2461 9606 1
2461 9771 1
2474 9897 2
2474 9785 3
2474 9367 10
2474 9968 1
2474 8710 4
2474 9871 1
2474 9461 1
2476 8978 16
2476 9355 1
2476 9126 1
2476 9863 1
2478 9189 1
2478 8912 3
2507 8887 1
2507 9322 1
2507 9742 1
2507 9888 1
2507 8590 1
2507 9748 1
2507 8698 1
2517 9050 1
2517 9159 1
2517 8896 30
2517 9235 2
2517 9073 1
2518 8925 1
2518 8573 1
2518 9274 2
2518 9121 1
2539 8817 1
2539 9325 2
2539 9867 4
2543 9450 2
2543 9785 1
2543 9280 1
2543 9752 1
2554 9983 1
2554 8633 1
2554 9531 8
2554 9260 11
2554 8980 2
2573 9002 1
2583 9445 1
2583 8942 1
2591 8538 6
2591 9094 1
2591 9150 7
2604 8587 1
2604 9905 8
2604 9487 33
2619 8959 1
2619 9559 1
2619 9612 2
2619 9634 12
2619 9693 1
2619 9959 1
2638 8890 1
2638 8886 1
2638 9276 3
2638 9413 1
2643 9961 1
2643 9913 3
2643 9025 47
2643 8620 16
2643 9107 1
2643 9707 1
2649 9165 1
2649 9438 1
2649 9067 2
2664 9745 1
2664 9049 1
2664 8597 3
2664 9394 1
2664 9625 6
2664 9975 1
2668 8760 2
2668 8970 1
2672 8554 2
2672 9572 3
2672 9462 38
2692 9255 2
2692 8941 1
2692 9645 1
2692 9685 2
2708 9639 4
2713 9569 1
2713 8618 11
2722 8724 1
2722 9992 1
2722 8714 13
2722 9345 1
2737 9369 1
2737 9260 1
2737 9058 1
2737 9839 2
2739 9137 1
2739 8617 1
2739 9334 1
2739 9672 4
2739 9982 4
2769 9253 1
2769 9770 1
2769 8938 5
2769 9389 2
2769 9085 1
2830 8900 3
2830 9135 1
2830 9770 1
2837 9331 6
2855 9664 1
2855 9230 3
2855 9760 1
2859 9828 5
2870 9102 1
2887 9531 1
2887 9999 1
2887 8601 3
2887 9795 1
2887 9159 2
2906 8584 2
2906 8863 2
2906 9292 2
2906 9449 1
2906 8944 5
2906 9299 1
2911 9714 1
2911 9365 1
2911 9990 5
2911 8815 2
2911 9376 2
2916 9510 1
2916 8983 1
2916 9441 1
2920 9869 41
2920 9457 1
2920 9037 17
2934 8746 3
2945 8849 1
2945 9277 1
2945 8780 5
2945 9087 1
2945 9747 2
2945 8912 88
2945 9991 1
2945 9389 1
2945 9453 1
2945 8992 2
2945 9239 1
2945 9724 1
2945 9756 2
2948 9411 86
2948 8804 1
2948 8947 2
2948 9773 1
2948 9923 1
2953 8941 1
2953 8667 1
2953 8641 3
2953 9210 3
2953 9745 1
2958 9661 1
2958 8652 5
2958 8897 1
2958 9108 1
2958 9768 1
2958 9699 1
2960 8757 6
2960 9945 1
2973 9306 3
2980 9540 2
2980 9824 1
2980 8817 1
2980 9186 5
2980 9211 1
3000 8604 1
3000 9801 2
3000 8551 5
3000 9595 1
3002 9890 19
3002 8665 3
3002 9517 2
3002 9346 3
3002 9026 1
3002 9752 85
3002 8748 3
3002 9304 1
3048 8768 1
3048 8722 6
3048 8968 1
3048 9082 2
3048 9338 1
3052 9068 3
3052 9516 2
3052 9592 1
3052 9802 1
3052 8893 23
3052 9851 1
3052 9938 2
3057 9390 1
3057 8639 8
3057 9429 1
3058 8591 7
3058 9471 1
3058 8568 1
3058 9856 13
3073 9161 1
3073 9339 11
3077 9328 1
3077 9552 2
3077 8786 1
3077 9091 1
3077 9833 2
3089 9665 1
3089 8752 1
3089 9212 1
3089 9318 2
3095 9434 2
3095 9782 47
3095 9061 14
3098 9515 2
3098 9179 1
3098 9382 1
3099 9424 5
3099 9381 1
3099 9810 43
3103 8768 6
3103 9402 1
3103 9577 1
3103 8748 1
3103 9977 1
3103 8991 6
3103 9952 1
3104 9415 34
3119 9276 4
3119 8900 11
3126 9077 117
3126 9321 2
3126 9634 1
3126 8893 1
3126 8817 1
3127 9947 1
3127 8708 1
3127 8551 8
3127 8983 4
3189 8821 1
3189 8820 23
3189 8636 1
3189 8993 2
3189 9458 1
3189 9421 1
3189 9126 1
3189 9992 1
3222 9557 10
3233 9318 2
3252 9920 2
3252 8645 2
3252 9579 1
3256 9608 1
3267 9362 1
3267 9059 1
3267 9438 1
3267 9609 1
3288 8616 1
3288 8826 1
3288 9145 1
3294 9422 1
3294 9552 1
3317 8659 1
3317 8882 2
3317 9396 1
3367 9411 1
3367 9461 4
3367 9912 4
3367 9359 1
3367 9503 1
3367 9988 1
3376 8731 1
3376 8636 1
3376 9795 1
3376 9232 2
3376 9665 1
3376 8547 1
3376 8691 2
3379 9615 2
3379 8682 1
3419 9544 1
3419 8719 1
3419 9384 1
3419 9871 6
3433 8914 1
3433 9868 1
3433 9324 3
3433 9931 1
3433 9002 1
3434 9361 1
3434 9282 1
3434 9290 1
3439 9313 1
3439 8607 1
3462 9784 2
3462 9984 2
3462 8613 2
3487 8609 6
3487 9791 1
3487 9776 1
3495 8568 2
3495 9324 1
3503 9042 1
3503 9760 1
3503 8690 1
3503 8964 9
3503 8989 2
3503 9859 2
3518 9975 1
3530 9362 1
3530 9499 6
3530 9403 6
3543 9784 1
3543 8731 1
3543 9685 3
3555 9195 1
3555 9594 1
3555 9581 1
3559 9968 3
3559 8731 1
3559 9434 1
3570 9339 11
3570 9836 1
3570 9448 2
3570 9954 1
3570 9409 1
3570 9597 2
3570 9827 1
3570 8744 1
3570 8987 1
3586 8653 1
3586 9625 1
3586 8842 1
3586 8988 1
3586 9106 1
3596 9424 2
3596 9603 2
3605 8687 2
3605 9528 53
3605 9780 1
3605 8713 1
3605 9391 1
3616 8641 4
3649 8540 1
3649 8844 3
3649 9033 1
3658 9771 1
3658 9332 1
3658 9001 1
3658 9137 1
3658 8633 1
3658 8784 1
3663 9077 1
3663 8942 7
3676 9831 1
3676 8558 1
3676 8844 1
3676 9355 1
3679 9849 8
3679 9480 23
3679 8601 5
3691 9897 1
3691 9494 1
3691 9953 1
3691 8744 1
3691 9365 1
3697 8882 1
3697 9465 1
3705 9160 2
3705 8762 3
3705 9252 1
3717 9455 1
3717 9420 1
3732 8708 1
3732 9631 1
3732 9957 1
3732 9980 2
3739 9316 7
3739 8792 4
3739 9730 1
3752 9611 1
3752 9095 1
3752 9981 14
3757 8775 1
3757 9913 2
3776 8947 1
3776 9088 1
3776 9552 2
3776 9625 1
3776 8903 1
3776 9005 6
3783 9569 1
3783 9197 1
3783 9510 1
3783 9714 1
3784 9597 1
3784 9211 4
3784 8614 3
3784 9217 6
3786 9920 3
3786 9860 1
3786 8738 2
3786 9842 1
3786 8637 2
3797 9703 5
3797 9063 2
3805 9318 7
3805 9727 1
3805 9738 1
3814 9073 1
3814 9849 1
3818 9157 1
3818 8604 1
3818 8664 9
3818 8985 2
3818 9071 4
3818 8752 6
3818 9185 3
3818 9275 1
3818 9877 2
3818 8797 3
3818 8870 1
3819 9719 2
3819 9142 7
3819 9579 1
3819 9625 4
3819 9732 1
3819 9262 1
3819 9346 1
3819 9598 21
3819 9646 1
3821 9687 1
3821 9890 2
3821 9131 1
3841 9701 11
3841 9146 2
3841 9003 1
3841 8559 1
3842 9999 1
3842 8965 2
3842 8650 3
3851 9313 1
3856 9943 8
3856 8733 3
3856 9665 1
3856 8784 2
3856 8934 3
3856 9419 13
3856 9046 42
3856 8553 1
3856 8654 1
3856 9367 1
3856 9595 2
3875 9259 200
3875 9503 1
3875 9666 5
3875 9140 1
3875 9854 1
3879 8914 22
3894 9427 1
3894 9554 2
3905 8609 4
3920 8857 1
3920 8993 2
3920 9148 3
3920 9705 2
3921 9533 7
3921 9704 1
3921 9140 22
3921 9681 1
3928 8874 3
3928 9568 1
3928 8768 2
3928 9533 2
3941 9867 1
3941 9635 3
3941 8952 1
3941 9302 1
3941 8558 3
3941 9753 1
3955 9107 3
3955 9562 200
3955 9733 1
3955 9927 5
3977 9135 12
3977 9646 1
3978 9111 1
3978 9996 2
3984 9329 1
3984 9015 2
3984 9349 4
4020 9820 1
4020 9232 3
4020 9362 1
4021 9259 1
4021 9410 1
4021 8791 2
4021 9109 1
4021 9518 2
4021 9612 7
4026 8629 5
4026 8715 1
4026 9548 1
4027 9485 1
4027 8960 18
4027 9588 1
4027 8573 1
4029 9392 39
4029 8592 4
4029 9120 1
4046 9467 1
4046 9742 2
4046 9890 7
4046 8666 1
4050 9296 2
4050 9168 1
4050 9663 1
4050 9777 3
4050 8668 2
4052 8954 1
4052 9770 3
4052 9043 1
4056 9099 1
4056 9906 1
4056 8611 6
4056 8961 1
4059 8573 1
4072 9003 1
4072 9180 1
4072 9552 1
4081 8687 1
4081 9939 200
4081 8602 1
4081 8803 1
4081 9291 1
4081 9566 1
4101 9108 2
4101 9254 13
4101 8801 1
4101 9862 2
4101 9703 1
4113 9644 10
4115 9473 1
4115 9483 2
4115 9240 1
4115 9269 13
4115 9843 1
4119 9757 3
4119 8732 18
4135 9531 3
4135 9470 3
4138 9740 16
4138 8939 1
4140 8900 1
4140 9402 1
4140 9144 11
4149 9374 1
4163 9108 1
4163 9062 9
4163 9959 1
4163 9836 1
4163 8688 1
4169 9730 1
4169 8782 1
4169 9615 1
4169 9878 3
4169 8661 1
4169 9630 2
4169 8743 1
4169 9215 1
4169 9338 1
4169 9943 1
4192 9415 1
4192 9760 7
4195 8849 57
4195 9569 2
4208 9860 6
4208 9963 2
4233 9268 1
4233 9867 1
4233 8743 3
4233 8762 1
4233 8868 12
4233 9395 1
4265 8908 12
4265 9854 58
4265 9403 1
4265 9746 1
4265 9968 1
4285 8536 1
4285 9653 1
4288 9983 1
4288 9694 1
4288 8629 1
4294 9044 2
4294 9487 1
4294 9726 2
4301 8636 2
4301 9876 2
4301 8932 2
4301 8934 3
4301 8966 1
4339 9811 1
4339 9466 1
4365 9228 1
4365 9699 1
4365 8955 1
4369 9884 1
4369 9989 1
4373 8938 2
4383 9180 1
4383 8743 3
4387 9002 1
4387 9233 1
4413 9289 8
4413 9218 1
4413 9721 1
4413 9317 1
4419 8579 3
4419 9725 1
4425 8583 1
4425 8746 1
4425 8878 28
4425 8700 1
4425 9327 1
4425 9443 1
4439 9544 1
4470 9407 1
4481 9922 2
4481 8534 8
4481 9268 19
4481 9414 1
4481 8531 1
4481 8965 3
4481 9192 2
4502 9394 1
4502 9797 1
4505 9833 5
4505 9768 1
4505 9230 1
4505 9708 1
4505 9417 12
4510 9140 2
4510 9972 1
4537 9036 2
4540 9088 1
4540 9752 1
4540 9669 1
4548 9862 2
4548 9350 10
4548 8536 2
4565 9742 1
4570 9953 1
4570 9327 1
4570 9795 1
4576 9995 3
4601 9426 1
4601 8947 1
4601 9037 1
4601 8636 1
4601 9308 3
4616 9698 1
4629 9645 26
4629 9622 1
4640 9769 2
4640 9042 1
4652 9000 1
4652 9448 4
4652 9649 2
4658 8951 2
4658 9208 1
4658 9214 7
4658 9199 1
4658 9396 1
4662 9240 1
4662 8607 1
4662 9277 1
4662 8781 8
4670 9928 1
4670 9981 2
4670 9983 1
4685 9274 1
4685 9216 1
4685 8627 3
4692 9678 1
4692 8895 1
4692 9717 1
4709 9888 1
4709 9695 4
4709 9732 1
4709 9293 2
4712 9364 1
4712 9855 1
4712 9365 1
4712 9369 1
4714 9640 1
4714 9373 1
4714 8700 2
4714 8820 3
4714 9424 1
4740 8665 1
4740 9737 107
4740 9871 1
4740 8975 2
4758 8622 1
4758 9991 1
4758 9766 1
4766 9732 5
4766 9484 3
4766 9691 1
4766 9421 1
4782 8559 1
4782 9110 1
4782 9282 1
4782 9175 1
4794 9861 1
4794 8914 3
4794 9072 1
4797 9224 8
4797 9932 10
4819 8542 1
4819 9629 5
4849 8757 4
4849 9606 1
4849 9674 37
4849 8599 1
4849 9031 8
4851 8582 1
4851 8949 168
4851 9434 4
4851 8963 1
4851 9879 2
4851 8775 1
4851 8896 1
4851 9617 1
4851 9889 1
4858 9874 2
4858 8657 1
4881 8703 1
4881 9456 1
4887 8698 2
4887 9261 2
4887 9546 3
4887 9933 1
4888 8994 1
4888 8653 1
4903 9706 19
4910 8637 1
4910 8579 1
4910 8690 2
4910 9212 32
4910 9354 1
4910 9674 2
4910 8891 1
4910 9879 10
4910 9670 1
4910 9009 4
4910 9189 2
4915 8983 1
4915 8556 1
4915 9046 1
4915 9385 2
4915 9757 103
4924 9425 1
4924 9349 1
4930 9275 3
4930 9660 2
4930 9747 4
4934 9068 1
4934 9931 2
4934 8739 1
4934 9422 1
4934 9752 3
4934 8689 1
4934 8538 1
4936 8827 32
4936 8995 1
4936 8571 1
4936 9504 2
4945 9772 1
4945 9730 8
4945 9737 1
4950 9264 1
4950 8943 1
4950 9103 1
4956 8537 1
4963 9289 2
4963 9924 3
4963 9896 1
4963 9527 2
4980 8700 5
4980 9066 1
4980 9952 4
4980 8886 16
4985 9785 1
5006 9510 1
5006 8602 54
5006 9639 1
5006 8970 1
5006 8990 2
5006 9666 2
5006 8690 1
5006 9035 1
5006 9149 2
5006 8826 1
5006 9117 1
5006 9321 3
5006 9598 1
5010 9358 2
5010 9724 10
5015 9218 1
5015 9443 1
5015 8887 2
5017 8827 1
5017 8699 10
5017 8890 1
5020 8613 29
5020 8899 1
5020 9736 1
5020 9107 1
5022 8748 2
5022 9114 2
5022 9642 1
5022 8531 1
5022 9357 186
5022 8652 1
5022 9265 2
5027 8719 1
5027 9768 4
5031 8733 1
5031 9117 11
5031 9553 1
5031 8767 8
5044 9899 1
5044 9889 1
5044 8554 1
5044 9088 1
5047 8889 1
5047 9233 1
5047 9739 1
5047 8552 1
5047 9262 1
5058 8735 1
5058 9091 8
5080 8949 1
5126 9911 7
5126 8677 3
5126 8629 1
5126 9635 1
5126 9841 3
5151 9207 7
5151 9781 31
5151 8590 3
5151 9699 2
5151 8691 1
5151 8557 1
5151 8993 1
5151 9335 1
5151 9855 13
5157 9675 1
5157 8830 2
5157 9782 1
5160 9444 17
5160 8624 1
5160 9496 18
5160 9271 2
5160 9798 2
5160 9906 1
5166 9598 2
5166 8654 1
5166 8726 9
5214 9327 1
5214 9573 1
5214 9702 1
5214 9697 1
5223 9743 3
5223 9828 1
5223 9631 5
5223 8782 1
5223 8779 3
5223 9271 7
5223 9413 1
5223 8735 4
5228 9835 1
5228 9071 1
5228 9124 2
5228 9099 1
5228 9623 1
5228 9930 1
5234 9365 2
5234 9479 22
5234 8864 2
5265 8538 2
5265 9996 3
5265 9063 2
5265 9402 2
5265 9505 1
5293 9277 1
5293 9071 1
5293 9464 1
5302 9211 2
5302 9727 2
5302 8780 2
5302 9335 4
5302 9996 1
5302 9485 1
5302 9540 5
5304 8796 10
5304 9447 1
5304 9336 1
5304 9496 6
5304 9935 1
5312 9959 1
5312 8903 1
5312 9140 2
5312 9861 6
5347 9045 1
5347 8746 1
5354 8721 200
5354 8991 1
5354 9781 1
5354 8731 1
5354 9063 1
5354 9608 1
5363 8671 24
5363 9173 3
5363 9525 1
5363 9868 3
5365 8730 1
5365 9070 1
5365 8658 1
5365 9440 1
5367 8857 6
5375 9750 1
5375 9867 2
5375 9247 1
5375 8876 1
5375 9882 1
5375 8711 1
5375 9722 1
5375 8954 1
5375 9576 1
5375 9709 2
5387 9341 1
5390 9467 1
5390 9273 1
5400 9441 3
5400 8724 3
5400 9281 1
5400 9036 1
5400 9163 1
5414 9809 1
5414 8806 2
5414 8766 1
5414 9557 1
5420 9303 1
5420 8633 1
5420 9740 3
5421 9943 4
5421 9025 1
5421 9068 1
5421 9372 1
5428 8775 3
5436 9401 1
5436 9148 2
5436 9197 1
5436 9013 1
5472 9186 1
5472 9640 2
5472 8821 1
5472 9515 1
5472 8591 1
5472 8760 1
5472 9698 1
5472 9896 30
5482 8968 1
5482 8695 4
5482 9945 1
5519 9128 1
5519 9035 1
5519 9502 1
5524 8590 1
5524 9614 1
5524 9924 1
5532 8947 1
5532 9264 1
5532 8922 1
5532 9460 4
5550 9695 5
5550 9795 5
5550 8974 2
5561 8983 2
5561 8654 1
5561 9640 1
5569 9190 1
5569 8864 1
5569 9907 2
5571 9344 2
5571 8865 1
5574 9352 2
5594 8941 1
5594 9769 1
5594 9202 49
5594 9869 16
5594 9766 6
5594 8716 1
5597 8781 1
5597 8813 5
5597 9669 2
5598 9819 6
5598 9810 1
5598 9757 1
5643 9676 25
5643 8960 1
5653 9434 2
5653 9745 1
5653 9767 1
5653 8897 3
5653 9569 1
5653 9186 1
5663 9053 3
5663 9397 8
5663 8607 1
5663 9334 1
5663 9943 6
5663 9234 1
5677 9470 1
5677 8682 1
5677 9942 6
5677 8718 2
5682 8889 2
5682 8841 1
5682 9141 5
5682 9674 1
5682 9903 2
5732 9537 1
5732 9330 1
5732 9110 1
5732 9772 1
5760 9140 29
5760 9977 1
5760 9690 2
5760 8846 2
5760 9370 1
5760 9791 1
5760 9989 1
5760 9425 1
5760 9515 1
5763 9905 2
5763 9933 3
5768 9884 1
5768 8540 18
5768 9437 1
5768 9977 3
5768 8675 3
5768 9875 1
5768 9483 1
5777 9540 1
5777 8638 1
5777 9189 3
5786 8724 1
5786 8691 1
5786 9790 4
5788 8547 1
5788 9442 1
5788 9028 1
5788 8703 1
5788 8645 3
5788 9667 2
5788 9881 1
5788 8943 4
5792 9039 1
5792 8584 1
5801 9903 6
5801 8580 2
5801 9455 1
5801 9898 9
5801 8638 10
5801 9836 1
5814 9347 1
5814 9694 3
5814 9706 46
5814 8887 3
5814 9908 2
5830 9249 1
5830 9079 2
5830 9165 2
5830 9824 1
5830 9704 1
5839 8568 1
5839 9833 1
5844 8895 1
5844 9604 1
5844 8652 10
5844 9402 1
5844 8795 7
5844 8779 1
5844 9782 1
5844 9941 1
5858 9531 2
5858 9120 2
5858 9520 1
5858 9056 1
5886 9852 1
5886 9065 4
5886 9416 1
5906 9111 4
5906 9385 4
5909 9723 1
5909 9035 2
5909 9384 1
5917 9504 1
5937 8822 1
5958 9933 1
5958 9954 2
5958 8620 1
5958 8846 2
5958 8920 1
5958 9003 4
5958 9127 17
5958 9565 1
5958 9577 1
5998 9026 1
5998 9373 2
6001 8942 1
6001 9645 10
6001 9666 1
6006 9850 1
6006 8613 1
6006 9780 2
6006 9791 9
6010 9019 7
6010 8565 1
6025 9284 1
6025 8850 1
6025 9292 6
6035 9541 2
6039 9146 1
6039 9442 4
6039 9737 2
6039 9687 1
6039 9802 1
6039 9983 3
6048 8669 2
6048 9775 1
6048 8827 1
6048 9981 1
6070 9776 7
6070 9001 5
6093 9956 1
6093 9185 1
6093 9953 1
6094 9530 1
6094 9479 1
6102 9533 1
6102 9874 2
6110 9526 1
6110 8580 71
6133 8556 1
6133 9843 1
6133 9480 3
6133 8806 86
6133 9249 2
6133 8792 5
6136 9554 1
6136 8926 11
6138 8968 1
6138 9767 2
6142 9182 3
6142 9672 1
6142 8582 1
6145 8591 1
6153 8678 1
6153 9070 1
6153 9973 1
6153 9243 3
6153 9308 5
6153 9555 3
6153 9863 1
6153 9913 1
6153 9408 5
6153 9610 2
6153 8653 1
6153 8727 1
6153 9344 1
6153 8796 2
6153 9826 20
6157 9248 1
6157 9352 1
6157 9973 2
6164 8539 1
6164 9746 5
6165 8598 1
6165 9608 5
6169 8826 89
6169 9737 1
6169 8715 1
6169 9017 8
6184 9810 3
6184 8817 78
6184 8894 1
6184 9615 1
6187 8552 1
6187 9167 1
6196 9394 1
6196 9817 1
6196 9954 1
6204 9981 2
6204 8845 7
6204 8875 2
6204 9405 2
6204 9441 1
6242 9294 20
6242 9647 6
6246 9613 1
6246 8537 1
6246 9067 4
6246 9690 3
6246 9701 4
6246 8596 1
6246 9742 3
6250 8691 2
6250 9232 1
6250 9839 1
6250 9813 1
6250 9921 1
6250 8732 1
6250 9074 1
6250 8811 2
6250 9842 1
6266 9355 1
6266 8874 5
6266 9710 1
6266 8616 1
6269 9730 2
6269 9916 3
6273 8674 6
6273 9309 1
6273 9077 1
6273 9770 4
6273 8796 7
6273 8851 1
6273 9399 10
6273 9905 1
6276 9871 1
6276 8676 1
6276 9969 2
6280 8695 1
6280 9688 1
6281 9818 1
6281 9250 1
6281 9921 1
6284 8602 1
6284 9499 1
6284 8766 1
6284 9336 2
6284 9603 2
6296 8535 7
6296 9961 5
6317 8673 2
6317 8750 7
6317 9073 2
6333 8601 1
6333 8916 6
6333 8711 1
6333 9098 1
6351 8820 13
6351 9427 15
6351 8552 2
6351 9435 2
6351 9508 3
6351 9807 1
6363 8882 1
6363 9110 1
6363 9828 3
6363 9259 5
6400 9956 2
6400 8576 2
6400 8724 2
6400 8827 6
6405 8923 1
6405 9066 5
6405 9108 1
6405 9721 1
6413 9816 3
6431 9684 1
6431 9842 3
6431 9653 27
6437 9150 1
6437 9028 3
6437 9370 1
6440 9300 1
6440 9901 1
6440 9811 1
6442 9942 1
6442 9598 1
6442 9102 2
6442 9783 1
6460 8735 1
6465 8717 1
6465 9527 1
6465 8579 9
6467 8554 12
6467 8998 15
6467 9020 1
6467 9603 1
6467 9978 1
6497 8806 2
6497 9433 3
6509 8543 4
6509 8690 3
6512 9480 2
6512 9416 1
6512 9573 1
6520 9065 14
6520 9378 1
6520 8674 1
6524 9427 92
6545 9280 2
6545 9401 2
6545 8664 1
6545 8807 1
6545 8816 2
6545 8534 2
6545 8690 1
6545 9646 1
6545 9202 2
6545 9492 3
6579 9271 1
6579 9464 3
6579 9888 46
6579 8904 2
6579 9454 1
6579 9984 1
6591 9905 1
6591 8797 1
6591 9309 1
6591 9940 1
6592 9070 1
6597 8563 1
6597 8721 1
6601 8899 2
6601 9128 1
6601 8722 1
6601 9437 1
6601 9545 1
6601 9340 1
6601 9783 1
6602 9880 2
6602 8665 1
6602 9350 1
6602 9065 1
6602 9855 4
6613 9182 1
6613 8849 2
6613 9708 1
6619 8978 1
6619 9173 8
6619 9531 3
6619 9190 1
6619 9721 1
6619 8571 1
6619 9900 1
6622 9761 1
6623 9761 1
6623 8719 4
6623 9050 200
6659 8658 1
6659 9085 2
6690 9373 1
6690 9346 2
6690 9823 5
6690 9847 1
6694 9208 1
6694 8861 1
6704 8744 1
6704 9873 1
6707 9930 1
6711 8761 1
6711 9167 1
6711 9497 1
6713 9331 1
6713 8866 1
6719 8635 1
6719 9758 3
6719 9313 16
6719 9780 2
6722 9610 3
6722 9424 1
6722 9521 1
6722 9151 1
6722 9688 1
6734 9667 1
6734 9752 1
6734 9177 1
6747 9095 2
6747 9493 1
6747 9771 6
6747 9435 1
6747 9611 1
6747 9999 2
6760 9390 1
6760 9151 1
6760 9934 2
6760 9828 2
6760 8768 4
6760 9646 1
6760 9771 1
6760 9280 1
6760 9727 2
6760 9695 2
6760 9260 1
6760 9370 4
6771 8988 14
6771 9045 1
6784 9585 3
6784 9518 3
6784 9781 1
6800 8866 1
6800 8830 1
6800 9697 1
6800 9824 1
6813 9864 2
6833 9171 1
6833 9061 1
6835 9131 1
6835 8802 1
6859 9503 1
6859 9845 3
6859 9847 2
6859 9329 1
6861 9126 1
6861 9208 6
6880 8992 1
6880 9045 1
6880 9864 1
6893 8617 2
6893 8975 3
6893 9264 5
6914 9032 1
6914 9387 2
6914 8637 2
6914 9289 1
6916 8870 1
6916 9224 1
6916 9888 2
6916 8550 4
6916 9401 6
6916 8916 13
6918 9349 4
6921 9546 1
6921 9385 1
6921 9527 1
6921 9688 1
6921 9229 1
6921 9912 2
6922 9698 1
6922 9241 2
6922 9458 10
6922 8662 1
6922 8876 1
6922 9284 1
6938 8614 1
6938 8671 1
6938 9316 1
6938 9512 2
6942 9304 10
6942 9651 3
6942 8932 1
6942 9324 1
6942 9241 1
6942 9605 5
6943 9548 1
6943 9093 90
6943 8922 1
6943 8712 1
6953 9600 1
6953 8991 1
6953 8734 1
6958 9929 1
6958 9891 2
6958 8939 1
6958 9809 1
6958 9910 4
6985 9391 1
6985 9729 2
6987 9918 1
7013 9537 1
7015 9141 1
7015 9553 2
7015 9385 1
7015 9429 1
7015 9565 2
7015 9680 2
7015 9956 1
7015 9101 1
7068 9913 2
7068 9228 1
7075 9114 1
7081 9722 1
7081 8553 1
7081 9376 1
7081 8730 7
7085 9382 1
7098 8841 1
7098 8813 4
7098 9891 4
7103 9831 13
7103 9293 3
7103 9674 1
7103 8971 1
7103 9541 10
7103 9802 1
7103 8765 1
7103 9142 1
7103 8687 2
7103 9559 1
7115 8669 10
7115 9725 1
7115 9811 1
7115 9417 1
7147 9117 1
7147 8874 35
7147 9175 2
7147 9696 1
7165 8968 3
7165 9336 1
7165 9207 4
7165 9348 8
7168 9384 1
7168 9144 1
7176 8845 1
7176 9721 1
7176 9912 2
7176 9085 1
7176 9059 1
7176 9483 1
7176 9817 1
7176 9277 1
7176 9419 2
7177 9437 1
7177 8717 3
7177 9467 1
7177 9690 200
7177 9160 1
7177 9302 1
7183 9916 3
7183 8993 2
7183 8657 1
7183 8938 2
7184 9518 1
7220 9103 1
7220 9496 2
7220 9695 2
7223 9502 1
7223 9663 5
7223 9293 1
7223 9606 2
7223 9880 4
7223 9008 1
7233 8734 1
7233 8903 4
7233 8782 1
7233 9149 3
7233 9707 1
7233 9407 12
7233 9929 1
7233 9328 11
7233 9046 34
7244 8682 1
7244 9473 2
7251 9576 1
7251 9151 14
7251 8934 1
7251 9062 12
7267 8538 2
7267 8649 1
7267 8726 3
7267 9901 5
7273 9032 1
7273 9816 1
7273 8968 5
7273 9667 1
7279 9309 12
7300 9684 1
7300 9312 2
7300 9375 2
7326 9631 1
7326 9079 1
7332 9240 1
7332 9203 1
7336 9085 1
7336 9691 1
7336 9945 1
7336 8987 1
7336 9303 2
7338 8926 2
7338 8651 1
7341 9801 1
7341 9526 1
7341 8543 6
7341 9475 9
7341 8845 1
7341 8897 1
7341 8995 3
7341 9179 2
7344 9514 1
7344 9680 2
7344 9713 6
7344 9666 1
7344 9950 1
7344 9082 2
7344 9614 1
7344 9419 1
7344 9630 1
7346 9098 1
7346 9698 1
7346 9766 1
7346 9830 1
7346 9000 1
7365 8781 4
7365 9806 1
7365 9731 2
7365 8641 11
7365 9238 2
7396 9326 1
7396 9099 1
7396 9790 3
7403 9281 51
7403 8578 3
7403 9426 2
7417 9866 2
7417 8876 1
7417 9516 1
7426 8543 2
7426 9934 21
7426 9541 1
7433 8620 1
7449 9819 1
7449 8640 1
7449 8718 1
7449 9593 1
7449 9703 1
7449 8713 1
7482 9254 1
7482 9132 1
7482 8775 1
7482 8865 1
7482 9811 3
7482 9680 3
7504 9938 1
7504 8780 200
7512 9195 1
7512 9199 1
7512 9497 1
7520 9807 2
7520 9382 2
7520 9526 1
7520 9768 2
7520 9392 8
7550 9525 1
7550 9272 1
7550 9720 200
7559 8845 1
7559 8947 2
7559 9688 1
7559 9173 5
7577 9982 2
7577 9264 3
7577 9463 1
7577 8802 1
7577 9664 3
7577 8693 1
7578 9429 1
7578 9415 1
7578 9427 1
7578 9445 1
7582 9394 1
7582 8531 1
7582 8722 1
7582 8578 4
7582 9328 1
7602 9545 1
7602 9237 1
7602 9859 1
7606 9660 1
7606 9259 2
7606 9686 1
7606 8959 2
7606 8692 2
7606 9214 1
7606 9414 1
7606 9878 1
7606 9937 1
7613 8866 8
7616 9032 1
7616 9521 1
7616 8708 1
7616 8715 13
7625 9660 2
7625 9614 1
7625 8540 1
7625 9676 1
7625 9246 2
7630 8637 1
7630 9457 3
7672 8849 12
7672 9440 1
7672 9498 1
7672 9269 1
7672 9913 15
7672 9070 1
7683 8961 3
7683 9466 1
7683 9702 1
7683 9816 172
7683 9990 1
7683 9541 1
7683 9918 1
7685 9297 200
7685 8890 2
7685 9694 1
7724 9394 1
7724 8657 1
7724 9528 2
7724 9714 3
7726 9117 1
7726 9427 1
7726 9661 1
7726 9250 1
7736 8861 1
7736 9730 2
7736 8952 1
7737 9565 4
7737 9223 1
7737 9864 1
7737 9610 2
7749 9310 1
7776 8743 1
7776 9604 1
7790 9356 1
7790 9807 1
7790 9432 2
7790 9932 6
7803 9160 1
7803 9725 1
7803 9835 5
7803 9860 1
7817 8959 1
7817 8943 1
7817 9391 1
7817 9161 1
7817 8904 2
7819 9642 2
7819 9124 19
7845 8557 1
7845 9248 1
7845 9610 1
7851 8896 1
7851 9076 1
7851 9535 1
7852 9409 1
7852 8551 1
7852 9211 3
7852 9982 1
7852 9465 1
7852 9351 6
7853 8569 1
7867 8865 1
7867 9635 1
7877 9929 1
7877 8925 1
7889 9087 7
7889 9713 2
7899 9485 1
7899 9623 1
7899 8662 2
7923 9031 2
7923 9013 1
7923 9167 1
7923 9299 1
7923 8980 100
7923 9339 2
7923 9479 1
7923 9978 1
7923 9255 2
7932 8579 1
7932 8966 1
7932 9250 1
7932 9215 2
7932 9242 2
7932 9599 2
7958 9484 1
7958 9572 1
7978 9853 2
7978 8611 1
7978 8812 1
7978 9507 3
7982 9402 1
7982 9458 1
7982 9678 1
7982 8822 2
7982 9860 5
7983 9593 3
7983 9359 1
7983 9137 1
7986 8664 1
7986 9745 1
7995 9000 2
7995 9884 1
8009 8991 2
8009 9520 4
8026 8650 2
8026 8963 1
8035 9089 6
8036 9099 7
8036 8951 1
8036 8651 1
8036 8665 1
8036 9450 1
8036 9488 1
8052 9615 1
8052 8559 5
8055 8665 1
8056 9908 3
8070 9162 1
8097 8604 2
8097 8613 1
8097 9128 1
8103 9769 1
8122 9237 1
8122 9494 1
8122 9531 2
8127 9737 2
8127 8964 1
8127 9396 3
8127 8961 200
8127 8875 2
8127 9155 1
8127 8617 1
8127 9701 1
8149 8950 1
8149 8816 2
8149 9223 1
8149 8994 1
8155 9101 15
8155 9756 16
8155 8660 9
8155 9438 1
8155 9807 1
8155 9453 1
8155 9574 1
8155 8590 5
8159 8820 1
8170 9480 9
8170 8828 1
8170 9705 1
8170 8713 1
8170 9470 2
8170 8674 6
8170 9855 1
8170 9720 1
8175 9121 1
8203 8611 6
8203 9963 1
8212 9352 1
8212 9094 1
8212 9884 1
8212 9341 1
8212 9227 1
8214 9853 80
8214 8828 1
8214 9277 1
8214 9281 1
8220 9592 4
8220 9268 2
8222 8860 1
8222 9330 1
8222 9670 1
8226 9127 1
8226 8961 1
8226 9815 1
8230 9714 1
8230 9049 6
8230 9125 3
8230 9785 1
8230 9950 2
8235 8543 1
8248 9269 1
8248 9049 7
8248 9572 4
8248 9230 2
8248 9272 2
8250 9896 1
8250 9262 2
8250 8782 2
8250 9587 1
8256 9056 2
8256 8763 1
8274 9935 1
8274 9387 1
8279 8970 1
8282 9411 1
8282 9023 2
8282 8622 2
8282 8732 2
8282 8811 1
8300 9079 1
8300 9935 2
8300 9672 1
8311 9887 1
8311 9569 1
8311 9350 1
8311 8916 1
8313 9497 2
8313 9236 1
8321 9767 2
8321 9216 11
8321 8760 1
8321 8584 5
8321 8844 1
8321 9190 1
8321 9276 1
8328 9094 1
8328 9651 1
8328 9899 1
8334 9497 1
8334 8779 1
8336 9599 1
8336 9101 3
8336 9124 1
8348 9445 1
8354 9023 1
8354 9396 7
8354 9897 1
8356 9235 1
8356 8817 1
8356 9273 5
8356 9887 2
8368 9546 2
8368 8551 3
8368 9275 1
8368 9310 1
8368 9409 1
8368 9809 2
8403 9280 1
8403 9322 1
8403 9701 1
8407 9617 5
8407 9568 2
8407 9993 2
8407 9328 1
8419 8649 4
8419 9733 2
8419 9878 1
8448 9977 1
8448 8990 3
8448 8661 5
8455 9576 4
8455 9067 2
8455 9957 1
8455 9372 3
8455 8913 1
8455 9149 1
8495 9008 1
8495 8675 1
8495 9507 14
8495 9146 2
8504 9303 1
8504 9757 2
8504 9923 1
8504 9727 1
8504 8717 1
8504 8869 2
8506 8975 1
8506 9281 1
8506 9111 1
8506 9244 1
8506 9098 1
8506 9738 1
8506 8537 1
8506 8908 6
8509 9325 1
8515 9813 1
8515 9853 1
8531 8603 6
8531 8593 4
8532 9817 12
8532 8677 200
8532 8771 2
8533 9012 5
8534 8736 1
8535 8685 1
8538 8595 9
8539 9902 4
8539 8561 1
8539 8549 65
8541 9735 1
8541 9337 1
8542 8838 1
8542 8656 1
8543 8972 1
8544 9848 1
8544 8579 24
8545 9325 1
8545 8792 1
8545 9587 1
8545 8763 1
8545 9958 1
8546 9797 1
8546 9766 2
8546 9163 2
8546 8617 1
8546 9169 8
8547 8933 1
8548 9592 1
8549 9730 1
8549 8857 1
8550 8581 3
8550 8632 1
8551 9021 1
8551 8656 1
8555 8990 20
8555 9851 1
8555 9940 1
8555 8900 1
8555 9165 4
8555 9533 1
8556 8681 3
8556 8847 1
8556 9266 1
8558 8982 18
8560 9242 1
8560 8684 3
8560 9474 1
8561 9968 1
8561 9346 1
8561 8591 3
8561 9639 1
8561 8695 6
8561 8669 4
8562 9722 5
8563 8615 1
8564 9422 1
8566 9739 2
8566 9651 2
8567 9875 3
8567 9911 4
8568 9112 1
8569 9789 4
8569 9219 1
8570 9217 1
8570 9661 2
8572 9120 2
8572 9370 1
8572 9875 1
8572 9749 4
8572 8963 1
8572 9031 1
8574 8821 2
8575 9154 1
8575 9082 1
8575 9216 1
8575 9395 15
8575 9604 1
8575 8661 9
8575 9723 2
8576 9041 1
8576 8927 2
8577 9674 35
8577 8700 1
8577 8699 1
8577 9772 4
8577 9122 1
8578 8948 1
8578 9021 1
8578 8871 4
8581 9062 2
8581 9698 1
8581 9168 1
8583 8642 17
8584 8945 1
8585 9044 1
8586 9784 3
8586 9137 3
8586 9280 1
8586 9023 12
8586 9869 1
8588 8987 1
8588 9058 3
8588 9710 2
8589 9185 1
8589 9033 5
8589 9369 1
8589 8622 2
8589 9539 1
8590 8957 1
8590 8997 1
8592 8847 1
8594 9177 8
8594 9253 5
8594 9432 19
8594 8833 66
8594 9028 1
8594 9828 2
8595 9455 1
8595 9727 1
8595 8812 1
8595 9169 1
8595 9433 1
8595 9569 1
8595 9290 1
8595 9329 1
8595 9490 1
8598 9198 1
8600 9149 2
8600 8951 1
8602 9524 1
8603 9963 1
8603 9436 1
8603 9152 1
8603 9736 3
8604 8770 3
8604 8725 1
8605 9303 1
8605 9457 2
8606 9540 1
8606 9475 1
8606 8923 64
8606 9299 1
8608 9031 2
8608 9037 1
8608 9159 2
8608 9444 1
8608 9358 2
8610 9477 1
8610 9818 1
8610 9894 1
8611 8935 1
8612 8762 1
8612 8738 1
8612 9104 1
8612 9407 3
8614 9021 5
8614 8945 13
8614 8927 4
8615 9674 1
8616 9054 3
8616 9007 1
8619 9066 1
8619 9224 4
8620 8855 1
8620 8918 5
8621 9306 1
8621 9252 1
8623 9163 1
8623 9375 2
8624 9524 8
8625 8954 3
8626 8820 3
8626 9333 1
8628 8925 1
8628 9898 1
8628 9058 2
8628 9255 1
8628 9849 1
8628 9223 1
8629 9016 1
8630 8953 1
8630 8684 1
8630 8689 2
8630 9568 1
8631 9841 1
8631 9152 2
8631 9372 1
8632 9918 1
8632 9121 1
8632 9351 1
8634 9576 1
8634 9238 1
8634 9039 3
8634 9389 1
8635 8911 9
8639 8884 1
8640 8931 1
8640 8877 1
8642 9101 1
8642 9877 9
8642 9267 1
8643 9748 52
8643 9203 1
8643 9874 6
8644 8868 2
8644 9991 1
8644 9009 2
8644 8803 1
8644 9503 2
8644 9961 3
8644 9274 1
8644 9610 1
8645 8996 1
8646 8739 1
8646 9758 6
8646 9845 24
8647 8984 1
8647 9191 2
8647 8750 1
8648 8910 1
8648 8873 2
8648 8799 1
8649 8754 1
8649 9532 3
8650 8776 1
8652 9601 9
8655 9868 1
8656 9466 1
8656 9585 3
8656 8841 2
8656 8993 2
8656 9375 17
8656 9711 1
8658 8911 2
8659 8982 1
8659 9187 2
8660 8696 8
8660 8996 7
8660 8877 5
8661 8818 1
8663 9576 22
8663 9707 1
8665 8770 1
8668 8736 1
8669 8839 1
8670 9137 3
8670 9056 1
8670 9165 6
8670 8992 1
8671 9027 1
8672 9474 1
8672 9180 1
8673 8793 4
8676 9994 2
8679 9015 1
8679 9420 10
8680 9230 1
8680 9827 1
8681 8954 1
8681 9275 3
8681 9053 1
8683 9457 3
8683 9344 4
8684 9320 1
8685 9735 1
8686 8927 1
8687 8729 2
8688 8905 1
8688 8749 1
8692 8936 1
8692 9558 1
8693 8967 1
8694 9333 1
8694 9829 14
8694 9991 1
8696 9210 5
8696 8917 7
8697 8811 1
8697 8959 1
8701 8863 1
8701 9463 1
8701 8950 2
8702 8730 8
8702 9044 40
8702 9957 1
8703 9226 1
8704 9572 4
8704 9574 19
8704 9566 1
8704 8939 2
8704 9555 1
8705 9359 1
8705 8951 1
8705 9005 1
8705 9544 1
8705 9939 2
8706 8849 3
8706 9255 3
8706 9125 2
8706 8853 1
8706 9460 8
8707 8898 3
8707 9555 1
8707 9358 7
8707 9894 1
8707 9588 2
8707 9206 1
8707 9334 1
8707 9644 5
8708 8736 1
8709 9367 1
8709 9676 1
8710 8945 3
8711 9459 1
8713 8799 1
8714 8915 1
8714 8788 1
8715 8888 1
8720 9880 2
8720 9026 1
8721 8832 1
8723 9012 1
8725 9120 12
8725 9303 1
8725 9347 2
8727 8872 2
8727 9618 1
8728 9510 4
8728 9243 3
8728 9846 2
8729 8857 1
8729 9106 1
8729 9526 1
8729 9886 9
8731 9014 1
8735 9038 2
8736 9813 1
8736 8779 1
8736 9847 1
8736 9416 1
8736 9685 1
8736 9696 4
8737 9017 1
8737 9440 1
8737 9632 2
8739 8872 3
8740 9871 3
8741 9890 1
8741 9242 2
8741 9684 2
8741 9671 3
8742 8926 1
8744 8776 1
8745 8950 8
8745 9206 1
8745 9858 1
8746 8749 3
8747 9907 24
8747 9403 1
8747 9241 1
8749 9217 2
8749 9061 1
8749 9258 2
8750 8840 2
8751 9554 4
8751 9053 1
8751 9331 3
8751 8971 46
8751 9548 14
8751 9934 1
8752 9964 1
8753 9661 28
8753 8780 1
8753 9114 1
8754 9681 7
8755 9822 2
8755 8978 1
8756 9789 3
8759 9701 2
8759 8816 1
8759 9195 7
8759 9644 4
8759 9122 1
8760 8872 2
8762 9016 4
8764 9795 6
8764 9006 2
8764 9695 3
8765 9476 3
8767 8810 1
8769 9327 2
8769 9473 1
8769 9661 11
8770 9565 2
8770 9144 2
8770 9708 5
8770 8917 1
8770 9540 1
8770 9958 1
8770 9455 1
8772 8953 16
8772 8853 1
8772 9818 1
8772 8783 5
8772 9942 7
8773 9724 1
8774 8940 1
8776 9736 1
8777 9539 11
8777 9694 4
8777 8923 1
8777 9062 1
8778 8814 1
8779 9016 2
8783 8997 5
8785 8950 1
8785 9168 1
8785 9787 1
8787 9258 1
8788 9802 21
8788 9290 2
8788 9980 2
8788 9593 1
8788 9608 2
8789 8914 1
8789 9214 5
8789 9731 1
8790 9358 1
8791 8976 1
8793 9024 1
8793 9347 1
8793 9306 6
8793 9705 2
8794 9757 1
8794 9327 1
8795 9030 3
8795 9187 10
8796 9591 4
8798 8992 1
8799 9132 2
8799 9750 1
8799 9678 10
8799 9877 1
8799 9879 5
8800 9294 1
8800 9167 3
8801 8962 1
8802 8888 1
8802 8829 1
8803 9139 2
8804 8997 1
8804 8814 3
8805 9234 13
8805 9161 2
8805 9196 3
8807 9034 1
8808 9664 2
8809 9480 1
8809 9105 3
8809 9686 1
8810 9432 2
8810 9826 1
8810 9882 1
8811 8973 2
8813 8824 23
8814 9920 3
8814 9691 3
8816 8910 1
8819 9807 1
8820 9021 1
8821 8976 2
8822 9170 1
8823 9963 2
8824 9941 1
8824 9326 2
8824 9629 1
8825 9313 9
8825 9329 2
8825 9680 1
8825 9356 1
8825 9432 1
8825 9145 1
8825 9973 1
8827 9789 2
8827 9601 1
8829 9923 1
8829 9886 2
8829 9472 1
8829 9706 2
8830 8940 1
8830 9591 1
8831 9399 1
8832 9011 16
8832 9340 1
8832 9881 1
8832 9769 1
8833 8948 3
8833 9139 2
8834 9246 7
8834 8850 1
8834 9269 1
8834 8894 1
8834 9047 1
8835 9605 1
8835 9822 5
8836 9402 1
8837 9860 7
8837 9397 1
8837 9817 1
8837 9420 1
8837 9546 2
8837 9251 100
8837 8851 8
8837 9522 4
8838 9713 4
8838 9271 4
8838 9894 1
8838 9889 6
8838 9916 1
8838 9474 2
8839 9275 2
8839 9938 1
8839 9773 1
8840 9733 193
8840 8848 2
8840 9855 1
8840 9099 1
8840 9177 1
8840 9713 1
8840 9996 1
8845 9021 2
8846 9052 8
8847 9077 1
8848 8915 1
8852 9836 1
8852 9284 1
8852 9460 1
8852 9397 1
8852 9557 1
8852 9600 1
8853 9158 2
8854 9105 1
8854 9502 1
8854 9017 2
8854 9717 1
8854 9884 2
8855 8891 3
8856 8892 1
8856 9335 13
8856 9813 1
8858 9808 1
8858 9127 36
8858 9504 4
8858 9599 1
8858 8956 1
8859 9323 34
8859 8944 1
8859 9151 1
8859 9493 1
8859 9485 1
8859 9517 5
8859 9777 5
8860 8996 1
8862 9785 1
8862 8895 2
8862 9354 1
8862 9711 1
8867 9391 1
8869 8979 1
8871 9784 1
8871 9070 1
8871 9845 1
8871 9020 37
8873 9872 1
8873 8917 1
8873 9973 1
8877 9490 1
8877 9953 1
8877 9125 1
8877 9707 4
8878 9021 1
8878 9398 1
8879 9217 1
8879 9477 3
8880 9826 8
8881 8943 2
8881 9199 11
8881 9784 1
8883 9313 1
8883 9592 1
8883 9896 1
8883 9611 2
8883 9754 1
8884 9076 1
8884 9078 1
8884 9192 1
8884 9750 2
8886 9964 1
8888 9931 1
8888 9767 2
8888 9702 1
8889 9883 1
8892 9158 2
8895 8996 4
8898 9018 4
8901 9068 1
8901 9346 3
8902 9783 2
8902 9099 1
8902 9120 5
8904 9010 16
8905 9990 2
8906 8938 1
8906 9163 2
8906 9600 3
8907 9723 2
8907 9195 1
8907 9294 1
8907 9330 1
8907 9352 1
8907 9422 1
8908 9994 1
8908 8910 6
8909 9124 3
8909 8988 2
8909 9818 1
8910 9233 4
8910 9704 1
8910 9711 1
8910 9867 1
8910 9483 2
8911 9414 2
8911 9331 1
8915 9050 1
8915 9664 5
8919 9599 3
8921 8953 4
8921 9132 14
8924 9169 1
8924 9306 1
8925 9048 1
8927 9819 1
8927 9066 3
8928 9326 4
8930 9969 1
8930 9254 1
8931 9540 5
8931 9043 1
8931 9585 5
8933 8998 1
8933 9133 1
8933 9670 1
8933 9019 1
8933 9408 16
8933 9555 1
8933 9907 1
8933 9981 1
8933 9310 1
8933 9666 1
8933 9935 15
8933 9229 1
8933 9537 12
8933 9791 1
8935 9984 1
8935 9671 1
8935 9756 1
8935 8947 1
8935 9390 1
8936 9293 1
8936 9725 1
8937 9692 1
8937 8988 1
8937 9934 3
8937 9727 3
8945 9253 1
8946 9227 1
8946 9793 1
8946 9482 2
8946 9797 1
8948 9309 1
8948 9490 1
8954 9812 1
8954 8976 2
8955 9618 1
8957 9769 8
8958 9596 3
8958 9268 6
8958 9710 5
8961 9226 1
8962 9598 8
8962 9312 2
8967 9685 1
8967 9498 1
8967 9631 1
8967 9849 1
8967 9445 1
8967 9023 1
8967 9297 2
8969 9656 1
8969 9244 2
8969 9888 1
8969 9958 1
8970 9966 1
8972 9453 1
8973 9396 1
8973 9410 1
8974 9288 1
8976 9453 2
8976 9522 5
8976 9326 1
8976 9494 3
8977 9292 2
8979 9089 1
8980 9319 1
8981 9554 2
8981 9248 5
8981 9820 1
8982 9482 1
8982 9501 24
8982 9972 4
8985 9038 1
8986 9025 1
8986 9252 4
8986 9142 1
8989 9007 2
8997 9171 1
8999 9676 1
8999 9308 1
9004 9308 7
9004 9936 1
9007 9474 1
9007 9076 1
9007 9237 2
9010 9888 1
9012 9836 1
9012 9593 1
9012 9988 4
9014 9387 1
9014 9111 1
9014 9585 1
9016 9420 1
9016 9703 1
9016 9433 2
9017 9052 1
9018 9816 3
9018 9846 2
9020 9278 1
9021 9920 1
9021 9510 1
9021 9808 10
9021 9989 1
9021 9209 1
9021 9418 2
9027 9690 7
9029 9093 1
9029 9032 2
9029 9929 2
9030 9348 3
9030 9918 14
9034 9228 1
9034 9316 1
9034 9373 1
9034 9530 1
9036 9112 1
9036 9266 1
9038 9747 1
9040 9253 1
9040 9831 1
9040 9887 2
9040 9726 4
9041 9072 1
9041 9794 11
9046 9524 1
9047 9052 1
9048 9223 4
9048 9793 3
9051 9384 3
9052 9630 1
9053 9902 2
9054 9072 1
9054 9185 2
9064 9188 2
9065 9476 1
9067 9838 1
9071 9948 35
9073 9659 7
9074 9550 2
9078 9398 1
9080 9579 2
9080 9815 1
9080 9402 1
9080 9480 2
9089 9966 1
9092 9124 2
9092 9346 3
9092 9596 1
9092 9738 16
9101 9139 1
9109 9219 1
9112 9412 2
9112 9605 1
9112 9141 33
9112 9274 1
9123 9226 2
9128 9951 1
9139 9898 1
9139 9204 2
9139 9691 1
9139 9356 1
9144 9187 13
9157 9288 1
9158 9548 2
9170 9936 1
9172 9979 1
9183 9902 1
9187 9341 3
9187 9310 1
9187 9321 4
9187 9481 1
9194 9683 1
9196 9266 1
9197 9266 1
9198 9879 2
9200 9307 2
9204 9951 1
9204 9812 3
9210 9789 1
9216 9558 1
9218 9883 1
9219 9339 2
9226 9521 49
9229 9266 1
9232 9964 3
9244 9948 1
9245 9926 4
9245 9880 1
9249 9618 1
9266 9541 1
9267 9618 1
9278 9722 1
9288 9291 1
9289 9883 1
9300 9558 4
9320 9716 1
9320 9470 1
9320 9876 4
9320 9588 1
9320 9636 2
9320 9715 1
9320 9767 1
9321 9524 1
9340 9371 3
9349 9446 1
9352 9591 1
9354 9446 4
9358 9371 1
9362 9618 13
9364 9601 1
9364 9558 1
9371 9674 1
9371 9931 1
9376 9618 2
9376 9486 1
9398 9878 1
9410 9550 1
9428 9464 5
9434 9459 4
9435 9838 2
9436 9994 1
9448 9902 1
9449 9812 1
9456 9840 2
9459 9990 1
9468 9814 1
9471 9659 1
9472 9902 1
9486 9886 1
9486 9814 1
9486 9748 1
9489 9644 5
9489 9988 6
9489 9900 2
9489 9501 1
9495 9659 1
9499 9550 1
9520 9524 1
9524 9671 2
9524 9552 1
9532 9968 1
9533 9601 1
9535 9618 14
9550 9852 1
9563 9808 1
9570 9620 5
9580 9920 1
9591 9999 1
9613 9837 1
9613 9964 1
9645 9902 1
9659 9807 2
9666 9951 1
9666 9789 1
9720 9812 1
9789 9926 1
9804 9830 1
9827 9902 1
9853 9994 2
9875 9948 14
9883 9992 1
9961 9966 6
