3 9114 1
3 8754 2
3 9169 1
3 9236 2
3 9112 1
3 9251 1
3 8689 1
15 9058 1
15 9581 1
15 9113 1
15 9491 3
15 9211 1
15 9674 3
18 9098 2
18 8734 1
18 9326 3
18 9740 1
18 9962 1
18 8646 1
18 8822 1
18 9592 17
36 9141 1
36 9174 1
36 9450 1
37 9661 19
37 8667 2
41 9197 1
41 9460 1
41 8622 4
41 8991 1
41 8993 2
47 9048 1
47 8551 5
51 9816 2
51 9749 1
51 9637 6
52 9196 1
52 8981 1
52 9210 1
54 8646 3
54 9265 2
54 9379 1
54 9543 2
54 8881 1
57 8825 1
57 8765 1
57 8788 1
60 9976 1
60 9278 1
62 9163 1
62 9148 1
62 9435 1
62 9732 1
62 9735 39
62 9561 65
62 8993 2
62 8853 3
62 8958 2
73 9717 1
73 8541 6
73 9299 1
73 9568 4
76 8891 4
76 9749 6
76 9141 1
76 9555 10
76 8609 1
76 9197 2
76 9271 1
81 8893 1
81 8629 1
81 9991 1
84 9000 1
84 8965 1
84 9862 4
84 9001 1
84 8696 2
84 9326 1
84 9176 2
84 9642 2
112 8539 2
122 9439 2
122 9407 1
122 9491 1
122 9461 2
122 9836 1
122 8941 2
122 9237 1
122 8834 1
122 9993 1
134 8537 1
134 9623 1
134 9938 2
134 9828 1
134 9476 26
136 8561 17
136 8905 4
136 8958 2
136 9293 1
136 9221 1
136 9769 1
136 9409 1
136 9533 2
136 9091 1
136 9796 1
141 9468 4
141 9655 1
141 9732 2
141 9037 2
141 9791 16
150 8655 2
150 9894 5
169 9075 2
169 9196 1
169 9742 1
169 9999 1
169 8881 1
169 9274 1
169 9423 1
169 9829 3
169 9210 1
169 9952 1
191 9382 6
191 9516 1
192 8543 4
192 9462 12
192 8723 4
192 9575 1
192 9819 1
213 9676 1
213 9652 1
224 9749 1
224 8859 1
225 9811 1
225 8823 1
225 9384 1
239 9395 9
239 9445 1
239 9931 1
243 8557 2
243 9072 1
243 9179 2
243 9407 1
243 9961 2
243 8927 3
243 9491 2
253 9978 4
253 9204 1
262 9671 1
262 8723 1
262 8761 1
294 8636 2
294 9601 1
307 9559 1
307 9212 2
307 8631 1
307 8858 2
307 9728 1
307 8682 1
307 9097 1
307 9682 1
324 9855 1
324 9488 3
326 9009 21
327 8725 1
327 9583 1
327 9738 1
327 9668 2
327 9050 2
334 9256 1
350 8747 1
350 9606 1
350 9704 2
350 9991 2
350 8819 1
350 9473 2
350 8661 3
350 9871 1
353 8844 1
353 8714 1
353 9975 1
360 9009 1
360 8867 10
360 9547 1
360 8973 3
360 8751 1
360 9986 9
360 9983 2
369 9494 1
369 9947 1
401 9824 1
401 9472 148
401 9497 2
403 9201 2
403 8603 1
403 9408 1
404 9679 3
404 9065 2
404 9919 2
423 9433 1
423 9945 1
423 9419 1
423 9807 1
423 9464 2
431 9144 4
431 8812 4
431 9897 1
431 9962 1
431 9124 3
431 8731 18
431 9018 1
452 9312 1
452 9785 2
452 9810 1
452 9531 1
452 9016 1
452 9361 1
452 9371 3
462 9424 1
462 9031 2
462 9554 2
462 9557 1
462 9770 2
471 9816 1
471 9331 1
471 9888 5
476 9879 1
476 9997 1
482 9293 1
482 8608 1
515 9132 1
515 9866 7
520 9413 1
520 9837 10
520 9189 1
520 9650 14
520 8860 2
520 9184 1
520 9287 4
520 9692 1
520 9814 1
521 9672 3
521 9123 1
542 9019 1
542 8860 1
542 8912 4
542 9050 1
542 9392 4
542 8970 1
542 9572 6
547 9654 1
547 8743 1
547 8747 1
547 9033 1
550 9773 2
550 9321 1
550 9899 1
555 9530 2
555 9924 1
579 8993 1
579 9965 1
584 9408 3
600 9403 3
600 9175 1
604 8801 1
604 9135 2
604 9879 4
604 8557 1
604 8702 1
604 9691 3
604 9719 1
629 9121 1
631 9677 1
631 8545 2
631 9913 2
631 9561 1
631 8668 2
631 9116 1
635 9774 1
635 9887 11
635 9323 2
635 9707 1
635 9883 1
635 8904 1
639 9611 1
639 9189 1
639 9090 58
658 8557 1
658 9166 1
658 9838 1
659 9565 1
659 8849 12
659 9337 1
671 8865 1
671 9013 14
681 8712 1
681 9137 16
681 8577 2
681 9332 2
681 9428 1
681 8820 1
681 9026 1
684 8796 1
689 8658 1
689 9923 12
689 8910 1
689 9722 1
689 9828 1
702 9131 2
702 9473 3
702 9916 1
723 9506 4
723 8619 3
723 8910 1
723 9510 1
724 9773 2
724 8695 1
724 9610 1
724 9685 2
743 9567 1
743 9272 1
743 9346 5
743 9745 1
751 8941 1
758 9555 1
758 9846 5
758 9638 1
758 9864 1
761 9516 14
761 8955 1
761 9078 1
761 9135 1
776 9060 26
776 8956 2
776 9279 1
776 9976 1
803 8906 2
803 9147 1
803 9823 23
803 8588 2
825 9736 1
825 8722 5
841 9970 1
841 8822 1
841 8823 1
841 9764 1
841 9256 1
851 9706 1
882 9108 1
882 9091 8
882 9968 1
882 9759 1
907 9018 1
907 9441 1
929 8674 1
929 9831 1
941 9054 3
941 8821 2
941 9000 4
941 9904 1
944 8573 2
944 8957 1
944 9420 6
944 9623 1
952 9302 1
952 9510 4
952 8783 1
952 8857 2
952 9383 4
952 8938 2
961 9250 15
961 9004 5
961 9871 6
961 9959 1
969 9157 1
969 9876 1
969 9943 3
983 9948 2
983 9923 1
983 8556 1
983 9181 4
986 8946 2
996 8723 1
996 9568 1
996 8816 1
996 9529 1
996 9690 1
996 9121 2
996 9313 1
996 9384 33
1001 8722 1
1005 9109 2
1005 8754 1
1005 8902 1
1005 8747 2
1005 9949 6
1016 9742 1
1016 8912 1
1024 9904 1
1024 9188 2
1024 9691 1
1024 8862 1
1024 9375 2
1033 9385 1
1033 9541 106
1033 8994 1
1033 9277 1
1044 9730 8
1044 9373 1
1044 9539 2
1044 9461 1
1044 9874 1
1044 9766 2
1054 8731 1
1054 9544 1
1054 9567 1
1054 9510 11
1054 9388 2
1061 9143 7
1061 9218 1
1061 8537 1
1061 9301 1
1071 9678 3
1108 8665 4
1108 8880 1
1108 9167 11
1108 9607 3
1142 9472 2
1142 9118 1
1142 9873 1
1142 8967 3
1162 8635 1
1162 8556 7
1162 9302 8
1162 9698 3
1162 8552 1
1162 9475 3
1162 9127 2
1162 9171 1
1175 9531 1
1177 9161 2
1177 8798 1
1177 9232 4
1189 9742 3
1189 8604 3
1189 8673 1
1189 8737 1
1189 9010 1
1197 8797 1
1197 9030 1
1197 9835 1
1197 9724 1
1197 9927 1
1217 8844 1
1217 9672 1
1217 9309 1
1217 9902 5
1217 9091 1
1219 8822 4
1219 9282 1
1219 8843 2
1219 9965 1
1219 8652 1
1234 9259 1
1234 9528 3
1243 9525 7
1243 9068 1
1243 9755 2
1243 8538 1
1243 8626 2
1243 8737 2
1255 8641 1
1255 9213 3
1255 9502 2
1255 8838 6
1255 9407 1
1255 8924 1
1269 9832 2
1285 9681 1
1285 8965 82
1286 9419 1
1286 8680 1
1286 9148 5
1286 9967 2
1290 8978 1
1290 8770 1
1307 8768 5
1307 9566 1
1307 8671 2
1309 9282 1
1309 9976 1
1310 8971 1
1310 8981 1
1310 9838 2
1310 9965 1
1312 9422 1
1312 9001 1
1319 9015 2
1319 8705 2
1319 9074 1
1330 9926 1
1330 9121 1
1330 9365 1
1330 9377 1
1330 8675 1
1330 8926 1
1341 9949 1
1341 9007 2
1344 9053 6
1344 9654 66
1344 8644 1
1344 9321 1
1344 9529 2
1344 9373 1
1345 9473 1
1345 9549 1
1345 9239 1
1345 8690 1
1348 8902 5
1348 9758 1
1348 8657 1
1348 9914 1
1349 9270 1
1351 9219 2
1351 9942 1
1351 9440 1
1394 9197 1
1398 9268 1
1398 9306 2
1398 8660 8
1398 8701 3
1398 9092 2
1398 9502 44
1414 9438 7
1414 9790 3
1414 9897 1
1420 8644 1
1420 9571 1
1420 9104 1
1426 8903 1
1426 9876 2
1426 9568 1
1426 9894 5
1426 9971 1
1426 9878 1
1457 9645 6
1457 8720 1
1465 8714 1
1465 9266 1
1465 9699 1
1473 9589 1
1473 9032 3
1473 9074 1
1473 9192 1
1473 9740 1
1473 9176 1
1482 8957 2
1482 9210 2
1482 9845 5
1485 9124 1
1485 8843 1
1485 9750 1
1497 8775 200
1497 9116 4
1497 9953 1
1497 9119 2
1497 9494 1
1502 9494 1
1502 8956 1
1502 9126 3
1502 9853 4
1502 8534 1
1502 9414 1
1502 9908 1
1506 9764 1
1506 8929 1
1539 9340 2
1539 8828 1
1539 8853 1
1564 9912 1
1564 8604 24
1564 8988 6
1564 9358 1
1564 9393 1
1568 9207 3
1568 9227 2
1574 9825 21
1574 8905 2
1574 9471 1
1574 9889 4
1574 8744 2
1574 9112 1
1574 9804 1
1583 9137 2
1583 9688 2
1583 9558 2
1610 9018 1
1610 8650 1
1610 9408 1
1627 9848 3
1627 8778 1
1639 8994 1
1639 9728 1
1641 9462 1
1641 9539 2
1645 9800 5
1645 9409 1
1684 8912 2
1684 9493 1
1692 9978 1
1692 9172 1
1701 8817 5
1701 9541 1
1701 9634 53
1708 9104 1
1711 9143 1
1711 9796 1
1711 9710 2
1711 9289 1
1713 8648 1
1713 9042 1
1713 9349 2
1715 8607 2
1715 9949 1
1735 9237 3
1735 8748 1
1735 8828 1
1735 9492 3
1745 9201 1
1747 8721 2
1747 9244 3
1747 9493 10
1747 9873 1
1747 8741 4
1747 9899 1
1747 8819 1
1747 9196 1
1747 9855 1
1747 9951 6
1747 9194 2
1749 9019 4
1749 8731 1
1749 9646 1
1753 9879 1
1753 9276 1
1753 8716 1
1753 9353 1
1759 8866 4
1759 8868 1
1759 8668 1
1775 9530 2
1779 9484 1
1779 9771 1
1779 9377 1
1779 9499 11
1783 9842 4
1783 9847 1
1783 8635 1
1783 9586 2
1783 8588 5
1795 8991 1
1795 9847 1
1795 9565 1
1795 9323 1
1795 9534 1
1795 8870 8
1795 9028 1
1795 9918 1
1795 8857 1
1796 9315 1
1810 9779 20
1810 8568 3
1810 8885 1
1810 9388 1
1822 9482 1
1822 8822 1
1822 9529 4
1829 9537 1
1829 9937 9
1829 8642 1
1829 8905 3
1829 9269 4
1830 8891 2
1830 9067 1
1830 9667 1
1830 9770 2
1831 9829 1
1831 9773 3
1831 9942 1
1839 9419 9
1839 8927 1
1839 9231 1
1839 9263 1
1839 9866 1
1839 8715 1
1839 9105 5
1839 9483 1
1839 9165 11
1847 8555 2
1847 9487 2
1847 9232 2
1860 8895 1
1860 9882 7
1864 8860 1
1864 9217 1
1864 9559 1
1877 8823 1
1877 9197 1
1877 9966 1
1877 8740 4
1877 9107 2
1877 9181 6
1877 9161 3
1877 9442 1
1877 9952 3
1877 9385 2
1877 8781 2
1910 8993 2
1910 9390 1
1919 9267 1
1919 9468 6
1919 8965 57
1919 9748 1
1919 8785 2
1919 8816 3
1919 9111 1
1919 9979 1
1919 9380 1
1945 9367 1
1945 9099 1
1945 9126 4
1961 9783 1
1961 8684 2
1961 9079 1
1961 9776 2
1969 9344 8
1969 9913 3
1969 9215 1
2003 8541 1
2003 9221 5
2016 9528 1
2016 9904 3
2016 9295 6
2016 9735 1
2017 9947 1
2017 9256 6
2017 9108 1
2017 9658 1
2024 9507 1
2024 8841 2
2024 9087 1
2026 9770 4
2026 9645 1
2030 9816 1
2030 9113 2
2030 8718 1
2030 9267 14
2030 9503 1
2030 9833 7
2030 9035 3
2030 9742 5
2036 9362 1
2036 8783 2
2047 8723 1
2047 8863 1
2047 9304 2
2047 9364 1
2047 9498 1
2060 9265 1
2060 8867 2
2060 8661 1
2060 9233 2
2060 8652 13
2062 9717 1
2062 9204 2
2062 9111 1
2062 9553 1
2062 8750 1
2062 9572 2
2069 9945 2
2069 9271 3
2069 8957 1
2069 9728 15
2069 8745 1
2069 9270 2
2073 9784 1
2073 9600 3
2073 9236 1
2073 9937 1
2092 9049 1
2092 9460 1
2092 9933 2
2122 9853 1
2122 9236 1
2122 9370 2
2122 9918 1
2122 9692 1
2122 8654 1
2122 9480 3
2122 9259 17
2147 9673 1
2147 9145 1
2149 9555 1
2149 9367 1
2149 9442 1
2149 8655 1
2149 9339 4
2149 8549 1
2149 8887 1
2149 8688 1
2149 9767 1
2171 9685 1
2171 9058 3
2171 9032 1
2171 8818 1
2171 9200 26
2172 8812 1
2172 8612 1
2208 9953 2
2208 9490 1
2208 9828 2
2208 9119 1
2208 9184 2
2209 9568 1
2209 8641 1
2209 8751 3
2211 9632 1
2211 9364 2
2211 8592 10
2211 9606 1
2211 8900 1
2211 9682 7
2211 9706 1
2211 8923 2
2224 9594 1
2224 9655 8
2229 9218 1
2229 9192 2
2273 9642 2
2273 9282 2
2277 8831 1
2277 9988 3
2288 9366 3
2348 9982 25
2348 9110 1
2368 9713 43
2368 9716 1
2368 9877 1
2368 9213 1
2378 9580 14
2378 9353 4
2397 9578 2
2397 9258 3
2397 9472 1
2397 9611 1
2427 8976 1
2427 9762 2
2427 8537 4
2442 9168 6
2442 8624 1
2444 9371 4
2444 8993 1
2444 8929 3
2450 9578 1
2450 9122 1
2452 8535 1
2458 9553 4
2458 8925 1
2458 9195 1
2466 8701 2
2466 9667 29
2466 9382 1
2466 9748 1
2466 9424 1
2467 9267 1
2471 9666 1
2471 9732 5
2471 8880 1
2471 9024 1
2471 9067 2
2471 9749 1
2471 8806 1
2471 9876 1
2479 9878 2
2479 9061 1
2495 9261 1
2495 8675 2
2501 9816 1
2501 9189 1
2501 9272 1
2541 8999 1
2541 9286 2
2566 8857 2
2566 9475 64
2566 9567 1
2566 9658 1
2566 8743 1
2576 8674 24
2576 8736 1
2576 9011 2
2576 9401 1
2576 9973 1
2590 8674 1
2595 8924 3
2595 9687 1
2595 8752 2
2599 9438 1
2599 9636 1
2619 9937 1
2619 8696 2
2621 8583 1
2621 8869 1
2624 9599 1
2624 9590 1
2624 9921 1
2627 8913 1
2631 9509 117
2631 8944 1
2631 9172 1
2631 9097 1
2631 8658 11
2631 9484 4
2642 9543 1
2642 8589 200
2642 9999 1
2642 9226 56
2642 9905 1
2656 9476 1
2656 9091 1
2656 9590 1
2666 9024 2
2666 8823 1
2666 9019 1
2666 9483 9
2682 8671 8
2690 8536 3
2690 8877 1
2690 9544 1
2690 9832 2
2698 9014 1
2707 9385 2
2707 9533 1
2707 8546 1
2718 9701 2
2718 8608 1
2718 9338 1
2719 8735 2
2719 9123 1
2719 9362 1
2723 9950 1
2723 9829 8
2723 8696 3
2723 8894 2
2729 8856 17
2729 9247 12
2743 8598 1
2743 8859 2
2743 9990 4
2743 8644 1
2743 8850 1
2743 9004 1
2744 8542 1
2744 9196 1
2747 8655 1
2758 9565 1
2758 8778 7
2758 9033 1
2758 8955 1
2758 9141 1
2758 9389 1
2759 8958 2
2759 8849 1
2816 8712 3
2816 9094 6
2837 9351 1
2837 9736 1
2837 8924 200
2837 9818 4
2846 8993 1
2846 8740 1
2846 8918 17
2846 9219 5
2846 8654 1
2846 8895 1
2846 9668 1
2846 9764 11
2856 9535 6
2856 9115 1
2856 9899 1
2912 9367 1
2921 9188 2
2921 8648 3
2921 9421 1
2922 9192 10
2922 9413 5
2922 9892 1
2924 9199 1
2924 9588 2
2931 9754 2
2931 9872 1
2936 9210 1
2936 9373 3
2936 9770 1
2936 9068 1
2936 9140 2
2944 8570 1
2944 8923 1
2944 9163 6
2944 8842 1
2944 9554 1
2958 9859 1
2958 8538 2
2958 8833 4
2958 9391 1
2965 8876 8
2965 9048 1
2965 9838 1
2965 8798 2
2988 9083 1
2988 8657 6
2988 9906 2
2988 8581 1
2988 9236 1
2988 8778 1
2988 9142 1
2988 9554 1
2988 9233 1
3004 8923 1
3004 9199 1
3004 8628 1
3028 8541 38
3028 9913 2
3040 9657 1
3040 9231 8
3040 9493 4
3040 9304 1
3040 9723 1
3043 9530 1
3043 9401 1
3043 8936 5
3043 9429 3
3047 9700 6
3047 8553 3
3047 9956 1
3064 9388 2
3064 8911 1
3082 9230 1
3082 8568 1
3082 8592 1
3084 9587 1
3084 9784 3
3084 9948 1
3084 8867 1
3084 9262 1
3096 9022 1
3096 8634 2
3096 9322 2
3096 9655 1
3096 9073 4
3096 9233 1
3096 8536 1
3096 9201 1
3123 8753 3
3123 9008 1
3124 9001 1
3124 8945 1
3124 9286 1
3124 9495 1
3124 9106 1
3168 8588 2
3168 8981 2
3168 8966 1
3168 9273 1
3172 8766 1
3172 8635 1
3195 9349 1
3197 8745 1
3197 9273 2
3197 8822 5
3197 8976 3
3197 9781 3
3197 9332 1
3197 8650 1
3218 8884 1
3218 9367 4
3228 8893 1
3228 9053 1
3228 8555 1
3228 8904 1
3228 9331 1
3236 8929 1
3236 8866 1
3257 9168 6
3257 8796 1
3257 8881 1
3260 9550 1
3260 9110 1
3260 8921 1
3271 8667 1
3271 9583 1
3271 9319 7
3271 9627 8
3271 9893 2
3283 8894 1
3284 9251 1
3284 9380 10
3290 9288 2
3290 9916 1
3290 9497 1
3290 9888 1
3290 9644 13
3304 9769 1
3304 9968 2
3304 9497 1
3304 9902 1
3304 9195 1
3304 9703 1
3304 8790 1
3304 9245 1
3312 8811 1
3312 8986 65
3315 8842 3
3316 9074 1
3316 9097 1
3316 9733 1
3316 8688 2
3316 9788 1
3317 9110 2
3317 9811 5
3317 9889 1
3340 9298 3
3365 9600 1
3365 9161 1
3365 9549 1
3366 8544 3
3366 9673 1
3366 8635 1
3366 8962 8
3379 9476 4
3379 8944 1
3391 8546 4
3391 9743 1
3391 9589 1
3391 9963 1
3464 8621 6
3464 8941 1
3464 9873 1
3469 9638 1
3469 9312 1
3475 9132 1
3475 9482 1
3475 8573 1
3476 9893 1
3476 8536 46
3476 9490 1
3476 9169 2
3476 9531 1
3478 9233 1
3485 9716 1
3485 9015 142
3493 8589 18
3493 9231 1
3493 9732 1
3509 9482 1
3509 8933 2
3509 8734 1
3509 9788 3
3509 9823 1
3509 9067 1
3509 8838 1
3533 8570 9
3533 8559 1
3551 8576 1
3551 8570 1
3551 8918 1
3552 9940 6
3552 9007 1
3552 8543 1
3552 8589 7
3561 8770 19
3561 9078 1
3561 9903 1
3577 9523 1
3577 8680 2
3577 9028 1
3577 8751 1
3577 9713 1
3584 8724 2
3584 9959 2
3584 9292 4
3584 9028 4
3584 9403 2
3585 8682 2
3585 9100 3
3585 9982 1
3586 8819 2
3586 9416 1
3586 9553 1
3586 8539 1
3595 9079 1
3595 9218 2
3596 8701 1
3596 9548 15
3596 9131 1
3596 9508 1
3610 8752 1
3610 9157 1
3623 8966 1
3623 8554 2
3623 8684 1
3623 9012 1
3623 9049 1
3646 9247 1
3646 9207 3
3646 8994 2
3646 8722 9
3659 9008 1
3659 9309 2
3659 9771 7
3662 9748 2
3662 9371 6
3662 9733 1
3662 8820 1
3666 8893 7
3666 8713 2
3666 9122 1
3666 9568 3
3666 9645 1
3666 8922 1
3681 9440 5
3681 9422 7
3696 9054 1
3696 9612 9
3696 9112 1
3722 9636 1
3722 9382 2
3746 9414 1
3758 9804 3
3758 9054 1
3767 8824 1
3767 9262 1
3767 9571 1
3767 9796 1
3780 8825 1
3780 8612 42
3780 8568 24
3780 8644 1
3807 8911 1
3829 9379 1
3829 9503 1
3829 8658 2
3829 9423 1
3829 8614 1
3847 9539 4
3847 8628 2
3847 9532 3
3851 8892 2
3851 9367 2
3851 9433 4
3851 9534 2
3851 9300 1
3860 9919 1
3860 8555 1
3860 9709 1
3862 9328 200
3862 9194 1
3862 9293 1
3880 8621 3
3880 9840 3
3881 9239 1
3881 9325 1
3881 9395 1
3881 9810 1
3885 9229 1
3885 9707 1
3885 9966 1
3885 8732 1
3885 9512 1
3887 8673 1
3887 8900 1
3887 9498 1
3887 9523 2
3887 9041 3
3887 9848 2
3895 9439 2
3914 9141 1
3914 9048 1
3914 9473 3
3927 9899 1
3927 8797 2
3955 8724 26
3955 9299 1
3955 8945 1
3959 9446 1
3959 9035 5
3959 9506 2
3959 9123 1
3959 8900 1
3959 9263 2
3978 8736 1
3978 8746 2
3978 9352 1
3978 9405 1
3978 9348 1
3983 8581 1
3983 8733 1
3996 8946 4
3996 9022 8
3996 9945 1
4020 8781 1
4020 8801 3
4023 9496 1
4023 9783 3
4040 9828 2
4040 9728 3
4040 8902 4
4040 9790 1
4040 9359 1
4040 9383 1
4055 8733 11
4055 9137 4
4055 8927 1
4098 8610 26
4098 9282 4
4098 9976 1
4098 8748 1
4101 9528 1
4101 8985 18
4101 9566 1
4101 9784 1
4101 9421 2
4118 9289 6
4118 9903 5
4118 9245 7
4118 9379 1
4127 8865 1
4127 9838 1
4127 9921 1
4127 9822 2
4127 8923 1
4127 9376 1
4132 9134 1
4134 9713 1
4134 9712 2
4134 9928 1
4134 9012 1
4147 9053 1
4147 9701 1
4147 8926 1
4147 9524 3
4147 8739 31
4147 9824 1
4147 9596 1
4151 9172 3
4151 9440 1
4175 8891 1
4175 9155 1
4175 8682 1
4175 9823 1
4184 9273 1
4194 9078 1
4194 9092 3
4194 9896 55
4194 9812 1
4194 9734 4
4194 9144 2
4194 9997 1
4198 9814 1
4198 9416 20
4211 9152 1
4211 9218 2
4211 9139 1
4211 9652 6
4219 8672 17
4219 9530 1
4231 8821 1
4238 8959 1
4238 9696 1
4238 8881 1
4238 9873 3
4238 9063 9
4238 9785 1
4238 9084 1
4263 8833 1
4263 9687 1
4263 9713 1
4264 9835 1
4264 9876 1
4264 9991 1
4264 9174 1
4264 9482 1
4270 8989 1
4270 9845 1
4270 8999 9
4270 9823 4
4272 8671 1
4285 9236 6
4285 9323 2
4285 9993 5
4285 8976 4
4285 9578 1
4296 8650 2
4296 9548 1
4297 9118 1
4297 8595 3
4300 9927 8
4324 8731 1
4327 8550 3
4327 8752 1
4327 9513 3
4327 9549 1
4327 9810 1
4337 9840 1
4337 9870 1
4337 8732 1
4343 8891 1
4343 9559 1
4343 8680 2
4343 8884 1
4356 9117 2
4369 9112 1
4378 9585 1
4378 8933 2
4378 9329 2
4378 9676 36
4381 9333 1
4381 9241 1
4381 9079 96
4381 9876 1
4381 8959 1
4381 9627 5
4381 8865 1
4381 9019 87
4381 9358 1
4381 8980 1
4381 9223 2
4385 9461 1
4385 9495 2
4385 9567 1
4385 8647 1
4394 9141 1
4394 9096 1
4394 9528 2
4394 9804 1
4394 9808 1
4394 9916 1
4394 9378 1
4394 9511 2
4394 9080 2
4394 8554 1
4394 9953 14
4395 8943 2
4395 9183 8
4395 9652 1
4395 9185 1
4395 9210 7
4395 9840 1
4397 9147 1
4397 9658 3
4402 8598 2
4402 8673 2
4402 9958 1
4402 8855 7
4412 8680 4
4412 9251 1
4412 9531 1
4412 9292 1
4412 9122 1
4412 8959 1
4412 9086 5
4412 9067 9
4412 9696 81
4418 8682 3
4418 9200 1
4420 9378 9
4420 9890 3
4422 8911 1
4422 9512 4
4422 9724 1
4422 9234 3
4439 9796 6
4442 9008 1
4442 8816 3
4442 9147 1
4442 8812 1
4442 9556 1
4448 8833 1
4448 9528 1
4448 8725 5
4460 9696 4
4460 8647 1
4460 8902 2
4468 9636 1
4468 9449 1
4468 9596 1
4468 9677 5
4468 9418 1
4484 9994 1
4484 8614 1
4484 9065 1
4484 9506 1
4487 9390 2
4487 9371 1
4487 9241 1
4487 9425 23
4487 9475 2
4495 8661 1
4495 9127 1
4495 9696 200
4499 8842 1
4499 9261 1
4505 8994 2
4505 8679 2
4506 9907 1
4513 8644 1
4513 9435 2
4513 9776 1
4513 9883 1
4513 9234 1
4513 8642 1
4518 9520 1
4518 8790 1
4518 9593 20
4518 8685 11
4518 9975 1
4529 9845 5
4529 9013 2
4529 9239 1
4534 9464 1
4538 8708 1
4538 8980 1
4538 9621 1
4562 8675 1
4566 8545 1
4566 9185 1
4566 9276 1
4566 9830 1
4566 9452 1
4571 9669 1
4571 8725 1
4571 9196 1
4571 8535 1
4571 9219 1
4577 9830 4
4577 8619 2
4577 9636 1
4578 9739 2
4578 9755 1
4584 9888 1
4584 9490 1
4584 9620 1
4609 9828 27
4609 8773 1
4609 9587 1
4609 9961 14
4621 8974 3
4621 9109 2
4624 9316 4
4624 9340 1
4625 9035 4
4625 8536 1
4625 9364 1
4666 8750 2
4666 9631 6
4666 9181 1
4666 9296 2
4666 9438 1
4666 9274 2
4666 9690 1
4667 8607 2
4667 9968 1
4674 9800 1
4674 8690 1
4687 9902 1
4687 9808 1
4687 9113 1
4687 9343 7
4687 9923 3
4700 9433 1
4700 9191 1
4700 9776 2
4700 9971 2
4704 8869 1
4704 8542 1
4704 8970 4
4705 9752 12
4705 8724 1
4705 9758 1
4705 8773 1
4705 9163 1
4705 8911 12
4708 8865 1
4708 9271 5
4708 8965 1
4708 9234 1
4708 9244 1
4708 9515 3
4716 9734 2
4716 9565 1
4717 9973 2
4717 9954 1
4717 9392 1
4724 9910 1
4724 8658 2
4724 9199 1
4724 9841 1
4724 9888 54
4724 9454 1
4724 9978 25
4736 8954 1
4741 9440 1
4741 8729 1
4741 8818 1
4741 9442 3
4741 9662 8
4749 8665 1
4749 9364 1
4749 8660 8
4749 9695 11
4749 9859 2
4749 9313 3
4749 9063 1
4749 9946 1
4749 9027 1
4751 9658 2
4751 8828 1
4751 9629 2
4751 9651 1
4757 8557 1
4757 9679 1
4786 9533 2
4786 9956 1
4792 8946 1
4792 9217 1
4792 9462 1
4792 9822 2
4797 9659 1
4812 9088 1
4812 9092 1
4812 9856 1
4812 9860 1
4821 8713 4
4821 9106 1
4821 8917 1
4821 9075 3
4821 9758 2
4823 9177 1
4823 9675 3
4826 8651 1
4831 9179 1
4831 8929 1
4836 9273 2
4836 9832 1
4836 9962 63
4846 9557 1
4846 9844 1
4846 9321 1
4846 9390 5
4846 9505 4
4862 8723 2
4862 9439 1
4862 9511 1
4862 9533 11
4863 9376 1
4888 9838 2
4889 9942 6
4889 8695 2
4889 9687 1
4889 9065 2
4889 9030 1
4891 8880 3
4891 9695 6
4894 9127 2
4894 9417 1
4944 8701 2
4944 9015 1
4944 9766 1
4944 8971 1
4944 9073 1
4952 9674 37
4952 9619 1
4952 9792 3
4954 9943 2
4954 9445 9
4954 9092 1
4954 9326 1
4954 8816 1
4954 8954 3
4954 9951 1
4954 9975 1
4958 9030 2
4958 9522 6
4958 9013 2
4958 9365 1
4958 9097 1
4958 8894 1
4958 8883 2
4965 9087 1
4965 8668 1
4965 9044 2
4965 9461 1
4968 8997 1
4968 9511 1
4968 9815 2
4968 9219 1
4968 9835 2
4968 9499 27
4968 9401 1
4994 9525 1
4994 9276 1
4994 9308 1
5003 9961 1
5010 9081 1
5010 8834 1
5010 8817 6
5010 8937 1
5010 9329 1
5014 9766 1
5014 8564 1
5014 9193 3
5014 9794 1
5014 9698 37
5024 9853 1
5024 8946 1
5024 9152 1
5025 8542 1
5025 9145 4
5025 9375 1
5025 9911 1
5025 9681 3
5029 8614 1
5029 9636 30
5029 8913 1
5029 8804 1
5029 8952 19
5029 9790 4
5086 8706 1
5086 9217 1
5086 9062 1
5086 9280 1
5090 9071 1
5090 9278 1
5090 8690 1
5090 9426 6
5119 9675 1
5136 8987 1
5136 9452 2
5136 9319 1
5136 8670 1
5136 9566 2
5137 8655 1
5137 9254 1
5137 9543 1
5137 9802 1
5149 8919 22
5152 8610 54
5152 8725 1
5152 9344 2
5211 9252 2
5211 8614 1
5211 9176 1
5211 9010 1
5211 8705 1
5241 8845 1
5241 8974 1
5241 9520 1
5243 8556 1
5243 9329 1
5280 9279 1
5280 8971 1
5280 9152 2
5280 9890 4
5280 9344 1
5280 8750 4
5280 9769 1
5280 9111 1
5283 9835 80
5283 9053 81
5283 9110 1
5283 9365 1
5283 9634 1
5283 8811 5
5288 9503 1
5288 8566 1
5288 8706 6
5288 9695 1
5288 9740 1
5288 9990 1
5306 8550 1
5306 9827 12
5306 9629 1
5306 8725 4
5306 8887 5
5306 9580 2
5319 9710 6
5319 9698 2
5319 9423 4
5328 9184 1
5328 9723 15
5329 9506 3
5329 9732 1
5329 9940 35
5329 8804 12
5329 9734 1
5329 9746 1
5329 9924 2
5343 9876 1
5343 9086 2
5349 8855 1
5349 9212 1
5363 9144 1
5363 9649 1
5368 9752 11
5368 9018 1
5368 9978 1
5373 8735 1
5373 8566 1
5373 9302 1
5383 9056 3
5383 9313 1
5383 9479 1
5383 9612 27
5383 9754 1
5418 9165 1
5418 9758 1
5418 9272 10
5418 8667 6
5418 9476 1
5418 9387 1
5418 9541 1
5424 9062 8
5424 8729 2
5424 8959 1
5424 9676 1
5424 9773 1
5424 9593 2
5424 8708 6
5444 9492 1
5452 9876 1
5473 9001 2
5473 9409 1
5473 9699 1
5523 8862 1
5523 9263 1
5523 9556 2
5523 9000 2
5523 9947 1
5532 9304 1
5532 8823 4
5544 9875 1
5544 8933 1
5544 8767 4
5544 9238 70
5544 9261 11
5544 9032 2
5544 9697 1
5544 9793 1
5551 9380 3
5551 9507 2
5551 9807 2
5551 8706 2
5554 9148 11
5554 9600 1
5554 9090 1
5554 8768 1
5554 9561 1
5554 9646 1
5554 9688 1
5557 8775 1
5557 9143 2
5557 9357 2
5567 9723 1
5567 8981 1
5567 9183 3
5567 9244 1
5567 9994 13
5567 8958 2
5567 9832 1
5569 9241 3
5569 9865 7
5569 9050 3
5569 9199 3
5569 9669 1
5569 8607 116
5575 8745 1
5575 9887 3
5593 8845 1
5593 9130 1
5593 9333 1
5613 9884 1
5613 9922 1
5613 8647 1
5613 8668 7
5613 9547 1
5613 9933 2
5613 9074 1
5613 9817 1
5613 9667 2
5613 9874 7
5618 9416 1
5618 9152 1
5618 9331 1
5621 8974 1
5621 8590 3
5621 9826 1
5622 9109 2
5622 9999 2
5622 8906 2
5643 9884 1
5652 9330 1
5652 9922 200
5652 9517 5
5652 9950 2
5671 9221 2
5671 9635 1
5671 9188 2
5671 9657 2
5696 9471 4
5708 8834 1
5708 9568 1
5708 8997 2
5708 9293 30
5708 8754 1
5708 9766 6
5708 9859 1
5718 8883 20
5718 8614 2
5718 9496 1
5718 9147 3
5718 9390 6
5718 8554 3
5718 8857 2
5718 9026 9
5718 8746 1
5723 9322 1
5735 8636 1
5767 8876 2
5767 9187 7
5775 9019 2
5775 9132 1
5775 9802 1
5775 8933 1
5801 8580 12
5801 9258 1
5801 8583 1
5803 9299 1
5804 9619 3
5804 8905 1
5817 8828 1
5817 9108 2
5817 8767 1
5817 9924 13
5817 8628 1
5817 9520 3
5826 9106 1
5826 9649 1
5826 8583 1
5826 9896 1
5830 9553 1
5830 8695 2
5830 8736 8
5830 9163 12
5830 9586 3
5831 9826 1
5831 8927 1
5831 9739 2
5831 9750 1
5831 8667 5
5831 9631 2
5837 9649 1
5837 9066 1
5837 9117 1
5846 9343 2
5846 9589 10
5846 8592 6
5846 8600 4
5846 8745 1
5857 9786 1
5879 9340 1
5879 8804 2
5879 8634 3
5910 8833 1
5910 9159 3
5910 9537 1
5924 8914 1
5924 8919 1
5924 9266 1
5924 9048 3
5924 9346 1
5981 8763 1
5981 9463 15
5981 9853 7
5983 8930 1
5983 9142 1
5983 9903 3
5984 9479 2
5984 8613 1
5984 9894 32
5984 9963 4
5988 8996 4
5988 8881 1
5988 9682 1
5988 9961 5
5988 9370 1
5989 8610 4
5989 8752 1
5989 8902 1
5989 9096 1
5989 9516 1
6018 8952 1
6018 9374 10
6018 9473 2
6023 9107 1
6023 9505 1
6023 9001 1
6025 9389 1
6025 9428 1
6025 9615 1
6032 9796 1
6032 9165 1
6040 8936 1
6040 9894 1
6040 8880 1
6040 9697 1
6040 8893 1
6040 9156 1
6041 8926 2
6041 8581 2
6061 8566 2
6065 8978 4
6065 8887 1
6065 9824 1
6065 9196 1
6065 8876 1
6065 9405 3
6074 9327 2
6074 9907 17
6074 9946 1
6074 9990 1
6074 9718 2
6074 9928 4
6074 8967 2
6080 9874 8
6080 8564 1
6080 9496 1
6091 9611 1
6091 9841 1
6101 9045 2
6101 9126 10
6101 8598 5
6101 8636 3
6123 9383 4
6123 9654 31
6123 9337 1
6123 9344 6
6123 9859 1
6123 9661 25
6123 9709 1
6184 9860 1
6195 9678 1
6195 9339 16
6195 9365 1
6239 9928 1
6239 9952 1
6240 9798 1
6294 9569 13
6294 9943 20
6294 8888 1
6295 9213 1
6295 9450 6
6295 9767 1
6295 9108 1
6295 8687 1
6299 9441 1
6299 8544 2
6299 9056 1
6299 9118 1
6304 8912 3
6304 9047 1
6304 8838 2
6304 9279 2
6329 9673 1
6329 8670 1
6329 9599 10
6332 9604 9
6332 9528 1
6332 9575 1
6345 8860 1
6363 9121 1
6363 9144 1
6363 8739 5
6363 8790 1
6366 9498 8
6367 9014 2
6367 8553 1
6367 9425 3
6367 9969 4
6367 8543 8
6367 8556 1
6367 8902 1
6387 9956 3
6387 9413 1
6387 9495 1
6395 9424 1
6395 9379 1
6412 8626 1
6414 8628 6
6414 9187 4
6414 9036 2
6414 9332 1
6414 9342 1
6414 9361 6
6414 9734 1
6414 9901 2
6414 9907 3
6417 9507 1
6417 8921 1
6423 8739 1
6423 9769 1
6434 8590 1
6434 9912 1
6461 9351 1
6468 9762 2
6468 8966 1
6471 9532 3
6471 9374 2
6481 9344 1
6481 9787 6
6482 9745 1
6482 8660 1
6499 9002 12
6499 9181 3
6502 9062 2
6502 9115 1
6502 9212 1
6502 9330 1
6502 9902 2
6513 9070 2
6513 9393 1
6513 9589 6
6515 9070 5
6515 9112 1
6515 9816 1
6515 8712 1
6515 8715 1
6515 8747 1
6515 9435 6
6515 9585 23
6521 9893 2
6521 8605 9
6521 8945 1
6521 8973 1
6521 9333 2
6542 9651 1
6542 8638 2
6542 9315 2
6542 9569 1
6545 9105 1
6545 9819 1
6545 9110 1
6545 9282 1
6545 9842 1
6545 8841 1
6547 8733 1
6547 8596 1
6555 8980 1
6555 9932 1
6555 9592 1
6555 9549 1
6555 8936 2
6555 9743 1
6555 9872 1
6557 9048 1
6557 9124 20
6557 9963 1
6557 9426 1
6557 9722 1
6557 9988 4
6560 9859 1
6560 8758 1
6560 9304 1
6560 9833 2
6560 9058 1
6560 9532 1
6560 9818 2
6561 9658 1
6561 9926 1
6561 9446 1
6567 9845 4
6567 9041 1
6567 9520 5
6567 9708 1
6567 9750 12
6567 9326 35
6567 9561 1
6567 9191 5
6567 9817 1
6567 9940 1
6568 8958 1
6568 8937 5
6576 9367 3
6576 9054 1
6593 9607 1
6593 9866 1
6593 9901 1
6593 8761 1
6593 8821 12
6593 8722 3
6593 9842 1
6593 9856 1
6596 9084 2
6596 8577 17
6596 8672 1
6596 9522 1
6596 9571 1
6617 8884 2
6617 9053 1
6617 8648 2
6617 9230 1
6617 9323 2
6623 8962 2
6623 8750 1
6623 9830 1
6641 9688 3
6641 9860 1
6642 9905 8
6642 9068 1
6642 9096 1
6642 8622 5
6642 8648 1
6642 8661 7
6642 9488 6
6642 9604 1
6642 8882 2
6642 9265 1
6647 9719 1
6647 9387 1
6647 9764 1
6647 9149 5
6653 8561 1
6654 8671 1
6654 8667 4
6654 9203 1
6659 9781 4
6659 8959 1
6659 9154 1
6659 9980 1
6660 9959 1
6660 8906 3
6660 9911 1
6674 9020 6
6685 9742 5
6685 9332 1
6690 9889 1
6700 8654 1
6700 8869 11
6700 8655 1
6700 8744 1
6700 9002 3
6700 9045 1
6700 9671 2
6706 9034 1
6706 9923 1
6722 8775 2
6722 8818 1
6722 9544 2
6722 9745 2
6722 8641 3
6722 8965 1
6722 9115 3
6722 9226 2
6722 9758 1
6722 9855 1
6726 9118 1
6738 9690 1
6743 9911 63
6743 9468 1
6743 8754 1
6745 9401 1
6745 8856 1
6748 9210 1
6748 8763 1
6769 9667 7
6769 8729 1
6769 9109 1
6769 9155 1
6795 9421 4
6795 9371 4
6795 9244 1
6804 9090 1
6814 9276 1
6814 8634 5
6814 9186 1
6814 9464 1
6824 9473 2
6824 9132 1
6861 9342 1
6861 9724 1
6861 9077 9
6861 8648 1
6862 9755 61
6862 8708 1
6865 9280 1
6865 8600 1
6865 9704 1
6871 9716 1
6890 9967 1
6894 9968 1
6894 9980 2
6894 8851 2
6898 8904 2
6915 8695 1
6915 8745 1
6915 9011 1
6921 9192 1
6921 9147 3
6921 9948 1
6931 9571 2
6931 9871 2
6931 9928 1
6970 8539 1
6970 9073 1
6970 9167 3
6970 9007 30
6970 8547 3
6987 9359 1
6987 9204 1
6987 9450 1
6987 9119 2
6987 9103 1
6987 9166 1
6987 9503 5
6987 9859 17
6987 9958 1
6988 8746 8
6996 8695 1
6996 8612 1
6996 8919 1
6996 9100 9
6996 9994 1
7011 8831 2
7011 9580 1
7011 9654 3
7016 8999 1
7016 9967 3
7016 8850 2
7016 9804 1
7016 9530 3
7016 9632 1
7016 9774 1
7026 9487 1
7026 9352 3
7026 9483 1
7026 8908 2
7026 8858 15
7028 8689 1
7028 8867 36
7028 9872 1
7044 9097 5
7044 9073 1
7044 9837 6
7044 9899 1
7044 9819 1
7059 9044 1
7059 9047 1
7083 8869 1
7083 9745 2
7092 8702 3
7092 9896 5
7111 9203 1
7111 9814 1
7111 9460 1
7111 9009 1
7116 8978 6
7116 9781 1
7120 9483 1
7120 8788 1
7120 9651 9
7120 9084 2
7120 9949 1
7120 9770 2
7120 9575 5
7146 9375 4
7146 9534 1
7146 9084 4
7146 9502 9
7146 8550 2
7146 9468 1
7148 9434 8
7148 8589 1
7148 8715 1
7148 9587 1
7148 9944 2
7160 9983 1
7160 9072 3
7166 9840 1
7166 9649 1
7166 8884 1
7166 9012 1
7166 9848 1
7166 8735 1
7166 9800 4
7189 9916 5
7203 8626 5
7203 8820 1
7203 9316 2
7213 8763 1
7213 9314 1
7216 8603 9
7216 9723 2
7230 9679 2
7230 9359 1
7255 9808 1
7255 9676 1
7255 9879 1
7275 9812 1
7275 9637 1
7275 9655 1
7275 9140 1
7275 9511 1
7275 8558 1
7275 8954 1
7275 8997 2
7284 9619 1
7284 8991 1
7284 9042 1
7284 9251 21
7303 9439 1
7303 9507 1
7303 9627 1
7303 9636 1
7321 9732 3
7321 9419 1
7340 8554 1
7347 8538 1
7369 9971 1
7369 8668 1
7369 8844 1
7369 9585 1
7369 9681 1
7369 9301 3
7369 9789 1
7369 8570 1
7369 9621 1
7369 9671 1
7384 9726 1
7384 9994 1
7384 8938 3
7384 9687 4
7384 9567 1
7384 8610 1
7392 9434 1
7392 8737 1
7392 9298 1
7392 8716 3
7396 9704 1
7396 9482 1
7396 9913 1
7396 9356 3
7410 9934 4
7410 8862 1
7410 8702 1
7410 9896 7
7415 9033 1
7420 9723 4
7427 8680 43
7427 9607 11
7439 9649 1
7439 8941 12
7439 8861 156
7439 9319 1
7439 9781 2
7445 9894 3
7445 9449 1
7445 9612 1
7445 9893 1
7457 9899 1
7457 8804 1
7457 9361 1
7459 9392 1
7459 9174 1
7459 8864 1
7459 9445 2
7459 8613 1
7459 9267 1
7460 9458 1
7460 9550 2
7460 9207 1
7460 9321 2
7485 9865 2
7485 9287 1
7485 8801 1
7485 9440 1
7485 9389 1
7506 8818 1
7517 8598 1
7517 9213 4
7517 9933 1
7517 9116 2
7517 9351 2
7522 8918 1
7522 9014 1
7522 9454 1
7522 8908 1
7526 8555 3
7526 9748 1
7526 9396 1
7526 8938 1
7526 9243 2
7554 8716 3
7554 9204 3
7554 8753 4
7554 9077 3
7554 9131 1
7554 9525 1
7554 9883 1
7556 9389 2
7556 9691 13
7556 8614 6
7563 8716 1
7563 9218 2
7563 9370 1
7563 9513 1
7575 9056 1
7575 8536 1
7611 9601 4
7611 9605 3
7611 9716 1
7612 8967 1
7612 9822 3
7613 9143 1
7613 8832 1
7613 9179 11
7614 9066 1
7614 9587 1
7614 9905 8
7614 9223 1
7614 9079 3
7614 9424 4
7614 8546 13
7614 9309 1
7672 9070 1
7672 8708 2
7672 8893 1
7672 9049 6
7710 8564 1
7710 8733 1
7714 9002 1
7714 9050 17
7714 9252 11
7714 9662 1
7721 9963 1
7721 8549 2
7721 9203 1
7721 9601 1
7721 9105 1
7721 9678 1
7724 9836 3
7724 8558 8
7724 9510 2
7724 9609 1
7724 9752 1
7729 9378 1
7729 9796 5
7729 9847 5
7729 8863 15
7735 9074 1
7735 9371 7
7735 9615 1
7735 9762 1
7735 9343 5
7735 9366 1
7762 8577 1
7762 8868 2
7763 9553 6
7763 9981 1
7766 8598 2
7766 9990 1
7766 9567 1
7775 8744 29
7775 9071 2
7775 9713 1
7775 8900 2
7780 9906 1
7780 8535 2
7780 9107 1
7800 9199 19
7800 9994 1
7800 9703 2
7802 9100 5
7802 9020 15
7813 9134 4
7813 9703 1
7818 8816 3
7818 9343 1
7818 9661 2
7818 9088 1
7818 8552 2
7818 8987 1
7818 9462 3
7819 9348 1
7819 9708 1
7822 9771 1
7822 8903 1
7822 8988 1
7827 9191 1
7827 8573 8
7827 8758 6
7827 9606 27
7827 9816 1
7841 9111 1
7841 9794 1
7849 9483 1
7849 9798 4
7856 8633 1
7856 8831 1
7856 9693 1
7856 9199 2
7880 9786 1
7880 9581 2
7880 9541 1
7880 9103 1
7880 8851 1
7880 9269 2
7880 9654 2
7880 9922 3
7884 8944 1
7884 9361 15
7884 9932 37
7887 9999 1
7887 9167 1
7887 9053 1
7887 9717 3
7896 8923 16
7896 8534 6
7896 8676 1
7903 9599 1
7903 8797 1
7903 8981 2
7903 8861 1
7903 8783 1
7903 9402 1
7906 9919 5
7926 8978 1
7926 8833 1
7931 8651 1
7931 8552 1
7931 8705 1
7938 9229 2
7938 9020 2
7938 9121 1
7938 9295 2
7938 9644 1
7938 8952 12
7946 9685 7
7946 8926 33
7955 8740 6
7955 9593 1
7955 8588 1
7955 8941 1
7955 9130 1
7955 8831 4
7959 8986 2
7959 8684 1
7959 9031 1
7959 9024 2
7961 9011 21
7961 9657 1
7961 9967 3
7961 9697 2
7961 9548 1
7961 9207 6
7961 9215 1
7968 9156 1
7968 9599 14
7975 8980 1
7975 9865 2
7975 8797 1
7975 8922 1
7976 9428 1
7976 9113 1
7976 9845 5
7976 9945 1
7976 8714 2
7988 9476 1
7988 9569 1
7988 8576 1
7988 9225 5
7988 9378 1
7991 9321 200
7991 9383 122
7991 9030 1
7991 9099 1
7991 8788 2
7991 9522 1
7991 9292 1
8005 8739 6
8005 8610 1
8005 9070 1
8005 9748 1
8006 8900 1
8006 9112 1
8006 8853 2
8006 9100 1
8006 9270 1
8006 9736 1
8006 8985 1
8006 9428 1
8015 9289 1
8015 8761 1
8015 8626 1
8015 9442 2
8015 9999 1
8017 9259 1
8017 8864 200
8017 8635 1
8017 8638 4
8017 9746 1
8017 8580 1
8040 8690 3
8043 9479 13
8043 9837 5
8043 8629 1
8053 9685 200
8053 8785 1
8053 8857 1
8053 9403 12
8053 9327 1
8054 9207 1
8054 9300 1
8054 9378 1
8054 9000 1
8054 9034 1
8054 9278 1
8054 8832 1
8054 9139 1
8054 9441 1
8064 9272 1
8064 9709 1
8064 9243 200
8064 9554 1
8075 9762 3
8075 8825 2
8075 9337 1
8100 9407 1
8100 8796 1
8100 9478 1
8100 9604 12
8104 9099 1
8104 9774 1
8104 9187 1
8104 9578 1
8106 9100 1
8106 8651 1
8106 8863 1
8106 9706 1
8107 9074 5
8107 9359 4
8107 9380 2
8107 9669 4
8107 9018 1
8107 9942 2
8107 9730 1
8108 9306 1
8108 8765 3
8108 9281 1
8108 9343 14
8108 9792 2
8122 8614 1
8122 8701 2
8122 9592 2
8122 8665 3
8124 9450 1
8124 9846 1
8124 9884 11
8135 9281 2
8135 8624 3
8135 9221 1
8135 8858 3
8141 8689 1
8141 9825 1
8167 8619 1
8167 9337 2
8199 8633 1
8199 8775 1
8199 8895 1
8199 9121 3
8199 9107 1
8199 9916 1
8212 9040 1
8212 9442 2
8212 9556 2
8212 8595 2
8212 8858 5
8212 9183 2
8212 9238 3
8212 9302 1
8212 9098 1
8214 8713 1
8214 9982 3
8214 9047 14
8214 8882 1
8214 9986 2
8242 9163 2
8242 9291 9
8244 9154 2
8244 9193 1
8244 9263 1
8244 9729 1
8245 9943 7
8245 9124 1
8245 9675 2
8249 8766 1
8249 8989 1
8249 9438 1
8249 9707 1
8261 9940 3
8261 9508 1
8297 9491 1
8297 8638 6
8302 9877 1
8302 9305 1
8302 9308 1
8302 9675 1
8313 9022 1
8313 9286 5
8322 9393 2
8322 9898 1
8322 9691 1
8322 9421 1
8322 9490 1
8322 9635 1
8322 9815 10
8332 9950 1
8332 8583 1
8332 8766 5
8332 8605 2
8332 9743 24
8352 9126 1
8352 9292 1
8352 9524 2
8374 8973 1
8374 8635 1
8374 9298 1
8374 9316 1
8374 9434 1
8379 9432 4
8379 9845 1
8379 9383 52
8401 8801 1
8401 8806 3
8401 9785 1
8401 9649 1
8414 8856 1
8414 9901 98
8416 8904 3
8416 9391 1
8416 8824 1
8416 9479 1
8416 9635 1
8416 9754 1
8416 9926 1
8416 8687 3
8416 9032 2
8416 8539 1
8416 9943 1
8416 9634 1
8420 9339 2
8420 8657 13
8420 8705 1
8423 8629 6
8423 9585 3
8429 9623 1
8429 8965 1
8429 9418 1
8434 8743 45
8434 9433 1
8434 9004 1
8441 8660 1
8441 8957 1
8441 8891 4
8441 9966 1
8449 9409 1
8449 9254 4
8449 9831 1
8455 9119 1
8455 8634 1
8455 9694 1
8455 9446 4
8455 8914 1
8455 9512 1
8455 9898 1
8467 9144 1
8467 9890 1
8467 9121 3
8481 9679 4
8481 9305 2
8481 9736 2
8483 9824 1
8483 8785 48
8483 9927 5
8487 8988 1
8488 9627 1
8513 9238 1
8513 9151 6
8513 9561 1
8513 8718 3
8523 9166 64
8523 9970 1
8523 9539 1
8523 8634 1
8523 8672 3
8523 9319 1
8535 8700 1
8538 9469 1
8538 8704 1
8538 9190 4
8539 8760 3
8540 9421 2
8540 9559 3
8540 9534 1
8541 9563 1
8541 8983 1
8542 8601 4
8545 9768 138
8545 8640 1
8547 8992 1
8548 9071 1
8548 9349 1
8548 9391 1
8549 8643 1
8549 8649 1
8550 8593 1
8550 8932 1
8551 9768 1
8551 8757 1
8552 8898 2
8555 8691 1
8557 9101 1
8557 8649 1
8558 9101 1
8559 8579 1
8560 8937 2
8560 9314 1
8560 8999 1
8560 9712 4
8561 8726 1
8562 8631 2
8562 9040 1
8563 8910 1
8563 8844 2
8564 8982 1
8565 9416 1
8567 8884 1
8567 8933 1
8567 9357 1
8567 8706 11
8567 8937 1
8567 9497 2
8567 9420 1
8569 9035 1
8569 8629 1
8569 9014 1
8569 9726 4
8570 9563 1
8571 8636 1
8572 9496 1
8572 9874 1
8572 8824 2
8573 8586 2
8573 8618 1
8574 8868 32
8575 9010 12
8575 9127 1
8575 9478 6
8575 9812 2
8575 9426 1
8575 8741 1
8575 9215 10
8575 9268 54
8576 8756 2
8576 8760 6
8577 8677 3
8578 9399 1
8578 9492 1
8578 9959 1
8578 8936 2
8578 9870 1
8578 8944 25
8578 9266 6
8578 8861 1
8578 9288 11
8578 9739 2
8579 9918 1
8579 8888 8
8580 8730 4
8581 8805 2
8582 9695 1
8582 9950 1
8582 8855 1
8582 8868 4
8582 9566 1
8582 9287 1
8583 9563 3
8584 9492 3
8584 9393 1
8585 8706 6
8585 9068 6
8585 9151 1
8585 9594 1
8585 9623 1
8586 8864 5
8586 9682 2
8586 9793 1
8586 9396 4
8586 9411 1
8586 9979 3
8587 9537 1
8587 9970 2
8587 9609 2
8590 8764 1
8591 9416 1
8591 9752 1
8591 9106 1
8591 9934 1
8592 8826 1
8593 8973 1
8593 8882 2
8593 8624 2
8593 9682 2
8593 8746 1
8593 9293 1
8593 9396 1
8594 8943 1
8594 9027 3
8594 9771 1
8594 9846 2
8595 8632 1
8596 8813 4
8597 8642 1
8597 9512 1
8597 9709 2
8597 8750 2
8597 8980 4
8598 9410 1
8599 9537 2
8599 9458 1
8601 9062 1
8601 9933 1
8601 9610 1
8601 9822 1
8601 8987 14
8601 9098 4
8601 8644 1
8601 8633 1
8602 9619 2
8602 9709 2
8602 9186 2
8602 9439 1
8603 8677 2
8603 8964 1
8606 9165 1
8606 9413 1
8606 8713 1
8606 8738 11
8606 9785 17
8610 8846 1
8611 9747 2
8611 9996 1
8611 9535 1
8611 9673 11
8615 9087 1
8616 9790 2
8616 8892 3
8616 8724 1
8617 9292 3
8617 9503 1
8617 9129 1
8617 9862 1
8618 8830 4
8618 9555 2
8619 8968 1
8620 9938 1
8620 9130 2
8620 8674 5
8620 9326 5
8620 9583 1
8621 8972 2
8623 9904 4
8623 9505 3
8624 9453 2
8625 8986 1
8626 9850 1
8626 8835 1
8627 9316 1
8627 9247 1
8629 8899 13
8630 8778 15
8630 9940 6
8630 9463 1
8630 9142 1
8631 8666 1
8631 8774 1
8632 9666 1
8632 9374 1
8632 9325 4
8637 8956 1
8637 8785 3
8637 9738 1
8639 8888 12
8639 9879 1
8639 9074 1
8639 9425 1
8639 9934 1
8639 9889 1
8639 9733 1
8640 9035 1
8640 9547 1
8643 8720 44
8643 9681 1
8643 9701 2
8643 9952 83
8645 8925 2
8645 9061 1
8649 9759 1
8649 9480 9
8649 9968 6
8649 8745 8
8649 9862 1
8649 9944 1
8649 9553 1
8649 9693 1
8651 8717 2
8652 8791 16
8653 8658 1
8653 9225 4
8653 9330 1
8653 9755 20
8656 9754 1
8656 9143 1
8659 9078 1
8662 9161 1
8663 9476 1
8663 9175 7
8663 8837 1
8664 9792 1
8664 8743 1
8664 8903 1
8664 8916 1
8666 9188 1
8666 9204 4
8666 9377 1
8668 8814 1
8669 9701 1
8669 9807 1
8670 8897 1
8670 8700 3
8671 9456 2
8672 8815 1
8675 9622 1
8676 8873 3
8677 9004 1
8677 9223 1
8677 9306 2
8677 9487 1
8677 9637 2
8678 9509 2
8678 8767 2
8678 9694 1
8681 9497 1
8683 9080 1
8683 9357 1
8683 9733 3
8686 9638 1
8687 9850 1
8690 8968 2
8691 8903 1
8691 9840 10
8691 8952 1
8691 9229 3
8692 9024 1
8692 9669 2
8693 9084 2
8693 9996 14
8694 9356 1
8694 9439 1
8694 8999 1
8695 9863 1
8697 8773 13
8697 8893 3
8697 8738 1
8697 9981 1
8697 9954 1
8698 9463 3
8699 8709 3
8700 9988 2
8700 8783 2
8700 8845 2
8703 8921 12
8703 9484 1
8703 9979 1
8703 9020 1
8703 9879 1
8703 9812 1
8704 9908 1
8704 9318 4
8704 9658 4
8704 9815 1
8704 9411 1
8707 9090 1
8707 9189 15
8709 8768 1
8709 9609 4
8709 9784 1
8710 8888 11
8710 9348 2
8710 8712 4
8711 9673 1
8711 8893 1
8711 9898 2
8711 9523 1
8712 8826 2
8716 8846 1
8717 9568 1
8717 8833 16
8717 9727 1
8718 8950 3
8719 9865 1
8719 8824 1
8719 9449 1
8720 8777 4
8721 8907 12
8721 8852 1
8722 9290 1
8726 9528 1
8726 8882 1
8726 9011 7
8726 9137 1
8727 9719 9
8727 8816 3
8728 8916 1
8728 9938 3
8728 9352 1
8728 9645 1
8729 8805 2
8730 9586 1
8730 9927 2
8730 8862 1
8730 8738 2
8730 9842 1
8730 8973 2
8730 9600 3
8732 8915 1
8733 9456 7
8740 9768 1
8741 9093 7
8742 9615 1
8742 9392 1
8742 9865 6
8748 8848 1
8749 9558 1
8749 9722 2
8749 9677 1
8750 8992 3
8753 8972 1
8755 8910 2
8757 9203 1
8757 9479 1
8757 9019 1
8757 9615 1
8759 9340 1
8759 8943 1
8760 9589 2
8760 9931 1
8760 9008 1
8760 9148 2
8760 9168 1
8760 9395 1
8761 8886 1
8762 9230 8
8762 8917 1
8762 9695 2
8762 9892 1
8762 9036 2
8762 9762 1
8764 9596 2
8767 8950 1
8768 9410 2
8769 9560 1
8769 9970 2
8771 9619 1
8771 9035 9
8771 9590 20
8772 9140 3
8772 8865 2
8772 9433 1
8774 9408 11
8775 8782 36
8776 9971 3
8776 9864 3
8779 9572 12
8780 8954 1
8780 9301 1
8781 8878 17
8782 9414 2
8784 8929 1
8784 9183 2
8784 9250 2
8786 8930 1
8786 9906 1
8786 9920 200
8787 9560 1
8787 9932 1
8788 8931 1
8789 8838 5
8789 9408 4
8789 8877 1
8789 9621 2
8791 9022 23
8791 9905 1
8791 9829 7
8792 9483 1
8793 9338 9
8794 8903 2
8794 9659 1
8794 8821 1
8794 9108 1
8794 9870 1
8795 9836 2
8795 9462 1
8795 9759 8
8795 9252 1
8795 9639 1
8799 9068 1
8799 8819 1
8800 8834 1
8800 9720 1
8802 9464 5
8802 9509 1
8803 8865 1
8803 8893 3
8803 9111 1
8805 9309 6
8805 9556 3
8805 9749 1
8806 8995 1
8807 9232 1
8807 9049 7
8807 9289 14
8807 9044 1
8807 9650 1
8808 9258 1
8808 9073 144
8808 9166 1
8809 9535 1
8809 9882 2
8810 9353 1
8810 9672 1
8811 9768 4
8812 8915 2
8813 9836 1
8813 9300 1
8813 9699 2
8813 9066 1
8813 9254 6
8813 9322 1
8814 9035 1
8814 9596 1
8814 9785 2
8814 9376 2
8814 9000 1
8815 9993 2
8815 9555 3
8815 9488 1
8819 8968 1
8819 9453 1
8826 9887 1
8827 9340 2
8827 9866 1
8829 9391 1
8829 9951 1
8830 8836 33
8834 8950 2
8835 9472 1
8835 9666 3
8836 9145 1
8836 8914 1
8836 9921 1
8838 8839 1
8838 9456 2
8839 9075 1
8840 9387 1
8840 9010 1
8840 9185 1
8842 8907 1
8844 9021 1
8845 8875 1
8846 9197 1
8846 9434 2
8846 9175 1
8846 9191 1
8847 9313 1
8847 9700 2
8850 9625 1
8851 8968 1
8852 9825 1
8852 8891 1
8852 9468 2
8852 9535 1
8852 9750 1
8853 8950 1
8854 9176 2
8854 9031 2
8854 9557 10
8857 8984 3
8864 9895 3
8864 8983 1
8866 9775 1
8870 9721 2
8870 9641 1
8871 9525 1
8871 9892 3
8872 9525 1
8872 9487 1
8872 9016 1
8873 8906 1
8873 9472 7
8873 9256 2
8874 9945 2
8874 9726 1
8875 8887 2
8875 9305 1
8875 9592 1
8875 9422 1
8875 9429 1
8878 9340 1
8879 9141 1
8883 8960 1
8885 8928 1
8885 8934 3
8886 8962 1
8886 8895 1
8886 9298 1
8886 9718 1
8887 8951 9
8889 8959 1
8889 9318 5
8889 9931 2
8889 9096 1
8890 9736 1
8890 8917 1
8890 9177 3
8890 9635 1
8892 9125 1
8896 9131 1
8896 9515 1
8896 9836 1
8897 8913 28
8897 9605 1
8898 8908 1
8898 9313 2
8898 9604 2
8898 9033 2
8899 9071 2
8901 9154 2
8903 9153 1
8907 9651 1
8907 9560 1
8908 8990 1
8909 9981 1
8910 8982 1
8915 9446 1
8915 9720 13
8915 9384 1
8915 9546 1
8919 8931 11
8920 9906 8
8921 8972 1
8928 9236 1
8928 9831 3
8930 9284 3
8933 9768 2
8934 9494 1
8934 9416 3
8934 9048 1
8935 9767 1
8935 8946 1
8935 9716 1
8936 8972 1
8939 9172 1
8939 9175 3
8940 9197 3
8940 9305 1
8940 9692 4
8940 8977 1
8942 9710 1
8942 9112 3
8942 9537 4
8942 8997 2
8942 9718 1
8942 9581 1
8947 9914 1
8947 9557 9
8948 9156 4
8948 9177 1
8948 9610 2
8949 9186 1
8949 9651 1
8949 9837 1
8949 9844 13
8950 9620 1
8950 9229 1
8950 9596 1
8950 9094 2
8950 9471 2
8951 9523 1
8951 9560 1
8951 9914 1
8951 9063 1
8951 9482 1
8951 9207 2
8951 9697 1
8953 8991 2
8956 8963 2
8957 8979 4
8960 9219 37
8960 9134 1
8961 9382 8
8961 9241 1
8961 9609 1
8961 9238 1
8961 9454 1
8962 8972 1
8963 9583 3
8963 9177 1
8963 9434 1
8963 9833 2
8964 9250 1
8964 9827 1
8965 9021 5
8968 9387 19
8968 9535 2
8968 9810 1
8969 9464 5
8974 9125 1
8975 9382 1
8975 9742 1
8975 9789 1
8975 9237 1
8975 9824 1
8978 9721 1
8979 9353 1
8979 9312 1
8979 9996 5
8979 9605 1
8979 9847 1
8979 9281 8
8982 9096 1
8982 9458 1
8983 9188 1
8983 9620 1
8983 9912 1
8984 9010 2
8984 9227 1
8986 9768 5
8989 9290 4
8990 9790 1
8990 9836 2
8992 9362 1
8992 9247 1
8992 9187 1
8992 9585 1
8992 9302 2
8992 9438 7
8992 9951 4
8993 9857 1
8993 9939 1
8995 9802 1
8995 9134 1
8995 9835 3
8996 9763 1
8997 9984 2
8998 9991 3
8998 9507 3
8998 9847 3
8998 9938 1
9003 9878 10
9003 9296 1
9003 9342 1
9003 9480 1
9007 9641 1
9008 9850 15
9021 9822 1
9021 9348 1
9021 9920 1
9021 9655 1
9021 9710 1
9026 9469 1
9027 9153 1
9034 9125 1
9036 9721 2
9037 9622 2
9044 9284 7
9045 9768 1
9046 9069 2
9049 9125 2
9058 9474 1
9063 9240 1
9070 9095 3
9077 9857 1
9080 9453 1
9086 9453 1
9088 9240 9
9093 9195 3
9093 9277 4
9093 9306 1
9093 9349 2
9093 9318 1
9095 9130 1
9098 9453 2
9099 9998 1
9099 9917 1
9101 9382 1
9101 9141 1
9109 9563 11
9117 9857 1
9120 9973 7
9120 9550 1
9120 9627 1
9125 9211 1
9125 9426 3
9125 9811 1
9135 9917 1
9153 9911 2
9153 9815 2
9153 9524 1
9153 9667 3
9153 9798 2
9153 9884 2
9155 9917 1
9159 9939 1
9183 9680 1
9190 9442 3
9194 9984 1
9213 9768 1
9238 9850 7
9240 9520 28
9240 9997 31
9244 9702 1
9250 9363 1
9251 9998 2
9252 9895 3
9258 9453 1
9271 9625 1
9272 9290 19
9275 9686 1
9277 9622 2
9278 9763 2
9284 9533 1
9284 9581 20
9284 9558 3
9287 9850 1
9290 9862 1
9290 9946 2
9316 9702 1
9346 9456 8
9363 9497 2
9363 9786 1
9364 9900 11
9377 9625 1
9385 9900 8
9398 9467 2
9404 9806 22
9407 9797 1
9410 9720 9
9411 9625 1
9427 9880 5
9438 9768 1
9443 9613 2
9445 9895 5
9453 9502 1
9453 9896 2
9456 9590 1
9456 9755 1
9456 9973 1
9460 9469 1
9462 9863 1
9465 9930 1
9469 9817 1
9478 9763 1
9487 9625 15
9499 9857 1
9543 9900 3
9544 9714 21
9563 9659 1
9593 9797 1
9620 9797 1
9641 9701 1
9641 9926 1
9657 9797 1
9659 9863 1
9661 9900 1
9680 9747 1
9694 9721 2
9704 9799 2
9714 9981 2
9743 9939 1
9763 9787 1
9787 9850 1
9789 9797 1
9799 9808 1
9807 9900 4
9850 9950 1
9850 9916 1
9853 9857 1
9877 9895 1
9895 9980 1
9895 9994 5
9904 9984 1
9917 9918 1
9918 9939 1
9969 9984 2
