7 9113 1
7 8808 11
7 8818 4
18 8990 1
18 9259 1
18 9411 2
18 9526 3
33 8431 2
33 9605 1
33 8564 6
33 9557 2
33 9182 1
33 9887 1
33 8754 3
46 8655 2
46 9870 1
46 9084 1
46 8916 1
46 9514 1
49 9979 3
49 9208 2
49 9024 1
52 9434 1
63 9724 1
63 9601 1
71 9996 1
71 8891 1
76 9753 3
76 9902 1
76 8679 1
81 9641 1
81 9408 1
81 9380 4
81 9810 2
81 9943 1
92 8831 1
92 9052 14
92 9635 4
98 9452 1
98 9771 1
100 9517 1
105 9668 1
105 8835 2
109 8868 2
109 9183 7
117 9002 2
117 8762 2
117 9609 29
118 8832 7
118 9517 1
118 9619 1
124 9279 1
124 9773 3
136 8894 1
136 8852 2
136 8728 1
136 9975 1
151 8850 1
151 9448 2
151 8784 1
151 9932 1
180 9654 2
180 9769 1
180 9552 1
180 9724 15
180 8576 1
180 8809 1
200 8617 1
200 8992 1
200 9342 1
200 9099 6
200 9329 1
200 8890 14
200 9251 2
200 9969 15
201 9076 1
209 8557 1
209 9025 1
209 9988 1
210 9256 7
210 9920 1
210 9990 1
212 9745 1
212 9794 1
212 9590 1
212 9941 3
229 8546 1
229 9427 1
229 9557 2
229 9212 1
230 9509 2
230 9229 3
230 8543 1
240 8993 1
240 9308 2
240 8779 1
240 9450 1
244 9422 1
244 9294 1
248 9214 1
248 9723 1
251 9968 2
271 9862 1
271 9641 1
271 9779 14
274 9365 7
274 9204 1
275 8726 1
275 9496 1
275 9767 1
275 8672 1
275 9930 2
275 9172 13
279 8932 1
279 8713 3
279 8851 7
279 9037 2
279 8911 3
294 9179 1
294 9458 3
294 9323 2
294 9197 1
295 9604 1
295 9122 3
296 8845 1
296 9176 29
306 9015 1
306 9885 1
306 9987 1
309 9663 1
309 8897 1
309 8690 1
309 9166 1
309 8610 2
309 9668 1
321 9583 1
321 8654 1
321 8996 1
321 9390 1
321 8622 1
335 9095 2
335 9763 9
335 9394 13
335 8644 1
335 9392 1
342 9336 2
342 8682 2
342 9005 1
345 8694 3
345 8859 2
345 9907 1
345 8696 1
345 9344 1
345 9697 3
345 9716 2
352 8917 2
358 9750 2
358 8640 4
358 8706 1
365 8802 1
365 9112 1
365 9314 4
371 9241 6
371 9382 1
371 9221 1
400 8788 1
422 9417 1
422 9742 3
422 9958 1
425 9282 2
425 9818 4
425 9090 2
425 9237 4
425 9348 3
426 9745 2
426 8692 1
426 9111 1
447 9192 1
447 8785 1
451 9810 2
451 9480 5
460 9978 1
460 8543 3
460 8576 1
460 9124 1
460 9346 3
460 9601 1
460 9632 1
460 8675 2
460 9434 2
467 9726 1
467 9719 1
467 8761 5
467 9680 1
467 9849 1
489 9187 1
489 9663 1
494 9136 1
494 9593 1
494 8813 1
494 9377 9
494 8600 1
494 8638 2
494 9109 1
517 9066 1
517 9346 2
517 9017 2
532 9142 1
532 9866 1
532 9571 1
532 9806 3
532 9830 1
543 9191 1
543 9916 1
564 8761 1
564 8798 3
564 9315 2
564 9842 4
577 8801 2
577 9272 2
577 9557 1
581 9350 9
581 9264 1
581 9776 1
589 8840 1
589 9557 8
589 9692 1
589 9299 1
589 8847 1
589 8899 3
589 9609 1
589 9496 2
592 9294 2
592 9055 7
592 9316 1
612 9030 3
619 8538 2
619 8731 1
619 9830 199
620 9825 3
620 9521 1
620 8928 2
620 8940 1
626 8932 1
626 8991 1
626 9592 2
626 9947 2
626 9017 1
626 9091 2
626 8632 1
632 9681 2
632 8555 1
632 8970 1
632 9776 2
645 8796 3
645 8757 1
645 9562 1
645 9129 7
645 9546 3
655 9669 5
655 8625 2
655 9718 1
655 9078 1
655 9241 1
657 8998 2
657 9336 6
657 9989 1
677 9792 1
677 8963 1
677 9303 1
689 9104 2
689 9814 1
692 9763 1
711 9019 1
711 9781 15
711 9159 3
711 9586 2
736 8906 1
773 9995 1
794 8992 1
794 9618 1
794 9553 5
804 9679 1
804 8646 33
804 8862 1
804 9229 2
808 9931 2
808 9218 1
808 9635 3
808 8887 2
816 8906 1
816 8932 1
816 9764 2
832 8978 1
832 9155 4
832 9322 1
832 9337 5
832 9476 1
832 9030 1
846 8702 1
846 8896 3
846 8759 1
846 8754 1
846 9148 1
846 9596 1
846 8775 3
846 9724 2
851 9263 1
851 8732 1
851 9518 2
851 9638 1
851 9390 1
851 9514 3
851 8971 1
851 8569 1
851 8813 2
891 9689 2
891 8747 2
891 9334 46
891 9590 1
891 9981 1
900 9153 4
900 9738 1
900 9927 1
900 9149 1
900 9459 2
903 8775 1
903 9697 1
903 9350 4
903 9404 1
903 9159 1
909 9322 3
909 9119 4
913 9493 1
913 9829 6
920 8680 2
920 9012 11
920 9015 44
920 9543 4
920 9561 1
920 9799 3
920 8671 1
922 8983 1
922 8577 1
922 9334 3
922 8595 1
922 8834 45
922 9163 1
935 8823 1
935 8785 1
935 9187 1
935 9115 1
935 9507 3
935 9798 8
980 9028 1
980 9179 1
980 8897 3
980 8920 3
981 8927 1
981 9833 8
981 9689 3
981 9966 3
994 9719 22
994 8538 1
994 8679 1
994 8657 8
994 9833 3
994 9019 1
994 9592 1
994 8992 1
995 9479 1
995 9471 1
1016 8963 2
1016 9209 2
1016 9346 1
1016 9938 1
1016 9770 21
1025 8843 1
1051 8620 1
1051 9903 1
1051 9512 1
1051 8808 1
1051 8880 1
1051 9304 2
1056 9566 1
1080 9687 7
1080 9714 1
1080 8677 1
1080 9386 1
1080 9865 5
1097 9883 1
1097 9236 200
1097 9606 2
1097 8693 2
1097 8732 1
1097 8876 1
1097 9769 1
1102 8705 1
1102 9188 7
1103 8685 6
1103 8822 1
1124 9436 1
1124 9840 1
1124 9999 1
1124 9084 1
1150 9114 2
1150 9103 2
1150 9412 6
1150 9824 1
1151 9160 1
1151 9222 1
1153 9233 1
1153 8596 1
1153 9318 1
1153 9427 1
1153 9975 1
1153 8638 3
1153 8560 1
1157 8762 29
1157 9960 1
1157 9170 2
1157 9151 1
1177 8815 5
1177 9613 1
1181 8657 1
1195 1579 2
1195 9526 1
1195 9441 1
1195 8536 31
1195 8873 1
1195 9039 1
1195 9113 2
1199 9432 1
1199 9533 4
1199 8549 1
1199 8560 1
1199 9041 1
1199 9876 4
1203 9902 19
1203 9402 4
1203 9821 1
1203 9430 1
1203 9543 1
1206 9372 7
1206 9226 15
1206 8581 1
1206 8769 1
1206 9368 7
1206 9986 4
1213 9790 1
1213 8942 4
1216 9168 1
1216 9179 2
1219 8671 1
1219 8968 2
1219 9146 2
1219 9210 2
1219 8983 1
1219 9594 1
1219 9837 1
1248 9272 2
1248 9898 1
1248 8868 1
1248 8896 1
1255 8587 1
1267 9041 2
1272 9727 1
1272 8654 2
1295 9163 7
1295 8940 2
1295 8585 1
1317 8986 1
1324 9175 2
1324 9916 6
1324 9196 19
1324 8859 1
1324 9136 1
1324 9814 1
1324 9847 1
1326 8930 2
1347 9690 5
1347 8885 1
1347 9082 1
1347 9145 1
1347 8974 4
1351 8732 1
1351 9317 1
1351 9907 1
1351 9526 1
1351 9784 2
1351 8592 1
1351 8757 1
1351 9151 1
1351 8587 1
1360 8957 1
1360 8787 2
1360 8998 1
1360 8630 3
1383 9042 2
1383 9028 1
1390 9701 2
1390 9344 1
1390 8806 21
1390 9567 1
1410 9979 4
1410 9364 2
1411 9763 1
1411 9989 2
1411 9100 1
1411 8720 1
1411 8910 1
1411 9109 2
1411 9254 1
1414 9264 1
1414 9343 2
1414 9964 1
1421 9345 1
1421 9047 1
1421 9097 1
1421 9462 2
1421 9088 1
1429 8596 2
1440 8968 2
1440 9723 1
1440 9779 1
1441 8541 1
1443 9771 1
1443 9052 1
1443 9202 2
1443 8899 1
1443 9898 1
1466 8809 1
1466 8846 3
1466 9130 1
1466 8641 2
1466 9547 1
1482 8401 1
1482 9402 1
1482 9754 2
1482 9612 1
1482 9564 1
1482 8759 2
1482 9097 1
1482 9325 1
1499 9896 1
1504 9136 1
1504 8956 1
1504 9981 1
1521 9038 3
1521 8689 2
1521 8871 1
1521 9732 1
1531 8632 2
1531 8981 2
1531 9249 1
1531 9309 36
1549 9767 1
1550 9053 1
1550 9618 1
1550 9867 2
1563 9202 1
1563 9273 1
1563 9669 2
1563 9647 1
1563 9419 1
1579 8797 1
1579 9970 1
1579 9446 1
1583 9990 1
1583 8576 2
1595 8701 1
1595 8537 1
1595 8648 1
1595 8725 21
1595 8831 1
1609 9898 1
1609 9958 2
1609 9271 1
1609 9551 1
1609 8557 1
1609 8961 1
1609 9445 1
1609 9724 1
1609 9801 1
1609 8703 1
1609 8765 2
1609 9322 5
1618 8845 1
1618 9226 1
1618 9186 1
1654 9887 1
1654 9896 8
1654 9735 3
1654 8912 1
1654 8943 1
1672 9883 1
1672 9187 1
1672 8704 1
1672 9236 1
1672 9690 1
1672 9784 1
1675 9774 1
1700 9570 1
1700 9163 4
1700 9143 1
1700 9293 1
1712 9348 2
1712 8858 65
1712 9450 1
1723 9814 1
1723 8981 4
1723 9642 7
1723 9726 3
1747 9529 1
1747 9964 2
1755 8672 1
1755 9257 3
1755 9552 1
1755 9491 9
1755 9603 2
1755 9729 1
1761 9032 1
1761 9351 1
1761 8620 10
1761 9831 1
1761 8781 1
1761 9471 1
1762 9605 14
1762 9445 1
1762 9995 10
1768 9250 1
1768 9392 3
1780 9127 1
1780 9345 1
1780 8852 1
1788 9096 1
1788 9893 10
1789 9094 1
1789 8970 1
1789 9908 1
1792 8609 6
1792 9940 18
1800 8978 1
1800 9346 11
1800 9729 1
1800 8550 2
1800 8949 2
1800 9111 1
1800 8615 1
1800 9005 1
1804 8747 5
1804 9209 1
1804 9763 1
1804 9828 1
1839 8546 2
1839 9507 1
1839 9449 7
1839 9895 1
1843 8680 1
1848 9546 111
1848 8596 1
1848 9214 4
1867 9381 5
1867 9470 1
1867 9680 1
1867 8949 1
1869 8538 1
1869 9902 2
1871 8853 1
1871 9128 1
1871 9722 9
1881 8970 1
1881 9069 15
1881 9290 3
1881 9448 3
1881 9851 2
1881 8705 1
1881 8860 2
1883 9015 9
1883 9269 1
1883 9682 1
1883 8767 1
1883 9483 2
1890 9977 1
1890 9846 14
1890 8764 1
1890 9756 6
1890 9796 1
1896 9043 13
1896 9677 2
1906 8581 1
1906 8557 3
1906 8834 8
1906 9322 1
1906 9350 1
1958 9988 9
1958 9144 1
1958 8758 1
1958 9023 2
1959 8839 1
1959 9196 4
1959 9130 1
1959 9910 1
1961 9057 6
1961 8949 1
1961 9605 1
1961 9218 1
1961 9930 1
1966 8615 1
1966 9400 4
1966 9892 1
1968 8782 1
1968 9934 2
1986 9063 1
1986 8699 1
1986 8839 1
1995 9496 5
2004 9242 1
2004 9680 1
2005 9341 1
2005 9064 4
2005 9421 1
2005 8840 1
2005 9440 200
2008 9275 5
2008 8758 9
2008 8824 1
2008 9920 2
2008 9290 3
2008 9329 4
2013 9543 1
2013 8765 1
2013 8857 1
2013 8868 1
2013 9085 1
2019 9533 2
2019 9980 1
2019 9263 2
2039 8992 1
2039 9251 4
2042 8577 1
2051 9485 1
2051 9715 1
2051 9833 1
2073 9752 1
2073 9837 7
2073 8995 51
2079 9197 1
2079 9203 1
2083 9536 1
2083 9420 1
2084 9838 1
2084 9645 5
2093 8808 1
2093 9124 2
2093 8681 1
2093 9346 1
2093 9634 1
2118 8995 7
2121 9053 1
2128 9047 1
2128 9086 5
2137 9865 27
2146 8993 2
2146 8966 1
2146 9374 2
2238 8964 1
2247 9920 1
2247 9244 5
2247 9293 2
2251 9509 42
2251 9518 1
2251 9380 1
2251 8753 1
2255 9275 4
2255 9159 1
2255 9980 10
2257 9453 5
2257 9462 1
2268 9763 12
2268 9760 1
2270 8714 3
2270 8696 1
2270 8651 1
2270 9244 1
2270 9341 1
2270 9887 2
2270 8746 1
2270 9299 2
2270 9985 1
2283 8597 1
2283 9144 1
2283 9222 6
2283 9236 3
2283 9772 1
2283 8533 15
2283 8967 4
2292 9456 5
2292 9615 11
2292 8681 1
2292 9285 3
2292 9807 1
2292 8806 1
2323 8708 5
2323 8702 1
2323 9484 1
2325 8689 2
2325 8666 1
2325 9309 88
2325 9452 1
2332 9240 1
2332 9923 1
2332 9757 1
2340 8621 1
2340 8620 1
2340 9883 3
2340 9419 1
2342 9202 1
2342 9379 1
2342 9093 1
2342 9316 15
2342 8590 2
2342 9564 1
2361 9452 1
2361 8835 1
2361 9550 1
2361 9669 1
2364 9963 1
2364 8537 1
2365 8570 4
2365 9357 5
2381 9351 15
2381 9411 1
2381 9063 1
2381 9178 1
2381 9238 1
2381 9316 3
2393 8801 35
2393 9382 1
2393 9436 1
2393 9213 1
2393 9720 1
2393 8726 2
2393 9647 7
2393 9669 1
2393 8750 1
2393 9049 1
2407 9686 1
2407 9233 1
2407 9959 1
2435 8923 1
2435 9416 1
2435 8828 1
2435 8648 2
2435 8890 15
2439 8746 1
2439 9690 2
2439 8768 22
2439 9517 1
2439 9794 1
2442 9445 1
2442 8730 3
2449 9792 6
2467 8798 1
2467 9354 1
2467 8890 1
2467 9538 1
2467 9586 1
2467 8682 1
2467 9364 5
2469 9166 2
2469 9279 1
2469 8626 1
2469 9428 2
2497 9090 2
2497 9330 7
2497 9713 200
2497 9958 19
2507 9564 5
2507 8623 1
2507 9825 2
2507 9866 9
2525 9323 1
2525 9376 1
2525 9427 1
2525 9492 1
2525 9401 1
2525 9999 1
2528 8843 1
2528 9645 1
2528 9670 1
2528 8534 5
2528 8786 1
2528 8871 172
2528 9481 2
2528 9348 1
2528 9119 25
2528 8914 1
2528 9635 1
2528 8976 4
2528 8696 1
2528 8783 9
2541 8677 16
2541 9639 1
2541 8647 11
2541 8598 6
2541 9480 1
2552 9910 1
2552 9966 2
2553 9062 1
2553 9679 1
2553 9596 2
2564 8798 17
2564 8709 2
2564 9101 1
2564 9219 2
2564 9985 1
2571 8767 2
2571 8839 1
2571 9397 2
2571 9204 1
2571 9482 2
2571 9460 4
2579 8862 4
2579 9342 2
2586 9486 1
2586 8971 1
2603 9613 1
2603 9153 1
2632 8787 1
2636 9259 1
2636 9039 5
2636 9097 2
2642 8812 2
2642 9532 1
2646 8745 1
2646 8566 1
2675 9408 1
2679 8865 1
2679 8930 1
2679 9185 1
2679 9650 1
2679 9560 1
2684 9055 1
2684 8815 1
2687 8916 1
2687 8542 1
2701 9000 2
2701 9890 1
2701 8635 1
2707 9004 1
2707 9104 1
2709 9974 15
2709 8680 2
2709 9820 1
2715 9629 2
2744 9072 1
2744 8888 3
2744 8906 1
2755 9227 1
2755 9002 1
2755 9192 2
2772 9857 1
2772 9260 1
2775 9326 1
2775 9941 1
2775 9479 20
2793 8952 2
2793 9235 1
2793 9288 3
2793 9679 4
2804 9089 1
2804 9422 2
2813 8712 1
2826 8584 1
2826 8820 4
2826 9553 73
2826 9202 31
2826 9470 1
2826 9718 1
2826 8612 1
2847 8721 1
2847 9210 2
2847 9491 1
2847 8625 1
2847 8897 1
2847 9456 1
2847 9689 2
2848 9380 2
2848 9643 1
2849 8543 1
2849 8706 1
2849 9239 1
2849 9876 2
2849 8753 1
2856 9111 1
2856 9382 1
2861 9457 3
2861 9641 2
2876 9769 2
2876 9102 1
2885 9238 2
2885 9300 3
2885 9813 9
2885 9644 1
2885 8710 1
2887 9062 1
2887 8663 1
2901 9553 1
2916 9158 1
2916 9734 3
2918 9615 1
2918 8998 1
2918 9262 1
2918 9341 1
2918 8655 3
2918 8757 5
2918 9413 1
2918 9889 1
2944 8538 1
2944 9547 1
2944 9799 1
2944 9841 15
2944 9395 1
2947 9106 24
2947 9329 1
2947 9146 1
2947 9243 2
2947 9778 3
2959 8847 1
2959 8792 1
2959 8673 1
2959 9054 3
2959 9387 1
2959 9862 1
2984 8705 2
3029 8820 1
3029 9043 1
3029 9715 8
3029 8851 1
3029 9762 1
3041 8534 1
3041 9441 2
3041 9558 1
3041 9584 1
3041 9988 1
3047 9471 12
3047 9027 1
3047 9067 1
3047 9720 3
3056 8927 1
3056 9531 1
3056 9792 18
3056 9074 1
3063 9138 2
3073 8878 1
3073 9229 1
3073 9938 1
3073 8762 1
3073 8985 1
3073 9100 2
3073 9484 1
3091 9961 1
3091 9767 1
3091 9317 1
3091 9820 1
3091 8865 2
3091 9726 2
3092 9459 1
3092 9223 4
3092 8647 1
3092 9047 1
3092 9673 2
3095 9787 10
3095 9535 1
3095 9584 1
3098 9405 1
3098 9115 2
3098 9649 1
3120 9130 1
3120 8964 1
3123 8612 1
3123 9856 1
3129 8666 1
3129 9910 6
3129 8831 3
3129 9239 2
3138 9012 1
3138 8550 1
3138 8773 1
3152 9138 1
3152 9992 1
3152 8633 1
3152 8621 3
3152 8986 1
3162 9024 1
3162 9604 4
3162 8778 1
3162 9820 8
3162 9208 1
3162 8846 1
3162 9671 3
3187 9173 2
3197 8746 1
3197 8992 1
3197 9966 33
3197 9968 4
3197 9668 1
3206 8540 1
3206 8680 1
3206 8624 2
3206 9071 3
3206 9079 32
3206 8599 2
3206 9409 2
3206 9300 5
3206 9884 2
3213 8615 1
3213 8730 3
3213 9109 1
3213 9408 1
3213 9957 1
3213 9936 1
3223 9223 6
3241 9970 1
3241 9665 1
3241 9379 5
3299 9774 1
3299 9857 6
3300 8953 2
3300 8550 1
3300 9845 1
3316 9411 2
3316 9511 3
3316 9672 5
3316 8591 1
3316 9394 1
3324 9773 1
3324 9475 1
3324 9378 1
3324 9655 2
3330 9057 1
3330 9169 12
3330 8860 6
3330 8805 1
3330 9128 1
3332 9700 1
3332 9160 5
3332 8540 1
3332 9376 1
3365 8985 2
3387 9931 1
3387 8829 1
3387 9854 12
3387 8873 13
3387 9297 2
3387 9609 3
3393 9885 2
3393 9149 3
3393 9421 1
3393 9456 1
3393 9532 1
3393 9651 3
3393 9623 1
3393 9774 1
3403 9858 1
3403 8762 1
3468 9492 1
3468 9802 1
3468 8761 1
3475 9980 1
3475 8986 1
3475 9340 3
3482 9803 1
3482 8935 1
3482 9412 5
3482 9930 6
3482 9645 2
3482 9893 9
3482 9570 19
3482 8788 2
3485 9263 2
3485 8983 5
3485 9789 3
3485 8579 2
3496 9990 1
3496 8673 10
3496 9607 1
3498 8735 1
3498 8917 1
3498 9704 1
3498 8605 1
3498 8898 1
3499 9905 1
3499 8885 1
3499 9572 2
3516 9687 5
3516 8965 3
3516 9695 10
3516 9690 1
3541 9805 1
3541 9881 1
3541 9863 200
3541 9764 1
3541 9053 1
3546 9806 1
3549 9283 1
3549 9553 1
3550 8859 1
3550 9808 3
3550 8651 1
3550 9696 1
3558 8543 2
3558 9458 2
3558 9734 1
3558 8797 1
3558 9319 2
3558 8670 1
3558 8623 1
3558 8690 5
3567 9256 1
3567 9258 3
3567 9107 1
3567 9651 1
3586 8581 1
3586 9349 1
3586 9364 6
3590 8910 7
3590 8796 1
3590 9645 3
3590 9492 4
3597 9205 1
3597 9164 1
3597 9146 1
3597 9325 2
3597 9948 1
3615 9159 1
3615 9213 1
3615 9085 1
3615 9456 2
3615 9648 46
3616 8646 1
3616 8697 1
3616 8783 1
3625 9784 4
3625 8693 1
3625 8597 1
3625 9583 22
3633 8675 1
3633 9172 2
3633 9099 1
3633 9256 1
3633 9086 1
3633 9420 1
3633 9910 2
3633 9246 1
3645 8817 1
3645 9104 5
3645 9558 2
3645 9036 6
3646 8920 1
3646 8801 1
3646 8825 2
3661 8564 2
3665 8795 46
3665 8956 2
3665 9490 1
3665 8630 1
3665 9194 1
3665 9438 1
3665 9673 1
3665 9734 1
3665 8574 1
3665 8599 1
3665 9045 1
3665 9154 1
3665 9940 1
3690 9929 1
3690 8795 1
3690 8632 5
3690 9559 1
3698 8966 1
3698 9401 4
3698 9551 1
3698 8641 1
3698 9990 1
3698 9397 5
3722 9400 1
3722 8777 3
3722 9054 1
3722 9952 4
3733 9807 2
3733 9352 1
3733 9440 1
3733 9698 1
3733 9813 2
3733 9741 3
3733 9662 1
3733 9870 1
3745 9975 1
3745 9746 1
3745 9322 1
3745 9333 1
3764 8801 1
3764 9235 1
3764 9535 1
3767 9149 1
3767 9181 2
3769 9937 6
3786 9463 1
3786 8541 2
3786 9676 1
3786 9526 1
3786 8750 1
3798 9205 1
3810 8592 1
3817 9907 1
3817 8564 1
3833 9417 1
3833 8712 2
3833 9675 3
3833 9421 2
3846 8633 1
3846 9491 1
3846 9839 1
3846 9093 1
3846 9412 3
3846 8602 1
3846 8617 2
3855 9143 1
3855 8546 1
3875 9662 4
3894 8897 2
3898 9503 1
3898 9157 2
3904 9064 4
3904 8617 6
3904 9803 1
3911 8757 1
3911 9442 29
3911 8712 1
3911 9066 2
3911 9209 2
3911 9724 2
3911 9728 1
3915 8936 7
3915 9026 1
3919 8865 1
3919 9250 1
3929 9934 2
3929 9994 1
3940 8871 1
3940 9866 1
3940 9454 2
3940 9062 1
3940 9363 20
3947 9831 2
3947 9798 1
3947 9970 1
3971 8537 1
3971 9778 1
3971 9304 1
3971 9753 2
3971 8850 2
3971 9188 1
3971 9276 1
3971 9792 1
3983 8791 1
3983 8875 1
3983 8612 1
3983 9480 1
3983 8601 2
3983 9533 1
3983 9240 5
3994 9861 1
3999 9160 1
3999 9306 2
4014 9777 2
4014 8870 3
4014 9470 1
4029 9810 16
4036 9970 1
4036 9522 20
4052 9908 1
4052 9751 1
4052 9192 1
4052 9698 26
4072 9216 1
4072 8540 32
4117 8846 1
4117 9489 2
4117 9057 1
4117 9066 15
4117 9335 2
4139 9649 1
4139 9905 2
4139 8539 1
4139 9459 6
4139 9864 1
4149 9489 18
4149 9790 1
4164 9198 1
4164 9325 1
4164 9775 1
4170 9643 1
4171 8533 1
4183 8876 1
4183 9754 3
4183 8712 1
4206 9955 2
4206 9727 1
4208 9486 10
4208 9335 1
4208 9756 1
4211 9392 1
4211 8597 1
4211 9062 1
4211 9543 1
4211 9329 1
4211 9663 2
4211 9860 2
4211 9301 2
4225 9912 3
4225 9067 1
4225 9502 1
4225 8542 1
4225 9095 1
4233 9952 1
4233 9364 1
4233 9427 1
4233 8956 1
4233 9722 1
4233 9318 10
4233 9813 1
4233 9870 2
4238 8717 1
4238 9601 2
4238 9047 1
4238 9060 2
4238 9890 1
4238 8701 1
4238 9242 1
4257 9408 1
4257 8596 1
4257 9312 4
4259 8581 1
4259 9049 4
4259 9592 1
4273 9952 1
4273 8703 1
4273 9440 1
4273 9511 2
4273 9143 2
4273 9561 4
4273 8672 2
4273 9335 1
4273 9881 1
4273 9302 1
4273 9307 1
4275 9066 1
4275 9357 1
4275 9987 12
4275 9839 1
4281 8825 1
4281 8931 1
4281 9577 1
4281 9853 1
4281 8880 1
4281 8725 1
4281 9032 6
4281 9710 1
4286 9964 2
4308 9660 42
4308 8946 1
4308 8573 2
4308 9694 1
4308 8897 2
4308 9831 1
4312 9175 1
4312 9463 1
4312 9885 1
4312 8713 1
4312 8946 1
4312 9072 1
4318 9729 1
4318 9911 3
4318 9955 1
4324 9774 10
4324 8569 4
4324 9490 3
4343 8725 13
4343 8672 1
4344 9181 1
4344 8748 2
4363 9932 1
4363 8814 1
4374 9428 1
4374 9752 26
4374 9159 1
4375 8559 1
4375 9946 1
4376 9609 2
4376 8620 2
4376 9948 2
4376 8595 1
4376 8824 1
4376 9148 1
4391 9551 5
4391 9285 1
4391 8985 5
4391 9160 1
4391 9757 2
4391 9727 64
4391 8735 4
4391 9026 1
4391 9397 2
4393 9187 5
4393 9079 1
4393 9486 1
4417 9694 1
4417 8650 1
4417 8714 4
4417 9463 2
4429 9405 1
4429 9010 2
4429 8967 1
4429 8555 1
4429 9278 1
4429 9701 2
4449 8694 4
4449 9093 1
4449 9454 1
4449 9659 1
4452 9764 1
4469 8899 1
4469 9028 1
4469 9555 2
4469 8706 1
4470 8767 1
4470 9079 2
4470 9416 2
4485 9225 3
4485 8541 1
4485 9173 3
4485 8735 1
4485 8847 7
4485 8926 1
4485 9555 2
4507 8970 3
4507 9394 4
4507 9476 1
4507 9457 1
4507 9286 3
4507 9797 1
4525 8838 3
4525 9980 1
4526 9003 3
4535 9086 1
4535 9898 1
4535 9695 1
4543 9731 1
4543 8765 2
4543 9473 1
4543 9851 2
4599 9836 89
4599 8927 1
4600 9282 2
4600 9345 5
4600 9817 1
4623 9106 1
4623 9146 1
4623 9091 1
4623 9678 1
4623 9911 1
4656 8765 5
4656 9967 1
4662 8539 2
4662 9538 2
4662 9745 1
4662 9977 1
4663 9923 1
4663 9463 1
4663 9752 1
4669 9716 3
4669 9055 3
4679 8696 1
4679 9500 1
4679 8806 44
4679 9043 5
4679 9334 1
4697 9945 2
4697 9275 1
4697 9285 1
4697 9025 1
4697 9648 1
4736 8931 1
4736 9436 1
4758 8967 1
4758 9808 3
4758 9421 2
4758 9512 146
4758 9720 12
4765 8549 1
4775 9780 1
4781 9606 1
4781 8726 1
4781 8923 1
4781 9804 1
4781 8592 2
4801 9221 2
4801 9702 2
4804 9474 9
4806 9870 1
4806 8984 1
4821 9808 1
4821 8745 1
4821 8982 1
4824 9873 1
4824 9646 1
4830 9121 1
4830 9173 1
4843 9987 17
4843 9160 2
4844 8566 1
4844 9144 4
4845 9408 21
4845 9066 4
4855 8793 1
4855 9122 2
4855 8583 9
4855 8730 3
4855 9004 1
4874 9093 4
4874 8580 1
4874 9136 2
4874 8877 1
4881 9743 1
4881 9480 1
4881 9487 3
4881 9220 2
4881 9276 1
4881 8840 1
4881 8770 1
4881 8708 2
4881 9214 2
4881 9473 2
4883 8623 3
4883 8864 1
4883 9021 3
4883 9846 1
4886 8588 12
4886 8796 2
4890 9229 1
4890 9728 26
4890 8791 1
4890 9391 1
4890 9719 2
4891 8635 3
4891 9172 22
4891 9256 4
4891 9000 1
4917 9382 3
4917 8558 4
4917 9723 1
4918 9003 1
4918 9932 2
4940 9449 2
4940 9790 1
4940 8851 1
4940 8952 3
4940 9486 1
4940 9870 2
4940 9352 1
4940 9547 1
4962 9553 2
4962 9927 1
4962 9838 6
4962 8798 15
4962 8781 3
4962 8812 6
4962 9802 5
4969 9235 1
4969 9254 1
4969 9697 1
4969 9890 2
4972 9342 1
4972 9072 2
4972 9131 1
4972 9341 2
4972 9643 1
4972 9182 1
4972 9903 1
4974 9641 1
4984 9700 2
4984 8991 1
4988 9695 1
4988 9131 1
4999 8534 1
4999 8647 1
4999 9604 4
5007 9864 1
5007 9722 1
5007 8785 2
5007 9458 2
5007 9671 1
5036 8754 3
5036 9828 1
5036 8846 1
5036 9112 4
5036 9908 1
5036 9941 1
5036 8771 2
5036 8798 1
5036 9557 3
5036 9818 1
5036 8701 1
5037 9323 11
5037 9440 12
5047 9847 1
5047 9116 1
5048 9762 1
5048 8777 1
5048 8801 2
5048 9205 2
5061 9271 1
5061 9010 2
5061 9659 1
5069 9004 1
5082 9055 1
5082 9392 2
5082 8965 1
5082 9053 3
5083 9269 1
5083 9781 1
5083 8974 1
5083 9219 3
5083 9333 1
5083 9498 6
5083 8808 1
5105 9896 1
5109 8764 3
5109 8570 1
5109 8759 1
5109 9509 1
5112 9138 1
5122 9793 1
5127 9742 1
5127 9770 5
5128 9412 1
5128 9670 5
5128 9847 2
5128 8622 8
5128 9178 1
5128 9908 3
5132 9029 2
5132 9084 1
5142 9657 1
5144 9175 2
5144 8613 2
5149 8829 1
5149 9054 2
5149 9336 1
5149 8684 1
5149 9290 1
5149 9600 1
5149 9406 12
5164 9694 25
5164 9776 1
5164 9713 1
5184 9772 1
5184 9990 2
5184 9516 2
5184 9216 1
5184 9330 3
5184 9754 3
5202 9288 1
5202 9454 1
5226 8692 1
5235 8689 1
5235 9074 1
5235 8804 1
5235 9919 2
5286 9903 21
5286 8702 3
5286 8788 1
5286 9895 1
5291 8912 1
5291 9799 2
5323 9475 16
5323 9643 1
5323 9198 1
5323 9514 1
5323 9604 1
5323 9745 2
5323 9593 1
5325 9316 1
5325 9946 2
5329 9144 1
5329 9530 7
5329 9571 3
5329 8770 1
5329 9462 1
5331 8814 2
5331 9553 2
5331 8626 1
5331 9099 1
5331 9478 35
5338 9562 22
5338 9283 3
5338 9057 1
5338 8641 4
5338 9037 2
5351 8704 1
5351 8607 3
5351 8649 1
5351 9358 1
5369 8980 1
5369 8978 1
5369 8986 5
5369 9819 1
5382 9995 1
5382 9511 1
5382 8666 1
5382 9839 26
5382 8721 2
5387 9319 3
5387 9480 1
5387 9642 6
5387 9005 1
5387 8983 4
5387 9258 1
5392 8631 1
5392 9565 1
5392 9319 1
5392 9485 1
5392 9577 25
5392 8887 11
5392 9709 1
5401 9718 12
5404 9745 1
5404 9854 1
5404 9562 1
5405 8838 2
5405 8647 1
5405 8570 1
5405 8610 2
5405 9205 1
5405 8843 3
5420 9037 7
5420 9260 1
5420 9378 4
5420 9611 3
5425 9776 1
5425 8993 1
5440 9422 1
5440 8636 1
5450 8972 3
5451 8767 64
5451 9155 5
5451 9856 1
5456 9663 1
5462 9821 1
5462 8991 1
5462 8720 1
5462 9673 1
5462 9538 1
5464 9824 96
5464 9546 1
5464 9379 1
5478 9911 1
5478 9840 1
5478 9112 1
5478 9194 3
5478 9226 1
5484 8672 10
5484 9015 1
5501 8746 1
5501 9714 1
5501 9875 200
5501 9462 4
5501 9937 1
5501 8580 1
5501 8684 1
5501 9457 1
5501 9552 1
5502 9612 10
5502 9822 1
5520 9113 1
5520 9786 1
5522 9286 1
5535 9242 1
5535 8651 2
5535 8962 3
5541 8620 2
5541 9666 1
5541 9043 1
5541 9896 1
5542 9614 1
5542 9577 1
5559 9692 1
5567 9813 2
5567 8964 1
5567 8655 3
5567 9082 3
5571 9839 9
5571 9873 1
5577 9936 1
5577 8877 2
5577 9169 5
5577 9657 1
5577 9978 3
5597 9053 2
5597 9380 1
5601 9336 1
5601 9597 1
5601 9564 1
5602 8917 1
5602 9290 1
5614 8663 1
5614 9442 1
5614 9752 1
5627 9191 3
5627 9482 1
5627 9639 2
5627 9351 13
5627 9069 1
5627 9973 3
5634 9240 1
5634 9372 3
5648 9867 5
5648 8846 3
5648 9979 1
5659 9990 4
5665 9370 1
5665 9649 1
5665 9430 2
5665 9931 2
5665 9947 1
5665 9476 3
5672 9166 1
5672 8789 1
5672 9988 1
5672 9303 3
5672 8641 3
5672 9678 1
5672 9319 1
5672 9646 1
5672 9572 1
5723 9749 1
5723 9250 2
5735 9635 2
5735 9085 1
5735 9999 1
5735 9995 1
5735 8610 1
5735 9011 3
5740 9675 6
5740 9042 1
5740 9183 1
5749 9619 1
5750 8687 1
5750 8539 1
5755 8670 1
5756 9304 2
5756 8780 1
5756 9838 1
5756 9864 3
5756 9192 18
5764 8713 8
5764 9614 2
5805 9996 3
5805 8963 2
5805 9078 1
5805 9219 8
5805 9938 1
5810 8813 1
5810 9647 2
5815 9208 1
5815 9375 1
5815 9946 1
5816 9401 1
5816 9594 1
5816 8955 1
5816 9234 1
5816 9458 1
5816 9561 3
5819 9923 1
5819 9503 1
5819 9787 2
5824 9854 1
5824 9378 1
5824 8543 8
5824 8957 2
5824 9857 1
5824 9686 1
5837 9790 1
5837 9106 2
5837 9293 1
5837 9977 1
5837 8980 1
5837 9500 1
5842 8747 1
5842 9317 1
5842 9675 1
5844 9594 3
5844 8962 4
5844 9167 1
5849 9370 1
5849 9446 2
5849 9738 2
5849 9841 2
5861 9941 1
5861 8884 2
5864 9115 1
5917 8704 1
5917 9386 1
5917 8714 1
5986 9769 1
5986 8713 2
5986 9492 1
5986 9511 1
5986 9845 6
5986 9333 11
5986 9728 1
5986 9254 1
5997 9814 1
5997 9768 2
5998 9354 1
5998 9052 2
5998 9939 3
6007 8989 5
6007 9330 1
6007 8709 1
6007 9927 1
6008 9036 1
6008 8916 4
6008 8771 1
6008 9518 1
6008 9750 4
6021 9255 1
6021 9377 1
6021 9244 3
6021 9250 2
6021 9338 13
6021 8851 1
6036 9395 1
6036 9735 2
6036 9748 1
6036 9986 3
6036 9555 1
6036 9823 1
6043 9012 1
6043 9866 1
6043 8668 2
6051 8883 3
6051 9342 1
6051 9697 1
6051 9427 1
6060 9427 1
6060 8823 1
6060 9565 1
6086 9734 3
6086 8574 1
6086 9479 6
6086 9010 1
6101 9174 1
6101 9299 1
6101 9438 6
6105 9803 1
6105 9170 1
6113 9372 1
6113 8957 3
6113 9829 1
6121 8584 1
6121 9613 1
6121 9991 1
6121 9995 1
6121 9773 1
6121 9887 1
6125 9797 2
6125 9237 1
6151 8702 36
6154 9191 1
6154 9903 1
6160 9066 1
6160 9235 1
6160 9489 1
6166 9860 1
6166 9023 1
6166 8537 2
6166 9000 1
6166 9581 1
6166 9138 2
6177 9692 12
6177 9505 2
6196 9760 13
6198 8906 5
6198 9960 7
6198 9031 1
6198 9301 1
6198 9632 2
6198 9883 4
6198 9453 21
6200 9436 2
6200 8997 68
6203 9114 1
6203 9351 1
6203 9430 2
6203 9432 1
6203 8590 1
6203 9118 2
6203 9288 5
6251 8770 12
6251 9958 32
6251 8839 1
6251 9912 2
6262 9696 4
6262 8825 1
6262 8999 2
6262 9978 13
6264 8613 1
6264 9149 1
6264 9344 1
6264 8601 1
6264 9062 1
6266 9131 4
6266 9660 8
6266 9968 1
6270 8708 2
6270 8885 1
6270 9028 1
6270 9838 1
6282 9345 3
6282 8888 1
6282 8880 1
6282 9101 4
6282 9775 1
6290 9980 3
6290 9648 1
6290 9987 3
6290 8638 1
6290 9898 3
6290 8874 1
6290 8985 1
6290 9204 1
6290 9255 1
6307 9863 1
6307 9657 2
6307 9768 1
6307 8680 1
6307 9603 3
6307 9989 1
6307 9532 1
6312 9763 3
6338 9376 1
6338 8838 1
6372 8995 1
6372 9502 1
6385 9629 1
6385 8969 1
6385 9710 1
6389 9203 1
6389 9985 1
6389 9459 2
6389 9649 1
6389 8542 4
6389 9541 3
6389 8657 3
6389 9183 1
6389 9605 1
6389 9804 2
6389 9913 1
6412 8852 2
6412 9517 7
6412 9619 1
6412 9822 10
6412 9212 1
6413 8671 1
6413 9780 1
6413 9096 3
6415 9727 5
6415 9591 1
6415 9142 4
6422 9483 1
6422 9639 1
6451 9314 1
6472 8963 3
6472 9780 2
6500 9188 1
6502 9191 1
6502 8748 1
6502 8870 1
6502 9653 1
6502 9917 1
6510 9794 1
6510 8595 2
6510 9103 1
6514 9299 1
6514 8633 2
6514 9377 1
6531 9798 2
6531 9167 2
6531 9463 2
6531 9913 1
6537 8793 2
6537 9768 1
6537 9992 5
6542 9282 1
6542 9387 1
6543 9294 1
6543 9789 1
6543 9800 3
6547 8534 2
6547 8888 1
6547 9381 5
6547 8558 5
6554 8747 2
6554 8946 3
6595 9919 4
6618 9565 1
6618 9214 1
6618 9889 2
6618 8585 1
6618 8584 1
6618 8820 1
6618 8997 5
6621 9344 1
6621 9701 5
6637 9348 1
6637 8591 1
6637 8587 7
6637 9474 2
6637 8961 1
6637 9718 1
6656 9710 1
6656 9417 1
6682 8786 42
6682 9460 29
6682 9239 1
6682 9821 1
6682 9988 1
6694 9638 1
6695 9764 1
6699 8825 1
6699 9801 1
6699 9241 1
6704 9420 7
6704 9163 1
6704 9582 1
6710 9818 1
6729 9428 1
6729 8867 1
6729 9706 2
6735 9941 1
6735 8990 2
6735 9749 1
6756 9209 38
6756 9129 1
6756 9594 1
6756 9642 1
6756 8659 2
6756 8831 1
6764 9596 1
6764 8845 1
6764 9964 1
6773 9049 1
6773 9473 1
6773 9511 1
6773 9615 1
6773 9436 1
6775 9738 2
6775 8791 1
6798 8725 1
6798 8631 1
6798 9341 1
6804 9552 1
6804 9126 1
6804 9238 7
6814 9967 1
6814 9102 3
6814 9131 1
6814 9166 8
6814 9883 1
6823 9483 189
6823 9118 1
6823 9394 1
6823 9363 3
6823 9520 3
6823 9849 1
6823 9420 1
6823 9660 1
6823 9583 1
6824 9679 1
6824 8601 1
6837 8928 1
6837 8693 1
6837 9106 1
6891 9254 2
6891 9222 8
6891 9973 1
6891 9107 1
6891 9475 6
6903 9746 20
6903 9091 2
6911 9808 2
6911 8943 1
6911 9411 2
6911 9186 3
6911 9484 4
6911 9858 1
6920 8591 1
6920 8679 1
6920 9055 2
6920 8899 1
6920 9058 1
6920 9536 1
6929 8689 1
6929 9309 4
6929 9591 2
6929 9458 1
6929 9381 3
6932 9632 1
6932 9404 12
6969 8602 9
6969 9282 5
6969 9562 2
6969 9417 4
6969 9875 1
6969 8681 1
6969 9164 1
6971 9446 1
6971 9948 31
6971 8940 1
6971 9114 4
6979 9379 8
6991 8683 1
6991 8702 3
6991 9154 1
6991 8579 6
6991 9503 1
6998 9462 1
6998 8754 1
6998 9025 5
7012 9522 2
7012 9436 2
7012 9559 1
7014 8813 4
7014 8549 4
7014 8738 1
7014 9919 1
7025 9837 1
7025 9715 1
7025 9203 4
7025 9671 1
7025 9797 55
7025 9903 8
7050 9076 1
7050 9644 5
7052 9593 3
7054 9967 1
7054 9757 1
7054 8621 3
7054 9107 7
7077 9378 16
7077 9349 1
7078 8898 1
7078 8602 2
7078 9490 1
7080 9862 2
7080 9756 1
7080 9368 8
7080 8989 1
7080 9086 2
7090 9874 1
7090 8781 1
7090 9308 4
7090 9601 1
7090 9755 200
7090 9352 2
7102 9512 2
7102 9476 1
7102 9728 1
7102 9322 2
7102 8612 2
7102 8646 1
7102 9778 1
7102 8658 1
7102 9094 1
7103 9676 1
7103 8709 39
7103 9960 1
7109 9917 9
7109 8809 10
7109 8872 1
7119 9558 3
7119 8828 1
7125 8658 1
7133 9989 1
7133 8692 4
7133 9491 1
7133 9867 4
7133 8615 1
7152 9473 3
7152 8703 1
7152 9655 1
7158 9119 1
7158 8818 1
7158 9441 1
7165 9445 2
7165 9275 1
7165 8968 4
7165 9634 21
7172 9126 5
7172 9228 2
7174 9873 1
7174 9239 1
7174 9244 4
7178 9143 2
7178 9951 2
7182 9330 6
7182 8644 2
7187 9354 1
7187 9700 1
7190 8640 1
7190 8792 1
7190 9269 3
7203 9967 1
7203 9858 2
7203 9293 1
7203 8969 1
7207 9335 1
7207 9861 1
7207 8771 1
7207 9487 2
7207 9692 1
7219 9203 1
7222 8817 7
7222 9741 46
7222 8978 1
7238 8612 5
7238 9584 1
7238 9742 6
7238 9709 1
7238 8864 3
7250 9798 2
7250 9484 4
7250 8700 1
7250 9042 1
7250 9319 2
7267 9440 1
7267 8859 1
7267 9198 1
7272 9111 8
7272 9262 1
7272 8691 14
7286 9321 3
7286 9895 1
7286 8610 2
7286 9069 1
7314 9175 41
7314 8583 1
7320 9064 1
7320 9973 12
7320 9614 1
7320 9116 1
7320 9744 2
7320 9529 1
7340 9849 2
7340 9054 1
7340 9074 1
7340 8846 1
7340 9158 11
7363 8982 1
7363 9944 1
7377 9406 2
7377 9560 1
7377 8533 1
7377 9121 1
7377 9127 14
7381 9259 2
7381 8797 2
7381 8930 1
7381 9920 1
7381 8583 1
7393 8720 1
7393 9676 1
7393 9272 1
7402 9823 2
7407 8769 1
7407 9058 18
7407 8682 1
7407 9043 1
7407 9363 4
7407 9498 1
7418 9710 1
7454 9462 6
7454 9748 1
7454 9382 1
7454 8668 2
7454 9558 1
7466 8978 1
7470 9515 1
7470 9714 1
7499 9900 1
7499 9379 5
7499 9026 1
7499 9927 2
7499 8932 2
7499 9029 1
7508 9453 3
7508 9338 1
7508 9781 1
7516 9173 7
7516 9622 2
7516 8717 1
7527 8640 1
7527 9432 2
7527 8930 1
7527 9110 1
7527 9551 1
7527 9641 1
7527 9931 1
7557 8903 2
7557 9214 1
7557 8956 1
7557 9954 2
7563 8595 1
7563 9085 5
7563 9613 2
7563 8813 2
7563 9475 1
7563 9917 1
7576 9991 2
7592 8931 1
7592 8773 1
7592 8657 1
7592 8801 1
7592 9106 1
7592 9611 1
7592 9954 2
7596 9468 3
7596 9374 1
7596 9672 1
7596 9301 1
7608 9822 2
7608 9704 9
7641 9351 1
7641 8793 2
7641 9176 1
7641 9502 2
7641 8536 1
7641 9345 1
7641 9026 3
7641 8718 2
7660 9172 1
7660 8659 71
7660 9335 1
7660 9454 1
7660 9476 17
7660 9420 2
7675 9521 1
7680 9756 2
7680 8556 97
7680 9611 1
7680 8748 2
7680 9581 4
7680 8683 2
7680 8946 2
7680 9533 1
7680 8970 1
7680 8613 1
7680 9753 177
7693 8778 1
7725 9800 1
7725 9238 200
7725 9744 1
7727 9264 4
7727 8874 1
7754 8684 1
7754 9213 1
7759 9239 1
7759 8770 3
7759 9538 1
7759 9126 4
7781 9948 1
7781 9089 1
7781 9905 1
7781 9853 2
7783 9774 1
7783 9424 1
7783 8867 1
7783 8624 1
7783 9282 2
7793 9916 1
7793 9159 1
7795 9727 1
7795 9442 5
7795 9004 2
7795 8534 1
7795 9030 5
7795 8689 1
7795 9196 1
7810 9307 1
7810 9905 1
7817 8641 1
7817 9515 1
7841 9434 1
7841 9181 5
7852 8931 1
7852 9271 8
7852 8709 2
7852 8888 1
7852 8837 1
7852 9576 1
7862 8576 1
7862 8538 1
7862 8764 1
7888 9348 1
7888 9064 1
7906 8720 5
7906 9939 1
7906 8633 1
7906 8804 4
7906 8599 1
7943 9712 5
7943 9911 2
7943 8853 1
7943 9480 2
7943 9977 18
7943 8886 1
7943 9333 3
7943 9036 17
7943 9182 7
7943 8538 1
7943 9560 1
7966 9480 1
7966 8728 1
7966 8858 3
7966 9665 1
7966 9936 2
7966 8903 1
7966 9474 1
7978 9500 1
7978 9671 1
7978 9049 5
7978 9449 1
7978 9892 22
7978 9516 1
7994 8911 1
7994 9416 1
7994 9473 1
7994 8955 2
7994 9255 1
7994 8700 1
7994 8774 1
7998 8792 3
7998 9308 2
8006 9789 1
8006 8923 2
8006 9517 1
8010 8804 1
8010 9881 1
8020 9647 2
8020 9405 2
8020 9977 25
8020 9570 1
8021 9665 1
8021 8745 1
8021 9781 1
8021 8556 1
8032 9572 1
8032 9223 1
8032 9257 2
8032 9767 2
8032 9929 2
8033 9594 1
8046 9519 2
8046 9228 1
8046 8817 14
8097 9472 1
8097 8625 42
8097 9273 54
8099 9854 10
8099 9520 5
8099 9442 8
8099 9806 2
8107 9709 1
8108 8541 1
8108 9715 1
8108 9435 1
8108 9249 4
8108 9651 1
8108 8891 1
8108 9258 1
8108 9821 1
8109 9985 1
8109 9062 34
8109 9742 1
8110 9607 1
8110 9426 3
8122 9839 1
8147 9482 1
8147 8746 1
8147 9033 1
8147 9548 1
8154 9096 1
8181 9208 24
8181 9643 1
8181 9960 1
8181 9435 1
8182 9078 2
8182 8940 1
8182 8614 1
8182 8778 2
8182 9111 1
8183 9285 1
8190 8885 1
8190 8613 7
8190 8745 1
8190 8595 1
8190 9957 1
8190 9240 1
8196 9794 1
8196 9566 1
8204 9427 5
8204 9014 1
8204 9064 1
8210 9257 2
8210 8815 1
8210 9952 1
8210 9275 1
8218 8574 1
8218 9573 2
8218 9001 1
8218 9884 4
8218 8540 1
8218 8734 1
8218 9518 1
8222 9526 1
8261 9955 1
8261 8779 9
8266 9661 1
8274 9978 2
8274 8847 1
8274 9803 5
8274 9789 1
8279 9169 1
8279 8614 3
8279 9804 25
8279 9235 2
8279 9306 1
8279 8837 1
8279 9037 44
8279 9831 1
8291 8681 1
8296 9999 1
8296 8981 1
8296 9377 1
8296 8677 1
8296 9340 1
8296 9882 1
8302 9797 3
8330 9677 1
8330 9698 1
8330 9905 6
8338 9726 1
8343 9082 1
8343 9493 2
8343 9917 12
8343 9507 1
8343 9786 1
8343 8778 1
8348 9483 1
8348 9629 1
8350 8898 1
8350 9861 1
8350 9114 2
8350 9893 2
8350 8916 18
8366 8834 1
8366 9223 1
8366 9238 9
8366 9719 2
8366 8805 1
8366 8928 9
8366 9408 1
8387 9334 1
8387 9603 2
8387 8632 1
8387 9842 1
8387 9929 3
8387 9638 2
8401 8788 1
8401 9833 10
8419 8865 1
8419 9530 1
8431 8730 2
8431 8768 2
8431 8844 1
8432 8831 4
8432 9174 2
8432 8989 1
8432 9702 1
8475 9835 1
8475 9895 3
8475 9959 5
8475 9352 49
8475 8806 14
8475 9762 1
8475 9584 21
8475 8748 2
8475 9303 1
8475 8917 10
8475 9514 2
8487 9980 2
8487 9809 4
8487 9489 1
8487 8720 1
8492 9520 1
8492 8885 1
8492 8952 4
8494 8564 1
8494 9012 4
8494 8730 1
8494 9417 1
8494 9682 2
8494 9702 6
8494 8911 1
8494 9283 1
8495 9173 1
8495 9646 5
8495 9186 1
8495 9981 2
8495 8560 1
8495 9865 2
8495 8767 1
8495 8844 1
8498 9302 1
8498 9836 1
8509 9958 1
8509 8633 30
8509 9635 16
8509 9748 1
8527 8978 1
8530 8936 5
8530 9182 1
8530 9755 200
8530 9273 1
8534 8882 1
8535 9735 1
8535 8646 1
8535 8791 2
8535 8809 3
8535 9750 2
8535 8614 1
8536 8907 1
8537 8861 1
8540 8811 1
8540 9139 2
8541 8639 1
8541 9009 1
8543 9524 1
8544 8652 1
8544 8908 3
8544 8944 1
8545 8641 1
8547 8989 1
8547 8786 1
8548 9471 3
8548 9243 6
8548 9889 3
8548 8632 2
8548 9419 3
8548 9402 1
8548 9521 1
8549 8951 5
8550 8656 6
8551 9329 1
8551 9934 1
8551 9032 1
8551 9669 1
8551 9406 2
8552 8915 3
8552 9570 6
8552 8796 7
8552 8651 2
8552 9809 1
8553 9099 1
8553 9089 8
8553 9777 1
8554 9138 6
8554 9342 2
8554 9588 2
8555 8575 1
8557 8665 1
8557 9287 1
8558 8879 5
8559 9139 1
8559 9075 1
8560 8629 1
8561 9817 1
8561 8573 1
8561 9675 1
8561 9530 13
8561 9716 15
8561 8768 2
8561 9508 1
8562 9893 1
8562 9543 2
8562 9776 3
8563 8883 139
8563 9642 2
8563 9493 1
8565 8783 1
8567 8944 1
8567 8939 19
8568 8690 4
8568 9520 3
8570 8676 3
8571 8692 1
8571 9198 10
8571 9786 7
8571 8663 1
8571 9574 1
8571 9649 1
8572 9475 1
8572 9276 2
8573 9725 1
8575 9449 1
8575 9567 1
8575 9910 1
8575 8691 3
8577 8856 3
8578 9022 1
8578 9924 1
8580 8861 1
8581 8695 1
8582 9919 19
8582 8713 1
8582 8791 1
8582 9661 2
8582 8972 1
8584 8881 1
8586 9976 2
8586 9709 14
8588 9812 1
8588 8947 2
8589 9744 3
8589 9089 1
8589 9808 3
8589 9979 1
8590 8608 1
8591 8744 1
8593 9807 2
8593 9895 2
8593 9130 3
8593 9275 1
8593 9252 1
8593 9448 1
8594 9278 1
8594 9012 1
8596 9165 1
8597 8819 3
8597 8951 3
8597 9132 1
8598 9674 3
8598 8755 2
8598 9007 1
8600 8707 5
8602 9886 55
8603 9391 6
8603 9561 5
8603 8844 1
8603 9197 3
8603 9940 1
8603 8880 12
8603 9136 11
8604 9817 7
8604 8886 17
8604 9323 1
8606 8750 1
8606 8789 1
8606 9767 1
8606 9846 6
8606 9863 12
8607 9018 2
8607 8645 1
8608 9597 1
8609 8642 1
8610 8909 2
8611 9640 1
8611 9065 1
8611 9439 1
8613 8660 6
8615 8882 1
8616 9802 1
8616 9256 1
8618 9317 200
8618 8957 2
8618 9269 1
8618 9963 4
8619 9052 1
8619 8687 1
8619 9961 2
8620 9080 5
8621 9811 1
8622 8948 1
8622 8821 1
8624 8900 2
8626 8945 2
8627 9853 5
8627 9882 18
8628 9358 3
8628 9411 2
8628 9118 5
8628 9279 2
8628 9512 1
8629 8786 3
8629 8839 10
8629 9162 2
8631 9759 1
8634 8739 1
8634 8925 1
8635 8854 1
8637 8687 14
8638 8919 1
8639 9893 1
8639 9015 1
8639 8738 1
8639 9203 1
8639 9479 107
8639 8857 9
8639 8858 1
8639 9210 1
8639 9939 2
8639 9991 9
8640 9156 1
8641 9147 3
8642 9076 4
8642 9817 1
8642 9306 1
8642 9452 1
8642 9784 1
8642 8965 2
8643 9122 1
8643 9138 1
8644 8934 1
8645 8976 1
8645 8775 1
8645 8768 4
8645 9550 1
8645 9100 1
8646 8908 1
8647 8908 1
8647 9289 1
8648 8727 3
8649 9080 1
8650 9627 1
8651 8653 1
8652 8920 5
8652 9153 4
8653 8996 1
8653 9741 1
8654 8810 2
8655 8909 1
8655 9725 1
8655 8800 1
8656 9947 2
8657 9073 1
8658 8945 21
8660 9847 1
8661 9930 11
8661 9531 4
8661 9541 1
8662 9400 1
8662 8747 2
8662 9102 1
8664 9885 1
8664 9911 1
8664 8795 56
8664 9271 1
8664 9591 1
8665 9390 1
8666 9075 1
8667 9326 10
8667 9401 3
8667 8710 1
8668 8688 9
8668 9080 1
8669 9244 1
8669 9807 1
8670 8736 1
8671 8950 5
8673 8816 3
8673 9051 3
8673 8909 1
8674 9153 1
8674 9315 2
8674 9614 1
8674 9798 1
8674 9996 2
8676 9957 1
8676 9989 2
8677 8760 2
8677 8724 1
8678 9634 2
8678 9861 4
8682 9347 37
8683 9965 2
8683 8736 5
8684 8790 1
8685 8901 119
8685 8811 1
8686 9307 1
8686 9175 7
8686 9242 1
8686 9370 3
8687 9425 1
8688 9889 12
8688 9841 2
8688 8851 4
8688 9400 1
8688 9319 1
8688 9286 1
8688 9453 3
8688 8875 1
8688 9318 2
8688 9955 17
8690 9703 1
8693 9439 2
8694 8979 1
8695 9103 2
8695 9606 1
8695 9957 5
8696 9059 1
8697 8881 1
8698 9546 1
8698 8780 3
8699 8924 1
8704 9488 1
8706 9703 2
8707 8802 19
8707 9731 1
8707 9875 6
8711 9367 5
8711 9110 1
8711 9093 3
8711 8911 1
8711 9478 1
8714 8827 1
8715 9445 4
8715 9155 37
8716 9337 1
8716 9424 1
8716 9536 13
8716 9787 5
8717 8833 1
8717 8733 2
8719 8801 2
8719 8997 1
8719 9780 12
8719 9432 1
8719 9661 1
8720 9080 2
8722 9614 1
8723 8770 1
8723 8764 1
8723 9210 1
8723 9438 1
8723 9687 1
8723 8914 1
8723 9551 8
8724 9612 1
8724 9118 1
8724 8823 67
8726 8950 2
8728 9652 1
8728 8799 16
8729 9381 1
8729 9746 1
8731 8951 1
8733 9486 1
8733 9623 2
8733 9681 1
8734 9640 1
8734 8866 1
8736 9485 1
8736 9727 1
8737 9731 190
8737 8998 3
8738 8918 1
8740 9024 1
8740 9314 3
8741 9949 3
8741 9092 1
8742 9518 1
8742 9402 5
8742 9976 3
8743 9951 2
8744 8771 9
8744 9836 1
8744 9260 2
8744 9474 1
8744 8774 6
8744 9567 1
8749 9047 17
8749 9860 1
8751 9091 1
8751 9829 16
8751 8845 1
8751 9304 2
8751 8961 3
8751 9158 1
8751 9240 1
8751 9278 4
8751 8853 1
8752 9551 1
8752 9583 1
8755 9413 2
8755 9401 1
8755 9611 1
8755 9943 1
8755 9772 1
8756 9628 1
8756 9102 116
8756 9970 1
8756 9312 1
8756 9397 1
8756 9944 1
8756 8965 6
8756 9858 15
8756 9666 2
8756 9960 4
8759 9009 2
8760 9728 26
8762 8866 1
8763 9027 1
8763 9862 1
8763 8792 1
8763 9136 1
8763 9294 1
8764 8904 2
8766 9864 1
8771 8869 1
8772 9954 1
8774 9105 4
8775 8803 1
8776 8985 6
8776 9285 2
8776 9622 2
8776 9751 16
8781 8863 1
8782 8901 10
8782 9105 15
8784 9812 1
8786 9296 1
8787 9034 21
8788 8895 2
8789 8908 58
8789 9949 3
8790 9940 2
8790 9097 1
8790 8840 1
8790 9672 2
8790 9682 1
8793 9134 1
8794 9471 1
8794 9623 1
8794 9846 2
8794 9155 2
8795 9007 1
8795 8929 125
8797 8950 1
8798 9289 1
8799 9218 1
8799 9197 1
8799 8915 3
8799 9405 1
8799 9670 2
8799 9755 1
8800 8962 1
8800 8825 2
8800 9532 2
8800 9660 1
8804 9617 1
8807 9212 3
8807 9448 1
8807 9019 1
8807 9764 1
8807 9916 1
8810 8838 4
8810 9196 1
8810 9412 3
8810 9950 1
8812 9020 1
8814 8892 92
8816 9104 1
8816 9153 1
8816 9831 11
8817 9949 1
8819 9678 1
8819 9498 1
8819 8961 1
8819 9508 3
8819 8915 1
8822 9811 1
8823 9568 1
8826 9996 2
8826 9021 1
8826 9186 1
8826 9657 2
8826 8984 1
8826 9187 1
8827 9240 2
8827 9957 2
8827 9992 1
8827 9669 2
8829 9617 3
8830 9873 1
8830 9115 1
8832 9878 1
8832 9147 1
8833 9158 1
8833 9576 2
8833 9969 2
8836 8961 4
8836 9453 3
8836 9582 1
8836 9225 1
8838 8842 16
8841 9675 1
8841 9820 2
8842 9961 1
8842 9233 2
8842 9160 1
8842 9271 2
8842 8848 1
8842 9354 2
8844 9132 5
8845 9051 5
8848 8941 13
8849 9590 1
8849 8969 5
8853 8892 3
8854 9194 1
8854 9947 3
8854 9003 1
8854 9039 1
8855 9622 1
8855 9760 1
8855 9435 1
8855 9650 1
8856 9541 1
8856 9573 2
8860 9206 36
8861 9647 200
8861 9107 1
8861 9884 1
8863 9673 2
8864 9132 3
8865 9105 1
8866 9892 1
8866 8935 1
8867 9035 1
8869 9518 1
8869 9045 2
8869 9164 1
8869 8980 1
8871 9674 1
8871 8979 1
8875 8950 1
8878 9289 200
8879 9815 2
8879 9487 2
8881 9649 1
8882 9836 1
8882 9797 1
8882 9735 2
8882 9923 2
8883 8954 1
8884 9443 1
8889 9110 3
8892 9102 3
8892 9187 1
8892 9775 3
8892 8976 1
8893 8946 1
8893 9017 5
8893 9172 2
8894 9439 1
8895 8914 1
8901 9583 1
8901 9078 3
8901 9500 1
8901 8953 1
8902 9529 3
8902 9571 2
8902 9722 3
8904 8916 4
8904 9337 5
8905 9047 1
8905 9038 7
8905 9341 1
8907 9088 2
8907 9391 1
8907 9925 3
8908 9512 17
8908 9143 1
8908 9801 1
8910 9965 2
8910 9610 2
8913 9927 1
8913 9597 2
8918 9181 1
8918 9259 1
8918 9689 2
8918 9950 2
8919 9531 2
8919 9567 1
8919 9713 1
8919 8931 10
8920 9034 1
8921 9191 1
8922 9435 6
8924 9555 1
8924 8995 1
8924 9882 2
8924 8998 2
8925 9814 2
8926 9289 1
8929 9660 1
8933 9237 1
8934 9346 1
8935 9640 1
8936 8973 1
8937 9257 1
8937 9375 2
8937 9005 1
8937 9651 1
8938 9209 1
8939 9041 1
8941 9526 1
8941 9426 2
8941 9484 2
8941 9353 200
8944 9864 3
8944 9731 1
8944 9615 1
8944 9076 2
8945 9301 2
8945 9338 2
8945 9060 1
8945 9063 1
8945 9178 1
8945 9251 1
8945 9482 3
8947 9308 1
8947 9908 4
8947 9085 3
8947 9151 4
8947 9380 2
8948 9963 2
8948 9019 3
8948 9145 2
8950 9255 1
8951 9351 5
8954 9808 1
8955 9075 24
8955 9759 1
8958 9350 1
8958 9809 3
8958 9813 7
8958 9840 1
8959 9212 1
8959 9074 5
8959 9864 1
8960 9813 2
8960 9157 2
8960 9576 1
8960 9208 1
8966 9245 1
8968 9016 7
8973 9673 1
8973 9223 3
8973 9925 7
8973 9954 2
8973 9191 1
8975 9586 1
8975 9533 78
8975 9976 2
8976 9201 1
8976 9705 2
8977 9866 1
8977 9071 1
8979 9774 1
8979 9667 2
8980 9061 1
8984 9703 1
8987 9041 2
8988 9650 1
8988 9183 1
8988 9448 1
8988 9994 4
8991 9918 1
8993 9439 1
8994 9153 4
8998 9528 1
8999 9105 1
8999 9077 1
9000 9267 4
9001 9443 3
9003 9059 4
9006 9011 1
9006 9113 1
9007 9048 1
9008 9638 4
9009 9174 1
9009 9262 1
9009 9676 12
9010 9674 1
9012 9528 3
9013 9278 3
9014 9248 1
9016 9976 60
9016 9559 2
9016 9749 1
9016 9485 1
9018 9381 18
9018 9847 2
9018 9600 1
9018 9344 9
9020 9677 1
9020 9963 1
9020 9249 2
9022 9386 1
9022 9985 1
9029 9211 2
9030 9201 1
9031 9640 1
9034 9055 1
9034 9170 1
9035 9441 2
9035 9829 1
9035 9348 1
9035 9505 1
9035 9853 1
9040 9088 1
9040 9706 5
9043 9287 1
9044 9421 1
9044 9882 2
9046 9632 1
9046 9817 2
9046 9478 1
9046 9578 1
9050 9750 1
9051 9860 1
9051 9732 3
9051 9326 4
9051 9800 101
9053 9703 6
9056 9591 2
9056 9260 2
9057 9674 1
9059 9256 1
9059 9278 2
9059 9653 1
9059 9381 2
9059 9615 1
9061 9093 1
9065 9417 2
9065 9297 1
9065 9424 1
9068 9662 4
9069 9201 1
9070 9167 1
9070 9772 1
9070 9845 2
9074 9077 1
9075 9402 2
9075 9142 1
9075 9682 1
9075 9841 1
9077 9834 1
9077 9450 1
9077 9653 1
9077 9867 2
9077 9529 1
9077 9596 2
9077 9818 1
9080 9967 3
9090 9248 9
9092 9754 1
9118 9965 4
9122 9443 4
9124 9949 2
9130 9725 2
9132 9629 1
9133 9507 1
9134 9166 1
9134 9233 1
9134 9793 1
9139 9271 6
9139 9263 1
9139 9667 2
9147 9474 1
9150 9410 3
9165 9777 3
9175 9627 1
9185 9886 2
9186 9725 2
9201 9797 16
9201 9251 1
9202 9211 7
9202 9443 2
9203 9270 1
9206 9618 3
9206 9927 1
9216 9245 16
9218 9568 1
9218 9886 3
9220 9617 3
9220 9926 1
9222 9965 1
9225 9924 1
9226 9287 5
9228 9267 16
9233 9287 1
9234 9640 1
9245 9635 41
9245 9706 3
9248 9706 9
9248 9357 1
9248 9343 1
9248 9889 2
9248 9854 1
9248 9933 1
9259 9652 2
9262 9610 1
9264 9617 1
9265 9984 2
9267 9817 1
9287 9876 5
9289 9939 1
9289 9475 1
9296 9853 1
9297 9759 1
9298 9639 1
9298 9456 7
9298 9907 1
9324 9844 1
9334 9852 1
9343 9640 1
9347 9966 2
9347 9612 14
9361 9399 1
9369 9422 2
9369 9450 2
9395 9703 1
9412 9852 2
9415 9993 1
9425 9669 1
9442 9926 1
9442 9812 1
9443 9719 2
9478 9965 1
9481 9926 3
9486 9674 1
9488 9511 1
9491 9640 1
9524 9925 3
9544 9800 4
9544 9632 200
9568 9801 1
9599 9909 1
9600 9640 1
9610 9842 1
9610 9666 1
9610 9687 3
9640 9757 33
9652 9807 1
9652 9745 2
9665 9725 1
9681 9705 1
9694 9886 3
9699 9997 3
9703 9709 3
9716 9795 1
9725 9874 1
9725 9881 1
9756 9759 1
9759 9862 1
9794 9852 2
9811 9933 1
9852 9952 16
9878 9920 3
9886 9912 1
9926 9937 1
9930 9965 1
