29 9875 1
29 8993 3
49 9283 4
49 8818 4
49 9858 2
51 8910 11
51 9029 1
51 9201 3
51 9433 6
51 9829 10
75 8678 1
75 9782 1
75 8756 1
75 9058 2
75 8950 7
75 9003 1
75 9801 2
75 9229 36
75 9616 3
77 9918 1
77 9817 7
87 9388 2
89 9505 1
89 9988 5
99 8810 1
99 9854 1
99 9442 1
102 9207 1
102 9419 1
102 9954 1
121 9043 1
121 9748 1
131 9185 5
131 8599 1
131 9519 1
141 8984 1
141 9523 1
141 8987 15
141 9111 1
172 9850 1
172 9433 1
172 9611 1
172 8998 1
172 9350 1
172 9851 5
172 9956 1
194 9746 1
194 8597 1
194 9161 2
194 9306 1
194 9542 1
194 9792 1
194 8627 3
232 8975 1
232 9364 1
233 9983 1
233 8849 2
233 9113 15
233 9240 1
233 9944 2
248 9859 3
270 8745 1
274 9750 1
274 8993 1
282 8944 4
303 8904 1
303 9598 3
303 9732 1
303 8550 1
330 9683 1
331 8861 1
339 9101 1
339 8772 4
339 8708 1
339 8953 2
339 9567 1
339 8954 1
343 8658 4
345 8562 1
345 9164 2
345 9883 1
345 9951 1
346 9640 1
346 9469 1
346 8671 1
354 9087 1
356 9489 1
356 9559 1
367 9107 1
367 9247 1
367 8719 1
373 9012 3
373 8750 1
373 8893 2
373 9107 1
373 8697 2
379 9896 1
379 8552 1
381 8555 1
381 8959 2
381 9474 1
381 9643 4
381 9699 1
385 8708 1
385 9878 2
385 8582 1
385 8954 6
385 9362 1
389 9529 5
389 8565 1
389 9182 1
389 9184 23
389 9273 1
391 9198 1
400 9676 1
400 8931 3
400 8872 1
402 9958 5
402 8561 1
402 9441 18
422 8848 3
422 8653 1
422 8643 3
422 9594 1
422 8736 1
422 9280 1
422 9655 1
425 9309 150
425 9420 3
425 9516 1
425 9635 1
432 9636 2
432 9043 2
432 8779 4
432 9315 1
436 9066 1
436 9926 1
436 8671 1
436 9639 1
443 9145 1
443 9701 1
456 9791 1
456 9097 1
456 9204 2
458 9479 1
458 8759 1
458 9949 2
462 9698 2
462 9994 1
462 9292 1
462 9777 11
470 9386 1
470 8794 2
470 9081 1
470 9838 1
478 8586 2
478 8901 1
478 9595 1
478 9708 1
478 9892 16
485 9851 1
485 8588 1
497 9092 1
497 9982 3
497 9748 3
497 8802 1
497 9408 1
509 9962 1
509 9062 8
509 9699 1
509 8554 9
509 9250 1
509 9562 4
509 9702 1
509 9597 1
511 8769 1
511 9827 1
511 8745 1
511 9439 1
511 9246 6
515 8807 1
515 8585 8
515 8704 1
515 8795 1
515 9326 1
515 8882 6
515 9605 2
534 9052 1
534 9265 1
534 9594 2
534 9996 1
541 8776 1
541 9478 2
541 9160 1
553 9750 2
553 8768 4
554 9230 1
554 9582 5
576 8567 1
576 9853 2
592 8953 4
592 8586 1
592 8871 1
592 8550 1
592 8818 2
592 9198 1
597 9437 3
597 8733 1
597 9769 1
599 8895 3
599 8588 3
599 8634 3
599 9943 1
599 9998 1
615 9391 1
622 9718 7
627 8598 3
627 8874 10
627 9402 2
627 8655 1
627 8836 1
627 9524 1
632 9653 1
632 8659 1
632 9388 1
632 9838 1
632 9867 6
632 8633 5
643 9562 3
643 8612 3
643 9997 2
643 8697 3
643 9088 4
643 9697 2
643 9539 42
647 8785 1
647 9157 1
647 9497 2
647 9987 1
647 8719 1
647 9960 1
651 8884 2
651 9546 1
651 8960 1
651 8870 1
671 8826 1
671 9635 2
680 8697 1
680 8895 1
681 8819 1
681 9428 1
681 9812 2
681 8598 3
681 9717 3
681 9202 3
681 9904 1
690 9237 3
692 9206 1
692 9219 3
709 9982 46
709 9814 1
709 9823 5
729 9650 4
731 9138 1
731 9920 1
731 9315 2
731 8984 1
731 9517 2
759 8612 8
759 9409 1
765 8613 29
765 9732 1
765 9052 1
765 9093 1
765 8811 1
778 9010 1
780 9470 2
780 9960 1
780 8614 1
780 8619 19
780 8761 2
780 9128 1
817 8958 1
817 9168 1
817 9102 2
817 9218 5
817 9920 1
831 9957 1
831 8778 1
831 9740 1
847 9813 1
847 9188 3
847 8626 1
847 8709 1
848 8555 1
848 8562 1
848 9536 1
848 9990 2
848 9081 4
848 9343 1
855 9808 1
855 8759 1
855 8563 4
855 9114 1
855 9419 1
855 9283 2
855 9713 2
894 8558 2
894 8956 2
904 8667 2
904 9321 7
904 9347 1
904 9545 1
904 9617 1
912 8586 1
912 9086 12
912 9764 1
914 8721 1
914 8908 3
914 9827 1
914 9439 1
914 9114 2
914 9677 1
920 9652 1
920 8575 1
927 9569 1
927 8756 1
927 9008 1
930 8959 1
930 9357 1
930 9964 7
934 9941 1
934 8591 1
934 9443 1
936 9884 1
936 9826 1
945 8623 4
945 9615 1
945 8548 2
945 9599 1
945 8874 1
949 9063 1
949 9229 1
964 8808 1
964 8634 4
968 8716 5
968 9768 1
969 8932 1
969 9228 3
969 9381 2
969 9349 1
969 8849 26
969 8927 1
969 9394 1
969 9020 3
969 9896 9
969 9987 2
984 8920 1
984 9029 21
984 9946 1
989 8548 1
989 9104 1
989 9358 1
1011 9579 2
1011 9747 1
1011 9323 2
1011 9696 6
1011 9882 1
1011 8814 113
1011 9171 1
1011 8852 1
1011 9283 5
1011 9371 9
1012 9312 3
1012 9102 1
1012 9541 1
1012 9674 1
1012 9542 19
1012 9776 3
1017 9727 1
1017 9224 2
1017 9674 1
1042 9180 1
1042 9708 1
1042 9856 17
1042 9461 1
1042 9918 20
1042 9423 5
1047 9364 6
1047 9499 1
1047 8965 1
1047 9956 2
1080 8908 2
1080 8895 1
1080 9555 1
1080 9019 1
1094 8609 1
1094 9360 1
1094 9194 1
1105 8553 7
1105 9500 3
1105 8752 6
1105 9600 14
1112 9991 1
1112 9403 1
1116 9362 1
1117 9185 4
1117 9325 1
1125 9513 2
1125 9243 1
1125 9471 1
1125 8892 1
1128 9352 12
1128 9873 1
1128 9036 42
1128 9725 1
1135 9076 1
1135 8767 1
1135 9615 1
1135 9877 1
1152 9797 2
1152 9222 3
1154 8634 1
1154 9061 1
1154 9052 1
1179 9015 1
1179 9454 1
1179 8794 1
1179 9995 1
1179 8686 1
1188 9903 1
1188 8842 2
1203 9069 1
1203 8624 1
1203 9695 2
1206 8801 3
1206 9608 2
1206 9727 2
1206 8972 1
1213 9464 15
1213 9722 136
1213 9135 1
1213 9721 17
1213 9838 1
1213 8793 1
1213 9104 1
1218 9739 1
1218 9072 1
1218 9188 1
1218 9353 2
1218 8801 4
1218 8823 2
1223 9470 3
1223 9140 3
1223 9053 1
1223 9207 1
1223 8885 1
1223 9112 1
1223 9324 2
1225 9597 2
1225 8600 10
1243 9507 1
1243 8895 1
1255 9086 1
1255 8840 1
1255 9662 24
1255 9961 1
1255 9922 2
1255 8799 1
1255 9575 1
1270 8940 3
1270 9087 1
1270 9853 1
1270 9539 1
1270 9186 1
1270 9198 1
1275 9634 1
1275 9129 1
1281 8754 1
1281 9203 2
1281 8741 1
1289 9908 1
1289 9423 1
1289 8682 1
1289 8551 2
1289 9599 1
1289 9131 1
1289 9366 1
1289 9917 1
1289 9722 13
1289 8658 1
1289 9451 1
1289 9507 1
1298 9012 4
1298 8644 1
1298 8805 1
1298 9190 1
1313 9968 16
1313 9388 1
1318 8950 1
1318 9021 2
1338 8864 1
1338 8940 1
1341 8758 2
1341 9635 1
1346 9820 1
1369 9647 4
1369 9611 1
1369 9781 1
1370 9501 1
1370 9462 1
1370 9312 1
1370 9123 1
1371 9230 1
1371 9326 2
1389 8675 2
1389 9411 1
1389 9964 19
1389 9034 5
1389 9943 2
1410 8673 24
1410 8873 3
1425 8934 2
1425 8692 2
1425 9751 1
1427 9503 1
1427 9427 1
1427 9927 4
1437 8822 5
1437 9738 94
1437 9398 1
1449 9249 1
1449 8642 1
1449 8659 1
1449 9782 1
1449 9876 1
1449 8991 1
1449 9539 1
1449 9932 8
1462 9115 2
1462 9481 1
1462 9774 8
1470 9613 1
1470 9411 1
1470 9229 4
1470 9286 9
1470 9937 7
1470 8612 1
1470 8804 4
1470 9044 1
1470 9749 1
1471 8811 1
1471 9913 1
1490 9294 13
1490 9459 1
1502 9068 2
1502 9848 11
1502 8826 1
1502 9700 1
1511 9102 1
1511 9910 1
1511 8942 2
1519 9991 2
1534 8818 1
1534 9507 1
1539 8644 3
1539 8865 1
1545 8672 2
1545 9400 1
1545 8667 2
1545 9296 1
1545 9663 1
1545 9777 2
1561 8882 1
1561 9192 6
1565 8761 2
1565 9392 1
1565 9759 1
1565 9324 2
1570 9080 1
1570 9933 1
1570 8738 1
1570 9789 1
1589 9774 4
1589 8953 1
1592 9013 1
1592 8737 1
1592 9921 2
1596 8888 1
1596 9146 7
1596 9306 9
1596 8554 1
1596 8868 1
1596 9938 2
1596 8666 1
1603 8961 1
1603 9010 1
1603 9687 73
1621 8794 1
1621 9926 1
1621 8638 1
1621 8917 1
1630 9748 1
1630 8775 2
1630 9148 1
1630 8790 2
1630 9640 13
1630 9893 1
1631 9271 2
1631 8923 3
1631 9525 2
1631 9157 5
1631 9697 1
1633 9090 1
1633 9961 1
1633 8956 1
1633 8553 3
1633 9222 2
1633 8642 1
1635 8882 1
1635 8826 15
1635 8672 26
1635 9804 1
1636 9851 9
1636 9010 1
1638 8655 1
1638 9840 4
1638 9519 3
1638 9287 4
1639 9614 4
1639 9263 1
1639 9121 1
1642 8970 1
1646 8894 4
1646 9644 1
1647 9308 1
1655 8969 1
1655 8757 2
1655 9219 1
1655 8925 1
1655 8991 3
1655 9369 2
1668 9143 2
1668 9202 2
1668 9540 2
1668 9959 3
1668 8580 7
1696 9208 1
1696 9165 1
1696 9529 5
1707 9053 7
1707 9049 1
1707 9322 1
1707 8717 1
1707 9971 1
1707 9141 4
1707 9645 1
1707 9676 1
1715 9423 6
1715 9495 1
1715 9829 1
1715 9546 2
1744 9343 2
1744 9188 6
1744 9898 1
1744 8689 1
1744 8705 1
1744 9049 3
1745 8792 3
1745 9730 1
1746 9986 3
1746 8664 1
1746 9417 5
1746 9884 1
1746 9448 1
1746 9292 2
1749 8690 1
1749 8907 2
1749 9358 1
1749 8731 3
1749 8836 1
1754 8600 5
1754 9618 2
1754 8575 2
1754 9238 1
1754 9857 2
1754 9297 2
1769 8681 1
1769 9720 1
1769 8937 2
1776 9287 2
1776 9260 1
1776 9766 1
1789 8764 2
1789 8828 1
1789 9674 1
1789 9696 9
1796 9454 1
1796 9901 4
1796 8828 6
1796 9681 3
1823 9236 2
1823 8754 5
1823 9348 1
1838 9499 1
1838 8921 8
1838 9001 2
1856 8653 2
1856 9096 1
1856 9116 1
1856 9455 1
1856 9694 1
1858 9155 1
1867 9617 1
1867 9832 1
1867 9875 1
1867 8942 1
1867 8758 1
1867 9730 3
1867 8910 1
1867 9684 1
1867 9789 1
1871 9524 1
1884 9107 1
1884 8625 11
1884 9475 1
1884 9690 2
1908 9296 5
1908 9781 2
1908 9461 2
1908 9536 1
1908 9547 1
1908 9555 1
1946 9462 5
1946 9486 1
1946 9888 2
1946 8860 1
1947 9192 2
1947 9596 1
1947 9802 1
1955 8712 1
1955 9516 1
1955 9208 1
1955 8738 2
1955 9099 1
1959 9765 1
1959 8694 1
1959 9974 2
1982 9708 2
1982 9923 1
1982 9260 7
1982 9548 1
1982 9818 2
1982 9814 4
1992 8582 1
1992 8832 93
1992 8890 1
1992 9827 2
1994 9263 1
1994 9855 4
1994 9365 2
1994 9669 3
1994 9992 2
2002 9230 1
2002 9204 1
2002 9359 1
2005 9254 3
2025 9598 3
2026 9871 83
2026 8626 1
2026 8629 1
2026 9256 1
2028 8723 1
2028 9191 8
2028 9503 1
2028 9575 1
2029 8851 1
2029 8820 2
2042 9184 2
2042 8601 3
2042 9238 1
2062 8827 1
2062 9981 1
2062 8599 7
2062 8873 2
2062 8805 2
2079 9321 1
2079 8876 1
2079 9567 1
2079 9643 1
2100 9624 4
2100 9513 4
2100 8912 5
2138 9015 1
2138 9922 1
2171 9536 1
2171 9602 2
2171 8834 1
2171 9282 1
2205 9777 3
2221 9376 1
2221 9996 1
2221 9703 1
2221 9330 18
2221 9912 2
2235 8828 1
2235 8937 1
2235 9291 19
2235 9059 3
2239 8722 2
2239 9703 1
2248 8853 1
2265 9020 1
2274 9332 1
2281 8961 1
2281 9530 1
2281 9966 6
2281 9596 1
2281 9820 2
2281 9373 1
2281 9427 12
2281 8936 1
2281 9239 1
2282 9988 1
2282 9185 2
2282 9497 1
2282 9258 8
2284 9332 26
2284 8741 2
2313 9987 1
2313 9527 1
2313 9991 1
2322 9563 1
2322 9233 1
2344 9172 7
2344 9909 27
2344 9268 2
2344 9859 2
2344 9163 1
2344 9986 2
2353 9151 1
2353 9796 3
2353 8718 1
2353 9102 6
2353 9580 3
2353 8978 37
2367 9610 5
2367 9267 1
2367 9653 1
2368 9600 1
2368 9277 1
2381 9961 10
2381 9463 1
2392 9138 1
2413 8589 3
2413 8661 7
2413 8956 1
2413 8994 1
2413 9459 1
2413 9947 1
2415 9301 1
2415 9743 2
2415 8795 3
2415 9704 1
2417 9196 1
2417 9175 1
2417 9421 6
2417 9945 1
2417 8678 2
2422 9869 2
2422 9113 1
2422 8715 1
2431 9111 2
2431 8864 1
2431 9454 2
2439 9734 1
2439 9812 1
2439 8651 2
2439 8690 1
2439 8764 2
2439 9364 2
2445 8731 20
2445 8713 1
2448 9110 1
2448 9475 1
2448 9516 1
2448 9076 1
2455 9541 1
2455 9962 1
2455 9771 1
2455 8716 2
2455 9186 1
2458 9916 139
2458 8707 1
2458 9313 1
2458 8583 4
2458 9042 5
2458 9191 1
2461 8784 1
2461 9341 3
2461 9470 2
2461 8885 32
2461 9067 2
2461 9662 1
2461 9508 1
2461 9692 1
2461 8607 2
2466 9249 1
2466 8931 1
2466 9803 2
2492 9388 1
2492 8679 1
2492 8868 1
2514 9447 1
2514 8907 1
2514 9407 7
2514 9727 2
2518 9598 2
2518 9974 1
2518 9383 1
2518 9954 2
2518 8731 1
2518 9812 1
2518 9951 1
2518 8650 2
2518 8722 1
2518 8810 13
2518 8822 1
2544 9591 1
2544 9409 6
2544 8597 2
2544 8893 1
2544 9471 1
2546 9525 1
2546 9877 2
2546 9657 1
2546 8946 1
2546 8959 3
2566 9444 1
2566 9543 1
2566 9224 30
2566 8588 1
2566 8706 2
2566 8553 2
2566 8827 1
2566 9193 1
2566 9279 1
2566 9691 1
2578 9999 1
2578 8549 1
2578 9970 1
2585 8949 1
2585 9323 1
2585 9321 1
2585 9376 1
2600 9418 1
2600 9539 1
2600 9230 28
2600 9543 1
2618 8737 1
2618 9747 1
2618 8917 1
2634 8676 1
2637 8614 1
2637 9349 1
2637 8995 3
2637 9656 1
2637 9888 1
2637 8565 1
2637 8757 3
2644 8742 1
2644 8884 1
2658 8959 17
2658 8865 2
2658 9079 200
2658 9375 1
2666 8794 1
2666 9292 1
2666 8913 3
2666 9406 1
2666 9632 1
2666 8721 1
2666 9353 1
2672 9552 1
2672 9651 1
2675 9149 3
2702 9101 1
2702 8619 1
2702 9181 2
2715 9400 1
2715 8651 1
2715 9082 3
2722 9743 3
2722 8704 1
2722 9406 1
2722 9370 2
2736 9732 4
2736 9627 1
2736 9815 4
2736 9011 11
2739 9807 1
2744 9734 1
2744 8765 3
2744 9375 1
2746 8950 11
2746 9945 1
2746 9347 1
2746 9802 3
2746 8729 2
2761 9730 1
2761 9596 1
2773 9514 1
2773 9726 1
2773 8784 1
2773 8944 1
2773 9146 5
2773 9012 1
2776 8614 2
2776 8659 1
2781 9759 1
2781 9233 1
2781 9227 1
2781 9267 1
2781 9009 1
2781 9424 2
2793 9287 1
2793 9776 1
2793 9332 1
2793 9362 1
2793 9653 1
2793 9214 4
2793 9483 2
2796 8804 4
2796 9769 1
2796 8995 1
2796 9444 1
2796 9246 2
2796 8577 6
2796 9802 9
2796 9927 1
2796 9227 1
2796 9540 2
2802 8752 1
2802 9882 1
2810 9325 18
2810 9841 1
2810 8687 4
2810 8848 1
2840 8799 1
2840 8548 2
2840 8815 1
2844 9813 2
2844 8552 1
2844 9952 2
2874 9460 6
2882 9384 1
2882 8972 2
2882 9790 1
2900 8655 1
2900 8780 1
2900 9237 1
2947 9465 1
2947 8779 2
2955 8705 3
2955 8627 1
2955 9966 1
2955 8668 1
2955 9111 2
2955 9036 4
2955 9545 1
2955 8908 1
2955 9138 2
2960 9523 16
2960 9161 1
2960 9514 1
2960 9636 1
2963 9815 2
2963 9488 1
2963 9109 1
2963 9194 4
2967 9968 1
2967 8889 1
2967 9201 2
2967 9374 1
2967 9411 1
2977 9357 1
2986 8914 1
2986 9179 1
3016 8761 2
3016 8871 1
3016 9179 1
3016 9325 5
3016 9850 23
3016 9901 1
3016 9150 1
3016 9355 1
3016 9833 1
3020 8676 1
3020 9225 2
3020 9567 2
3022 8738 1
3022 9635 1
3022 9764 132
3022 9368 1
3022 9508 2
3022 8949 1
3032 8934 20
3032 9545 8
3032 9077 4
3036 9772 4
3036 9917 3
3040 8852 1
3040 9348 1
3053 9296 1
3053 9017 1
3059 8784 1
3059 8568 1
3059 8769 1
3059 8706 5
3059 9343 1
3059 9930 1
3059 8939 4
3059 9181 4
3059 9731 1
3075 9061 1
3075 8715 1
3086 9738 1
3092 9869 3
3092 9568 1
3102 9210 1
3109 9436 9
3109 9029 3
3109 9097 2
3109 9008 2
3109 9993 1
3113 8847 1
3113 9274 1
3113 9909 4
3114 8994 2
3114 9245 1
3114 9557 16
3114 9994 1
3114 8570 1
3114 9750 1
3115 9868 1
3115 8588 1
3115 9505 1
3123 9904 19
3123 9193 1
3123 9206 7
3123 9437 1
3123 9640 1
3124 9062 4
3124 9565 2
3153 9932 2
3153 9633 1
3153 9902 1
3168 9721 1
3168 8709 1
3168 8718 1
3168 9341 1
3168 8970 1
3180 9751 3
3180 8675 2
3210 9541 4
3210 8820 2
3210 9667 3
3210 9916 1
3217 8934 1
3217 9796 1
3223 9447 1
3223 9110 1
3223 8709 14
3223 9000 1
3223 9776 1
3236 9052 1
3236 9918 7
3236 9882 1
3236 8619 1
3236 9387 1
3244 9389 24
3244 9292 1
3244 9875 1
3244 9465 3
3244 9056 2
3244 9747 2
3244 8633 7
3244 8857 2
3292 9441 2
3292 8796 39
3292 9994 1
3297 9703 1
3297 9447 1
3297 9727 2
3297 8827 1
3324 9730 1
3324 9236 1
3324 8950 1
3324 9278 1
3324 9625 1
3332 9894 1
3332 9175 8
3338 8848 1
3338 9548 1
3343 9077 1
3343 9003 3
3343 8799 2
3343 9190 1
3343 9427 1
3343 9870 1
3347 9520 3
3347 9385 73
3347 9656 1
3347 8931 1
3347 9599 3
3347 9910 1
3347 8619 1
3347 8646 1
3347 8636 5
3347 9303 3
3347 9316 1
3347 9751 1
3351 9737 1
3351 9386 1
3351 9326 2
3351 9765 20
3351 9570 1
3359 9782 1
3359 9817 5
3359 9175 2
3359 9350 1
3359 9378 1
3359 9109 1
3359 8918 1
3359 9013 1
3359 9092 1
3359 9976 1
3362 9658 1
3362 8580 1
3362 9240 1
3362 9529 3
3362 9878 27
3366 9378 1
3366 9379 1
3366 9463 2
3366 9077 1
3366 9097 2
3372 9635 1
3372 8928 5
3396 8888 56
3396 8621 1
3396 9064 2
3396 9632 1
3409 9239 5
3409 9249 1
3414 9247 2
3414 9966 1
3414 9534 1
3417 8904 17
3417 9234 1
3417 9766 1
3417 8745 1
3417 9133 1
3422 8937 1
3422 9698 6
3422 9435 2
3422 9591 1
3422 8884 1
3433 9271 1
3433 9347 1
3433 9278 1
3433 9781 4
3435 9518 2
3435 9623 2
3464 8959 1
3474 9533 1
3474 8617 1
3474 8549 1
3474 9385 1
3493 9082 1
3493 9307 2
3493 9737 1
3493 9803 2
3493 9914 1
3497 8912 4
3509 9726 12
3509 9770 2
3509 8678 1
3509 9823 1
3509 9163 2
3509 8927 1
3518 9649 6
3529 9541 2
3529 9067 1
3529 9762 1
3535 9169 7
3535 9470 1
3535 9155 1
3556 8751 1
3567 9394 5
3567 8682 2
3567 9550 4
3567 9793 1
3605 8617 2
3626 9519 1
3626 9089 2
3635 9529 7
3640 9268 3
3640 9969 1
3645 9674 1
3645 9562 1
3645 9659 1
3645 9986 1
3658 9350 3
3658 9643 2
3658 9829 1
3658 8854 1
3658 9387 2
3658 9140 1
3662 8871 3
3662 9338 2
3666 9164 2
3666 8868 14
3666 9475 1
3666 9646 1
3666 9992 2
3666 9063 1
3666 9684 3
3669 9294 1
3669 9303 1
3670 9226 2
3670 9406 3
3670 9468 1
3678 9749 3
3678 9280 1
3678 9870 1
3721 8659 1
3721 9090 7
3721 9989 1
3721 8758 3
3721 9817 1
3721 9096 1
3721 9898 1
3762 9543 4
3762 8620 7
3781 9665 1
3781 9178 1
3781 8778 4
3781 8872 1
3781 9146 2
3781 9701 1
3781 8699 1
3789 8597 5
3789 9975 2
3789 8775 1
3789 9909 1
3789 8729 2
3816 8839 1
3816 9110 1
3816 9873 1
3816 9917 1
3817 9365 1
3817 8675 1
3830 9284 6
3830 8699 1
3830 9079 3
3830 8903 1
3830 9250 1
3830 9832 1
3830 9486 1
3831 9294 1
3831 9933 3
3836 9350 1
3836 9406 1
3836 9082 25
3836 9534 2
3836 9565 1
3857 9369 1
3857 8805 2
3863 9178 1
3863 9624 1
3863 9591 1
3883 9369 50
3883 8964 3
3889 9394 1
3899 9037 1
3899 9713 1
3905 9352 1
3905 9179 1
3905 9491 2
3905 9966 188
3922 9485 3
3922 9218 2
3922 8737 2
3922 8923 31
3931 9198 1
3931 9706 1
3931 9011 1
3931 8681 1
3931 8907 7
3931 9537 2
3937 8881 1
3937 8624 39
3937 8710 2
3937 9053 9
3937 9265 1
3937 9268 6
3937 9501 1
3946 8892 2
3946 9732 2
3986 9171 1
3986 9271 1
3986 9853 1
3986 9988 1
4001 9419 16
4001 8914 1
4001 9107 3
4039 9529 1
4039 9126 1
4039 8561 7
4039 9528 3
4071 8802 1
4071 8944 3
4071 8675 3
4071 9193 1
4071 9486 3
4071 9943 1
4071 8708 3
4071 9523 7
4078 9150 1
4078 9521 2
4079 8560 4
4079 8719 11
4079 8577 1
4079 9145 3
4079 9374 1
4079 9508 1
4082 9234 1
4082 9488 2
4082 9177 1
4082 9367 3
4084 9491 1
4084 8892 6
4084 9175 4
4084 8847 1
4092 8994 1
4092 8874 1
4092 8939 8
4092 9135 7
4092 9510 2
4092 9949 1
4103 9365 2
4111 9151 1
4111 9128 7
4111 9117 1
4117 9687 1
4117 9550 3
4119 8925 1
4119 8720 2
4119 9294 1
4119 8643 1
4128 9032 2
4128 9933 3
4128 9891 1
4128 9308 2
4128 9349 1
4128 9435 2
4149 9387 1
4149 9720 2
4149 8618 2
4149 8813 7
4149 9792 1
4168 9737 4
4168 9506 1
4168 8969 2
4168 9700 1
4168 9720 1
4185 9876 1
4185 9490 5
4185 8934 1
4185 9033 19
4186 8794 1
4207 9768 2
4207 9999 1
4207 9375 2
4207 9193 1
4207 9500 2
4207 9495 1
4207 9532 1
4207 8908 189
4207 9208 1
4225 9669 1
4225 9725 29
4225 9292 3
4225 9378 1
4225 8746 1
4225 9361 3
4227 8851 1
4227 8690 1
4268 8939 1
4268 9165 2
4268 9499 9
4268 9003 1
4275 9691 1
4275 9695 1
4282 8827 2
4282 8678 1
4282 9377 1
4282 9623 1
4282 9441 1
4298 9307 4
4298 9109 1
4298 9367 1
4298 8853 2
4298 9605 4
4298 8962 1
4298 8558 1
4298 9317 1
4303 9807 2
4303 9461 2
4352 9580 1
4352 9180 8
4352 9474 2
4354 8883 2
4354 8978 1
4354 8894 1
4354 9042 1
4354 9458 1
4357 8744 1
4357 8751 3
4366 9952 14
4366 9313 1
4366 9530 1
4367 9077 1
4367 8965 2
4372 8847 4
4372 9913 1
4372 9299 1
4372 9399 6
4372 9543 1
4372 8717 1
4404 8620 1
4419 8636 1
4419 8970 2
4419 9094 1
4419 9448 1
4441 9203 1
4441 9542 1
4441 9693 1
4441 9984 1
4442 9323 1
4442 8912 1
4442 9776 1
4442 9827 2
4442 9848 1
4447 8857 1
4447 9227 1
4447 9464 2
4455 8888 1
4455 8844 200
4478 9087 1
4478 8730 1
4478 8906 1
4516 9735 3
4516 9915 7
4520 9534 1
4520 9954 1
4520 9088 1
4530 9796 1
4530 8941 6
4535 8906 2
4535 8822 2
4535 9693 1
4535 9516 2
4554 9186 1
4554 9045 1
4554 9352 1
4557 8804 1
4557 9155 1
4557 8724 1
4557 8921 1
4557 8992 1
4557 9680 38
4574 8921 4
4574 9698 2
4589 9986 3
4589 9090 2
4589 9392 1
4589 9465 1
4591 9236 3
4617 9530 1
4617 9481 1
4617 9236 1
4630 9435 2
4630 9321 5
4630 8779 2
4648 9616 4
4648 8686 1
4648 9879 1
4648 9970 1
4650 9843 1
4650 8620 1
4650 8810 1
4650 9500 1
4650 9656 1
4669 9341 1
4669 9101 5
4671 9830 23
4671 9366 1
4671 9541 5
4677 8873 1
4677 8992 1
4677 8926 1
4684 8764 2
4684 9199 3
4684 8807 1
4684 8781 2
4713 9318 1
4713 8744 2
4723 9168 1
4723 9217 1
4723 8902 1
4728 8583 5
4728 9452 2
4728 9281 1
4728 9289 1
4728 9619 4
4730 9780 2
4730 9726 1
4730 9534 2
4730 8759 1
4737 9580 2
4737 8699 1
4737 9685 1
4740 9981 1
4740 8751 1
4740 8889 1
4740 9356 1
4740 9464 1
4740 8861 1
4740 9976 2
4740 9048 1
4740 9066 1
4740 9771 1
4744 9143 11
4744 9495 2
4744 9857 1
4744 9155 1
4744 9665 1
4755 8653 1
4762 8711 7
4762 9357 1
4762 9528 2
4762 9557 1
4765 9466 2
4765 8865 1
4765 9702 1
4765 9899 8
4777 9376 1
4777 9662 4
4777 9712 5
4777 9035 1
4783 9150 2
4783 9905 1
4783 9358 1
4783 9375 1
4783 8808 2
4787 9634 2
4787 8861 4
4787 8699 2
4787 9562 1
4787 8581 1
4787 8970 1
4787 9128 1
4787 9297 16
4787 9530 1
4787 9650 1
4791 9316 6
4791 9829 3
4791 8689 1
4807 9503 1
4823 9378 2
4823 9322 1
4823 9955 1
4823 9585 1
4823 8586 1
4823 9207 1
4823 9462 1
4831 9524 1
4831 9238 3
4831 9574 2
4832 8877 1
4832 8548 1
4838 8618 1
4838 9458 1
4840 9023 1
4846 8967 1
4846 9015 1
4846 8675 4
4846 9165 1
4868 9399 2
4888 9020 1
4888 9163 3
4888 9505 1
4888 9400 85
4888 9646 2
4889 9178 1
4889 9883 1
4889 9093 1
4889 9739 1
4889 8869 1
4905 8954 1
4905 8910 2
4905 9830 1
4906 9191 3
4906 8926 1
4906 9694 200
4907 9696 2
4907 8769 1
4907 8679 1
4907 8695 11
4907 8785 4
4907 9043 1
4911 9451 1
4911 9875 2
4916 9116 107
4916 9371 1
4916 8796 5
4916 8937 1
4916 9407 1
4925 9639 2
4925 9770 1
4927 8785 1
4927 8920 1
4927 9806 3
4927 9890 1
4931 9358 2
4931 9311 1
4931 9735 2
4931 9306 1
4937 8561 1
4937 9578 2
4946 9867 1
4946 8861 1
4946 9227 1
4946 8671 1
4946 9827 1
4946 8628 1
4955 9513 2
4955 8921 1
4955 8903 1
4955 9923 1
4956 8598 1
4956 8609 1
4956 9691 2
4956 9945 1
4958 8921 9
4958 9843 4
4970 9349 1
4970 8737 1
4970 9546 1
4970 9571 1
4970 9394 3
4972 8592 1
4972 8842 1
4988 9881 1
4988 8660 16
4995 8636 1
4995 9079 1
5037 9708 1
5037 8676 1
5037 8851 1
5037 9691 2
5037 8984 1
5038 8591 1
5038 9402 1
5065 9378 1
5065 9214 4
5079 9748 1
5079 9781 1
5079 8755 1
5093 9992 1
5093 9101 1
5097 9321 2
5097 9955 1
5097 8796 2
5108 8731 2
5148 8939 1
5148 9726 7
5148 8998 1
5148 8755 2
5152 9240 6
5152 8772 1
5152 9951 1
5152 9263 3
5152 9938 1
5155 8699 1
5155 9399 1
5155 9398 1
5160 9356 1
5160 9299 2
5160 9403 1
5175 8754 3
5175 9011 2
5175 9579 2
5175 9623 1
5175 9546 1
5175 8901 4
5175 9570 1
5177 9947 4
5177 9700 5
5179 9046 1
5179 9388 6
5185 8676 2
5213 9698 1
5213 8732 1
5224 8715 1
5224 8729 1
5224 8707 1
5224 8796 2
5224 8967 2
5224 9021 1
5224 9307 2
5224 9640 3
5224 9217 1
5235 9788 4
5235 9088 1
5247 9975 1
5247 9061 25
5247 9423 1
5247 9704 3
5247 9898 1
5247 8595 2
5249 8844 1
5249 8778 1
5249 9289 1
5264 8842 1
5264 9993 1
5264 8588 2
5264 9471 1
5264 9322 1
5264 8742 1
5277 9141 2
5277 9210 1
5277 9249 1
5277 9503 18
5290 9386 3
5290 9365 1
5290 9735 1
5290 9316 2
5303 9983 1
5303 8918 3
5303 9171 1
5335 8860 1
5335 9569 1
5341 8555 1
5341 8994 1
5341 9419 2
5348 9791 3
5348 9137 17
5348 9396 4
5348 9818 2
5365 8613 1
5365 9244 4
5368 8671 3
5393 9939 1
5393 8772 1
5393 9997 1
5394 9267 1
5396 8790 1
5425 9206 4
5425 9229 1
5425 9967 3
5425 9989 1
5445 9958 1
5445 8723 5
5445 9303 2
5458 9649 5
5470 8581 2
5470 9177 1
5470 9712 1
5470 9589 2
5470 9706 1
5471 9418 1
5471 9365 1
5471 9374 121
5481 9080 1
5492 8722 1
5492 9325 2
5496 8720 1
5502 9646 2
5526 8785 2
5542 9099 1
5542 9199 10
5547 8894 6
5547 9403 7
5547 8732 1
5547 9148 3
5547 8962 4
5561 9806 1
5561 8555 1
5577 8699 2
5577 8775 2
5577 9544 3
5580 8937 3
5586 9532 1
5586 8733 1
5586 9221 1
5586 9379 1
5586 9830 12
5593 9064 2
5593 9506 1
5596 8865 1
5642 9059 1
5642 8672 1
5642 9343 1
5642 9894 1
5643 8889 1
5643 9002 3
5643 9169 2
5643 9647 1
5643 9151 1
5643 9903 2
5653 8560 1
5653 8976 2
5653 8776 70
5653 9743 2
5666 8676 1
5666 9164 1
5666 9584 1
5666 9109 1
5666 9706 1
5667 9985 1
5667 9114 1
5667 9222 2
5667 9556 1
5673 8813 1
5673 9717 1
5673 9472 2
5677 9367 3
5677 9069 6
5677 8784 5
5677 8790 3
5698 9765 1
5698 8889 41
5710 9145 1
5710 9617 5
5710 9378 1
5710 9715 1
5717 9578 2
5723 9809 4
5723 9312 2
5723 9801 2
5740 8871 1
5740 9263 1
5740 9471 1
5740 9505 1
5740 9948 1
5740 8804 5
5740 9306 3
5740 9902 1
5741 9789 2
5741 9373 1
5741 8761 2
5741 9841 1
5741 9982 10
5747 9993 1
5747 9437 11
5757 9104 3
5757 9513 1
5757 9046 1
5757 9491 1
5762 9317 1
5762 9235 1
5762 9968 1
5793 9876 1
5793 8924 1
5826 9323 16
5826 9420 200
5826 9608 1
5826 9045 1
5853 8893 1
5853 9704 1
5853 9813 3
5853 9736 1
5867 8784 1
5867 8769 200
5868 8839 1
5868 9348 1
5868 8745 1
5868 9564 2
5868 9454 13
5872 9798 5
5872 9240 2
5872 9962 1
5872 8796 8
5872 8787 1
5872 9746 1
5872 9830 2
5872 9921 6
5872 9168 3
5879 9044 1
5879 8692 1
5944 8775 19
5944 8969 1
5944 9271 1
5947 8868 1
5956 9322 2
5956 9182 1
5956 9669 9
5956 8554 1
5956 9313 1
5969 8629 1
5969 9740 5
5969 9307 1
5979 9540 1
5980 8619 3
5980 8961 1
5980 9970 1
5980 8814 2
5980 8913 1
5980 9188 1
5982 8785 1
5982 8632 1
5982 9708 1
5982 9356 1
5989 9562 2
5989 9972 2
5989 9636 1
5989 8574 1
5989 9286 12
5997 8636 1
5997 9469 1
6013 9193 1
6013 9943 1
6013 9550 1
6017 9091 10
6017 8994 2
6038 8607 1
6038 8570 1
6038 8710 1
6038 8676 2
6041 9238 1
6041 9697 1
6041 9898 1
6041 9602 2
6041 8625 1
6041 9650 2
6043 9696 1
6043 9189 33
6054 8991 3
6054 9941 2
6054 9886 2
6054 9855 2
6057 9933 4
6057 8712 1
6057 9343 2
6057 9572 1
6057 8970 5
6057 9035 6
6057 9893 1
6057 8591 1
6057 8903 1
6069 9569 1
6069 8625 7
6069 9156 1
6069 9612 1
6090 8907 6
6090 9495 1
6103 8942 31
6103 9196 2
6118 9833 1
6118 9788 3
6118 9013 2
6118 9599 1
6118 9000 3
6118 9012 1
6118 8569 1
6118 9738 1
6118 9975 2
6134 8797 1
6134 9359 1
6134 8898 2
6134 9231 200
6134 9749 2
6134 8752 2
6134 9634 2
6144 9111 1
6144 9578 1
6144 8605 1
6144 9854 84
6144 8613 1
6147 9960 1
6147 9206 1
6147 8618 15
6147 9143 1
6148 9910 1
6148 8588 1
6150 9110 2
6151 8607 1
6151 8668 1
6151 9995 1
6160 8778 2
6160 9377 1
6160 9393 3
6185 9795 2
6185 8844 13
6185 8964 2
6185 9751 1
6185 9772 6
6203 9092 1
6203 9719 22
6203 8942 5
6208 9218 2
6208 9617 1
6210 9283 23
6210 8600 1
6230 9555 2
6230 8812 2
6230 9998 1
6230 8993 20
6230 9854 1
6253 8552 1
6253 9123 3
6253 9915 3
6255 9420 1
6255 8733 2
6255 9983 3
6255 8886 1
6255 9399 1
6255 9572 1
6275 9639 2
6275 8781 2
6275 8827 1
6275 9869 2
6275 9564 8
6282 9652 4
6282 8901 4
6282 8869 1
6304 8864 3
6304 8758 1
6304 8901 1
6304 8987 1
6304 9990 2
6328 8563 1
6328 9718 3
6360 9997 1
6360 9780 1
6360 9887 1
6364 9282 1
6368 8553 4
6368 9900 1
6377 9017 1
6377 9678 1
6377 9910 1
6377 9315 15
6377 9930 8
6380 9735 1
6380 9506 1
6420 9702 1
6420 9231 1
6428 9877 1
6428 8629 1
6428 8649 12
6428 9194 9
6444 8643 5
6444 9056 1
6444 9999 3
6451 9566 1
6451 9015 2
6451 9371 1
6451 9076 5
6451 9957 5
6451 8614 1
6451 9144 4
6464 9299 1
6464 8551 1
6464 9017 1
6464 9921 1
6464 9032 1
6477 9888 4
6477 9308 1
6477 9911 1
6477 9466 1
6477 9805 1
6477 9612 3
6485 8940 1
6485 8967 2
6485 9206 1
6485 9381 1
6492 9947 1
6495 9829 2
6495 9861 1
6495 9062 1
6495 9486 9
6495 9571 1
6504 8776 1
6539 9627 1
6539 9080 1
6539 9371 1
6551 9893 1
6551 9005 1
6551 9214 2
6554 9108 1
6554 8778 1
6555 9734 3
6555 8772 2
6555 8809 1
6561 8840 1
6561 9860 1
6562 9548 1
6562 9900 1
6562 9965 3
6582 9228 2
6582 9387 2
6582 8910 1
6582 9263 1
6582 8572 1
6582 9670 2
6582 9383 2
6585 8575 2
6585 9701 2
6585 9579 1
6585 9178 1
6595 9582 1
6595 9067 1
6595 9528 7
6600 8795 1
6605 8744 4
6605 9646 2
6605 8560 3
6605 9696 1
6614 9886 4
6614 9972 1
6614 8871 1
6648 8881 1
6648 9080 1
6656 9369 1
6656 8580 2
6677 9393 1
6677 9015 1
6677 9240 10
6677 9519 8
6677 9438 1
6679 8972 1
6682 9133 2
6682 8840 1
6682 9478 1
6682 8768 1
6682 9047 1
6710 9737 1
6710 9185 1
6710 9500 2
6714 8621 1
6725 9423 1
6725 9361 1
6725 9788 2
6745 8810 1
6745 8963 3
6745 9721 1
6751 8848 2
6751 8722 4
6751 9361 8
6751 9316 12
6751 9806 1
6770 8707 1
6811 9751 5
6811 9093 1
6811 9048 1
6811 9659 1
6811 9984 2
6814 9099 1
6814 8907 2
6814 9868 2
6814 8572 3
6818 9804 1
6818 9178 1
6818 8689 1
6818 9254 10
6818 9795 1
6837 9414 1
6837 9757 2
6837 8697 1
6837 8598 2
6837 9342 2
6837 9871 8
6843 8995 2
6845 8626 1
6845 8701 1
6845 9177 2
6845 9423 6
6905 8551 1
6906 9254 14
6906 8634 1
6906 9707 1
6920 8598 4
6920 9355 4
6920 9396 1
6920 9988 1
6922 8569 1
6935 8780 1
6935 9132 3
6935 8853 1
6935 8810 1
6935 9589 1
6942 8793 1
6942 8894 1
6942 8910 1
6942 9737 1
6950 9414 6
6950 8787 3
6950 9308 5
6950 8814 1
6950 9734 1
6978 8962 1
6978 9418 1
6978 9578 1
6978 9608 3
6983 9417 3
6983 8577 4
6983 9364 1
6983 9097 2
6983 9805 1
6984 9359 1
6984 9665 2
6984 9948 1
6984 9994 1
6984 9131 1
6986 9246 3
6986 9680 1
6986 9428 1
6990 9938 1
6990 8768 1
6990 9126 1
7004 9927 1
7004 8906 2
7016 9076 1
7016 8582 10
7016 9712 1
7016 9725 3
7035 8746 43
7035 9420 1
7035 9722 4
7041 9133 2
7041 9072 1
7043 8643 69
7043 9808 3
7043 8932 2
7043 9858 3
7043 8727 1
7043 8780 1
7050 9819 1
7050 9717 7
7050 9090 1
7050 9396 1
7050 9776 1
7050 8713 1
7050 8797 1
7050 9687 4
7050 9834 77
7050 9843 1
7063 9883 4
7063 9655 2
7063 8946 3
7063 9066 3
7063 9819 1
7088 9602 1
7088 8888 7
7088 9091 1
7101 9109 3
7101 9008 1
7101 8928 1
7101 9414 1
7109 9987 1
7109 8610 3
7109 9243 33
7110 8781 61
7110 9878 2
7110 8804 4
7110 8906 1
7110 9452 3
7110 9217 1
7146 9830 1
7146 9068 7
7146 8718 1
7146 9888 1
7153 8585 2
7153 9022 1
7153 9291 2
7158 9185 1
7163 9605 1
7163 9976 2
7163 8828 1
7163 9274 1
7163 9116 1
7163 9649 1
7169 9112 1
7169 9687 1
7169 9567 1
7169 9719 7
7169 8553 113
7169 9760 1
7169 8682 8
7169 9314 1
7172 9636 2
7172 8712 1
7172 9462 1
7174 8904 1
7174 9961 1
7174 9289 1
7179 8792 1
7186 9046 2
7221 9777 1
7221 8731 2
7223 8550 1
7223 9818 4
7223 9987 2
7223 9052 151
7223 9360 1
7223 9627 1
7240 8801 1
7240 9034 1
7240 9981 1
7269 9057 1
7269 8643 1
7269 9149 2
7269 9693 1
7281 9452 1
7281 8932 2
7281 9793 1
7281 8853 1
7281 9049 1
7284 9061 1
7284 9840 3
7284 9602 2
7315 8649 1
7315 9563 1
7315 8898 1
7315 9890 1
7317 9898 6
7317 9481 1
7317 8717 35
7317 8765 20
7317 9317 2
7317 9891 3
7318 9518 1
7318 8819 2
7318 9523 2
7318 9639 1
7318 8920 1
7319 9636 1
7319 9011 1
7319 8658 1
7319 8847 2
7319 9912 2
7319 9045 1
7319 9322 1
7321 8730 1
7321 9791 1
7339 9704 63
7339 8578 3
7339 9996 1
7355 9699 1
7355 9902 20
7355 9589 1
7355 9094 3
7382 9352 39
7382 8890 1
7382 9247 1
7382 9618 3
7402 8759 29
7402 9199 1
7402 9890 1
7410 9042 3
7410 9993 1
7410 9005 2
7410 9391 1
7426 9634 7
7426 9437 1
7426 9608 1
7426 9104 1
7426 9267 2
7446 8927 4
7446 8963 1
7446 9155 28
7446 9869 1
7447 9523 2
7447 9614 1
7447 8849 1
7447 8975 1
7447 9444 1
7453 9613 2
7453 9582 5
7453 8705 1
7453 9863 2
7453 9213 2
7453 9903 1
7453 9003 1
7453 9418 1
7471 8675 2
7471 8823 1
7471 9437 1
7471 8834 1
7478 8961 44
7483 9968 1
7501 9574 1
7501 9042 1
7501 8738 1
7501 8614 1
7501 9037 1
7501 9572 20
7554 9192 1
7572 9481 1
7572 9970 1
7572 9957 1
7573 9627 1
7573 9744 9
7573 9352 1
7577 9129 1
7577 9001 1
7578 8705 1
7578 8706 1
7593 9044 1
7593 9957 1
7620 9841 3
7624 8921 1
7624 9473 1
7624 9757 1
7624 9580 1
7624 9764 1
7646 9503 4
7646 8565 2
7646 9698 1
7646 9385 8
7646 9977 1
7666 8923 1
7666 9414 2
7668 9129 1
7668 8975 8
7668 8646 6
7668 8727 1
7668 8861 1
7668 9861 146
7690 9498 11
7690 8607 1
7693 9090 2
7693 9000 1
7693 8574 1
7693 9035 1
7693 9886 3
7707 9455 1
7707 8970 1
7707 9192 1
7707 9463 3
7707 9719 1
7707 9879 1
7709 9297 4
7709 8616 8
7709 8758 3
7709 9499 1
7716 9110 1
7716 9624 1
7716 9948 1
7716 9990 4
7723 9420 5
7730 9279 1
7730 9673 1
7730 9746 22
7758 9601 2
7758 9696 1
7758 8931 1
7758 8874 1
7764 9052 1
7764 8609 1
7764 9913 1
7764 9088 1
7764 9770 2
7764 9967 5
7768 9651 2
7768 9023 4
7768 8876 1
7769 8732 6
7769 9571 1
7769 9777 9
7769 8595 2
7769 9518 5
7769 8904 1
7770 9882 1
7770 9000 1
7770 9433 1
7770 9459 1
7770 9201 1
7770 9782 3
7770 8754 1
7770 9658 5
7782 9486 1
7782 9891 1
7782 9036 2
7782 8770 1
7782 8562 1
7782 8649 1
7794 9957 1
7794 9813 4
7794 9355 1
7806 9596 5
7813 9878 1
7813 8825 1
7813 8720 1
7813 9576 2
7818 9170 16
7818 9570 1
7818 9965 1
7818 8919 1
7818 8992 4
7818 9213 1
7818 9568 2
7849 9570 7
7849 9255 1
7849 9034 1
7849 9356 1
7849 9077 1
7849 9552 2
7849 9013 1
7849 9189 10
7849 9301 1
7859 9564 1
7859 8568 55
7860 9984 1
7861 8917 13
7861 8962 2
7861 8633 1
7861 9517 1
7861 9797 1
7883 8601 1
7883 9271 8
7887 9848 2
7887 9569 1
7887 9000 8
7887 9037 1
7889 9460 1
7889 9807 1
7892 8914 1
7892 9230 3
7892 9756 1
7892 9234 1
7892 8575 1
7892 9291 1
7892 9444 1
7892 8998 2
7893 9884 11
7897 9238 3
7903 8902 2
7903 8924 1
7903 9596 1
7903 9272 1
7910 9930 3
7942 8704 1
7947 8722 1
7947 9392 1
7947 9949 1
7947 9969 1
7947 8883 2
7947 9939 1
7992 9067 2
7992 9481 2
7992 9740 1
7992 9038 1
8015 8950 1
8015 8786 1
8015 8987 3
8015 9061 1
8032 9872 1
8032 9489 1
8034 8960 25
8036 8695 1
8036 8876 1
8037 9857 13
8037 9643 5
8037 9670 21
8051 9048 3
8051 9717 1
8051 9580 13
8051 9791 2
8057 9678 1
8057 8689 2
8057 8810 1
8057 8577 2
8057 8799 1
8057 8664 1
8060 9794 6
8060 9143 3
8090 9033 10
8090 9722 5
8092 8939 1
8092 9937 1
8098 9407 1
8098 9822 2
8099 9900 1
8099 9794 4
8127 9108 1
8135 8784 7
8135 9224 6
8135 9722 1
8135 9062 8
8135 9180 3
8143 9292 2
8143 8811 1
8143 8920 2
8143 9690 1
8143 9902 2
8181 8801 1
8181 8807 2
8181 9594 1
8185 8685 2
8185 9914 2
8185 8912 1
8185 9483 2
8185 9469 6
8185 9732 1
8194 9224 2
8194 8792 1
8194 9735 1
8194 9887 1
8195 8825 3
8195 9364 1
8195 9311 1
8195 9810 1
8199 9069 1
8199 9516 1
8199 8605 22
8208 9746 3
8208 9474 1
8208 9826 1
8208 8904 2
8208 9794 1
8208 9665 2
8208 9972 1
8219 8745 1
8219 9009 2
8220 9446 2
8220 9659 1
8220 8592 2
8221 8605 1
8221 9146 1
8223 8942 2
8223 8901 1
8226 8890 1
8226 9782 1
8238 8991 200
8238 9900 3
8238 8549 1
8255 9657 1
8270 9403 1
8270 8592 1
8278 8585 1
8278 8685 82
8278 8672 1
8278 9022 3
8278 9961 1
8282 9341 1
8282 8632 1
8282 9245 2
8282 9852 1
8282 9905 1
8282 9946 7
8303 9674 1
8303 8815 2
8303 9245 1
8316 9544 1
8316 8811 2
8316 8687 2
8316 9475 7
8320 9537 1
8320 9301 1
8320 9035 1
8320 9386 1
8320 9614 3
8320 9662 3
8320 9813 1
8321 8681 1
8321 9819 1
8339 9370 2
8339 9632 1
8339 9451 1
8339 9981 1
8339 9255 3
8340 9090 1
8340 8578 13
8340 9411 1
8348 8670 2
8348 8924 2
8359 9021 1
8361 8575 1
8361 9343 1
8361 9324 200
8361 9092 4
8361 9316 6
8361 9272 26
8361 9501 2
8364 8711 1
8364 9068 1
8364 9986 3
8364 9338 3
8364 9284 1
8370 8873 2
8370 8561 3
8370 9972 3
8371 8605 1
8371 8735 1
8371 9315 1
8371 9237 1
8378 9968 1
8378 8976 6
8386 8809 7
8386 8609 1
8386 9605 1
8386 9673 1
8386 9685 1
8386 9309 1
8408 8984 2
8408 8757 157
8408 9649 10
8434 9694 1
8442 9080 3
8442 8605 1
8457 9853 5
8467 8699 1
8467 8550 1
8467 9454 4
8467 9058 1
8485 8820 1
8485 8813 1
8485 9585 1
8485 8577 60
8525 8708 1
8525 9370 200
8525 8713 3
8540 8944 1
8540 9291 1
8540 9424 5
8540 9962 1
8547 9595 1
8547 9691 1
8547 9160 3
8547 8667 1
8547 8695 2
8547 8735 1
8551 8728 1
8551 8648 1
8553 8596 1
8555 8669 1
8556 9731 1
8556 8694 2
8557 9107 3
8557 9447 1
8559 9833 12
8560 9025 22
8561 9482 5
8561 9300 1
8562 8611 1
8563 9509 1
8564 8963 1
8564 8732 7
8564 9003 2
8564 8813 11
8564 9226 1
8565 8762 1
8566 8632 2
8566 9808 8
8566 8631 3
8566 8689 1
8567 8938 25
8567 9551 1
8568 9816 2
8568 8999 13
8569 9380 2
8571 8809 1
8572 9482 1
8573 9019 1
8573 9141 2
8574 9300 1
8574 8862 1
8576 9286 1
8576 9421 7
8576 8759 1
8576 8991 4
8576 9592 1
8578 8782 5
8578 8645 26
8579 8790 1
8579 9496 2
8580 8693 7
8581 8966 1
8582 8803 1
8583 8966 20
8584 8796 1
8584 8923 1
8584 9400 2
8584 8770 1
8584 9818 6
8584 9524 1
8584 8812 1
8584 9726 1
8584 9876 20
8585 8640 1
8587 9020 1
8587 9047 9
8587 9365 2
8587 9858 1
8589 9147 2
8589 8680 59
8590 9370 1
8590 9534 1
8590 9330 6
8590 8854 72
8590 8944 1
8591 9798 1
8592 8691 1
8593 9982 1
8593 9933 1
8594 9569 1
8594 9256 32
8595 8821 3
8595 9637 1
8596 9913 1
8596 9644 1
8596 9829 1
8596 9944 1
8596 9234 1
8596 9620 1
8597 8945 1
8598 9816 2
8599 8943 1
8602 9232 1
8602 9031 2
8603 9433 1
8603 8715 1
8603 9424 1
8604 9575 1
8604 8919 1
8604 9576 1
8606 8627 9
8607 8806 1
8608 9975 4
8608 8853 1
8610 9197 1
8610 8684 1
8611 9284 1
8613 8846 1
8613 8647 200
8614 8997 1
8615 8623 3
8615 8701 1
8615 9210 171
8615 9502 1
8616 9493 15
8617 9845 200
8617 9787 1
8618 8806 2
8618 8645 4
8620 8875 1
8621 8856 3
8621 9051 2
8622 9128 1
8622 9131 1
8622 9112 2
8623 9431 18
8624 9041 1
8625 9431 1
8629 8647 12
8630 8772 1
8630 8636 9
8630 9250 8
8631 8782 5
8631 8703 1
8632 8859 18
8633 8648 1
8635 8807 1
8635 9987 1
8635 8826 1
8635 9021 1
8635 9877 2
8635 8769 1
8635 9952 1
8636 9711 7
8637 8707 29
8638 9551 1
8638 8896 1
8639 9451 1
8639 9479 2
8639 9657 1
8640 9461 1
8641 9676 1
8644 8648 1
8645 9615 1
8646 8656 1
8646 8977 2
8647 9991 2
8647 9540 1
8647 9962 1
8648 9362 1
8648 8881 3
8648 9834 2
8648 9502 1
8648 9265 1
8648 9169 2
8648 9294 1
8648 9859 1
8650 9030 1
8651 8846 2
8651 8896 3
8652 9465 1
8653 9028 3
8653 8983 7
8654 9206 1
8654 9483 22
8654 8768 8
8654 9214 1
8654 9375 1
8654 9409 3
8655 8748 1
8656 8932 19
8656 9038 1
8656 9237 1
8656 9246 1
8657 8939 4
8657 9330 2
8657 9142 1
8657 9849 1
8658 8900 7
8660 9055 1
8661 8674 1
8661 8833 1
8661 8878 19
8661 8943 1
8662 9177 2
8662 8941 1
8662 9704 1
8662 9983 4
8663 9038 1
8665 9466 1
8665 8713 1
8665 9279 1
8665 9812 1
8666 8979 1
8668 8845 1
8668 8850 2
8669 8877 1
8669 9057 1
8669 9999 1
8669 9373 1
8669 9386 1
8669 9760 1
8669 9850 1
8670 9798 1
8670 8683 1
8670 9426 4
8673 8968 1
8674 9019 1
8674 9510 1
8674 9666 5
8676 9026 1
8677 8864 11
8677 9868 1
8677 9883 1
8679 9798 1
8680 9678 4
8680 8775 8
8681 9450 3
8681 8824 2
8683 8854 6
8683 9692 1
8684 9712 3
8684 9490 51
8684 9157 14
8684 9149 1
8684 8729 3
8684 9985 2
8685 9041 2
8687 8837 1
8688 9063 41
8688 9210 1
8688 9473 1
8688 8756 1
8688 9620 17
8688 9161 1
8688 9959 4
8691 9469 5
8691 9823 3
8691 9445 1
8692 9531 1
8693 8708 2
8693 8787 1
8693 9518 3
8694 9050 1
8694 9345 1
8696 8712 1
8696 9135 1
8696 8716 9
8698 9064 1
8698 9601 3
8700 9591 5
8701 8856 1
8701 8846 9
8702 9635 1
8702 9457 14
8703 8965 1
8703 9418 1
8703 9748 3
8703 9439 1
8703 9739 1
8704 9531 10
8707 9018 1
8710 9073 1
8711 8943 3
8711 9845 1
8712 9320 1
8714 8776 2
8714 9258 1
8714 9645 8
8716 8773 1
8717 8725 1
8719 8986 1
8719 8743 3
8721 9065 1
8723 9742 1
8723 9431 4
8724 8988 1
8724 8968 1
8725 9707 1
8725 9133 2
8725 8960 1
8726 8884 2
8727 9027 1
8728 9407 2
8728 9207 1
8728 8770 5
8730 9027 2
8731 9654 1
8734 9399 3
8734 9104 1
8734 9790 4
8734 9528 66
8734 9868 1
8735 9686 1
8735 8855 1
8736 9039 2
8736 8930 1
8737 9787 1
8739 8842 59
8739 9487 1
8739 9488 1
8740 9174 1
8740 8930 1
8740 9147 1
8740 8806 2
8740 8743 2
8743 9653 5
8743 9044 1
8743 9353 1
8743 9766 1
8743 9780 3
8743 8978 1
8743 9914 1
8743 9683 3
8743 8890 1
8744 8783 1
8746 9030 4
8747 9911 1
8747 9555 1
8748 9914 1
8748 8941 1
8748 9322 1
8748 9376 3
8749 9860 1
8749 9647 1
8749 9913 3
8750 8821 2
8753 8844 1
8753 9010 1
8753 9875 12
8753 9790 5
8756 8867 1
8756 9637 1
8760 9137 1
8760 9398 1
8760 9446 3
8760 9849 1
8762 9759 1
8763 8826 5
8763 9910 1
8763 9311 1
8763 9985 2
8764 9549 3
8766 9303 1
8766 9736 1
8766 9923 12
8767 8982 1
8771 8958 1
8771 9941 1
8774 9143 3
8774 9226 1
8777 9247 1
8777 9134 1
8777 9239 1
8777 9731 1
8781 8833 1
8781 8845 1
8782 8827 8
8782 9690 2
8782 9529 1
8782 9417 2
8783 9677 1
8783 9141 3
8786 8863 2
8788 9245 2
8789 9350 1
8791 8792 1
8792 9200 1
8796 8798 2
8797 9675 1
8798 8975 1
8798 9235 1
8798 9640 1
8798 9442 1
8800 9135 1
8800 9036 1
8800 9142 2
8801 8817 2
8801 9041 1
8803 9923 1
8804 9050 2
8805 8916 1
8806 9126 2
8806 9618 1
8807 9200 1
8811 8846 1
8812 9786 1
8812 9482 2
8815 9431 1
8816 8885 19
8816 9273 7
8816 9703 1
8816 8872 1
8816 9199 15
8816 9678 1
8816 9911 1
8817 9157 3
8817 9326 14
8817 9087 1
8817 9470 1
8819 9482 1
8821 9134 1
8821 9870 1
8821 9318 1
8821 9497 1
8824 8962 1
8824 8969 4
8824 9324 1
8824 9369 2
8825 8899 2
8827 9798 1
8827 8875 45
8828 9729 3
8829 9039 2
8829 8933 3
8829 8988 1
8830 9145 1
8830 9795 1
8830 9485 4
8830 9959 2
8831 9373 1
8831 9465 14
8832 8966 35
8832 8855 1
8833 9619 1
8833 9762 1
8833 9090 2
8833 9977 1
8833 9057 1
8833 9584 1
8835 9948 1
8835 8992 1
8835 9271 1
8835 9946 15
8835 9121 1
8835 9396 1
8835 9730 1
8835 9478 2
8836 9006 1
8837 9377 2
8837 9023 1
8838 9516 2
8838 8906 2
8838 9072 1
8838 9442 1
8839 9153 3
8839 9779 1
8839 9147 1
8840 9054 3
8841 9550 1
8841 9487 1
8841 9575 1
8841 9015 2
8842 9065 3
8843 9392 1
8843 9428 1
8843 9332 2
8845 9854 1
8845 9815 1
8845 9464 2
8846 9975 1
8846 9613 1
8849 9512 2
8850 9184 2
8851 9779 1
8852 9050 3
8855 9886 1
8856 9357 1
8856 9602 1
8856 9944 1
8856 9255 1
8856 9922 9
8856 9473 2
8858 9001 2
8858 9926 1
8859 9301 1
8859 9884 1
8862 9043 1
8862 9717 1
8863 9873 14
8863 9221 1
8863 9203 1
8866 9984 1
8866 9023 1
8866 9496 1
8867 9514 1
8867 9521 1
8870 9509 1
8871 8985 1
8873 8952 1
8875 9448 1
8875 9033 5
8875 9089 10
8875 9107 1
8875 9738 1
8877 9016 1
8877 8983 81
8878 9067 1
8878 9905 1
8878 9873 3
8878 9941 1
8878 8919 1
8879 9901 1
8879 9308 1
8880 8886 1
8880 9059 3
8881 9004 5
8882 9030 1
8883 9028 21
8887 9677 1
8887 9822 5
8888 9054 1
8888 8971 11
8889 8997 2
8891 9278 3
8891 9967 1
8892 8990 1
8893 9593 1
8896 9265 1
8896 9687 1
8897 9922 1
8897 9323 1
8899 9924 1
8899 9568 1
8899 9806 1
8899 9884 1
8900 9047 1
8900 9812 3
8902 9139 1
8902 9060 1
8902 8922 69
8905 9203 3
8905 9186 1
8907 9153 1
8909 9690 1
8909 9871 3
8909 9905 2
8911 9669 1
8911 9047 1
8911 9537 5
8912 8973 1
8914 9482 3
8914 8979 10
8915 9718 2
8916 9525 3
8923 9593 2
8929 9455 15
8930 8967 1
8930 9285 1
8932 9675 1
8933 9947 3
8933 9507 1
8933 9368 1
8935 9480 2
8936 9004 1
8936 9100 1
8938 9373 1
8938 9157 1
8938 9280 7
8938 9360 2
8938 9616 5
8941 9050 1
8943 9645 1
8943 9421 1
8945 9359 1
8945 9766 1
8947 9904 6
8947 9491 1
8947 9108 1
8947 9930 1
8948 9597 1
8948 9172 1
8948 9279 31
8949 9450 2
8951 9273 3
8951 9367 16
8951 9645 1
8951 9093 1
8952 9720 1
8952 9427 6
8955 8960 1
8955 9633 2
8956 9025 1
8957 9949 2
8957 9156 1
8957 9067 1
8957 9272 1
8958 8981 3
8958 9754 2
8959 9798 2
8959 9014 1
8961 9711 1
8964 9593 1
8964 9050 1
8966 9138 3
8966 9818 4
8966 9056 1
8968 9697 5
8969 9006 1
8971 9541 1
8971 9543 1
8971 9652 1
8971 9562 1
8971 9756 1
8973 9532 1
8974 9615 1
8974 9747 1
8974 9899 4
8974 9148 1
8977 9833 2
8977 9927 1
8977 9682 15
8977 9765 1
8979 9156 1
8979 9303 1
8979 9751 1
8979 9155 4
8979 9240 3
8979 9983 3
8979 9033 9
8979 9198 1
8979 9867 1
8980 9180 1
8980 9460 1
8981 9107 2
8981 9899 1
8981 9680 1
8981 9069 1
8982 9135 1
8982 9062 2
8983 9765 1
8983 9474 2
8985 9513 5
8986 9769 35
8986 9099 1
8986 9744 4
8987 9183 1
8988 9312 1
8989 9659 2
8989 9699 2
8989 9132 1
8993 9014 2
8995 9711 157
8996 9681 1
8996 9151 3
8996 9619 1
8996 9832 1
8997 9792 1
8997 9632 1
8997 9528 29
8997 9707 2
8997 9318 1
8997 9857 6
8999 9417 1
8999 9820 6
8999 9853 5
9002 9482 2
9002 9070 10
9005 9549 1
9006 9615 1
9006 9667 1
9007 9386 3
9007 9094 1
9009 9051 1
9014 9487 1
9014 9884 1
9014 9592 1
9014 9657 1
9014 9443 2
9014 9840 1
9016 9499 7
9016 9656 1
9017 9039 3
9018 9222 1
9018 9117 1
9018 9781 1
9024 9996 2
9027 9221 1
9027 9527 1
9030 9324 1
9030 9409 1
9030 9965 4
9030 9769 1
9030 9552 1
9030 9891 2
9031 9393 1
9035 9041 1
9037 9482 2
9039 9611 2
9039 9612 2
9039 9702 1
9039 9760 1
9039 9659 18
9039 9808 7
9040 9265 1
9041 9920 4
9041 9579 6
9048 9786 23
9049 9054 2
9050 9774 1
9050 9781 1
9050 9362 1
9050 9576 3
9050 9598 1
9050 9932 1
9050 9651 17
9051 9199 1
9051 9163 1
9051 9946 1
9051 9964 1
9051 9805 1
9053 9880 2
9054 9323 2
9054 9599 2
9055 9624 1
9060 9408 6
9060 9876 5
9060 9832 1
9060 9918 1
9070 9235 1
9071 9953 1
9073 9780 1
9076 9174 1
9082 9200 2
9082 9139 20
9086 9339 1
9094 9583 2
9094 9147 1
9100 9796 1
9100 9280 1
9100 9971 12
9116 9742 1
9122 9449 18
9126 9509 1
9134 9426 1
9136 9138 1
9136 9598 1
9139 9601 1
9139 9878 1
9139 9536 1
9139 9965 1
9139 9652 1
9139 9815 1
9147 9801 1
9147 9376 1
9147 9502 1
9147 9244 1
9153 9464 1
9153 9582 1
9163 9426 1
9172 9798 2
9174 9955 11
9180 9798 1
9183 9559 3
9183 9585 3
9183 9958 7
9191 9816 4
9193 9787 7
9197 9750 1
9197 9896 1
9197 9226 1
9197 9720 1
9197 9894 1
9200 9548 1
9200 9974 1
9202 9426 1
9228 9482 1
9228 9551 71
9247 9339 2
9249 9482 8
9253 9964 1
9253 9916 2
9253 9556 2
9264 9412 3
9274 9310 1
9281 9509 1
9287 9593 1
9300 9863 12
9300 9734 46
9310 9517 1
9320 9458 1
9320 9747 1
9323 9787 1
9339 9644 3
9339 9574 200
9339 9611 1
9339 9852 1
9341 9729 1
9367 9482 4
9380 9383 10
9380 9719 1
9380 9452 1
9380 9757 1
9380 9910 1
9406 9482 1
9420 9754 1
9425 9553 1
9426 9939 1
9455 9786 1
9457 9531 1
9461 9816 7
9463 9816 1
9466 9711 1
9470 9842 1
9480 9521 1
9482 9985 1
9482 9599 1
9482 9727 1
9489 9512 1
9490 9654 1
9492 9754 1
9493 9702 1
9509 9726 1
9509 9666 3
9512 9678 1
9531 9810 1
9535 9622 1
9554 9753 1
9560 9641 1
9563 9686 3
9593 9653 1
9597 9637 2
9600 9711 1
9637 9893 1
9656 9675 1
9665 9729 1
9683 9816 1
9691 9798 1
9701 9816 1
9711 9863 5
9729 9774 1
9762 9842 3
9769 9835 5
9779 9834 7
9786 9804 1
9786 9901 1
9794 9816 1
9798 9869 2
9798 9890 1
9809 9835 1
9842 9974 2
9842 9856 1
9876 9880 1
9907 9925 2
