5 9522 5
5 9399 1
5 9136 1
5 9212 2
5 9519 1
8 9276 1
8 9569 1
9 8736 1
9 9047 1
9 9077 194
9 9279 1
9 9310 1
10 8842 2
10 9465 1
10 9651 3
10 9783 1
28 9657 1
36 9201 1
36 8838 2
36 9426 1
36 8880 26
36 9749 1
36 9355 1
54 8760 9
54 9066 6
54 8854 1
66 9333 1
66 9354 1
66 9363 1
66 9278 1
66 9138 18
66 9644 1
66 9835 3
79 9553 1
79 9664 1
79 9940 1
79 8698 1
79 9703 1
82 9194 6
82 9079 1
124 8740 11
124 8950 2
124 9435 1
124 9465 1
124 9939 1
124 9042 1
124 9674 1
147 8708 6
147 9102 1
147 9200 1
151 9477 17
151 8720 1
151 9039 1
151 9729 1
151 9033 1
152 8646 1
152 8633 12
152 9175 1
152 9876 8
152 9247 1
152 9738 2
171 9817 2
171 9699 1
171 9902 1
199 8701 1
199 9671 1
199 9683 1
199 8680 1
208 9767 1
208 9503 1
208 9883 2
208 9358 1
218 9385 6
218 9144 3
218 9797 1
230 8585 1
230 9218 2
230 9430 1
242 8846 1
242 9902 1
242 9877 1
273 9786 1
273 9178 1
273 9810 2
273 9866 1
273 9077 3
302 9329 1
302 8997 52
302 9238 10
302 9553 1
302 9822 1
302 9836 1
302 8991 12
302 9896 1
302 9379 2
306 9910 1
306 8662 10
306 8742 3
327 9959 1
327 8556 1
327 9158 1
327 9040 1
333 9875 1
333 8740 1
340 9249 1
340 9823 1
340 9145 1
340 9261 1
340 9841 1
340 8544 1
340 9241 1
340 8958 3
340 9242 1
340 9399 2
343 8657 1
343 8783 4
343 9284 4
343 9663 2
343 8672 1
343 8689 1
343 9501 1
343 9580 1
343 9923 2
343 9129 1
366 8572 1
366 8875 1
366 9636 1
375 9302 3
375 8773 1
375 8978 2
375 9318 1
375 9767 1
394 9212 1
394 8700 1
394 8547 2
394 8808 1
394 9207 1
402 9549 1
402 9662 2
402 8591 1
402 8808 1
402 9894 1
412 8754 6
412 9474 187
413 9622 4
413 9452 1
430 9018 1
430 9171 2
430 9915 32
430 8736 2
430 9577 2
434 8595 1
434 9217 2
434 8686 1
436 8698 1
436 9253 11
436 8555 31
437 9869 3
437 8901 3
437 9274 24
437 9347 1
437 9194 1
447 8734 6
447 9289 3
447 9949 1
447 9132 1
447 9844 3
452 8709 3
452 9840 7
452 9147 1
452 9613 1
452 9103 2
452 9178 1
452 9258 4
452 9992 1
459 8600 4
459 9196 1
459 9345 4
459 9683 1
459 8832 4
484 9138 1
484 8674 8
484 8859 1
518 9236 12
518 8802 1
518 9701 1
518 9543 1
524 8743 1
524 9523 1
524 8768 24
524 9905 1
524 8778 1
524 8798 3
524 9621 1
524 9679 5
529 8700 17
529 8925 1
529 9221 1
529 9730 1
536 8771 3
536 9177 2
555 8972 1
555 8901 2
555 8652 1
557 9323 1
557 8877 3
557 9652 1
569 8679 17
569 9563 2
569 9540 1
569 9036 1
569 9258 8
569 9496 1
569 9916 1
575 8699 1
575 9244 1
591 9330 1
591 9457 1
592 9734 2
634 8576 1
634 9611 1
644 9644 1
644 9619 1
645 9278 1
650 9318 1
650 9117 16
650 9205 2
650 9821 1
659 9438 6
659 8730 1
659 8555 9
659 9317 2
659 8654 1
689 8669 1
689 9124 1
689 8552 1
705 9151 47
705 9523 1
705 9587 2
705 8899 4
705 9681 1
705 8634 5
742 8948 20
742 8850 1
742 8679 1
742 9137 5
742 9078 2
742 9372 4
742 8932 1
742 9786 1
744 8991 1
744 9696 2
744 8633 1
744 8826 1
776 9025 1
776 9490 1
776 9781 1
779 9335 1
779 9443 1
779 9215 1
779 8703 1
779 8709 1
780 8546 2
780 8650 4
791 9103 1
791 8643 1
791 9391 1
791 9404 1
795 9034 6
795 9913 1
795 8617 4
795 8792 1
795 8882 2
795 9822 1
795 8978 1
812 9452 72
812 9877 2
812 9729 3
824 9846 85
824 9589 3
824 8547 1
824 8722 1
824 8867 1
824 9778 1
825 9235 2
825 9041 1
841 9770 3
841 9919 1
841 9938 1
841 8882 2
860 9849 1
860 8851 15
860 9126 1
860 9912 1
861 8565 3
861 8896 1
861 9306 1
861 9915 1
861 9463 1
863 9567 3
863 9087 1
863 8626 1
863 8776 1
863 9767 1
863 9094 2
863 9596 2
867 8657 2
867 9359 4
874 8945 1
874 9782 2
892 9850 2
894 9549 1
894 8993 8
894 8971 1
899 9092 47
911 8678 2
911 8749 1
911 9754 1
917 9115 2
917 8581 1
917 9540 1
923 8852 6
923 8902 9
923 9963 1
923 9830 1
925 8737 1
925 9561 53
928 9127 1
928 9403 1
928 9430 2
928 9104 1
928 9252 1
928 9705 3
928 8728 2
928 9734 2
934 8659 1
934 8652 3
934 8861 3
934 8943 1
934 9894 1
934 8691 2
949 9132 2
949 9807 32
949 8825 5
949 9147 7
949 9369 1
949 8876 12
949 9611 1
949 8582 1
955 8770 1
955 9782 1
955 9494 1
955 9225 2
955 9480 1
955 9874 1
955 8801 1
955 8972 4
967 8630 2
967 9859 1
969 9036 1
969 8534 2
969 8706 1
969 9065 1
969 8909 1
969 9167 1
969 8684 1
1003 8886 1
1003 9571 3
1018 9491 2
1018 9746 3
1018 8559 1
1018 9115 5
1018 8993 1
1018 9321 1
1018 9536 3
1024 9367 1
1039 9458 1
1039 8989 1
1039 9151 2
1042 9577 2
1042 9347 1
1042 9651 1
1042 9910 1
1042 9869 1
1073 8757 1
1073 8678 7
1073 9001 2
1087 9826 11
1087 9811 2
1091 8759 1
1091 9086 1
1091 8842 6
1091 9451 4
1091 9931 1
1102 9570 2
1102 9018 1
1102 9827 1
1102 9081 3
1102 9660 2
1102 9744 1
1112 9585 1
1112 8565 1
1112 8629 1
1112 9659 2
1122 8759 2
1122 9316 1
1146 8896 1
1146 9664 1
1146 9987 1
1146 9961 2
1146 8567 1
1146 9604 1
1146 9365 1
1151 8559 83
1151 8798 11
1151 8914 1
1151 9935 1
1163 9759 2
1163 9435 2
1163 8593 29
1163 9699 1
1163 9016 13
1163 9303 6
1171 9513 1
1171 8680 1
1171 9366 1
1171 9430 19
1171 9808 1
1171 9639 2
1171 9696 1
1172 9104 1
1172 9315 4
1172 8593 1
1172 8718 16
1172 8567 2
1172 8991 22
1172 9086 1
1172 9976 1
1179 9795 1
1179 9936 1
1179 9022 3
1179 9043 1
1185 9153 2
1191 9238 1
1191 9974 1
1191 8763 2
1191 9994 1
1191 9334 1
1193 9643 1
1193 9204 1
1195 8986 5
1195 9502 1
1195 9841 1
1195 8708 3
1195 9465 3
1195 8988 8
1195 9991 1
1195 8902 1
1195 9057 1
1195 9971 1
1204 9339 1
1204 9898 6
1210 8793 12
1210 9243 2
1210 9737 1
1220 8927 1
1220 9485 2
1220 8890 19
1221 9072 1
1221 9107 1
1221 8613 2
1222 9175 4
1222 8917 1
1222 9434 1
1231 9677 2
1233 9759 16
1233 9014 2
1233 9975 3
1256 8722 2
1256 9561 1
1256 9269 2
1257 9629 8
1257 9404 4
1257 9540 4
1257 8875 1
1257 9373 1
1275 9783 4
1275 9744 1
1278 9372 1
1278 9752 1
1278 9982 1
1278 8654 1
1278 9168 1
1278 9774 2
1308 8989 2
1308 8730 1
1308 9236 1
1312 9898 1
1312 8926 1
1312 9973 1
1312 8541 1
1312 9740 3
1317 9212 2
1318 9369 1
1318 9560 1
1318 8624 1
1318 9190 1
1318 9994 1
1318 9031 1
1330 9269 3
1330 8610 1
1330 8911 1
1336 8957 1
1336 9283 1
1346 8740 1
1346 9384 3
1346 9448 17
1353 9234 1
1353 8536 2
1353 9135 1
1353 9275 1
1364 8995 11
1364 9759 1
1364 9909 1
1368 9878 1
1368 9940 2
1370 9502 1
1370 9580 1
1370 9191 1
1378 9042 3
1411 9078 1
1429 8966 1
1429 9875 1
1435 8547 1
1435 9456 1
1435 9054 3
1435 9222 13
1439 8679 3
1445 9547 1
1449 8942 1
1449 8663 1
1458 8581 1
1458 9589 1
1462 9854 1
1462 9165 2
1478 9899 15
1478 9519 1
1478 8920 2
1478 9606 1
1479 9989 1
1479 8750 6
1481 8722 3
1481 9160 42
1481 9626 1
1481 8823 1
1483 9413 1
1483 8730 8
1483 9195 1
1483 8584 1
1501 9104 1
1501 9786 1
1501 9724 3
1501 9626 12
1501 9457 1
1501 9750 4
1523 9919 3
1523 8874 1
1523 9994 13
1575 8971 2
1575 9680 4
1575 9801 1
1575 9528 2
1616 9630 2
1616 9803 6
1635 8728 1
1635 9277 1
1635 8944 10
1640 9041 2
1640 9513 2
1647 8582 3
1647 9019 3
1647 9306 2
1647 9617 2
1687 8652 1
1687 9961 3
1687 8882 2
1687 9333 1
1694 9385 1
1698 9118 4
1698 9146 1
1698 9372 1
1698 9124 1
1698 9438 2
1698 8914 1
1698 9024 2
1711 9023 8
1711 8679 1
1711 9610 1
1742 9628 1
1742 9723 16
1742 8888 3
1742 9822 125
1746 8601 1
1746 9213 2
1746 9703 14
1746 9740 3
1746 9094 1
1746 8563 3
1746 8688 2
1763 9407 16
1763 9411 20
1773 8613 2
1773 8955 11
1773 8755 1
1774 9238 1
1781 9928 1
1781 9585 1
1787 9485 1
1787 9212 1
1787 9776 3
1793 9218 1
1816 8803 1
1816 8733 2
1820 9184 1
1820 9915 1
1827 8669 1
1827 8541 1
1827 9509 1
1847 9922 1
1847 9656 5
1856 9392 1
1856 8679 2
1895 9036 1
1903 8851 6
1903 8890 3
1903 9278 3
1903 8638 1
1903 9672 1
1913 9476 4
1920 9724 1
1920 8761 1
1930 9777 2
1930 9866 3
1930 9228 1
1930 9201 1
1930 8552 1
1930 8805 1
1930 9252 3
1940 8955 1
1940 9601 16
1940 8839 1
1940 8566 1
1940 9171 1
1945 9528 8
1945 9674 17
1947 9274 1
1947 8629 1
1947 9520 1
1947 8576 1
1947 9872 1
1952 9812 26
1952 8842 4
1952 8834 1
1952 9768 2
1952 9290 1
1952 9706 2
1964 8949 1
1974 8763 1
1974 9173 1
1974 9638 1
1979 9668 1
1979 9918 1
1979 9414 4
1979 9949 1
1982 9211 1
1982 9524 2
1982 8801 2
1982 8880 1
1988 9275 1
1988 8924 1
1988 9730 1
1988 9023 1
1999 9556 6
1999 8934 25
1999 9702 1
1999 9859 1
1999 8874 3
1999 9561 1
1999 9733 2
2018 9812 2
2067 8649 1
2067 9042 1
2071 9814 1
2071 9560 2
2072 9310 1
2072 8792 1
2072 9829 1
2073 8854 1
2073 8685 3
2073 8893 1
2073 9799 1
2073 9987 1
2088 9899 1
2088 8592 1
2088 8810 3
2088 9107 1
2123 9983 1
2123 8874 1
2123 8879 1
2123 9296 3
2123 9810 1
2128 9997 1
2131 8539 3
2144 8929 1
2144 9585 3
2144 9117 2
2144 9921 1
2144 9742 7
2144 8696 1
2144 8731 1
2144 9309 3
2160 9886 2
2167 8948 1
2167 9318 1
2167 8915 1
2167 9969 1
2169 9016 1
2169 9078 2
2183 9619 8
2183 9539 1
2183 8811 5
2183 9855 1
2185 9815 1
2185 9070 1
2185 9669 37
2185 8550 15
2185 9264 3
2185 9841 1
2193 9318 1
2193 9689 1
2220 8850 1
2234 9661 2
2234 8847 1
2234 9354 3
2286 9191 1
2286 8740 1
2286 8923 1
2286 8989 2
2313 8958 1
2313 9936 4
2313 9093 1
2313 9132 6
2313 8950 1
2313 9133 1
2320 8778 1
2320 8813 1
2320 9403 11
2345 9872 1
2357 9337 5
2357 9928 1
2357 9536 6
2357 8673 1
2357 9733 5
2357 9608 1
2359 8719 1
2359 9680 3
2364 9429 1
2364 8727 1
2364 9795 1
2364 9002 1
2364 9308 4
2364 9536 4
2364 9770 7
2375 8618 3
2377 9774 1
2377 9918 1
2377 8987 2
2377 9168 2
2377 9173 2
2377 9376 5
2377 8734 1
2377 9584 1
2379 8804 1
2379 8794 7
2379 9832 1
2379 9049 1
2387 9054 5
2387 9419 40
2387 9700 1
2387 8941 1
2387 9425 1
2387 9664 1
2387 9609 5
2387 8597 2
2387 9661 5
2387 9856 1
2389 9029 1
2389 9379 5
2389 9513 1
2389 9701 1
2394 8821 6
2404 9019 7
2404 8983 1
2410 9328 1
2410 9629 2
2410 9983 1
2410 9903 1
2411 9323 7
2411 9611 1
2418 9140 2
2418 9513 2
2459 8948 1
2460 9290 1
2460 9310 1
2460 9835 2
2460 9320 2
2460 9204 1
2471 9260 9
2471 8749 7
2471 9826 1
2471 9986 1
2471 8706 3
2471 9043 1
2471 9211 1
2471 8698 1
2483 8748 2
2483 8746 1
2483 8846 1
2483 9215 4
2484 9377 11
2502 8634 1
2502 9230 1
2502 9323 1
2502 9854 1
2502 9212 1
2509 9285 1
2509 9473 2
2509 9599 1
2511 9696 2
2511 9779 17
2511 9766 1
2527 8569 2
2527 9759 1
2527 8948 8
2527 8559 1
2527 9038 1
2527 9244 1
2527 9435 81
2527 9225 1
2527 9860 1
2529 9306 6
2529 8822 1
2529 9716 1
2536 9179 1
2536 9263 2
2536 9345 1
2538 9325 1
2538 8588 22
2558 9247 5
2565 9448 1
2565 9504 9
2565 9812 1
2565 9824 1
2565 9055 2
2585 8912 7
2585 9840 1
2585 8634 1
2585 9005 1
2585 9143 1
2585 8591 1
2585 9211 1
2597 9316 1
2597 9114 1
2597 9713 3
2598 9333 6
2598 8586 1
2598 9080 5
2598 8961 1
2598 9126 11
2598 9724 2
2598 9914 2
2598 9643 14
2621 8950 1
2621 9638 6
2637 8816 2
2648 9854 36
2648 8825 17
2648 9125 1
2648 9657 1
2666 9189 2
2675 9692 1
2683 9973 2
2683 9277 2
2685 9496 2
2685 8876 2
2685 9261 2
2685 9008 1
2699 8742 22
2699 8545 1
2699 8951 1
2699 9599 45
2699 8948 4
2699 9510 3
2707 8720 5
2707 8557 1
2707 9130 1
2723 8629 150
2723 8654 1
2723 9193 1
2723 8592 1
2723 9045 1
2733 8701 1
2733 8818 1
2753 9325 1
2753 8589 1
2753 9347 1
2772 9357 2
2799 8719 2
2799 9020 1
2813 9234 1
2813 9317 1
2813 9440 1
2813 8673 127
2813 9916 1
2813 8733 4
2832 9994 3
2847 8558 1
2847 8967 1
2847 9237 1
2847 9100 1
2847 9469 1
2847 8654 1
2847 8662 1
2847 9020 3
2847 9810 4
2847 9886 1
2849 8913 1
2865 8594 1
2865 8970 20
2865 9865 1
2865 8627 1
2865 9759 1
2867 9891 1
2867 8540 16
2867 9501 1
2867 9217 1
2867 9559 2
2867 8657 1
2878 8886 1
2878 8926 4
2881 9363 1
2889 9743 1
2892 9604 1
2896 9685 1
2896 8741 1
2896 9512 1
2896 9942 3
2896 9843 3
2912 9200 1
2912 9669 1
2936 9041 5
2946 9971 1
2946 8559 1
2946 8891 7
2946 9045 90
2946 9189 2
2946 9154 2
2946 9649 1
2951 9809 1
2951 8795 1
2970 9135 1
2979 9843 3
2979 9386 1
2979 8770 1
2979 8883 1
2979 9690 2
2979 9945 2
2979 9491 5
2979 9633 1
2979 9982 1
2997 9476 1
2997 9627 16
2997 9628 2
2997 9508 1
3001 9020 8
3001 9269 3
3001 9319 1
3001 9865 3
3001 9685 1
3001 9749 3
3001 9854 10
3010 9460 1
3010 8891 2
3016 9938 1
3016 8838 2
3041 9922 1
3041 8646 2
3041 9474 4
3056 9412 2
3067 9330 1
3067 9754 4
3067 9769 2
3094 9165 1
3097 8970 2
3097 8703 1
3100 8884 1
3114 9106 1
3124 9191 2
3124 9633 1
3124 9857 200
3155 9938 8
3165 9520 1
3165 9798 2
3165 9793 1
3167 8763 3
3167 9014 1
3171 9440 2
3171 8679 2
3171 9063 5
3186 9263 3
3186 8995 4
3192 9749 2
3192 8602 2
3200 9129 1
3200 8539 39
3200 9984 3
3204 8746 1
3204 8671 3
3204 9622 4
3204 9877 1
3204 8678 1
3204 8840 1
3209 9464 3
3209 9005 3
3221 8805 1
3221 8966 1
3221 9072 2
3240 9777 1
3240 8533 2
3240 9764 2
3255 8840 1
3255 8727 1
3255 8728 1
3255 8815 1
3255 9315 1
3255 9482 1
3255 9150 3
3279 9706 1
3289 9963 1
3289 8924 1
3289 9568 1
3289 9793 1
3293 9671 5
3293 8872 1
3293 9483 1
3293 8815 1
3296 8707 30
3296 9522 1
3296 8569 1
3296 8776 1
3296 9943 2
3298 8673 3
3298 8609 3
3298 9651 2
3298 9662 1
3298 9725 1
3314 9750 1
3314 9497 1
3314 9656 1
3341 9302 1
3341 9426 1
3341 8711 2
3341 9260 5
3375 9054 6
3375 9009 1
3375 9824 1
3392 8890 2
3392 9474 1
3392 9615 1
3392 9059 1
3392 9380 1
3397 9035 29
3397 9587 2
3397 9045 5
3397 9909 1
3397 8657 2
3400 8769 1
3400 9219 2
3400 9291 1
3400 8599 1
3400 8601 1
3400 9965 2
3401 8756 1
3401 9884 1
3401 9116 1
3406 8597 1
3406 9358 1
3407 9611 1
3407 9754 1
3407 8666 6
3407 9543 2
3407 9823 1
3470 9489 1
3471 9277 1
3471 9473 1
3471 8795 1
3471 9469 1
3478 8770 1
3478 8815 1
3478 9359 1
3478 9379 1
3478 9547 1
3478 9932 2
3478 9952 5
3492 8842 3
3492 9730 7
3492 9207 1
3492 9907 1
3492 8879 1
3494 8942 2
3494 8709 200
3494 9568 1
3494 9561 2
3494 9931 1
3494 8608 1
3494 9237 1
3494 9733 1
3494 9384 2
3495 8745 1
3495 9316 1
3495 8589 1
3495 8741 2
3506 9616 1
3506 9518 5
3525 8669 1
3525 9806 3
3525 9114 10
3525 9858 1
3525 8748 3
3531 9071 1
3531 9870 5
3534 8593 4
3534 9458 1
3534 8850 4
3534 9117 23
3534 8578 11
3534 9498 1
3534 9419 2
3536 9903 1
3542 8691 1
3542 9118 1
3542 9483 2
3543 8934 3
3543 8563 1
3543 9508 1
3543 9437 1
3543 9309 3
3543 9656 1
3543 8745 1
3543 9177 4
3543 9982 1
3543 9631 1
3552 8901 1
3552 8585 1
3552 9965 1
3552 8668 1
3553 9565 1
3571 8712 3
3571 9264 1
3571 9115 1
3571 9367 4
3590 9499 2
3590 8858 1
3609 9625 1
3609 9694 1
3625 9227 3
3625 9601 8
3625 8672 2
3631 9527 1
3631 9598 2
3631 9016 1
3631 9850 7
3631 8566 1
3631 9569 1
3631 8993 3
3638 9167 1
3638 9556 1
3638 9866 2
3638 8649 46
3638 8771 1
3638 9719 12
3670 8565 3
3670 8945 1
3670 8662 1
3670 8728 1
3670 8971 200
3677 8547 1
3677 9237 1
3677 8883 2
3677 9937 1
3677 8899 6
3678 9823 1
3678 9279 1
3678 9937 1
3680 8627 1
3680 9870 2
3680 9171 2
3680 9606 1
3680 9411 1
3680 9461 1
3680 9575 1
3685 8552 1
3685 9592 13
3686 9082 14
3686 9650 1
3689 9437 3
3698 9173 1
3698 8970 1
3702 9321 1
3711 8650 1
3711 9299 1
3711 9840 1
3711 9884 7
3751 9242 3
3751 9890 1
3751 8763 24
3751 9886 9
3763 8792 1
3763 9966 2
3763 9370 3
3770 9337 1
3770 8741 1
3777 9215 7
3796 8884 1
3796 8821 7
3796 9776 1
3796 9106 2
3796 8630 1
3831 9574 1
3831 9299 8
3831 8554 8
3831 8835 2
3831 8923 1
3834 8790 1
3834 9881 1
3834 9510 7
3834 9155 1
3837 9696 1
3837 9827 2
3837 9856 13
3837 9307 1
3837 9659 1
3837 9335 2
3837 9825 1
3844 9520 1
3844 8563 1
3844 8974 2
3844 9262 1
3844 9917 5
3875 9061 2
3880 9098 2
3880 8886 1
3880 8986 16
3880 9685 1
3880 9954 1
3900 9460 1
3904 9744 1
3904 9132 14
3904 9355 1
3904 9463 13
3904 9896 1
3904 9950 1
3904 9605 1
3904 9800 1
3911 9679 3
3911 8747 1
3911 8783 1
3911 9570 1
3911 9650 1
3918 9791 1
3918 9310 7
3918 8958 1
3918 9237 2
3918 9769 1
3924 9007 1
3924 8699 1
3924 9592 1
3927 9102 2
3927 8784 1
3927 8873 1
3934 9886 1
3934 8839 2
3934 9059 2
3934 9972 1
3939 9367 2
3939 9710 1
3940 9124 1
3951 9452 3
3951 8974 1
3951 9225 5
3951 8622 2
3957 9972 1
4004 9976 2
4004 8988 1
4004 9309 1
4004 9928 1
4031 9843 3
4031 8917 1
4031 9837 1
4031 9549 1
4031 9921 1
4047 9522 1
4047 9856 3
4047 9320 1
4047 9799 7
4073 9897 2
4073 9528 1
4073 8736 1
4080 9337 4
4080 8901 1
4086 9739 1
4086 9153 1
4086 8705 1
4086 9076 1
4086 9542 1
4086 9722 1
4104 9241 2
4104 9691 34
4104 9081 2
4104 9874 1
4104 9110 1
4129 8536 7
4129 8872 1
4129 9700 2
4129 9857 1
4129 9231 3
4129 9707 3
4129 9749 1
4129 9782 1
4129 9357 6
4143 8640 2
4143 9045 1
4151 8563 1
4151 9301 1
4151 8773 10
4151 9456 1
4158 9249 6
4158 9134 1
4158 9221 8
4158 9892 2
4158 8830 1
4158 9385 1
4160 9510 1
4160 9640 2
4160 9780 1
4172 9200 1
4172 8542 1
4172 9720 2
4172 9899 8
4190 8810 3
4190 8847 2
4190 9960 1
4190 9974 1
4191 9992 1
4202 9459 5
4202 8540 1
4203 8850 1
4211 8851 1
4211 9450 1
4211 9272 2
4211 8849 1
4211 9019 1
4211 9482 2
4215 8791 1
4215 8757 1
4215 9781 1
4242 9128 28
4242 9715 1
4242 8586 2
4242 8975 8
4242 9190 2
4242 9548 1
4251 9840 1
4255 8988 2
4255 9537 1
4255 9651 3
4255 9576 1
4261 9435 1
4284 9946 10
4284 9426 19
4284 9826 1
4306 9747 1
4306 9191 2
4306 8663 4
4306 8790 6
4306 9938 8
4308 9007 3
4308 8655 1
4308 9602 1
4310 9277 1
4310 9410 1
4310 9676 3
4310 9622 1
4324 8744 1
4324 9849 1
4324 9990 2
4324 8652 1
4324 9288 1
4324 9273 1
4324 9416 3
4329 8915 1
4329 8536 1
4329 9128 1
4329 8548 59
4329 8753 3
4332 8818 3
4332 9484 1
4332 9587 2
4341 9841 4
4341 9270 1
4341 8593 5
4341 9143 1
4380 9154 1
4380 9835 1
4380 9553 1
4394 9359 1
4394 9217 1
4394 9807 2
4406 9633 13
4406 9232 1
4406 9619 1
4406 8767 2
4406 9217 1
4406 9983 2
4406 8747 1
4411 8746 1
4411 9160 11
4411 8885 2
4411 9436 1
4411 8756 1
4411 9698 1
4411 8613 1
4411 8822 1
4411 9034 6
4411 9824 1
4413 9213 1
4413 8872 4
4413 9754 48
4413 9984 1
4413 8688 1
4413 9127 2
4413 9494 5
4414 9366 1
4414 9137 4
4414 9272 11
4420 9379 1
4420 8867 1
4420 8778 1
4420 9131 1
4420 8599 2
4420 9424 4
4420 9492 1
4428 9568 2
4428 8706 4
4428 9003 3
4428 9289 1
4428 9397 3
4475 9183 1
4475 9257 1
4475 9446 8
4482 8684 1
4482 9746 3
4482 9814 4
4482 9846 2
4488 8731 2
4520 9897 1
4520 8946 1
4520 9723 1
4520 9770 1
4520 9679 2
4520 9783 2
4520 9697 1
4524 8669 2
4524 8685 2
4524 9814 1
4524 8743 1
4524 9464 7
4542 9844 1
4542 9485 2
4542 9630 1
4542 9506 1
4542 9184 1
4557 8705 1
4557 9627 1
4557 9817 1
4562 9175 1
4562 9476 2
4562 8830 5
4562 9051 16
4562 9260 1
4562 9565 1
4562 8562 1
4570 9070 1
4570 9455 6
4570 9079 3
4570 9168 1
4570 9448 1
4570 9565 1
4570 9815 2
4571 9369 1
4571 9052 1
4571 8576 19
4590 9492 1
4590 9659 3
4607 9755 1
4607 9547 1
4621 8867 1
4621 9069 1
4621 9215 1
4623 9925 1
4623 8823 1
4623 9241 1
4629 8534 5
4629 9859 1
4630 9926 1
4630 8834 2
4630 9719 1
4630 8533 1
4654 9247 1
4654 8933 1
4654 9444 1
4656 9755 1
4656 9319 1
4656 9825 2
4663 9676 1
4663 9484 1
4663 9811 3
4667 9575 1
4667 8608 1
4667 9865 1
4679 8768 7
4679 9543 5
4679 9247 1
4682 9357 200
4682 9214 4
4682 9638 1
4682 9907 1
4682 9329 4
4686 9803 4
4686 8673 2
4704 9803 1
4704 8896 1
4717 8849 2
4717 8624 1
4717 8546 1
4717 9963 1
4717 9142 1
4717 9565 1
4717 8670 4
4717 9458 1
4727 9430 2
4727 8625 1
4741 9299 2
4745 9726 1
4763 9133 1
4763 9766 3
4763 8912 2
4763 8888 2
4765 9610 1
4765 8647 1
4765 9793 1
4777 9974 1
4777 8932 4
4777 9333 3
4794 9410 1
4794 8665 3
4794 9273 67
4795 8952 1
4795 9715 1
4795 8867 1
4795 9604 2
4795 9776 2
4801 8972 5
4801 9334 1
4801 9918 1
4815 8858 2
4815 9686 87
4815 9984 4
4815 9380 16
4815 9687 2
4840 9717 1
4840 8948 4
4840 9702 17
4862 8672 1
4862 8601 1
4872 9066 5
4872 9578 1
4872 9894 1
4876 9315 1
4876 9621 1
4876 8698 1
4876 8535 1
4876 9116 3
4876 9339 19
4915 8788 1
4915 8566 4
4915 9145 1
4915 9268 7
4924 9082 1
4924 8967 2
4924 9590 4
4924 9961 1
4925 9568 1
4925 9133 1
4925 9407 1
4925 8900 1
4925 9849 1
4939 9687 1
4939 9797 1
4939 9644 3
4962 9553 1
4962 8564 13
4962 9027 1
4962 9311 1
4962 9963 1
4969 8767 1
4969 9523 1
4988 9734 1
4988 8795 2
4988 9412 1
4988 9474 1
4988 9196 5
4993 8793 7
4993 9233 2
4993 8681 1
4993 8926 12
4998 9343 2
4998 9389 1
4998 8716 1
4998 9089 1
5020 9730 1
5020 8697 1
5021 9932 2
5021 9269 1
5021 9088 3
5021 9284 1
5021 9716 1
5035 9899 5
5035 8932 1
5038 9814 10
5038 9126 2
5038 9037 1
5038 9639 1
5038 9843 1
5058 9502 3
5064 8985 1
5064 8943 1
5075 9284 2
5088 8744 2
5102 8581 2
5102 8733 1
5102 8812 3
5102 9128 1
5104 9899 1
5104 9540 2
5104 8755 4
5104 8894 1
5104 9671 1
5115 9407 2
5115 9826 1
5115 9122 1
5115 8730 1
5115 9680 1
5115 9128 1
5115 9807 2
5115 8943 1
5144 8804 1
5144 9227 4
5149 9208 3
5150 8638 1
5150 8858 3
5151 8987 1
5151 8934 1
5153 9752 1
5153 9392 1
5153 9789 3
5162 9835 4
5162 9427 7
5162 9355 2
5162 8849 1
5162 9354 1
5162 9178 4
5162 8816 2
5162 9302 1
5171 8657 7
5171 8668 3
5171 8744 2
5171 9066 1
5179 8588 3
5179 8594 2
5179 9122 4
5180 9081 20
5189 8830 2
5189 9301 1
5189 8803 4
5189 9367 13
5201 9813 1
5201 9301 1
5201 9412 1
5215 8688 2
5215 9173 1
5215 9210 1
5222 9621 1
5222 8619 1
5223 8747 1
5223 9263 1
5223 9425 1
5228 9975 1
5228 9667 1
5256 8893 1
5256 8543 1
5267 9027 1
5275 9842 1
5275 8630 1
5275 8853 1
5275 9124 1
5275 9330 2
5275 9423 1
5294 9802 1
5294 9719 3
5294 8769 1
5298 8576 2
5305 9991 3
5305 9426 4
5305 9158 10
5305 9499 1
5308 8860 1
5308 8591 1
5308 8675 2
5313 9052 3
5313 9341 1
5328 9558 1
5328 9007 1
5335 8896 1
5335 9696 2
5335 8552 1
5335 9033 1
5345 8952 1
5345 8699 1
5345 9812 12
5357 9127 2
5400 9858 1
5400 9773 1
5401 8548 1
5401 9308 1
5410 9025 1
5410 9358 1
5410 8737 1
5447 9332 1
5447 9150 1
5447 8572 1
5453 9857 3
5453 9076 1
5453 8873 1
5465 9744 1
5465 8880 2
5490 9932 1
5492 9829 5
5492 9716 1
5492 8655 8
5492 9723 2
5492 8624 1
5492 9253 1
5508 9993 1
5508 9391 1
5508 8911 2
5508 9912 1
5508 9193 1
5512 9752 2
5523 9609 2
5523 9177 66
5523 9432 1
5523 8860 1
5523 9007 3
5538 8655 1
5538 9323 1
5553 9813 2
5570 8811 8
5570 9205 2
5586 9799 2
5586 9367 4
5586 9545 1
5586 9628 1
5620 9249 1
5620 8790 2
5620 8595 1
5620 9575 2
5620 9066 1
5620 9649 8
5635 8677 1
5635 9065 1
5650 8678 38
5650 8677 1
5650 8674 1
5650 9446 2
5650 9532 1
5662 9897 1
5662 9022 1
5662 9371 3
5664 9059 2
5664 8920 2
5664 9254 2
5679 8685 1
5679 8744 1
5679 8917 1
5687 8859 1
5687 9835 1
5687 9212 1
5687 9476 1
5694 9146 21
5694 9043 2
5698 8619 1
5698 9842 2
5702 9656 3
5702 9288 5
5702 9189 4
5702 9628 1
5702 9389 12
5705 9793 2
5705 9528 1
5705 9836 1
5705 8752 20
5705 8947 2
5705 9092 1
5712 8729 1
5712 9961 1
5712 9700 2
5728 9414 1
5741 8885 1
5741 8782 2
5741 8987 1
5741 9276 2
5749 9369 1
5749 9080 1
5749 9395 1
5757 9301 2
5757 8927 1
5780 8558 1
5780 9455 3
5780 9932 1
5803 9800 1
5818 8712 1
5818 8819 1
5818 9626 2
5818 9826 1
5818 9227 1
5818 9399 5
5818 9581 2
5820 9242 1
5820 8790 13
5828 9086 2
5828 8923 2
5828 8872 1
5833 9166 1
5851 9756 1
5870 8671 10
5870 9018 2
5870 9952 2
5876 9909 2
5876 9596 17
5876 8546 43
5876 8557 2
5876 9972 1
5876 8812 1
5876 8900 4
5876 9926 1
5892 8947 2
5892 9485 1
5892 9051 2
5892 9002 1
5900 9905 41
5900 8729 2
5900 8874 1
5900 9055 2
5900 9732 1
5900 8707 3
5900 8776 1
5900 9568 1
5900 8685 2
5900 9210 1
5900 9302 1
5906 9193 1
5906 9278 1
5906 8646 2
5906 9010 1
5906 8564 2
5912 8633 1
5919 9622 1
5919 8778 1
5919 9574 3
5948 8697 12
5964 9985 2
5964 8761 1
5964 9228 1
5964 9477 1
5974 8544 2
5974 8545 1
5974 8760 3
5974 9026 1
5980 9107 1
5980 8752 2
5980 9562 1
5980 9968 1
5980 8794 1
6005 9640 2
6005 9171 1
6005 9029 1
6005 9084 13
6016 9572 1
6029 9498 7
6029 9337 1
6029 9642 3
6047 8763 1
6047 8755 1
6047 9483 1
6047 9492 1
6047 8722 1
6047 9806 2
6047 8803 1
6069 8740 1
6069 8884 1
6069 8684 1
6074 9253 2
6080 9147 2
6080 9461 3
6080 8696 2
6080 9258 2
6080 8545 1
6080 8842 1
6080 9320 9
6080 9817 2
6114 9877 1
6114 9080 2
6114 8565 1
6133 9928 1
6133 9023 2
6133 8638 1
6133 8852 1
6133 9563 1
6133 8595 1
6133 8707 1
6137 9762 1
6137 8722 1
6137 8767 1
6146 8629 2
6146 8744 1
6146 9238 1
6146 9698 1
6146 8739 1
6146 9685 1
6146 9339 1
6151 8701 1
6151 9003 1
6151 9676 2
6151 8677 1
6151 9102 1
6151 9336 1
6151 8787 1
6151 9958 1
6162 9395 2
6164 9202 23
6164 8618 7
6165 8609 13
6165 8554 1
6166 9101 3
6171 9569 1
6171 9811 1
6171 8665 2
6171 8535 1
6172 8534 1
6172 9041 1
6172 9115 1
6172 9520 1
6172 9352 2
6188 9202 4
6188 9587 1
6188 9743 1
6200 8929 1
6200 9687 2
6200 9723 1
6200 9914 1
6212 8608 2
6212 8747 3
6212 9056 1
6212 9738 2
6214 8712 11
6214 8880 1
6214 9132 1
6216 9963 1
6216 8983 11
6216 9606 200
6246 9267 33
6246 9821 4
6246 9363 3
6246 9669 1
6246 9874 1
6262 8850 5
6262 8860 1
6264 8537 1
6264 9436 1
6264 8793 1
6264 8894 1
6264 9027 3
6264 9114 2
6264 9352 1
6264 9791 1
6273 9570 6
6273 9138 3
6273 9467 1
6273 9153 1
6273 9342 1
6273 9923 3
6273 9968 1
6297 8839 1
6297 9274 4
6297 8536 4
6301 9129 1
6301 9276 1
6301 9550 1
6308 9288 3
6308 8989 1
6308 9447 1
6308 9504 7
6317 8893 1
6317 8649 4
6351 9303 1
6351 9570 1
6351 9836 1
6353 9687 3
6353 9769 1
6357 9990 2
6357 9052 1
6357 9450 1
6369 9608 8
6369 9921 1
6369 9132 2
6369 9705 2
6371 8741 10
6371 9627 1
6371 8949 4
6371 9279 4
6391 9434 24
6391 9037 1
6391 9010 1
6396 8708 2
6396 9919 2
6399 9088 2
6399 8783 2
6428 8639 1
6428 9150 24
6428 9357 5
6428 9183 3
6428 9908 1
6431 9423 1
6432 9205 1
6432 9825 4
6432 9160 4
6432 9182 1
6432 9795 1
6433 9398 1
6463 9724 17
6463 9966 1
6463 9029 2
6463 9386 1
6471 8952 1
6471 9668 2
6471 8670 1
6471 9636 1
6471 9734 1
6471 9789 1
6483 8986 3
6483 9092 2
6483 9098 1
6483 8535 1
6483 8542 3
6483 8899 2
6483 9837 1
6503 9319 2
6503 9047 2
6503 9776 1
6503 9429 1
6503 8729 4
6503 9284 1
6503 9627 1
6503 9925 1
6538 8654 66
6538 9332 1
6538 9532 1
6538 9024 1
6538 9307 2
6538 9355 2
6548 8804 1
6548 9750 3
6548 8712 1
6548 9219 1
6548 9632 12
6548 9743 1
6548 9800 1
6558 9726 1
6558 9131 1
6558 9235 1
6585 9549 1
6585 8887 2
6585 8639 1
6585 9088 1
6591 8808 2
6591 9321 1
6591 9633 1
6591 9690 1
6591 9946 1
6591 9142 1
6591 9234 1
6591 9544 3
6591 9762 1
6598 8810 1
6598 9604 1
6598 9228 1
6598 9461 2
6616 9151 1
6616 8671 1
6616 8788 2
6616 9504 1
6616 9581 1
6632 8684 14
6634 9968 2
6634 8813 4
6644 9345 2
6644 9014 3
6644 9419 7
6644 9337 2
6644 9907 1
6644 9630 1
6655 9544 1
6655 9605 6
6655 9009 8
6655 9875 1
6655 9921 1
6655 8882 4
6655 8718 10
6658 8763 2
6658 8622 3
6658 8970 1
6660 9129 11
6660 8757 1
6661 8674 1
6661 9489 1
6671 9143 1
6671 9732 185
6671 9752 5
6677 8794 2
6677 8540 1
6677 9147 3
6677 9813 1
6677 8757 1
6677 9309 6
6677 9321 3
6677 9080 2
6677 9489 1
6678 9657 1
6678 8826 1
6678 9113 2
6678 9539 1
6678 9781 1
6678 8748 2
6678 8884 1
6686 9134 2
6686 8704 24
6686 9372 1
6686 9680 3
6697 9232 1
6697 9372 4
6697 8770 3
6697 9178 2
6697 9663 1
6732 9676 5
6732 8961 1
6732 9556 1
6732 8712 1
6732 9242 2
6745 8880 76
6745 9907 1
6745 9035 5
6745 9561 3
6745 9596 1
6745 9196 1
6760 8839 6
6760 8946 2
6760 9883 7
6761 9446 51
6761 9288 1
6761 9549 1
6761 9240 1
6767 9217 1
6767 9127 2
6773 9178 1
6773 8555 1
6773 8949 1
6773 9065 9
6776 9771 1
6776 9353 1
6776 9068 1
6776 9598 1
6780 8703 1
6780 8920 1
6780 8663 2
6782 9570 1
6782 8718 1
6782 9411 1
6786 9214 1
6786 8977 1
6786 9386 1
6788 9240 1
6790 9716 1
6790 8877 2
6790 9562 1
6802 9291 26
6802 8950 1
6802 8626 1
6802 8804 8
6802 8810 1
6802 8927 2
6806 8536 1
6806 9881 3
6806 9972 1
6838 8771 4
6838 8610 1
6838 9656 16
6838 8597 1
6838 8672 3
6838 9584 1
6854 9506 1
6861 9802 1
6861 9098 3
6861 9576 2
6871 8775 2
6871 8850 1
6882 9403 1
6882 9581 8
6882 9809 3
6882 8767 1
6882 9237 2
6882 9779 1
6886 8941 1
6886 9938 1
6886 9285 1
6886 8558 1
6886 8643 2
6900 8860 1
6900 8958 1
6900 9182 1
6913 9482 2
6913 9715 1
6913 8597 1
6913 9710 1
6913 9581 1
6913 8949 1
6913 9183 13
6932 8588 1
6932 9639 1
6932 8962 8
6932 9838 2
6932 9291 1
6932 9336 2
6943 9707 1
6943 8803 3
6946 8736 1
6946 9809 2
6946 8697 1
6946 9049 1
6946 8659 3
6946 9520 1
6946 9772 4
6949 8617 1
6949 8698 1
6949 9052 10
6949 9975 1
6955 9336 4
6955 9103 1
6955 9965 1
6955 8704 1
6955 8610 1
6965 9065 1
6965 9936 2
6965 8977 7
6973 8755 1
6973 8794 6
6973 9323 4
6973 9675 1
6981 9598 3
6981 8719 8
6988 9144 3
6988 8827 2
6988 9620 30
6989 8877 2
6989 8603 1
6989 9291 1
6989 8599 1
6989 9045 1
6996 8771 1
6996 8669 2
6996 9486 1
6996 8574 1
7002 8899 3
7002 9282 1
7002 9084 2
7002 9291 1
7011 9371 2
7011 8926 1
7011 9747 3
7011 9482 2
7034 9705 1
7034 8998 1
7034 8641 2
7034 9486 1
7038 9650 1
7038 8589 1
7047 9671 2
7047 9363 1
7047 9875 4
7049 9838 1
7049 9049 1
7049 9118 2
7049 9387 1
7054 9463 3
7054 9070 1
7054 8619 3
7054 8925 6
7075 9558 1
7075 9830 2
7075 9782 2
7075 9599 2
7075 8640 1
7075 8727 1
7107 8595 1
7110 9864 3
7110 8950 1
7110 9051 2
7110 9560 1
7117 9876 1
7117 9245 12
7117 8696 2
7117 9147 2
7153 9610 1
7153 8768 1
7161 8933 3
7161 8924 5
7161 9311 1
7161 9817 4
7181 9814 1
7181 9272 5
7181 9517 1
7181 8955 1
7181 9201 1
7181 9910 1
7181 9093 1
7200 8749 1
7200 9601 2
7200 9115 1
7200 9273 2
7200 9891 1
7200 9580 103
7200 9664 1
7210 9233 1
7210 9196 5
7210 8885 1
7210 9772 2
7210 9913 1
7210 8667 1
7210 8997 1
7214 9056 1
7214 8626 1
7214 9353 4
7230 9244 8
7230 9229 1
7237 9424 1
7237 8557 1
7237 8584 1
7237 9722 1
7248 9764 1
7248 8596 1
7248 9130 1
7248 9145 2
7248 8849 4
7249 9502 1
7249 9598 37
7253 9162 1
7253 9424 1
7253 8752 1
7253 8788 2
7253 8972 1
7262 9049 1
7262 9104 1
7266 9311 1
7266 8625 2
7266 9411 1
7266 9144 2
7266 9860 2
7273 9041 3
7273 9916 3
7290 9024 1
7293 9969 1
7293 9131 6
7293 9747 1
7293 9683 1
7293 8887 2
7293 9725 1
7293 8985 1
7309 9898 1
7309 9087 1
7332 9133 1
7332 9817 1
7332 9436 10
7332 9636 1
7351 8680 1
7351 9233 1
7351 8825 5
7375 8955 1
7375 9097 1
7375 9755 22
7378 9386 1
7378 9967 1
7378 9829 1
7378 9017 1
7393 8811 1
7393 8727 2
7399 8569 27
7399 8783 2
7399 9480 7
7399 9081 1
7406 9547 1
7406 9939 1
7409 8825 1
7409 8863 1
7409 8975 1
7409 9131 1
7409 9969 3
7409 9036 5
7409 9065 1
7409 9221 1
7409 9740 1
7409 9973 1
7415 8942 1
7415 9015 1
7415 9139 1
7415 9609 1
7419 8608 1
7419 9696 1
7419 9485 1
7421 8731 3
7421 8805 3
7421 9202 7
7423 8734 1
7423 8955 1
7423 9989 1
7437 8847 1
7437 9926 2
7437 8663 7
7437 9742 2
7472 9302 1
7472 9317 1
7472 9371 1
7472 9376 1
7472 9660 3
7480 9549 2
7480 8875 1
7480 9432 2
7499 8608 1
7499 9608 1
7499 9518 34
7499 9229 1
7499 9681 2
7508 9619 2
7508 8727 1
7540 9009 1
7540 9039 1
7540 8933 1
7540 9069 49
7540 9174 1
7540 9632 1
7553 8537 5
7560 8746 1
7560 9730 1
7560 9903 1
7560 9071 20
7560 9517 1
7560 8924 1
7560 9566 200
7560 9626 1
7561 8773 3
7561 9855 1
7561 9502 8
7561 9506 1
7564 8650 2
7564 8880 5
7564 8962 2
7564 9620 1
7585 9455 1
7585 9420 1
7585 9770 1
7589 8625 1
7589 9070 1
7589 9467 23
7592 9363 1
7609 9292 9
7609 8652 3
7619 9351 1
7619 8888 1
7619 8909 1
7619 8923 3
7619 9878 1
7619 9227 2
7619 9025 2
7619 9446 1
7619 9675 3
7619 9780 1
7619 9112 2
7619 8708 1
7629 9532 4
7629 9556 1
7629 9874 2
7629 9123 1
7629 9768 1
7650 9629 1
7650 8823 1
7650 8890 1
7650 8761 1
7650 8885 1
7656 9177 16
7656 9376 1
7656 9878 2
7664 8991 4
7664 9658 2
7664 9672 1
7666 9609 1
7666 9117 1
7666 9290 1
7666 9498 5
7677 8879 1
7677 9038 3
7678 8879 1
7681 9458 1
7681 9195 16
7698 8750 1
7703 9218 1
7703 9898 1
7703 8592 1
7703 9254 4
7708 8838 2
7708 9628 3
7708 9563 67
7713 9308 3
7713 9450 1
7713 8832 1
7713 9102 1
7713 9512 1
7714 9055 1
7714 9379 3
7714 9425 2
7714 9755 1
7714 9537 1
7714 9167 2
7714 9444 4
7737 8993 1
7738 9425 4
7738 9443 1
7738 9905 1
7745 9192 1
7745 9747 4
7745 9705 1
7745 9427 1
7747 9225 1
7747 9290 2
7747 9774 2
7747 8804 2
7748 9592 1
7752 9090 1
7752 9914 1
7752 8847 1
7752 9438 5
7800 9616 1
7800 8893 1
7800 9739 5
7805 9632 2
7805 8911 1
7805 9343 1
7805 9781 2
7805 9917 1
7805 9437 3
7825 9491 1
7825 9424 3
7825 8719 2
7825 8801 1
7825 9878 1
7825 8603 1
7848 8633 1
7848 8916 2
7848 8748 1
7852 9102 1
7852 8585 3
7858 9918 1
7858 9373 1
7858 8901 3
7858 8640 3
7858 9459 1
7858 9715 1
7864 9672 8
7864 9997 81
7864 8541 5
7864 8689 1
7877 8550 1
7877 9151 7
7877 8584 10
7878 8887 2
7912 9214 1
7912 9483 1
7912 8915 1
7912 8649 7
7912 9138 1
7912 9724 3
7918 9003 2
7918 9317 1
7924 8943 2
7924 9303 2
7924 9012 1
7924 9112 7
7924 9155 1
7924 9602 1
7939 8745 1
7939 9232 1
7939 9335 1
7944 8775 9
7944 8875 2
7944 9587 1
7944 9299 1
7944 8754 4
7944 9539 200
7945 8588 1
7945 9110 1
7945 8916 1
7945 9698 1
7967 9019 1
7967 9778 1
7968 9370 2
7968 9489 1
7998 8589 2
7998 8827 2
7999 8719 1
7999 9037 4
7999 9168 2
7999 9640 1
7999 9118 1
7999 9309 3
7999 9350 27
7999 9434 6
7999 8909 1
8004 9720 1
8004 8952 1
8009 9140 1
8012 9451 3
8021 8691 1
8053 9256 1
8053 9043 2
8053 9094 1
8053 9896 1
8064 8801 1
8064 9460 3
8064 9703 1
8064 8757 1
8064 9289 1
8064 9112 1
8068 9936 1
8068 8988 1
8068 9497 11
8068 9751 7
8068 8562 2
8069 9116 1
8069 9793 3
8069 9802 1
8073 9994 3
8073 9958 6
8073 9150 1
8073 8708 2
8082 9562 1
8082 9672 1
8082 8754 18
8082 9345 1
8082 8753 1
8083 8965 1
8083 9195 1
8083 9692 2
8083 9827 1
8084 9874 49
8084 8957 5
8084 9283 2
8084 9920 1
8122 8679 1
8122 8591 3
8125 9386 1
8125 9005 1
8125 9160 2
8125 9297 1
8125 9035 2
8136 8538 1
8136 9190 1
8136 9726 1
8152 9245 1
8152 9397 14
8152 8613 1
8174 9807 1
8174 9160 1
8174 8974 10
8174 8719 1
8174 9288 1
8174 9398 2
8194 9870 1
8194 9086 2
8194 9290 1
8194 9809 1
8194 9724 1
8194 9830 1
8194 8689 1
8194 9288 1
8194 8945 1
8194 9686 1
8203 8556 1
8203 9228 1
8203 9051 1
8203 9277 1
8203 9663 1
8203 9463 1
8209 9080 26
8209 9397 1
8209 9619 1
8209 9499 1
8209 8965 2
8238 9069 1
8238 8864 2
8238 8887 1
8238 9615 2
8239 9540 5
8239 9220 5
8239 9766 4
8244 9681 1
8244 8839 2
8268 9018 5
8268 9452 1
8268 9090 1
8268 9858 4
8282 8834 3
8282 9253 1
8282 9461 3
8286 9214 1
8286 8912 2
8286 9777 1
8286 8534 2
8286 8863 1
8286 9125 2
8286 9579 2
8291 8792 6
8291 9428 1
8327 9585 1
8327 9622 2
8327 8815 1
8327 9311 1
8329 9106 6
8329 9674 2
8329 9969 1
8347 8782 1
8347 9031 2
8347 8925 10
8347 9047 1
8358 8728 1
8358 9592 1
8358 9469 2
8358 8915 1
8358 9650 6
8358 9416 1
8358 9646 1
8358 9756 1
8364 9012 10
8364 9459 1
8364 9009 4
8379 8755 2
8379 8839 1
8379 9945 1
8379 8558 2
8379 8742 4
8379 9015 2
8379 9937 1
8379 9404 1
8379 9249 1
8379 9717 1
8397 8876 1
8397 8956 2
8412 9620 10
8412 9191 1
8412 8609 1
8420 8627 200
8420 8987 11
8420 8671 4
8420 9856 1
8420 9936 1
8430 9491 1
8430 8962 1
8430 9106 12
8430 9613 2
8430 9658 2
8430 9660 1
8443 9276 1
8443 8835 2
8443 9057 1
8458 8995 26
8458 9746 1
8458 9889 1
8471 8603 2
8471 9269 84
8471 9014 1
8471 8688 1
8471 8760 3
8471 9864 1
8471 9890 12
8471 9897 1
8475 9749 1
8476 9578 3
8476 9366 1
8496 9260 116
8496 9437 2
8496 9200 1
8496 9480 1
8496 9580 1
8496 8861 1
8503 8899 2
8503 8572 1
8503 9490 8
8503 9245 1
8503 9562 1
8534 8984 3
8534 9603 9
8534 9187 1
8537 8577 8
8538 8939 3
8538 8921 1
8540 8644 2
8541 8620 2
8542 8738 1
8543 9349 2
8544 9422 2
8546 9281 1
8547 8848 2
8548 9058 2
8548 8930 1
8549 8625 1
8549 9278 5
8550 8693 3
8551 9049 13
8551 9688 2
8551 9920 6
8551 9235 2
8551 9412 1
8551 8793 2
8553 9241 2
8553 9959 1
8553 8626 2
8553 9210 1
8553 9282 1
8553 9101 9
8553 9391 1
8553 9429 11
8554 8580 1
8555 9678 1
8556 8577 15
8558 9281 2
8559 9888 1
8560 8666 2
8560 9384 2
8560 9123 1
8560 9068 3
8560 9122 1
8560 9322 1
8560 9677 1
8561 9082 1
8561 9560 1
8562 8990 5
8562 9083 2
8564 9422 1
8565 8779 1
8566 9493 1
8568 9204 13
8568 8877 3
8568 9420 6
8568 9432 2
8568 9100 2
8570 8778 1
8570 9142 4
8570 9989 2
8570 8788 1
8570 8920 2
8571 8647 1
8571 9057 2
8571 9264 1
8572 8904 1
8573 8823 13
8573 8867 1
8573 9054 1
8573 9908 3
8573 9986 1
8574 9495 1
8574 8990 1
8575 9793 1
8575 9124 2
8577 9694 1
8577 8709 1
8577 9473 1
8577 8819 2
8577 9042 8
8577 9649 1
8578 8714 1
8579 8916 1
8579 9683 6
8579 9019 10
8579 9937 1
8579 9909 5
8579 9990 1
8580 9574 1
8580 8925 1
8580 8784 1
8580 9747 2
8581 8866 1
8581 8963 1
8583 9697 1
8583 9552 5
8583 9558 1
8587 8802 1
8590 8955 8
8590 9411 3
8590 8681 1
8590 9247 1
8590 9296 4
8590 9913 1
8591 8636 6
8592 8653 1
8593 9058 1
8594 8721 1
8595 8614 1
8595 8865 1
8596 8725 1
8596 9083 1
8598 9870 1
8598 9310 2
8599 8936 1
8600 8954 1
8600 8715 1
8601 8871 12
8601 9050 1
8604 8811 1
8604 9167 1
8604 9319 1
8604 8737 1
8605 8798 1
8605 9414 1
8606 9519 1
8606 9925 1
8606 9024 2
8606 9210 1
8606 9690 1
8607 9001 1
8607 9020 18
8607 9174 1
8608 9326 13
8609 8632 1
8611 9652 3
8611 8747 1
8611 9342 1
8611 9243 2
8611 9531 2
8612 8646 1
8613 8723 2
8614 9016 7
8614 9207 1
8614 9494 1
8614 9694 3
8614 9369 1
8614 9732 2
8614 9075 1
8615 8768 2
8615 9674 1
8615 9192 4
8615 9484 2
8615 9694 1
8616 9631 1
8617 9978 1
8617 8814 1
8618 9977 1
8620 8819 2
8620 8677 1
8620 9162 3
8620 9798 1
8620 9987 1
8621 9063 1
8621 9080 1
8621 9440 1
8621 9662 7
8622 8687 1
8623 8741 1
8623 9914 1
8623 9558 2
8624 8994 4
8625 9011 1
8627 9957 2
8628 8680 1
8628 8891 7
8628 8746 3
8631 9407 8
8631 9220 1
8632 8888 3
8632 8966 1
8632 9398 3
8634 8800 1
8635 9125 14
8635 9027 1
8635 9418 11
8636 8879 2
8636 9330 1
8636 8743 1
8636 9037 1
8636 9517 1
8637 9838 1
8637 8854 1
8637 9238 1
8638 9060 21
8638 8676 2
8641 8774 1
8641 9977 1
8642 8879 2
8642 9231 3
8643 8895 11
8643 8953 1
8643 9583 2
8644 9800 1
8644 9056 1
8644 9019 1
8644 9638 1
8644 8873 1
8644 8760 1
8644 9705 3
8645 9217 2
8645 9498 1
8645 9707 1
8645 9897 1
8645 9282 1
8645 9332 19
8647 8937 1
8648 9395 2
8648 9946 11
8649 8906 2
8651 9490 45
8651 8669 1
8651 9838 2
8653 9110 1
8653 9963 1
8653 8967 1
8653 8983 1
8653 9301 4
8656 9815 3
8656 8775 2
8657 8865 17
8658 8956 1
8658 9801 2
8660 9729 1
8660 9166 5
8660 9016 1
8660 8821 1
8661 9155 14
8664 9101 1
8665 8992 1
8666 8764 39
8666 9030 11
8666 8841 1
8666 9000 1
8668 8732 1
8670 9044 1
8670 8980 1
8671 9105 1
8675 9108 1
8676 9205 1
8676 8770 2
8676 9832 9
8676 9910 3
8676 9950 4
8682 9734 1
8682 9100 1
8682 9268 1
8682 9245 2
8682 9616 1
8683 9802 2
8683 9742 1
8685 9073 1
8686 8960 1
8686 8918 1
8686 8936 4
8687 9710 2
8687 9444 3
8687 9264 1
8687 8703 15
8687 9133 1
8687 9866 2
8687 9310 1
8687 9759 1
8689 8721 1
8690 9609 1
8690 9315 2
8690 9343 1
8692 9347 5
8692 8750 1
8692 8884 1
8692 9236 1
8692 9892 1
8693 9630 2
8693 9136 1
8693 9919 2
8694 9303 1
8695 8809 2
8695 9197 4
8695 9813 1
8695 9922 1
8696 9000 4
8697 8866 10
8699 9682 1
8700 8791 2
8700 8869 4
8701 9422 1
8702 9366 1
8702 9506 1
8702 8884 1
8702 9850 1
8702 9899 1
8702 9942 9
8706 8785 1
8707 8903 2
8709 8935 1
8710 8949 3
8710 9585 2
8713 8746 1
8713 9869 1
8713 8737 1
8713 9928 5
8713 9652 1
8713 9889 1
8714 9399 1
8714 9213 44
8714 9270 1
8714 9891 2
8715 8967 1
8715 9484 7
8715 9732 1
8715 9782 1
8715 9051 1
8715 9531 1
8715 8965 1
8717 9922 1
8717 9009 1
8717 9274 1
8720 9349 38
8721 9384 1
8721 9252 1
8721 9571 2
8721 9572 1
8724 9253 1
8724 9350 4
8724 9440 1
8725 8965 1
8725 9578 1
8725 9907 2
8726 9849 2
8726 9920 1
8726 9746 3
8726 9297 1
8728 8981 2
8729 8857 40
8730 8940 1
8731 9062 9
8732 9811 2
8732 8749 36
8733 8980 1
8733 8738 37
8735 9865 1
8735 8902 6
8735 8876 1
8736 9062 2
8738 9269 2
8738 9459 1
8738 9857 2
8738 9990 1
8738 9890 7
8738 9126 1
8739 9583 1
8741 9495 4
8742 9978 1
8745 8969 1
8748 8919 18
8749 8796 4
8751 8775 1
8751 8840 1
8754 8764 8
8756 9378 2
8756 9281 2
8758 9058 1
8760 8922 1
8761 8800 1
8762 9112 1
8764 9163 2
8764 9205 13
8764 9984 1
8764 9766 3
8764 9025 1
8764 9967 1
8765 8838 2
8765 9389 1
8765 9939 1
8766 9984 2
8766 8942 1
8772 9142 3
8772 8809 1
8772 9688 1
8774 9155 1
8774 9103 6
8774 9377 1
8775 9500 1
8777 9158 1
8777 9496 1
8779 9768 1
8779 9809 1
8780 8933 2
8780 8838 3
8781 9524 22
8781 9146 1
8781 8819 3
8784 8908 2
8785 9509 1
8785 9627 5
8785 9698 1
8786 8793 1
8787 8939 1
8788 8990 1
8789 9137 1
8789 9093 5
8789 9590 2
8790 9471 1
8791 9249 1
8791 9285 2
8791 8974 1
8795 9678 3
8796 8852 1
8797 9916 2
8797 9282 4
8797 8839 2
8797 9923 2
8797 9503 1
8799 8985 2
8800 9641 15
8800 9404 1
8800 9029 3
8802 9375 1
8803 8845 1
8804 8817 1
8805 9013 2
8806 9952 1
8806 9032 2
8807 9234 1
8807 9945 1
8809 9979 1
8809 9888 1
8811 9109 1
8812 8994 2
8813 9058 1
8814 9587 1
8814 9532 2
8814 9841 1
8816 8837 1
8816 8869 3
8817 9097 1
8817 9451 2
8817 9268 2
8817 9536 1
8818 9300 8
8819 9790 2
8820 9257 2
8820 9087 1
8824 9725 1
8824 9844 1
8824 9802 1
8825 9422 1
8826 8865 1
8826 8931 1
8828 9020 1
8829 9571 1
8829 9107 7
8829 9837 1
8829 9851 1
8831 9059 1
8831 9457 1
8831 9175 4
8833 9639 1
8833 9097 1
8834 9906 1
8834 9534 20
8835 9305 5
8836 8863 1
8836 9396 1
8836 9708 1
8837 9182 1
8837 9608 1
8837 9063 2
8839 8940 1
8841 9726 5
8841 9325 1
8841 9537 1
8841 9842 1
8841 9983 1
8842 9951 3
8843 9699 2
8843 9494 1
8844 9026 1
8844 9061 3
8844 9113 1
8844 9201 5
8845 9764 1
8845 8945 1
8845 9625 1
8845 9683 1
8845 9823 1
8846 9300 5
8848 9622 1
8848 9071 3
8849 9495 4
8850 8931 2
8851 9979 1
8855 8948 1
8855 9438 80
8855 9559 43
8856 9501 2
8857 9310 1
8857 9632 2
8857 9642 1
8861 9505 2
8862 8896 6
8862 9688 1
8863 8865 1
8865 9338 1
8865 9497 1
8865 9737 8
8865 9991 1
8865 8975 1
8865 9297 1
8865 9410 2
8866 9419 25
8866 9026 1
8866 9657 2
8867 9693 3
8868 9855 1
8868 9260 1
8868 9303 10
8869 8877 1
8869 9936 1
8870 9672 2
8870 9676 1
8875 8939 1
8878 9276 1
8878 9518 1
8881 9430 3
8881 9806 2
8883 9978 1
8889 8958 1
8889 9427 1
8889 9039 2
8889 9753 1
8892 9232 3
8892 8929 7
8895 9123 3
8895 9629 1
8895 9297 1
8895 9397 1
8895 9976 1
8896 9408 30
8897 9481 1
8898 9751 1
8903 9716 1
8903 9710 1
8903 9883 2
8903 9512 1
8903 9230 3
8904 9032 2
8904 9138 1
8904 9369 4
8905 9325 1
8906 9343 1
8906 9558 1
8906 9269 1
8906 9233 8
8907 9289 1
8908 9129 4
8908 8962 4
8908 9522 2
8909 8959 1
8909 9408 4
8909 9000 5
8910 9090 5
8910 9708 15
8912 9108 2
8913 8981 1
8913 9583 1
8915 9050 1
8915 8936 1
8918 9306 1
8919 9605 1
8921 9729 1
8922 9140 7
8922 9610 1
8923 9603 2
8928 9354 8
8928 9035 4
8930 9897 3
8930 9318 1
8930 9372 1
8930 9218 6
8930 9960 2
8931 9884 1
8931 9499 8
8931 9872 6
8933 8960 1
8935 9975 2
8935 9522 1
8935 9742 1
8935 9686 1
8935 9208 3
8936 9275 3
8936 9463 1
8936 8997 37
8936 9262 2
8936 9713 16
8936 9113 3
8936 9140 2
8937 9801 1
8937 9480 2
8938 9087 1
8938 9112 1
8938 9601 2
8939 9539 1
8940 9791 1
8941 9091 1
8942 9375 1
8951 9109 1
8951 9493 1
8952 9028 1
8953 9221 2
8953 9183 7
8953 9725 4
8953 9928 1
8953 9589 2
8954 9568 1
8954 9947 3
8954 9537 1
8956 9583 4
8959 9545 5
8959 9146 2
8959 9808 1
8960 9329 1
8960 9616 3
8961 9287 1
8963 9032 9
8964 9798 1
8964 9219 1
8968 9942 1
8968 9040 1
8968 9909 1
8968 9625 2
8968 9815 2
8968 9737 1
8968 9228 1
8968 9285 2
8969 9103 1
8969 9023 1
8970 9505 1
8972 9586 1
8973 9753 2
8976 9068 1
8976 9002 2
8976 9061 1
8979 9797 16
8980 9323 1
8980 9016 1
8980 9134 3
8981 9986 2
8981 9674 2
8981 9574 3
8982 9681 3
8983 9415 1
8984 9585 1
8984 9913 1
8984 9092 2
8984 9965 1
8984 9392 1
8984 9501 4
8986 9073 1
8990 9012 1
8990 9435 1
8992 9844 1
8994 9196 1
8994 9975 1
8994 9528 1
8994 9706 1
8996 9761 2
8996 9189 3
8996 9403 1
8998 9169 1
8998 9021 1
8999 9001 1
8999 9023 1
8999 9920 1
8999 9985 1
9000 9572 1
9000 9201 1
9000 9876 3
9001 9011 1
9004 9345 3
9004 9118 2
9006 9669 1
9006 9173 2
9006 9460 2
9011 9658 18
9011 9807 1
9013 9630 1
9013 9524 3
9013 9241 1
9013 9850 11
9020 9073 1
9021 9325 2
9021 9151 13
9021 9870 1
9021 9990 1
9026 9349 1
9027 9957 1
9028 9846 1
9030 9125 1
9036 9951 3
9040 9979 1
9041 9618 1
9044 9913 1
9044 9866 1
9046 9079 2
9046 9577 2
9046 9230 7
9046 9267 1
9046 9519 1
9046 9959 22
9048 9221 1
9048 9568 1
9048 9057 3
9048 9377 3
9050 9568 1
9053 9125 4
9053 9910 20
9053 9468 1
9058 9751 1
9058 9877 1
9058 9336 1
9058 9766 3
9058 9231 4
9060 9063 2
9060 9675 2
9064 9897 1
9067 9936 1
9072 9266 7
9073 9173 1
9073 9201 1
9073 9380 1
9073 9629 1
9074 9989 1
9082 9099 72
9085 9411 2
9091 9195 1
9091 9707 1
9094 9888 1
9095 9740 9
9095 9881 5
9095 9947 1
9096 9756 1
9099 9668 1
9103 9300 1
9103 9693 1
9105 9131 1
9108 9440 1
9108 9942 2
9108 9966 1
9115 9583 1
9132 9624 1
9136 9888 2
9141 9744 2
9141 9777 2
9160 9957 1
9164 9999 1
9169 9681 1
9169 9220 3
9169 9550 1
9189 9422 1
9204 9693 1
9205 9978 1
9211 9326 1
9214 9816 1
9217 9495 1
9222 9287 1
9224 9798 1
9232 9422 1
9257 9349 1
9257 9408 3
9261 9977 1
9263 9597 1
9266 9379 1
9266 9691 1
9270 9624 1
9281 9938 3
9281 9413 1
9287 9609 1
9287 9407 1
9289 9493 1
9300 9991 1
9308 9375 1
9318 9408 22
9319 9618 1
9326 9477 1
9326 9524 19
9326 9771 1
9329 9422 2
9331 9923 1
9331 9974 31
9342 9654 1
9348 9462 3
9362 9538 8
9364 9769 1
9364 9751 2
9375 9846 19
9387 9505 1
9395 9493 2
9404 9603 1
9408 9917 13
9408 9734 1
9408 9443 1
9422 9720 1
9422 9726 1
9425 9978 1
9425 9678 1
9455 9816 1
9469 9693 1
9471 9997 1
9471 9524 1
9471 9575 3
9471 9773 1
9486 9500 1
9490 9906 1
9491 9979 3
9492 9816 1
9493 9640 1
9495 9687 1
9505 9966 1
9505 9674 17
9534 9657 1
9552 9603 1
9556 9906 1
9559 9597 8
9572 9957 1
9586 9807 2
9596 9624 1
9603 9661 1
9603 9771 2
9603 9659 2
9603 9954 1
9618 9870 1
9624 9881 1
9641 9682 3
9645 9741 1
9654 9997 1
9668 9978 1
9691 9888 1
9693 9935 1
9758 9988 65
9768 9979 2
9779 9888 1
9786 9790 1
9790 9943 1
9816 9958 7
9850 9951 2
9865 9951 1
9898 9978 24
9939 9957 1
