8 9404 1
8 8852 1
8 9683 1
8 8670 1
8 8918 3
11 9035 3
11 9961 2
11 8970 1
11 8714 1
14 8700 1
14 8602 2
14 9346 1
14 9182 3
17 9903 1
22 8833 1
22 9084 1
22 8902 1
69 9250 132
69 9702 1
69 8816 2
69 9486 1
76 8624 2
76 8999 1
76 9409 18
84 9151 4
84 9276 2
84 9245 4
84 9501 1
84 9806 1
84 8651 1
86 9923 5
86 8641 1
86 9589 1
87 9757 1
87 9789 1
87 8925 1
87 9478 7
104 9948 4
104 9560 1
118 9941 1
118 8814 1
118 9750 1
118 9121 6
118 8612 2
118 9828 1
118 8832 1
118 9671 1
118 9928 1
118 9591 27
123 9669 1
123 9102 1
123 9655 1
124 9531 4
124 9209 1
124 8588 1
124 9447 13
156 8672 3
156 8970 1
156 9114 1
166 9960 9
166 8817 1
166 9943 5
166 9238 14
166 8882 4
176 9222 1
176 9331 1
176 9116 7
176 9170 3
176 9450 2
176 9778 5
176 9896 1
176 9033 1
176 9378 1
184 9246 3
184 9864 2
184 8989 1
184 8996 2
184 8988 1
184 9795 57
184 9876 1
184 9532 2
198 3786 1
198 9750 1
200 9852 1
200 9062 1
200 9776 1
200 8862 1
200 9522 2
216 9882 1
216 9772 1
216 9227 1
216 9980 1
216 8745 2
216 8645 3
216 9646 2
216 9132 1
237 9530 1
237 8658 1
237 8915 19
237 9169 1
271 9152 1
271 8918 1
271 9088 19
271 9367 3
271 9607 2
275 8719 1
275 8772 1
275 8976 1
275 9021 1
275 8903 5
275 9981 33
275 8897 1
275 9344 1
275 9673 4
275 9479 1
275 9777 2
276 9461 1
276 8576 2
276 8732 2
285 9557 7
285 9464 1
285 9866 4
293 9256 1
293 9584 1
293 9509 1
293 9608 1
293 9377 1
341 8574 1
341 9226 2
341 8672 1
341 9438 1
342 9634 3
342 9298 1
342 9374 1
354 8822 1
354 8700 1
356 9729 2
356 8724 23
385 9733 4
385 9097 1
389 9863 1
389 8701 1
389 8935 1
390 9745 11
390 9893 3
390 9164 3
390 9901 1
390 8876 1
390 9645 3
392 9983 1
392 8620 1
392 8633 1
394 9566 1
394 8863 1
395 8715 1
395 9823 1
399 9524 1
399 9893 1
399 8757 4
399 9351 2
399 8588 1
409 9731 13
409 8620 1
409 9375 1
409 9381 1
409 8873 1
409 9824 1
410 9819 4
410 9627 4
410 8591 1
410 9382 4
420 9782 1
420 8691 2
420 9663 1
430 9462 1
430 8605 47
430 8636 1
430 9894 14
435 8841 8
435 9335 2
435 9578 1
435 9709 2
435 9510 109
443 9221 1
443 9017 1
447 9994 1
447 9482 1
454 9659 2
454 8635 1
462 8789 1
462 9354 1
462 8644 1
470 9942 1
470 9227 1
470 9053 2
470 9529 4
485 8772 37
499 9578 1
508 9410 1
508 8755 1
532 8868 1
532 9565 2
554 9168 1
554 9012 1
556 8684 71
556 9885 1
556 9968 1
557 9312 1
557 8624 1
562 9919 9
562 9116 2
585 9441 3
585 9781 1
585 9922 1
594 8705 7
600 8713 1
600 8920 1
600 9488 9
602 8811 4
602 9750 1
602 9187 3
651 8692 1
651 9859 1
666 9650 1
666 9837 1
666 8911 1
666 9331 1
666 9649 1
666 8814 1
682 9304 1
682 9141 1
682 9884 2
690 8878 3
690 9884 1
690 9052 1
704 9798 1
704 9489 2
704 8806 2
704 9407 1
712 9983 1
712 9595 1
716 9119 4
716 9500 2
726 8841 1
726 9334 2
726 9849 1
773 9923 1
773 9885 2
795 8620 1
795 9314 1
795 9454 2
795 8865 6
797 9044 5
797 9370 33
803 9560 5
805 9690 1
805 8677 2
805 9340 1
822 9279 1
822 8805 1
822 9248 1
822 8612 1
822 9209 1
848 8782 1
848 8595 1
848 9298 1
848 8725 2
848 9116 1
848 9253 2
848 9716 2
848 8581 6
848 8685 4
848 9738 7
848 9401 1
864 9166 10
864 9172 1
864 9679 10
864 9802 1
864 8954 2
864 8645 1
864 9282 1
870 9081 1
870 9051 1
870 9689 1
873 9464 2
873 9861 1
873 9608 33
873 9492 4
880 9425 1
884 9022 2
884 8659 1
900 8971 2
900 9366 1
900 9423 2
900 9892 2
904 9298 47
904 9831 16
927 9479 1
943 8790 1
943 9144 1
943 9205 5
943 8840 7
982 9209 3
982 9362 4
982 9382 1
991 8692 2
1012 9506 3
1012 9644 1
1012 8877 2
1014 9951 6
1014 8645 3
1014 9422 1
1014 9170 12
1014 8809 5
1014 9828 1
1022 9594 1
1022 8680 18
1022 9539 1
1022 9471 2
1022 9473 1
1022 9502 1
1022 8582 2
1077 9333 1
1077 9588 1
1077 9817 1
1080 9769 1
1081 8902 18
1081 9400 1
1081 9905 3
1081 9927 2
1081 9598 1
1082 9831 34
1090 9600 4
1090 8617 6
1090 8624 1
1090 9071 1
1120 8650 3
1120 9073 2
1129 9774 1
1129 8800 2
1138 8988 2
1138 8745 1
1138 8841 1
1138 9249 4
1144 9065 1
1144 9884 1
1144 8863 1
1144 9963 1
1144 9576 1
1178 8595 1
1178 8698 1
1178 9217 2
1178 8913 8
1178 9787 1
1178 9399 1
1178 9444 1
1181 8753 1
1181 8584 1
1181 8695 1
1181 9391 1
1192 9385 1
1192 9594 1
1192 9555 2
1192 9031 1
1192 9292 1
1192 9326 2
1192 9445 1
1192 9609 1
1192 8857 1
1192 9360 171
1192 9415 1
1192 9964 7
1192 9967 1
1228 8652 1
1228 8715 5
1228 9825 3
1228 9917 1
1238 9136 18
1238 9744 1
1239 9966 1
1239 9262 2
1239 9010 1
1254 8658 2
1254 9483 1
1254 9773 1
1254 8991 1
1254 9600 1
1265 8727 2
1265 9013 3
1265 9121 2
1265 9284 5
1265 8657 1
1265 9652 1
1283 9044 1
1283 8642 1
1283 9193 1
1300 8993 1
1300 9790 1
1300 9642 4
1300 8747 2
1300 9000 33
1303 9487 1
1308 8708 2
1308 9871 3
1308 9626 1
1308 9881 1
1308 9357 2
1308 9039 1
1308 9483 1
1308 9925 28
1312 9227 1
1312 9984 2
1337 9094 4
1337 9786 1
1337 8566 1
1337 9410 13
1337 9868 1
1337 9670 1
1352 8879 1
1352 9601 1
1356 8988 1
1356 9904 1
1357 9335 1
1357 9286 1
1357 9949 3
1372 8678 1
1372 8959 1
1372 9087 1
1372 9520 1
1372 8684 2
1372 9060 1
1372 9481 1
1372 9925 5
1391 8737 9
1391 8584 3
1391 9077 1
1391 9293 2
1391 9926 1
1408 9437 1
1408 9762 8
1408 9925 2
1408 9255 2
1408 9516 1
1409 9199 1
1409 9612 1
1409 9843 1
1409 8811 1
1409 9400 1
1415 8670 1
1415 9121 2
1415 9767 1
1452 8808 1
1452 8597 1
1452 9207 1
1452 9249 10
1452 9381 55
1462 9172 1
1462 9741 1
1462 8909 2
1466 8677 1
1466 9783 1
1466 8874 1
1466 9428 1
1590 8698 3
1590 8882 1
1590 9669 3
1592 9798 2
1592 8912 1
1594 9032 12
1594 9786 3
1621 8631 1
1632 9842 1
1632 8718 1
1632 9794 3
1635 8725 7
1635 9199 1
1635 9550 1
1635 9206 5
1635 9335 1
1638 9534 1
1638 9446 1
1641 8875 2
1641 9760 1
1641 9353 1
1641 9548 1
1641 8895 2
1641 9622 3
1712 9890 1
1712 9728 1
1712 9512 1
1712 9041 1
1712 9094 1
1723 9949 1
1723 9200 1
1723 9490 1
1723 9197 2
1723 9913 1
1731 9777 1
1731 8976 1
1731 9349 1
1732 9942 1
1732 8636 4
1732 8821 3
1732 8890 1
1732 8888 56
1735 8631 1
1735 8755 1
1735 9154 1
1735 9489 2
1735 8828 3
1735 9886 1
1744 9130 73
1744 8902 1
1744 9950 1
1749 9796 1
1749 9789 151
1752 8712 8
1752 9545 1
1752 8727 1
1752 9658 26
1769 8794 1
1769 8789 1
1769 8975 2
1769 9985 1
1770 9547 1
1771 9952 1
1771 9449 1
1778 9313 1
1778 9438 1
1778 9524 26
1786 8724 1
1786 8951 15
1786 9496 1
1786 9873 1
1804 9688 1
1826 9673 9
1826 9961 1
1826 8842 2
1826 9133 1
1826 9550 1
1826 9984 3
1826 8830 5
1828 9346 1
1828 9586 10
1840 9545 1
1840 8915 7
1842 8822 1
1842 9541 1
1842 8887 13
1842 9184 3
1842 9601 1
1842 8782 1
1843 9188 1
1843 9618 39
1850 8731 4
1850 8762 2
1850 9641 2
1850 9512 1
1857 9667 1
1857 9923 1
1857 9811 1
1857 8856 1
1857 9226 1
1857 8724 1
1857 9264 12
1886 9230 2
1886 9515 1
1886 9673 1
1886 9942 1
1908 9541 1
1908 9069 10
1908 9689 1
1910 8863 3
1910 8680 6
1910 9946 2
1910 9143 1
1910 8924 1
1910 9414 1
1910 9596 1
1913 9546 7
1913 9510 1
1913 8913 1
1915 9862 1
1924 9362 1
1924 8753 2
1924 8894 1
1932 9761 1
1932 9012 1
1932 9600 1
1934 9257 5
1934 9517 3
1934 9140 1
1934 9214 6
1934 9485 1
1934 9278 7
1934 8862 7
1934 9172 1
1958 9621 21
1958 9743 1
1958 9424 2
1958 9702 12
1993 9653 1
1993 9157 1
2001 9280 7
2001 9072 1
2001 8664 1
2001 8682 1
2004 9571 1
2004 9701 1
2004 9885 4
2011 8685 2
2030 9905 2
2030 9649 1
2039 9272 1
2039 9935 1
2039 8732 3
2039 9311 2
2044 8604 1
2044 9355 4
2044 9606 1
2044 9971 2
2044 9171 2
2046 9487 4
2046 9778 6
2046 8822 13
2046 9312 1
2046 9649 2
2046 8898 1
2046 9566 2
2046 9527 4
2046 9967 2
2046 8875 1
2046 9222 2
2046 9727 2
2074 9469 1
2074 9620 1
2074 8864 2
2074 8942 115
2074 9184 1
2074 9189 165
2074 9236 1
2074 9565 1
2074 8893 3
2074 9106 1
2074 8855 3
2081 8729 4
2081 9524 1
2081 9618 1
2081 8590 1
2081 9107 1
2088 8783 1
2097 9418 1
2097 9963 10
2097 8759 2
2097 9004 1
2097 8857 200
2097 9360 2
2097 9366 1
2099 9128 1
2099 8817 1
2099 8993 1
2107 8888 7
2130 9170 1
2135 9639 19
2135 9563 3
2135 9351 1
2135 9759 1
2135 9831 1
2135 9266 1
2135 9487 2
2146 8588 1
2146 9458 9
2146 9474 1
2146 9694 1
2150 8852 1
2156 9665 2
2156 8903 3
2156 9009 1
2156 9955 2
2156 9340 1
2156 9462 1
2158 9803 1
2158 9420 1
2158 9551 1
2158 9293 2
2158 9552 1
2158 9533 1
2172 8797 1
2172 9654 1
2201 9033 1
2201 9395 2
2201 9469 8
2201 9207 1
2201 9338 1
2201 9839 1
2201 8861 3
2201 9904 1
2202 9357 2
2202 9492 1
2202 9397 1
2202 9429 200
2202 8857 1
2202 8838 1
2205 9326 1
2205 9697 1
2205 9884 1
2205 9183 1
2205 9371 1
2225 8822 8
2225 9757 2
2225 8604 1
2225 8714 1
2225 8807 1
2227 9068 3
2227 9830 3
2227 9609 1
2227 9257 1
2227 9334 4
2227 9857 2
2233 9783 1
2233 9330 2
2237 8758 1
2237 9439 1
2237 9844 6
2256 9154 2
2256 9018 13
2256 9928 1
2256 9950 1
2268 9751 1
2279 9469 2
2279 8617 1
2295 9289 2
2295 9446 2
2295 8759 1
2295 9710 5
2328 9679 1
2328 9299 1
2328 9304 1
2328 9785 4
2328 9166 1
2334 9132 1
2335 8878 1
2335 8887 1
2335 9037 1
2335 9100 11
2335 9736 1
2337 9810 200
2337 9913 1
2337 9054 20
2339 9079 2
2339 9869 25
2339 8680 1
2339 9564 2
2343 9126 1
2351 8568 1
2351 9864 1
2351 8579 1
2351 9560 1
2351 9934 1
2351 8973 3
2351 9773 1
2376 9100 12
2385 8648 1
2405 9022 1
2405 9371 1
2405 8746 1
2405 9600 2
2405 8840 3
2405 9766 1
2405 9322 2
2437 9494 2
2437 9707 1
2437 8918 2
2437 9453 1
2437 9764 1
2437 9329 2
2437 9658 1
2437 8609 1
2437 9162 4
2437 9255 1
2437 9621 1
2440 9744 1
2440 9362 1
2440 9156 1
2440 9160 1
2440 9555 2
2440 8930 2
2449 8855 1
2449 9439 1
2449 9273 1
2449 9669 3
2449 9397 11
2449 9946 2
2449 9973 1
2452 8869 1
2452 9765 1
2452 9963 1
2452 9304 1
2452 9634 4
2452 9681 3
2452 9713 1
2477 9924 1
2477 8977 1
2477 9179 1
2509 9657 1
2509 8996 2
2509 9345 1
2509 9841 1
2512 9424 1
2512 8591 1
2512 9199 2
2517 9873 13
2517 9943 4
2517 8855 1
2517 9663 16
2517 8649 2
2517 9805 1
2517 8988 1
2517 9402 1
2517 9558 1
2520 8579 2
2520 9248 1
2520 9787 1
2520 9041 1
2520 8894 5
2520 9060 1
2520 9448 2
2534 8712 7
2534 9261 1
2534 9953 1
2534 9337 3
2534 8600 1
2534 9961 1
2537 8771 15
2541 9624 1
2541 9708 6
2547 9559 5
2547 9394 3
2547 9586 1
2547 9630 1
2547 9852 1
2553 9626 4
2553 8863 1
2553 8695 1
2553 9415 8
2553 8676 1
2564 9374 1
2564 8615 1
2564 9571 2
2573 9101 2
2573 9517 1
2575 8856 1
2602 8894 2
2602 9815 2
2602 8839 2
2602 9423 1
2602 9128 1
2605 9465 1
2605 8855 2
2605 9151 1
2616 9437 1
2616 9499 13
2616 9863 1
2617 8838 1
2617 9221 1
2619 8641 1
2619 8647 2
2625 8973 1
2631 9028 3
2631 9291 1
2702 9614 1
2709 8880 1
2709 9420 1
2709 9863 4
2709 8902 1
2709 9172 2
2709 9403 2
2709 8665 1
2709 8682 1
2709 8857 13
2709 8643 1
2709 9107 1
2713 8912 1
2715 9789 1
2715 9422 1
2715 9897 8
2733 9156 2
2733 9420 2
2735 9292 5
2735 9373 1
2735 9865 1
2735 9976 1
2735 9558 1
2735 8753 1
2735 8876 2
2757 9122 1
2757 9037 4
2757 9440 1
2761 8578 1
2761 9143 1
2770 9635 10
2770 9037 8
2770 9891 7
2775 9766 2
2775 9563 1
2775 9867 1
2775 9267 1
2775 9279 1
2781 9521 3
2791 9335 2
2791 9871 1
2791 9177 1
2792 9762 2
2792 9871 1
2794 8611 21
2794 8620 1
2794 9190 1
2794 9055 1
2794 9809 1
2797 9722 2
2802 9325 1
2802 9046 1
2802 9982 1
2802 9305 1
2807 9179 2
2807 9691 4
2807 8638 75
2807 9538 1
2820 9520 5
2820 9233 2
2820 8838 1
2820 9105 1
2823 9968 2
2823 9927 1
2823 9169 3
2823 9046 1
2831 8873 1
2831 9085 3
2831 9570 1
2831 9876 1
2831 9022 1
2831 9276 1
2849 9452 1
2849 8997 1
2849 8753 12
2849 9955 27
2849 8803 2
2849 8916 1
2896 9153 1
2896 9306 1
2896 9344 1
2896 9383 200
2896 9797 7
2943 9742 2
2951 9077 1
2951 9986 1
2951 8704 1
2951 8903 1
2951 9136 2
2951 9370 1
2951 8721 7
2954 9930 6
2954 9429 1
2954 8743 1
2954 8889 1
2954 9501 2
2962 9102 1
2962 8837 1
2962 9795 1
2962 8710 1
2995 9838 2
3004 9275 1
3004 9981 1
3009 9004 1
3009 9598 1
3009 9973 1
3025 9305 1
3025 9185 175
3025 8647 1
3025 9471 4
3025 9952 10
3032 8697 2
3032 9487 2
3032 9835 1
3035 9596 1
3035 8650 1
3035 9452 2
3035 9806 3
3043 9227 1
3043 8591 1
3043 9676 3
3043 9144 1
3048 9149 1
3050 9143 1
3050 8920 1
3055 8840 1
3055 8828 1
3055 9552 1
3055 9856 1
3055 9639 2
3055 9868 1
3055 9224 1
3055 9674 1
3058 9382 4
3062 8815 1
3062 9172 1
3062 9890 45
3072 9530 1
3072 9806 16
3072 9988 10
3072 9262 1
3072 9586 1
3072 9768 1
3082 9184 3
3082 9150 1
3082 9644 1
3101 9565 1
3101 9369 36
3101 9520 1
3101 8772 3
3116 9703 2
3116 9119 1
3116 9191 5
3116 9222 1
3116 9734 1
3116 9837 1
3116 9914 2
3118 8593 1
3118 9922 2
3118 9915 1
3124 8621 4
3124 9465 1
3124 9042 1
3124 9095 2
3124 9711 1
3124 9712 1
3126 8721 1
3126 9147 12
3126 8830 1
3126 9448 15
3126 9122 22
3126 9388 2
3126 9004 2
3136 9553 1
3136 8685 2
3136 8962 1
3136 9039 1
3138 9501 1
3145 8773 1
3145 9352 2
3160 8694 1
3160 8657 1
3160 9461 3
3160 9835 6
3170 8971 1
3175 9650 2
3177 9578 1
3177 8701 1
3177 9084 14
3177 9716 1
3180 9062 1
3180 9940 1
3180 8615 1
3180 9694 1
3181 8822 1
3181 9896 1
3181 9405 1
3181 8591 1
3181 8607 1
3181 8794 1
3181 9787 5
3185 9486 2
3193 9711 4
3193 9031 1
3207 8627 1
3225 8910 1
3225 9145 1
3225 9287 1
3233 9848 1
3233 9012 1
3237 8662 1
3247 8733 1
3247 9803 1
3248 9270 1
3248 8795 159
3254 8815 1
3254 9497 2
3254 8729 1
3254 9824 2
3254 9387 1
3261 9671 3
3261 8988 1
3261 9730 2
3261 9578 1
3265 8587 1
3265 9931 2
3265 8776 1
3265 9891 6
3286 8564 1
3286 9287 1
3286 9806 4
3289 9589 2
3289 9314 1
3289 9592 1
3312 9817 1
3312 8745 2
3312 9776 1
3312 9418 1
3323 9130 200
3326 8738 1
3326 9899 1
3326 8865 1
3326 9091 8
3343 8733 1
3343 8730 4
3343 9563 1
3359 8780 1
3359 8654 2
3359 8628 2
3359 8898 1
3360 8989 3
3360 9955 1
3360 9214 4
3360 9723 1
3360 8773 1
3360 8945 2
3360 9098 1
3360 9405 11
3367 9208 1
3367 9221 4
3367 9009 8
3367 9592 2
3367 9169 3
3367 9733 1
3367 8789 1
3367 9016 200
3367 9036 1
3367 9928 1
3367 8766 1
3392 9163 2
3392 9475 1
3393 8880 7
3393 8852 2
3396 9589 1
3396 8676 1
3396 8668 1
3398 8787 1
3398 8975 26
3398 9604 1
3398 8927 1
3398 9565 1
3399 8887 4
3399 9389 1
3399 8835 1
3399 9228 1
3399 9667 1
3410 8715 2
3410 9276 1
3410 9259 1
3410 8580 1
3410 9328 1
3422 9177 6
3422 9448 1
3422 8808 3
3422 9988 1
3431 9267 1
3431 9294 1
3436 8733 3
3439 8712 2
3439 9471 1
3439 9479 1
3439 8667 1
3439 9345 1
3439 9524 2
3439 9781 1
3443 9950 1
3443 9153 1
3443 9011 1
3443 9874 1
3443 9313 9
3443 9068 6
3443 9994 1
3461 9821 1
3464 8581 2
3464 9015 1
3464 9053 1
3464 9718 3
3492 8768 1
3497 9203 1
3497 9205 1
3497 8870 1
3497 9036 1
3497 9154 1
3497 9516 1
3499 9366 6
3519 9463 1
3519 8738 1
3519 8792 4
3519 8948 1
3527 9736 2
3536 8895 1
3536 8997 1
3536 9279 2
3536 9461 1
3536 8623 1
3543 9640 15
3574 8870 1
3574 9564 1
3574 9539 1
3574 9895 1
3581 9270 2
3581 8782 1
3581 9250 1
3581 8993 3
3581 9209 2
3581 9769 1
3581 9857 1
3581 9849 1
3586 9271 1
3589 9060 1
3589 9199 1
3591 8789 5
3591 9120 1
3591 9478 1
3591 9606 1
3594 8889 2
3595 9798 1
3595 8823 1
3595 9903 1
3602 9147 2
3602 9443 2
3602 8984 1
3602 9079 3
3602 9233 1
3602 8954 3
3644 8875 1
3644 9217 2
3645 8575 1
3649 9897 1
3649 9012 5
3649 9578 3
3649 9370 1
3649 9933 1
3649 8892 1
3649 9233 1
3649 9495 1
3653 9158 9
3653 9901 1
3653 8842 1
3653 9465 1
3679 9772 11
3679 9009 1
3679 8764 1
3682 9651 1
3682 8623 1
3682 8692 1
3682 9764 4
3682 9389 1
3682 9404 1
3682 9632 1
3682 9987 16
3686 8749 1
3686 9539 1
3695 8830 1
3695 9965 1
3695 9494 1
3695 8730 16
3695 9299 1
3695 9733 1
3695 9354 1
3695 9650 1
3725 8828 1
3725 9529 1
3725 8778 2
3725 8921 1
3725 8649 8
3727 9161 1
3727 9225 1
3740 9813 1
3740 9881 8
3740 8977 1
3740 9342 3
3740 9993 1
3752 8565 4
3752 9638 1
3752 9404 1
3774 8628 1
3774 9824 1
3774 8746 1
3774 9190 1
3786 9420 2
3786 9585 24
3786 9161 1
3786 9547 1
3786 9083 1
3786 9117 1
3795 8769 1
3797 9236 1
3797 9289 1
3797 9028 2
3797 9158 10
3801 8682 1
3801 8611 1
3801 9548 1
3812 8893 1
3812 9681 2
3812 9140 4
3812 9815 1
3812 9953 2
3812 9464 1
3814 8921 2
3844 9637 1
3844 9506 1
3863 8883 23
3872 9328 3
3872 8880 1
3872 9163 3
3893 8604 1
3893 8710 2
3893 9732 1
3893 9714 1
3893 9971 1
3900 8778 2
3900 8915 1
3905 9071 2
3905 8746 2
3917 9465 1
3917 9500 1
3917 9953 2
3917 8720 7
3917 8994 1
3917 9453 5
3941 8957 2
3941 9538 3
3941 9899 1
3942 9896 2
3946 9262 1
3946 9458 10
3946 9627 32
3979 9282 2
3979 9933 11
3979 9078 7
3979 9215 1
3979 9676 1
3979 9833 1
3979 9048 1
3988 9530 1
3988 9653 1
3995 8816 1
3995 8711 1
3995 9794 1
3995 9949 3
3998 9245 2
3998 9142 1
4023 9448 1
4023 9848 1
4023 9650 2
4027 9260 1
4027 9552 5
4030 8903 1
4030 9988 2
4030 9019 2
4030 9793 1
4030 8792 2
4030 9079 4
4042 8058 1
4042 9032 1
4042 9046 1
4042 9813 1
4042 9194 6
4046 8862 2
4046 9388 1
4046 8798 2
4064 9362 1
4064 9842 3
4064 8828 1
4064 8742 3
4064 9205 1
4070 9642 5
4073 9160 1
4073 8607 1
4085 8954 1
4085 9409 1
4085 9532 3
4085 9276 5
4085 9345 1
4097 9169 1
4097 9152 7
4097 8817 2
4097 8904 3
4108 9353 1
4108 9166 1
4108 9170 1
4108 9389 1
4108 9904 1
4116 9179 1
4116 9399 1
4116 9796 2
4121 8837 1
4121 9016 1
4121 9261 1
4121 9406 38
4123 9262 1
4123 8593 5
4123 8825 1
4123 9156 1
4123 9477 1
4125 9124 5
4125 8578 1
4125 9267 17
4125 9787 1
4125 8999 7
4139 8909 1
4139 9689 16
4139 9325 1
4142 9536 1
4142 9179 1
4142 9256 1
4142 8794 1
4143 9672 3
4143 8852 14
4143 9433 1
4143 8971 2
4143 9327 1
4143 9488 1
4143 9490 1
4145 9855 1
4145 8997 1
4145 9371 1
4176 8757 1
4176 8909 1
4181 9005 1
4181 9434 1
4181 8715 1
4195 8771 2
4195 8602 4
4195 9069 1
4223 9873 7
4223 8644 3
4223 8868 1
4223 9185 1
4223 8814 1
4223 8959 2
4223 9260 1
4223 8808 1
4267 8682 2
4267 8607 1
4267 9043 1
4267 8595 1
4267 9449 1
4267 9818 1
4267 9860 1
4275 9811 1
4275 9635 2
4275 8609 1
4275 9793 1
4275 8850 2
4275 8907 2
4284 9693 1
4284 9299 1
4284 9477 13
4284 8574 1
4284 9672 1
4289 8609 2
4290 9120 1
4290 9577 1
4293 9344 2
4293 9866 14
4293 9376 1
4293 8675 5
4293 9339 3
4301 8889 1
4301 9830 1
4301 9999 4
4306 8617 1
4306 8962 1
4307 9617 2
4307 9609 1
4307 9226 4
4307 8934 14
4312 9564 3
4312 9035 1
4312 9220 2
4312 9523 2
4312 9126 3
4312 9645 1
4312 9404 4
4312 8707 2
4312 9679 1
4327 9777 4
4333 9633 1
4333 9406 2
4367 9632 1
4367 8907 1
4367 9150 1
4367 8710 15
4367 9693 6
4373 9842 3
4373 8724 1
4373 9192 4
4373 8951 1
4373 9939 1
4378 9362 1
4378 9830 3
4378 9428 1
4378 9663 1
4378 9755 1
4378 9783 1
4378 9874 4
4391 9594 2
4391 9471 3
4392 9260 2
4392 9262 1
4392 8853 1
4392 9454 2
4393 9922 1
4393 8992 1
4393 9328 1
4395 9566 2
4395 8966 1
4395 9459 6
4403 8847 1
4403 9637 2
4403 9760 1
4404 8597 14
4404 8663 78
4404 9309 1
4404 9178 7
4404 9316 2
4408 8979 1
4415 8676 1
4415 9189 1
4415 8576 1
4415 8793 1
4417 9623 1
4417 9220 2
4417 9346 1
4417 9101 2
4417 9145 1
4417 9927 54
4433 8730 1
4433 9141 1
4433 8858 1
4433 9256 1
4433 9547 1
4441 9306 17
4441 8849 1
4441 9034 2
4441 9431 1
4441 9557 1
4442 9733 1
4442 9738 1
4449 9128 1
4449 8783 2
4449 9801 1
4449 8587 1
4470 8976 10
4490 9161 3
4490 9452 1
4490 8916 1
4490 8762 1
4493 9298 33
4493 9789 6
4493 8742 1
4493 9032 4
4493 9363 13
4493 9267 1
4493 8975 1
4493 9011 2
4493 9289 1
4493 9678 1
4494 9628 1
4494 9841 2
4494 9749 1
4494 8567 2
4494 9214 1
4494 9930 1
4494 9259 1
4494 9326 1
4494 9608 1
4505 9637 1
4505 9678 1
4505 9985 1
4505 8612 1
4505 9671 1
4505 9373 1
4506 8970 23
4506 8877 15
4506 9125 1
4506 8648 12
4508 9248 2
4508 8989 7
4508 9549 2
4508 9559 1
4508 9811 7
4529 9210 1
4529 9527 6
4529 8705 2
4529 9411 1
4533 8790 2
4533 8925 1
4533 9130 1
4533 9051 4
4533 8886 1
4533 9531 2
4533 9657 1
4542 9688 5
4542 9453 29
4542 9876 3
4542 9073 2
4542 9915 1
4543 9368 1
4543 9746 3
4543 9031 1
4543 9692 1
4561 9714 5
4561 9249 1
4561 9819 1
4561 9841 5
4561 9480 4
4561 9630 1
4563 9949 1
4563 8696 7
4563 9610 1
4568 8793 4
4568 8850 11
4568 8600 15
4568 8691 2
4568 8740 1
4568 9872 1
4568 9976 7
4571 9259 3
4571 9231 1
4571 9784 2
4571 9161 1
4593 9244 5
4609 8773 1
4609 8911 6
4609 9230 2
4622 8568 3
4640 9997 2
4640 9363 4
4640 9813 3
4665 9110 1
4665 9782 1
4675 9640 2
4706 9025 1
4706 8845 1
4728 8649 1
4728 9855 1
4728 9819 1
4741 9516 1
4741 9253 1
4745 8711 1
4751 9628 4
4751 9007 3
4751 9244 5
4751 9843 4
4760 8835 1
4760 9670 6
4760 9265 1
4760 9939 1
4760 9191 1
4766 9366 1
4766 8942 5
4766 9601 200
4766 8647 1
4766 9547 32
4766 9622 1
4766 9596 1
4766 8566 1
4766 8648 1
4783 9255 3
4785 9463 1
4785 9170 1
4786 9203 1
4786 8875 1
4786 8707 195
4786 9517 1
4786 9081 4
4813 8874 16
4813 8805 21
4813 9248 1
4834 9257 1
4834 9132 2
4847 9182 3
4847 9415 1
4847 8731 1
4847 8809 4
4847 8845 1
4847 9023 1
4847 9376 1
4868 9015 1
4868 9526 1
4885 9824 1
4885 8746 1
4885 9434 1
4885 9554 1
4905 9391 1
4914 9786 1
4914 8702 32
4914 9124 4
4914 9722 2
4914 9759 1
4915 9266 2
4915 9385 3
4935 9993 2
4935 8564 1
4940 9523 1
4940 9250 1
4940 9044 1
4943 8908 1
4943 9914 1
4943 9379 4
4943 8581 1
4943 8879 8
4943 9437 1
4967 9750 1
4967 9933 13
4968 9037 1
4968 8677 1
4968 9023 1
4968 9110 4
4968 9221 2
4968 9566 2
4975 9890 3
4975 8595 1
4975 9931 1
4980 9743 1
4980 9924 2
4980 9930 65
4995 9278 2
4995 9085 1
5000 8901 1
5000 8970 1
5001 9741 1
5001 9469 1
5007 9547 1
5014 8759 17
5014 9610 1
5014 9914 2
5014 8827 2
5019 9886 17
5052 9642 2
5052 9052 13
5056 9068 2
5056 9164 2
5056 9246 1
5066 9322 13
5066 9588 1
5066 9199 1
5066 8882 1
5066 9473 2
5066 8572 9
5066 9965 20
5067 9218 2
5067 9232 1
5067 9697 1
5067 9749 1
5078 9093 1
5078 9505 1
5078 8921 1
5086 8580 7
5086 9033 2
5086 9170 1
5086 9242 1
5086 8698 1
5101 9888 2
5107 9580 1
5107 9207 1
5107 9428 2
5107 9680 1
5110 8739 14
5110 9539 1
5110 8740 1
5110 9867 1
5121 9486 2
5121 8815 1
5121 9744 1
5123 9538 3
5123 9011 1
5123 9637 1
5123 9865 2
5142 8604 1
5165 9142 3
5165 9965 1
5165 9158 2
5169 9373 5
5169 8895 1
5169 9353 2
5175 9856 1
5175 9146 1
5188 8576 1
5190 9330 1
5190 9003 1
5190 9189 1
5190 9203 3
5197 9122 1
5197 9554 1
5197 9787 1
5197 9046 1
5197 9754 23
5199 9156 14
5199 9686 2
5227 8587 1
5227 8584 1
5227 9457 1
5227 9930 3
5227 9418 1
5227 8783 1
5227 8708 1
5227 9017 1
5227 9349 7
5227 8748 5
5235 9940 1
5235 9604 1
5235 8888 1
5235 8579 1
5235 9725 1
5254 9449 1
5255 8892 1
5255 9742 6
5255 9903 1
5268 8816 1
5297 9534 2
5297 9218 2
5297 9307 1
5297 9332 2
5297 9983 1
5298 9246 1
5302 9703 1
5302 9434 18
5302 9456 1
5319 9627 1
5319 9312 1
5345 9414 1
5345 9915 1
5345 8932 1
5345 9725 1
5356 8592 1
5356 9446 1
5356 9088 1
5356 9630 1
5356 9499 1
5369 8913 1
5369 9940 3
5370 8841 1
5370 9959 1
5370 9527 1
5373 9975 192
5391 9892 1
5391 9952 1
5391 9862 1
5391 8894 2
5423 9456 2
5432 9755 1
5432 9626 5
5432 9738 1
5449 9370 2
5449 9304 1
5453 9004 1
5453 8865 1
5453 9203 1
5467 9600 1
5467 8635 1
5467 8863 1
5472 9975 10
5472 8983 6
5472 9116 6
5472 9322 3
5472 9035 2
5472 9981 2
5472 9459 3
5488 8592 1
5488 8971 1
5488 9987 2
5488 9798 1
5518 8803 5
5518 9502 2
5518 8842 2
5518 9168 1
5524 8730 1
5524 8925 1
5524 8666 3
5529 9205 1
5529 9742 4
5539 9447 5
5539 9519 1
5539 9505 6
5539 9348 1
5540 9817 1
5540 8702 1
5540 9982 6
5540 8924 1
5540 9644 3
5551 9076 1
5551 9755 1
5551 9876 1
5564 8901 1
5564 9379 1
5611 9426 1
5611 9784 2
5611 9577 1
5611 9833 2
5611 8627 13
5611 9161 2
5611 9218 1
5611 9492 2
5639 9585 1
5639 9885 1
5639 8983 1
5649 9459 1
5654 9584 2
5654 9907 1
5654 9088 6
5666 9885 1
5666 8591 41
5666 9092 1
5666 9185 6
5689 9560 1
5689 9145 1
5689 9446 1
5689 8652 1
5689 9964 5
5689 8757 5
5689 9757 1
5695 9768 1
5695 8869 1
5695 8649 5
5695 9774 1
5695 8568 1
5695 9472 3
5712 8646 1
5712 9437 1
5712 9679 5
5712 9712 1
5712 9325 1
5712 9620 1
5712 9793 1
5720 8664 1
5720 9433 13
5720 9776 47
5732 8732 4
5732 8701 1
5732 9652 1
5732 9292 1
5732 9998 1
5732 9104 1
5732 9152 1
5736 9401 1
5736 9004 1
5736 9865 2
5736 9892 1
5748 9415 4
5748 9712 2
5767 8729 1
5767 8582 1
5776 9506 3
5776 8790 2
5781 9238 1
5781 9140 2
5781 9090 1
5799 9215 3
5799 9102 1
5807 8769 17
5807 8635 2
5807 9158 1
5807 9366 1
5809 8966 1
5809 9848 2
5820 9571 3
5820 8910 3
5820 8671 1
5827 9494 1
5827 9798 28
5848 9923 1
5848 8913 1
5853 9298 20
5853 9403 1
5853 9173 3
5853 9728 12
5860 9348 2
5860 9564 200
5860 9746 1
5860 9952 1
5860 9447 2
5867 9265 1
5897 9657 1
5897 9964 9
5897 9177 1
5897 9708 1
5937 8870 1
5937 9657 1
5937 9463 1
5937 9085 1
5937 9817 1
5937 9960 1
5937 8856 1
5937 9869 4
5940 8782 1
5940 9036 4
5940 9670 3
5940 9772 1
5947 9898 63
5947 9901 1
5956 9981 14
5956 9730 2
5956 9495 1
5956 9681 3
5956 8590 1
5956 8596 1
5956 9362 1
5968 8993 1
5968 8848 2
5968 8749 1
5968 8764 1
5968 9809 1
5968 8666 6
5980 9524 1
5980 9013 1
5995 9462 1
5995 8759 2
5995 8729 1
5996 9519 11
5996 9612 1
5996 9614 1
6011 9845 2
6011 9105 2
6011 9385 1
6011 9333 3
6011 9506 2
6022 8912 2
6022 8574 1
6022 9844 1
6022 8782 2
6022 9443 1
6031 9632 2
6039 9839 19
6039 9635 1
6042 9783 1
6042 9655 11
6052 9639 1
6052 9355 3
6052 9004 1
6052 8821 1
6052 9655 1
6056 9861 4
6056 8712 1
6066 8694 1
6066 8957 1
6088 8743 3
6088 8901 1
6088 9445 5
6088 9766 2
6091 9530 3
6091 9425 62
6091 8566 2
6091 8909 2
6091 9551 1
6091 9840 1
6091 9917 1
6096 9193 2
6096 8757 8
6096 9551 2
6096 9084 1
6096 9985 1
6096 9069 1
6096 9327 1
6097 9221 2
6097 9092 4
6097 9548 1
6097 9739 2
6097 9923 1
6100 8907 1
6100 9232 1
6100 9420 1
6100 8707 1
6100 8783 1
6120 9381 2
6120 8704 1
6120 9646 2
6149 8575 1
6149 9854 1
6149 9645 1
6149 9862 1
6192 9734 13
6192 9322 2
6192 9722 1
6192 9894 1
6192 9032 5
6192 9044 3
6192 9723 1
6199 9278 2
6199 9881 6
6199 9524 6
6199 9247 2
6199 9257 2
6207 8662 1
6207 9341 1
6207 9596 2
6226 9509 2
6226 9236 2
6242 8727 2
6249 9360 1
6256 9133 1
6256 9009 1
6256 9231 1
6274 9609 3
6274 8830 5
6274 9471 1
6274 8643 1
6274 8975 1
6274 9982 3
6274 9192 1
6274 9168 3
6274 9710 1
6284 9500 1
6300 8579 1
6300 8753 1
6300 9055 1
6307 8698 1
6307 8564 1
6307 9618 2
6311 8640 60
6311 9050 1
6311 9353 3
6326 9838 2
6326 9967 2
6326 9317 1
6330 8684 2
6330 8787 1
6330 9683 3
6330 9906 1
6330 9924 1
6330 9940 8
6330 8574 1
6330 8827 1
6335 8911 2
6335 9519 3
6335 9838 1
6335 8637 2
6335 9771 1
6335 9200 1
6353 9271 1
6353 9810 1
6353 9817 1
6354 8825 2
6354 9864 11
6358 9539 3
6358 9342 1
6358 8983 3
6373 9545 1
6373 9999 1
6373 8880 1
6373 9982 1
6373 8839 10
6373 9187 1
6373 9769 1
6382 8934 1
6390 9829 1
6390 9071 1
6390 9313 1
6390 9798 1
6390 9650 2
6390 9999 30
6390 8842 2
6392 8611 2
6392 8878 1
6392 9472 1
6406 9279 3
6406 9089 3
6406 9443 2
6413 8663 8
6413 9054 1
6413 9864 1
6413 9775 1
6431 9477 4
6443 9750 1
6455 9276 2
6455 8697 6
6455 8680 1
6455 8775 2
6460 8988 2
6467 8968 1
6467 9105 1
6467 8861 4
6467 8593 4
6467 8947 1
6467 8956 2
6467 9226 4
6467 9707 5
6467 9785 1
6475 9716 2
6475 9734 1
6475 9672 1
6475 8794 2
6475 9383 1
6475 9546 1
6475 8656 2
6475 8780 1
6493 9723 1
6493 9215 1
6493 8776 2
6493 8824 3
6497 8641 1
6497 9573 1
6497 9238 1
6497 8646 4
6497 8667 1
6497 9102 2
6497 9640 19
6512 9658 1
6512 8962 1
6512 9007 2
6512 8937 4
6512 9557 1
6541 9274 1
6541 9388 1
6545 9085 4
6606 9801 2
6606 8725 1
6606 8979 2
6606 9210 1
6606 9547 7
6606 9483 1
6606 8682 17
6606 8853 1
6606 9136 1
6606 9317 1
6606 9376 1
6606 9329 1
6606 9653 1
6606 9357 1
6606 9628 1
6608 9975 1
6608 8979 10
6608 9022 2
6608 9902 1
6618 9340 1
6618 9444 2
6618 9000 3
6618 8592 1
6618 9242 3
6634 8766 49
6634 9969 2
6640 9608 1
6640 9379 2
6640 9932 1
6641 8665 1
6641 9998 2
6641 9573 9
6642 8845 4
6642 9119 3
6648 8806 1
6648 9797 1
6648 9975 1
6657 9859 1
6657 8718 2
6657 9734 1
6657 8894 1
6657 9663 2
6657 9741 1
6674 9128 1
6674 9124 2
6674 9678 4
6674 9485 6
6695 9222 3
6695 8807 3
6695 9716 1
6695 8932 1
6695 9261 9
6703 8620 1
6703 8698 1
6703 9214 1
6703 9735 1
6709 9216 1
6709 8801 2
6709 9180 1
6709 9410 1
6709 9656 58
6715 8818 1
6715 9965 1
6715 8796 1
6729 9594 44
6729 9577 8
6735 9529 1
6746 9085 10
6746 9584 4
6746 9481 3
6746 9013 2
6746 9803 1
6746 9530 2
6799 9723 1
6806 9689 1
6806 9918 1
6806 8814 2
6806 9888 1
6806 9153 1
6806 9482 1
6809 8725 3
6813 8868 1
6813 9278 1
6813 9292 1
6813 9729 2
6823 9068 3
6823 9768 15
6823 9638 1
6831 8953 1
6831 9729 1
6831 9845 1
6831 9829 1
6836 8828 1
6842 8833 1
6842 8680 1
6842 8713 2
6842 8797 15
6842 9102 1
6843 9531 3
6847 8999 11
6847 9571 4
6847 8901 2
6847 8959 3
6847 9523 10
6863 9479 1
6863 9106 1
6864 9739 2
6864 9420 1
6864 9584 1
6878 8790 2
6878 9773 1
6878 9872 1
6878 8956 1
6899 9486 2
6899 8964 5
6899 8994 4
6899 9475 1
6899 9140 1
6899 9875 1
6907 9785 1
6907 8991 35
6907 8910 1
6907 9385 1
6907 8837 10
6918 8780 1
6918 9312 2
6918 8597 1
6922 9959 200
6922 9993 2
6922 9933 1
6922 8766 1
6922 9055 5
6922 9829 1
6940 8918 1
6940 9025 1
6956 9712 1
6956 8956 1
6956 9768 1
6962 9228 1
6962 8631 2
6966 9801 1
6980 9176 1
6980 9632 5
6994 9919 1
6994 8579 4
6994 9731 4
6994 9286 1
6994 9591 1
6994 9888 1
6994 9422 1
6994 9452 1
7002 9096 3
7002 8662 6
7011 9305 2
7011 9462 1
7030 9501 4
7030 9655 34
7030 9395 1
7030 9453 15
7032 9021 1
7032 8769 2
7032 9245 1
7032 9632 3
7032 9774 1
7047 8869 2
7047 8984 1
7047 9595 4
7067 8827 2
7067 9071 2
7067 8907 1
7067 9011 1
7067 9298 1
7067 9431 1
7067 9782 1
7079 9946 2
7079 8864 1
7079 9111 2
7079 9975 1
7082 9354 1
7082 9479 2
7082 9670 2
7085 9286 1
7085 9573 1
7085 8598 7
7099 8937 1
7099 9684 1
7126 9838 1
7126 9680 5
7126 9952 6
7126 9692 1
7126 9948 4
7133 8828 1
7133 9226 7
7133 8792 1
7133 9541 3
7141 9921 18
7141 9652 2
7141 8765 1
7141 9471 2
7141 9642 5
7159 9328 1
7163 9793 1
7163 8839 1
7163 9693 1
7174 9095 1
7174 9199 2
7174 9280 1
7174 9604 1
7195 9101 3
7201 9041 1
7201 9775 3
7201 8733 27
7242 9872 3
7242 9194 1
7242 8880 1
7242 9408 2
7242 9553 4
7274 9206 20
7274 9639 1
7280 8602 1
7280 8720 1
7296 9607 47
7296 9025 13
7296 9023 2
7296 9425 5
7296 8893 1
7296 9483 1
7302 9914 4
7307 8790 2
7307 9072 1
7307 8838 1
7307 9169 1
7307 9774 1
7307 9888 1
7313 9282 1
7313 9563 1
7317 9927 2
7317 9414 1
7323 9133 2
7323 9831 1
7323 9731 1
7334 8845 1
7334 8680 1
7334 9011 1
7334 9679 2
7334 9105 4
7334 8895 2
7334 9732 1
7334 9010 1
7334 9759 1
7334 9768 1
7334 9664 6
7344 9649 1
7344 9122 5
7346 8840 1
7346 9366 1
7346 9907 4
7346 9624 1
7346 9709 2
7360 9497 1
7360 8743 2
7360 9133 18
7360 9840 5
7363 9332 1
7365 9000 5
7365 9934 1
7365 8793 1
7365 9722 1
7365 9278 5
7365 8853 1
7365 9665 1
7367 9091 1
7375 9932 1
7375 8992 22
7375 8731 1
7375 9539 1
7375 9551 2
7389 9767 3
7389 9339 1
7389 9406 1
7389 9680 1
7389 9731 1
7389 9885 1
7389 9041 1
7389 9218 1
7396 8852 3
7396 9519 2
7396 9217 2
7396 8968 13
7401 9338 1
7401 9912 4
7401 9499 1
7401 9919 1
7408 9939 1
7408 9815 6
7408 9918 1
7418 9330 1
7418 9943 1
7418 9641 1
7418 9745 1
7427 9686 3
7427 9048 1
7427 9701 1
7432 9880 1
7457 9697 2
7457 8652 1
7457 9117 1
7457 9206 1
7457 9805 2
7457 9986 3
7476 9586 2
7476 9381 1
7482 9424 7
7508 9797 1
7508 9035 1
7510 9400 3
7510 9730 9
7510 9445 1
7513 9943 2
7517 9646 1
7519 9316 3
7528 8672 5
7528 9722 4
7528 8902 2
7528 8705 1
7528 8985 1
7528 9331 1
7539 9940 5
7539 9976 1
7539 8566 3
7539 9748 11
7543 8645 1
7543 9870 1
7543 9537 1
7556 9770 2
7556 8892 1
7556 8801 1
7556 8651 1
7557 8827 2
7557 9654 1
7559 8729 2
7559 8637 1
7559 9087 1
7571 8731 1
7581 9497 1
7581 8718 35
7581 9644 2
7581 9588 1
7581 9151 1
7581 9701 1
7581 9271 1
7581 9683 9
7604 8758 12
7604 8789 4
7604 8932 1
7604 9893 10
7606 9000 1
7621 9095 1
7621 9299 1
7621 9982 1
7625 8787 1
7625 9428 2
7625 9870 2
7643 8615 1
7643 9709 2
7643 9761 1
7674 8841 1
7674 9712 1
7674 9180 2
7674 9731 1
7674 9950 6
7674 9097 1
7674 8668 1
7675 9840 2
7675 8816 1
7675 9746 4
7679 9485 2
7679 9868 1
7679 8568 11
7679 9943 1
7685 9939 5
7685 9474 2
7685 8951 12
7685 9935 1
7692 9244 53
7692 9274 3
7692 9043 1
7692 9430 1
7692 9855 1
7697 9053 1
7697 8851 2
7697 9691 20
7697 9665 1
7702 9782 1
7702 9021 2
7702 9334 1
7723 9608 1
7723 8666 1
7723 9708 15
7723 8947 2
7723 9729 1
7723 9164 19
7728 8631 1
7728 9461 2
7728 9864 5
7728 8806 3
7728 9634 7
7728 9182 3
7728 9886 2
7731 8988 2
7731 8694 3
7731 9423 1
7731 9585 1
7732 8927 1
7732 8749 2
7732 8819 1
7732 9136 1
7732 9728 1
7734 9260 1
7734 8656 8
7734 9389 2
7734 8593 6
7748 9602 1
7748 8711 1
7748 9506 2
7772 9839 18
7772 8675 1
7772 9092 2
7772 8646 1
7772 8910 1
7772 9838 5
7772 9921 2
7781 9423 1
7781 9482 1
7794 9829 1
7794 8771 1
7796 9904 8
7796 9912 2
7796 9065 8
7810 9732 1
7812 9888 1
7812 8692 2
7812 9135 1
7813 9254 1
7813 9176 1
7830 9304 1
7830 9417 1
7830 9765 10
7838 8937 1
7838 9755 1
7838 9291 4
7838 9341 7
7838 9472 2
7838 9104 1
7838 9280 1
7838 9290 1
7861 9538 1
7861 9646 1
7905 9275 1
7905 9455 1
7905 8911 7
7922 9157 1
7922 8636 1
7922 8755 1
7922 9383 1
7922 9896 1
7922 9739 7
7922 9998 2
7923 9968 6
7923 9349 3
7932 9083 1
7932 8623 1
7932 9906 8
7942 9122 1
7942 9177 1
7942 9762 1
7946 9376 5
7946 9669 3
7946 9072 2
7946 9317 1
7946 9033 1
7946 9124 2
7946 8565 11
7950 8816 3
7950 8850 3
7950 9454 1
7950 9505 1
7950 9810 1
7950 9821 1
7950 9880 1
7952 9968 200
7952 8691 1
7952 9403 9
7972 9875 2
7999 8837 4
7999 9520 4
8007 9228 2
8010 9585 4
8010 9573 2
8010 9529 4
8010 9842 3
8015 8989 1
8015 9598 1
8015 9669 2
8015 9798 1
8015 9441 1
8015 9924 1
8015 9743 1
8024 9825 1
8024 9101 1
8034 8827 1
8034 8912 1
8034 8807 1
8034 8965 1
8034 9041 1
8058 9959 2
8058 9371 1
8058 9348 1
8058 8665 3
8058 8719 200
8064 8737 1
8064 9187 4
8064 9367 1
8064 8948 4
8064 9214 1
8064 9868 1
8065 8796 1
8074 8740 1
8074 9454 2
8074 9431 11
8074 9485 2
8074 9015 1
8074 9077 1
8078 8937 1
8078 9111 1
8078 9744 1
8096 9212 2
8096 8937 16
8096 9019 2
8096 9109 2
8104 9152 1
8104 9989 34
8104 9378 8
8104 9090 1
8104 9248 6
8104 8957 1
8122 8749 1
8122 9541 1
8122 8869 6
8122 9149 1
8127 9217 1
8127 9404 14
8127 8604 1
8127 9178 3
8127 8798 2
8127 9450 2
8127 9833 3
8141 9620 1
8141 9357 1
8141 9068 1
8141 8832 1
8141 9076 1
8145 9709 1
8145 9731 1
8146 9516 2
8146 9622 6
8146 9203 1
8146 8677 2
8146 9932 10
8146 9761 2
8156 9409 2
8156 9515 1
8156 9890 1
8156 9852 4
8156 8847 1
8156 9183 1
8191 8964 2
8191 8768 1
8191 9073 2
8191 8567 4
8191 9870 11
8211 9607 1
8211 8915 1
8211 9341 1
8216 9379 1
8216 8647 1
8218 8677 4
8233 8783 1
8233 8957 1
8233 9743 1
8233 9985 1
8233 9274 1
8233 9912 2
8237 8758 1
8237 9081 1
8237 9481 2
8237 8749 1
8237 8624 3
8237 9881 3
8237 9395 2
8243 8605 1
8248 8993 25
8248 8997 2
8248 9096 1
8248 9688 1
8251 9214 1
8251 9480 3
8251 8835 3
8251 8624 2
8262 8874 3
8288 9337 1
8288 8989 1
8288 9081 1
8288 9342 1
8288 9537 1
8310 9760 5
8326 9849 1
8330 9515 1
8360 8749 1
8360 9179 1
8360 8994 1
8360 8996 1
8360 9265 1
8360 9455 2
8386 9341 2
8386 9311 1
8391 9862 2
8391 9373 5
8403 9042 3
8403 9322 1
8403 9690 1
8422 8918 2
8422 9110 1
8422 9963 9
8470 9340 1
8470 8598 25
8500 9122 1
8500 9684 1
8500 9248 8
8500 8823 1
8507 9508 1
8507 9353 5
8507 9703 1
8538 8649 1
8538 9623 1
8540 9870 1
8549 9307 2
8549 9614 1
8549 8837 1
8549 8773 1
8549 9383 1
8549 9016 1
8553 8721 4
8553 8775 1
8553 9764 2
8554 9141 3
8554 9886 2
8554 8684 1
8554 9192 2
8554 9457 1
8554 9588 1
8554 9896 2
8555 9609 3
8555 8665 1
8555 9775 2
8555 9333 1
8560 9765 2
8561 8701 1
8561 8904 2
8561 8782 1
8561 8873 1
8561 9859 3
8565 8744 1
8569 9305 3
8569 8737 1
8569 9971 1
8569 8758 2
8570 9917 5
8570 8979 2
8570 9955 1
8571 8747 1
8571 9881 1
8573 9635 2
8573 9967 1
8575 8881 1
8575 8846 1
8575 8931 1
8577 9508 1
8577 9784 5
8578 8946 1
8581 9696 1
8582 8846 1
8583 8973 4
8583 9117 6
8583 9426 5
8583 8945 1
8583 9366 1
8583 9548 3
8583 8758 1
8583 9005 1
8583 9900 1
8584 8744 4
8584 8923 1
8585 9672 1
8585 9723 1
8586 8787 3
8586 9144 1
8586 8805 13
8586 8727 1
8589 8659 1
8590 9599 4
8590 8914 1
8592 9468 1
8593 9202 2
8594 9860 7
8594 9654 2
8596 8952 1
8598 8961 1
8599 9071 2
8599 9566 1
8599 9564 6
8599 8792 1
8599 9464 1
8599 9005 1
8601 8765 1
8601 8798 1
8601 9087 1
8601 9367 1
8601 9733 1
8603 9116 1
8605 8986 1
8606 8916 1
8606 9018 1
8606 8638 2
8606 9811 1
8606 9921 5
8606 9396 2
8608 9130 1
8608 9083 1
8610 9688 1
8610 9231 1
8610 9825 1
8610 9848 200
8611 8933 1
8612 8949 1
8612 8963 3
8613 8727 1
8613 9831 1
8613 8776 1
8613 8959 1
8613 9100 4
8613 8708 1
8613 8713 1
8614 9019 1
8614 8621 2
8615 9603 1
8616 8868 1
8616 8953 9
8616 8897 1
8616 9456 1
8618 9100 2
8618 9351 1
8618 9440 110
8618 9762 2
8619 9217 1
8619 9290 1
8619 8851 1
8620 8871 1
8620 8726 2
8622 8650 3
8623 9014 1
8625 9306 2
8625 9330 1
8626 8803 1
8626 9337 1
8626 8879 1
8626 9224 2
8627 8990 3
8629 9060 2
8629 9914 1
8629 8830 3
8630 9905 1
8630 8671 1
8630 9309 4
8630 9534 1
8631 9008 1
8632 9614 1
8634 8910 1
8634 9789 18
8634 8898 1
8634 9197 1
8634 9701 1
8634 9744 1
8634 8895 2
8634 9809 3
8635 8786 1
8636 8914 1
8639 8968 1
8639 9028 1
8639 9745 12
8639 9819 1
8639 9050 2
8640 8981 1
8641 9174 34
8644 8978 1
8647 8802 1
8650 9300 1
8652 8980 1
8652 9027 3
8653 9624 1
8653 9585 1
8654 8831 1
8654 9155 2
8654 8728 1
8655 9925 5
8655 9735 2
8655 9271 1
8655 9337 1
8655 9994 1
8656 9719 1
8656 8660 1
8657 8829 4
8658 8690 1
8659 9791 1
8660 9346 1
8660 9762 1
8660 9387 16
8660 9688 1
8660 9341 5
8660 8738 1
8660 9509 1
8660 9980 1
8661 8680 1
8661 9576 1
8662 8836 5
8663 9059 2
8664 9059 3
8667 9139 1
8667 8760 2
8668 8944 3
8669 9141 1
8670 8929 2
8670 8735 4
8672 8929 1
8673 8725 1
8673 8908 3
8674 9114 1
8674 9796 5
8674 9583 1
8674 9907 3
8676 8788 1
8678 9281 1
8678 8690 1
8678 8972 1
8678 8980 1
8679 8863 1
8679 9457 3
8679 9690 1
8679 8964 1
8680 8917 1
8681 8874 1
8683 8934 1
8683 9631 1
8683 9901 6
8684 8905 1
8686 8898 1
8687 8993 1
8687 9767 1
8687 9275 1
8688 9748 2
8688 8985 1
8688 9266 1
8688 9983 1
8688 8870 1
8688 9103 1
8688 9376 3
8689 9620 2
8689 8725 1
8689 9238 1
8690 9273 1
8690 9400 1
8690 9494 3
8690 8710 2
8690 8772 1
8690 8787 2
8691 8744 2
8693 9048 1
8693 8947 1
8693 8702 1
8695 8978 2
8697 8728 1
8699 9455 9
8702 9816 2
8703 9815 12
8703 9109 1
8703 9405 1
8703 9173 1
8703 9375 1
8704 8734 3
8706 8795 1
8706 9825 1
8706 9710 1
8706 8821 1
8706 9130 1
8709 9032 1
8709 9284 1
8709 9842 1
8711 8917 1
8712 8872 1
8715 9816 1
8716 8924 1
8716 8861 34
8716 9327 3
8716 9739 1
8716 8976 1
8716 9355 2
8717 8796 1
8717 9314 1
8717 9071 5
8717 9489 1
8718 8871 1
8718 8914 4
8722 9644 3
8722 8730 2
8722 9310 1
8722 9771 1
8723 9172 10
8723 9193 1
8723 9530 2
8726 9487 1
8728 9256 1
8728 8953 1
8728 9545 1
8734 9015 1
8735 9745 6
8736 9395 1
8736 9711 2
8736 8898 1
8736 9035 1
8737 8763 4
8739 8961 1
8739 9705 20
8740 9799 1
8741 9478 1
8741 9151 2
8741 9353 1
8741 9076 2
8741 9711 1
8741 9691 1
8742 9599 3
8744 8878 2
8744 9036 5
8744 9880 1
8744 9287 1
8744 9321 4
8747 8844 1
8748 8788 200
8750 9768 1
8750 9441 3
8750 8800 2
8750 9664 2
8750 8848 1
8750 8868 1
8750 9369 1
8750 9426 1
8750 9649 1
8751 9641 1
8751 8762 1
8751 9184 1
8752 9888 2
8752 9965 1
8752 8858 2
8752 9222 1
8752 9761 4
8752 9798 1
8752 8878 3
8754 9012 1
8754 9337 1
8755 8756 1
8756 8849 1
8756 9545 1
8756 9712 1
8756 9865 3
8756 8877 3
8756 9346 11
8760 9124 1
8760 9025 2
8760 9376 3
8760 8947 1
8761 9843 1
8762 8770 6
8763 9663 1
8763 9550 7
8764 9799 1
8766 9283 4
8766 9834 200
8767 9980 1
8767 9934 1
8768 8987 1
8770 9106 2
8770 8935 1
8770 9857 1
8770 9897 13
8770 9671 1
8770 9754 1
8774 8930 1
8774 9823 8
8774 8833 1
8774 9374 3
8774 9837 1
8774 9310 1
8775 9059 1
8777 9003 1
8777 9622 1
8777 9120 9
8778 9014 2
8779 9714 3
8779 8850 1
8779 9607 1
8779 9742 2
8781 9736 2
8781 9657 10
8781 9795 2
8784 9796 3
8785 9306 27
8785 9738 1
8785 8833 1
8788 9872 2
8788 8971 1
8788 9478 3
8788 8838 1
8788 8870 1
8791 9474 1
8791 9264 5
8791 9292 2
8791 9388 1
8791 9710 5
8798 9045 5
8799 9843 1
8799 9631 2
8802 9448 1
8802 8892 1
8802 9054 2
8802 9950 8
8802 8883 1
8802 9065 2
8802 9228 12
8802 8848 1
8802 9588 1
8802 9207 5
8802 9429 1
8803 9202 1
8804 8823 1
8804 9433 3
8804 9992 1
8806 8931 2
8809 9014 1
8810 9120 1
8810 9570 4
8810 9856 2
8811 9957 1
8812 9227 1
8812 9631 1
8812 9667 3
8813 9532 4
8813 8930 1
8813 9502 2
8814 9296 1
8815 8928 1
8815 8867 1
8817 8820 1
8817 8933 1
8818 8829 1
8820 9773 1
8822 9916 1
8822 8834 2
8824 9603 1
8824 8885 11
8824 9038 4
8826 9287 57
8826 9426 1
8826 8920 1
8826 9284 1
8826 9669 1
8827 8929 1
8829 8956 1
8829 9622 4
8831 9126 1
8831 9290 3
8831 9906 1
8834 9971 1
8834 9730 1
8834 9854 2
8836 8979 2
8836 9028 3
8836 9426 15
8836 9732 4
8837 9877 164
8840 8941 11
8841 9165 1
8843 8880 1
8843 9531 4
8844 9354 1
8844 9147 2
8844 9757 1
8844 9282 2
8844 9474 1
8845 9061 3
8845 9451 1
8846 9849 1
8846 8851 1
8846 9373 1
8846 9674 1
8848 8917 1
8854 9143 2
8859 9279 1
8859 9500 6
8860 9994 1
8860 9033 1
8861 8914 1
8864 9165 1
8866 9210 9
8867 9805 1
8867 9987 11
8867 8948 1
8869 9297 1
8871 9333 1
8872 9107 6
8872 9517 2
8872 9091 6
8872 9460 1
8875 9026 1
8876 8929 1
8876 9756 1
8881 9065 1
8881 9431 1
8881 9481 4
8881 9526 1
8881 9703 1
8881 9250 2
8881 9813 1
8883 8900 2
8884 9200 1
8884 9117 1
8884 9278 1
8885 9781 2
8886 9910 9
8886 9006 1
8887 8940 2
8888 8967 2
8889 9202 1
8890 9296 6
8890 9159 1
8891 9438 3
8891 9617 1
8892 9853 1
8896 9968 1
8897 8938 5
8899 9357 2
8899 9294 1
8899 9839 5
8900 9515 4
8900 9439 2
8900 9441 2
8903 9014 1
8904 9705 1
8905 9249 2
8905 9464 1
8905 9553 1
8906 9734 55
8906 8985 2
8906 9182 2
8908 9241 1
8908 9281 1
8908 9202 1
8911 8955 1
8913 8914 1
8913 8967 1
8914 9113 2
8914 9312 1
8914 9126 1
8914 9233 5
8914 9888 1
8914 9381 3
8914 8953 7
8914 8997 2
8914 9210 3
8914 9265 1
8914 9455 1
8915 9834 5
8917 9844 3
8917 9760 4
8919 9348 1
8919 9317 2
8920 9542 1
8921 9281 4
8922 9534 1
8922 9849 1
8922 9274 1
8922 9369 1
8923 9362 3
8923 9529 1
8923 9494 1
8926 9439 15
8926 9149 1
8926 9249 4
8927 9816 3
8929 9961 1
8929 9903 1
8929 9411 2
8931 8966 1
8931 9519 1
8931 9772 1
8931 9852 3
8932 9567 1
8933 9735 10
8934 9599 11
8935 8978 1
8936 9424 2
8936 9989 2
8936 9959 1
8937 9567 1
8938 9374 1
8938 9890 1
8939 9363 1
8939 9764 2
8939 9270 1
8939 9461 1
8940 9304 1
8940 9980 1
8940 9905 12
8942 9807 3
8943 9505 1
8943 9316 1
8943 9537 1
8944 9396 1
8944 9310 1
8944 9147 1
8944 9903 1
8946 9527 1
8946 9650 2
8946 9264 1
8946 9329 2
8949 9401 1
8949 9845 3
8950 9480 3
8950 9098 1
8950 9672 1
8950 9496 1
8951 9719 1
8955 9169 1
8955 9366 1
8955 9417 2
8955 9126 1
8955 9884 1
8958 9559 3
8958 9190 1
8960 9485 9
8961 9257 2
8961 9332 1
8961 9617 2
8963 9686 1
8967 9028 1
8967 9084 3
8967 8970 7
8967 9802 1
8967 9135 1
8967 9520 2
8969 9939 4
8969 9252 1
8969 9638 1
8969 9439 2
8972 9530 1
8972 8975 3
8972 9389 1
8972 9682 1
8974 9975 6
8974 9352 3
8974 9273 1
8978 9734 1
8978 9220 1
8978 9536 1
8979 9877 2
8980 9272 1
8980 9334 36
8980 9709 2
8981 9126 1
8981 9313 1
8982 9072 1
8982 9778 1
8984 9268 1
8986 9776 1
8986 9687 4
8986 9003 1
8986 9147 3
8987 9357 17
8987 9797 7
8987 9253 2
8987 9210 1
8990 9290 1
8992 9603 24
8995 9003 1
8995 9523 7
8998 9389 4
8998 9276 1
8998 9830 5
9001 9857 1
9001 9761 1
9001 9314 1
9002 9728 10
9002 9801 1
9006 9291 7
9006 9105 3
9006 9819 1
9007 9057 2
9008 9069 1
9008 9111 21
9008 9307 3
9010 9186 1
9013 9066 3
9014 9399 1
9018 9263 1
9020 9781 1
9020 9741 1
9020 9872 2
9024 9329 1
9024 9272 1
9024 9546 1
9026 9992 1
9026 9497 2
9027 9490 1
9028 9436 1
9029 9557 3
9030 9383 7
9030 9423 29
9030 9291 1
9034 9296 3
9038 9815 2
9038 9078 1
9038 9960 2
9040 9135 1
9040 9801 2
9040 9338 1
9041 9219 1
9043 9159 1
9045 9564 1
9045 9771 1
9045 9401 2
9045 9680 1
9045 9244 1
9045 9953 2
9046 9799 1
9047 9224 1
9049 9136 1
9054 9296 1
9056 9162 1
9056 9602 1
9057 9942 1
9058 9919 1
9058 9153 2
9058 9160 1
9059 9782 2
9059 9411 1
9059 9437 1
9059 9607 2
9061 9621 3
9061 9480 3
9061 9624 1
9062 9945 2
9062 9159 1
9066 9396 1
9066 9290 1
9066 9870 22
9066 9094 1
9066 9873 2
9072 9603 2
9077 9239 1
9088 9165 13
9091 9436 1
9096 9202 2
9114 9877 1
9121 9296 2
9124 9567 1
9125 9877 1
9125 9258 1
9139 9173 1
9139 9802 1
9141 9372 1
9147 9816 1
9147 9467 2
9155 9378 1
9155 9351 1
9156 9957 50
9159 9594 1
9165 9293 200
9165 9508 1
9171 9258 1
9174 9766 1
9174 9943 4
9186 9410 1
9186 9793 2
9189 9799 1
9202 9867 1
9202 9892 14
9202 9396 1
9215 9239 2
9219 9757 200
9219 9354 1
9227 9814 37
9228 9814 18
9236 9814 2
9239 9864 4
9239 9373 9
9239 9400 1
9239 9319 1
9239 9463 1
9241 9681 3
9241 9980 5
9243 9715 1
9252 9756 21
9258 9284 2
9258 9444 1
9263 9473 1
9268 9463 9
9268 9306 1
9272 9300 3
9280 9877 1
9281 9676 1
9283 9861 1
9283 9363 3
9283 9687 2
9297 9548 2
9297 9641 3
9297 9751 1
9300 9890 1
9300 9516 5
9300 9992 1
9302 9515 18
9302 9830 4
9372 9867 6
9372 9394 2
9391 9877 1
9394 9807 1
9397 9696 23
9402 9468 2
9413 9747 1
9418 9542 125
9425 9887 3
9430 9957 1
9442 9847 1
9450 9756 1
9451 9751 1
9461 9816 2
9463 9816 1
9465 9562 1
9467 9845 7
9468 9595 1
9468 9555 3
9468 9989 3
9476 9515 1
9476 9708 1
9479 9945 1
9481 9599 1
9485 9696 1
9508 9877 1
9512 9887 37
9512 9916 1
9514 9717 1
9526 9945 1
9542 9649 1
9550 9814 6
9552 9816 1
9555 9877 1
9562 9628 2
9567 9759 1
9567 9626 1
9567 9984 2
9590 9647 9
9599 9665 1
9603 9893 200
9608 9791 4
9609 9887 1
9613 9995 4
9614 9737 2
9621 9816 1
9626 9799 1
9634 9737 1
9638 9799 1
9675 9800 1
9684 9737 1
9687 9799 1
9696 9802 1
9697 9945 1
9724 9877 2
9728 9957 1
9730 9814 1
9733 9853 5
9737 9926 1
9783 9791 1
9790 9887 1
9791 9926 6
9791 9857 1
9791 9942 2
9791 9844 1
9799 9838 1
9834 9940 1
9877 9960 1
9887 9915 1
9902 9916 2
9909 9956 1
9917 9945 1
