21 9618 1
21 9610 1
21 9329 1
33 8626 1
33 9151 1
37 8902 1
37 9118 1
37 9129 3
37 8903 1
37 9496 1
47 8708 6
51 9238 2
51 8971 1
51 9453 1
67 9646 1
67 9061 1
67 9891 1
92 9928 1
92 8784 1
92 9694 1
92 8602 1
92 9151 2
99 9819 2
99 8837 1
99 9352 3
102 8626 1
102 9603 1
102 9865 1
102 8571 1
102 8935 1
102 8568 1
102 8693 19
102 8760 1
102 9888 1
102 8893 1
107 9947 1
121 8887 1
121 8564 1
121 9610 17
121 9037 1
121 9883 3
121 9770 3
123 9934 145
123 9928 1
150 9994 1
150 9103 1
161 9927 1
161 9962 1
161 9355 3
161 9851 2
167 9083 4
167 9659 1
171 9273 1
171 8544 5
171 8823 1
171 8867 1
172 9322 11
172 9526 5
172 8782 1
219 9090 1
219 9321 1
219 9778 1
233 8985 10
233 8928 1
233 9401 1
233 9604 3
235 9616 2
235 9903 1
241 9146 1
241 9120 1
241 9959 1
266 9500 120
267 9708 1
284 8569 1
284 9455 1
297 8543 2
308 9044 1
308 8849 1
308 9694 2
329 9977 3
329 8978 1
329 9349 12
330 9028 1
330 8858 1
339 8955 200
339 9826 4
339 9147 1
339 9883 2
344 8875 7
344 9162 2
344 9182 4
344 9014 2
344 8661 9
351 9645 1
351 9064 3
365 9968 2
365 8612 1
365 9900 1
367 9419 1
367 9166 2
367 8967 13
367 8878 1
381 9465 1
381 8733 13
381 9290 15
381 8699 2
381 9434 1
381 9905 1
385 9640 1
385 9508 1
385 9906 2
385 9963 1
385 8965 4
385 9666 1
391 9275 3
391 9789 1
391 8635 1
391 8939 1
391 8557 2
391 9241 4
391 8652 1
391 9986 1
391 8898 2
391 9026 1
414 9675 5
415 9573 1
422 9352 1
422 9834 1
422 9754 4
423 9839 1
423 8911 1
423 9792 13
423 9309 4
423 9564 3
436 9603 6
436 9888 2
436 9556 1
436 9012 1
449 9799 3
470 9587 1
470 8597 1
470 9610 1
477 8862 1
477 8975 1
477 8771 6
477 9014 1
477 9158 1
477 9407 2
478 8648 1
478 8935 2
478 9072 1
478 8936 1
478 9963 1
488 8593 1
488 9773 1
515 8792 2
515 9627 1
515 8675 2
515 9406 1
515 9724 2
515 8567 1
515 9632 1
515 8902 1
515 9075 3
515 9570 1
517 9270 1
519 9468 6
525 9295 2
525 8679 28
525 9179 1
525 9393 1
525 9167 1
525 8844 1
525 9247 5
525 9416 1
528 9065 3
528 9821 1
541 9642 22
541 8593 1
545 9116 3
545 8557 1
545 8810 1
545 9263 1
545 9627 1
545 9894 1
545 9942 1
553 9428 9
553 9511 1
558 8919 1
558 9298 1
571 8936 2
571 9461 1
571 9403 1
571 9867 3
584 8623 1
588 9839 1
588 9964 1
588 9983 7
588 8898 1
588 9534 1
588 9872 2
588 9209 1
589 8565 1
589 8716 1
589 9442 12
592 8843 1
592 8783 1
592 8939 1
592 9106 1
599 9692 1
599 8653 1
599 9275 1
599 8563 1
599 9412 5
599 9683 1
600 9970 7
600 9632 1
615 9405 2
615 8843 1
616 9276 2
616 9510 1
616 9764 1
616 8746 1
622 9233 1
622 9531 1
627 9452 1
627 9221 1
627 9298 2
632 9455 1
632 9100 1
632 9147 5
632 9988 1
632 9152 1
632 9212 2
647 9404 1
647 9865 1
647 9184 1
647 9320 1
647 9481 1
647 9543 1
647 9566 1
647 9695 1
652 9308 3
680 8724 1
680 8561 1
680 9395 39
680 9539 16
680 9658 1
680 8780 1
681 9178 2
681 8911 1
681 9935 1
681 8701 1
681 9497 1
684 8974 12
684 8742 1
684 9471 2
739 9965 2
739 9064 2
739 9771 1
739 9282 1
739 8567 1
747 9098 1
759 9147 3
759 9083 2
759 9274 1
767 9774 1
768 9908 1
790 9051 1
790 9378 1
790 9647 1
790 9184 1
792 9193 1
792 8585 1
792 8651 1
792 9737 3
792 9740 1
793 9405 2
793 9488 2
808 8565 3
810 9677 1
810 9131 2
810 9239 1
817 4273 17
817 9132 1
817 9436 1
821 9980 3
821 8745 1
821 8740 1
821 9865 1
855 9300 1
855 9629 1
855 9226 80
855 9612 1
866 9097 1
874 8744 1
874 8729 1
877 9914 1
880 9642 1
880 8972 1
880 9150 2
880 9462 1
904 9896 1
904 9870 1
904 9038 2
914 9779 1
914 9493 4
914 9242 1
921 9471 3
921 9437 1
945 8620 1
945 9500 1
945 9162 1
945 9979 2
949 8746 9
949 9183 2
949 9769 1
949 9039 2
949 9335 1
949 9968 3
949 8964 12
954 9178 2
954 9156 1
954 9914 1
954 8863 1
968 9100 1
968 9959 4
968 9429 3
1035 9936 1
1035 9193 1
1035 9349 1
1035 9302 4
1042 9621 1
1077 8681 2
1077 9729 1
1082 9968 1
1082 9423 1
1087 8986 4
1090 9917 3
1090 8760 1
1090 8909 1
1109 9493 1
1109 9051 3
1109 8954 1
1109 8995 1
1112 9098 1
1112 8728 1
1112 8957 1
1112 9539 2
1116 8641 2
1116 8649 1
1116 8996 1
1116 8697 1
1116 9189 1
1116 8815 1
1116 9273 1
1116 9533 2
1129 9809 2
1129 9397 11
1139 8979 5
1139 8689 1
1139 9381 2
1152 8971 1
1152 8972 1
1152 8866 1
1152 9381 4
1152 9417 1
1152 9771 4
1167 9004 1
1167 9807 1
1167 9204 6
1167 8777 1
1167 9437 1
1179 8583 1
1179 8621 1
1179 9176 1
1179 9418 12
1179 9078 3
1196 9571 1
1203 9276 3
1203 8800 1
1203 9901 1
1203 8790 2
1203 9486 1
1206 8862 3
1210 8624 1
1218 9796 36
1218 8859 1
1218 9090 1
1218 9106 1
1218 9147 5
1222 8724 2
1222 8840 7
1227 9507 1
1227 9654 9
1227 8853 1
1235 8634 1
1235 8709 1
1235 8861 1
1235 9350 1
1241 9565 1
1241 9349 2
1241 8674 3
1241 9257 1
1241 9181 6
1243 8626 1
1243 8983 15
1243 8989 1
1243 9435 1
1243 8808 1
1255 8585 4
1255 9151 1
1255 9942 1
1255 8935 1
1255 9293 21
1255 9803 1
1264 8853 1
1281 8830 6
1281 9059 3
1281 9189 2
1281 8807 1
1281 9290 2
1281 9494 1
1281 8806 1
1289 9803 1
1289 9727 1
1289 9908 1
1292 9787 2
1292 9903 1
1292 9950 1
1313 9493 1
1313 9739 3
1313 9378 1
1313 8975 1
1313 8889 1
1313 9728 1
1313 9734 2
1320 8901 2
1320 9467 4
1320 9824 1
1320 9380 1
1324 8644 23
1324 9778 1
1324 8836 2
1324 9043 1
1324 9730 2
1341 9095 1
1341 9587 1
1341 9511 3
1341 8643 20
1341 9934 1
1350 9786 1
1350 8882 2
1350 9999 48
1350 9013 1
1361 9024 1
1361 9531 1
1361 8593 4
1369 9262 1
1369 9755 1
1369 8868 1
1389 9972 1
1389 9348 1
1389 9472 2
1389 9691 3
1389 9239 2
1389 8763 2
1389 9673 1
1389 9787 2
1389 9813 1
1389 9504 1
1404 9592 1
1404 9223 3
1404 9297 1
1424 9246 1
1424 9067 3
1424 9327 1
1424 8659 1
1424 9428 1
1439 9515 1
1439 8769 1
1444 8674 1
1444 8909 1
1444 9884 9
1444 8768 2
1444 9487 11
1453 9007 1
1464 9431 1
1464 9514 1
1465 8570 1
1465 8670 2
1465 8723 1
1465 9432 1
1477 9310 3
1477 9878 1
1477 9994 3
1477 9028 9
1477 9488 3
1477 8881 4
1477 9204 1
1498 9191 3
1511 9783 2
1511 9340 1
1511 9274 1
1511 8970 1
1511 9391 3
1511 9120 1
1511 8901 1
1511 9798 1
1514 9338 3
1514 9511 4
1514 8979 4
1536 8610 1
1537 9851 1
1558 9226 1
1558 8941 3
1558 8716 1
1558 8989 3
1558 9430 1
1559 9047 1
1559 8983 1
1559 9154 1
1559 9117 1
1559 9781 3
1564 9947 2
1564 8560 3
1564 9368 1
1564 9873 1
1570 9488 1
1570 8887 1
1570 9292 22
1570 8630 1
1570 9270 1
1570 9218 2
1570 9429 1
1583 9687 11
1583 9107 1
1583 8545 1
1592 1994 1
1592 8703 200
1592 9528 1
1592 9220 1
1592 8870 1
1611 8861 1
1611 8825 2
1611 9631 48
1615 8988 34
1615 9891 1
1615 9429 4
1615 9642 6
1619 9979 1
1619 9035 1
1619 9268 1
1621 9408 10
1621 9941 1
1621 9736 2
1621 9836 1
1628 8571 22
1638 8818 4
1638 8988 2
1638 8605 2
1638 8647 9
1638 9944 5
1664 9224 10
1679 9018 1
1679 9655 36
1691 9506 4
1691 9798 2
1691 9616 2
1691 9852 1
1691 9000 1
1703 8722 1
1703 8734 1
1703 8859 2
1703 9794 92
1718 8965 1
1718 8559 2
1718 9691 1
1721 8564 1
1721 9214 13
1721 9137 1
1721 8581 1
1721 9565 1
1721 9680 4
1721 9461 1
1721 9635 200
1727 9105 10
1755 9334 1
1755 9639 1
1755 9768 1
1755 9093 1
1755 9834 2
1767 8548 4
1767 9290 1
1769 8956 1
1769 9593 2
1769 9388 2
1769 8861 6
1769 8540 1
1769 8668 1
1769 9270 74
1769 9294 1
1769 9355 2
1769 9710 6
1769 9877 9
1769 9920 1
1796 8833 1
1796 9266 1
1796 9060 1
1796 9209 2
1796 9326 3
1796 8708 1
1796 9630 1
1796 9711 3
1796 9719 25
1812 8814 2
1812 9964 1
1831 8995 4
1831 9527 1
1831 8901 1
1831 9248 1
1831 9130 12
1831 9859 5
1839 9290 1
1839 8660 1
1839 8830 1
1839 8854 3
1839 9382 1
1840 9458 1
1862 8845 1
1862 9165 2
1862 9300 15
1863 9588 3
1863 9895 3
1884 9199 1
1884 9959 2
1884 8597 1
1884 9201 1
1884 9195 8
1890 9308 1
1890 8641 1
1890 8615 1
1890 9046 2
1890 9039 1
1890 9906 1
1890 9993 6
1894 8997 1
1894 9085 1
1894 9895 50
1894 9399 1
1894 9433 1
1902 8747 1
1902 8755 12
1902 9769 1
1927 8911 1
1927 9874 1
1935 9921 1
1935 8709 1
1935 9821 2
1935 8541 1
1935 9388 1
1935 9231 1
1946 8559 1
1946 9153 1
1946 9261 1
1948 8825 1
1948 8906 4
1948 9309 8
1948 9360 3
1954 8949 1
1954 8563 1
1954 9862 1
1955 9046 3
1955 9565 2
1983 9883 1
1983 9618 1
1992 9197 1
1992 9914 1
1992 9129 7
1992 9124 9
1992 9775 2
1992 8697 1
1992 8978 1
1992 9831 1
1994 8858 1
1994 9630 1
1994 9805 1
1994 9668 1
1994 9789 2
1996 8926 2
1996 9569 1
1996 9976 1
1996 9054 1
2002 9105 2
2002 9363 1
2002 9721 5
2002 9393 1
2002 9616 1
2008 8550 1
2008 8595 1
2008 9867 1
2008 9262 1
2008 9702 3
2025 9748 1
2025 9637 1
2025 9640 1
2026 9053 1
2026 9863 6
2026 8621 1
2026 9196 1
2026 9408 1
2026 8693 1
2026 9980 1
2039 9266 1
2042 8548 2
2042 8617 46
2042 9504 2
2042 9065 2
2042 9175 2
2042 9326 1
2047 9188 1
2047 9799 1
2047 9672 1
2048 9594 3
2054 8971 1
2054 9192 2
2062 8600 2
2062 9430 1
2062 9608 2
2062 8963 1
2062 9049 1
2062 9737 3
2062 9605 11
2072 9996 1
2072 9575 1
2089 9132 1
2089 9288 5
2089 9435 1
2089 8560 1
2089 9018 1
2089 9028 1
2089 9053 1
2124 9864 1
2124 9683 3
2124 9818 1
2124 9522 1
2124 9851 2
2137 9385 1
2137 9080 1
2138 8749 3
2172 9867 5
2172 9166 1
2172 8797 2
2172 9280 1
2172 9995 3
2172 8759 1
2172 9137 2
2173 8857 1
2173 9899 1
2173 9994 1
2173 9404 1
2173 9458 20
2201 9577 1
2201 9686 1
2201 9675 1
2201 9931 17
2201 9055 1
2205 9008 1
2205 9371 19
2205 8713 1
2205 9439 1
2205 9845 2
2205 8604 2
2205 9237 13
2212 8604 1
2212 8728 2
2212 8756 1
2212 9775 1
2212 9893 7
2212 8700 1
2212 9148 1
2212 9905 2
2214 8746 1
2214 8679 2
2214 9757 1
2214 9009 4
2215 9784 1
2215 9510 1
2215 9871 1
2221 9038 1
2221 9360 3
2221 8824 1
2221 9718 1
2223 9100 1
2223 8693 5
2223 8632 1
2223 8825 2
2223 8575 5
2223 8877 2
2228 9897 1
2228 9174 1
2248 9776 1
2248 9297 1
2248 8855 3
2248 9587 1
2259 9938 2
2259 9540 1
2259 9739 1
2281 9785 1
2284 9040 1
2295 8546 1
2295 9880 1
2295 9813 1
2295 9278 1
2295 9947 1
2295 9816 2
2312 8652 1
2312 8771 1
2312 9044 3
2314 9520 1
2314 9608 2
2324 9554 1
2324 8564 8
2340 8873 1
2340 9149 1
2340 9460 1
2344 9103 9
2344 8655 3
2344 9119 1
2347 9653 1
2353 8901 1
2353 9071 1
2353 9805 1
2353 8579 1
2368 8928 1
2368 8988 2
2368 9450 3
2370 9112 1
2370 9496 1
2376 9384 1
2376 9608 1
2376 9761 1
2376 9605 1
2393 9054 2
2393 8785 1
2393 9105 2
2393 9275 1
2404 9610 11
2404 9645 1
2404 9433 15
2404 9837 1
2404 8891 1
2404 9758 6
2417 9611 2
2417 9038 1
2417 8973 1
2417 9215 3
2419 9018 2
2428 8961 4
2428 9672 2
2428 8866 1
2428 9638 23
2429 8561 1
2429 8705 2
2429 8924 1
2429 9103 1
2429 9781 1
2429 9791 1
2429 9059 4
2430 9878 1
2430 8729 1
2430 8653 2
2430 9778 2
2430 9528 1
2445 9406 1
2445 9778 9
2445 9954 1
2448 9460 1
2448 9302 1
2448 9482 1
2448 9520 1
2461 8935 1
2461 8795 1
2461 9494 1
2466 8596 2
2466 9106 2
2466 9653 1
2466 9795 1
2466 8778 1
2477 9966 1
2477 9036 1
2483 9882 1
2483 9911 1
2483 9224 10
2512 8641 1
2518 9895 2
2518 9300 1
2518 8756 1
2518 9906 1
2518 9190 3
2518 9892 1
2522 9346 1
2546 8657 1
2546 9030 7
2546 8583 1
2546 9983 1
2546 8783 2
2546 8955 2
2546 9148 4
2546 9257 1
2552 8559 6
2552 8978 2
2552 9456 4
2552 9976 1
2552 9585 1
2558 9807 3
2568 9468 2
2568 9476 1
2568 9857 1
2568 9016 1
2579 9941 2
2584 9319 10
2584 9687 1
2584 8619 1
2585 9618 1
2585 9242 1
2600 9275 1
2600 9232 1
2600 8684 8
2600 9549 1
2608 9024 10
2608 9815 1
2631 8624 12
2631 9148 2
2631 8856 2
2634 9214 1
2634 9518 4
2634 9588 9
2666 8856 2
2666 8821 1
2672 9870 3
2672 9154 1
2688 9769 1
2688 9837 1
2688 8602 2
2696 9757 1
2696 9538 1
2696 9257 13
2696 9628 1
2696 8570 1
2696 9463 1
2696 9729 1
2696 9436 1
2696 8713 6
2696 9169 1
2696 9174 21
2718 9673 2
2718 8862 1
2723 9403 1
2723 8949 1
2727 9952 1
2727 9196 190
2727 8851 1
2727 9363 1
2727 9784 1
2732 8932 1
2732 9535 1
2732 8859 1
2732 9303 1
2732 9497 1
2732 8615 10
2739 8893 1
2739 9648 5
2739 9716 1
2741 9884 1
2741 8975 37
2744 9136 4
2744 9330 1
2744 9932 2
2750 8883 1
2750 9066 3
2750 9451 2
2757 9789 1
2757 8817 1
2758 8775 85
2774 9330 8
2774 9697 2
2774 8846 1
2774 8938 2
2776 9001 1
2776 9847 3
2776 8756 1
2776 9602 1
2781 9655 1
2781 9933 1
2797 9278 1
2797 9653 2
2797 8684 16
2797 9200 3
2822 9986 1
2822 9302 2
2822 9928 1
2828 9173 1
2836 8693 2
2836 9249 1
2836 9333 1
2836 9374 2
2836 9471 1
2865 9062 1
2865 9927 1
2874 8689 2
2874 9590 1
2874 8635 1
2874 9127 2
2874 9818 1
2882 9384 1
2882 8761 1
2883 9499 1
2901 8753 1
2901 9128 2
2901 9336 1
2901 9527 1
2901 9685 4
2913 8784 1
2913 8973 3
2913 9152 1
2913 8625 1
2928 9760 2
2928 9013 5
2928 8781 1
2928 9124 2
2928 9385 2
2928 9518 1
2928 9193 1
2934 9640 1
2934 8745 1
2934 9598 1
2946 8599 1
2946 9182 112
2951 9655 1
2951 9266 9
2951 8687 1
2951 8946 1
2952 9161 1
2955 9691 2
2955 9554 1
2955 8981 1
2955 9532 1
2955 9846 7
2960 9841 1
2960 8814 1
2960 8830 5
2960 9464 1
2963 9074 120
2963 9675 1
2963 9354 8
2975 8951 8
2975 8875 1
2975 9338 1
2975 9528 4
2975 9841 1
2977 8879 1
2977 9011 4
2977 8997 2
2977 9363 3
2977 8845 1
2977 9118 1
2977 9541 1
2986 9828 1
2986 8600 4
2986 9978 2
3027 9068 1
3027 8612 1
3027 8925 2
3027 9050 2
3032 8877 1
3032 9512 1
3032 8656 1
3032 9876 1
3032 8705 1
3032 9329 7
3032 8541 5
3061 8615 1
3061 9862 7
3061 9882 11
3061 8944 1
3061 9280 1
3068 9870 1
3068 8871 3
3075 8871 1
3075 9746 55
3086 9823 1
3086 9828 10
3086 8792 1
3092 9773 4
3092 9440 1
3092 9696 1
3097 9548 2
3109 9436 1
3109 9613 1
3109 9738 1
3109 8683 1
3115 9783 1
3115 8941 1
3115 8727 1
3115 8927 1
3115 9008 1
3122 9088 1
3122 9773 1
3122 9678 1
3122 9551 11
3122 9752 1
3122 9703 30
3122 9441 2
3124 9169 2
3124 9757 1
3124 9549 1
3124 8957 1
3124 9431 63
3124 9418 1
3124 9829 1
3128 9150 1
3128 8767 1
3128 9238 2
3128 8850 2
3128 9756 1
3128 9904 1
3168 8988 14
3168 9153 1
3168 8648 2
3168 9723 2
3168 9808 1
3168 9493 1
3168 9592 2
3177 8806 1
3177 9322 5
3177 8718 1
3187 9301 2
3187 9006 2
3187 9238 1
3196 8634 1
3196 8998 2
3196 9051 1
3196 9701 1
3196 9351 2
3204 9151 1
3204 8694 3
3204 9263 1
3204 9098 13
3204 9374 5
3210 9234 5
3210 8743 1
3217 8615 1
3217 8993 1
3235 9607 2
3235 9398 3
3235 8666 2
3235 8936 1
3235 9276 24
3235 9810 1
3235 9701 1
3239 9060 3
3239 9626 1
3244 9389 1
3244 9053 1
3244 8752 1
3244 9480 1
3266 9754 1
3268 9251 1
3268 9539 1
3268 8599 200
3268 9623 3
3268 9427 1
3268 9615 2
3322 9109 1
3322 8565 1
3322 8689 1
3322 8776 1
3322 9132 2
3332 8619 1
3332 8676 1
3332 8683 1
3332 8938 3
3332 9435 11
3332 9608 2
3338 9499 2
3338 9419 1
3338 8655 1
3347 9674 1
3347 8845 1
3347 9443 4
3347 9652 2
3347 9896 1
3347 9959 17
3347 9968 1
3347 9498 66
3347 9520 4
3362 9516 1
3362 8812 1
3362 9699 1
3362 9860 30
3362 9512 1
3362 9191 2
3363 8921 6
3363 9796 1
3386 8567 2
3386 9368 2
3386 9970 1
3411 9444 1
3411 8733 1
3411 9568 10
3417 8766 5
3417 8985 1
3417 9536 1
3417 9558 1
3417 9090 3
3417 9482 1
3435 8795 13
3435 8763 1
3435 9293 1
3435 9138 1
3435 9377 4
3435 9136 1
3451 9999 66
3471 9494 1
3471 9232 1
3482 9437 1
3488 9192 1
3488 8596 1
3488 9829 1
3488 9908 1
3488 9277 1
3497 9050 3
3497 8733 14
3497 8843 8
3497 9319 1
3497 9619 6
3507 8737 1
3509 9434 3
3509 9901 1
3509 9675 1
3515 9013 6
3515 9710 1
3519 8945 1
3519 8876 3
3529 8562 1
3529 9214 1
3529 9158 3
3529 9234 1
3529 8740 2
3529 8821 11
3529 9555 1
3535 9744 3
3535 8749 1
3556 9031 26
3556 8708 1
3556 8563 1
3556 8813 4
3556 9816 6
3556 8857 1
3556 9073 9
3556 9791 1
3556 9273 1
3566 8987 1
3567 8811 1
3567 9594 1
3572 8755 1
3572 9477 1
3572 9583 2
3572 8925 1
3572 8971 1
3572 9377 11
3572 8995 1
3572 9641 1
3572 9766 2
3580 9352 1
3580 9443 2
3580 9724 2
3583 9423 2
3585 9724 1
3588 9667 3
3588 9787 1
3588 9719 5
3588 8987 1
3605 9117 1
3605 8807 1
3605 9672 1
3605 9348 3
3634 9699 1
3634 8647 4
3634 8895 6
3635 9931 1
3635 9100 1
3640 9432 1
3665 9416 1
3665 8624 1
3678 9640 1
3678 9477 1
3678 9639 1
3678 9075 1
3678 8963 1
3678 9068 2
3680 9571 1
3680 9736 1
3680 8675 9
3680 9405 2
3680 8695 2
3680 9130 1
3680 9944 1
3707 9462 1
3707 9105 1
3707 9095 1
3707 9030 1
3721 8620 4
3721 9164 1
3721 9638 6
3721 9084 1
3721 9603 1
3722 8999 1
3747 9464 5
3747 9351 9
3747 8985 4
3747 9110 2
3747 9453 1
3747 9178 1
3757 8703 1
3769 8826 2
3769 9464 2
3769 9763 1
3769 9190 1
3769 9211 1
3773 9928 1
3773 8644 1
3803 9453 1
3803 9340 1
3803 9370 1
3803 9526 1
3817 9345 1
3831 9543 1
3831 9233 2
3831 9460 1
3831 8951 6
3831 9800 7
3844 8893 2
3844 8974 1
3844 9488 1
3844 9013 2
3857 9107 1
3857 9117 1
3857 9191 2
3857 9504 1
3862 9531 1
3862 9274 1
3862 9819 1
3893 8856 3
3893 9758 2
3893 9656 1
3894 9183 1
3894 8925 3
3898 9310 1
3898 8717 6
3898 9805 1
3904 9027 1
3904 9683 1
3905 9212 1
3938 9412 1
3938 9970 1
3938 9045 1
3938 9455 1
3938 9873 1
3938 9527 1
3938 8571 60
3938 9522 1
3938 8599 1
3938 9172 1
3945 9137 1
3945 9376 1
3945 8915 2
3947 8684 33
3947 9009 2
3947 9117 1
3947 8562 1
3947 8866 5
3947 8790 1
3947 9246 4
3947 8681 4
3947 9593 1
3951 9605 2
3951 8777 1
3951 9239 1
3982 8593 1
3982 9408 4
3995 8873 3
3995 9120 1
4001 9176 1
4001 9178 1
4001 9638 1
4001 9728 2
4001 8818 1
4004 9719 2
4004 9795 1
4004 9564 1
4078 9422 1
4078 9073 2
4078 9877 1
4078 8771 1
4078 9335 3
4078 9734 1
4078 9767 1
4078 9072 1
4091 8780 200
4091 8848 1
4091 9856 1
4103 9080 3
4103 9714 1
4119 9231 2
4119 9390 1
4119 9403 2
4119 9187 1
4121 9028 1
4126 9808 1
4126 8865 2
4126 9538 4
4126 9124 1
4131 8546 1
4131 9276 1
4131 9606 4
4139 9474 7
4139 9641 7
4139 9248 1
4167 8906 1
4167 9876 1
4167 9947 2
4168 9361 2
4168 8652 2
4168 9776 1
4181 8703 1
4181 9384 2
4196 8897 1
4196 8961 1
4196 9337 32
4196 9859 1
4196 9210 2
4196 9959 1
4208 8859 1
4208 9093 1
4227 9590 57
4227 8980 3
4230 9381 1
4230 8808 1
4230 9744 1
4273 8845 1
4273 8564 8
4273 8595 3
4273 9591 1
4273 9751 6
4282 8784 1
4282 9687 3
4282 9169 1
4282 9384 1
4282 9741 1
4288 9184 1
4288 9774 1
4295 9603 3
4295 8542 1
4295 9173 24
4295 9616 1
4303 8932 2
4303 8954 3
4303 9139 1
4303 8707 1
4303 9259 1
4303 9515 1
4317 8655 3
4317 9608 1
4326 9721 1
4326 9702 1
4326 9813 1
4352 9063 1
4352 8717 1
4352 9368 1
4352 9405 1
4357 9680 1
4357 9695 3
4357 9292 1
4357 9164 1
4357 9705 3
4359 9083 21
4359 8720 1
4359 8970 1
4359 9552 1
4363 9975 19
4363 8849 1
4389 9271 1
4389 8967 1
4389 9664 1
4394 9552 1
4394 8743 1
4394 9834 1
4422 9729 1
4422 9213 1
4422 8718 1
4422 8946 1
4422 9129 1
4422 9671 2
4431 8559 1
4431 9687 1
4431 9761 1
4431 9917 1
4431 9821 2
4431 8883 1
4441 9942 1
4441 8909 7
4458 8569 1
4458 8843 2
4458 9535 1
4458 8983 1
4458 9303 2
4462 9361 2
4462 8826 1
4462 9386 1
4462 9008 1
4462 9256 1
4462 9466 1
4462 8836 2
4462 9302 1
4462 9611 1
4462 9993 1
4462 8753 1
4469 9896 1
4469 8829 1
4477 9478 1
4477 9297 1
4477 9787 1
4477 9479 1
4477 9689 2
4477 9892 2
4507 8756 1
4518 9043 1
4530 9039 6
4530 9337 3
4535 9463 1
4535 8918 1
4535 9041 1
4535 9209 1
4535 9678 1
4535 9063 3
4535 9084 2
4535 9551 28
4549 9110 2
4549 9668 1
4549 9775 3
4553 8655 5
4553 9148 1
4553 9482 3
4553 9188 32
4566 9613 1
4566 9440 1
4566 9678 2
4572 9295 1
4572 8882 2
4572 8544 7
4572 9452 1
4585 8761 6
4585 9564 2
4585 9205 3
4589 9083 1
4589 9024 1
4591 8756 1
4591 9483 1
4591 8579 5
4591 9845 9
4595 8940 3
4595 8879 2
4595 9409 1
4595 9884 1
4601 8593 9
4601 8631 1
4601 9736 1
4612 9954 1
4612 9673 1
4640 9991 1
4640 9751 3
4640 9907 1
4642 9100 1
4648 9519 3
4648 9335 1
4648 9688 1
4650 8722 1
4650 9446 1
4650 8932 1
4650 9390 1
4661 9459 2
4661 8746 1
4669 9816 1
4669 9511 19
4669 9893 1
4669 9935 3
4669 9583 1
4669 9871 2
4669 8928 1
4669 9007 5
4675 9656 1
4675 9381 3
4677 8986 1
4677 9264 1
4677 9197 1
4677 8958 1
4677 9796 1
4677 8708 1
4677 9878 1
4680 9766 1
4680 8967 3
4684 9450 1
4684 9652 2
4684 9328 1
4713 8944 1
4724 8746 2
4724 9394 1
4731 9211 1
4731 8695 1
4737 8707 1
4737 8631 3
4737 9129 1
4737 9388 3
4737 8841 2
4738 9299 11
4738 9515 1
4738 8812 1
4740 9174 8
4744 9242 4
4744 9248 1
4755 8660 1
4755 9039 2
4755 9583 4
4755 9055 1
4755 9019 1
4777 8815 1
4777 9059 1
4777 9763 2
4777 9941 5
4783 9422 1
4783 9739 1
4783 9037 2
4783 9389 1
4806 8807 1
4806 9371 1
4832 9221 1
4832 9327 1
4832 9511 2
4832 9713 1
4840 8981 1
4840 9797 1
4840 9758 1
4862 9474 2
4862 8666 1
4883 9329 8
4883 8600 4
4883 8817 2
4883 9059 1
4883 9713 1
4883 9378 5
4883 9135 1
4885 8759 3
4885 8851 1
4885 9808 3
4885 9476 3
4890 9399 1
4890 9924 2
4890 9531 1
4906 9950 1
4906 9012 1
4906 9593 2
4906 9051 1
4911 9585 1
4911 8777 2
4911 9738 2
4911 9499 5
4911 9590 1
4911 9701 1
4911 9708 6
4911 9734 4
4911 9789 1
4911 8668 4
4911 9845 1
4911 9266 5
4916 9174 2
4916 8760 1
4916 9018 1
4916 9757 1
4937 9365 1
4937 8972 1
4937 9739 1
4937 9343 1
4937 9025 9
4937 9310 1
4937 9607 1
4937 9197 1
4944 9621 7
4953 9929 23
4955 8557 1
4955 8841 3
4955 9075 2
4955 9361 1
4958 8632 1
4958 9153 1
4958 9442 1
4968 8751 2
4968 8760 3
4968 9044 2
4968 8979 1
4972 9147 1
4972 8945 29
4972 9497 1
4972 8542 8
4979 9437 4
4979 8542 1
4979 8769 3
4979 9224 1
4981 8676 1
4981 9566 1
5058 9025 1
5058 9184 1
5058 8545 1
5058 9973 1
5065 9796 1
5065 9483 2
5065 9755 5
5065 9870 2
5097 9695 1
5097 9729 24
5097 9957 1
5099 8727 1
5099 9200 1
5099 8980 2
5099 9041 4
5117 9957 2
5117 9491 2
5117 9319 1
5117 9814 1
5148 9936 4
5148 8830 2
5148 9371 1
5148 9468 2
5148 9517 1
5148 9786 2
5148 9305 1
5148 9411 3
5148 9431 2
5148 9773 1
5160 8805 3
5160 9304 1
5160 9687 8
5160 9613 4
5177 9201 1
5177 9543 1
5177 8915 1
5177 9451 1
5231 9212 2
5231 8902 1
5231 9293 2
5235 9538 6
5235 9234 1
5235 8630 1
5235 8876 2
5235 9141 5
5235 8997 1
5235 9095 1
5235 9901 1
5243 9565 1
5243 8985 2
5243 9713 66
5243 9737 1
5243 8720 1
5243 9987 1
5243 8944 1
5243 8956 1
5249 9508 1
5249 9816 2
5249 8742 2
5249 9941 2
5249 9996 1
5249 9310 1
5257 9065 12
5257 9857 1
5290 9127 1
5290 9205 1
5304 9422 1
5304 8648 2
5323 8957 1
5323 8981 1
5323 8614 2
5323 9631 1
5324 9319 1
5324 9327 1
5334 8660 2
5335 8569 2
5335 8751 1
5335 9491 1
5335 9588 1
5335 9754 1
5335 9413 1
5335 9751 2
5341 9884 1
5341 8846 2
5341 8661 1
5341 9312 1
5341 8811 19
5341 9337 1
5341 9825 2
5366 9174 3
5366 9468 9
5367 9190 3
5367 9855 1
5367 9000 9
5367 9035 50
5367 8824 1
5367 9041 2
5367 8815 1
5384 9828 5
5384 9144 1
5385 9371 1
5385 8596 1
5385 8675 30
5385 9213 2
5385 9413 1
5393 9637 8
5393 9241 1
5424 8600 1
5424 8729 9
5424 9137 1
5440 8674 1
5440 9345 1
5440 8612 14
5440 9172 1
5440 9077 1
5457 9872 1
5457 9329 1
5457 9935 1
5481 9352 1
5481 9957 3
5500 8572 6
5500 9659 1
5500 8826 1
5506 9828 1
5506 8707 1
5506 9370 1
5506 9897 1
5506 9986 3
5516 9245 3
5516 9153 1
5527 8755 2
5527 8550 1
5527 8970 1
5527 9132 1
5527 8996 23
5547 8979 2
5547 8877 1
5561 9416 4
5561 9047 1
5561 9647 2
5561 9711 1
5561 8655 6
5583 9466 1
5583 9747 1
5583 8826 1
5583 8544 2
5583 8716 1
5583 8956 1
5583 9828 3
5583 8806 7
5583 8958 1
5583 9499 1
5593 9480 1
5593 9935 1
5593 9694 3
5593 8813 1
5597 8723 2
5597 8892 1
5597 9087 2
5597 9611 200
5616 9766 1
5635 9907 1
5640 9265 2
5640 8809 1
5640 8951 3
5642 8651 1
5642 9232 1
5642 9900 1
5652 8815 1
5652 9813 1
5653 9880 1
5653 8657 2
5657 8631 7
5657 8889 3
5677 8971 48
5677 9519 12
5677 9868 1
5677 9563 3
5698 8809 19
5698 9397 2
5698 8784 5
5698 9216 1
5698 8568 2
5698 8565 1
5698 9052 3
5707 9006 12
5707 9301 1
5710 9878 1
5710 8734 1
5717 8951 1
5717 8846 2
5717 9936 1
5720 9150 2
5720 9484 1
5720 8570 1
5722 9949 1
5722 9035 14
5722 9932 2
5722 8733 1
5740 9855 4
5740 8757 1
5740 9995 3
5740 9679 9
5740 9389 1
5740 9391 23
5740 9788 2
5741 9124 1
5741 9301 181
5747 9785 11
5747 8957 1
5747 8988 4
5747 9880 1
5747 9078 1
5747 9328 1
5747 9114 3
5766 8767 3
5766 9064 1
5766 9763 1
5766 9085 1
5766 8972 1
5766 9042 16
5766 9578 1
5771 8815 4
5778 8958 1
5778 9282 1
5778 9296 1
5778 9330 200
5778 8624 1
5778 9882 3
5788 8713 1
5788 9844 2
5809 9234 1
5809 8779 1
5809 9939 1
5817 8965 1
5817 9072 1
5817 8926 1
5817 9525 3
5817 9826 1
5837 9786 1
5837 9354 10
5839 9315 1
5839 8941 2
5839 9193 1
5839 9393 1
5839 8546 1
5851 9936 1
5851 8797 1
5851 9291 2
5851 9961 2
5853 9827 8
5853 9370 3
5853 8545 4
5853 8811 1
5853 8595 1
5853 8912 1
5853 9045 1
5853 9786 1
5853 9874 1
5857 9583 2
5861 9605 1
5861 9665 1
5861 9847 1
5861 8541 1
5861 8572 3
5862 8629 2
5862 8646 1
5862 8632 1
5866 9548 1
5872 9798 2
5872 9066 3
5872 9266 3
5872 9923 21
5872 8775 2
5872 9288 2
5872 9809 11
5889 9607 1
5889 8967 5
5889 9658 1
5901 8868 1
5914 9713 1
5940 8892 1
5940 9019 1
5940 9555 1
5940 9774 2
5940 9088 1
5944 9732 1
5944 9824 3
5944 9346 1
5944 9568 1
5944 9300 37
5956 9009 1
5956 9928 1
5956 9328 1
5956 8722 6
5959 9045 1
5959 8557 1
5959 8940 1
5962 9283 2
5975 8681 1
5975 8593 1
5975 9081 1
5975 9249 1
5975 9972 1
5975 9992 2
5986 9142 1
5986 9842 4
5986 8868 8
5989 9416 1
5989 9085 1
6016 8979 2
6016 9284 37
6029 9813 3
6029 9346 1
6029 9612 1
6029 8941 3
6043 9909 1
6043 9538 1
6043 9467 1
6050 8889 1
6050 9717 3
6050 9949 1
6051 9343 1
6085 9893 1
6085 9418 1
6085 9730 1
6085 9046 1
6085 9060 3
6085 9256 1
6110 9536 1
6110 9105 1
6110 9822 1
6110 9131 1
6118 9949 1
6118 9199 1
6118 9923 1
6118 9761 2
6118 9571 1
6118 8682 1
6122 8775 1
6126 9896 1
6126 9456 1
6126 8807 6
6126 9571 3
6142 8954 1
6142 8820 3
6142 9178 1
6142 9629 1
6144 8565 1
6147 9556 1
6147 9346 1
6196 8812 1
6196 9698 1
6208 8705 1
6208 9710 1
6208 9264 1
6208 9484 3
6208 9680 1
6208 9698 1
6208 8949 3
6208 8629 1
6208 9893 3
6233 8823 6
6233 9694 3
6233 9512 5
6233 9799 6
6241 9404 1
6241 9767 1
6241 9973 2
6241 8882 4
6251 9796 1
6300 8766 2
6300 9810 1
6300 8757 1
6300 8763 1
6304 9557 11
6304 9760 3
6304 9710 2
6304 9423 5
6304 9632 1
6308 9003 1
6308 9425 4
6329 8806 1
6346 9723 1
6346 8906 2
6346 9003 2
6353 8868 1
6353 9634 8
6353 9931 22
6364 9046 1
6364 9934 1
6364 9999 2
6368 9293 2
6368 8878 1
6368 9283 23
6377 8930 1
6377 9458 2
6377 9334 1
6377 9839 1
6377 9988 1
6378 9604 13
6378 8824 1
6378 9528 1
6378 9343 11
6378 9999 8
6379 8604 1
6379 8858 6
6379 9022 74
6383 9337 1
6383 8938 1
6383 9839 1
6383 9106 1
6383 9583 1
6386 9680 1
6386 9167 1
6388 9905 12
6388 9686 1
6397 8939 1
6397 9433 13
6420 9883 3
6427 8996 1
6427 9934 1
6427 9380 1
6427 9096 2
6431 9405 13
6431 9462 1
6431 8739 1
6431 8945 1
6431 9398 6
6431 8824 1
6431 8906 2
6437 8581 1
6437 8569 1
6437 8676 1
6437 9195 1
6453 9525 1
6455 8542 2
6457 9256 2
6457 9536 1
6457 9606 1
6492 9558 33
6492 9199 2
6492 9907 2
6495 9549 2
6495 9267 1
6495 9550 1
6555 9522 4
6555 9862 6
6555 8757 4
6555 9405 3
6555 9220 8
6555 9543 1
6583 8776 1
6583 8647 1
6583 9350 2
6583 9292 1
6595 8895 2
6595 9674 29
6595 8546 1
6595 8911 1
6600 8811 1
6600 9006 1
6600 9014 36
6600 9191 1
6600 9883 1
6600 8713 2
6600 9410 4
6600 9446 3
6600 9987 1
6604 9727 2
6604 8747 1
6605 9371 12
6605 9112 2
6624 9867 20
6624 9732 3
6648 9880 1
6648 9419 2
6648 9515 1
6656 8783 3
6656 8540 1
6656 9526 3
6656 8986 1
6673 9717 1
6674 9612 1
6674 8571 1
6674 8673 1
6674 9858 4
6675 9950 1
6675 8610 43
6698 8644 3
6698 8998 2
6698 9308 4
6698 9653 5
6710 9895 1
6710 8699 1
6710 8829 1
6710 8907 1
6710 9810 1
6732 8599 1
6739 9897 1
6748 9451 4
6748 9594 2
6748 9738 1
6749 9993 25
6771 9880 2
6771 9083 1
6771 9325 1
6775 8964 1
6778 9605 26
6778 9654 1
6809 9888 1
6809 9147 1
6809 9588 9
6829 8932 1
6832 8635 1
6832 9273 34
6832 9322 2
6832 9975 2
6837 9300 1
6837 9463 1
6837 9658 2
6837 9824 1
6837 9742 1
6837 9159 9
6837 9510 3
6840 9348 1
6840 9602 4
6840 8699 1
6840 9727 1
6864 9128 1
6864 9328 1
6864 9965 1
6871 9105 1
6871 9074 1
6871 8620 1
6871 9179 1
6871 8703 4
6893 9872 42
6893 8563 1
6893 9109 11
6893 9201 1
6903 9386 4
6903 9161 1
6906 9127 3
6906 9897 1
6906 9409 1
6911 8895 2
6911 9566 1
6911 9896 1
6911 9702 1
6911 9145 1
6911 9378 10
6911 9665 1
6911 9972 1
6922 8891 2
6928 8646 2
6928 9538 1
6928 9713 1
6942 8649 13
6942 9065 4
6942 9408 1
6942 9496 2
6942 9047 1
6950 9600 1
6950 9080 1
6950 9220 1
6950 9042 2
6950 9141 1
6978 9841 20
6978 8648 1
6978 9345 1
6978 9141 1
6979 8775 5
6979 9012 2
6979 9294 2
6979 9628 14
6979 9767 7
6979 9964 1
6979 9265 1
6995 8859 32
6998 9135 1
6998 9200 1
6998 9377 5
7011 9150 2
7011 8695 1
7011 9846 1
7011 9768 1
7011 8866 1
7014 9090 1
7014 9288 1
7050 9196 1
7050 9847 2
7050 9563 3
7050 9757 3
7050 9742 1
7050 9000 1
7050 9295 2
7050 9284 1
7050 9991 4
7069 9331 4
7069 9918 1
7069 9214 1
7101 8597 1
7101 9493 1
7101 9986 1
7101 9321 1
7101 9874 2
7101 8646 1
7101 8897 1
7119 9213 1
7121 8705 1
7121 9110 5
7121 9507 1
7122 9716 1
7122 8915 2
7122 9436 1
7122 8596 1
7122 9970 1
7122 9563 1
7122 9645 2
7136 9508 1
7136 9183 2
7136 9463 1
7136 9473 1
7153 9363 1
7153 9551 1
7153 9664 1
7153 9306 2
7153 9767 1
7158 9745 2
7158 9006 1
7158 9783 1
7158 9674 1
7158 9717 1
7161 9746 1
7165 9098 1
7165 9856 3
7165 9062 2
7196 8770 1
7204 9294 2
7223 8671 2
7223 8753 1
7223 9742 2
7223 9729 1
7223 9821 1
7223 8589 1
7223 9744 1
7223 9061 2
7223 9386 2
7223 9639 1
7224 8762 1
7224 8865 3
7224 9543 3
7224 8921 1
7224 9786 1
7224 8833 1
7224 8567 1
7224 8626 1
7230 9399 2
7230 9860 2
7230 8825 3
7230 8913 1
7230 9246 6
7230 9548 1
7236 9364 1
7236 8742 2
7236 8987 2
7236 9405 1
7236 9831 4
7236 9461 1
7236 9049 1
7238 9544 2
7238 9949 1
7238 9241 2
7248 9899 1
7248 9367 1
7262 9744 4
7262 9688 1
7262 9938 4
7269 9167 1
7269 9876 1
7269 9613 1
7269 9826 6
7274 8670 1
7278 9274 1
7278 9432 1
7278 9600 2
7279 9809 1
7279 8724 1
7279 8740 7
7279 9097 2
7284 9129 1
7284 9024 1
7284 9158 3
7284 8649 1
7284 9262 1
7284 9459 1
7287 9355 1
7287 9080 2
7287 8659 2
7287 8792 1
7287 8589 1
7298 9671 2
7298 9689 1
7298 8717 11
7306 8767 6
7306 9976 11
7310 8559 7
7310 9262 6
7310 8894 4
7328 8952 2
7328 8561 1
7328 9911 6
7382 9509 1
7382 9399 1
7382 9484 27
7382 9385 3
7383 9891 1
7383 9349 2
7383 9508 4
7383 8873 3
7383 9754 1
7383 9761 1
7408 9089 6
7408 8562 5
7416 8746 1
7416 9338 5
7417 9460 1
7417 9046 2
7417 9184 1
7417 9836 1
7425 9604 1
7425 9119 2
7429 9719 1
7443 9061 1
7446 9293 1
7446 9395 88
7446 9456 1
7446 8747 2
7446 9109 3
7446 9962 3
7470 8829 2
7470 8568 20
7486 8785 1
7486 9515 1
7486 9280 1
7486 9437 1
7486 9630 1
7487 8823 1
7487 9395 5
7501 9264 3
7501 9149 1
7501 8541 1
7501 9320 2
7501 9152 2
7517 9697 4
7517 9779 2
7518 8925 1
7518 9306 2
7518 8673 2
7518 8870 1
7519 9129 1
7519 8964 1
7519 9535 1
7524 9443 15
7524 9117 1
7524 9310 1
7524 9506 2
7524 8847 1
7532 8559 1
7532 9237 3
7532 9136 1
7573 9214 5
7573 9139 1
7573 9769 2
7576 8740 2
7576 8850 1
7576 9047 1
7577 9593 1
7577 9635 2
7593 8656 1
7615 9087 1
7615 9406 4
7615 9335 1
7628 9767 1
7628 8550 25
7634 9390 1
7634 9196 1
7634 9719 1
7658 9517 1
7658 9872 1
7668 9639 1
7668 9413 28
7668 9028 1
7690 9137 1
7690 9498 1
7690 9918 4
7690 9868 8
7693 9493 6
7693 9491 1
7693 9070 2
7693 9578 47
7693 8643 1
7693 9934 1
7702 9112 1
7702 9294 1
7702 9714 1
7702 9906 1
7702 9476 1
7702 9846 1
7702 8595 1
7702 9632 1
7702 9807 1
7702 9449 1
7702 8997 1
7702 9785 1
7702 8648 2
7709 9380 1
7709 9511 3
7709 8909 2
7709 9666 1
7709 9770 1
7709 9027 1
7718 9976 2
7718 9602 1
7718 8828 2
7718 9819 1
7718 9481 1
7718 9484 1
7738 9957 1
7738 9949 1
7738 9474 1
7745 9747 6
7745 8612 1
7745 9626 1
7745 9103 4
7745 9685 1
7745 9067 1
7758 9901 74
7758 9728 1
7758 9169 1
7758 9467 1
7758 9481 1
7758 9745 28
7771 8564 1
7771 9724 1
7772 9757 1
7772 8739 4
7772 8762 1
7772 8794 3
7772 9699 1
7774 9179 1
7774 9359 1
7774 8784 1
7778 8767 3
7778 8784 1
7778 9248 1
7778 9983 1
7778 8935 4
7778 9264 7
7782 8674 1
7782 9462 6
7782 9629 23
7782 9050 2
7782 9399 1
7782 9320 1
7794 9026 1
7794 9294 1
7794 9398 2
7794 9598 1
7794 9089 1
7806 9456 39
7807 9550 3
7807 9398 1
7807 9463 2
7813 9360 6
7813 9450 1
7813 9768 4
7849 8828 1
7849 9686 1
7849 9783 3
7849 9983 1
7852 9975 3
7860 9746 1
7860 9237 20
7860 9316 1
7860 9343 1
7860 9509 1
7861 9500 1
7861 9957 1
7861 9752 1
7868 9363 3
7868 9100 2
7868 9004 1
7868 8865 2
7870 9831 1
7870 9637 1
7883 8863 3
7887 9830 1
7887 9297 4
7887 9380 1
7887 9265 1
7887 9331 1
7891 9826 1
7891 9490 1
7891 8823 2
7891 9295 1
7892 8760 1
7892 8956 1
7893 9351 2
7893 8903 1
7893 9577 3
7895 8954 1
7910 9217 1
7910 9183 4
7910 9965 1
7931 8737 1
7942 9482 2
7942 9586 25
7942 8828 1
7943 9703 1
7950 8882 2
7950 9896 1
7950 9468 1
7950 9697 1
7950 9744 1
7956 9490 2
7956 9639 1
7975 9316 3
7975 9992 1
7975 9001 1
7975 8778 1
7975 9104 4
7975 8705 1
7977 9794 27
7977 8619 1
7977 9517 1
7988 9741 22
7988 8751 1
8004 9618 1
8004 9803 1
8004 8918 1
8004 9315 2
8015 9773 3
8015 9900 1
8015 9740 3
8015 8795 5
8015 9401 2
8015 9646 24
8032 9031 1
8032 9374 1
8032 9178 69
8032 9210 1
8032 9241 47
8032 9742 4
8032 9872 1
8041 9077 9
8041 9761 4
8049 8682 1
8049 8974 2
8049 9533 1
8049 9346 1
8049 8891 9
8049 9031 1
8049 9721 1
8054 9232 1
8054 8614 1
8054 9156 1
8054 8870 1
8060 9995 1
8060 8875 2
8060 8972 1
8060 8739 1
8069 9678 15
8069 8674 1
8069 9466 2
8085 9894 1
8085 8833 3
8085 8926 1
8085 9932 1
8090 9755 1
8090 9051 3
8090 9159 1
8090 9044 1
8090 9586 1
8102 8740 13
8111 8875 1
8127 9297 4
8127 9427 2
8127 9628 2
8137 8870 2
8137 9852 2
8143 9331 6
8143 8930 1
8143 9467 1
8143 9166 2
8143 9868 1
8177 9792 3
8177 9796 3
8177 9187 1
8180 8827 1
8180 9879 1
8180 8581 1
8181 9927 2
8181 9013 1
8181 9745 1
8187 9038 1
8187 9035 4
8194 9222 3
8194 8862 1
8194 9450 1
8194 9741 25
8194 9498 2
8194 9874 1
8194 9043 1
8194 9494 2
8224 8574 1
8224 8847 1
8224 8961 1
8269 8615 1
8269 9185 4
8270 8859 9
8270 9095 5
8270 8958 1
8270 9857 1
8270 9093 1
8270 9785 1
8272 9211 17
8272 9507 1
8272 9674 1
8272 9708 1
8272 9789 2
8272 8583 1
8278 9139 1
8278 9430 1
8278 9027 1
8278 9059 1
8279 9144 1
8279 9697 1
8281 8718 2
8281 9901 1
8281 9740 1
8281 8856 1
8298 8589 1
8298 9539 3
8298 9360 4
8298 8543 1
8298 8630 4
8320 9518 2
8320 9188 1
8320 8800 1
8328 9068 1
8328 9791 18
8328 8742 1
8328 9361 2
8328 9695 1
8328 9322 1
8328 9986 6
8328 9008 1
8339 8767 1
8361 9524 1
8361 8675 53
8361 8604 1
8361 9278 3
8364 9216 41
8364 9349 1
8364 9552 3
8364 9000 2
8364 9040 1
8364 9333 67
8364 9556 1
8364 9879 1
8365 8856 1
8365 8626 1
8386 9784 1
8386 8574 6
8390 8683 1
8390 8621 1
8391 9408 1
8391 9642 1
8401 9847 1
8401 8671 13
8401 8921 1
8401 9687 4
8413 9694 1
8413 9841 1
8419 9165 5
8421 9570 1
8421 8755 1
8421 9884 1
8434 9382 1
8434 9410 1
8442 9635 1
8442 9598 1
8442 9852 1
8442 9073 1
8442 9326 1
8450 9696 3
8450 8999 1
8450 9209 3
8450 9339 1
8450 9592 2
8450 9748 1
8480 9322 110
8480 9822 1
8526 9217 1
8526 9065 1
8526 9199 7
8526 8722 5
8526 9807 3
8540 8702 1
8545 8638 1
8546 8959 1
8546 9387 1
8547 8717 1
8547 8700 1
8547 8776 1
8547 8945 3
8548 9101 4
8549 9639 5
8549 9602 3
8549 9949 2
8549 9276 1
8550 8590 1
8550 8801 8
8551 9003 2
8551 9634 2
8551 9963 1
8551 9316 1
8551 9552 5
8552 9795 1
8552 9791 1
8553 9695 1
8553 8625 2
8553 8766 6
8553 9808 1
8554 9433 2
8555 9859 1
8555 9406 1
8556 9130 1
8556 9131 1
8556 9309 4
8557 8798 1
8558 9327 1
8559 8698 1
8560 8650 1
8562 8799 2
8562 8637 1
8566 9066 3
8566 9434 1
8566 9506 40
8566 9723 1
8566 9787 1
8570 8798 1
8571 8789 1
8571 8642 1
8573 8851 1
8573 9531 34
8573 9554 1
8574 8803 1
8575 9133 2
8575 8976 1
8576 8919 1
8576 9380 9
8576 9630 1
8576 9686 1
8576 8589 2
8577 9166 4
8577 9962 9
8578 9011 1
8578 9406 3
8578 9081 1
8580 9127 1
8582 8817 1
8583 8726 4
8584 9752 1
8584 9025 1
8585 8622 4
8586 8629 1
8586 8867 4
8586 9825 4
8586 9877 1
8587 9654 1
8587 9668 1
8587 9741 2
8587 8809 4
8587 9189 1
8587 9507 1
8588 9919 16
8588 8657 1
8588 9440 1
8590 9041 1
8590 8912 1
8590 8862 2
8590 8918 1
8590 9460 2
8590 8778 3
8590 9233 1
8590 9491 1
8590 9534 1
8590 9540 4
8591 9851 16
8591 9488 1
8591 9865 1
8592 9310 1
8592 9508 1
8594 9654 1
8594 9880 1
8594 8695 1
8594 9283 1
8594 9536 1
8598 9738 1
8601 8859 7
8601 9305 1
8601 9030 2
8601 9569 1
8601 9590 1
8602 8664 2
8602 8890 3
8603 9959 1
8603 8876 5
8603 9022 1
8603 9337 2
8603 9642 1
8604 8900 2
8604 8638 5
8606 9598 3
8606 9816 1
8606 8814 1
8606 9606 2
8607 8776 1
8607 8699 1
8607 9037 1
8607 8610 1
8607 8826 1
8607 9161 1
8608 8675 1
8608 9150 1
8608 9842 2
8609 8780 1
8609 9508 1
8610 8869 1
8611 8855 1
8611 9973 7
8611 9267 2
8613 8913 1
8614 8642 1
8614 8960 1
8616 9628 1
8616 9863 1
8617 8990 1
8618 9197 10
8618 9843 1
8620 8885 3
8622 9480 200
8622 9619 1
8623 9832 1
8625 8910 1
8625 8982 1
8627 9730 2
8627 9788 2
8628 8849 1
8630 9811 1
8633 9411 1
8633 8987 2
8633 9282 2
8634 8719 7
8634 9057 1
8634 8764 1
8635 9560 2
8636 9764 1
8636 9274 1
8636 9655 12
8637 9241 3
8637 8745 1
8637 8985 1
8637 9138 5
8637 9271 2
8637 9692 2
8638 8697 1
8638 9444 1
8639 9490 1
8640 9062 1
8640 9321 1
8641 8816 5
8641 9469 1
8642 9792 1
8645 9062 11
8645 8753 2
8649 9086 1
8650 9797 1
8652 8977 1
8653 8764 3
8654 8965 1
8654 9151 2
8654 9525 1
8654 9397 2
8654 9779 1
8654 9251 1
8656 8741 1
8658 9619 1
8658 9764 6
8659 8922 4
8660 8896 1
8660 9269 2
8662 9686 1
8663 9025 1
8663 9144 1
8663 9098 2
8664 8825 1
8664 8927 1
8664 9781 1
8664 9110 31
8664 9479 1
8665 9653 1
8665 8871 1
8665 8966 1
8665 8927 1
8665 9304 5
8665 9490 1
8666 8678 1
8667 9603 7
8667 9107 1
8669 9087 1
8669 9247 1
8669 8844 8
8669 8873 1
8669 9991 1
8669 9878 1
8669 8936 3
8669 9929 1
8669 9964 3
8670 8888 1
8671 8819 1
8671 8976 1
8672 8926 20
8672 9507 3
8672 8728 4
8672 8863 1
8672 9867 3
8677 8973 4
8677 9999 1
8677 8887 2
8677 9573 9
8678 9819 2
8678 9944 1
8678 9067 1
8678 9251 1
8678 9648 3
8679 8984 4
8680 8763 5
8680 8924 1
8680 9340 1
8682 8690 2
8683 8880 2
8684 8764 2
8684 8984 2
8685 9282 1
8685 9658 1
8686 8881 1
8686 8904 1
8686 9073 1
8686 9114 1
8687 9521 5
8688 9578 4
8688 9739 2
8688 8918 1
8688 9016 3
8689 8803 2
8690 9031 2
8690 8845 3
8690 9905 4
8690 8744 4
8690 8833 2
8690 9568 1
8691 9158 1
8691 9477 3
8692 8718 1
8692 9692 1
8692 8781 5
8692 9837 2
8694 8976 1
8694 8908 1
8696 8846 1
8696 8768 2
8696 9176 1
8696 9848 1
8698 9009 4
8698 8902 1
8698 9980 1
8698 8727 1
8698 9221 1
8700 9885 9
8701 8721 1
8702 9106 1
8702 8708 1
8702 9535 1
8702 9631 1
8702 9623 1
8704 9408 1
8704 8907 1
8704 9701 1
8704 9698 2
8706 9097 1
8706 8752 1
8706 9401 1
8706 9786 1
8709 8959 1
8710 9962 1
8710 9672 200
8711 8898 2
8711 9082 2
8712 9474 1
8712 9598 1
8712 8881 1
8713 8831 1
8714 9361 3
8714 9377 1
8714 8763 1
8714 9671 1
8714 9800 1
8715 9453 2
8715 9819 2
8717 8864 7
8719 9036 1
8719 9221 1
8721 9987 1
8721 8823 3
8721 9662 2
8721 9978 1
8721 9608 1
8723 9252 1
8725 9825 1
8725 8986 1
8726 9512 2
8726 9863 1
8726 9921 1
8730 8877 1
8730 9175 1
8730 9386 1
8730 9681 1
8731 8775 1
8731 9526 17
8731 9721 1
8731 9977 1
8731 9679 1
8731 9836 1
8732 8901 1
8732 9351 4
8732 8891 12
8732 9315 1
8732 9197 1
8732 9139 1
8732 9824 1
8733 9811 1
8734 8741 3
8735 9776 1
8735 9348 1
8736 8978 1
8736 8919 1
8736 9447 1
8737 9835 1
8738 8776 1
8739 9661 2
8740 8774 6
8741 9592 1
8741 9059 1
8741 9799 3
8741 9736 1
8741 9914 12
8741 9443 19
8741 8966 2
8741 9480 1
8742 9171 1
8743 9553 1
8745 8916 7
8747 8934 1
8748 8961 1
8748 9223 2
8748 9975 2
8749 8931 2
8750 8838 1
8750 9443 7
8750 9026 9
8750 9664 3
8750 9634 8
8750 9784 1
8750 8820 1
8750 9917 3
8750 9159 1
8753 8754 1
8754 8770 4
8754 8879 2
8754 9600 2
8755 9990 3
8756 9373 2
8757 9122 1
8757 9186 1
8758 8940 1
8761 8968 1
8762 9252 1
8764 9422 1
8764 9795 1
8765 9991 3
8765 9422 2
8765 8925 1
8765 9340 1
8765 9587 1
8765 8797 4
8765 9662 15
8765 9703 1
8767 8803 1
8769 9885 1
8769 8950 3
8770 8899 1
8772 9934 1
8773 9476 1
8774 9450 1
8774 8790 1
8778 9521 1
8779 8977 2
8786 9110 1
8786 9088 1
8786 8981 1
8786 9748 2
8786 8887 3
8786 9167 5
8787 8901 1
8787 9532 1
8787 8794 4
8787 9742 1
8787 9426 2
8788 9251 2
8788 9084 1
8788 8812 1
8788 8800 1
8788 9118 1
8788 9552 1
8788 8854 4
8788 9583 1
8788 9403 1
8789 9355 1
8789 9462 1
8790 8984 2
8790 9495 2
8791 8845 1
8791 9477 3
8793 9847 1
8793 9621 1
8793 9828 1
8796 9169 1
8796 9201 1
8796 9312 7
8798 8997 1
8798 9994 1
8799 9427 1
8799 9162 1
8799 9671 1
8800 9889 14
8801 9263 2
8801 9275 2
8801 9450 23
8802 9775 1
8802 9860 1
8803 9027 1
8803 9181 1
8803 9468 5
8804 9434 1
8805 9595 1
8806 8900 1
8812 8860 4
8816 9992 2
8816 8938 1
8816 9763 1
8817 8968 1
8819 9477 3
8819 9991 1
8819 9586 4
8819 9156 2
8820 9817 2
8821 9889 2
8822 9263 16
8825 9953 1
8827 9373 2
8827 8969 1
8831 9154 1
8831 8973 1
8831 9410 1
8831 8892 3
8832 9165 1
8832 9675 2
8832 8861 7
8832 9063 2
8832 9336 3
8832 9588 1
8832 9246 1
8832 9524 1
8833 9005 3
8834 8985 1
8834 9917 5
8835 9481 1
8835 8983 3
8835 9071 1
8838 9198 1
8838 8890 1
8839 9416 3
8839 9585 10
8842 9382 7
8842 9909 1
8842 9918 1
8848 9495 1
8848 9357 1
8849 9835 3
8850 8994 1
8852 9718 1
8852 9939 1
8852 9996 1
8855 8860 2
8857 9622 1
8857 9759 6
8860 9071 4
8860 9680 1
8861 9387 1
8864 9339 2
8864 9045 1
8864 9856 1
8864 9093 16
8864 9472 1
8869 9855 1
8869 9923 1
8871 8969 4
8872 9200 1
8874 9588 4
8874 9944 1
8880 9730 1
8880 8981 2
8880 9001 3
8881 8931 2
8884 9135 19
8884 9299 2
8884 9011 194
8884 9843 1
8885 9043 1
8885 9082 22
8885 8956 2
8885 9367 1
8885 9655 1
8885 9234 1
8885 9558 1
8886 9826 1
8886 9022 1
8888 8956 1
8888 9606 14
8888 9717 2
8888 9187 2
8888 8973 3
8888 8952 1
8890 9216 1
8890 9785 1
8895 9967 1
8896 9162 6
8896 9493 1
8896 9179 1
8897 9125 1
8899 9648 2
8899 9689 1
8899 9924 1
8900 9609 1
8900 9532 1
8900 9472 6
8900 9388 1
8904 9915 1
8904 9269 1
8905 9472 1
8905 9876 4
8905 8930 1
8905 9299 5
8908 9215 1
8910 9760 2
8912 9811 1
8914 9079 5
8914 9539 4
8915 9122 1
8916 9080 2
8916 9914 2
8917 9375 3
8917 9764 33
8919 9372 12
8920 9483 23
8920 9216 4
8922 9714 1
8923 9265 6
8923 9259 17
8923 9961 1
8924 9622 1
8925 9387 1
8928 9133 1
8929 9909 25
8929 9339 1
8930 9356 1
8931 9909 3
8931 9702 3
8931 9097 2
8931 9096 1
8932 8959 1
8933 9139 2
8933 9231 1
8933 9626 1
8934 9071 1
8937 9037 8
8942 9538 1
8942 9078 1
8942 9627 4
8942 9803 2
8943 8954 17
8943 9070 1
8947 9211 1
8948 9331 1
8948 9073 4
8949 8984 1
8950 9752 1
8952 9057 49
8953 9463 2
8955 8976 4
8955 9372 1
8958 8994 2
8958 9101 31
8959 9100 1
8959 9711 7
8959 9859 10
8959 9928 1
8960 8974 2
8960 9386 1
8960 9903 1
8960 9464 4
8961 8992 4
8962 9249 1
8963 9562 1
8963 9122 1
8965 9198 1
8966 9255 1
8966 9622 3
8968 9711 1
8968 9822 3
8968 9888 4
8968 9976 1
8969 9291 1
8969 9666 1
8969 9692 1
8969 9791 1
8969 9836 1
8969 9359 4
8969 9449 2
8971 9661 1
8974 9387 4
8976 8980 2
8976 9296 1
8976 9932 5
8977 9962 9
8977 9212 1
8977 9442 3
8977 9472 1
8977 9786 1
8977 9837 1
8977 9381 1
8977 9891 11
8977 9899 1
8982 9074 8
8984 9486 1
8987 9358 1
8990 9046 2
8990 9270 6
8990 9296 34
8990 9880 4
8990 9933 6
8991 9261 1
8991 9325 1
8991 9412 2
8991 9645 5
8991 9549 1
8991 9865 1
8991 9500 3
8991 9977 4
8993 9969 1
8994 9655 1
8996 9885 1
8999 9579 1
8999 9733 2
9001 9885 1
9002 9164 1
9004 9560 12
9006 9925 1
9010 9476 3
9015 9525 1
9016 9492 11
9017 9779 8
9017 9257 12
9017 9326 6
9018 9269 7
9020 9423 15
9020 9455 2
9020 9829 1
9020 9322 1
9035 9885 1
9054 9125 1
9057 9747 1
9060 9133 1
9063 9269 1
9066 9817 1
9067 9889 1
9076 9693 1
9077 9562 1
9080 9101 1
9086 9450 1
9086 9705 10
9086 9879 16
9088 9885 1
9089 9581 39
9091 9799 1
9091 9439 4
9101 9429 14
9101 9646 1
9101 9554 200
9101 9701 2
9101 9118 1
9101 9665 1
9101 9904 5
9104 9252 2
9104 9553 1
9122 9862 1
9122 9162 1
9122 9766 1
9122 9449 65
9122 9847 3
9125 9276 1
9146 9198 1
9159 9811 2
9166 9495 3
9171 9993 2
9171 9864 1
9171 9968 2
9174 9492 27
9180 9998 1
9186 9809 17
9186 9942 1
9186 9864 1
9186 9345 7
9193 9990 1
9198 9640 1
9198 9474 2
9199 9579 1
9217 9967 2
9218 9387 1
9218 9492 2
9218 9832 1
9219 9929 1
9228 9657 1
9230 9313 1
9235 9636 1
9236 9922 1
9249 9358 1
9252 9825 4
9252 9514 2
9252 9708 3
9253 9302 3
9253 9664 1
9253 9864 2
9255 9385 2
9255 9954 3
9255 9301 3
9255 9409 1
9255 9641 1
9255 9417 1
9261 9661 1
9269 9884 1
9269 9689 1
9269 9619 21
9269 9846 1
9285 9526 2
9285 9397 1
9293 9817 1
9308 9357 1
9309 9759 1
9324 9833 1
9327 9832 4
9338 9953 2
9340 9469 1
9350 9582 1
9357 9662 1
9357 9548 2
9359 9817 1
9366 9665 1
9373 9665 1
9373 9810 3
9373 9382 1
9374 9969 5
9375 9501 1
9376 9562 1
9380 9661 22
9393 9661 1
9394 9492 1
9409 9733 4
9411 9495 3
9412 9811 2
9419 9495 4
9419 9501 2
9425 9553 1
9428 9817 1
9439 9990 1
9441 9495 3
9449 9495 2
9456 9622 1
9458 9521 1
9471 9562 1
9492 9754 1
9492 9710 1
9492 9745 1
9495 9983 1
9501 9618 1
9506 9835 2
9514 9661 1
9519 9885 1
9524 9661 2
9524 9733 6
9524 9704 1
9534 9984 2
9535 9622 3
9538 9581 3
9547 9684 1
9553 9692 2
9554 9753 2
9560 9641 68
9587 9885 2
9594 9984 1
9595 9836 1
9595 9652 4
9595 9995 1
9607 9885 1
9622 9842 1
9626 9753 1
9647 9661 1
9654 9759 200
9662 9835 1
9704 9767 1
9747 9885 1
9753 9896 1
9760 9990 18
9771 9889 3
9775 9811 1
9810 9953 3
9817 9938 4
9817 9924 1
9835 9934 1
9835 9979 12
9879 9925 1
9904 9967 1
9907 9925 1
