7 9465 2
7 9347 4
7 8804 1
7 9102 1
7 9494 11
7 9594 1
7 9377 1
7 9790 2
7 9646 1
12 8700 1
12 8730 2
12 9686 1
28 9773 1
28 9573 2
28 8757 1
28 8607 1
31 9200 4
31 9585 2
33 9230 3
33 9632 1
33 8736 1
33 9717 40
34 8679 1
34 9242 1
34 8638 1
34 8892 13
34 9361 1
34 9530 1
34 8905 1
65 8648 1
65 9163 1
65 9133 1
77 9556 1
77 8704 1
77 9239 1
77 9441 2
84 9960 7
84 9127 2
102 9233 1
102 9657 1
102 8725 1
102 8658 1
102 8786 1
124 9863 5
124 8567 1
124 9524 1
124 9320 1
124 9107 2
124 9700 9
124 9945 1
124 8727 1
124 8810 1
135 9909 2
136 8979 1
142 9271 1
151 8679 2
151 8593 1
151 8699 2
151 9373 1
151 9471 1
151 9791 2
151 9300 1
151 9961 12
181 9620 2
181 8938 1
181 9151 42
181 9960 7
181 9720 1
181 9057 1
184 9493 1
184 9091 1
184 9914 4
200 9916 1
200 9298 23
200 8925 2
200 9860 1
200 8650 1
200 9945 1
201 8818 1
201 8941 1
208 9401 4
208 8607 3
208 8895 1
208 8973 3
212 9199 1
213 8697 169
224 8925 1
224 9165 1
228 8755 1
228 8938 1
228 9773 1
228 8598 1
228 9808 1
235 9583 1
282 9309 1
282 9842 2
289 9166 16
289 9174 1
289 9973 1
289 9910 1
294 9917 1
294 9051 2
294 8866 1
297 8918 1
297 9156 1
297 9724 2
305 9955 1
305 8871 4
316 8824 1
316 9468 3
316 9936 1
328 8741 1
328 9149 1
328 9056 1
328 8911 1
328 9293 2
328 9769 1
345 9772 1
345 9757 1
345 8810 97
345 8578 1
345 9194 1
345 8702 2
345 9307 200
363 8572 1
363 8730 1
363 9529 3
363 9964 2
393 9818 1
393 9099 1
393 8694 4
393 8763 6
393 9296 1
393 9508 2
393 9658 1
393 9713 1
404 9266 1
404 9867 1
416 8969 2
416 9745 1
416 9108 15
416 9170 1
420 8853 1
420 8721 1
420 9438 1
420 9999 1
433 8668 1
433 9707 1
433 9803 1
433 9513 2
433 9926 1
437 9163 4
437 9192 7
437 9399 1
437 9570 22
449 9437 1
449 9355 5
449 9114 1
449 9197 1
459 9149 4
459 9140 1
459 8744 1
459 9261 2
459 9807 7
460 9128 3
460 9221 1
474 9022 2
474 8848 3
474 9577 1
474 8873 1
474 9374 1
474 9709 2
475 9077 1
475 8675 1
477 9298 15
477 9955 1
480 8758 2
480 9223 1
480 8891 1
480 9080 1
480 9580 1
494 8786 3
494 9751 1
496 9108 2
496 9318 1
503 9807 4
503 9820 1
503 9026 3
503 8552 2
503 9960 3
538 8658 1
538 9118 2
538 8994 1
538 9403 1
562 9073 1
562 8880 1
562 9952 1
578 8946 2
578 8678 1
578 9318 1
578 9362 66
587 8648 1
587 8704 1
587 8931 1
587 9187 2
617 8672 1
617 8557 1
617 9751 10
637 9379 1
637 9429 1
637 9128 1
638 9717 1
638 9568 1
638 9570 16
638 9002 1
638 9410 1
643 9951 1
643 9229 5
643 9406 2
643 9573 4
654 9405 3
656 9698 1
656 8969 1
656 9731 1
656 9535 2
656 9904 1
656 8892 20
656 9071 1
672 8628 11
672 9791 1
672 8733 1
672 8880 2
672 9620 1
672 9948 2
672 8851 3
672 9482 1
678 9073 1
678 9840 3
680 8631 2
680 9661 2
680 9018 3
680 9895 2
710 8857 1
710 9568 89
710 9849 1
710 8841 1
710 9603 1
713 9587 1
713 9895 6
713 9520 1
713 9766 1
716 8844 17
757 8661 1
757 9260 2
757 9347 9
757 9935 1
757 8642 2
757 8729 1
757 8841 3
757 9642 2
757 9246 1
757 9269 21
757 9733 1
761 9875 154
761 8920 1
761 9615 1
767 8861 1
770 9818 8
770 9170 200
770 8880 10
770 9079 9
789 8646 2
789 9164 1
789 8566 1
789 9614 1
810 9942 1
810 9892 1
810 9119 2
810 9199 3
810 9627 1
810 9083 12
810 9182 6
836 9064 4
836 9586 1
836 9980 1
836 8635 1
836 9734 1
838 8569 1
838 8772 1
851 8667 1
851 9404 1
851 9156 1
887 9801 1
887 9214 1
887 8587 1
887 9449 1
891 8562 3
891 9513 2
891 9761 1
891 8746 1
916 9934 1
916 8671 1
937 8557 6
937 8969 1
937 9868 2
937 9816 5
938 8792 1
938 9446 1
942 9474 2
942 9215 1
942 9562 1
942 9971 1
942 9027 2
942 9170 1
950 9563 19
952 8924 1
952 9067 1
973 9472 1
973 8641 2
973 9055 1
974 9945 1
974 9579 5
988 9428 1
988 8927 2
988 9444 2
988 9820 2
1010 9492 2
1010 8593 1
1010 9124 1
1010 9327 1
1010 9477 1
1010 9913 1
1010 9146 1
1010 9430 1
1010 9748 1
1020 9678 1
1020 9731 1
1052 8867 2
1052 8671 1
1052 9395 3
1052 9437 4
1052 9074 1
1057 8830 1
1057 8632 1
1057 9090 1
1076 9828 2
1081 9732 3
1081 9107 1
1102 9482 1
1102 9944 1
1102 9634 1
1102 9662 1
1103 9995 1
1103 9972 1
1103 9682 2
1103 9729 1
1118 8918 11
1118 9074 3
1118 9772 9
1118 9695 1
1118 9850 1
1118 8980 1
1118 9361 9
1123 9028 1
1123 8891 1
1128 8963 3
1128 9077 3
1150 9369 2
1161 9476 1
1161 9192 2
1164 8692 1
1164 8558 1
1164 9360 1
1167 8899 2
1169 9173 1
1169 9158 1
1169 9298 1
1169 8620 3
1169 8726 1
1181 8572 1
1197 9722 1
1197 9048 1
1197 9318 2
1197 9650 1
1197 9707 1
1203 8789 1
1203 9888 1
1203 9014 1
1204 9855 1
1204 8677 1
1204 9088 2
1211 9752 4
1211 9008 2
1211 8568 1
1211 9043 49
1222 9192 1
1222 8665 1
1222 9907 72
1223 8721 1
1223 8563 2
1231 9869 1
1231 9438 5
1241 9095 2
1241 9382 1
1241 8928 1
1241 8597 1
1241 9242 1
1243 8571 6
1243 8570 1
1243 9088 1
1243 8661 1
1243 9445 1
1249 8863 1
1249 9178 1
1255 8857 1
1255 8707 1
1257 9405 1
1257 8580 1
1257 8723 1
1257 9316 7
1272 8855 54
1272 8789 1
1283 8992 2
1283 9269 11
1305 8647 1
1305 8686 1
1305 9056 2
1305 9621 1
1305 8599 2
1305 9442 1
1305 9746 1
1305 9854 2
1316 9408 52
1316 8693 2
1316 8847 3
1316 9558 2
1316 9583 40
1316 9382 1
1329 8877 1
1329 9880 3
1329 9380 1
1329 8907 1
1329 9178 3
1329 9763 1
1329 8576 2
1363 9036 1
1363 9086 1
1363 8579 3
1363 9134 4
1373 9030 1
1373 9042 1
1385 9289 2
1385 8884 1
1385 8890 2
1385 9719 1
1399 9170 1
1399 9458 1
1399 9649 1
1399 8881 1
1399 9352 7
1399 8923 1
1399 9879 1
1402 9154 1
1402 9317 1
1402 8933 1
1402 9047 5
1404 9884 1
1414 8945 1
1414 9854 1
1414 9868 1
1414 9107 3
1414 9161 1
1414 9193 2
1429 9436 1
1429 9942 10
1453 9772 1
1453 9075 1
1463 8862 1
1467 9660 1
1469 9879 1
1470 9449 3
1470 9177 4
1470 9777 1
1470 8927 1
1470 9597 2
1474 9972 2
1474 9518 1
1482 8598 3
1482 8631 1
1482 8693 1
1494 8651 1
1494 9464 3
1494 9910 2
1494 8628 2
1494 9466 1
1497 8570 3
1497 8849 2
1504 8816 1
1504 9151 1
1504 8559 3
1505 8735 3
1505 9706 50
1505 9854 4
1505 8713 1
1505 8952 1
1505 9667 2
1511 9552 1
1511 9577 2
1511 9953 3
1514 9720 1
1514 9577 2
1518 8966 3
1537 9507 1
1537 8900 1
1537 9499 1
1537 9797 2
1537 9272 3
1537 9423 2
1537 9772 2
1547 8741 1
1547 9847 1
1547 9609 1
1547 8978 1
1547 9861 1
1547 8584 1
1570 9716 1
1570 8664 2
1571 8912 1
1571 9145 1
1579 9663 3
1579 9346 1
1579 8550 1
1579 9093 1
1579 9443 1
1582 8763 3
1582 8872 9
1582 9039 3
1603 9855 1
1603 8618 1
1603 9073 1
1603 9850 1
1609 9765 1
1609 9159 2
1624 8758 1
1624 8852 2
1624 9817 1
1663 9370 1
1663 9262 1
1663 9801 1
1663 9836 1
1663 9911 1
1663 8700 1
1663 9354 1
1663 9546 1
1663 9585 1
1663 9705 1
1673 9202 1
1687 9704 1
1687 8985 1
1698 8723 2
1698 8978 1
1698 9663 7
1698 9377 3
1707 9169 1
1707 8592 1
1707 9727 1
1707 9200 3
1707 9395 1
1725 9008 1
1725 8565 1
1725 8823 1
1725 9092 1
1725 9762 4
1725 9451 2
1725 9964 1
1746 9210 4
1746 8761 3
1746 8585 1
1746 9690 15
1746 9325 1
1771 8924 1
1771 8792 3
1771 9036 1
1775 9566 11
1777 9055 2
1777 8934 1
1818 8894 1
1818 9022 1
1818 9479 2
1846 8782 1
1846 9209 3
1846 9399 1
1846 8934 2
1881 8905 1
1881 9855 4
1890 8803 1
1890 9489 1
1890 8618 4
1904 9777 2
1904 9949 2
1904 8736 1
1904 9878 1
1904 8703 1
1904 9380 1
1904 9653 1
1931 9563 2
1931 9658 1
1931 9578 1
1934 8994 1
1934 9220 1
1934 8648 1
1961 8992 2
1961 8645 1
1961 9823 2
1961 8932 1
1961 9127 1
1961 9844 5
1961 8703 1
1964 9914 1
1964 9526 1
1964 9596 1
1964 9786 1
1985 8796 1
1985 8771 1
1985 9121 1
2002 8762 11
2002 9310 1
2002 8757 4
2002 9534 1
2002 8862 6
2002 9149 1
2002 9350 1
2002 9970 3
2006 9260 5
2006 8707 3
2006 9974 2
2010 9970 1
2010 9211 2
2027 9614 1
2027 8800 1
2030 9840 1
2030 8741 1
2048 8664 8
2048 9813 6
2048 9043 1
2048 9967 2
2048 9386 1
2071 8657 1
2071 8785 1
2071 9142 2
2071 8796 70
2075 9005 1
2096 9816 1
2096 9218 1
2099 8919 3
2099 8590 2
2099 9974 1
2099 9713 27
2099 8584 1
2099 8903 12
2099 9075 175
2099 9463 5
2099 9800 1
2101 8552 1
2102 9084 2
2103 9336 1
2103 9556 3
2103 9765 2
2103 8921 1
2103 9025 1
2103 9938 1
2111 8562 1
2111 9434 1
2117 8735 1
2117 9221 4
2117 9293 1
2117 9985 2
2117 9185 1
2130 9814 1
2130 9330 1
2130 8632 1
2130 9568 13
2130 9782 2
2131 9650 14
2131 9557 3
2139 9198 2
2139 9682 1
2139 9626 5
2139 8783 1
2139 9119 1
2155 8819 1
2165 9406 1
2165 9430 16
2165 8664 1
2165 9428 2
2175 9310 1
2175 9530 1
2175 9813 1
2175 9623 3
2175 9670 1
2176 9122 5
2176 9656 1
2176 9674 1
2187 8815 1
2187 9596 15
2187 9855 19
2187 9189 1
2193 8638 2
2193 9627 1
2193 9947 2
2198 8950 1
2198 9220 1
2198 9676 1
2198 8590 12
2198 8704 6
2198 8845 2
2198 9037 2
2201 9481 8
2201 9116 7
2201 9684 3
2201 8913 1
2201 9835 1
2214 9464 1
2214 9583 2
2215 9029 1
2215 9047 3
2215 9441 4
2215 9452 2
2230 8658 1
2230 9639 1
2237 9764 2
2237 9666 1
2237 9949 1
2247 9644 6
2247 9993 1
2248 9076 1
2248 9045 1
2248 9262 1
2250 9079 28
2256 9457 2
2256 9510 1
2256 9159 4
2256 9557 1
2256 9828 4
2267 8590 1
2267 9039 1
2267 9408 2
2267 9446 1
2274 8985 1
2274 9623 1
2274 9762 1
2276 9297 1
2276 9599 1
2276 9801 1
2304 9171 6
2317 9552 1
2317 8930 1
2317 9370 1
2317 9549 1
2332 8746 1
2332 9173 1
2332 9639 1
2336 9869 1
2336 9007 9
2354 9763 1
2354 8938 9
2355 9077 1
2355 9269 1
2355 9684 1
2355 8853 4
2355 9824 1
2355 9102 1
2371 8852 2
2371 9623 2
2371 9387 1
2371 9599 1
2383 9677 1
2383 9466 1
2408 8766 1
2408 9094 1
2408 9742 1
2408 8578 1
2408 9470 1
2435 9233 1
2435 9847 3
2435 8836 3
2435 9379 1
2435 8813 1
2435 9892 14
2435 8778 1
2437 9806 1
2437 8668 3
2437 9244 1
2437 9417 1
2437 9624 3
2437 9878 1
2437 9886 1
2437 9947 2
2440 9008 1
2440 9547 1
2440 9562 1
2441 8947 1
2441 8840 1
2441 8645 2
2441 9917 1
2443 8736 2
2443 9404 1
2443 9693 1
2443 9702 1
2476 9354 1
2476 9075 3
2502 8659 1
2502 9168 4
2502 9606 1
2502 9583 2
2502 9154 3
2515 9495 1
2515 8946 1
2528 8801 1
2528 9375 1
2528 9390 1
2528 9494 1
2571 8869 1
2571 9199 1
2571 8552 1
2571 9046 1
2571 9333 3
2571 9503 5
2571 9592 1
2580 9346 1
2580 9537 3
2580 9844 1
2580 8929 1
2580 8667 1
2587 9831 1
2587 9680 1
2587 9112 5
2587 9028 1
2609 9607 1
2609 9908 1
2609 9699 3
2612 9791 1
2612 9503 2
2612 9769 1
2612 9642 2
2612 9277 1
2612 9556 1
2650 9577 1
2650 8735 12
2650 9625 2
2652 9445 1
2666 8742 3
2666 9864 1
2685 9575 1
2685 8649 1
2685 9163 1
2685 9662 2
2685 8881 4
2689 8778 66
2689 9042 1
2689 9327 1
2689 8583 2
2689 8734 2
2689 9579 1
2689 9516 2
2709 8686 9
2709 8605 29
2709 9408 1
2709 9083 1
2709 9786 3
2719 9360 3
2719 9492 1
2719 8749 3
2719 9612 5
2719 9693 4
2719 9797 1
2719 8980 1
2719 9072 5
2719 9186 1
2719 9699 7
2719 9745 2
2724 9253 1
2724 9616 1
2724 8966 1
2729 9001 2
2729 8628 1
2729 9164 1
2729 9361 1
2729 9908 30
2754 8812 1
2754 8950 1
2754 9456 2
2757 8890 2
2757 9677 7
2757 8713 3
2757 8767 2
2757 8819 1
2782 9544 1
2782 8758 1
2788 8906 1
2788 9726 1
2815 9013 2
2842 8655 1
2842 8894 1
2842 9059 1
2853 9948 1
2853 9094 1
2853 9675 1
2861 9597 11
2861 9519 1
2867 9855 1
2867 8963 2
2867 9611 1
2867 9236 1
2867 9441 1
2867 9640 1
2867 9981 1
2867 8824 1
2867 9417 1
2907 8558 13
2907 9193 4
2907 8586 1
2907 9713 1
2925 9573 1
2925 9962 1
2925 9168 1
2925 8895 4
2925 9444 1
2925 9632 1
2925 8930 1
2925 9140 4
2925 9138 1
2925 9436 3
2926 9033 1
2926 9315 200
2926 9878 1
2930 9508 1
2930 9281 2
2930 9090 3
2939 9123 1
2939 9768 1
2947 8779 9
2947 9232 2
2947 9917 2
2947 8913 2
2947 8966 1
2947 9226 2
2947 9952 1
2974 9878 1
2974 9124 1
2974 9702 1
2974 9853 2
2983 9917 5
2983 8686 1
2983 9849 2
2983 9277 1
2983 8824 1
2987 8945 2
2987 9412 38
2987 9946 2
2989 8861 1
2989 9803 18
3007 8850 1
3007 9720 3
3014 8595 2
3014 8844 2
3014 8963 4
3025 8575 1
3025 8766 1
3027 9917 3
3029 9745 1
3029 9494 1
3029 9516 1
3029 8920 3
3029 9600 2
3029 9154 10
3029 9752 1
3064 9253 1
3064 8696 1
3064 9457 1
3070 9197 1
3070 9788 1
3070 8645 1
3070 8838 1
3070 9629 5
3078 8608 1
3097 8575 1
3097 9438 1
3097 9686 1
3097 9241 6
3097 9271 1
3098 9158 1
3098 8877 1
3098 8850 1
3106 8657 1
3106 8694 5
3111 9337 1
3111 8582 6
3126 9312 1
3126 9534 1
3152 9018 4
3152 9926 1
3152 8899 2
3152 9238 1
3152 9434 1
3152 9419 1
3155 8655 7
3155 9320 1
3155 9433 1
3155 9834 1
3155 8890 1
3155 9651 1
3155 8774 1
3155 9163 1
3157 9726 1
3157 9938 1
3157 8907 1
3159 8665 15
3159 9566 1
3159 9972 1
3190 9123 5
3190 9167 1
3190 9847 9
3196 9763 2
3196 8894 1
3196 9085 1
3196 9303 4
3196 9373 1
3196 9852 2
3215 9732 1
3215 9660 1
3220 8563 1
3220 9186 10
3220 8668 1
3220 8847 2
3220 9402 3
3241 9882 1
3277 8682 1
3277 8984 1
3277 9684 1
3277 9362 2
3277 8702 1
3285 8766 5
3285 9333 2
3285 8966 1
3285 8973 2
3285 8795 1
3285 8821 18
3285 9230 1
3285 9537 1
3290 9513 1
3290 8848 1
3290 9175 7
3290 9671 3
3303 9551 2
3303 9464 2
3303 9884 1
3303 9862 1
3303 9182 1
3303 8925 6
3316 9693 1
3316 9766 3
3316 8885 2
3316 9079 1
3316 9157 8
3316 9337 2
3316 9387 1
3325 8967 1
3325 9443 2
3325 9662 2
3325 9153 1
3335 9177 1
3335 8884 11
3335 9686 1
3335 8554 1
3351 9377 1
3351 9116 11
3351 9105 1
3407 8840 1
3409 9224 1
3409 9575 1
3409 9112 1
3409 9663 6
3409 9639 1
3409 8626 1
3409 9390 3
3409 9008 1
3409 9365 2
3409 9600 1
3414 9253 1
3414 8918 1
3430 9766 1
3430 8933 45
3430 9371 6
3438 9818 4
3438 9684 1
3438 9724 2
3438 9349 3
3438 8740 56
3438 8829 2
3438 8640 1
3438 8877 14
3438 9310 4
3438 9923 5
3446 9058 2
3449 9084 1
3449 9770 2
3449 9103 1
3460 8911 1
3460 8756 2
3475 8867 2
3514 9127 1
3514 9718 1
3514 8903 1
3514 9271 3
3514 8594 3
3514 9027 52
3526 9514 3
3526 9168 2
3533 9801 2
3534 9088 1
3534 8709 2
3534 8577 1
3534 9900 1
3543 8786 3
3592 9654 3
3592 9896 3
3592 9765 2
3593 9994 27
3593 9170 2
3593 9828 1
3593 8791 1
3593 9707 1
3593 9404 1
3593 9920 1
3595 9365 5
3595 9640 1
3595 9981 1
3603 9086 3
3603 9000 1
3603 9312 1
3618 9424 1
3618 9461 1
3618 8699 2
3618 8690 1
3633 9160 1
3633 9663 1
3636 8929 1
3636 9505 2
3636 8886 1
3636 9986 3
3638 9700 1
3638 8721 4
3640 9768 1
3640 9698 1
3640 9638 1
3640 9951 1
3647 9482 1
3647 9347 58
3653 9985 4
3653 9655 1
3653 8970 1
3653 9488 7
3653 8631 1
3653 9045 1
3653 9213 142
3672 9114 1
3672 9473 1
3681 9198 1
3698 9943 11
3698 9993 1
3701 8641 3
3701 9499 1
3702 9071 3
3702 9875 2
3702 9503 1
3727 9869 2
3727 9167 2
3727 9076 1
3727 9677 1
3727 9882 10
3747 8845 2
3747 9032 1
3747 8851 1
3749 8884 3
3749 9817 1
3749 9580 3
3764 8818 3
3764 9504 2
3788 9317 1
3788 8662 1
3788 9351 2
3788 9348 1
3788 8615 1
3824 9215 1
3824 9484 8
3824 9887 2
3827 8938 3
3827 8840 1
3835 8733 25
3835 8576 1
3835 9035 1
3839 9362 5
3839 9644 2
3839 8840 5
3839 9458 1
3839 9824 1
3839 9850 1
3839 9167 1
3848 8927 1
3848 9296 21
3848 9532 1
3848 9861 1
3855 9354 1
3855 9208 1
3855 8798 2
3855 8804 1
3855 9437 1
3874 9027 1
3877 9621 1
3877 8903 1
3877 9797 1
3894 8575 2
3900 8884 1
3900 9556 6
3900 8571 1
3908 8924 1
3908 8697 1
3908 9092 3
3919 9901 1
3919 8680 1
3919 9586 1
3919 9647 3
3924 9198 1
3924 9944 1
3924 9949 4
3924 8888 1
3928 8888 1
3928 9839 1
3928 9454 2
3928 9491 1
3939 8863 1
3939 9515 1
3939 8815 136
3939 9648 2
3939 9864 1
3947 8691 2
3947 9755 1
3947 8577 1
3956 9059 1
3959 9693 1
3959 9764 1
3959 8967 3
3959 9144 2
3959 8674 1
3961 9186 1
3961 9468 2
3964 9967 1
3967 8651 1
3967 9063 2
3971 9811 1
3971 8992 1
3971 9159 2
3971 8565 18
3977 8615 1
3977 9494 1
3977 9337 1
3977 9757 1
3981 8875 1
3981 9749 10
3981 9582 1
3983 9161 1
3983 9064 1
3983 9620 2
3986 9229 1
3986 9970 1
3986 9483 1
3986 9664 1
3986 9469 1
4008 9702 5
4008 8952 1
4008 9543 1
4018 9403 2
4018 8830 1
4020 9162 1
4020 9424 6
4020 9117 1
4020 9689 3
4020 8985 1
4020 9074 1
4020 9599 1
4020 9777 2
4028 8830 1
4028 8749 1
4032 9985 1
4037 8662 3
4037 9242 1
4037 8700 4
4037 8562 1
4037 8980 1
4037 8622 3
4037 8654 3
4037 9875 8
4075 9597 1
4075 9417 15
4093 9639 1
4093 9012 1
4093 9528 1
4093 9571 1
4096 8902 2
4096 9008 12
4096 9124 1
4096 8785 1
4104 9345 1
4104 8804 5
4116 8918 6
4116 9221 1
4117 6020 1
4117 9208 3
4119 8908 1
4119 9629 1
4119 9839 1
4119 8553 1
4119 9587 9
4119 9774 1
4119 9870 3
4130 8664 1
4130 9338 42
4130 9239 1
4174 8836 29
4174 9351 14
4177 9357 1
4177 9315 1
4190 9757 1
4190 8838 3
4190 9814 5
4190 8593 1
4190 9554 3
4203 9339 1
4203 8913 1
4203 9727 1
4203 9406 2
4203 9953 4
4203 8653 1
4203 9642 1
4203 9842 15
4206 9090 1
4206 9980 4
4206 9757 3
4206 9298 1
4219 9147 3
4219 8982 1
4219 9335 2
4219 9458 2
4219 9836 1
4229 8973 1
4229 8595 1
4229 8803 1
4231 9751 9
4231 9058 1
4245 9563 1
4273 9580 3
4273 9401 1
4273 9752 2
4273 9796 3
4275 8895 1
4275 8578 1
4275 8756 2
4275 8654 1
4275 8992 2
4279 8567 1
4279 9724 2
4279 9014 1
4279 9656 2
4279 9029 2
4279 9194 1
4285 9218 3
4287 8860 1
4287 9822 1
4292 8819 1
4292 9048 2
4292 9359 2
4292 9481 1
4293 8944 2
4293 8978 3
4293 9936 2
4293 8550 1
4297 9708 2
4297 9055 1
4297 9303 138
4297 8608 1
4297 8921 3
4297 8606 1
4297 9740 1
4298 8755 1
4298 9272 1
4298 8685 1
4298 8888 1
4299 9360 2
4299 9943 5
4299 8571 3
4299 9832 1
4299 8670 1
4301 9440 1
4310 9764 1
4310 9558 2
4311 9921 1
4311 9968 1
4311 8651 1
4311 9068 1
4311 9127 12
4311 9446 2
4311 8883 2
4325 9861 1
4325 8873 1
4325 9061 1
4325 8818 1
4325 9308 1
4340 9251 1
4340 9074 2
4340 9654 2
4345 9990 1
4345 9566 1
4345 9593 2
4345 9914 1
4345 8816 1
4345 9017 2
4345 9402 1
4345 9994 1
4357 9124 1
4357 8909 1
4357 9370 4
4357 8690 1
4357 9260 2
4381 9748 6
4381 9503 2
4381 9745 2
4381 9072 1
4381 9220 1
4381 9510 2
4381 9873 2
4393 9343 1
4393 9600 1
4393 9964 1
4393 8554 2
4393 9448 1
4393 9518 1
4413 9531 1
4413 8642 3
4413 8803 1
4413 9169 3
4422 8906 3
4422 9578 1
4422 9908 4
4422 9947 1
4422 8552 1
4478 8791 1
4478 9726 1
4478 8589 3
4478 9380 5
4501 9630 3
4501 9827 4
4501 9108 4
4501 8850 1
4501 8900 1
4501 8952 6
4501 9716 1
4502 9768 1
4502 9998 1
4502 9651 1
4502 9957 2
4502 9103 1
4502 9301 1
4508 9200 3
4508 9351 1
4517 9366 1
4528 9453 28
4528 8580 1
4528 8719 1
4528 8583 1
4532 9606 1
4532 8622 1
4532 9846 4
4542 8727 22
4542 9843 1
4543 8729 11
4543 8585 1
4564 8888 2
4572 9157 1
4572 9063 1
4572 8650 1
4572 9011 1
4593 8743 1
4599 8702 1
4599 8984 71
4612 9551 1
4612 9749 2
4615 9107 9
4615 9465 1
4615 9508 3
4615 9608 1
4664 8852 1
4664 9606 1
4686 9022 1
4702 9220 8
4702 9155 4
4709 9307 1
4709 9700 1
4732 9071 2
4732 9628 1
4733 9048 3
4733 9353 1
4736 9908 2
4736 9309 1
4740 9223 2
4740 8740 1
4741 9061 4
4741 9918 1
4741 9893 7
4741 9909 2
4747 9437 1
4747 8891 1
4747 8620 2
4747 9747 1
4768 9683 24
4783 9790 1
4783 9236 1
4790 9946 1
4806 9147 2
4806 9714 2
4807 9107 1
4818 9463 2
4818 8725 3
4818 9218 2
4823 8935 4
4823 9054 1
4823 9039 1
4823 8836 1
4823 9699 22
4823 8972 1
4823 9215 2
4823 9433 1
4825 8634 1
4825 9013 8
4827 8680 1
4827 9543 1
4832 9072 1
4832 9251 1
4832 9198 1
4832 8679 2
4855 9297 1
4855 9611 1
4863 8912 1
4893 8726 1
4893 9643 1
4893 9677 1
4893 9921 1
4901 8786 2
4901 9221 1
4901 8931 1
4940 8744 1
4940 9391 3
4940 9876 6
4942 9155 7
4942 8642 1
4942 9635 1
4942 9818 3
4942 8554 1
4942 9029 1
4958 9670 1
4962 9862 1
4969 9733 1
4969 9043 2
4969 9759 2
4969 9921 2
4969 8899 1
4969 9153 1
4969 9464 3
4969 9001 27
4969 9248 1
4988 9773 1
4995 9834 8
4995 9250 3
4995 9531 1
4995 8655 2
4995 9488 1
5027 9479 1
5027 8963 1
5027 9088 1
5027 9655 7
5027 8852 2
5027 8946 3
5027 9343 1
5027 9320 2
5027 9527 1
5033 9410 1
5043 9092 5
5043 8650 1
5043 9017 1
5043 9032 1
5043 8696 1
5068 8741 1
5068 9689 1
5068 9359 2
5068 9960 1
5068 8787 1
5068 9755 1
5069 9864 3
5069 9568 1
5069 9084 1
5069 9754 1
5072 9763 3
5083 9626 3
5083 9457 1
5098 9325 7
5098 9532 1
5100 9768 1
5100 8912 1
5100 9168 4
5100 9252 1
5100 9338 6
5100 8590 3
5100 9834 1
5100 9593 1
5108 9002 24
5108 8656 1
5108 8876 1
5108 9352 1
5108 9955 1
5108 8558 1
5108 8674 1
5108 9777 1
5117 8977 3
5117 9674 1
5117 9467 2
5183 8606 200
5183 9618 1
5206 8572 1
5206 8549 1
5206 9313 1
5207 9999 1
5207 9387 1
5210 9440 1
5210 9111 1
5210 9595 3
5215 8779 1
5222 9465 1
5222 9637 1
5224 9088 1
5224 9353 1
5224 9210 1
5232 9156 4
5232 9479 2
5232 9591 2
5232 8570 2
5232 9282 12
5239 8810 1
5239 9361 1
5239 9725 1
5239 8932 1
5239 9591 3
5247 9011 2
5247 8802 1
5247 9832 2
5248 8621 2
5251 9018 1
5251 9400 4
5294 9708 1
5294 8836 8
5294 8677 1
5294 9111 1
5294 9114 1
5294 9943 4
5343 8686 1
5343 8771 1
5343 9461 4
5343 9680 1
5344 9193 1
5344 9019 2
5344 8791 2
5344 9887 1
5344 8929 3
5344 9606 1
5344 9695 7
5344 9353 1
5351 8889 2
5351 8863 1
5351 9401 2
5359 9145 34
5368 8874 5
5368 8889 3
5368 9080 8
5369 9938 1
5369 9158 4
5369 9230 2
5369 9283 4
5375 8548 1
5387 9689 1
5392 8930 3
5392 9896 2
5392 8549 6
5392 8617 6
5392 9744 1
5400 9014 1
5400 9029 1
5400 9901 1
5400 8979 1
5400 9226 3
5404 9680 1
5409 8685 7
5409 9775 2
5409 9126 1
5409 9814 3
5410 8841 3
5410 9603 1
5410 9719 2
5410 8925 2
5410 9563 1
5421 9810 2
5421 8881 1
5421 9803 1
5421 8702 5
5421 8989 105
5421 9531 11
5421 9689 8
5421 9191 1
5447 9261 2
5447 8813 1
5447 9151 2
5447 8719 1
5447 9653 19
5453 9039 1
5453 9492 1
5465 9658 1
5465 9834 1
5465 9258 1
5465 8985 1
5465 9208 3
5465 9973 2
5501 9412 2
5501 9258 2
5522 9627 5
5522 9539 1
5522 9807 1
5522 9579 1
5522 8863 2
5522 9448 2
5522 9021 1
5522 9087 1
5522 9214 17
5531 9755 3
5531 9422 1
5533 9802 1
5533 8870 1
5533 8977 1
5533 9813 2
5547 8880 9
5551 9202 1
5551 9253 2
5567 8653 2
5567 9516 1
5567 9473 30
5567 8776 1
5567 9850 1
5567 9867 4
5577 9005 5
5577 9820 4
5577 9868 1
5601 9213 1
5601 9971 1
5602 9632 1
5602 9182 1
5602 8847 1
5602 9610 21
5603 9134 1
5603 9763 4
5603 8829 1
5603 9607 1
5603 9643 4
5603 8778 1
5604 9283 1
5614 9802 1
5615 8671 2
5615 9442 49
5615 9839 1
5615 9046 1
5615 9419 2
5615 8877 1
5615 8730 1
5630 9119 1
5630 8862 2
5630 8863 1
5630 9537 3
5660 9934 1
5660 9025 1
5660 9853 1
5673 9488 1
5673 9667 1
5673 8756 2
5673 9140 1
5673 9727 1
5709 9657 1
5709 9151 2
5717 9448 1
5717 8869 1
5717 9352 1
5717 9634 1
5732 9611 2
5732 8753 1
5732 9128 2
5733 9698 1
5733 8743 1
5733 9661 1
5738 9642 117
5738 9880 1
5738 9608 151
5738 9592 43
5738 9801 1
5745 8582 1
5745 9972 6
5764 8601 3
5764 8856 2
5764 9342 1
5773 9699 1
5773 9814 6
5773 9482 1
5773 8860 1
5783 9092 1
5783 9621 2
5783 9424 1
5784 9123 1
5784 8930 1
5784 9409 1
5784 9067 1
5784 9881 1
5800 8849 1
5800 9917 10
5800 9033 1
5803 9417 9
5803 8554 2
5803 9141 2
5831 9300 4
5831 9685 1
5831 9428 2
5831 8801 3
5837 8798 3
5837 8883 1
5861 8693 3
5861 9348 1
5861 9796 1
5861 8805 5
5861 8872 1
5882 9087 15
5882 8785 1
5882 9689 57
5882 9190 1
5882 9822 24
5882 8874 1
5882 9440 3
5882 9591 1
5889 8620 1
5889 9831 1
5889 9586 1
5889 9918 1
5889 9749 1
5889 9279 1
5891 9986 2
5912 8774 1
5912 9806 2
5912 9849 13
5913 8580 1
5913 8733 3
5913 8587 8
5913 9594 1
5913 9684 1
5915 9836 15
5915 8734 2
5919 9167 1
5919 9079 1
5919 8785 2
5919 9949 2
5942 9769 7
5952 8899 5
5952 8554 1
5952 8771 1
5952 9449 4
5952 8640 1
5952 9162 1
5952 9364 1
5952 9943 1
5958 9599 1
5958 9319 2
5958 9489 2
5980 8672 3
5980 9995 3
5997 9467 1
5997 8584 1
5997 9075 1
5997 8578 1
5997 8900 1
5997 9232 1
5997 9302 4
6004 9067 1
6020 9091 1
6020 8812 1
6020 8849 1
6020 8586 3
6020 8906 9
6020 9251 1
6026 9714 2
6026 8736 2
6029 9333 16
6029 9504 3
6029 9595 8
6029 8936 2
6033 8559 1
6033 9007 1
6033 8969 8
6033 9476 1
6036 8801 3
6036 9168 1
6036 9314 1
6036 9852 1
6036 9604 2
6038 9974 3
6038 9996 1
6045 9175 1
6045 8749 20
6045 8594 3
6046 9746 1
6046 9376 1
6046 9476 2
6046 8620 4
6046 8713 1
6046 8756 1
6046 9185 6
6046 8608 1
6054 9112 2
6054 9554 1
6054 9325 20
6054 9741 1
6075 9708 1
6081 9048 1
6081 9791 1
6091 9134 1
6091 9408 1
6091 9423 3
6091 9302 1
6091 9400 1
6091 9256 5
6091 9628 1
6091 9122 1
6091 9492 1
6092 9961 2
6092 9682 1
6104 8776 1
6104 8882 1
6104 8838 3
6106 9236 1
6106 8970 1
6106 9520 1
6106 8919 1
6106 9557 1
6106 9734 45
6106 9442 1
6106 9451 3
6121 9503 5
6128 9495 1
6128 9680 3
6128 9336 2
6129 9508 1
6129 9732 5
6129 9705 1
6129 9828 1
6129 9941 1
6129 8649 4
6131 9297 2
6131 9863 2
6131 9968 1
6132 9576 1
6154 9105 1
6154 8969 1
6154 8635 1
6154 9500 5
6154 9869 2
6154 9880 5
6154 9883 3
6155 8774 3
6155 9660 1
6155 9805 3
6155 9314 4
6155 9512 3
6162 9580 2
6162 9895 1
6162 9980 1
6162 9312 1
6196 8557 1
6196 9147 1
6196 9083 1
6196 9162 1
6196 9448 1
6196 9932 1
6201 9302 1
6211 9463 3
6211 9587 1
6211 9929 1
6219 9087 1
6219 8816 2
6219 9817 8
6226 8874 1
6226 9954 1
6226 8714 1
6226 9189 1
6226 9160 2
6229 9105 2
6229 9634 3
6229 8875 3
6229 9055 1
6229 9364 2
6233 8550 1
6233 9347 2
6233 9128 1
6233 8749 1
6233 9626 1
6266 9160 9
6266 9206 29
6266 8867 20
6266 9528 1
6277 8743 1
6277 8605 3
6277 8758 1
6277 9046 1
6277 9424 5
6289 9451 8
6289 9085 1
6289 9729 4
6297 9529 3
6297 8576 2
6297 8729 3
6297 9142 13
6297 9657 1
6307 8924 1
6307 8646 1
6329 9515 1
6329 8914 1
6329 8703 3
6329 8869 1
6329 8657 1
6351 8667 1
6351 8855 17
6356 9840 1
6376 9824 2
6376 8985 1
6376 8874 4
6420 9816 1
6420 8931 2
6426 9019 200
6426 9355 1
6432 9278 200
6433 9309 1
6433 9390 1
6456 9670 1
6456 8899 2
6456 9302 1
6456 9051 2
6460 8921 2
6460 9456 1
6460 9298 2
6460 8647 1
6460 9773 1
6461 9236 3
6461 9337 2
6461 9800 1
6461 9224 1
6461 9848 2
6467 9146 2
6467 9301 1
6467 9453 1
6467 8900 1
6467 9234 1
6485 9566 1
6485 9315 5
6485 9140 1
6485 9953 4
6485 9178 1
6485 9191 5
6485 9390 1
6485 9283 21
6485 9357 13
6490 9012 2
6490 9578 1
6490 8789 1
6490 9473 4
6514 8726 4
6514 8729 1
6521 9146 1
6526 8816 1
6526 9729 2
6526 9262 2
6526 9346 1
6526 9819 1
6526 9944 1
6527 9342 4
6538 9417 2
6538 9072 1
6538 9708 2
6538 8626 2
6538 8912 34
6538 9584 1
6538 9210 3
6541 9832 26
6541 9945 1
6541 9702 1
6541 9884 11
6541 9516 1
6541 9722 1
6547 9202 1
6547 9063 10
6547 9771 1
6547 9683 3
6551 9931 3
6551 8730 2
6551 9315 2
6551 9263 6
6571 8763 14
6571 9759 1
6577 9347 1
6594 9262 4
6594 9364 1
6594 9948 35
6594 9099 3
6594 9909 1
6594 9206 1
6594 9530 2
6606 8777 1
6606 9188 14
6618 9656 1
6618 8601 2
6643 8590 1
6643 8746 1
6643 8801 1
6651 8914 97
6651 9258 1
6651 9452 5
6651 9886 1
6651 8997 1
6651 9044 1
6675 9513 1
6675 9961 1
6675 9894 1
6676 9461 1
6676 8867 2
6681 9313 1
6681 9138 1
6681 9495 1
6681 9760 2
6681 9712 10
6694 9616 1
6694 8934 1
6694 9264 1
6694 9575 1
6695 8774 1
6695 9790 9
6697 9045 2
6697 9269 2
6697 9308 1
6697 9603 3
6699 8740 3
6699 8881 1
6699 9718 1
6701 9248 3
6701 8919 5
6714 8838 2
6714 9612 5
6714 9907 1
6714 8821 1
6714 9017 1
6714 9547 5
6744 8761 5
6744 9043 4
6744 8815 2
6758 8851 2
6767 9885 1
6767 9504 2
6767 9690 1
6767 9054 1
6778 9809 1
6789 8742 1
6789 9260 71
6789 9415 29
6789 9202 1
6789 9576 2
6801 9746 1
6801 9862 2
6801 8656 2
6801 9646 1
6801 8928 1
6801 9843 1
6801 8897 1
6801 9691 1
6801 9824 7
6809 9414 6
6809 8659 1
6811 9350 2
6811 9560 2
6811 8924 1
6842 9754 1
6848 9822 1
6848 9168 1
6848 9058 2
6856 9827 1
6863 9160 1
6863 9774 2
6909 8933 1
6909 9885 2
6909 9076 1
6909 9371 1
6909 8886 2
6909 9625 1
6909 8569 15
6911 9117 1
6911 9387 2
6911 9650 1
6911 9714 1
6913 9035 1
6913 8678 2
6913 9802 108
6914 9519 1
6914 9033 3
6914 8772 2
6914 9130 3
6926 9406 4
6929 9412 1
6932 9876 1
6932 8679 1
6932 9920 2
6932 9177 1
6932 9655 1
6937 8683 3
6937 9021 1
6937 8926 1
6940 8671 1
6940 8563 1
6940 9594 1
6969 8559 1
6969 9648 30
6973 8810 1
6973 9241 1
6977 9763 2
6977 8819 2
6977 9194 5
6977 9887 1
6977 8574 1
6977 9876 2
6977 9616 1
6985 8669 1
6985 9884 6
6987 8909 4
6987 9006 1
6987 9252 1
6987 9367 9
6987 9238 5
6987 9579 2
6991 9434 1
6991 9165 1
6991 8719 1
6991 9634 3
6991 9773 1
6991 9817 1
6991 9567 3
6991 8597 1
6991 9404 1
7009 9173 23
7009 9846 1
7009 8859 3
7009 9524 1
7009 9624 1
7009 9277 1
7009 8580 7
7009 9255 3
7009 9795 2
7016 8960 1
7016 9308 1
7016 8945 4
7018 9336 4
7018 8566 3
7018 8719 4
7018 9900 13
7018 9325 5
7018 9348 2
7018 9702 1
7018 9419 1
7018 9770 1
7018 8903 2
7018 9483 1
7018 9778 1
7023 8941 2
7023 9531 1
7023 8767 1
7023 9946 1
7038 8982 4
7038 9012 6
7038 9775 2
7042 9518 1
7042 8663 3
7047 8935 1
7047 9755 1
7047 8574 2
7052 9769 9
7060 9117 1
7060 8621 1
7060 8971 1
7060 9700 5
7060 9839 1
7060 9934 16
7061 9099 2
7061 9077 4
7061 9360 3
7061 9593 1
7061 8571 1
7061 8592 1
7071 9478 1
7071 9032 8
7082 8804 1
7082 9155 6
7094 9220 1
7094 8967 21
7094 9500 1
7097 8613 1
7097 8647 1
7097 9992 1
7097 8902 2
7097 9304 1
7101 9155 1
7101 9304 6
7101 9722 1
7119 9174 1
7119 8717 1
7119 9327 1
7122 9893 1
7122 8890 2
7122 9165 1
7130 8663 1
7130 9330 1
7151 9281 1
7151 9445 2
7153 9534 1
7153 9628 2
7153 9962 1
7153 8662 1
7153 9707 1
7153 9760 4
7153 9805 1
7166 8665 2
7166 9920 2
7200 9191 2
7200 9945 3
7200 8884 3
7200 9567 1
7200 9761 1
7208 8819 1
7208 8742 1
7209 9410 36
7209 8952 1
7209 9740 1
7209 9367 2
7229 8659 1
7229 9011 1
7229 9229 1
7229 8626 2
7229 9809 3
7251 9954 1
7251 8847 1
7251 9349 1
7251 9635 1
7255 8746 1
7255 9931 3
7265 9788 1
7266 9045 1
7266 9544 1
7266 9609 1
7266 9888 1
7286 8984 2
7286 9266 1
7294 8613 11
7294 9771 3
7294 9505 1
7294 9667 8
7294 9054 2
7307 9091 1
7307 9169 1
7307 9768 2
7307 9818 1
7312 8816 8
7312 8567 1
7314 9374 3
7314 9926 1
7314 9281 3
7314 9879 2
7314 9505 1
7331 9251 1
7331 9685 1
7331 9894 1
7356 9402 1
7356 9148 3
7364 9439 1
7364 8876 1
7364 9370 17
7364 9116 22
7364 9823 1
7365 9348 3
7365 9030 5
7386 9754 3
7386 9639 1
7386 9835 3
7386 8595 2
7386 9637 3
7387 8654 6
7387 8971 1
7398 8734 1
7398 9861 1
7398 9398 1
7398 9649 1
7413 9301 3
7413 8638 1
7413 9732 1
7433 9791 1
7433 9862 8
7433 9058 5
7433 9189 1
7433 9944 1
7446 9165 7
7446 9264 10
7446 9918 2
7473 9655 1
7491 8805 2
7491 8690 1
7491 9988 1
7491 8678 2
7519 9954 1
7519 9618 1
7520 9402 19
7520 9464 2
7529 9620 1
7529 9531 1
7539 9261 1
7539 9948 3
7546 8984 5
7546 9752 2
7546 8691 1
7564 9041 1
7564 8586 1
7564 8677 7
7564 9566 1
7564 9052 1
7570 9124 1
7570 9158 3
7570 9455 2
7570 9248 1
7594 8562 1
7594 8790 2
7594 9532 1
7598 9560 1
7598 9652 1
7598 9992 6
7626 9901 1
7626 9319 1
7645 8766 1
7645 9626 3
7645 9660 1
7645 9923 3
7645 9173 5
7645 9708 1
7665 8886 2
7665 9643 2
7665 9175 2
7665 8776 5
7665 8779 154
7665 8855 1
7665 9367 2
7665 9731 1
7671 9970 8
7680 8960 1
7715 9223 1
7715 9304 1
7715 9491 1
7715 8932 2
7715 9736 6
7730 9543 1
7730 8884 4
7730 9105 1
7730 9244 1
7730 9335 1
7731 9226 1
7731 9952 2
7731 9036 2
7731 9252 1
7731 9230 1
7735 8791 2
7738 9253 1
7738 8824 1
7738 9343 2
7739 9887 1
7739 8685 9
7739 9843 4
7739 9689 1
7739 9499 2
7739 9107 1
7739 9491 49
7744 9079 12
7744 9141 1
7744 9961 2
7744 9782 1
7744 8845 1
7744 9520 1
7744 8559 24
7752 8931 1
7769 9754 1
7769 8653 2
7778 9252 2
7778 8595 2
7778 9484 1
7781 9981 1
7781 9709 1
7782 9878 1
7782 8621 1
7782 9664 5
7782 9698 1
7799 8813 5
7799 9335 1
7799 9817 1
7799 9283 1
7799 9562 1
7799 9595 1
7799 9938 1
7799 8750 1
7799 9994 3
7817 9079 2
7817 9806 1
7817 9855 1
7817 8823 1
7825 9210 1
7825 8598 1
7825 8894 1
7825 9610 1
7825 9283 1
7825 9457 3
7825 8802 1
7825 8889 4
7825 9613 1
7825 9760 1
7827 8634 1
7827 8615 2
7827 9582 1
7827 9734 1
7827 9788 6
7827 9954 1
7834 8704 1
7834 9551 1
7834 9947 15
7834 9164 1
7835 9519 1
7835 9752 5
7835 9051 1
7851 9609 1
7851 8575 2
7851 9913 1
7857 9255 1
7857 8723 1
7857 9613 4
7862 9811 1
7862 9893 2
7862 9391 1
7874 9736 1
7874 8591 4
7874 8593 1
7874 9778 1
7874 9921 1
7887 9465 1
7887 9677 4
7887 8818 1
7887 9991 1
7917 9822 1
7917 9166 1
7917 9229 1
7917 9398 1
7917 9717 1
7932 8654 4
7932 9803 1
7932 8549 10
7932 9853 1
7937 8821 8
7937 9883 1
7937 9529 2
7937 9811 1
7937 9477 1
7951 9126 1
7960 8966 2
7960 8583 8
7960 9453 1
7960 9495 5
7970 9549 35
7970 9846 3
7970 8909 2
7970 9177 21
7992 9760 1
7992 9432 3
7992 9010 3
7994 8556 1
7994 8682 1
8003 8863 1
8006 8883 1
8006 9442 2
8006 8686 5
8006 9144 1
8006 9263 1
8009 9345 3
8009 9002 1
8009 9123 1
8016 9057 5
8048 8848 1
8048 8574 1
8048 9068 1
8048 8751 1
8048 9021 1
8053 8565 2
8053 9911 1
8053 9652 1
8053 9779 4
8054 9309 1
8054 9643 2
8068 9931 4
8068 8581 3
8073 9875 1
8073 9819 1
8073 9117 1
8078 9251 1
8078 9262 1
8078 9914 5
8078 9067 1
8078 9883 2
8078 9279 1
8078 9199 1
8078 9804 1
8099 9390 1
8099 8570 2
8099 9149 2
8099 8858 12
8100 8821 3
8100 9366 1
8100 9782 1
8100 8836 1
8100 8967 1
8105 8741 1
8105 9662 1
8109 9454 36
8109 9345 21
8123 8606 1
8123 9343 1
8123 9056 12
8123 9374 1
8141 9951 1
8141 9371 4
8141 8595 200
8141 9685 1
8150 9644 4
8150 9596 1
8150 9852 1
8150 9263 3
8150 9375 1
8150 9616 2
8156 8952 17
8156 9091 1
8156 9312 1
8156 9615 1
8156 9233 1
8156 9115 1
8158 9537 7
8158 8661 1
8158 9860 3
8158 8612 1
8158 9006 1
8158 9317 2
8158 9689 2
8168 9255 1
8168 8861 1
8168 8699 3
8168 9141 3
8179 9736 1
8179 8753 1
8179 8588 2
8179 9270 1
8179 9931 1
8181 9685 1
8181 8760 1
8181 9405 9
8181 9971 2
8181 9233 3
8202 8911 2
8202 8680 1
8202 8994 1
8202 9533 1
8207 9414 1
8207 8556 2
8210 8971 1
8210 9693 5
8210 8683 2
8266 9144 2
8266 9733 2
8276 9019 2
8276 9094 5
8282 9508 5
8282 8770 1
8282 9209 3
8282 9962 2
8288 8875 2
8289 8594 1
8289 8617 1
8295 9873 1
8295 8585 1
8295 9297 1
8302 9017 1
8304 8872 3
8304 8626 1
8307 8770 1
8307 9126 5
8313 8762 3
8313 9493 1
8313 9644 2
8313 9980 9
8319 9779 1
8319 9864 4
8319 8924 1
8319 9094 4
8319 8628 2
8319 9409 1
8319 9996 3
8325 9076 1
8365 8801 1
8365 8605 1
8365 8709 1
8366 9818 1
8366 8562 1
8371 8556 6
8381 9154 4
8381 9091 1
8381 8655 1
8381 9911 1
8384 8848 1
8384 8755 1
8413 9746 1
8413 9429 1
8417 9191 1
8417 8852 1
8417 9565 14
8437 9061 1
8437 9996 1
8437 9325 2
8437 9863 1
8437 9278 1
8437 8857 3
8442 9844 1
8442 9112 3
8442 9418 1
8443 8882 6
8443 9046 1
8443 9174 1
8448 9868 2
8448 9086 1
8448 9255 1
8448 9657 1
8448 9698 1
8448 8575 2
8448 8984 17
8448 8553 9
8448 8812 200
8466 9159 3
8474 9881 2
8474 9414 1
8480 9747 1
8480 9057 1
8480 9033 3
8480 9418 3
8483 8944 1
8483 9686 8
8496 9921 2
8499 9439 1
8499 9234 3
8499 9742 1
8499 9549 1
8499 9811 1
8504 9127 1
8504 9463 2
8504 9709 1
8504 9795 1
8504 9860 2
8504 8788 3
8504 8873 1
8504 9076 2
8504 9162 4
8515 9200 1
8515 8911 1
8515 9676 2
8515 9771 1
8530 9445 1
8530 8642 3
8530 9399 1
8534 9087 1
8534 8935 1
8534 9566 1
8534 8589 27
8534 9704 2
8534 8646 1
8534 9876 1
8534 9133 17
8534 9519 2
8534 9068 1
8538 9843 1
8538 9286 200
8538 8581 1
8538 8960 1
8538 9028 1
8538 8793 1
8540 9036 1
8542 8709 2
8542 8617 1
8542 8622 1
8543 9106 99
8543 9094 1
8543 8902 3
8543 8612 1
8543 8787 7
8543 9449 2
8543 9892 31
8548 8794 2
8548 9020 1
8548 8738 1
8549 8739 5
8550 9275 1
8551 8989 3
8551 9695 1
8551 9843 1
8552 8629 3
8553 8898 1
8553 8754 1
8554 9078 1
8555 8743 1
8555 8634 15
8556 8896 6
8556 8999 1
8557 9113 2
8557 9004 5
8560 9603 3
8560 9676 2
8560 9064 1
8560 9144 1
8561 9640 1
8561 9303 1
8561 9714 1
8561 9630 2
8561 8946 1
8561 9250 3
8562 8712 25
8563 8983 1
8564 9415 1
8564 8941 1
8566 8737 7
8567 9987 2
8567 9679 1
8568 9792 2
8571 9937 4
8572 8901 3
8572 9590 1
8572 8660 1
8573 9111 1
8574 8826 1
8575 8752 1
8577 8747 1
8577 8951 1
8579 8842 1
8579 8623 2
8580 8901 1
8581 9023 1
8582 8993 1
8583 8953 18
8586 8809 1
8588 8898 1
8591 8781 1
8591 8995 1
8591 9081 1
8594 9937 1
8595 8948 1
8596 8849 2
8599 8754 1
8599 8616 1
8599 8739 14
8600 8980 1
8600 9408 1
8600 8786 1
8600 9910 1
8600 9938 1
8600 8710 8
8600 8757 2
8600 9695 3
8602 8882 1
8602 9582 1
8602 8979 16
8603 9862 1
8603 9564 1
8604 8929 4
8604 9724 3
8604 8662 29
8605 9275 2
8608 8784 1
8609 8885 1
8609 9220 35
8609 9968 1
8609 8723 1
8609 8741 1
8609 8927 1
8609 9529 5
8609 8762 14
8609 9166 3
8609 9512 3
8609 8899 4
8610 9610 1
8611 8997 1
8611 9474 1
8612 9912 1
8613 9780 1
8614 9741 1
8614 9887 5
8616 9883 1
8616 9365 1
8616 9761 1
8616 8871 4
8616 9000 1
8616 9791 1
8616 9724 3
8617 9285 1
8619 9625 2
8619 9333 5
8619 9346 18
8619 9379 1
8623 9904 1
8623 8761 1
8624 9649 1
8624 9229 3
8624 9164 1
8624 8890 4
8624 9518 15
8624 8815 1
8624 8790 1
8624 9655 1
8625 8861 1
8625 9030 12
8625 9534 1
8625 9805 2
8625 9320 2
8625 8692 3
8625 9019 2
8627 8651 1
8627 9252 2
8628 8939 1
8629 9898 4
8629 9547 1
8629 8926 1
8629 9291 1
8629 9282 1
8629 9330 1
8629 9376 13
8629 9495 1
8629 9544 1
8630 9297 10
8630 9474 1
8630 9990 1
8633 9964 1
8633 8717 1
8633 9022 1
8633 9923 1
8633 9510 1
8633 9315 1
8633 9736 8
8633 9012 2
8634 9285 1
8635 9859 1
8636 9068 1
8636 9105 5
8636 9236 5
8637 8727 1
8637 9185 1
8638 8993 1
8639 9527 1
8639 9870 1
8639 8669 1
8639 9472 1
8640 8962 1
8640 8706 2
8642 9928 1
8643 8675 1
8643 9429 4
8643 9520 2
8644 8891 1
8644 9433 1
8644 8733 1
8644 8895 3
8649 8956 1
8651 8720 1
8652 8883 21
8652 8695 1
8652 9945 1
8653 9631 5
8656 8898 1
8656 8794 3
8660 9059 13
8660 9762 2
8661 8943 1
8664 8917 1
8666 8857 1
8666 9138 1
8666 9584 1
8666 9706 1
8667 8904 1
8667 9016 1
8669 8998 1
8671 8825 1
8672 9245 1
8672 8806 1
8672 8915 2
8673 9894 1
8673 9820 2
8673 9103 1
8673 9319 1
8673 9099 1
8675 9845 1
8676 8970 1
8676 9453 4
8678 9959 1
8679 8781 7
8679 8739 2
8680 8981 2
8681 9004 1
8681 8968 2
8681 9389 2
8682 9679 1
8683 8996 4
8684 9059 12
8685 8893 1
8685 9687 1
8686 8809 1
8686 8953 1
8687 9171 1
8687 9992 1
8687 8779 21
8687 9266 1
8687 8783 2
8688 9876 5
8688 8727 2
8689 9029 1
8689 8928 1
8689 9733 3
8689 8883 2
8689 9218 1
8689 9489 1
8689 9901 1
8691 9060 1
8692 8769 3
8692 8780 1
8693 8868 1
8694 9034 2
8698 9454 2
8698 8861 1
8698 9147 1
8698 9331 2
8699 9184 1
8701 9611 1
8705 8777 5
8705 8931 3
8705 9849 5
8706 8824 3
8706 9027 3
8706 9663 1
8706 8912 19
8706 9584 2
8706 9844 1
8708 9943 3
8708 9549 1
8708 9117 1
8708 9870 1
8708 9080 1
8708 9779 24
8708 8763 2
8709 9003 1
8710 9919 5
8710 8809 1
8710 8983 1
8711 9018 4
8711 8856 1
8711 8866 1
8711 9281 1
8712 9401 4
8712 8800 2
8712 9515 4
8712 8791 1
8712 8914 4
8712 9499 1
8714 8949 6
8715 9156 1
8715 8929 1
8716 8873 1
8716 8813 1
8718 8779 1
8718 8982 1
8718 8885 1
8718 9272 2
8719 8781 1
8720 9307 1
8720 9967 1
8722 9604 3
8722 9371 1
8724 9189 1
8724 8743 12
8725 8854 1
8725 8968 1
8726 8820 1
8728 9102 7
8728 8761 1
8731 9061 3
8732 9052 2
8732 9598 9
8737 9840 5
8737 9484 2
8738 8856 1
8739 9477 2
8740 8806 44
8740 9009 1
8741 8974 1
8741 9407 1
8743 9619 1
8744 8780 1
8744 8808 2
8745 9827 86
8746 8943 4
8747 8881 1
8747 8966 74
8747 9283 5
8747 9548 43
8747 9455 1
8747 8920 1
8747 9159 1
8748 9256 2
8748 9482 2
8748 9936 1
8751 8837 20
8751 8996 1
8751 8832 4
8752 9575 1
8752 9000 1
8752 9704 1
8753 8937 4
8754 8776 1
8754 8970 1
8754 9894 4
8758 8915 1
8759 8805 5
8759 9726 1
8760 8833 1
8760 8904 1
8762 8981 1
8764 9127 4
8764 9126 1
8764 9374 1
8764 9332 2
8764 9725 1
8765 9010 8
8765 9500 2
8765 9185 45
8765 9441 1
8767 9096 7
8767 8976 5
8767 8827 2
8768 8859 1
8768 9732 1
8768 9621 1
8772 9276 1
8773 9651 1
8775 9698 1
8775 9724 1
8775 9764 20
8777 8833 3
8779 8833 1
8780 8977 110
8780 8851 1
8780 9881 1
8781 8796 2
8781 9289 1
8782 9038 1
8782 9050 1
8784 9827 1
8784 9904 1
8784 8907 1
8788 8865 1
8789 9919 2
8792 9407 2
8793 8922 1
8793 9427 1
8794 9169 1
8794 9623 1
8794 9563 8
8795 9031 1
8796 8958 1
8797 9036 1
8797 9444 2
8797 9512 1
8797 9772 1
8797 9942 1
8797 9415 1
8798 9407 4
8799 9198 7
8799 9731 1
8799 9308 1
8799 9998 1
8799 8906 2
8799 9338 2
8799 9527 1
8799 9158 11
8799 9187 3
8800 9735 9
8801 8998 1
8804 9792 1
8806 9091 1
8806 9505 1
8806 9005 2
8806 9083 4
8807 9422 1
8807 8829 2
8807 9157 2
8808 8925 8
8808 9043 22
8808 9223 1
8809 8921 1
8809 9860 2
8811 9102 1
8811 9499 3
8811 9090 3
8811 9014 1
8811 9428 1
8811 9904 1
8813 9912 1
8814 9013 1
8814 9499 5
8814 9816 1
8814 9833 1
8814 9198 3
8815 8868 2
8817 9247 1
8817 9576 1
8820 9126 1
8820 9476 1
8820 9272 1
8820 9773 3
8820 9419 1
8822 9836 2
8825 9515 1
8825 9808 3
8825 9660 1
8826 9927 4
8827 9796 1
8827 9552 1
8828 9575 1
8828 9604 2
8828 9861 1
8829 8865 1
8830 9034 1
8831 9716 2
8831 9551 1
8832 9706 1
8832 9478 1
8833 9596 2
8833 9895 200
8833 9900 1
8833 9124 1
8833 9612 1
8834 8857 1
8834 9935 1
8834 9041 27
8834 9382 1
8835 9571 1
8835 9908 1
8837 8859 6
8839 9570 1
8839 9962 1
8839 9995 1
8841 9665 1
8842 9674 1
8842 9190 1
8842 9239 1
8842 9827 1
8842 9991 3
8843 9244 1
8843 9467 2
8843 9316 3
8843 9471 8
8844 9928 1
8846 8923 1
8846 9221 1
8846 9600 1
8846 9646 2
8846 8936 2
8846 9206 1
8846 9229 17
8850 8965 2
8852 8958 2
8853 9407 1
8854 9651 4
8854 9028 3
8854 9560 1
8858 9016 11
8859 8987 1
8863 9065 1
8864 9609 1
8864 9853 1
8864 9876 1
8864 9169 2
8864 9483 1
8864 9807 3
8864 9835 1
8864 9974 2
8864 9577 1
8865 9185 1
8865 9432 1
8865 9453 1
8865 9761 1
8865 9366 1
8867 8981 2
8867 8983 4
8868 9338 1
8868 9833 1
8869 9040 17
8870 8965 2
8870 9919 1
8871 9078 3
8872 8879 1
8875 8949 1
8876 9845 3
8878 8923 2
8878 9831 1
8878 9942 1
8879 9562 1
8880 9150 2
8882 8962 2
8883 8998 1
8885 9038 1
8887 9371 6
8887 9041 1
8887 9886 1
8887 9685 1
8887 9597 1
8887 8928 1
8887 9957 1
8893 9118 4
8893 9263 1
8893 9271 1
8893 9021 1
8893 9087 1
8893 9463 3
8893 9772 1
8894 8974 5
8894 9290 1
8896 9312 1
8896 9118 1
8896 9630 1
8898 9565 1
8898 9896 2
8898 8970 1
8901 9671 4
8901 9896 2
8904 9001 1
8904 8982 1
8904 9403 1
8904 9505 1
8904 9599 1
8904 9533 1
8904 9927 1
8904 9624 2
8904 8919 1
8904 9885 3
8905 9259 4
8906 9619 8
8907 8915 1
8907 9561 1
8907 8953 1
8908 8954 5
8908 9928 1
8909 8961 3
8910 9308 1
8915 9277 1
8915 9819 1
8916 9835 1
8916 9410 1
8917 9994 1
8917 9063 1
8917 8960 1
8919 9003 2
8922 8947 2
8922 9535 1
8933 8940 3
8935 8959 1
8936 9050 1
8937 9438 8
8939 9620 6
8940 9233 1
8940 9007 4
8940 9734 1
8940 8989 11
8941 8993 1
8942 9477 35
8943 9952 1
8944 9982 1
8944 8983 1
8945 9665 1
8948 9869 1
8948 9366 1
8948 9007 1
8949 9670 1
8949 9731 1
8950 8976 3
8950 8983 28
8951 9256 1
8954 9242 14
8954 9539 1
8955 9417 1
8956 9252 1
8956 9346 1
8956 9405 5
8956 9515 1
8957 9927 1
8957 9809 2
8958 9770 2
8959 9002 1
8959 9035 1
8959 9261 9
8960 8981 3
8961 9932 1
8962 9348 1
8964 9465 1
8964 9714 1
8964 9369 3
8964 9524 3
8965 9900 1
8965 9262 1
8965 9562 10
8965 9993 1
8965 9132 1
8968 9406 1
8968 9211 1
8973 9184 4
8975 9347 1
8975 9896 1
8976 9473 2
8976 9458 1
8976 8994 1
8978 9299 2
8979 8981 4
8981 9461 2
8982 9865 1
8983 9493 1
8983 9788 1
8983 9719 1
8983 9132 2
8983 9712 1
8986 9676 18
8986 9423 2
8987 9456 2
8987 9852 2
8988 9192 5
8989 9245 1
8990 9823 3
8990 9208 1
8991 9895 3
8991 9751 2
8991 9524 18
8991 9611 1
8993 9717 1
8993 9503 1
8993 9296 2
8993 9620 1
8993 9716 15
8995 9102 1
8995 9528 1
8995 9165 1
8996 9092 3
8996 9079 1
8996 9188 1
8996 9235 1
8996 9286 1
8998 9667 1
8998 9808 3
8998 9725 3
8998 9026 3
8999 9806 1
8999 9297 1
8999 9638 4
8999 9834 2
9003 9018 5
9003 9457 8
9003 9990 1
9005 9561 2
9006 9066 1
9009 9086 3
9015 9724 1
9017 9559 2
9020 9071 1
9020 9093 6
9020 9985 1
9021 9070 32
9023 9557 1
9023 9314 1
9023 9408 1
9023 9998 1
9024 9182 30
9024 9192 1
9024 9632 1
9031 9365 2
9034 9161 1
9034 9338 2
9034 9474 5
9034 9564 10
9034 9313 1
9034 9607 1
9034 9833 1
9034 9403 1
9038 9362 10
9038 9134 1
9040 9962 1
9040 9640 1
9041 9324 1
9044 9245 1
9049 9058 1
9050 9556 1
9050 9190 6
9050 9968 3
9053 9606 1
9054 9285 9
9060 9918 1
9061 9590 1
9062 9373 5
9062 9300 1
9062 9422 1
9065 9332 1
9066 9685 1
9066 9132 4
9066 9864 1
9069 9819 5
9070 9491 1
9070 9308 6
9070 9570 1
9070 9839 1
9077 9561 4
9077 9389 1
9080 9427 1
9081 9255 1
9081 9748 2
9082 9569 1
9096 9424 1
9096 9516 1
9101 9516 1
9101 9783 1
9101 9592 1
9101 9831 1
9108 9897 1
9113 9206 1
9113 9911 1
9113 9469 3
9137 9924 1
9146 9785 4
9150 9913 1
9150 9951 1
9150 9892 1
9151 9285 1
9171 9559 1
9173 9780 4
9184 9607 1
9184 9763 1
9187 9602 1
9196 9316 1
9196 9990 2
9196 9470 1
9197 9631 1
9201 9738 1
9212 9334 5
9229 9299 1
9232 9897 2
9238 9865 1
9242 9290 2
9244 9792 1
9245 9762 7
9245 9961 1
9245 9863 1
9259 9802 1
9270 9792 1
9275 9732 19
9276 9478 1
9276 9714 5
9276 9887 6
9276 9349 1
9276 9941 1
9278 9730 1
9285 9546 1
9290 9664 1
9290 9991 1
9291 9937 1
9292 9749 1
9292 9790 1
9306 9397 1
9324 9611 1
9324 9992 1
9324 9599 5
9324 9664 1
9332 9792 1
9339 9937 1
9355 9665 1
9356 9510 6
9356 9454 2
9362 9959 1
9375 9413 1
9386 9928 4
9389 9951 4
9389 9466 1
9407 9957 5
9407 9658 1
9407 9751 1
9413 9951 1
9413 9573 5
9413 9615 1
9425 9447 2
9429 9919 1
9432 9730 1
9439 9631 7
9451 9561 2
9455 9679 1
9455 9987 2
9459 9903 3
9460 9720 1
9470 9780 2
9472 9561 1
9480 9540 7
9526 9687 1
9548 9631 1
9552 9679 1
9554 9735 1
9559 9773 4
9559 9860 1
9561 9727 9
9565 9735 1
9566 9730 1
9590 9627 7
9590 9697 15
9598 9845 1
9619 9683 1
9619 9839 1
9619 9667 1
9619 9742 3
9651 9785 3
9658 9753 1
9662 9897 2
9665 9802 1
9675 9865 2
9678 9826 28
9683 9987 1
9690 9928 10
9714 9937 1
9736 9919 1
9744 9785 1
9764 9959 1
9766 9845 1
9778 9912 1
9783 9845 1
9813 9826 1
9821 9858 1
9828 9897 20
9845 9935 2
9862 9937 1
9865 9988 1
9882 9919 1
9920 9982 1
