2 9534 1
2 9047 1
2 9801 5
2 9936 2
2 8700 1
2 9951 2
2 9965 3
2 8952 1
2 9606 1
10 9325 1
10 9201 2
10 8824 1
10 8717 1
10 8865 1
10 9129 1
10 9491 2
15 8843 1
15 8837 1
15 9673 1
15 9699 1
33 8550 1
33 8554 1
33 8817 3
33 9124 1
33 8545 1
37 9674 1
37 9458 1
37 8761 1
37 9594 1
45 9533 2
45 9901 14
46 9566 1
63 8997 1
63 9756 2
63 9563 1
64 9070 1
64 9410 1
64 8677 1
71 9548 5
71 9042 1
71 9810 3
71 9126 7
71 9604 1
71 9835 1
74 9968 2
74 8972 1
74 9929 1
74 9068 3
74 9360 147
84 9861 1
88 9252 2
88 9961 1
129 8863 1
129 9109 1
132 9917 1
132 9158 2
138 8584 2
138 9124 1
138 9578 5
138 8693 1
138 9887 1
138 9943 1
138 9085 1
138 9172 1
138 9302 1
151 8854 1
151 8832 3
151 9410 1
151 8835 1
151 9131 5
151 9303 1
159 8728 2
159 8993 3
171 9012 2
171 9169 2
181 9709 1
182 9174 1
182 9416 1
182 9809 1
182 9434 1
200 8817 1
202 8625 1
202 9561 1
202 9680 1
202 8571 7
202 9609 1
204 8569 3
204 9311 1
204 9533 6
215 8770 27
215 8820 1
215 8960 1
215 9442 1
228 8790 1
228 9618 1
228 9876 1
228 9492 2
229 9291 1
229 9393 1
229 8995 1
229 9842 2
229 8609 1
229 8904 4
234 9279 2
234 9516 1
234 8712 1
234 8778 1
234 9936 5
247 9154 1
247 9504 2
277 9810 1
277 9867 1
277 8798 1
277 8975 1
277 9170 6
277 9230 1
277 8962 4
277 9544 2
278 9104 1
278 9262 11
278 9551 1
278 8625 3
278 9999 5
278 9321 1
279 9169 1
279 9366 1
294 9515 3
294 9508 1
294 9495 2
301 8850 1
301 9468 1
301 9837 1
301 9187 2
307 8618 21
307 8970 2
307 9088 1
307 9372 1
307 9889 1
310 9391 2
310 8829 1
310 9511 2
323 9061 5
323 9616 1
323 9668 1
323 9887 1
354 9560 1
354 9877 9
354 8892 1
354 9250 1
355 8651 1
355 9200 4
375 9521 6
375 8859 1
375 9044 1
375 8629 4
390 8641 2
390 9254 3
390 9113 1
406 8674 2
406 8720 1
412 9811 1
412 8948 1
412 8716 1
412 9222 1
439 9425 1
439 8901 1
439 9726 1
439 9950 2
484 9679 6
484 8822 1
484 8786 2
491 9581 2
491 8599 1
491 9395 1
491 9714 4
515 8760 1
515 9452 3
515 9326 1
515 8637 1
515 9253 1
515 9393 1
518 9502 4
518 8755 1
518 9684 12
518 9951 1
519 8591 2
519 8601 1
519 8874 3
519 9956 1
520 8973 2
520 9575 1
520 9340 1
523 9695 2
523 9546 1
523 8959 1
523 9074 1
529 8731 1
529 8616 2
529 9076 1
529 9772 1
540 9584 1
540 9070 1
540 8812 1
543 9891 3
543 9934 3
543 9597 2
553 9015 14
553 9685 3
582 9306 1
582 8857 1
582 9012 2
582 9151 1
582 9788 1
584 9950 1
584 8676 1
589 8556 1
589 8866 1
589 9129 1
593 9293 1
599 9291 1
599 9887 1
599 8736 1
599 8869 1
599 8887 1
599 9012 1
599 9780 2
604 8765 1
604 9386 1
604 9464 1
604 9336 2
604 9881 1
608 8845 1
608 8854 5
624 8898 1
624 9779 9
624 8866 1
624 9559 1
624 9551 1
651 8558 2
670 9216 1
670 9195 1
670 9465 10
673 9991 2
673 9241 1
679 9493 1
679 8563 21
679 8651 1
689 8830 1
689 8918 1
689 9884 1
689 9248 1
689 9567 1
693 9768 1
693 9272 5
714 9429 3
724 9429 5
724 8690 1
724 9846 2
724 8968 62
724 9666 1
737 9157 9
737 9271 1
737 9853 11
743 9526 1
758 9114 2
758 8865 2
758 8731 1
758 8702 1
758 8836 35
765 8790 1
765 9313 1
765 9577 1
772 9292 17
772 9178 1
772 9469 2
772 8831 1
772 8541 1
777 8625 1
777 8622 1
777 9116 3
777 9962 1
777 9013 1
777 9018 1
777 8653 1
780 9302 1
780 8599 9
780 8823 1
780 9728 5
803 9283 3
803 9146 1
803 9102 1
803 9679 1
803 9364 4
803 9694 1
809 8913 6
814 8619 1
814 8729 25
814 9735 29
814 9830 2
819 9570 9
831 9794 3
831 9693 1
831 8720 51
858 8722 1
858 9308 2
858 8719 1
858 8887 4
858 9112 1
858 9966 2
859 9955 57
859 9996 1
873 9386 1
873 8972 2
877 8668 2
877 9418 1
877 9753 3
886 8617 1
886 9019 1
886 9288 12
900 9959 2
900 9204 1
900 9586 1
901 9263 3
901 9704 2
916 8621 1
916 8552 87
917 9095 19
918 9496 3
918 9149 1
918 9103 41
919 8582 7
919 8568 1
919 8889 1
919 8818 1
919 9148 2
919 9255 83
920 9279 3
937 9241 1
937 9010 2
954 8966 4
961 9557 2
971 9742 3
971 9030 8
976 9948 1
1001 9609 6
1001 8761 1
1001 9320 1
1001 9344 1
1001 8680 2
1001 9021 1
1002 9112 1
1002 8895 1
1012 9166 1
1012 9657 2
1012 9103 1
1031 9217 5
1031 9186 8
1031 8570 1
1031 9329 1
1042 8788 2
1042 9158 1
1042 9482 2
1070 9897 1
1070 8862 2
1072 9410 2
1072 9705 2
1072 9882 22
1072 9149 2
1084 9832 1
1084 8944 1
1095 8545 1
1095 9783 4
1095 9829 1
1098 9885 6
1098 9270 1
1098 8884 1
1098 9567 1
1098 9639 11
1098 9744 1
1098 9983 1
1107 9587 1
1107 9485 6
1125 9242 1
1125 8881 1
1125 9096 2
1125 9804 2
1128 9761 3
1128 9057 1
1128 9702 47
1132 9429 1
1132 9134 17
1140 9480 1
1140 9995 1
1140 8589 1
1147 8627 1
1147 9425 2
1147 9490 2
1147 9889 2
1147 9722 1
1155 9742 8
1155 9648 1
1155 9461 2
1155 9891 1
1155 8715 1
1155 9424 1
1155 9243 1
1176 9709 1
1176 9698 1
1204 8926 1
1204 8566 1
1204 8653 2
1204 8695 4
1204 9309 1
1204 9694 3
1204 9404 1
1217 8617 1
1217 9607 2
1217 9124 1
1217 9108 1
1217 8897 7
1234 9798 130
1234 9638 2
1234 8973 2
1237 9024 1
1237 9871 5
1237 9589 1
1238 9676 1
1238 8926 1
1238 8582 1
1238 9866 9
1267 9319 4
1267 8956 4
1267 9583 1
1289 9251 1
1289 8604 3
1289 9799 13
1294 8932 4
1294 9025 5
1294 9845 2
1294 8857 1
1294 8921 1
1299 9973 2
1299 9166 2
1306 9323 3
1306 9843 1
1306 9465 2
1306 8785 2
1306 9011 2
1306 9518 6
1313 9712 5
1313 9014 1
1313 9787 1
1320 9867 1
1320 8572 1
1320 9760 4
1320 9815 3
1320 8913 1
1320 9197 2
1336 8834 2
1336 9854 1
1341 8899 1
1341 8728 1
1341 9154 1
1348 9398 3
1348 9404 1
1348 8863 1
1365 8897 4
1365 9327 9
1373 9053 6
1373 9380 1
1410 9969 3
1410 8646 17
1410 8901 1
1410 8968 1
1410 9031 1
1412 8658 1
1428 9726 1
1428 8756 1
1428 9026 2
1431 9001 1
1431 9219 2
1431 9501 1
1442 9722 1
1464 8763 4
1464 8935 1
1464 9662 9
1464 9784 16
1471 9955 1
1471 9896 1
1479 8954 1
1480 9710 5
1480 8724 3
1480 9457 1
1483 9301 1
1503 8601 1
1503 9009 2
1503 9721 1
1517 9282 2
1517 9076 1
1521 9400 1
1532 9182 2
1532 8815 5
1532 8763 1
1532 9187 1
1532 8664 1
1532 8677 4
1554 8591 3
1554 9707 1
1554 8929 12
1554 8602 4
1554 8959 1
1554 9032 1
1554 9725 1
1554 8783 1
1554 8987 5
1554 9908 7
1558 8959 1
1558 9448 2
1561 9563 2
1561 9135 1
1561 9962 1
1561 8604 1
1561 9278 1
1561 9897 2
1564 8716 1
1564 9806 1
1564 8832 23
1564 9796 25
1564 9647 6
1564 9863 1
1568 8905 1
1568 9182 1
1568 8688 1
1572 9147 1
1572 8734 1
1572 8803 1
1572 8936 1
1572 9873 1
1579 9358 1
1579 9326 1
1579 9428 1
1580 9882 1
1580 9688 1
1581 9157 4
1595 8806 2
1595 9488 3
1605 8945 1
1605 9355 2
1617 8571 1
1617 9581 1
1617 9038 1
1617 8705 1
1621 8659 1
1621 9378 1
1621 9167 2
1641 8806 1
1641 9025 1
1641 9309 1
1664 9499 1
1664 8978 2
1664 9434 2
1664 9997 1
1664 9963 1
1664 8741 1
1664 9196 1
1667 8698 9
1667 9179 1
1667 9412 1
1667 9980 2
1682 8994 15
1682 8610 1
1690 8752 1
1690 9838 1
1692 8554 1
1692 8962 1
1698 9545 1
1699 9313 1
1699 9604 1
1699 8562 1
1699 8728 1
1704 9530 1
1704 8927 4
1704 8935 1
1704 9322 4
1704 9419 2
1704 9311 2
1704 9846 1
1704 8788 2
1741 9185 8
1741 9587 1
1741 9824 1
1746 9243 2
1746 8749 2
1746 9734 1
1746 9843 4
1746 9995 1
1746 9806 1
1749 9546 14
1749 8954 1
1750 9992 3
1750 9706 2
1750 8974 1
1750 9446 1
1750 9701 1
1774 9201 1
1774 8980 1
1774 9121 2
1797 8854 1
1797 9164 1
1797 9901 1
1797 9341 3
1808 9095 1
1808 9837 2
1808 9154 1
1808 9521 2
1808 8717 2
1808 8916 1
1808 8918 1
1808 9476 1
1810 9666 2
1810 9291 1
1810 9511 2
1817 9105 3
1830 8964 1
1830 9768 1
1839 8954 3
1839 8634 3
1839 8775 1
1839 8833 1
1839 9448 3
1864 9203 3
1864 9183 1
1864 9400 5
1869 9940 2
1869 9790 42
1869 9875 1
1870 9051 1
1873 9801 3
1873 8536 1
1878 9055 1
1888 8883 2
1888 9108 1
1888 9741 132
1901 9977 2
1901 9217 12
1902 8558 3
1902 8996 1
1902 9254 12
1902 9287 1
1908 9393 1
1908 8798 2
1908 9294 3
1914 9669 1
1914 9161 1
1914 9546 4
1917 8617 1
1917 9083 1
1920 8806 2
1920 9962 4
1931 9909 1
1931 9160 1
1947 9818 15
1947 8596 1
1947 8770 2
1947 9990 6
1953 9588 2
1965 8659 1
1965 8966 2
1965 8973 1
1974 9433 1
1974 8628 1
1974 9680 3
1974 9896 1
2024 8749 1
2024 9185 1
2024 9059 8
2024 9162 1
2030 8662 3
2030 9279 1
2037 8882 1
2060 9896 1
2060 8922 1
2060 9373 2
2060 9659 1
2061 9278 5
2061 8636 1
2061 9793 1
2076 9278 2
2076 8818 1
2076 8853 1
2076 9747 1
2081 8935 1
2095 8892 1
2095 9703 1
2095 9720 1
2095 9527 1
2095 8550 1
2095 8859 1
2095 9681 34
2098 9525 7
2098 8889 8
2098 9268 1
2098 9466 1
2098 9771 2
2110 9960 1
2110 9553 1
2110 9969 5
2151 8690 1
2151 8854 1
2165 9239 2
2165 9250 5
2165 8857 1
2165 9367 71
2166 8569 8
2166 8921 5
2166 9182 200
2166 9333 2
2166 9385 1
2166 9117 5
2170 9441 1
2170 9543 1
2170 9356 1
2170 9560 2
2187 9618 2
2187 9044 1
2191 9303 1
2191 9692 4
2191 8839 3
2192 8571 12
2192 8936 2
2192 9098 1
2192 8567 1
2200 9031 1
2200 9088 2
2200 9724 1
2200 8541 1
2200 9016 3
2200 9693 1
2200 9819 2
2207 9824 2
2234 9059 1
2234 9570 1
2234 9907 1
2263 9718 1
2263 9258 1
2263 8561 7
2263 9857 1
2277 9911 1
2277 9277 1
2277 8836 4
2277 9668 1
2277 9458 1
2277 9650 1
2277 8662 1
2287 9668 1
2287 9701 2
2290 8744 1
2290 8710 5
2314 9960 1
2332 8728 1
2332 9464 1
2332 9980 8
2332 9168 1
2332 9406 1
2332 8621 1
2332 9506 5
2333 8832 1
2333 8674 1
2333 9583 1
2339 8636 1
2339 8566 1
2379 8835 10
2379 9085 3
2399 9527 1
2399 9203 3
2399 9937 2
2418 9426 2
2423 8578 1
2423 8590 1
2423 9598 1
2423 9713 2
2423 9313 4
2423 9770 2
2431 9521 3
2431 9250 2
2431 9453 3
2446 8659 1
2446 9705 1
2446 9425 2
2450 8649 1
2450 8785 10
2450 9712 1
2450 9742 4
2488 9094 1
2488 9643 2
2488 8742 48
2488 9375 11
2504 8912 1
2504 9829 1
2504 9438 8
2504 8596 1
2504 9971 1
2509 9448 3
2509 9338 1
2509 9391 2
2509 9709 1
2510 9121 1
2510 9799 1
2510 8854 5
2510 9447 1
2510 9575 5
2510 9042 1
2515 8599 3
2515 9660 3
2523 9936 13
2523 8879 1
2523 9561 64
2535 8804 180
2535 9401 1
2535 9890 1
2536 9863 1
2536 9436 1
2544 9577 1
2544 8540 2
2544 9070 1
2549 9442 7
2549 9824 2
2549 8898 1
2569 9801 1
2569 8731 1
2569 9375 3
2569 9839 1
2569 9055 1
2569 9604 1
2570 9272 2
2570 9570 2
2570 8828 3
2570 8796 1
2570 8988 1
2570 9102 1
2570 9158 1
2570 9601 1
2573 8677 1
2573 9161 1
2573 9188 11
2573 9087 3
2582 9149 2
2582 9530 2
2582 9858 1
2599 9489 1
2599 8866 3
2599 9306 1
2606 8671 1
2606 9009 1
2606 8722 6
2606 9865 1
2623 8765 1
2623 9333 2
2634 9781 1
2634 9311 4
2634 9720 2
2634 8825 4
2634 8933 2
2637 9331 1
2637 9522 2
2637 9767 2
2637 9073 1
2637 9167 12
2637 9818 1
2637 9648 1
2647 9770 1
2647 9056 2
2647 9301 1
2654 9553 2
2656 9414 1
2656 9679 1
2656 9777 2
2656 9963 1
2660 9744 1
2660 9935 1
2660 9818 3
2660 9144 1
2660 9730 2
2660 9424 1
2680 8567 1
2680 9156 1
2680 9548 1
2680 9839 1
2683 9704 200
2683 9220 1
2683 9956 7
2683 9974 1
2684 8808 1
2684 8564 1
2691 9721 1
2691 8882 2
2695 8988 1
2695 9414 1
2695 9131 2
2695 9154 1
2695 9585 1
2718 9317 1
2718 8887 1
2718 9525 1
2718 8883 1
2718 9302 1
2743 9657 7
2743 9040 2
2743 9366 1
2743 9404 1
2743 9588 2
2743 8773 1
2743 9654 1
2745 8968 7
2745 9560 1
2745 9053 1
2745 9857 1
2745 8548 1
2745 8790 1
2745 9040 1
2745 9891 9
2774 9499 2
2774 8622 2
2774 9410 1
2803 9215 1
2803 9876 1
2803 9444 25
2803 8542 1
2803 9663 1
2809 9848 1
2809 8562 1
2814 8703 2
2814 9197 1
2814 9388 2
2814 8552 2
2814 8898 2
2814 9123 10
2814 9072 1
2814 8666 5
2826 8831 3
2826 9667 1
2826 9281 2
2826 9669 1
2854 9287 1
2854 9596 1
2863 9783 1
2863 8726 1
2863 9912 2
2863 9133 6
2883 9012 1
2883 9524 3
2883 9908 8
2883 8690 1
2897 8883 1
2897 8983 9
2897 9293 1
2897 9713 1
2912 9752 1
2912 9848 2
2912 9401 1
2912 8609 2
2912 9273 6
2912 9961 1
2912 8975 1
2940 8593 2
2940 9791 1
2945 9344 37
2945 9466 1
2945 9674 8
2945 8897 87
2948 9307 1
2948 9578 2
2948 9606 2
2948 9082 1
2965 9315 1
2965 9607 4
2965 9765 1
2965 9773 1
2965 9833 6
2972 9001 1
2972 8686 2
2972 9668 6
2972 9706 1
2972 8579 7
2976 8752 1
2999 8839 1
2999 9963 1
3004 9323 2
3004 8658 1
3004 8720 1
3004 9185 10
3015 8812 1
3015 8860 1
3028 9078 1
3028 9759 2
3028 8790 1
3028 9789 1
3028 9158 200
3028 9879 1
3032 9329 2
3041 9645 9
3041 9660 1
3041 9224 1
3041 9413 1
3076 9511 1
3076 9406 3
3088 9961 35
3093 9468 1
3093 8582 1
3100 8993 1
3108 9098 1
3108 9528 200
3108 9356 5
3108 9469 1
3115 9400 2
3126 9695 5
3126 9698 1
3126 8702 7
3126 9088 1
3126 9321 1
3126 9786 1
3139 9419 1
3139 8839 3
3139 9282 2
3154 8582 1
3154 8916 2
3154 9974 1
3178 9537 4
3178 9747 5
3178 8646 2
3190 9067 1
3190 9620 1
3190 9216 1
3196 9151 1
3196 8673 3
3196 9846 11
3198 8978 4
3198 9199 2
3199 9342 6
3199 8559 1
3199 9223 4
3199 9559 2
3199 9900 4
3199 8744 6
3216 9621 1
3216 8596 7
3216 8581 11
3216 8705 2
3254 9833 3
3254 8790 2
3278 8729 1
3278 9254 1
3278 9771 1
3278 8687 2
3278 9441 10
3278 8776 1
3278 9286 1
3278 9461 200
3292 9288 2
3292 9592 1
3292 8569 1
3292 9982 1
3299 9181 1
3299 8591 1
3299 9638 18
3304 8536 1
3304 9901 1
3308 8889 1
3308 9146 2
3333 9643 1
3333 8680 2
3333 8662 1
3333 9488 6
3333 8888 2
3333 8546 1
3333 8708 1
3333 8689 1
3333 9045 1
3338 8562 1
3338 8987 1
3362 8560 2
3362 9016 1
3362 9647 4
3362 9365 1
3388 8905 1
3388 9240 1
3388 8968 1
3388 8925 1
3388 9277 2
3388 9489 2
3388 9838 1
3388 9008 1
3388 9569 1
3433 8888 1
3433 8682 3
3433 8803 1
3433 8899 1
3433 9537 1
3433 9557 2
3456 8991 1
3456 9025 2
3456 9947 3
3456 9014 8
3456 9331 1
3456 8731 2
3456 8885 6
3456 9809 1
3511 8545 1
3511 9780 29
3511 9239 1
3513 9506 1
3513 9939 1
3513 9233 2
3513 9862 1
3513 8974 2
3524 8719 2
3524 8744 2
3524 9496 1
3524 9838 1
3529 9832 1
3529 9304 2
3529 8837 1
3529 8588 1
3547 9628 1
3547 9598 2
3553 9094 1
3553 8719 1
3578 8686 1
3578 8783 1
3578 9001 3
3582 9557 1
3582 9633 2
3582 9640 1
3585 8585 1
3585 8837 4
3594 7757 1
3594 9735 1
3602 8738 2
3602 8824 5
3602 8560 1
3602 9651 1
3602 9772 1
3616 8920 1
3616 9830 12
3616 9912 2
3616 9375 2
3616 9179 1
3623 9045 2
3623 9530 1
3623 8573 2
3623 9563 1
3623 8676 6
3623 9525 1
3623 9949 1
3636 9419 3
3636 9616 1
3636 9811 3
3636 9958 1
3636 9566 9
3646 9744 1
3646 9536 2
3646 9580 3
3646 9848 3
3650 8912 2
3650 9275 1
3650 9822 1
3650 8923 1
3650 8924 2
3650 9398 1
3656 9481 1
3656 8593 2
3656 8705 2
3656 8997 18
3666 9098 2
3666 8815 2
3666 9112 2
3666 9822 1
3666 9869 2
3666 9969 1
3666 8641 1
3669 9414 2
3669 9676 3
3669 9659 2
3669 9274 1
3676 8704 1
3676 9211 10
3676 8554 5
3676 9385 116
3676 9443 1
3680 8654 1
3680 9179 1
3680 9102 67
3687 8594 1
3702 8823 1
3723 8719 31
3723 9144 6
3723 9978 2
3731 8625 7
3731 9174 3
3731 9370 1
3731 9438 2
3731 9099 15
3742 9220 1
3742 8999 5
3742 9042 1
3742 9320 5
3742 9400 3
3742 9958 200
3769 9018 2
3769 9860 1
3769 9068 1
3769 9218 3
3806 9924 1
3806 8775 1
3806 9228 3
3806 9523 2
3826 9328 1
3826 9002 2
3826 8552 1
3844 9771 1
3844 9043 4
3844 9283 3
3844 9789 1
3848 9728 1
3862 8717 1
3862 9049 1
3865 8746 10
3865 8936 1
3865 9273 1
3866 8618 2
3866 9252 2
3866 9550 1
3868 9174 1
3868 9360 2
3868 8689 1
3868 9181 1
3868 9206 1
3875 9196 1
3875 9242 1
3875 9714 1
3875 9193 3
3893 9607 2
3893 8884 2
3893 8860 2
3893 9237 1
3893 8808 2
3893 8967 1
3893 8664 1
3900 8788 1
3900 8698 1
3900 9905 1
3906 9685 1
3906 9528 1
3906 9932 1
3911 9237 2
3911 9192 2
3911 9355 1
3911 9044 1
3911 9445 1
3911 9863 1
3911 9357 12
3911 9662 1
3911 9765 5
3952 8615 6
3952 9013 1
3952 9572 1
3952 9815 1
3952 9902 2
3952 8755 1
3952 9170 1
3966 8601 1
3966 9399 2
3971 8693 1
3971 8926 4
3971 9241 3
3971 9013 2
3971 9025 1
3971 8704 3
3971 9136 7
3971 9348 1
3971 9575 1
3977 8771 1
3977 9888 1
3977 9997 1
3977 9342 2
3977 9849 2
3980 9524 1
3980 9022 1
3980 8749 5
3989 9491 2
3990 9021 1
3990 9271 1
3990 9395 3
3990 9922 1
3990 9609 1
3990 9782 3
3994 8548 3
3994 8686 2
3994 9165 1
3994 9832 1
3998 9395 1
3998 8925 1
3998 9338 106
3998 9605 1
4001 8590 7
4001 9915 2
4001 9939 1
4021 9978 69
4021 9035 44
4024 9505 1
4024 9105 1
4024 9082 1
4040 9712 3
4040 9088 1
4040 9917 11
4040 9499 1
4040 9904 2
4045 8905 1
4045 8568 2
4045 9429 1
4054 8982 4
4055 9843 1
4055 9116 1
4055 9615 2
4056 8820 14
4056 8763 5
4056 9711 2
4059 9033 8
4059 9104 1
4059 9314 1
4059 9921 1
4059 9263 1
4060 8562 1
4060 9811 1
4062 9663 1
4062 9143 1
4062 9968 2
4062 9269 3
4064 9885 2
4064 8654 1
4067 9496 5
4067 9694 1
4067 8991 1
4067 8547 6
4067 9015 1
4067 9442 16
4067 9072 2
4067 9570 3
4067 9932 60
4082 8738 4
4082 8849 1
4082 9773 2
4095 9293 2
4095 8837 1
4095 8975 1
4095 9013 5
4098 8627 2
4098 9098 1
4098 9419 1
4098 9958 1
4098 9804 8
4098 9323 2
4098 9367 4
4098 9083 1
4098 9798 1
4100 9197 1
4116 9556 7
4116 9904 1
4116 9365 6
4130 8536 12
4130 9876 2
4155 9195 3
4155 8867 1
4155 9935 1
4165 9682 1
4165 9196 1
4165 9125 8
4165 9992 1
4212 9311 1
4212 8590 1
4212 8918 1
4212 9712 1
4215 9047 1
4215 9301 1
4215 9816 1
4219 9511 1
4219 9633 1
4219 9934 1
4221 9611 1
4221 9182 3
4221 9188 1
4231 8815 1
4231 9479 1
4231 9717 2
4231 9815 1
4238 8724 4
4238 9308 1
4238 9418 5
4238 9218 2
4241 9922 1
4241 9731 1
4241 8804 1
4262 9770 1
4262 9760 1
4262 9903 3
4262 9863 3
4262 9885 20
4265 8724 1
4265 9426 2
4265 8661 1
4272 9291 2
4272 8822 1
4272 9288 1
4272 9808 5
4272 8987 1
4272 9760 4
4272 8716 1
4272 9640 1
4272 9087 2
4278 9265 12
4278 8818 2
4278 8988 1
4278 9305 1
4291 8985 1
4291 8540 1
4291 9847 1
4300 8658 1
4300 9434 1
4300 9887 6
4300 8953 1
4300 9914 1
4311 9575 1
4311 8599 2
4311 8627 2
4311 8985 1
4311 9028 1
4311 9186 13
4313 9038 1
4313 9498 1
4313 8741 2
4313 9953 2
4313 8823 1
4313 9425 1
4313 9645 1
4333 9819 1
4333 9407 3
4333 8636 13
4333 9112 22
4333 9119 4
4333 9922 3
4352 9222 3
4352 9441 1
4356 9215 1
4356 9854 1
4356 8601 1
4356 8851 5
4356 9323 15
4361 9148 3
4361 9918 1
4361 9794 4
4361 9947 1
4365 9657 1
4365 9759 9
4365 9942 1
4365 8904 1
4365 9790 2
4366 9845 1
4366 9508 1
4369 9457 7
4369 9370 1
4369 9633 1
4369 9969 1
4369 8793 1
4389 9294 1
4389 9501 2
4389 8602 1
4389 9522 1
4391 9247 4
4391 9770 1
4391 9505 3
4391 9192 1
4391 9786 3
4395 9271 1
4397 9102 1
4397 9535 1
4397 8615 1
4397 9999 6
4409 9710 2
4409 8592 1
4409 8671 1
4409 9435 1
4471 9013 1
4471 9783 2
4471 9234 1
4471 9374 1
4477 9109 1
4477 9809 3
4477 9813 1
4477 9965 1
4477 8985 1
4477 9033 2
4493 9901 1
4493 9484 2
4495 9481 3
4495 8791 2
4495 8994 7
4501 8688 3
4501 9653 1
4501 8828 2
4501 9938 1
4501 9008 1
4507 8593 14
4513 9816 1
4513 9695 1
4513 9985 1
4515 8867 1
4515 9281 1
4515 9260 6
4525 9374 1
4525 9869 2
4525 9787 1
4531 9206 1
4531 9648 1
4531 9430 1
4535 8606 2
4535 9248 2
4550 9291 2
4550 8637 3
4566 9080 1
4574 9398 1
4574 9158 1
4574 8755 1
4574 8778 1
4574 8935 2
4574 9452 1
4577 9528 2
4577 9129 1
4577 8699 3
4577 8899 1
4577 9196 2
4588 8852 15
4588 9425 1
4588 9507 1
4588 9107 1
4588 8702 1
4592 8806 1
4592 9680 2
4592 9978 1
4592 9095 5
4593 8793 1
4593 8708 15
4593 9650 2
4593 9710 3
4624 9732 1
4624 8778 1
4624 8647 2
4624 8681 1
4624 9092 4
4640 8843 1
4646 9203 4
4646 9239 1
4646 9293 1
4646 8823 1
4646 9950 1
4646 8539 1
4659 9606 14
4659 8709 3
4659 9192 1
4659 9898 1
4659 9144 1
4664 9575 2
4664 8975 5
4664 8729 4
4664 8884 1
4664 9052 1
4664 9551 1
4664 8628 1
4674 8682 35
4674 9366 1
4674 9552 5
4674 9816 3
4674 9953 1
4695 9162 2
4695 9742 1
4715 8581 1
4715 9413 1
4715 8658 1
4716 9937 1
4716 8850 1
4716 9779 1
4716 8912 46
4724 9829 7
4724 9682 2
4724 9710 1
4724 9904 4
4724 8916 11
4761 9130 1
4761 8813 6
4761 9157 1
4761 9416 2
4761 9490 4
4761 9551 2
4761 9445 1
4761 9813 1
4770 9479 1
4770 9782 1
4775 8982 2
4775 8980 2
4775 9905 1
4775 8780 1
4775 9877 2
4807 8818 6
4807 9865 1
4807 9234 1
4807 9289 2
4807 9094 3
4807 9164 1
4807 9673 2
4808 8581 1
4808 8934 1
4808 8974 2
4808 9469 1
4808 9753 2
4808 8833 1
4808 8799 2
4808 8746 1
4808 9081 2
4808 9731 1
4808 9808 1
4815 8952 1
4816 9399 1
4816 9211 2
4816 9752 3
4816 8765 1
4826 8993 1
4826 9413 1
4826 8839 1
4826 8538 1
4826 8729 1
4826 9047 1
4826 9423 1
4847 9076 1
4891 9056 1
4891 9052 2
4897 8546 1
4897 9147 2
4897 9311 1
4897 9488 3
4897 9398 1
4897 9509 24
4897 8622 16
4897 9057 1
4915 9482 1
4915 9810 1
4935 9193 1
4935 9463 1
4935 9935 34
4935 9016 1
4935 9768 1
4935 8890 1
4983 9592 1
4983 9881 1
4983 9936 1
4983 9483 9
4983 9317 1
4983 9516 6
5001 8793 5
5001 9059 1
5003 8773 2
5003 9528 1
5003 9280 68
5003 9509 1
5003 9573 1
5019 9735 1
5022 8720 1
5022 9222 4
5022 8944 1
5022 9045 1
5031 8687 1
5031 9784 1
5031 8698 1
5031 9123 1
5049 8581 1
5049 9083 2
5049 8572 1
5049 8812 1
5057 9461 1
5057 9147 2
5057 9038 1
5061 9426 1
5061 9843 1
5091 8878 1
5095 8831 5
5095 8693 1
5095 8993 2
5098 9479 2
5098 9178 1
5102 9731 1
5102 9419 2
5122 9509 2
5133 8895 1
5133 9435 5
5133 8783 33
5134 9890 12
5134 9148 1
5134 9450 1
5163 9233 4
5163 9536 1
5163 9588 1
5190 9626 1
5190 9622 1
5190 8951 1
5190 9530 10
5192 9407 2
5211 8845 1
5211 9548 2
5211 8855 1
5211 8922 1
5211 9763 1
5217 9968 8
5217 9654 3
5217 9952 1
5220 9053 2
5220 9267 1
5220 9455 1
5243 8956 1
5243 9869 1
5243 8585 3
5243 9002 1
5243 9113 1
5243 9432 1
5243 9745 2
5245 9835 1
5258 9553 153
5258 8736 3
5258 8813 2
5258 9370 2
5258 9868 2
5275 8799 1
5275 8820 1
5275 9322 1
5275 9088 1
5275 9405 1
5288 9233 3
5288 9241 1
5288 9303 1
5288 9652 1
5296 9973 1
5296 9089 2
5296 9618 1
5305 9056 5
5305 8704 1
5305 9455 10
5305 8689 1
5305 9732 1
5305 9422 3
5308 9594 4
5308 9948 2
5308 9373 14
5308 8550 1
5308 9932 2
5308 9286 1
5308 9839 1
5308 8726 1
5308 9022 1
5308 9156 1
5314 9949 1
5314 9709 8
5314 9598 2
5314 9168 6
5315 9911 1
5315 9192 2
5316 8830 1
5316 9952 5
5316 8948 1
5316 8629 2
5329 8983 3
5329 8885 1
5329 9305 1
5329 9525 2
5329 9163 3
5329 9842 2
5343 9399 1
5343 9997 2
5345 9345 1
5361 9026 1
5361 9204 2
5369 8782 5
5369 9056 7
5369 9098 2
5369 9460 2
5371 9540 1
5371 9628 1
5371 9703 1
5373 9980 1
5373 9740 1
5373 8732 3
5373 8808 27
5373 9877 2
5394 8588 1
5394 8615 1
5396 9200 2
5396 8721 3
5396 9564 7
5406 9720 1
5406 9882 1
5406 9247 3
5411 8619 1
5411 8586 2
5411 8703 1
5411 9053 1
5411 9032 1
5411 9328 1
5419 8951 2
5419 8715 1
5464 9555 1
5464 9015 2
5464 8973 1
5464 8566 1
5464 8667 1
5465 9968 3
5465 8850 4
5465 9955 2
5465 9033 4
5488 9165 1
5488 9686 1
5488 9695 37
5495 9689 1
5503 9256 13
5503 8798 1
5503 9255 3
5503 9311 16
5533 9232 1
5533 9583 1
5533 9109 1
5533 8627 6
5533 9190 1
5534 9966 1
5534 9436 1
5544 9030 1
5544 9875 1
5549 8988 5
5549 9940 1
5549 9223 30
5555 9544 1
5555 8616 1
5566 8866 1
5566 9911 1
5566 8758 4
5566 9435 1
5582 9639 5
5582 8538 1
5582 9314 1
5587 9154 2
5587 9313 1
5587 9898 1
5592 8693 1
5593 9952 1
5593 9053 1
5593 9567 3
5593 8670 1
5593 8853 1
5593 9796 6
5593 8909 1
5598 9773 27
5598 9806 1
5598 9022 2
5598 8923 1
5598 9545 1
5598 9953 1
5605 9165 2
5605 9490 1
5605 9838 42
5605 9896 3
5605 9199 1
5631 9515 1
5631 8558 1
5645 9971 1
5645 9919 1
5645 8759 1
5645 9248 1
5645 9502 1
5646 9432 2
5646 8699 1
5646 9584 1
5652 8823 1
5652 8825 1
5652 9271 1
5652 8855 2
5670 9007 4
5670 9199 1
5670 9495 1
5670 9756 24
5670 9867 1
5670 9744 2
5670 8929 2
5678 9650 6
5678 9950 1
5678 9535 2
5678 9548 1
5681 9468 1
5681 8659 3
5681 8667 6
5681 9545 1
5681 9228 1
5681 9107 1
5681 9176 1
5714 8905 27
5714 9830 1
5719 9716 1
5719 9888 177
5719 9732 4
5719 8699 1
5719 8814 1
5719 9507 5
5726 9383 1
5726 8796 1
5735 9428 1
5735 8997 1
5743 9141 1
5758 8737 1
5758 8863 1
5758 9341 2
5758 9647 6
5758 9916 1
5758 8724 1
5769 9452 4
5769 9875 2
5775 8935 53
5775 8682 1
5775 9198 1
5775 8890 2
5775 8909 1
5784 9292 1
5784 8995 1
5784 9135 6
5784 8726 1
5784 8824 1
5784 9983 1
5784 9035 1
5784 9677 1
5813 9174 1
5822 9188 1
5822 9317 3
5822 9104 1
5828 8812 2
5828 8646 2
5828 9677 26
5836 8681 4
5836 9019 1
5836 9082 1
5836 9247 1
5836 9463 2
5836 8832 11
5837 9248 2
5837 8934 3
5837 9294 1
5837 8547 1
5837 9742 1
5837 9526 2
5845 9374 1
5845 9586 1
5846 9002 4
5846 8978 1
5846 9228 1
5846 9255 1
5846 9186 3
5846 9841 1
5846 8675 28
5846 8585 124
5859 9912 1
5859 8686 1
5859 8906 2
5867 9002 1
5867 9527 1
5867 8785 1
5867 9808 1
5867 8771 44
5897 9461 1
5951 9982 3
5951 8964 2
5951 9701 6
5951 9573 1
5951 9955 1
5955 8874 2
5961 9348 3
5974 9268 2
5974 8680 2
5974 9292 2
5974 9942 2
5981 8999 1
5981 8553 1
5983 8569 1
5983 9184 2
5983 9643 4
5983 9230 1
5983 9593 2
5987 8670 54
5987 9593 3
5987 8592 1
5987 8782 1
5987 9228 1
5987 9782 1
5987 8572 6
6005 8656 1
6005 9105 1
6005 8831 3
6005 9326 1
6016 9516 1
6016 9607 2
6020 8677 1
6020 9358 1
6020 9878 1
6032 8656 4
6032 8904 1
6032 8982 1
6032 9899 1
6032 9991 2
6032 9970 2
6064 9630 8
6064 9555 1
6064 9699 1
6087 9606 1
6087 9078 1
6087 9482 1
6087 8820 1
6087 9285 16
6087 9867 2
6089 9955 3
6089 9345 1
6089 9269 35
6089 8845 1
6089 9687 2
6101 8834 1
6101 9553 1
6101 9217 1
6101 9495 4
6112 9316 1
6112 9072 2
6117 8932 1
6117 9231 4
6118 9341 1
6118 8737 3
6118 9024 1
6118 9622 9
6120 9929 1
6120 9909 28
6121 8817 1
6121 9172 3
6121 9192 1
6131 8649 2
6131 9888 1
6148 9699 1
6148 9524 1
6148 9617 1
6149 8832 8
6149 9412 1
6149 9028 1
6149 9418 1
6149 9455 3
6149 9087 1
6149 8945 1
6170 9217 1
6170 8834 1
6170 9480 5
6180 9104 1
6180 9013 3
6180 9253 1
6180 8799 2
6180 9383 4
6182 9045 121
6182 9350 1
6201 8878 1
6201 9426 200
6208 8687 1
6208 9589 1
6208 8589 2
6208 9628 1
6208 9662 8
6228 9894 1
6228 9126 2
6238 8906 1
6238 9734 2
6240 8837 1
6240 9560 19
6240 9720 1
6240 9130 1
6241 8836 3
6241 9123 1
6241 9835 1
6241 9945 4
6241 8622 1
6241 8859 13
6241 9203 6
6244 9694 2
6244 9956 1
6244 8641 3
6244 8675 1
6244 8729 12
6244 9948 1
6246 9677 2
6246 8960 1
6256 9583 1
6256 8956 1
6256 9447 5
6272 8922 1
6272 8845 1
6272 8630 1
6272 9318 1
6272 9759 17
6272 9381 1
6285 9922 1
6294 9196 1
6318 9579 4
6318 9555 1
6332 8636 1
6345 9241 2
6345 9153 1
6345 9686 1
6358 9410 6
6358 9141 2
6387 9372 2
6387 9618 1
6387 9252 1
6387 9647 1
6418 9255 1
6418 9085 1
6418 9331 1
6418 9740 34
6424 9069 2
6441 8695 2
6441 8844 1
6441 9489 1
6451 9499 1
6451 8656 1
6451 8786 1
6451 9214 1
6469 9863 4
6469 9935 1
6473 8959 3
6478 8972 1
6483 9786 2
6483 8892 1
6483 9325 8
6488 9021 1
6488 9621 1
6499 9026 1
6499 9567 1
6507 8658 4
6507 9338 1
6507 9607 1
6507 9040 5
6512 8742 1
6512 9787 1
6530 9364 1
6530 9442 1
6534 8889 2
6543 8964 2
6543 9980 3
6543 9542 1
6543 9793 6
6543 9380 1
6545 9483 2
6545 8556 1
6561 9129 1
6561 9558 4
6579 8956 2
6579 9554 1
6579 9917 1
6589 9033 1
6589 9584 1
6589 8893 2
6589 9615 6
6589 9783 2
6589 9130 1
6595 9263 5
6595 9243 1
6595 9819 1
6595 8785 1
6611 8732 1
6611 9578 3
6611 9345 1
6611 9880 1
6649 9432 1
6660 8945 2
6660 9345 2
6660 9757 4
6660 8849 2
6660 9007 1
6660 9184 5
6689 9315 17
6689 8734 2
6689 9976 2
6689 9746 4
6689 9919 1
6689 8703 2
6689 9657 2
6691 8758 1
6691 8726 1
6691 9949 1
6700 9260 1
6709 8988 1
6709 8851 9
6709 9433 2
6709 9350 1
6709 9395 17
6709 8884 1
6709 8948 1
6722 9323 1
6722 9550 2
6722 8717 1
6726 9772 1
6740 9763 1
6740 9371 1
6748 9811 5
6748 8879 12
6748 8765 2
6748 8867 1
6748 9717 40
6748 9791 2
6766 9651 1
6766 9267 2
6769 8943 1
6769 9304 2
6769 9540 1
6774 9839 1
6774 8890 4
6774 8920 1
6774 9277 26
6774 9702 1
6774 8927 1
6774 9860 1
6779 9335 1
6779 9535 1
6779 8933 1
6779 9164 38
6779 9626 1
6780 8654 1
6780 9716 4
6780 9383 1
6780 9112 3
6795 9973 4
6795 8786 1
6795 9164 7
6795 9962 2
6795 9971 1
6795 9996 2
6798 9681 1
6798 9231 1
6798 9829 1
6819 9827 3
6819 9357 1
6819 9971 1
6821 8704 1
6821 8691 11
6821 8656 1
6821 8980 1
6821 9722 1
6833 9197 1
6833 8619 2
6833 9151 1
6864 9424 1
6865 9387 1
6865 9372 1
6865 9601 1
6866 8712 1
6866 9360 3
6866 9325 2
6866 9936 1
6866 9157 1
6877 9932 1
6877 9596 8
6877 9972 3
6877 9074 1
6877 8670 1
6877 9322 1
6877 9620 1
6879 8936 1
6879 9899 1
6879 9721 3
6879 9572 7
6879 9496 2
6879 9773 1
6879 9527 1
6889 9598 1
6889 8822 4
6889 8970 1
6889 9911 1
6901 9909 1
6901 9422 20
6901 9535 11
6901 9475 1
6901 8819 1
6901 9051 1
6914 8921 7
6914 9279 1
6914 9233 1
6914 9104 2
6914 9262 1
6914 9270 7
6916 9434 1
6916 8830 1
6916 9265 1
6916 9321 1
6916 9973 2
6922 9083 2
6922 8709 3
6922 9240 1
6922 9460 1
6922 9183 1
6922 9596 1
6922 8736 1
6922 9837 1
6926 8746 1
6926 8822 1
6926 9584 1
6926 9386 14
6926 9588 1
6926 9102 1
6926 9704 1
6926 8813 2
6926 8973 2
6930 9866 1
6930 9098 95
6930 8997 1
6930 8722 1
6930 9165 2
6930 9873 1
6940 9335 1
6945 8638 1
6945 9901 1
6945 9169 1
6945 9621 3
6957 8681 1
6957 8606 2
6957 8659 1
6957 8806 1
6957 9265 1
6957 9732 1
6960 9760 1
6960 9062 1
6960 9707 1
6960 8968 1
6963 8536 1
6963 9014 1
6968 8890 3
6968 9068 6
6968 9378 7
6968 9515 1
6968 9472 1
6969 9526 2
6969 8905 2
6971 8657 1
6971 8878 1
6971 9480 1
6981 9683 2
6981 9447 2
6981 9007 1
6984 9072 1
6984 9218 1
6984 8592 1
6984 9505 1
6984 9327 1
6992 8881 4
6992 9163 1
6992 8625 2
6996 9948 1
6996 8770 1
6996 9789 1
6996 9794 1
7011 8756 1
7011 9141 3
7011 8999 1
7011 9666 3
7014 9070 1
7014 9827 2
7021 9891 2
7028 9890 9
7028 9045 1
7028 9561 1
7028 9918 2
7028 9629 1
7028 9630 78
7028 9761 1
7028 9434 1
7028 9673 2
7028 8759 1
7028 9062 70
7028 9884 21
7039 8780 1
7039 9406 3
7039 9143 1
7080 8824 1
7080 9135 1
7080 9262 1
7087 9103 3
7087 8616 1
7087 9978 1
7087 9421 1
7087 9788 2
7087 8682 1
7087 9638 1
7087 8979 1
7087 9456 1
7095 8982 6
7095 8852 1
7095 9970 1
7095 9597 117
7095 9501 3
7095 9562 2
7104 8602 1
7111 9042 1
7111 9475 3
7111 9878 1
7111 8738 6
7111 9242 1
7111 9441 1
7111 9556 192
7135 9114 5
7135 9611 2
7136 8967 2
7136 9452 54
7136 9018 1
7136 9475 5
7137 9248 5
7137 9541 1
7144 9640 1
7144 8980 1
7144 9345 2
7144 8741 1
7144 8993 1
7144 8567 3
7144 9271 1
7144 9618 1
7144 9929 1
7148 8862 2
7148 9157 2
7160 8780 4
7160 8552 1
7160 9475 7
7160 9230 3
7160 8722 3
7160 9146 83
7160 9553 1
7160 9048 1
7160 9388 7
7160 9505 1
7163 9911 1
7163 9416 1
7173 9693 2
7173 8578 1
7176 8562 1
7176 9015 1
7176 9798 2
7208 8589 2
7208 9620 6
7208 9767 2
7216 9441 2
7216 9684 2
7216 9676 1
7216 9028 3
7216 9717 1
7216 9726 1
7216 9822 3
7216 9940 1
7240 9407 1
7240 8709 3
7240 9253 2
7240 9289 2
7240 9898 97
7240 9364 5
7240 9304 1
7241 9008 2
7241 8897 13
7241 9456 3
7241 8930 11
7241 9031 1
7242 9277 1
7242 9726 2
7242 8817 1
7242 9381 1
7242 9134 2
7242 8591 4
7242 8617 2
7242 9318 1
7253 9117 4
7253 8912 1
7278 9242 4
7278 9894 4
7311 9653 4
7311 9683 23
7311 9626 1
7338 9785 1
7355 9176 1
7355 8901 1
7355 9371 2
7355 9393 1
7355 9785 1
7355 9918 3
7361 9364 2
7361 8800 5
7361 9572 1
7361 9781 1
7380 8968 1
7380 9046 1
7380 9061 3
7390 9556 1
7390 9544 1
7417 9083 1
7437 9799 6
7437 8885 1
7437 9292 5
7437 8833 22
7437 8781 1
7437 9651 1
7444 9381 3
7444 9712 2
7444 8569 1
7445 9854 1
7445 8551 1
7445 9386 1
7445 9885 1
7449 8626 2
7449 9038 1
7449 8712 1
7449 8584 1
7449 8946 1
7458 9617 1
7471 8581 1
7471 9789 4
7478 9570 2
7478 9545 1
7478 9989 1
7487 9781 3
7490 9548 146
7490 8673 2
7490 8581 13
7505 8720 1
7505 8781 1
7505 9240 2
7505 9651 2
7515 9935 12
7515 8867 2
7515 9791 1
7515 8567 1
7515 9219 1
7515 9489 1
7515 9587 1
7515 9741 1
7515 8649 9
7525 8687 1
7525 8883 8
7525 9433 2
7525 8593 2
7525 9308 1
7532 9315 3
7534 9062 2
7534 9684 2
7534 9790 1
7534 9868 1
7538 8560 7
7538 9434 1
7556 9904 1
7556 9099 8
7556 9328 1
7556 9572 1
7556 8553 1
7556 9081 1
7556 9718 1
7565 9481 1
7570 8551 1
7570 8922 1
7570 9663 1
7577 9822 1
7577 9949 1
7577 8830 1
7577 9453 2
7577 9251 2
7581 9435 1
7593 9573 1
7593 8996 2
7593 9024 4
7593 8630 2
7593 9905 1
7593 8641 2
7593 8865 1
7593 9315 1
7593 9490 1
7593 9592 1
7602 9146 2
7602 8978 1
7602 9450 3
7613 9464 1
7613 9688 1
7617 9324 1
7617 9319 1
7617 9660 1
7645 8596 1
7645 8962 8
7653 9143 1
7653 9198 3
7653 9788 9
7663 9120 1
7672 8983 15
7672 9218 3
7672 9586 7
7672 9594 1
7672 9498 1
7683 9890 1
7683 8923 3
7714 9819 1
7714 8869 1
7714 9285 1
7714 9116 1
7714 9012 3
7714 9976 4
7726 9816 1
7726 9578 1
7729 8924 9
7729 9558 1
7732 9188 5
7732 8738 2
7732 9244 3
7732 9653 3
7741 9711 6
7741 8579 1
7741 9667 2
7752 8925 1
7752 9374 3
7752 9666 1
7752 9626 2
7752 9684 5
7755 8930 1
7755 9412 1
7755 8687 2
7757 9039 1
7765 9921 1
7765 8964 1
7767 9958 1
7767 9676 64
7767 9801 2
7768 8670 1
7768 9335 5
7786 8690 1
7786 8700 1
7786 9991 1
7788 9453 1
7788 8552 16
7788 8598 4
7788 8708 1
7788 9696 1
7788 8961 1
7794 9445 4
7794 9977 2
7804 8874 1
7804 8996 3
7805 9997 2
7805 9183 1
7805 9760 1
7821 9069 3
7821 8630 6
7821 9499 11
7821 9526 3
7821 8879 1
7821 8885 1
7832 9730 3
7832 8920 200
7832 9720 2
7844 9151 1
7844 9142 1
7844 9468 1
7866 9103 2
7866 9371 4
7866 9179 1
7866 9272 5
7880 9406 6
7880 9285 1
7880 9564 1
7880 9488 4
7880 9703 1
7902 8855 1
7902 9745 4
7907 9181 1
7907 8634 1
7907 9069 1
7928 8584 1
7928 8671 14
7928 9527 1
7928 8860 10
7928 9573 2
7928 9147 1
7928 9275 2
7928 9725 1
7929 9856 7
7929 8578 1
7929 9239 7
7951 8912 1
7951 9197 3
7951 8732 1
7982 9146 15
7982 9204 1
7982 9564 1
7982 8657 2
7982 9479 1
8008 9250 4
8008 9522 8
8008 9273 3
8008 9838 1
8008 9048 2
8008 9725 1
8022 8729 1
8022 9743 1
8053 9326 5
8056 9261 3
8056 8790 1
8056 8860 1
8056 9501 1
8056 9096 1
8056 9787 1
8056 9900 1
8056 9370 1
8056 9419 2
8056 9318 1
8056 9858 1
8056 9089 1
8065 9344 1
8065 9153 10
8065 9161 2
8065 9725 1
8065 9707 1
8066 8674 1
8066 9200 2
8066 9559 1
8066 9589 47
8066 9239 1
8066 9507 3
8066 9657 1
8066 9752 2
8067 8991 1
8067 8967 1
8067 9280 1
8083 8666 1
8094 9663 2
8094 9387 4
8130 9043 1
8130 9113 1
8130 8539 1
8135 8756 1
8135 9374 1
8135 9915 1
8154 9147 1
8154 9880 4
8154 8554 1
8154 8752 2
8170 8798 1
8170 9120 1
8179 8657 2
8179 8695 1
8179 8819 1
8179 8960 2
8194 9929 1
8194 8676 4
8194 8738 1
8194 8927 14
8194 9333 1
8194 9586 2
8194 9942 7
8205 8930 5
8226 8833 1
8226 9015 1
8235 8690 2
8235 9232 1
8265 9806 1
8265 9126 1
8265 9999 2
8288 8843 1
8288 9966 1
8290 9956 1
8308 9360 7
8308 8844 1
8308 9156 1
8308 8651 1
8308 8584 1
8308 9493 1
8313 9048 1
8313 9483 2
8317 8983 2
8322 8913 1
8322 9709 2
8322 9253 3
8322 9405 1
8322 8778 2
8322 8559 1
8322 9702 22
8322 9792 1
8345 9629 4
8345 9314 1
8357 8935 1
8357 8749 4
8357 8791 2
8357 9320 1
8381 9010 1
8381 8667 2
8381 9421 4
8383 8641 9
8383 9340 6
8383 9652 1
8383 9559 1
8388 9103 1
8401 9785 1
8416 9496 4
8416 9492 1
8416 8832 2
8416 9900 1
8420 9315 5
8420 8987 4
8420 9279 5
8441 9407 1
8441 9765 51
8441 8899 1
8441 9223 1
8441 8946 1
8441 8594 1
8444 9082 1
8444 9444 1
8445 9858 1
8445 9254 1
8458 9757 1
8458 9726 1
8467 8559 1
8467 8964 1
8467 9018 4
8467 9638 39
8467 9843 3
8467 8552 1
8467 9211 2
8467 9451 2
8467 9899 1
8489 9746 1
8489 8945 2
8489 8606 9
8489 9114 1
8489 9316 1
8492 9663 2
8492 8931 1
8493 9695 1
8493 8616 1
8493 9752 1
8493 9423 1
8493 9068 1
8517 9707 3
8517 9999 1
8517 8921 2
8517 8542 1
8517 9730 1
8520 9214 1
8520 9468 1
8523 9430 3
8523 8593 1
8523 9687 1
8523 8653 1
8523 9002 1
8523 9757 1
8523 9884 1
8523 9232 1
8533 8636 1
8533 9446 1
8533 9045 1
8533 9099 1
8533 9500 4
8533 9069 1
8533 9242 4
8536 8963 1
8537 9248 2
8537 9375 1
8537 8791 1
8537 9113 7
8537 9169 1
8537 9835 1
8537 9943 2
8540 8613 7
8540 9610 1
8541 8971 1
8541 8655 1
8543 8945 1
8543 9611 2
8543 9786 1
8543 9587 1
8543 9358 95
8543 9324 8
8544 8743 5
8545 8767 26
8546 9382 4
8546 8762 1
8547 8896 4
8547 8805 1
8548 8679 1
8548 9672 6
8549 8897 3
8551 8886 2
8553 8576 1
8555 9976 1
8555 9397 1
8555 9240 6
8555 9492 1
8555 9875 1
8555 9973 1
8556 9930 1
8557 8942 1
8557 8847 1
8559 8620 1
8560 9439 2
8560 8714 16
8560 9037 2
8561 8846 2
8561 9210 1
8561 9828 1
8564 9520 2
8565 8804 1
8565 9067 1
8568 8669 1
8570 8635 1
8571 8847 1
8573 8694 1
8573 8631 4
8574 9704 3
8574 8852 1
8575 8788 1
8575 9605 1
8575 9042 1
8575 8820 2
8575 9584 3
8576 9793 1
8576 8844 1
8576 9089 5
8576 9485 1
8576 9769 6
8576 9919 2
8577 8708 1
8577 8675 1
8577 9147 1
8577 9286 1
8577 9898 4
8577 8925 1
8577 9365 1
8577 9683 1
8577 9801 2
8578 9672 1
8579 8969 1
8580 9500 2
8580 8808 2
8580 9030 1
8580 9716 1
8582 8807 4
8583 8586 1
8583 8922 2
8583 9686 51
8583 8749 1
8583 9193 1
8583 8828 10
8583 9732 1
8583 9160 2
8584 8992 1
8586 8990 29
8587 9891 1
8587 9861 1
8588 8652 1
8589 8977 1
8591 9210 5
8591 9565 1
8592 8685 14
8593 8748 1
8595 9790 1
8595 8750 5
8595 9679 1
8596 8718 1
8596 8692 7
8597 9108 2
8597 9336 1
8598 9213 10
8600 8836 4
8600 9966 5
8601 8939 1
8601 8714 1
8603 9714 1
8603 8702 1
8603 8850 1
8603 9237 1
8604 8805 1
8604 8949 1
8605 9753 1
8605 9055 1
8607 9028 1
8607 9542 1
8607 9693 1
8607 9861 2
8608 8771 1
8608 8617 1
8609 8745 1
8610 8876 1
8611 9166 1
8611 9788 5
8611 9062 4
8611 9597 4
8611 9968 1
8611 9117 1
8611 8782 4
8612 8885 1
8612 9558 1
8612 9827 23
8612 9105 12
8613 9281 2
8613 9684 4
8614 8628 12
8614 9799 1
8614 9099 1
8614 9934 8
8614 8675 1
8614 8926 3
8614 9902 1
8618 8872 1
8620 9784 1
8620 8758 1
8621 8635 2
8621 9037 1
8623 8776 1
8624 9161 1
8624 9446 4
8624 8869 1
8624 9001 1
8626 8937 2
8627 8757 1
8627 8950 2
8628 9210 1
8628 8940 2
8629 8713 1
8630 9531 2
8631 8956 1
8631 9445 1
8631 9688 1
8631 9509 1
8631 9822 1
8631 9167 1
8631 8831 1
8631 9325 5
8632 9569 1
8632 9117 1
8632 9044 2
8633 8927 6
8633 9039 1
8633 9555 1
8635 9224 1
8635 9753 2
8635 8835 1
8635 9552 1
8637 9565 4
8638 9264 5
8639 8790 1
8639 8884 1
8639 9167 2
8639 8654 1
8639 8765 1
8639 9777 1
8639 9704 1
8639 9119 4
8639 9184 1
8639 9215 3
8640 8712 1
8640 9466 1
8640 9344 1
8640 9968 8
8642 9604 2
8642 9914 1
8642 9761 1
8643 9469 1
8643 9768 1
8643 9881 1
8644 9048 4
8644 9592 2
8645 8783 3
8647 8757 13
8648 8972 1
8648 9621 2
8648 9616 2
8648 9683 2
8648 9808 11
8648 9915 4
8648 9078 1
8649 8868 1
8650 8775 1
8652 9182 1
8652 9012 2
8652 8732 1
8652 8860 5
8655 8760 1
8657 9565 1
8658 8877 1
8660 9220 1
8660 9845 1
8661 8713 1
8661 8858 1
8662 8938 1
8663 9190 1
8663 9593 1
8663 9613 2
8665 9019 1
8665 8666 1
8665 9833 1
8665 9869 1
8667 8679 1
8668 8896 1
8668 8762 1
8669 9841 1
8670 8873 1
8672 8763 1
8672 9234 1
8672 8979 1
8672 9176 1
8672 9530 2
8672 9860 4
8672 9203 3
8677 8846 1
8678 9072 1
8678 8746 2
8678 8878 1
8678 9921 1
8679 8918 3
8679 8806 2
8679 9693 1
8679 9008 7
8683 8825 6
8683 9251 200
8683 8901 1
8683 9397 2
8684 9601 1
8684 9223 2
8684 9315 1
8684 9550 5
8684 9103 2
8684 9010 1
8684 9073 33
8684 9629 1
8685 9589 1
8685 9033 2
8685 9557 1
8685 9498 9
8687 9382 1
8688 9359 1
8691 8896 1
8692 9999 5
8692 8709 1
8692 9554 3
8692 9972 1
8693 8730 1
8693 9803 1
8694 9328 1
8694 9508 1
8694 9561 1
8694 9412 1
8694 9692 1
8695 8984 12
8696 9680 1
8696 9735 12
8697 9978 5
8697 9026 3
8697 9711 6
8700 8969 4
8701 9528 1
8701 9688 1
8701 9405 1
8702 8727 2
8706 8775 1
8707 9136 3
8707 9630 1
8707 9841 1
8707 8828 5
8707 8830 1
8707 9124 1
8709 9610 1
8709 8937 4
8710 9883 1
8711 9552 1
8711 9031 79
8711 9243 1
8711 9862 4
8711 9659 1
8711 9837 1
8711 9902 5
8713 9552 1
8713 9942 1
8713 9847 1
8714 9687 1
8714 9537 2
8714 9947 1
8714 9816 6
8714 9129 1
8714 9256 1
8714 9562 3
8714 9724 1
8718 9851 1
8718 9716 2
8718 9506 1
8718 9231 1
8718 9502 1
8718 9028 1
8718 9174 1
8718 9430 1
8720 8846 2
8721 8816 1
8723 9871 8
8723 9907 1
8723 8905 1
8725 9220 1
8727 9434 7
8727 9319 5
8728 8955 1
8730 9333 200
8730 8985 1
8730 9078 3
8730 8734 1
8730 8756 1
8730 9464 200
8730 9882 1
8731 9964 2
8733 9240 2
8734 8841 3
8734 8877 1
8735 8799 1
8735 9482 1
8735 9056 1
8735 9685 1
8735 9785 2
8739 9263 4
8739 9283 1
8739 9062 1
8739 8924 1
8740 8843 1
8740 8835 4
8740 8982 1
8740 9038 13
8740 9695 3
8742 8777 2
8743 9181 1
8743 9846 3
8744 8841 2
8745 9092 1
8745 9696 1
8747 9426 3
8748 9643 19
8748 9706 2
8748 9756 2
8749 9931 1
8749 9266 1
8750 8910 1
8751 9951 1
8751 9771 102
8751 8850 6
8751 9401 1
8752 8971 1
8753 9224 1
8753 9160 1
8754 9120 2
8754 9047 2
8754 9149 1
8757 9673 2
8757 9485 1
8757 9543 1
8757 9757 1
8758 9210 1
8759 9299 1
8759 9487 1
8760 8871 4
8760 8847 2
8762 9848 1
8762 8932 2
8762 9240 3
8764 9845 1
8764 9444 2
8766 8997 1
8766 9057 1
8766 9521 1
8768 9398 5
8768 8995 1
8768 9455 1
8768 9463 4
8769 9024 7
8769 9046 2
8770 8940 1
8772 9566 1
8772 9819 1
8773 9655 1
8774 9301 2
8774 9334 1
8774 9903 3
8776 8802 2
8776 9310 2
8778 8870 1
8779 9200 1
8779 9385 4
8779 9782 2
8779 9446 2
8779 9922 25
8782 8938 2
8784 9395 1
8784 9019 2
8785 9454 1
8787 9767 2
8787 9467 1
8787 9856 5
8789 8882 1
8789 9075 1
8791 9003 1
8791 8963 1
8792 9811 1
8792 9420 1
8792 9185 1
8792 9585 2
8792 9871 2
8793 9649 1
8793 9299 1
8794 9914 16
8795 9535 1
8795 9268 1
8796 8949 1
8797 9281 4
8797 9765 2
8797 9391 1
8797 9854 1
8800 9930 1
8801 9833 1
8801 9972 200
8802 9358 1
8802 9070 1
8802 9270 2
8802 9881 1
8802 8956 1
8804 8937 2
8805 8843 5
8805 9645 10
8807 9669 1
8807 9133 5
8809 9601 9
8810 9819 1
8810 9021 1
8810 9039 1
8811 9698 1
8815 8894 1
8816 9647 1
8817 8915 3
8821 9561 1
8822 8990 1
8824 8861 1
8826 9601 1
8826 9636 1
8827 9401 1
8827 9681 2
8827 9521 2
8827 9187 2
8827 9674 1
8827 9686 1
8829 9210 2
8829 9923 1
8829 8989 1
8838 9059 1
8838 9916 1
8838 9617 2
8840 9554 2
8840 9380 2
8840 9613 1
8840 9036 1
8841 8884 2
8841 9201 1
8842 9880 2
8843 9213 2
8845 9382 40
8846 9983 1
8846 9344 1
8846 9307 1
8846 9955 2
8847 9878 1
8847 9799 1
8848 9192 8
8848 8851 2
8848 9073 1
8848 9187 4
8848 9849 1
8849 9795 1
8849 9599 1
8852 9058 2
8856 9322 16
8856 9635 1
8856 9418 2
8856 9469 1
8858 9628 1
8859 9672 2
8861 9810 1
8861 9560 1
8862 8886 3
8863 9359 1
8864 9007 1
8864 9465 1
8864 9052 1
8864 9414 1
8865 9803 1
8866 8947 1
8870 9373 2
8870 9324 4
8870 9038 1
8871 9674 36
8872 9067 3
8872 9428 3
8873 9880 10
8874 9678 2
8874 8907 1
8875 9381 2
8875 9108 3
8875 9961 1
8875 9193 1
8875 8934 1
8876 9911 2
8877 9674 1
8877 9943 1
8877 9961 3
8877 9947 5
8877 9779 3
8880 9162 2
8880 9433 1
8880 9538 1
8882 9226 1
8886 9420 1
8888 9678 3
8891 8897 1
8891 9436 3
8893 9346 2
8893 9427 1
8893 9284 1
8894 9450 1
8894 9518 1
8894 9457 1
8894 9912 1
8896 9884 1
8896 9328 2
8896 9792 1
8898 9310 1
8900 9314 1
8900 9541 2
8900 9903 28
8900 8953 1
8902 8904 5
8902 9873 1
8902 9233 2
8902 9594 3
8902 9331 1
8902 9784 3
8903 8913 1
8903 9047 1
8903 9980 1
8904 9610 2
8906 9310 2
8907 9815 1
8907 9135 1
8908 9718 1
8910 9789 1
8910 9747 4
8910 9903 2
8910 9183 1
8910 9215 1
8910 9244 2
8911 9081 1
8912 9930 4
8913 9520 2
8914 8994 1
8915 9445 3
8915 9746 1
8917 9870 1
8918 9408 1
8919 9812 4
8919 9493 8
8919 9366 1
8919 9120 3
8927 9000 1
8928 9420 1
8928 9781 1
8928 9373 1
8928 9787 1
8937 9282 1
8939 8978 1
8939 9387 1
8939 9682 1
8940 8966 1
8940 9813 1
8941 9401 1
8941 9472 1
8941 9834 1
8941 9938 3
8941 9995 6
8942 9934 1
8942 9315 3
8942 9885 1
8942 9258 1
8942 9491 8
8942 9777 1
8943 9831 1
8944 8986 8
8944 9347 8
8945 9210 1
8947 9406 1
8949 9982 1
8953 9520 6
8955 9569 1
8955 9046 3
8955 9357 42
8955 9481 1
8957 9002 1
8957 9796 1
8958 9654 1
8958 9810 1
8960 8984 2
8963 9323 3
8963 9292 35
8963 9862 1
8965 9201 1
8965 9809 1
8967 9210 4
8969 9165 1
8969 9740 95
8969 9378 2
8971 9021 1
8971 9316 1
8971 9730 1
8971 9201 1
8976 9162 2
8978 9299 1
8981 9724 1
8981 9233 1
8981 9965 1
8982 9058 1
8983 8992 1
8984 9827 1
8984 9735 2
8984 9414 1
8984 9920 27
8984 9528 1
8986 9508 2
8986 9573 4
8986 9262 1
8986 9562 1
8986 9804 1
8988 9310 4
8989 9488 1
8989 9516 1
8990 9253 1
8990 9274 2
8990 8991 3
8998 9847 1
9000 9561 88
9003 9818 1
9014 9226 1
9016 9600 36
9029 9691 1
9032 9823 2
9036 9210 1
9036 9599 1
9037 9350 1
9037 9166 1
9037 9322 1
9037 9420 1
9050 9376 1
9054 9478 1
9055 9828 2
9058 9876 2
9073 9310 1
9098 9439 1
9106 9954 4
9115 9170 36
9115 9847 1
9115 9306 1
9115 9446 1
9115 9515 1
9115 9630 1
9116 9139 1
9123 9439 1
9125 9610 1
9139 9985 36
9145 9473 1
9150 9859 1
9163 9828 1
9182 9672 1
9189 9514 1
9192 9299 4
9200 9477 1
9210 9286 6
9210 9601 1
9210 9575 1
9210 9621 1
9210 9870 1
9211 9655 1
9213 9900 1
9213 9596 1
9222 9520 1
9230 9427 3
9252 9310 1
9260 9964 1
9264 9837 2
9266 9685 1
9266 9707 1
9266 9945 1
9270 9817 4
9284 9338 2
9284 9438 1
9289 9529 1
9299 9378 2
9299 9789 6
9299 9685 2
9299 9780 1
9302 9529 1
9306 9520 1
9308 9565 2
9310 9480 1
9310 9577 14
9310 9952 5
9310 9472 1
9316 9477 3
9324 9823 1
9338 9487 1
9346 9674 1
9347 9581 3
9348 9487 1
9356 9614 2
9359 9681 8
9359 9753 1
9370 9823 3
9379 9987 1
9382 9769 3
9382 9551 1
9385 9883 1
9398 9664 1
9407 9923 31
9422 9531 1
9423 9520 2
9425 9764 3
9427 9880 1
9427 9701 2
9427 9989 10
9427 9960 25
9431 9671 35
9439 9542 1
9439 9759 5
9439 9976 1
9443 9803 2
9451 9477 3
9451 9614 1
9453 9828 4
9458 9930 1
9460 9610 1
9472 9477 2
9477 9974 1
9477 9496 2
9484 9930 1
9487 9920 3
9492 9823 1
9498 9930 5
9500 9614 2
9505 9610 1
9509 9931 1
9520 9879 2
9520 9880 1
9531 9760 4
9543 9678 1
9543 9883 11
9559 9823 2
9565 9905 1
9565 9705 4
9581 9614 6
9596 9850 4
9603 9697 2
9614 9870 1
9614 9982 1
9614 9635 1
9636 9828 2
9642 9665 7
9656 9974 1
9667 9831 3
9672 9796 1
9677 9823 1
9678 9840 1
9743 9883 1
9743 9944 2
9744 9764 2
9757 9931 6
9764 9920 1
9786 9964 22
9795 9916 3
9816 9883 1
9823 9947 75
9823 9857 1
9841 9944 1
9883 9997 3
9920 9923 1
9937 9964 1
9939 9964 7
9944 9990 1
