1 8739 1
1 9413 1
1 8949 1
1 9136 5
1 9537 28
6 9496 1
6 9236 1
35 9779 1
35 9987 1
35 8981 1
35 9888 1
35 8951 2
35 9180 1
35 9874 1
35 9107 1
35 8639 1
70 9803 2
70 8859 2
70 9225 2
70 8805 1
70 9610 46
73 9873 200
74 8766 3
74 9190 1
77 9716 1
98 9474 1
98 9641 1
100 9592 1
100 9987 3
100 8854 2
100 8859 1
105 9458 1
105 8600 3
108 9965 3
108 9131 1
108 9504 4
108 9808 2
110 9982 1
110 9220 1
110 8895 1
124 9333 8
138 8800 1
138 8979 1
138 9672 2
138 9932 1
138 8910 1
152 9926 1
152 9271 1
152 9780 1
152 9781 1
153 8697 2
153 9741 1
153 8878 2
157 9413 1
157 9940 1
165 9845 1
170 9852 1
170 9808 1
170 9289 1
170 8814 1
170 8775 1
170 9920 1
189 9329 1
189 9074 1
201 8563 1
201 9173 1
202 9474 7
202 9538 1
202 9437 1
202 8749 1
206 9359 1
206 9659 1
206 9160 1
206 9703 1
246 9427 2
246 8759 4
246 8654 1
252 8679 2
284 9780 1
284 9738 1
284 9956 2
287 9585 1
287 9759 1
287 8650 1
287 9031 1
287 9104 1
298 9137 1
298 9808 3
298 9842 2
298 9745 7
307 8604 2
314 8722 1
314 9097 1
314 9409 4
314 8667 1
314 9165 1
316 9075 1
316 8857 1
316 9535 1
319 9305 1
319 9609 1
319 8812 1
319 8762 1
319 9150 4
328 8600 8
328 8836 1
328 8789 2
331 8664 1
331 9591 1
340 9872 2
340 9361 2
340 9644 9
359 9339 1
359 9599 2
359 9889 1
361 8901 2
361 9680 2
367 9741 1
367 9994 1
367 9552 1
367 9995 1
367 8742 1
379 9567 1
379 9838 1
402 8850 1
402 9616 2
402 8888 1
402 9404 1
402 9087 3
404 9777 1
404 9192 6
404 9195 1
404 9563 2
417 9672 4
417 8891 18
417 8928 2
417 9155 1
417 9623 3
421 8775 1
421 9145 1
421 9282 1
421 9718 4
446 8816 1
446 9413 2
446 9807 1
449 9427 2
449 9173 1
461 9777 3
463 9681 1
463 8958 1
463 9428 1
464 9125 1
464 9188 4
467 9301 1
467 9359 1
473 9475 1
473 8646 2
477 8670 2
477 8801 1
481 8999 1
481 9813 1
481 9859 4
493 9449 2
493 9697 1
493 9311 1
493 8578 2
493 9576 14
518 9747 5
518 8739 26
531 8860 1
531 8640 17
538 9042 6
538 9134 1
538 9212 1
538 8765 2
538 9038 3
538 9815 1
542 9338 3
542 9774 2
542 8933 1
542 9384 4
542 9890 200
542 9513 2
542 9867 1
542 8646 5
560 9292 5
560 8795 1
574 8713 1
574 9307 1
574 8682 1
581 9218 2
581 8720 1
583 8795 1
583 9302 2
594 8624 1
594 8794 9
598 9094 3
598 9990 1
598 9067 12
598 9483 1
602 8642 2
602 9321 1
619 9907 1
619 9170 1
660 8786 1
660 8643 2
660 8664 1
660 9158 1
676 9584 1
676 8573 1
676 9343 3
676 9613 1
683 8765 1
693 9140 4
693 9787 6
693 9142 1
693 8565 1
693 9829 2
706 8556 25
706 9069 1
706 9309 5
706 8719 1
706 9878 1
715 8578 1
715 9798 3
717 9206 2
717 9014 1
717 9073 1
741 8682 2
741 9343 1
744 9839 2
744 8880 1
744 8927 3
744 9889 1
744 9285 2
744 8577 1
744 9411 2
744 9781 2
744 9970 1
744 9023 1
744 9267 1
752 8637 1
752 9562 1
752 8790 1
752 8949 2
755 8654 2
755 8536 1
755 9089 3
759 8943 2
759 8730 2
759 8791 3
761 8688 1
761 8816 1
761 8969 3
761 8989 1
761 9678 1
761 9285 1
768 9361 8
768 9299 1
770 9588 1
770 8886 2
770 9431 5
777 9471 2
777 9988 1
777 8712 8
777 8565 1
777 9018 1
792 8582 1
792 9227 1
796 9410 8
796 8648 2
796 9130 6
796 9142 11
796 8741 1
796 9291 1
796 9504 41
850 7697 1
850 9133 1
850 9278 200
850 9331 2
850 9824 2
850 8906 1
850 9953 1
857 9213 5
857 9576 2
857 9268 2
857 9524 1
858 8911 2
858 9497 1
858 9638 3
858 9986 1
867 8913 1
867 9313 2
867 9844 2
867 8554 4
867 8659 1
867 9281 1
867 9137 4
867 9204 1
867 9962 1
883 8566 1
883 8778 1
883 9915 1
887 8930 1
887 8612 1
895 9097 49
895 8569 1
895 8936 3
895 8908 1
895 9016 21
895 9326 10
895 9530 1
902 9640 1
902 8836 1
902 8901 2
913 9249 2
913 8891 1
913 9496 27
919 8752 2
919 9810 1
919 9975 2
919 8989 11
943 8768 200
943 9964 1
943 9182 14
943 9620 7
943 9878 6
943 8683 3
952 9048 1
952 8655 31
952 9591 6
952 9846 1
952 8912 1
952 8976 1
952 9130 1
970 9330 3
970 9391 1
970 9938 1
970 9655 2
984 8655 1
984 9885 1
984 9538 2
984 9800 1
984 9266 1
984 9251 7
984 9277 2
1001 8994 1
1001 9334 1
1001 9439 1
1002 8873 11
1002 9894 2
1017 9401 25
1017 8596 1
1017 8768 2
1017 8835 2
1017 8651 1
1017 9086 4
1017 8573 1
1017 9317 1
1023 9019 3
1029 8821 3
1029 9592 1
1034 9982 1
1034 9664 3
1034 9707 14
1037 9140 1
1037 9307 7
1037 8904 1
1037 9082 2
1038 8735 2
1038 9410 1
1038 9252 1
1046 8763 1
1046 9092 1
1046 9511 2
1046 9913 1
1048 9995 12
1048 9324 1
1048 9592 3
1048 9618 90
1053 9748 1
1053 9166 2
1055 9861 13
1055 9216 1
1055 9607 1
1055 9779 1
1055 9280 2
1055 8581 18
1055 9115 1
1056 9441 1
1056 9299 1
1056 9374 2
1056 9447 1
1056 9449 1
1056 9706 3
1072 9196 7
1072 9949 2
1079 8952 1
1079 9113 1
1079 9136 1
1079 9183 1
1084 9332 1
1084 9155 1
1123 9248 1
1123 9640 1
1136 9034 31
1136 8655 1
1136 9696 1
1139 9274 1
1139 9804 1
1139 9859 1
1139 8727 30
1140 8574 1
1140 9903 1
1166 9869 3
1166 8588 1
1168 8843 1
1168 9464 5
1168 9814 1
1170 9520 1
1170 9990 1
1194 9663 1
1217 8804 1
1217 8877 1
1217 9742 1
1223 9713 1
1223 9860 2
1235 9141 1
1235 9424 1
1245 9285 1
1245 9730 1
1245 8606 1
1246 9357 11
1246 9156 2
1246 9338 4
1246 8656 2
1246 9497 1
1249 9888 1
1249 8584 1
1249 9293 1
1249 9437 1
1249 9771 10
1252 9038 1
1255 8950 1
1255 9995 1
1255 9303 5
1255 9833 1
1257 8656 2
1257 9384 1
1257 9220 2
1296 9009 1
1296 9550 2
1308 8648 1
1308 9450 1
1312 8576 1
1312 9204 1
1312 9197 3
1312 8556 1
1312 8906 18
1312 9335 2
1317 9825 1
1317 8955 10
1317 9909 1
1325 9162 2
1325 9140 5
1325 9212 1
1325 8892 3
1325 9361 1
1325 8943 1
1336 8545 1
1372 9785 2
1372 9158 1
1372 9409 1
1372 9705 1
1372 8960 1
1372 8695 10
1402 9428 1
1402 9527 1
1402 8850 1
1402 9571 3
1430 9274 1
1430 9060 1
1430 8806 50
1456 9144 2
1456 8688 5
1456 9691 1
1456 8783 1
1460 9879 1
1460 9060 25
1460 9753 18
1477 9858 1
1485 8801 1
1485 8580 2
1485 8979 1
1487 8621 5
1487 9274 2
1487 8850 1
1487 9639 1
1491 9169 93
1491 9180 1
1494 9650 4
1494 9391 3
1503 9086 4
1503 8952 1
1503 8997 1
1503 9921 1
1503 8663 2
1503 9406 1
1503 9420 3
1503 9976 1
1520 8879 2
1520 8844 1
1520 9528 1
1535 9361 3
1535 8882 1
1535 9854 1
1535 9310 1
1535 8865 1
1538 9322 1
1538 9493 5
1538 9586 1
1552 9285 4
1552 9190 1
1559 8793 1
1559 9002 1
1559 8571 2
1559 8598 3
1572 9074 1
1572 9094 1
1572 9372 1
1576 8552 2
1576 8684 10
1576 9523 17
1576 9221 2
1576 9270 1
1581 9529 1
1581 9991 1
1587 9825 1
1587 9063 4
1587 9409 6
1588 8609 1
1588 8534 3
1588 9523 1
1588 9999 75
1588 9151 1
1588 9244 1
1588 9897 3
1588 9606 2
1597 8802 2
1597 9231 3
1597 9748 3
1606 8892 3
1606 8898 2
1606 8950 2
1607 8805 10
1607 8783 9
1607 9681 2
1607 9712 1
1607 9628 24
1607 9616 1
1612 9837 2
1612 8857 1
1612 9662 1
1612 9125 1
1613 9042 1
1613 9438 1
1613 8806 1
1613 9985 1
1613 8752 2
1617 9133 4
1617 9696 2
1633 8556 1
1633 9065 3
1637 8872 1
1637 9225 1
1637 9630 1
1637 9622 1
1637 9089 9
1637 9688 7
1637 9933 1
1637 9088 4
1640 9835 1
1640 9667 12
1640 9303 1
1640 9832 5
1640 8584 1
1640 9976 11
1640 8678 7
1652 8825 1
1652 8966 1
1653 8735 18
1667 8880 6
1667 8651 2
1667 8742 1
1667 9097 11
1667 9180 1
1667 8810 1
1688 9918 1
1688 9099 1
1688 9655 2
1688 9040 1
1689 9517 1
1689 9060 1
1689 8818 28
1689 9105 1
1689 9124 1
1689 9962 1
1689 9077 1
1689 8537 1
1689 8722 1
1689 9589 1
1689 8606 1
1689 9238 1
1689 9578 5
1700 9578 15
1706 9779 4
1706 8976 5
1706 9078 1
1720 8612 2
1720 9755 1
1720 8876 1
1720 8874 1
1720 9169 1
1722 8693 1
1723 9659 1
1723 9632 1
1723 8892 3
1723 9771 1
1723 8864 2
1723 9134 18
1725 9133 17
1725 8626 1
1725 8940 4
1725 9275 1
1725 8580 1
1725 8581 5
1725 9079 1
1725 9537 1
1725 8674 1
1731 9589 3
1731 8708 1
1731 9330 2
1732 9091 1
1732 9552 1
1732 9457 1
1732 9618 2
1732 9225 1
1732 8716 1
1746 9594 1
1746 9119 1
1747 9967 1
1754 9099 5
1754 9814 8
1754 9103 1
1754 9567 1
1773 9273 1
1773 8606 1
1773 8906 1
1773 9448 3
1773 8888 2
1773 9122 1
1773 9307 2
1773 9848 4
1773 9911 1
1792 8531 8
1792 8767 1
1792 9107 2
1792 9315 1
1792 9585 2
1808 9780 1
1808 8662 1
1808 9067 1
1808 9534 5
1808 9299 1
1815 9890 3
1815 9536 1
1815 9981 1
1818 9342 1
1818 9229 1
1818 9527 1
1818 9090 10
1818 8545 1
1818 8673 1
1818 8805 1
1818 8871 2
1818 9983 1
1820 9371 1
1820 8570 2
1820 9262 50
1830 9702 1
1830 8708 10
1830 9662 2
1830 8763 2
1830 9294 40
1830 8749 17
1830 9479 5
1833 8692 12
1833 9967 2
1833 8952 1
1833 9419 1
1833 9617 1
1833 8842 2
1833 8733 1
1833 8632 158
1833 9421 12
1833 9739 4
1841 9009 1
1841 9820 1
1841 9429 1
1849 8867 1
1849 9437 1
1849 9778 1
1857 9888 3
1857 8671 1
1857 9162 1
1857 9720 1
1865 9869 1
1865 9675 2
1879 9129 2
1879 9154 1
1879 9575 2
1879 9990 2
1890 9865 1
1890 9961 1
1890 8943 1
1906 9792 1
1906 9133 1
1906 8574 1
1906 8625 4
1906 9522 1
1906 9694 1
1913 9141 1
1923 8796 4
1923 9283 1
1923 9680 7
1923 9964 1
1923 8764 12
1923 8728 1
1923 8889 1
1947 9648 1
1947 9260 1
1947 8580 1
1947 9739 2
1947 9789 1
1947 9996 1
1952 8660 13
1952 8800 1
1952 9227 1
1952 9561 1
1952 8706 1
1952 9378 10
1958 9825 3
1958 8836 2
1958 9648 1
1958 8819 1
1959 8584 1
1959 9100 1
1959 8751 17
1959 9703 1
1959 9192 1
1969 9962 5
1969 9875 1
1969 9448 1
1969 9649 1
1969 9892 2
1969 9402 1
1969 9635 200
1969 9239 2
1969 9304 1
1973 9375 1
1973 9405 4
1973 8577 1
1985 9791 1
1985 9577 1
2006 9135 1
2006 9985 1
2006 8886 1
2006 8959 1
2006 9129 1
2006 8837 19
2006 9025 1
2019 9945 1
2019 9961 2
2020 8918 1
2020 9586 2
2020 8962 1
2040 8983 1
2040 8761 1
2040 8933 1
2065 9473 1
2065 8569 4
2065 8888 1
2065 9382 1
2065 8537 1
2065 9920 1
2074 9292 2
2083 8563 1
2083 9017 1
2099 9114 5
2099 9192 1
2099 9590 1
2099 9845 1
2099 8966 1
2099 9085 1
2099 9435 3
2099 8645 2
2099 9770 1
2099 8907 1
2099 9019 1
2130 9366 4
2165 9172 1
2165 8707 1
2165 9718 1
2165 9137 2
2165 9586 2
2167 8933 1
2167 8818 1
2167 9654 1
2170 9366 1
2170 9281 1
2172 9499 1
2172 9100 1
2184 8707 1
2184 9063 1
2184 9979 1
2202 9373 1
2202 9620 1
2206 9297 1
2221 9776 1
2221 9311 25
2221 9103 1
2221 8815 1
2221 9985 1
2227 9026 1
2232 9704 4
2232 8601 2
2232 9522 1
2232 9668 1
2237 9300 1
2248 9773 1
2248 9907 1
2248 9799 3
2248 8555 1
2248 8621 15
2248 9364 20
2254 9870 1
2254 8947 6
2296 8655 1
2296 8898 1
2296 9133 2
2304 9129 1
2309 9366 2
2309 9219 1
2309 9582 8
2309 8580 1
2309 8674 2
2309 9755 1
2313 8658 6
2313 8596 3
2313 9045 5
2313 9634 1
2313 9888 1
2314 8612 2
2314 9112 2
2317 9022 3
2317 8987 1
2317 9236 2
2317 9640 2
2320 8958 3
2320 9087 1
2320 8813 1
2320 9425 2
2320 8534 200
2320 9672 1
2326 9163 11
2326 9230 2
2326 8902 1
2340 9285 2
2352 8761 1
2352 8782 7
2357 9725 6
2357 9129 1
2357 9305 14
2417 8821 1
2440 9949 3
2440 8692 1
2440 9982 1
2440 9479 3
2440 9199 1
2440 9740 7
2440 9746 1
2441 8614 1
2447 9080 200
2447 9921 1
2447 9992 19
2447 9211 1
2463 9743 1
2467 8819 1
2467 9430 1
2467 9469 2
2480 9423 6
2480 9468 1
2484 9412 1
2484 9422 1
2484 9424 1
2488 8902 1
2505 9909 2
2505 8999 1
2505 9854 1
2516 9273 1
2524 8968 1
2524 9774 1
2524 9994 1
2526 9459 1
2526 9260 2
2526 9567 1
2526 9575 1
2526 9615 1
2542 9295 3
2542 9836 1
2552 8863 1
2552 9948 1
2552 9944 1
2554 9514 5
2554 9918 1
2561 9172 1
2561 9690 1
2567 9441 1
2567 9415 1
2567 9928 15
2569 9865 2
2569 8640 2
2569 9099 1
2569 9585 1
2569 9964 3
2569 9233 1
2569 9988 1
2569 9838 1
2611 9510 1
2611 8590 1
2611 9535 1
2611 9101 1
2611 9102 5
2611 9957 5
2618 9498 1
2618 9951 4
2652 9294 1
2652 8926 2
2668 9082 1
2668 8538 1
2693 9940 1
2693 9392 1
2703 9625 2
2703 8762 2
2703 9663 1
2703 9322 1
2703 9713 1
2705 9599 1
2705 9259 7
2705 9505 1
2705 9594 1
2705 9145 1
2705 9353 1
2713 8551 7
2713 9853 1
2713 9958 2
2713 9216 1
2718 9543 4
2718 9273 1
2718 8774 1
2718 9134 1
2718 9501 11
2718 9791 1
2718 8588 1
2718 8711 3
2726 9646 1
2726 8540 1
2742 9412 1
2742 8904 1
2742 8577 5
2742 9281 1
2742 9302 1
2747 8819 16
2747 8875 1
2747 9913 1
2747 8865 1
2780 9249 1
2780 9014 3
2780 9742 4
2780 9646 2
2782 9184 1
2782 8622 3
2782 8868 1
2782 8930 1
2786 8573 2
2786 8864 1
2786 8898 1
2786 9405 2
2786 9133 3
2786 9239 1
2800 9020 1
2800 9247 1
2800 8769 1
2810 9195 1
2810 9189 1
2815 9867 200
2815 8841 1
2815 9822 1
2815 9541 1
2819 9332 2
2827 8741 1
2827 9577 1
2831 9940 1
2831 8673 1
2831 9562 1
2831 8571 44
2831 8602 2
2831 8969 1
2831 9295 24
2831 9487 1
2831 9749 1
2831 9773 1
2850 8836 2
2850 8545 2
2850 9573 1
2878 9174 1
2878 9632 2
2878 9784 1
2885 8749 1
2885 8997 9
2893 9553 1
2893 9795 1
2899 9571 1
2899 8681 2
2899 8905 1
2899 9798 1
2899 8549 1
2899 9044 1
2899 9048 1
2899 9077 1
2899 9874 1
2913 9672 1
2913 9688 1
2913 9758 1
2913 9926 1
2923 9822 1
2923 9025 1
2923 9861 2
2928 9335 1
2928 9361 1
2928 9824 1
2928 8715 1
2928 9172 5
2928 8898 1
2928 9388 3
2928 9235 1
2931 9705 29
2931 9681 1
2931 9924 1
2948 9291 1
2948 8972 1
2948 9108 3
2948 9357 13
2948 9892 2
2965 9029 1
2965 8955 1
2965 9110 1
2965 9402 1
2965 9199 1
2965 8736 1
2987 9084 1
2987 9634 1
2992 9260 1
2992 9231 1
2992 9374 1
3009 8878 2
3009 9436 1
3023 8584 1
3023 9441 1
3023 9901 3
3026 8847 1
3026 9984 2
3026 8650 3
3026 9769 1
3045 9690 1
3045 8551 3
3045 9474 1
3045 9742 1
3045 9075 2
3045 9180 2
3045 9242 7
3047 8972 1
3047 8696 1
3047 9556 1
3047 8969 1
3047 9537 1
3047 9925 1
3061 9649 1
3061 9598 6
3064 9124 20
3064 9315 1
3064 8656 1
3064 9668 3
3071 9145 4
3071 9727 12
3071 8535 1
3071 9251 5
3072 9757 3
3072 8685 1
3072 8779 3
3080 8889 2
3080 8938 2
3080 9706 1
3080 9212 74
3080 9395 1
3088 9211 2
3088 8920 2
3088 9819 3
3088 9739 16
3088 9239 1
3088 9003 1
3088 9446 1
3088 9914 1
3088 9655 1
3088 8801 29
3088 8659 1
3102 9943 1
3102 9180 1
3102 8722 1
3102 9678 6
3126 8896 1
3126 9522 1
3126 9683 1
3126 8636 3
3129 9569 3
3129 9402 1
3132 8976 1
3132 8658 2
3132 8966 27
3132 9762 70
3132 9970 1
3135 8612 122
3135 9195 1
3141 9654 1
3141 8855 1
3141 9309 1
3163 9979 1
3163 8636 1
3163 9803 1
3167 9688 2
3167 9125 1
3167 9453 12
3167 9087 1
3172 8692 27
3172 8643 2
3172 9662 10
3198 9648 1
3198 8920 2
3200 9148 28
3200 9195 1
3200 8670 3
3208 9995 1
3220 9140 17
3220 9273 1
3220 9580 2
3220 8563 1
3220 8713 1
3220 9632 1
3232 8639 1
3232 9366 1
3232 9077 1
3232 9717 1
3232 9496 1
3232 9377 1
3232 9951 200
3240 9342 3
3240 8873 1
3240 8603 1
3240 9446 2
3250 8962 2
3250 8854 1
3250 9589 3
3250 9787 2
3263 9694 1
3274 8602 25
3274 9158 4
3276 9222 1
3276 8830 2
3284 9568 11
3294 9945 1
3294 8762 1
3294 9759 1
3294 8880 2
3294 9052 1
3314 9564 1
3314 9142 4
3314 9152 8
3314 9387 4
3314 9966 1
3320 9359 1
3325 8705 1
3325 9146 1
3325 9344 1
3328 8805 2
3328 9184 1
3328 9865 1
3328 9213 1
3328 9563 1
3330 9970 2
3330 9502 1
3330 9724 4
3330 9448 21
3336 9301 1
3336 8576 2
3336 8765 1
3338 8890 1
3338 8543 1
3348 9411 1
3348 8701 4
3363 9857 1
3363 9403 2
3363 9879 1
3364 9627 4
3364 9921 1
3367 9331 1
3367 9562 5
3367 9899 2
3367 9118 6
3367 9609 1
3370 9859 2
3398 8863 1
3398 9534 1
3398 9378 1
3398 9610 2
3398 9435 5
3398 9473 5
3402 9745 8
3406 8806 1
3406 9057 1
3406 9789 3
3406 8971 2
3406 9645 1
3426 9080 1
3426 9664 9
3426 9750 1
3426 9992 1
3426 8825 1
3426 9160 3
3426 9808 45
3426 8904 1
3426 9332 13
3448 9101 1
3448 9589 1
3448 9527 2
3448 9048 1
3449 8654 6
3449 9875 1
3449 9149 1
3449 9952 62
3449 9686 2
3449 9422 25
3449 9749 1
3449 9846 6
3457 8604 3
3457 9759 16
3461 9485 1
3461 9295 1
3462 9450 1
3462 8768 6
3462 8566 1
3462 9527 1
3462 9638 1
3462 8544 1
3462 9342 1
3498 9142 1
3512 9810 9
3512 9189 7
3512 8632 1
3512 8817 1
3525 8637 2
3525 9250 1
3531 9697 6
3531 8735 1
3533 8768 1
3533 9610 2
3533 9123 25
3533 9357 1
3533 8707 1
3533 9050 26
3533 9717 1
3540 9355 4
3540 9743 10
3540 9148 1
3540 9242 6
3540 9663 1
3541 9956 4
3541 9106 11
3541 9960 3
3541 9097 1
3551 9104 2
3551 9239 1
3551 9852 5
3551 9926 1
3551 8789 1
3555 9889 1
3555 9068 1
3571 8683 1
3571 8555 3
3571 9028 1
3571 9399 12
3572 9734 1
3572 9552 1
3572 8950 4
3572 9712 2
3575 9970 2
3575 9067 2
3575 9403 1
3597 9509 72
3597 9207 3
3597 9913 21
3597 8597 1
3597 8812 4
3597 8543 5
3598 9396 1
3598 8685 2
3625 9615 2
3625 8848 1
3630 8882 1
3630 9069 3
3630 8960 1
3630 9814 6
3630 9885 1
3639 9738 4
3639 8554 2
3639 9673 1
3639 9568 2
3639 9034 1
3644 9184 1
3644 9892 1
3644 9395 13
3644 9448 1
3673 8715 23
3673 8864 1
3673 8804 1
3673 9784 1
3683 8985 4
3683 9136 1
3683 9065 3
3683 9425 1
3683 9750 1
3707 8889 1
3707 9093 1
3712 9859 5
3712 9021 2
3712 9164 2
3729 9530 1
3729 9872 1
3731 9667 1
3731 9775 2
3731 9971 1
3735 9449 1
3735 9163 1
3735 9170 1
3735 9541 1
3735 9296 1
3737 8751 2
3737 9124 1
3756 8673 1
3756 9399 1
3756 9278 1
3756 9771 2
3756 9912 1
3756 9493 14
3763 9302 1
3771 8667 1
3771 9312 1
3771 8712 1
3771 9340 1
3771 9377 1
3805 8814 6
3805 8637 7
3819 9313 2
3819 9758 1
3819 9900 1
3819 9427 1
3819 8842 2
3826 9322 1
3826 9887 2
3826 8671 2
3826 9281 1
3826 8878 2
3826 8905 18
3826 9767 5
3826 8847 1
3826 9459 1
3828 9594 1
3828 8826 2
3833 9524 1
3833 8920 1
3842 9568 8
3842 9734 1
3852 9453 15
3852 9450 3
3852 8706 1
3852 9781 1
3852 9009 146
3879 9743 1
3879 8783 12
3879 9916 2
3892 8617 3
3892 8860 1
3892 9174 1
3892 9259 3
3894 8594 1
3894 9291 3
3894 9515 1
3894 8624 11
3895 9730 1
3895 9101 1
3908 8792 18
3908 9158 1
3908 9002 1
3908 9113 2
3908 8951 1
3908 9439 2
3912 8935 1
3918 9465 2
3918 9175 1
3918 8539 1
3918 9485 2
3924 9411 2
3924 9622 1
3924 9939 2
3924 8843 6
3924 9857 1
3926 9182 2
3926 9503 2
3926 9725 2
3926 9020 1
3926 9311 1
3929 9206 14
3929 9960 1
3929 8559 3
3929 9096 6
3929 9767 13
3933 9391 1
3933 9959 4
3933 9080 3
3933 8651 10
3933 9122 1
3933 9995 1
3940 9883 2
3940 9682 2
3940 9297 7
3940 9335 3
3940 8574 1
3940 9003 1
3940 9348 1
3940 8551 1
3940 9915 1
3945 8814 3
3947 9197 1
3947 9734 1
3947 9445 1
3947 9611 1
3947 9619 1
3947 9845 1
3947 8572 2
3947 9141 1
3968 9006 1
3968 9861 1
3968 9957 3
3968 9091 1
3976 9888 1
3976 9924 53
3976 9042 1
3976 9499 1
3976 9530 3
3979 8849 1
3979 9510 1
3979 8679 5
3979 9291 10
3979 9149 1
3994 9965 1
4000 9151 2
4000 9667 1
4000 9824 1
4010 8786 1
4010 8897 3
4010 9288 2
4030 9788 1
4030 9563 2
4030 8795 1
4030 9173 1
4030 8678 4
4030 8778 3
4030 9820 30
4030 9465 1
4030 8716 1
4030 8861 27
4030 9359 1
4030 9575 4
4030 8694 1
4056 9870 1
4056 8859 1
4056 9080 2
4063 9063 1
4063 8800 1
4063 9228 4
4074 8727 1
4074 9348 2
4076 8765 1
4076 9359 1
4076 8566 2
4076 9815 1
4076 9584 1
4084 9859 1
4084 9538 1
4084 9989 5
4084 9075 1
4084 9913 7
4084 9396 6
4085 8789 2
4085 9730 1
4085 8948 4
4085 9078 1
4085 9261 81
4085 9374 1
4085 9899 1
4085 8823 1
4103 9844 1
4103 9261 7
4103 9793 17
4105 8726 1
4105 9003 1
4105 9294 2
4105 9536 1
4105 9718 1
4105 9414 1
4137 9125 5
4137 8575 2
4137 8794 2
4137 9861 1
4137 9247 1
4137 9549 3
4150 9894 1
4150 8876 1
4150 9858 1
4159 9778 1
4159 9496 4
4159 8605 1
4159 8857 16
4159 9030 2
4191 9562 19
4191 9207 1
4191 9217 1
4191 8604 2
4212 9514 13
4212 9853 2
4212 9277 1
4212 9639 6
4212 8908 1
4212 9290 2
4212 9835 1
4216 9650 1
4216 8868 1
4218 9739 1
4218 8775 5
4218 9197 11
4219 9628 7
4219 8697 1
4219 8905 2
4227 8674 200
4227 8844 1
4227 9266 26
4227 9832 1
4229 9901 1
4229 8761 1
4229 9217 4
4229 8738 3
4229 9038 1
4229 9421 1
4229 9888 2
4282 9523 1
4282 8973 2
4282 9000 1
4282 9613 105
4282 9189 1
4282 9846 3
4282 9175 1
4282 9396 9
4301 8879 200
4301 9037 1
4301 8796 115
4301 9048 1
4301 8904 1
4301 9637 1
4301 9700 1
4320 9853 1
4320 9613 1
4320 9631 1
4333 8875 20
4333 9822 1
4347 9457 1
4347 9691 2
4347 9156 2
4347 9844 1
4347 8817 1
4347 9312 1
4348 8671 1
4348 9961 2
4384 9173 2
4384 9374 2
4384 9154 3
4384 9464 1
4384 8823 8
4384 9313 1
4384 9711 2
4405 9357 3
4405 8552 1
4405 9305 1
4405 9908 1
4405 8936 1
4405 9384 1
4405 9674 1
4419 9394 1
4419 8683 1
4419 8708 1
4459 9097 1
4459 9419 3
4459 8929 16
4473 8658 1
4473 8867 1
4473 9156 1
4473 9912 1
4473 8569 6
4473 9085 4
4473 9091 1
4473 9527 1
4483 8668 1
4488 9206 1
4490 8918 2
4490 9016 1
4490 9454 13
4509 8987 1
4524 9934 8
4524 9252 1
4524 9910 1
4529 8930 4
4529 8897 1
4529 9342 2
4529 8622 1
4529 9516 1
4532 9528 1
4532 9775 14
4532 9017 1
4532 8634 1
4540 9874 10
4540 9611 1
4547 8539 1
4547 9187 1
4553 9187 1
4553 9116 8
4555 9946 2
4555 8886 1
4555 9551 1
4560 9577 1
4560 9683 1
4560 9568 1
4560 8872 1
4563 8534 14
4563 8836 6
4563 9590 1
4563 8536 1
4563 9599 4
4563 9667 2
4563 9725 2
4569 9021 1
4569 9233 1
4591 9403 3
4591 9692 4
4601 9238 5
4601 8868 6
4601 9835 1
4601 9430 3
4601 9850 4
4612 9425 3
4612 9004 1
4612 9941 1
4617 9216 14
4617 8834 2
4617 9998 1
4631 9774 1
4631 8940 1
4631 9914 1
4652 8713 1
4652 8834 1
4663 9403 1
4663 8949 1
4663 8601 13
4663 8650 1
4663 9388 7
4663 9144 2
4663 8559 1
4668 8873 2
4693 9961 7
4693 8763 1
4693 9065 2
4693 9975 1
4708 9526 10
4708 9713 1
4708 8556 1
4708 8911 1
4708 8767 2
4708 8938 1
4715 9740 39
4715 9131 1
4715 9022 1
4715 9163 1
4722 9405 14
4722 8923 5
4722 9004 1
4722 9148 1
4734 8779 3
4734 9784 2
4734 8993 1
4734 9943 4
4734 9496 1
4734 9817 10
4734 9394 1
4735 9134 1
4735 9679 8
4754 9785 2
4775 8763 1
4775 9501 2
4775 8689 3
4775 9986 20
4775 8641 1
4775 9427 1
4775 9562 10
4775 9568 1
4786 8817 1
4786 9894 1
4786 8843 1
4786 9996 4
4786 8716 1
4786 9729 200
4786 9828 1
4801 9261 1
4801 9213 2
4801 8584 2
4810 8702 1
4810 9483 1
4810 9758 1
4810 9519 1
4810 9075 1
4810 9903 39
4822 8879 2
4822 9519 7
4822 9375 3
4822 9928 1
4822 9408 21
4843 9813 1
4843 9552 1
4848 8727 5
4848 9313 1
4853 8800 104
4853 9018 1
4853 9020 2
4853 9040 3
4853 9964 1
4854 9900 1
4872 8848 1
4872 9916 1
4881 9870 1
4881 9371 2
4881 9233 1
4881 9514 1
4881 9983 2
4881 9283 1
4882 9229 4
4882 9741 1
4882 8594 1
4882 9582 2
4886 9462 1
4924 9252 1
4924 9184 1
4924 9278 1
4924 9955 1
4931 9584 2
4931 9921 3
4931 8572 1
4931 9604 1
4936 9299 3
4936 8802 1
4936 8719 1
4936 9575 1
4936 9659 3
4936 9130 1
4936 9718 6
4936 9853 1
4936 9988 1
4948 8643 3
4948 8654 1
4948 9512 1
4950 9906 5
4950 9183 6
4950 8732 1
4950 9529 1
4950 9401 1
4964 8815 2
4974 9472 1
4974 8574 2
4974 9303 4
4988 9747 11
4988 8780 2
4988 8928 3
4994 9122 2
4994 9598 15
4994 9619 4
4994 9556 1
4997 8999 1
4997 9982 1
4997 8597 1
5000 9698 167
5008 9911 2
5008 9377 1
5026 9079 8
5026 9274 1
5026 9588 1
5026 9428 1
5026 9520 1
5026 8594 3
5026 9116 2
5026 9804 1
5026 8590 2
5057 9498 1
5057 9505 3
5064 9834 1
5064 8573 3
5064 8577 1
5064 9402 1
5064 9697 1
5064 9948 4
5064 9034 9
5064 9707 1
5064 9404 16
5064 9833 1
5072 9465 3
5072 9468 1
5072 9176 2
5072 9181 2
5102 8570 12
5102 9512 1
5102 9154 3
5102 8833 2
5102 8936 1
5102 9238 1
5102 9255 1
5102 9280 2
5102 8761 2
5102 9269 1
5102 9852 1
5109 9674 4
5109 9569 1
5117 9146 2
5117 8762 3
5117 8880 1
5117 9423 6
5117 8554 2
5117 9290 1
5117 9867 3
5180 9471 1
5180 9536 8
5180 9348 1
5180 9683 5
5190 9090 1
5190 9310 1
5199 8812 1
5199 9211 1
5199 9404 5
5199 9857 1
5199 9911 2
5199 9419 2
5229 8886 1
5229 9189 1
5229 9825 1
5229 9586 15
5235 8571 1
5238 9831 1
5255 8724 2
5255 9796 2
5255 8959 1
5263 9204 2
5263 8892 3
5268 9543 1
5268 9760 1
5309 9025 4
5309 9231 3
5309 9977 1
5309 9450 2
5309 9858 1
5309 9716 9
5309 9260 1
5309 9602 1
5315 9789 1
5315 8596 3
5315 9534 5
5319 9310 2
5319 8546 1
5319 9477 1
5319 9510 1
5327 8540 1
5334 9211 8
5334 9504 1
5334 9522 1
5334 9328 1
5341 8597 5
5381 9029 2
5381 9773 1
5381 8911 1
5381 9475 3
5384 8781 1
5384 9803 2
5384 9477 2
5384 9482 9
5384 9620 1
5384 9834 51
5408 9700 2
5408 8796 2
5411 9908 1
5411 9222 1
5411 9471 7
5411 9889 1
5416 8732 7
5416 9622 1
5444 9091 1
5444 8622 1
5444 9459 1
5452 9692 1
5452 9631 1
5452 9501 8
5452 9747 1
5455 9208 2
5463 9615 1
5463 9920 3
5463 9578 1
5463 9787 17
5463 9423 1
5463 9483 1
5463 9529 2
5463 9255 1
5463 9796 3
5463 9096 3
5469 9768 1
5469 8969 1
5469 8762 1
5469 8861 1
5471 9734 1
5471 8896 5
5473 9023 1
5474 9735 1
5475 9247 1
5475 8550 2
5475 8879 1
5482 9871 1
5499 8632 2
5499 8871 3
5499 9128 5
5499 9152 1
5499 9838 1
5519 9864 1
5519 9750 9
5519 8918 6
5519 9673 28
5528 9321 1
5528 9377 1
5528 9185 1
5528 8603 1
5528 8795 1
5534 8888 2
5534 9526 1
5541 8633 1
5541 9205 1
5561 9288 2
5561 9999 2
5561 8667 1
5572 9372 2
5572 8901 1
5572 9274 1
5572 9604 1
5572 9616 1
5572 9977 167
5572 8768 1
5593 8559 2
5593 9255 1
5593 9559 3
5593 9793 1
5593 9160 1
5627 8554 1
5627 9180 2
5627 8778 1
5627 9052 2
5627 9574 1
5627 9401 1
5627 9412 1
5628 9913 1
5628 9088 1
5628 9588 1
5628 8847 1
5628 9128 1
5645 8930 5
5645 9932 4
5673 9528 1
5673 8626 7
5673 9967 1
5674 9278 1
5674 8775 12
5674 9449 2
5674 8559 1
5682 9778 1
5682 9503 1
5682 8992 2
5688 9787 1
5700 9869 84
5700 8679 2
5700 9569 10
5705 8933 1
5705 8663 1
5705 9122 1
5705 9479 2
5724 8732 4
5724 9037 1
5724 9734 1
5724 9820 1
5727 9780 1
5727 8868 1
5727 9422 1
5727 9994 1
5727 9941 1
5727 9650 1
5736 9052 4
5736 9219 3
5736 8605 9
5736 9523 2
5738 8877 1
5744 9951 1
5744 8901 1
5744 9526 2
5744 9115 1
5752 9236 36
5752 9628 1
5777 9885 1
5777 8825 1
5777 9222 1
5777 9366 2
5800 8668 2
5800 9332 1
5800 8739 1
5800 9153 2
5800 9487 6
5813 9414 1
5813 8960 1
5813 9030 5
5831 9897 1
5831 8880 2
5833 9833 1
5833 9943 1
5840 8766 1
5840 8993 1
5840 9876 1
5842 8935 1
5842 9498 1
5849 9785 1
5849 9717 15
5849 8544 1
5849 9938 1
5894 9375 3
5894 9982 3
5937 9829 1
5937 9970 11
5937 9731 1
5937 9516 9
5937 9157 3
5937 9707 1
5937 9097 1
5937 8881 1
5958 9449 1
5958 9127 8
5958 9997 1
5958 9706 1
5958 9912 1
5958 8688 1
5958 9644 1
5958 9218 1
5970 9014 1
5970 9934 1
5970 9063 8
5971 9037 1
5971 9057 1
5971 9493 2
6007 8663 1
6007 9262 6
6007 8800 3
6007 9232 6
6007 8918 1
6007 9827 1
6012 9204 1
6012 8985 1
6012 9846 1
6012 8566 1
6021 9324 1
6021 9788 1
6021 9230 1
6030 9321 1
6030 8868 1
6030 9703 1
6030 9140 1
6037 8597 1
6037 9321 1
6037 9436 1
6037 9529 1
6037 9731 1
6050 9687 1
6050 8614 2
6063 9266 4
6063 9275 12
6075 9274 1
6075 8769 1
6075 8896 1
6075 9978 2
6075 9232 1
6077 9059 3
6077 9649 1
6077 8968 2
6077 9580 1
6077 9966 1
6077 9144 5
6077 9789 1
6084 8552 1
6084 9102 15
6096 9663 2
6096 8632 6
6096 8656 1
6096 8555 2
6096 9236 2
6114 8596 1
6114 8889 1
6114 9935 1
6119 9570 1
6119 9227 2
6119 8809 1
6119 9499 1
6119 8604 1
6119 9042 1
6119 9992 3
6128 9009 1
6128 9863 2
6128 9762 1
6128 8848 4
6128 8867 1
6128 9453 1
6136 9984 1
6136 8972 1
6136 9343 1
6136 8633 5
6136 9293 1
6136 9464 8
6147 7093 2
6147 8762 1
6147 9234 1
6147 9340 2
6147 8536 4
6147 8695 4
6147 9074 2
6150 8984 1
6150 8735 1
6150 9181 4
6150 9610 1
6150 9984 4
6150 9574 1
6150 8545 1
6150 9900 1
6152 9576 1
6152 9106 9
6152 9335 15
6152 8642 1
6152 9963 1
6155 8923 13
6155 9256 1
6164 9948 1
6164 9962 7
6164 8781 1
6182 9074 8
6182 9792 1
6182 9535 1
6182 8726 1
6182 8949 2
6182 9146 1
6195 8947 26
6195 8974 1
6195 9132 1
6195 9189 1
6195 9511 2
6195 9045 1
6195 9705 1
6213 9687 2
6228 9691 1
6228 8614 1
6228 9175 2
6228 9580 1
6228 8648 1
6240 9795 1
6240 9338 1
6240 9399 5
6240 8967 2
6240 9868 1
6240 8674 3
6263 9844 1
6263 9885 1
6263 8726 6
6263 8971 1
6263 9600 6
6337 9870 7
6337 9690 1
6337 9907 1
6370 8722 1
6388 9432 1
6388 9949 1
6418 8805 1
6418 8963 1
6418 8766 1
6418 8801 3
6418 8821 2
6425 9421 1
6425 9925 10
6425 9641 3
6425 9000 2
6425 9668 1
6425 8809 1
6430 9102 1
6430 8895 1
6430 8843 1
6430 8908 12
6432 9803 1
6432 9770 2
6462 9699 1
6462 8581 1
6471 9493 1
6471 8537 1
6471 9187 7
6471 8895 1
6471 9234 1
6492 9103 3
6492 9312 1
6492 8959 5
6492 8692 1
6492 8855 1
6492 9402 1
6492 9631 200
6492 8813 2
6496 8972 3
6496 8971 1
6496 9720 1
6496 8935 35
6496 9442 79
6514 8896 3
6516 9538 2
6516 9289 9
6516 9946 4
6522 9455 1
6537 9485 12
6537 8711 1
6537 9153 29
6537 9590 2
6555 9682 1
6555 9082 3
6555 9258 1
6555 9785 1
6558 9600 5
6558 9326 1
6558 9974 2
6566 9005 1
6566 8890 3
6566 9426 1
6566 8550 11
6566 9680 1
6574 9146 2
6574 9424 4
6574 9132 1
6574 9479 3
6574 9705 1
6574 8720 1
6574 9922 1
6577 9585 7
6577 9831 1
6577 8994 3
6577 9634 1
6577 9442 1
6583 9638 1
6583 9799 2
6583 8658 1
6583 9514 3
6589 8576 1
6589 8560 2
6589 8841 1
6598 8864 1
6598 9080 1
6598 8943 1
6598 9894 1
6608 9251 1
6608 9623 1
6608 9681 14
6608 9073 6
6608 9792 1
6621 9702 1
6621 8958 1
6621 9382 10
6621 9943 1
6639 9887 1
6641 9429 1
6641 9664 4
6641 9234 3
6641 9391 27
6641 9911 1
6651 9069 6
6651 8637 1
6651 9125 2
6651 9388 3
6651 9405 2
6664 8947 10
6664 9808 2
6664 9747 1
6664 9225 2
6664 9845 3
6668 8736 7
6668 8792 1
6668 9003 2
6668 9682 1
6675 9156 4
6675 9868 1
6681 9374 1
6681 9438 3
6681 8795 1
6681 9021 1
6681 9386 1
6681 8626 1
6681 8861 1
6681 9699 1
6732 8948 1
6732 8786 1
6732 9307 1
6744 9584 1
6744 9408 1
6744 8740 1
6744 9591 1
6744 9735 1
6744 9218 1
6744 8554 1
6769 9448 1
6769 9462 1
6769 9565 2
6776 9559 1
6776 9567 1
6776 8867 2
6776 9199 1
6776 9966 1
6776 8576 5
6776 9101 14
6776 9679 1
6776 9922 1
6776 9068 21
6783 8630 1
6783 9017 1
6783 9526 20
6783 8682 1
6783 9800 3
6783 8792 1
6783 9842 3
6786 9493 1
6786 9892 1
6786 9835 12
6786 9776 2
6789 9309 1
6789 9501 1
6790 9289 1
6790 9912 1
6801 9109 2
6801 8781 17
6801 9541 3
6801 9038 2
6803 9135 1
6803 8927 1
6803 8697 3
6809 8815 1
6809 9793 2
6809 8765 3
6812 9112 1
6812 9788 2
6818 8736 1
6818 9404 2
6818 9782 1
6818 9544 1
6825 9548 1
6825 9234 1
6825 9824 8
6825 8987 1
6844 8538 1
6844 8702 25
6844 9172 3
6848 9876 1
6848 9112 2
6848 9531 1
6848 9863 1
6848 8539 1
6848 8925 2
6848 9249 2
6848 9717 1
6848 8694 1
6865 8849 8
6865 9827 7
6865 8590 1
6865 9267 1
6873 9918 1
6873 8663 1
6873 9971 1
6873 8994 1
6879 9469 4
6879 8740 2
6879 8985 1
6879 9075 16
6879 9807 1
6879 9334 1
6888 9912 2
6888 9958 5
6888 8641 1
6888 9387 1
6888 9482 1
6888 9258 2
6888 9278 1
6888 9057 4
6891 9581 4
6891 9747 1
6891 9828 1
6891 9166 3
6891 8940 6
6891 9849 1
6891 9338 4
6891 9720 1
6891 8732 1
6891 9316 4
6896 9292 3
6896 9371 2
6896 9382 4
6903 9342 2
6903 9578 1
6903 8625 9
6903 8607 3
6912 9314 2
6912 9431 1
6912 9308 1
6917 9946 36
6917 8570 3
6952 8940 2
6952 9000 1
6952 8978 2
6952 9292 9
6952 9948 5
6997 9016 3
6997 8707 1
6997 8656 5
7010 8636 3
7010 8875 1
7010 9399 1
7010 9411 3
7010 9492 1
7019 9562 3
7019 8902 4
7019 9183 2
7019 8640 1
7019 9852 144
7019 8573 45
7040 9142 3
7054 9573 3
7054 9150 6
7054 9176 1
7054 9777 1
7085 9445 2
7085 8546 1
7088 9158 1
7088 8731 1
7088 9135 1
7088 9617 1
7093 8774 1
7093 9045 1
7093 9313 4
7093 8694 1
7093 8833 1
7093 8947 2
7108 9109 6
7113 8891 4
7127 9364 1
7127 9873 2
7128 9430 90
7128 8733 2
7128 9026 2
7131 9544 1
7131 9297 6
7131 9727 1
7138 9986 11
7138 9482 1
7140 9256 1
7142 9392 1
7142 8925 2
7148 8588 4
7148 8693 1
7148 8731 8
7149 9288 2
7149 8563 1
7149 9196 1
7181 8590 1
7181 8702 1
7181 8967 1
7204 9493 1
7204 8844 1
7204 9086 2
7227 9640 1
7227 9131 1
7227 9284 1
7227 8816 1
7248 8854 2
7248 9959 1
7251 9332 1
7251 9956 1
7251 8849 1
7251 9127 2
7252 9154 1
7252 8609 1
7252 9006 1
7285 8821 1
7285 8905 1
7285 9329 1
7285 9596 3
7287 9727 10
7287 9250 1
7287 9548 1
7287 9654 5
7287 9731 1
7290 8624 1
7290 8625 4
7290 8767 6
7290 8837 4
7290 9282 1
7290 9344 1
7290 8979 1
7290 9089 1
7290 9144 2
7290 9409 1
7321 9963 28
7321 9493 1
7324 9674 1
7324 9106 1
7324 8963 1
7324 9355 1
7325 8671 43
7325 9261 22
7330 9459 2
7330 8815 151
7330 9741 4
7330 9799 1
7339 8952 2
7378 9018 6
7378 9128 1
7378 9512 3
7378 8625 1
7378 8833 1
7397 9611 3
7401 9975 1
7401 8624 22
7401 9787 13
7401 9052 2
7417 8929 1
7417 9063 1
7417 9921 1
7417 9791 1
7417 9986 49
7417 9817 2
7417 9127 1
7425 8940 13
7425 9519 4
7432 8542 2
7445 9983 1
7445 8761 1
7445 9945 2
7445 9844 2
7466 9187 2
7466 9006 2
7466 9472 5
7466 9755 1
7466 9792 1
7481 8880 3
7481 9619 2
7481 9814 1
7481 9981 1
7481 9185 2
7492 9762 3
7492 9227 1
7492 8627 2
7492 8643 1
7492 9123 15
7492 9140 1
7492 9796 9
7502 9569 1
7502 9702 1
7502 9999 4
7505 8818 2
7505 9412 1
7510 8967 4
7510 9372 1
7510 9782 1
7510 9977 5
7523 9564 7
7523 9090 6
7523 9892 1
7527 8826 1
7527 9163 1
7542 9530 1
7542 9836 1
7542 8693 1
7573 9576 1
7573 8607 1
7573 9169 2
7585 9760 1
7585 9704 1
7630 9785 4
7630 9165 1
7630 9316 1
7630 9475 3
7635 9146 1
7635 8841 2
7635 9544 1
7635 9842 1
7635 9983 1
7638 8891 1
7638 8967 4
7638 9255 1
7638 9328 1
7638 9618 20
7638 9697 5
7646 9182 1
7646 9220 1
7646 9303 1
7646 9441 10
7654 8834 1
7654 8570 2
7654 9221 1
7654 8860 1
7654 9570 1
7658 8569 2
7658 8681 1
7658 9375 1
7658 9898 1
7668 9621 1
7668 8683 1
7668 9274 3
7691 9573 2
7691 8912 1
7691 9408 1
7691 8802 1
7691 9250 2
7691 9473 1
7691 9875 6
7694 9038 1
7694 9438 2
7694 9502 2
7697 9753 1
7697 9284 5
7697 9687 1
7701 9673 3
7701 9110 1
7701 9115 2
7701 9469 1
7701 9157 1
7715 9028 1
7715 8802 5
7736 9605 1
7736 8791 1
7743 8911 1
7743 8978 1
7743 9410 1
7743 9908 1
7755 9989 1
7755 9625 1
7764 9030 1
7766 8634 1
7766 9116 2
7793 8958 1
7814 9771 1
7829 9531 1
7849 8715 5
7849 9148 1
7849 9979 1
7849 8739 1
7854 9974 1
7854 9222 10
7854 9462 1
7854 9615 1
7854 8877 4
7854 9110 1
7854 9301 1
7854 9375 1
7857 8910 8
7857 9607 1
7873 9971 3
7873 9005 1
7873 9482 7
7873 9986 1
7873 8724 11
7906 9401 4
7906 8955 1
7906 9208 1
7906 9353 1
7906 9005 1
7918 9674 2
7918 9770 1
7918 9113 1
7918 9094 2
7926 8841 1
7926 9549 1
7930 8671 2
7930 8815 1
7930 9536 6
7930 9913 1
7930 9160 2
7930 8877 1
7930 9331 1
7930 9946 1
7932 8571 3
7932 9449 1
7932 8817 1
7932 9944 35
7932 8701 1
7932 9559 9
7932 9648 2
7938 9640 18
7948 9589 3
7948 8879 1
7948 9958 1
7949 9632 2
7949 9092 2
7949 9924 4
7949 9247 1
7949 9791 3
7949 9875 2
7970 9550 1
7970 9308 1
7970 9987 1
7975 9868 18
7975 8835 30
7984 9873 3
7997 9800 1
7998 9014 2
7998 9705 2
7998 9239 16
8000 8534 6
8000 9953 1
8000 9837 3
8015 8624 1
8015 8814 1
8015 8696 1
8017 9852 5
8018 9561 1
8018 8596 1
8018 8602 28
8018 8809 15
8018 8891 1
8018 9151 1
8018 9958 1
8023 8769 1
8023 9795 1
8044 9976 1
8044 8658 8
8044 8752 1
8044 9410 1
8047 9901 18
8047 8814 1
8075 9663 2
8075 8778 1
8078 9878 1
8088 9680 1
8088 9699 1
8098 9132 1
8098 8779 1
8098 8966 1
8098 9551 1
8098 9935 1
8098 8826 1
8098 9863 2
8134 8892 9
8135 9587 1
8142 8789 1
8142 8751 3
8142 9504 2
8160 9089 1
8160 9738 2
8160 8984 1
8160 9110 1
8172 8913 1
8172 8878 2
8172 8538 1
8172 8601 10
8172 8948 3
8172 9960 1
8177 8660 12
8177 9137 1
8177 9312 2
8177 9638 3
8177 9664 2
8199 8552 1
8199 9260 1
8199 8605 2
8199 8871 1
8199 9086 3
8199 9971 1
8199 8706 5
8199 8918 3
8199 9887 1
8208 9218 1
8211 9365 1
8211 8626 1
8211 9219 3
8232 8767 10
8232 9906 1
8242 9382 12
8242 9716 6
8242 9514 4
8242 9903 1
8242 9974 1
8242 8686 1
8242 9207 1
8267 8659 18
8267 9548 1
8267 8876 1
8267 9316 1
8267 8642 1
8267 9735 2
8269 9995 1
8269 9971 4
8269 9260 2
8269 9263 1
8271 9889 1
8271 8594 1
8271 9342 1
8271 9106 1
8271 9743 1
8275 9247 2
8275 9182 1
8275 9899 1
8275 8694 1
8275 9584 3
8288 9746 2
8288 9924 3
8300 8621 1
8300 9023 1
8313 9110 1
8313 8668 1
8313 9475 1
8316 8667 1
8316 8603 6
8316 9807 1
8316 9297 3
8316 9423 1
8316 9516 1
8316 9859 19
8316 8790 1
8316 9199 1
8316 9237 1
8322 9236 8
8322 8759 5
8322 9895 2
8355 9645 1
8355 8876 1
8355 9567 1
8355 9416 1
8378 8546 1
8378 9529 1
8399 9885 3
8399 9457 3
8401 9156 1
8401 9197 7
8401 9102 1
8401 9804 1
8406 8789 2
8406 9679 1
8406 8673 1
8406 8903 7
8406 9107 2
8406 9249 7
8409 9703 1
8409 9228 1
8409 9022 5
8409 9914 2
8409 9339 5
8409 9520 1
8410 9742 1
8410 9284 1
8410 9834 1
8410 9779 2
8410 9800 1
8448 9705 1
8448 9478 2
8466 9780 1
8466 8688 5
8466 9594 1
8481 9026 1
8481 8677 1
8481 8662 1
8481 9386 1
8505 9399 1
8505 9745 17
8531 8615 17
8532 9405 1
8532 9705 7
8532 9764 2
8532 8655 4
8533 9520 1
8533 8667 1
8533 8880 1
8533 9410 2
8533 8727 1
8533 9767 1
8535 8592 1
8536 8839 2
8539 8758 1
8540 9647 1
8541 8904 1
8542 9818 1
8547 9834 1
8547 9879 1
8548 9796 1
8548 8684 1
8548 9503 1
8549 8613 1
8550 9360 4
8551 8703 1
8551 9095 1
8551 8856 3
8552 9866 1
8553 9406 33
8553 9144 3
8553 9512 10
8553 9122 1
8553 9713 1
8553 9820 6
8553 9876 7
8555 8676 1
8555 8653 1
8557 9135 1
8557 8726 1
8557 9958 1
8557 8963 10
8557 9196 1
8557 9698 1
8557 9817 1
8558 9068 11
8558 9694 1
8558 9829 1
8558 9013 1
8558 9687 1
8559 8666 2
8560 8589 1
8560 8924 1
8561 8719 1
8561 9686 3
8562 8708 1
8563 8915 1
8564 9565 1
8564 9888 1
8564 9749 1
8564 8805 2
8565 8956 1
8566 8916 1
8566 8934 1
8567 9425 1
8567 9596 1
8568 9322 1
8568 9989 6
8570 8797 1
8570 8887 3
8572 9001 1
8573 8747 1
8575 8703 1
8577 8941 2
8578 8956 4
8579 9258 2
8582 8870 2
8582 8887 2
8582 8709 5
8583 9426 2
8583 9454 14
8583 8719 1
8583 8624 1
8583 9329 1
8583 8993 1
8583 9255 1
8585 9548 1
8585 9598 10
8586 9549 1
8586 9900 1
8586 9964 1
8587 9232 3
8587 9619 36
8587 9961 1
8588 8827 1
8589 9622 2
8591 8814 1
8591 8979 1
8591 9895 3
8591 9114 1
8591 9426 57
8591 9605 1
8591 9531 2
8591 9724 1
8592 9694 2
8592 9675 3
8592 9173 1
8592 8641 2
8592 9028 2
8592 9870 1
8593 9578 1
8593 9230 2
8593 9688 1
8593 9548 3
8593 9764 5
8594 8753 3
8595 9353 1
8595 9865 23
8599 8759 1
8599 9248 1
8599 9423 1
8600 8944 1
8601 9491 3
8607 8672 2
8608 8897 1
8608 8764 1
8610 8668 1
8610 9468 2
8611 8821 7
8611 9124 12
8612 8975 200
8613 9157 4
8613 8859 1
8613 9268 1
8613 9520 1
8613 9835 2
8613 9515 1
8614 8665 1
8615 8789 4
8615 9355 1
8615 8927 2
8616 8678 2
8617 9899 2
8618 9817 1
8618 8906 1
8618 9522 1
8618 9819 3
8619 8912 2
8620 9445 1
8620 9619 7
8623 9536 2
8623 8719 1
8627 9081 2
8627 9360 1
8628 9296 1
8629 9222 1
8629 8836 1
8629 9832 1
8629 9090 1
8630 9930 1
8630 8676 1
8630 9689 1
8631 9610 1
8633 9001 2
8633 9095 1
8634 8717 1
8635 9013 3
8635 9863 1
8635 9590 1
8637 8941 1
8638 9173 1
8639 9319 15
8640 9891 1
8640 8921 1
8644 9233 1
8645 8776 1
8647 9667 3
8647 9203 1
8647 9217 1
8647 9738 1
8648 8832 1
8649 8809 1
8649 9078 1
8649 9217 1
8649 9844 2
8649 9465 1
8652 9686 1
8652 8933 2
8652 9155 1
8652 9890 5
8653 9910 1
8653 8928 4
8653 8689 1
8653 9294 1
8657 9337 1
8658 8831 1
8659 8982 6
8660 8750 1
8661 9917 2
8661 9340 1
8661 9278 13
8661 9599 3
8661 9114 1
8661 8949 2
8662 8754 4
8662 8869 1
8665 8685 1
8665 9250 2
8665 9447 1
8665 9871 1
8665 8877 1
8665 9471 2
8665 8981 2
8665 9630 7
8666 9746 3
8668 9027 1
8669 9868 1
8669 8907 1
8669 8974 1
8669 9641 4
8672 9698 1
8672 9487 1
8672 9248 2
8672 8843 15
8672 9317 3
8672 9338 2
8672 9486 2
8673 8851 1
8675 9696 9
8675 9915 1
8675 9450 1
8675 9364 1
8676 9790 6
8676 8727 1
8676 9069 2
8677 8975 5
8678 8869 1
8680 9420 1
8680 9270 18
8680 8687 1
8681 9715 9
8683 8700 200
8686 8770 3
8690 9485 10
8691 9164 1
8692 8945 7
8692 8946 1
8693 8754 1
8696 9930 4
8697 8799 3
8698 9857 1
8699 9204 9
8699 8735 1
8699 8873 1
8700 9655 1
8700 9537 1
8700 9004 1
8700 8731 2
8700 9110 1
8700 9392 1
8700 9628 2
8700 9513 11
8702 8942 1
8703 8902 2
8703 8761 3
8703 9479 1
8703 9990 2
8703 8813 1
8704 9450 1
8705 8986 2
8705 8747 1
8705 8824 1
8706 8884 2
8707 8915 1
8709 8768 1
8709 9734 2
8709 9957 2
8710 9113 1
8710 9068 1
8710 9549 1
8710 9497 3
8711 8941 1
8714 9283 1
8714 9329 1
8714 8768 1
8714 9373 15
8714 9538 3
8715 9117 1
8715 8870 1
8715 8748 1
8715 8941 1
8717 9330 1
8717 9868 1
8718 8844 1
8718 8774 1
8718 9020 1
8718 9337 3
8719 9805 2
8719 9168 1
8721 9164 1
8721 9691 31
8722 8803 1
8722 8737 3
8723 8937 1
8723 8915 1
8723 8934 1
8725 9290 1
8725 9468 1
8725 9483 1
8725 9987 5
8725 9740 1
8728 9658 3
8729 9485 1
8730 8852 1
8730 8840 2
8730 9652 5
8732 9346 1
8734 9697 1
8734 8920 1
8734 9368 2
8737 8963 3
8737 9459 1
8737 9606 2
8737 9997 1
8738 9695 1
8739 9279 1
8740 8753 2
8740 8956 2
8740 8957 4
8742 9117 1
8742 8998 1
8743 9807 5
8744 9564 1
8744 9030 3
8744 9635 1
8745 9338 2
8745 9576 4
8745 8976 1
8745 8958 1
8746 9615 1
8748 9413 1
8748 9344 4
8748 9301 1
8750 9844 1
8750 9109 5
8750 9262 1
8751 8754 4
8753 9913 2
8753 9515 1
8753 9438 1
8753 9775 1
8753 9105 1
8753 9415 1
8754 9690 3
8754 9656 2
8755 8759 2
8756 8882 1
8756 9901 1
8757 9105 1
8757 9109 1
8758 9067 1
8759 9053 1
8760 9524 6
8760 9543 2
8760 9729 11
8761 9929 1
8766 8831 2
8770 9328 2
8770 8960 4
8770 9366 6
8770 8830 11
8771 9439 1
8772 9189 1
8773 8860 5
8773 9485 7
8773 9548 25
8774 8866 1
8776 9199 1
8776 9659 1
8776 9939 1
8777 9164 3
8777 9439 9
8777 9934 4
8777 9965 1
8780 9001 4
8782 9583 2
8784 9862 1
8784 9707 5
8784 9252 1
8784 8926 1
8785 9126 1
8785 9871 1
8785 9655 2
8785 9615 1
8787 9173 1
8787 8790 1
8787 9953 4
8787 9105 1
8787 9324 1
8787 9779 1
8788 8902 1
8790 9095 1
8793 8954 1
8794 9491 3
8797 9455 1
8797 9185 3
8797 9912 5
8798 8978 2
8798 9561 17
8799 9181 2
8799 9228 1
8799 9307 2
8799 8918 1
8799 9917 4
8799 8841 2
8799 9130 1
8803 9825 2
8804 9583 1
8804 9319 1
8805 8965 4
8805 9866 4
8807 8857 1
8807 9974 1
8807 9014 1
8807 9465 1
8807 9716 2
8808 9416 3
8809 9121 2
8810 8956 1
8811 9497 1
8811 9445 5
8812 8893 4
8819 8870 38
8820 9867 3
8820 9343 1
8820 9145 1
8820 9809 2
8822 9115 1
8822 8952 7
8822 9100 1
8824 9238 1
8824 9933 2
8827 9268 1
8828 9079 1
8828 9468 2
8828 9960 1
8828 9269 2
8828 9393 1
8828 9408 1
8828 9140 4
8829 9832 1
8829 9118 1
8831 9616 1
8831 9453 1
8831 9673 1
8831 9997 1
8832 9251 1
8832 9556 1
8837 9039 3
8838 9213 3
8839 8882 1
8839 9099 2
8840 8888 1
8842 9805 1
8845 8960 2
8845 9885 3
8845 9284 1
8846 9998 1
8846 9934 1
8848 8977 5
8849 9306 200
8851 9106 1
8851 9871 3
8853 9887 2
8856 9878 1
8858 9134 1
8860 8944 1
8862 9321 1
8862 9292 1
8862 9978 1
8862 9837 2
8862 9499 1
8862 9967 6
8863 9056 3
8863 8932 1
8865 9783 2
8866 9848 3
8866 9395 3
8866 9136 1
8866 9659 1
8866 9289 2
8869 8993 1
8871 8921 2
8872 8944 1
8873 8944 1
8874 9818 7
8875 9884 8
8877 9053 1
8877 8885 2
8878 9360 5
8881 9306 5
8882 8939 1
8883 9564 2
8883 9604 2
8884 9724 1
8884 9565 1
8884 9393 1
8884 9585 1
8885 8904 2
8885 9132 5
8887 9105 3
8890 8970 21
8890 8982 1
8893 9129 12
8893 9574 1
8894 9005 1
8894 9587 2
8898 8917 7
8899 9405 2
8899 8973 1
8900 9425 3
8900 9106 1
8900 9778 1
8900 9588 1
8902 8939 24
8903 8991 1
8906 8932 1
8909 9104 1
8909 9605 1
8910 9027 3
8913 9245 2
8913 9056 1
8914 9125 1
8914 9231 10
8914 9078 1
8915 9798 1
8915 9112 1
8915 8925 1
8915 9128 38
8915 9235 1
8915 9478 6
8915 9564 1
8916 9416 1
8917 9847 2
8917 9784 1
8917 9426 1
8917 9333 1
8919 9505 1
8921 9181 3
8921 9950 5
8922 9981 3
8922 9013 10
8922 9405 1
8922 9580 1
8922 9623 5
8922 9984 1
8923 8946 1
8924 9524 1
8924 9353 1
8924 9628 1
8931 8994 1
8931 9186 1
8931 9462 1
8932 9945 6
8932 9825 1
8932 9029 2
8932 9474 1
8932 9978 1
8934 8962 5
8939 9619 1
8939 9114 2
8941 9895 3
8941 9316 21
8941 9453 5
8941 9828 20
8942 9499 1
8942 9849 1
8944 9857 1
8944 9244 1
8944 9791 1
8945 8960 4
8945 9048 1
8945 9002 2
8946 9163 1
8946 9690 3
8946 9655 1
8953 9141 1
8954 8987 4
8956 9898 1
8956 9994 1
8956 9650 1
8956 9860 1
8956 9916 2
8956 9426 1
8957 9650 6
8957 9107 3
8957 9890 1
8957 9730 1
8961 9584 1
8964 9185 3
8964 9182 1
8965 9274 1
8965 9416 2
8965 8984 7
8965 9953 1
8965 9979 4
8968 9318 2
8970 9031 7
8975 9084 4
8975 9807 1
8975 9926 1
8975 9757 1
8977 9584 7
8977 9871 3
8977 9815 26
8978 9583 25
8980 9479 2
8980 9416 1
8980 9000 1
8982 9922 1
8982 9831 1
8982 9918 1
8985 9056 5
8985 9241 29
8986 9682 2
8986 9966 1
8987 9545 4
8991 9271 1
8991 9735 2
8991 9959 1
8991 9256 1
8991 9315 1
8991 9368 2
8997 9583 1
8999 9354 1
9000 9715 1
9001 9649 1
9002 9276 1
9004 9689 1
9006 9276 1
9008 9376 12
9013 9279 1
9015 9041 3
9026 9095 4
9027 9809 1
9027 9414 1
9027 9898 1
9032 9323 1
9035 9367 2
9039 9760 1
9039 9275 1
9043 9547 1
9053 9235 2
9053 9123 3
9056 9401 1
9056 9810 12
9056 9887 2
9062 9077 1
9062 9229 2
9065 9658 1
9069 9695 1
9072 9339 2
9072 9229 1
9079 9167 1
9081 9999 1
9081 9250 1
9081 9353 1
9081 9544 2
9081 9563 1
9081 9321 1
9084 9264 1
9086 9972 4
9095 9314 1
9095 9322 5
9095 9382 3
9096 9434 2
9101 9947 1
9103 9652 1
9109 9360 1
9117 9963 1
9117 9170 1
9117 9648 1
9119 9241 1
9120 9550 1
9120 9963 12
9120 9897 2
9121 9166 5
9126 9245 1
9131 9891 1
9141 9484 74
9152 9484 1
9155 9202 1
9156 9929 2
9157 9461 1
9162 9354 9
9166 9554 1
9167 9486 3
9168 9950 13
9177 9660 2
9178 9811 1
9184 9456 1
9186 9193 1
9188 9805 16
9191 9563 1
9191 9613 1
9191 9819 1
9193 9897 1
9198 9601 21
9202 9478 16
9202 9361 2
9202 9759 1
9202 9359 3
9203 9360 1
9206 9583 2
9208 9947 1
9212 9752 1
9221 9752 10
9241 9910 1
9244 9245 1
9245 9875 1
9245 9848 1
9264 9299 1
9264 9894 1
9273 9818 1
9276 9537 3
9276 9649 2
9279 9863 1
9280 9319 2
9285 9461 1
9295 9360 1
9295 9434 1
9295 9930 1
9296 9460 1
9306 9340 1
9314 9783 1
9318 9639 13
9318 9455 1
9330 9476 1
9339 9652 1
9346 9748 2
9346 9594 3
9354 9427 1
9354 9777 4
9354 9952 1
9360 9519 2
9360 9981 1
9365 9695 1
9365 9545 1
9372 9723 1
9378 9783 4
9383 9949 2
9383 9617 8
9387 9695 1
9401 9456 1
9406 9923 10
9424 9801 1
9428 9652 1
9428 9805 1
9428 9930 1
9429 9539 1
9436 9476 1
9438 9866 1
9456 9917 17
9461 9503 2
9461 9810 3
9461 9945 3
9464 9972 1
9474 9715 27
9484 9639 2
9491 9662 1
9491 9510 1
9494 9552 1
9494 9702 1
9506 9546 1
9521 9893 2
9528 9947 22
9538 9652 1
9550 9972 5
9557 9651 1
9583 9865 6
9607 9818 1
9630 9752 1
9637 9930 14
9647 9768 1
9652 9991 1
9675 9736 1
9715 9750 1
9723 9782 1
9723 9798 1
9723 9860 2
9736 9827 1
9751 9854 1
9752 9776 8
9768 9923 5
9774 9923 8
9783 9931 1
9818 9858 1
9861 9891 2
9869 9947 1
9884 9957 1
