6 9973 1
6 8598 1
6 9457 1
6 9347 1
6 8957 7
16 9932 2
16 9976 2
20 9631 1
30 9124 4
30 9649 3
30 9258 1
30 9293 1
35 8824 1
35 8880 1
35 9222 2
47 9418 2
47 9650 1
80 9190 1
80 9006 1
80 9139 1
80 9196 1
80 8930 1
80 9298 1
84 9594 5
84 9447 1
84 9908 1
94 9557 8
94 9058 1
94 9241 1
94 8961 1
94 9327 2
104 9710 1
104 8584 3
104 9155 1
112 9515 2
112 9849 1
112 9470 90
112 9660 1
112 9436 1
141 9481 1
141 8687 1
141 9697 1
141 8800 1
146 8746 2
146 9992 1
146 9208 1
147 8639 1
147 9043 39
147 9927 1
147 9156 1
165 9652 2
165 9637 1
165 9703 1
165 9059 1
166 9618 1
166 9553 1
166 8700 2
166 8811 1
166 9436 2
166 9952 2
172 9808 1
172 9475 2
200 9901 59
200 9145 17
200 9514 2
200 9654 1
202 9263 3
202 9495 2
202 9941 4
207 9084 1
207 8626 1
207 9114 1
214 9071 2
214 8592 1
214 9121 1
214 9573 1
214 9514 2
214 9920 2
214 8803 1
214 8948 12
214 9346 1
214 9759 3
214 8574 5
214 8946 1
218 9459 1
218 9211 1
218 9715 1
218 9157 1
218 9993 1
219 9575 1
219 9087 2
220 9987 1
220 9895 1
220 9839 1
220 8841 1
227 9174 1
227 9963 1
227 9979 1
234 9450 2
234 9883 1
234 9062 1
234 9995 2
236 9443 2
236 8657 1
236 8799 2
236 8909 2
236 9334 1
249 9899 1
249 8575 4
249 8635 2
249 9319 1
260 9341 1
260 9458 2
263 8810 1
271 9856 183
271 9689 2
271 8590 4
271 8999 5
271 9263 1
271 9734 1
274 9738 1
274 8914 5
278 9810 1
283 9992 8
283 9411 1
286 4454 2
286 8929 1
289 8606 1
289 9888 2
289 8605 1
291 9897 25
291 8778 4
343 8843 1
343 9015 2
359 9100 1
359 9366 1
359 9379 1
359 9623 3
359 9970 4
359 9256 1
359 9824 1
377 9842 9
377 8827 3
377 9242 3
377 9344 3
377 9579 1
377 9938 1
377 9751 2
410 9678 2
410 9089 2
410 9562 2
418 9782 1
418 9516 2
433 9135 13
467 8766 3
467 9245 1
478 8819 27
478 9902 2
478 9701 1
492 8881 2
492 9058 1
492 9714 1
492 9658 2
492 8987 1
492 9034 1
503 8720 1
503 9106 1
503 8930 29
503 8866 1
503 8914 20
510 8923 1
510 9350 2
510 9109 7
510 9357 1
510 9908 1
510 8662 3
510 8885 7
512 8826 1
512 9829 5
512 9758 1
512 9580 6
514 9663 1
514 9102 1
514 8951 1
514 8758 1
514 8592 10
515 9643 1
518 8768 1
518 9336 1
520 9811 8
520 8701 1
520 9190 5
521 8781 2
521 9506 3
521 9103 8
521 9140 1
521 9622 1
521 8963 1
521 9356 1
521 9521 1
521 9674 1
529 9174 8
529 9839 2
549 9401 6
549 8665 1
549 9213 1
555 9019 7
555 9171 1
555 9463 2
555 8613 1
563 9411 2
563 9774 1
563 9791 1
579 8957 1
579 9304 1
592 8806 1
592 9288 2
592 9814 11
592 9335 1
592 9856 4
598 9222 1
598 9918 4
599 8851 1
599 9242 1
599 9514 1
623 8743 1
623 9833 1
626 9724 2
646 9922 1
646 8689 1
646 9261 39
646 9724 1
646 8851 56
646 9414 1
648 9807 1
648 9322 4
648 9512 1
648 9750 1
648 9214 1
648 8830 5
648 9417 1
648 9968 1
649 8977 2
649 9892 2
653 9926 2
653 8574 11
653 8878 1
653 8693 1
653 9476 1
653 9856 1
683 9740 1
683 8691 3
683 9669 11
685 8943 1
685 9792 12
685 9000 3
685 9282 2
685 9408 14
692 9840 1
692 9385 2
694 8809 1
694 8873 1
694 9550 12
710 9244 8
710 8898 32
710 9763 1
710 9508 1
710 9570 1
715 9448 1
715 9497 1
715 8984 1
715 9018 1
718 9222 5
718 9546 4
718 9603 1
718 9974 1
718 9559 1
767 9559 1
774 8875 2
785 9160 1
785 9501 1
787 9649 3
787 9189 1
787 9417 1
787 9624 2
816 9089 1
816 8943 1
816 8977 1
816 9550 1
816 9662 1
816 8770 3
816 8931 1
832 8857 1
832 9991 1
832 9964 1
832 9212 3
832 9411 41
868 9265 1
868 8598 14
868 9449 2
871 9756 1
871 9918 1
871 9982 1
896 9479 1
896 9970 3
896 9469 1
896 9476 1
896 9897 3
902 9582 1
902 9917 1
902 8786 1
902 9486 1
902 9675 1
916 9930 1
916 9688 1
916 9910 2
916 9379 2
925 8870 16
926 9546 3
926 8606 3
926 9475 1
926 9248 1
926 9004 1
926 9414 2
926 9840 2
926 9242 1
926 9354 1
948 8831 2
948 9985 1
948 9438 1
948 9255 2
948 9011 1
948 9634 3
948 9913 1
948 9110 2
948 9459 5
948 9775 1
951 8774 3
951 9896 1
951 9771 5
951 9091 1
951 9297 80
953 9758 2
953 9712 1
974 8939 1
994 9227 1
994 8674 1
994 8763 7
994 9806 2
998 9315 1
998 9499 1
998 9909 1
1002 9748 1
1002 8577 2
1002 9247 2
1002 9092 1
1008 9826 5
1008 9348 1
1008 9741 1
1008 9102 1
1023 8675 1
1023 8825 1
1023 8857 1
1023 9638 1
1023 9393 1
1023 8898 1
1023 9687 1
1043 8908 1
1043 9280 4
1043 9546 3
1075 9242 1
1075 9738 4
1075 9756 7
1083 9981 1
1083 8916 3
1083 9761 2
1083 9967 1
1083 8909 16
1083 9100 168
1083 9684 1
1083 8931 1
1083 9734 2
1083 9913 1
1091 8770 1
1091 9625 3
1091 8642 3
1091 8937 1
1091 9058 6
1091 9089 1
1094 8802 1
1094 9299 2
1094 9263 1
1094 8674 1
1094 9505 1
1094 8576 1
1094 9631 4
1098 9795 1
1098 9069 1
1098 9113 1
1098 8687 1
1098 9455 1
1098 9928 3
1098 9978 8
1102 8776 1
1102 9873 1
1102 8899 1
1102 8921 2
1102 9044 1
1102 9147 1
1126 9276 1
1126 9328 2
1126 9211 1
1137 9867 6
1138 8720 1
1138 9715 6
1138 8839 4
1138 9921 5
1138 9973 1
1138 9169 33
1138 9000 3
1138 9124 4
1138 9404 1
1147 9070 1
1147 8769 1
1147 8967 1
1147 9032 5
1147 9939 187
1151 8583 1
1151 9851 1
1151 9703 1
1177 8935 1
1177 9071 2
1186 8931 1
1186 9394 1
1186 8589 132
1186 8562 2
1186 8986 1
1186 9392 2
1188 8635 1
1188 9987 7
1188 9752 4
1198 9234 1
1198 8998 2
1207 9042 1
1207 9837 1
1207 9645 6
1207 9834 1
1207 8565 1
1207 8822 1
1207 9140 3
1209 9284 2
1226 8786 1
1226 9226 2
1226 8652 7
1226 9704 1
1234 9306 1
1234 9721 1
1234 9497 1
1234 9910 4
1265 9850 1
1274 8937 3
1274 8894 1
1274 9132 4
1274 9503 1
1274 9768 1
1274 9597 1
1279 9397 22
1279 9809 14
1279 9321 5
1285 8965 2
1285 9838 4
1285 8874 1
1286 8935 2
1286 9366 1
1286 9605 1
1293 9089 1
1293 9342 1
1293 9362 1
1296 9605 3
1296 8986 2
1300 9773 1
1303 9941 4
1303 9152 2
1303 9195 1
1303 9404 1
1303 9573 1
1308 9107 1
1308 8720 27
1308 8779 1
1308 8944 1
1308 9607 2
1308 9161 1
1308 9713 2
1316 8755 2
1316 9012 1
1316 9020 6
1316 8915 1
1316 9850 1
1321 9736 1
1321 9536 1
1321 8805 1
1321 9185 2
1356 9790 1
1356 9415 1
1356 9849 1
1377 8805 9
1377 9265 3
1387 9500 3
1387 9890 6
1387 9512 2
1387 9051 9
1387 9589 5
1387 9871 1
1387 8669 1
1387 9322 1
1387 9677 1
1392 8777 1
1409 9623 1
1409 9587 1
1429 9997 31
1429 8883 3
1429 9766 2
1446 9281 1
1446 9330 1
1446 9222 1
1446 9522 2
1446 8675 5
1446 9495 1
1446 8909 1
1448 9378 2
1448 9921 2
1448 9684 2
1462 9507 1
1465 9343 2
1465 9493 16
1465 8932 2
1465 9693 1
1469 9454 2
1477 9355 1
1477 8574 20
1477 8788 6
1477 9123 4
1477 9578 1
1477 9986 3
1477 9789 1
1477 9880 1
1491 9748 1
1517 9697 3
1517 9834 1
1540 9051 1
1540 8684 1
1540 9040 2
1540 9455 17
1540 9595 6
1555 9018 1
1555 9952 8
1555 9072 2
1555 9537 1
1562 9374 1
1562 9384 1
1562 8836 2
1562 8745 2
1563 9063 1
1563 8583 1
1563 9934 3
1569 8691 1
1569 9865 1
1569 9987 3
1577 9805 1
1577 9265 2
1577 9763 1
1577 9936 1
1577 8976 7
1579 9539 1
1583 9053 1
1583 9056 1
1583 9941 2
1583 8795 1
1586 8694 1
1586 9469 1
1586 9750 2
1586 9805 4
1591 8846 1
1591 8828 1
1591 9536 1
1615 9821 1
1615 9714 36
1615 9782 1
1622 9408 1
1622 9486 1
1629 9978 2
1629 9527 1
1629 9035 2
1631 9100 1
1631 9175 1
1631 9728 1
1631 8594 3
1631 8645 2
1631 8610 1
1634 8944 2
1634 9785 1
1641 9461 1
1641 9543 1
1641 9261 2
1641 9397 1
1641 8602 1
1641 9364 1
1641 9862 1
1646 9044 1
1646 8984 1
1646 9873 1
1646 8604 4
1646 8804 1
1646 9698 1
1647 9072 114
1647 9350 1
1667 9043 2
1667 9748 3
1667 9752 1
1667 9445 3
1667 8604 1
1667 8850 1
1667 8865 1
1667 9095 1
1681 9782 1
1688 9419 1
1688 8818 1
1688 9648 1
1688 9792 1
1688 9797 1
1699 8793 1
1699 9562 1
1699 9195 1
1699 8803 1
1699 9674 1
1699 9443 4
1699 9444 3
1703 9015 1
1703 8704 1
1703 9107 1
1703 9180 1
1703 9232 1
1709 9115 1
1709 9684 1
1709 9882 23
1709 9604 1
1709 8606 3
1709 8644 1
1709 8931 1
1709 9580 1
1709 9645 1
1709 8802 1
1709 9217 2
1710 9641 3
1710 9637 1
1710 9967 4
1717 9135 3
1717 9815 1
1717 8655 1
1717 8654 1
1717 9453 1
1718 9648 1
1718 8748 1
1718 9933 1
1718 9187 2
1718 9947 1
1726 9190 1
1726 9254 64
1726 9429 4
1728 9652 1
1752 9677 1
1752 8796 1
1752 9202 1
1752 9847 1
1752 9926 1
1777 9802 1
1777 8808 1
1777 9493 200
1788 9394 3
1788 9072 5
1789 9314 1
1801 9263 2
1801 8908 1
1801 9172 10
1819 9751 4
1819 9312 1
1819 8800 3
1819 9315 1
1822 9926 1
1822 8625 1
1822 9947 13
1822 9953 1
1822 8644 7
1837 9126 1
1837 8614 3
1837 9975 1
1850 9190 5
1865 9113 1
1865 9647 1
1865 8640 63
1878 8931 24
1878 8689 1
1899 9038 3
1899 9346 1
1899 8890 58
1899 9931 1
1908 9760 2
1908 8755 3
1912 9849 9
1912 8746 4
1912 9112 1
1912 9415 7
1912 9721 1
1912 9926 1
1912 9076 1
1932 8933 1
1961 9706 1
1961 8764 2
1961 9651 2
1966 9129 2
1966 9487 1
1972 9919 1
1972 8729 1
1984 9748 2
1984 8920 1
1984 9912 2
1985 9135 3
1985 9417 4
1985 9723 1
1985 9230 1
1985 9754 1
1995 9736 1
1995 9599 2
1995 9385 1
1995 9966 1
1995 9978 6
1995 8793 1
1995 9435 3
2010 9261 1
2010 9708 3
2010 9916 1
2010 9340 1
2010 8937 6
2015 9736 5
2015 9940 9
2015 9346 1
2015 9650 2
2015 9290 1
2015 9590 1
2018 9166 7
2018 9271 1
2018 9623 1
2025 9428 1
2025 9833 1
2025 9116 1
2025 9443 2
2025 9067 4
2025 8696 1
2025 9336 5
2025 9976 1
2026 9191 1
2026 9481 1
2059 9298 14
2059 9678 1
2059 8624 1
2059 9123 2
2059 9454 2
2074 9635 2
2074 8982 1
2078 8794 1
2078 9162 1
2081 9019 3
2081 8582 1
2081 8973 2
2084 8993 2
2084 9014 2
2084 8891 1
2084 9103 1
2144 9522 1
2144 8894 1
2151 9581 11
2151 9624 3
2151 9389 1
2151 9723 1
2151 8625 2
2156 9106 1
2156 9071 1
2156 8792 1
2156 8564 1
2156 9663 3
2156 9891 9
2156 8682 1
2165 9052 2
2165 9920 1
2165 8817 2
2165 9739 1
2168 8610 1
2193 9846 3
2193 9270 1
2193 8693 32
2193 9433 1
2198 9769 1
2198 9716 5
2198 9353 1
2198 8571 1
2202 8828 1
2202 8678 1
2202 9884 1
2202 9575 1
2207 9262 1
2207 9037 1
2207 9543 1
2214 9247 1
2214 9038 6
2219 9780 3
2219 9799 6
2219 9315 1
2219 9723 1
2219 9760 2
2253 9999 3
2253 8603 1
2253 8823 77
2253 9731 13
2260 8873 11
2264 8664 1
2264 9458 1
2264 9414 1
2264 8942 3
2264 9460 1
2264 9540 9
2264 9726 1
2288 8721 2
2288 8972 9
2299 8628 5
2299 9762 20
2351 9094 6
2351 9485 1
2351 9995 2
2351 9022 1
2351 9160 1
2351 9681 1
2360 9176 8
2360 9004 1
2360 9014 4
2360 9279 1
2360 9341 1
2360 8699 1
2360 9185 1
2372 9399 9
2372 9040 1
2372 9240 1
2372 9569 1
2381 9125 1
2381 9795 5
2381 8647 1
2381 9109 1
2381 9373 1
2381 9670 3
2403 9087 1
2403 9232 2
2403 8958 1
2403 9060 2
2405 9450 1
2405 9184 3
2405 9505 1
2409 9053 1
2409 8750 2
2410 8575 1
2410 9785 1
2410 8584 1
2410 9404 1
2440 8823 1
2440 9892 1
2445 9756 1
2445 9954 3
2445 9660 1
2445 9583 1
2445 9916 1
2449 8980 1
2449 9958 1
2449 9429 7
2449 8827 1
2453 8559 1
2453 9566 6
2453 8795 1
2453 8753 2
2453 9106 3
2453 9290 2
2474 8875 1
2474 9679 1
2474 9875 1
2474 9931 1
2495 9918 10
2495 9330 2
2496 9823 1
2496 8810 5
2496 9442 5
2509 9871 6
2509 9411 2
2509 9516 1
2509 8593 1
2509 8764 1
2509 8766 2
2511 8976 1
2511 8737 26
2511 8890 1
2511 9403 5
2514 9354 1
2514 9588 1
2529 9692 1
2529 8792 5
2529 8865 2
2529 9887 2
2529 8719 1
2529 9852 1
2537 9440 2
2549 8923 6
2549 9882 1
2553 9174 1
2553 9039 1
2553 9425 4
2553 8614 3
2553 9043 1
2565 9128 3
2565 9237 7
2565 9516 1
2565 8906 2
2565 9739 2
2565 9987 1
2565 9681 3
2565 9954 1
2578 9583 1
2578 8875 1
2578 9887 7
2587 9685 1
2587 9852 2
2587 9526 1
2587 9975 3
2587 9171 4
2587 9198 5
2587 9578 1
2600 8995 1
2600 8603 1
2600 9322 9
2600 9807 23
2614 8945 4
2614 9073 1
2614 9735 1
2614 8726 1
2615 9029 1
2615 8610 2
2615 8559 6
2623 9841 2
2623 9088 3
2623 8575 1
2623 9137 5
2623 9519 1
2623 8806 1
2623 9888 1
2623 9992 2
2630 9662 1
2630 9083 11
2644 9352 1
2644 8638 1
2644 9920 1
2686 8644 1
2686 8869 1
2697 9477 1
2697 8750 32
2697 9984 1
2701 8630 1
2701 9256 4
2701 8586 5
2701 9559 2
2701 8962 19
2701 8895 6
2701 9487 1
2701 9401 1
2709 9877 2
2709 8693 9
2709 9468 1
2709 8626 1
2709 9400 2
2709 9923 1
2716 9078 2
2716 8576 1
2716 9588 3
2716 9321 3
2716 9900 1
2754 9762 2
2754 9871 1
2754 9915 4
2754 9637 1
2759 8699 3
2759 9351 19
2759 9694 2
2773 9924 3
2773 9863 9
2774 9738 1
2774 9095 2
2774 9323 1
2774 8675 2
2774 9868 47
2791 9710 1
2791 8735 51
2791 9184 1
2796 9809 9
2796 8745 25
2820 9669 2
2820 9347 60
2820 8864 1
2822 9958 1
2822 8740 1
2835 8963 1
2835 9716 1
2850 8693 1
2852 9112 1
2852 9019 1
2852 9770 2
2856 9553 2
2856 9239 2
2856 8923 39
2856 9278 200
2864 8592 1
2865 8657 5
2865 8788 3
2865 8818 1
2865 9417 1
2865 9522 3
2865 9543 1
2865 8663 1
2865 9364 1
2865 9553 2
2868 8763 1
2868 9739 14
2868 9840 1
2873 9245 2
2873 9003 3
2876 9560 1
2876 9716 1
2898 9899 5
2898 9098 1
2900 9436 3
2900 9199 1
2900 8967 1
2900 9381 1
2900 8993 6
2900 9944 1
2907 9775 2
2907 8586 1
2920 8604 1
2920 9087 2
2920 9173 6
2923 9900 5
2923 8817 3
2923 8933 1
2923 8942 2
2923 9331 58
2947 9893 1
2947 9378 1
2947 9125 1
2947 9239 1
2947 9248 1
2985 9048 4
2985 9352 1
2995 8700 2
2995 8963 17
2995 9291 4
2995 9130 2
3025 8889 4
3025 9084 2
3025 8765 7
3025 9802 12
3034 8638 1
3034 9220 1
3034 9610 1
3035 8899 2
3035 8580 1
3037 8862 1
3037 9249 1
3037 8662 1
3043 9642 1
3043 8574 2
3043 8815 1
3043 9288 2
3043 9726 1
3044 8968 1
3044 9425 2
3044 9893 1
3051 8914 1
3051 8967 6
3063 8684 4
3063 9351 1
3063 8839 1
3063 8985 1
3082 8628 2
3082 9278 1
3087 8863 1
3087 8868 1
3087 9107 1
3087 8657 1
3087 9036 1
3087 9281 1
3087 9143 1
3092 9052 1
3092 9063 1
3092 9294 1
3102 9310 1
3102 9133 2
3103 8644 4
3103 9991 1
3103 9017 1
3103 8590 3
3137 9676 6
3137 9238 1
3137 8784 2
3144 8914 1
3144 9904 2
3144 9809 5
3149 8719 1
3149 8694 30
3149 9089 2
3149 9124 2
3149 9655 4
3149 9449 2
3149 9512 1
3149 8816 1
3149 9401 1
3149 9027 1
3152 8892 1
3152 9477 55
3152 8887 3
3152 8624 2
3152 8983 1
3152 9648 1
3160 8956 1
3160 9110 1
3160 8648 1
3181 9038 2
3181 8612 4
3181 9989 1
3181 8613 1
3181 8768 2
3181 9808 7
3190 9211 2
3190 9291 2
3190 9445 3
3193 9302 1
3193 9503 2
3193 9119 1
3197 9090 3
3197 9248 1
3211 9976 5
3211 8934 4
3214 9142 2
3220 8584 1
3220 8800 1
3220 9103 1
3220 9266 1
3220 9133 2
3220 9827 1
3220 8559 2
3220 9377 1
3220 9590 7
3230 8869 1
3230 9843 2
3230 9334 3
3230 9781 1
3230 8901 1
3230 9509 1
3230 9569 1
3230 8702 4
3233 9693 1
3233 9306 1
3261 9190 3
3261 9288 1
3261 9615 1
3261 8589 1
3261 8598 1
3261 9226 2
3261 8594 1
3261 9413 1
3261 9100 1
3261 9710 1
3278 9737 1
3278 8821 1
3286 9921 1
3293 8586 1
3293 8562 1
3311 9603 1
3315 9560 1
3315 9310 1
3315 8830 4
3318 8743 1
3318 9919 1
3327 8778 1
3327 9450 1
3331 9960 2
3331 9789 10
3363 9249 2
3363 9262 1
3367 9720 95
3367 8721 15
3387 9594 1
3387 9496 11
3387 8683 3
3387 8806 26
3387 9040 3
3387 9299 2
3387 9394 1
3387 9034 3
3387 9173 1
3387 9519 1
3387 9818 1
3394 9198 1
3394 9140 1
3394 8921 12
3394 9101 1
3394 9523 2
3402 9932 1
3402 9830 1
3416 9445 1
3416 9355 1
3416 9709 1
3416 9783 1
3419 9578 1
3419 9668 1
3419 8926 3
3419 9015 2
3442 9122 1
3442 9216 1
3442 8727 2
3442 8887 3
3442 8965 1
3442 9159 7
3450 9272 1
3450 8943 4
3450 8568 1
3450 8878 1
3453 9523 1
3453 8880 2
3453 8895 1
3477 9280 1
3477 9323 1
3477 9300 6
3490 8732 22
3515 8851 2
3515 8868 2
3515 9823 1
3515 9858 3
3534 8804 7
3534 9905 1
3534 9572 1
3534 9986 36
3534 8805 2
3534 9712 1
3534 8819 6
3548 9315 4
3548 8846 1
3548 9353 1
3561 8814 1
3562 9902 1
3562 9207 1
3562 9665 1
3562 9135 2
3562 9351 1
3567 9568 8
3567 8743 1
3567 9756 4
3567 9570 1
3567 8816 1
3567 9709 1
3567 8612 3
3567 8842 1
3567 9460 1
3581 9335 2
3581 8804 1
3585 9318 9
3585 8826 1
3585 9115 1
3590 9065 81
3591 9910 2
3591 8863 6
3591 9188 1
3605 9323 5
3605 9817 1
3605 8973 2
3605 9589 15
3605 9837 3
3605 9838 1
3605 9195 1
3617 8994 2
3617 9561 1
3617 9267 1
3617 9800 2
3618 8972 1
3618 8592 5
3618 8663 1
3618 9394 1
3618 9648 1
3621 9518 1
3621 9979 1
3632 9315 1
3632 8883 1
3632 8943 3
3632 9924 1
3639 8564 1
3639 8722 2
3639 8761 1
3639 9129 1
3640 9450 1
3649 9255 2
3653 8804 1
3653 9902 7
3653 9669 1
3653 9938 1
3653 9343 1
3656 8576 2
3678 9429 2
3678 9611 1
3699 8734 1
3699 8825 1
3699 9875 1
3699 9340 1
3711 9122 1
3711 8982 3
3711 9572 1
3711 9651 5
3725 8624 1
3725 8630 2
3725 8795 2
3725 9621 1
3731 8952 1
3731 9397 1
3739 9732 2
3739 9758 1
3739 8809 2
3739 9344 1
3745 9749 1
3745 8895 1
3745 8799 1
3747 9123 2
3747 9441 146
3747 8944 1
3747 9753 1
3747 9306 3
3747 9354 1
3751 9102 2
3751 9868 1
3764 9678 1
3764 9204 2
3770 9893 1
3770 9985 1
3770 9342 5
3770 9149 1
3770 9430 1
3770 9378 5
3771 9423 4
3771 9621 1
3784 9716 6
3784 9458 1
3784 9701 1
3784 8987 1
3784 9270 1
3799 9638 7
3816 8707 2
3816 9996 2
3825 9683 1
3825 9595 1
3825 8777 1
3825 9111 1
3825 9376 1
3876 9525 1
3876 9668 1
3876 9916 3
3876 9863 1
3876 8780 15
3876 9724 5
3877 9415 1
3877 9805 3
3883 9924 1
3883 9144 1
3883 9688 1
3883 8566 1
3883 9300 1
3900 9143 1
3900 9132 1
3912 9364 1
3912 9122 1
3912 9437 1
3961 8945 5
3961 9099 2
3961 9996 1
3961 9732 2
3961 9407 17
3979 8792 1
3979 8730 200
3979 9066 1
3988 8921 1
3988 9685 8
3988 9791 1
3988 8796 2
3994 9877 2
3994 8834 1
3997 9820 1
3997 9369 13
3997 9642 1
4001 9752 2
4010 9602 1
4010 8945 1
4018 9203 2
4018 8958 1
4025 9407 2
4025 9713 1
4025 9690 2
4025 9333 25
4044 9781 1
4044 9108 1
4044 9242 1
4057 9671 1
4062 8924 1
4062 8810 2
4062 9391 1
4062 9531 1
4062 9652 16
4064 8648 3
4064 9383 1
4064 8881 1
4064 9643 1
4064 9887 1
4073 8776 1
4073 9244 11
4078 9343 1
4078 8849 1
4078 9561 1
4097 8932 1
4097 9103 1
4097 9340 2
4097 9017 2
4105 9806 1
4105 9113 1
4133 8880 1
4133 9596 2
4139 9818 1
4139 8694 2
4139 8742 6
4139 9197 10
4139 9355 1
4139 8906 1
4139 9216 1
4151 9792 200
4151 9055 1
4155 9824 1
4163 9800 2
4174 8898 1
4174 9249 1
4174 9705 1
4174 9334 2
4206 9505 1
4206 9680 1
4238 9199 1
4238 8618 1
4250 8740 1
4250 9449 7
4250 8626 1
4250 9231 2
4250 9582 2
4255 9988 2
4255 9679 1
4255 9955 4
4265 9038 1
4265 9234 1
4266 9952 1
4266 8577 1
4266 9888 1
4266 9681 1
4266 8889 1
4266 9042 1
4267 8699 1
4267 9111 1
4267 9391 1
4267 9183 1
4267 9461 1
4276 9505 7
4276 9771 2
4276 8801 102
4289 8821 1
4289 9312 1
4289 9531 1
4289 9646 1
4306 9189 4
4306 9261 1
4312 8746 1
4312 9843 1
4312 9612 1
4315 9046 2
4315 9203 1
4322 9173 2
4322 8775 2
4322 9091 1
4322 8982 1
4327 9967 1
4327 8883 1
4327 8828 7
4327 9470 1
4327 9539 1
4331 8805 4
4331 8901 1
4331 8880 4
4331 8709 2
4331 9393 1
4331 9934 1
4331 8670 1
4331 8851 1
4334 9906 1
4334 9497 1
4334 9957 1
4334 9187 1
4334 9022 3
4334 9238 2
4334 9013 1
4334 9255 1
4354 9094 6
4354 8846 2
4376 9922 1
4376 8692 1
4376 9220 6
4376 9654 1
4376 9485 1
4392 8831 2
4392 9604 1
4399 9352 2
4399 9385 7
4399 9762 1
4399 8732 1
4402 9385 1
4402 8794 1
4402 9503 1
4402 9560 1
4403 9522 1
4403 9278 1
4403 9004 5
4403 8586 1
4403 9211 2
4403 9348 2
4403 9144 1
4406 8809 4
4406 8894 1
4406 9065 1
4406 9240 1
4406 9203 1
4406 9989 1
4409 9786 2
4409 9270 6
4415 9732 33
4415 9919 1
4418 8594 1
4421 9416 1
4421 9583 1
4421 8669 1
4421 9587 1
4421 9230 4
4434 8684 17
4434 9749 1
4443 9268 4
4443 9362 1
4450 9983 7
4454 9261 1
4454 8707 1
4454 9258 1
4454 9384 1
4454 9152 3
4458 8618 1
4458 9090 1
4469 9676 2
4478 8993 1
4478 8997 1
4478 9324 18
4478 9772 1
4502 8823 1
4502 8830 1
4502 9125 36
4502 9080 1
4502 9987 1
4547 9799 2
4547 9127 1
4557 9239 1
4557 9120 1
4571 8986 2
4571 9291 2
4571 9629 1
4571 8835 3
4575 9683 1
4575 8691 1
4575 9379 1
4575 9459 2
4575 8959 1
4575 9090 1
4586 8864 1
4587 9045 7
4597 9142 1
4597 9865 2
4597 9306 10
4597 9605 2
4597 9165 1
4597 9577 1
4597 8962 2
4609 9482 1
4609 8846 1
4609 9369 1
4609 9550 7
4609 9244 1
4609 8835 1
4609 9498 1
4609 9130 1
4629 9094 1
4629 9083 9
4629 9999 1
4629 9853 2
4632 8687 3
4632 9325 1
4632 8769 1
4632 8957 4
4632 9004 6
4632 9392 3
4632 9549 1
4655 9376 8
4655 9382 1
4655 8753 6
4655 9076 5
4671 9321 3
4671 9619 3
4674 9212 1
4674 8654 2
4674 9493 1
4691 9122 1
4691 9302 5
4691 9378 1
4691 8792 1
4691 9458 1
4691 9297 2
4691 9710 1
4691 9865 3
4691 9432 181
4693 8668 1
4693 9143 1
4693 9105 8
4693 9756 2
4705 9455 4
4705 9755 1
4714 8920 1
4714 9690 2
4714 8803 1
4714 8929 1
4714 9445 1
4720 9945 7
4720 9214 1
4731 9635 2
4731 9376 1
4731 9384 1
4731 8775 1
4759 9808 3
4759 9838 1
4759 8640 1
4759 9955 3
4759 8650 1
4759 9602 2
4760 9638 5
4760 8921 1
4760 9690 1
4766 9298 200
4766 9191 1
4772 9641 2
4772 9650 2
4772 9077 1
4772 9278 1
4772 8997 1
4772 8734 1
4772 8935 1
4772 9276 1
4783 9237 1
4783 9709 1
4783 9981 1
4783 8881 1
4813 8605 1
4813 8690 1
4813 8810 1
4813 9851 1
4813 8623 1
4814 9097 8
4814 9251 2
4814 9362 1
4814 8588 2
4814 9297 1
4814 9059 1
4814 9069 1
4841 8747 1
4841 9105 2
4841 8838 1
4841 9067 1
4841 9527 8
4841 9251 2
4847 9447 4
4847 8589 1
4847 8927 2
4849 9933 2
4849 9149 3
4877 9790 2
4877 8622 1
4877 9909 1
4877 8728 18
4877 8579 2
4877 9111 1
4879 8781 1
4879 9775 1
4879 9086 2
4910 9198 1
4910 9291 1
4910 9305 3
4910 9527 1
4910 8645 18
4910 9300 1
4910 9533 1
4910 8726 3
4931 9837 9
4931 9012 1
4931 9532 4
4935 8862 1
4935 9226 1
4935 8720 1
4935 9431 1
4935 9936 1
4935 9056 1
4944 9717 1
4944 9045 1
4944 9846 2
4950 8946 1
4950 9381 3
4950 9665 3
5002 9629 9
5002 9849 1
5031 8835 1
5031 9205 1
5039 9704 1
5039 9126 1
5039 8645 40
5039 9255 1
5045 9036 1
5045 9330 1
5045 9713 1
5045 9683 1
5045 9883 2
5045 9997 1
5049 9333 2
5049 9841 3
5051 9798 3
5051 8824 1
5051 9486 1
5054 9381 2
5061 9241 1
5075 8945 1
5075 8804 1
5075 9568 4
5082 8704 3
5083 9953 1
5084 8588 2
5084 9888 1
5084 8804 1
5084 9350 1
5084 8625 2
5084 9668 3
5084 9896 3
5093 9997 1
5093 8626 31
5093 9623 1
5093 9790 1
5093 8699 1
5093 9291 4
5094 9366 2
5094 9322 1
5094 9958 1
5094 8977 4
5094 9642 1
5099 9810 6
5103 9939 3
5117 9381 1
5117 8832 1
5117 9798 1
5117 8629 4
5117 9064 3
5117 9365 2
5117 9645 2
5121 8604 4
5121 8638 1
5121 8768 2
5121 9855 2
5121 8709 200
5121 9780 2
5121 9882 1
5122 8562 1
5122 9556 5
5122 9322 1
5122 9714 2
5122 9455 1
5122 9800 1
5126 9265 1
5126 8718 4
5147 9088 1
5147 8816 1
5147 9431 1
5152 9122 1
5152 9389 1
5152 8763 1
5152 9280 1
5155 9145 1
5155 9143 2
5155 9418 32
5155 8824 7
5155 9053 1
5155 9847 2
5159 9280 5
5169 8805 1
5169 8946 1
5169 9483 1
5169 8647 1
5169 9241 1
5169 9370 1
5178 9929 1
5178 9896 1
5178 8580 2
5178 8647 1
5178 9554 1
5178 9622 2
5188 8639 4
5188 8796 1
5188 9120 4
5195 9401 4
5195 9331 1
5195 9995 1
5195 8682 3
5195 9055 5
5195 9189 1
5219 9208 1
5219 9327 1
5219 9000 1
5219 9620 1
5219 9625 2
5221 8877 1
5221 9791 1
5221 9314 1
5221 9043 2
5221 9818 1
5221 9840 4
5228 8766 1
5228 9853 1
5228 8628 1
5242 9162 2
5260 9668 4
5260 9604 1
5260 8951 6
5260 9966 2
5260 8983 1
5260 9070 1
5276 9893 2
5276 9856 1
5276 9620 1
5283 8765 1
5283 9766 1
5309 9540 3
5309 9487 1
5309 9841 1
5309 9284 1
5309 9888 1
5309 8673 1
5311 9763 1
5311 9258 1
5312 9310 1
5312 9499 1
5312 8720 1
5312 9365 4
5326 8722 1
5363 8805 1
5405 9709 1
5405 9805 3
5405 8960 1
5405 9500 1
5405 9676 70
5409 9884 6
5409 9795 3
5409 9935 1
5409 9162 1
5428 9152 1
5428 9211 1
5428 9121 1
5428 9674 3
5428 9568 2
5428 9226 1
5428 8663 1
5428 9986 1
5433 8559 1
5433 8960 1
5433 8951 1
5433 9247 1
5433 9732 3
5435 9282 1
5435 8963 1
5435 9573 1
5443 9240 1
5443 9682 4
5443 9170 1
5443 9356 1
5443 9142 2
5443 9442 1
5449 9842 3
5450 8887 65
5451 9266 1
5451 9773 2
5451 9302 3
5474 8807 1
5474 9603 1
5474 9827 1
5484 9643 1
5484 9073 1
5484 9649 1
5484 9965 2
5485 8638 2
5485 9819 1
5485 8745 1
5485 8729 4
5485 8602 3
5485 9581 2
5488 9362 1
5488 9112 3
5488 9122 1
5488 9310 2
5488 9815 5
5493 8808 3
5493 9011 1
5493 9791 2
5493 9957 1
5493 9962 2
5493 9383 1
5493 9688 60
5502 8977 2
5502 9829 1
5512 8943 2
5512 9806 1
5512 9275 1
5512 9305 5
5519 8985 2
5519 9561 1
5521 9554 1
5521 9499 7
5521 9515 2
5521 9973 1
5524 9046 2
5524 9348 46
5524 9952 1
5524 8580 1
5524 8654 2
5524 9377 1
5524 9658 1
5527 9475 2
5527 9137 1
5527 9222 3
5527 9940 1
5527 8851 2
5533 9748 1
5533 8696 2
5533 8577 2
5533 8809 1
5533 9966 1
5556 9842 1
5556 9631 1
5556 9429 1
5556 9558 1
5556 9526 1
5563 9285 2
5563 9323 1
5581 8756 1
5581 9457 1
5586 9995 1
5586 9740 1
5586 9964 1
5590 8763 9
5590 8806 1
5590 8844 1
5590 9232 1
5590 9307 1
5590 9733 3
5590 9895 6
5590 9935 1
5590 8881 1
5590 9468 1
5590 9694 1
5593 8822 1
5593 9037 2
5593 9936 1
5593 9215 1
5593 8577 1
5610 9209 1
5610 9109 3
5610 8670 2
5628 9800 1
5629 9069 8
5629 9238 1
5629 9309 1
5629 9312 1
5629 9745 1
5638 9625 1
5638 9891 5
5638 9115 5
5638 8678 2
5638 9920 1
5638 8814 1
5638 8955 3
5656 8729 1
5656 9902 2
5656 9200 1
5656 9282 2
5656 8761 1
5656 9197 3
5656 9050 83
5656 9279 2
5656 9738 1
5657 9262 5
5657 8806 1
5657 9430 1
5664 9435 5
5664 8958 1
5664 9851 2
5664 9924 1
5664 9641 1
5664 9795 1
5681 9036 4
5681 9579 1
5681 8613 1
5681 9479 1
5681 9721 1
5683 9039 3
5683 8807 2
5683 8822 1
5683 9110 3
5683 9638 7
5683 9002 1
5683 9731 1
5683 8657 1
5683 9168 1
5684 8877 1
5684 9448 1
5686 9309 1
5686 8654 1
5686 9369 2
5686 9861 1
5686 9133 1
5686 9683 2
5701 8788 1
5701 9756 1
5701 8891 4
5701 9692 1
5701 9763 1
5706 9971 1
5706 8885 1
5706 8655 1
5706 9078 1
5706 9314 2
5706 9533 2
5710 8800 2
5710 8679 1
5711 9055 29
5711 9329 1
5711 8707 49
5720 9596 3
5720 9532 1
5720 9556 4
5720 9821 1
5727 9431 1
5730 9652 1
5730 9569 1
5730 9738 1
5730 9437 1
5732 9333 82
5732 9566 1
5732 8735 1
5732 8905 1
5741 9067 1
5741 9935 2
5741 9237 1
5749 9610 3
5749 9991 2
5749 9152 1
5749 8721 5
5749 9607 1
5749 9685 4
5762 9441 1
5770 9098 1
5770 8915 1
5770 9170 1
5770 9619 22
5770 9823 1
5770 9795 1
5770 9782 1
5771 9976 1
5771 9063 2
5830 9554 6
5830 9119 43
5830 8668 1
5834 8630 1
5834 8941 2
5841 9213 1
5843 8610 1
5855 9319 3
5855 8866 1
5855 8982 2
5855 9205 1
5855 9405 2
5859 9819 4
5859 9268 1
5859 9945 1
5878 9580 3
5895 9714 9
5919 9141 1
5937 9984 2
5952 8994 6
5972 8576 1
5972 9499 2
5995 9241 1
5995 9647 1
5995 9383 1
5995 9018 1
6004 8908 2
6004 9157 2
6004 9954 1
6004 8579 1
6004 8588 1
6004 9526 1
6004 9042 1
6018 9297 2
6018 9251 1
6018 9960 1
6018 9250 1
6018 9896 1
6018 8683 1
6018 9071 1
6018 9204 1
6018 9304 5
6022 9119 1
6022 9611 1
6026 9686 2
6026 9239 2
6039 9255 5
6039 9908 1
6054 8652 1
6054 9185 7
6054 9493 5
6054 8746 63
6054 8776 1
6060 8644 1
6060 9110 1
6085 9299 1
6085 9078 1
6085 9318 1
6085 9344 1
6100 9629 10
6100 9798 1
6100 9670 3
6100 9378 3
6100 9473 1
6100 8999 1
6100 9448 1
6141 9915 1
6141 9348 1
6165 8649 3
6165 8560 1
6165 8874 1
6165 9014 1
6165 9289 1
6165 9033 4
6167 9697 13
6170 9232 1
6170 8817 1
6170 9159 4
6170 9758 3
6170 9960 1
6172 9486 1
6172 9542 1
6178 9811 7
6178 8692 1
6178 9817 1
6183 9500 2
6183 8649 3
6183 8696 1
6183 9566 1
6192 9833 11
6192 8593 1
6192 9241 1
6202 8930 1
6202 9855 1
6202 8822 1
6202 9366 3
6246 9855 1
6246 9806 5
6246 9849 1
6249 9583 1
6249 9944 2
6249 9555 10
6249 9673 3
6275 8693 2
6275 9325 1
6275 9416 1
6285 9176 3
6285 9272 1
6285 8905 7
6285 9599 1
6296 9268 32
6296 9506 1
6344 9928 3
6344 9479 2
6347 9744 1
6347 9524 1
6390 9111 1
6390 9483 1
6390 9901 1
6390 8862 7
6390 8728 10
6390 9913 1
6397 8802 1
6397 9103 1
6397 9155 1
6397 9485 1
6397 9090 1
6397 9897 1
6400 9245 1
6400 8743 1
6400 8729 1
6400 9780 1
6400 8862 1
6402 9366 1
6410 9704 6
6422 9065 1
6422 9064 2
6422 9898 1
6422 8843 1
6424 9993 29
6424 9064 1
6424 9293 5
6424 9137 1
6440 8650 1
6440 8869 1
6450 9230 5
6455 9895 2
6455 8756 1
6455 9811 7
6455 9818 3
6455 9654 2
6455 9932 1
6455 8748 3
6461 9975 5
6461 9382 2
6461 9577 3
6464 9814 1
6464 8647 3
6464 8926 2
6478 9774 1
6478 8942 1
6478 9170 4
6516 9065 1
6516 8747 1
6525 8929 136
6525 9611 1
6525 9744 11
6525 9077 1
6525 9244 4
6527 8993 2
6527 9450 1
6527 9596 2
6527 9107 1
6527 9037 200
6527 8779 2
6527 9281 1
6546 8745 1
6546 8988 1
6546 8679 1
6546 9095 1
6546 9759 1
6564 8742 1
6564 9405 1
6568 9373 3
6568 9385 2
6568 9642 2
6571 8825 1
6571 9885 2
6571 9922 19
6571 8717 1
6571 8881 13
6571 9521 1
6573 9034 1
6573 8901 4
6606 9468 1
6606 9027 2
6606 8564 5
6606 9477 3
6628 9039 1
6628 9307 1
6635 9298 14
6635 9323 1
6641 8803 2
6641 8706 2
6641 9335 1
6641 9804 2
6641 9867 1
6643 9267 2
6649 8841 2
6649 9728 1
6666 9601 1
6666 9685 6
6666 9389 18
6671 9200 1
6671 9438 2
6671 9112 2
6683 9329 1
6683 8877 9
6683 9457 2
6698 9077 1
6698 9842 1
6708 9697 53
6708 8869 5
6708 9000 16
6708 9944 1
6708 9127 2
6708 9180 24
6708 9121 1
6708 9786 4
6717 9011 1
6717 9064 1
6717 8673 9
6729 9768 1
6729 9861 1
6729 9560 1
6729 8583 1
6729 8642 1
6729 8865 5
6729 8560 1
6729 9660 1
6758 9677 1
6758 9622 1
6758 9546 1
6762 9101 1
6762 8926 2
6762 8945 4
6762 8932 1
6762 9543 1
6762 9853 2
6762 9618 3
6762 8961 1
6769 8796 1
6769 9828 3
6769 8988 1
6771 9073 3
6771 9085 1
6771 9824 28
6771 9921 1
6771 8565 1
6771 8786 2
6771 9064 1
6771 9156 2
6771 9468 1
6771 9594 4
6775 8984 1
6775 9411 2
6775 9669 3
6775 9581 36
6775 9623 3
6775 8793 5
6775 9329 1
6775 9538 7
6782 9693 3
6782 9989 2
6782 9882 22
6782 9436 1
6782 8866 1
6782 9175 1
6782 9983 1
6782 8916 1
6782 9968 7
6797 8801 3
6797 9558 1
6797 9441 2
6804 9084 2
6804 9327 1
6804 9753 2
6819 9957 2
6819 8850 3
6819 9507 2
6834 8924 1
6834 9044 1
6834 9707 1
6834 9737 1
6842 8592 1
6842 9256 1
6842 9882 2
6842 8610 3
6842 8988 1
6842 8679 1
6842 8862 1
6842 9539 1
6842 9705 1
6847 9447 48
6847 9889 2
6848 9114 1
6848 9934 1
6848 9668 3
6866 8717 1
6866 8929 1
6867 9524 1
6867 9628 1
6867 9883 1
6867 9554 2
6867 9993 1
6868 9763 1
6868 9967 7
6868 8894 1
6868 8630 2
6868 8825 1
6877 8898 1
6877 9084 1
6877 9289 3
6930 8952 1
6930 8590 7
6930 9972 1
6930 9580 1
6930 9329 1
6930 9562 1
6939 8652 1
6941 8623 1
6941 9052 3
6966 9824 1
7001 9889 1
7001 9231 1
7019 9641 2
7019 9005 2
7019 9843 5
7019 9933 2
7030 8616 3
7030 9962 1
7030 9221 1
7030 8594 2
7051 9073 1
7051 9399 1
7051 9712 1
7051 9798 1
7057 9440 1
7057 9068 2
7057 9991 2
7081 9611 1
7081 9749 1
7081 8602 2
7081 9324 1
7081 8571 1
7081 8690 1
7099 9453 1
7099 9715 1
7101 9418 1
7101 9703 2
7132 9751 2
7140 8776 1
7140 8583 1
7140 8779 2
7140 9540 2
7140 9982 2
7140 9341 1
7146 9745 1
7146 9251 1
7146 9199 1
7150 8742 9
7150 9156 1
7150 8946 1
7150 9145 1
7150 9858 1
7150 8887 1
7160 8842 1
7160 9192 5
7160 9819 1
7185 9658 1
7185 8832 1
7185 9663 23
7185 9784 14
7185 9843 15
7188 9673 3
7188 9440 1
7188 8678 1
7211 8828 1
7211 9059 1
7211 8593 1
7211 8573 9
7211 8756 1
7215 9145 1
7226 8605 1
7226 9004 1
7226 8831 2
7226 8884 1
7226 9013 1
7226 9522 1
7229 9048 1
7229 9174 1
7229 9826 1
7235 9802 2
7235 9919 1
7235 9389 2
7235 9905 16
7235 9773 1
7235 9807 2
7258 8914 1
7258 8952 4
7260 8927 1
7260 9548 3
7260 9691 58
7272 9531 3
7272 9039 7
7272 9823 3
7272 9689 4
7272 9744 95
7273 9112 1
7273 8788 1
7274 9319 5
7274 9762 1
7274 9147 1
7274 9754 2
7274 8606 1
7274 8879 1
7274 9438 1
7280 8602 1
7280 9880 1
7280 8793 2
7280 8997 1
7280 9324 3
7280 9980 1
7282 9971 6
7282 9099 1
7292 9913 1
7292 9675 1
7307 9997 1
7307 9921 1
7328 9825 2
7328 9774 1
7328 9993 4
7328 9635 1
7328 9915 1
7334 8756 1
7334 9135 6
7334 8870 1
7334 9784 1
7334 9694 2
7334 9697 2
7339 9628 8
7339 9809 8
7339 9148 1
7339 9917 1
7339 9066 1
7339 9378 5
7339 9142 1
7339 9833 9
7339 9862 1
7349 8730 5
7349 8984 7
7349 8915 1
7349 9938 1
7351 8635 2
7351 8808 2
7357 8605 1
7357 9678 1
7357 8648 1
7363 8807 1
7363 8868 1
7363 9628 1
7363 8960 2
7363 9926 1
7363 9254 1
7363 9807 1
7363 9932 32
7388 9724 2
7388 9749 1
7391 9704 1
7391 9418 1
7396 8985 7
7396 9516 1
7396 9094 2
7396 9720 1
7397 9957 3
7397 9861 1
7400 8951 1
7400 9445 88
7400 9382 1
7400 8962 2
7400 9444 1
7400 8916 1
7400 9065 1
7400 9707 3
7408 8878 1
7408 9790 1
7408 9851 1
7408 9901 4
7419 8804 1
7419 9784 4
7419 9105 7
7419 9088 1
7419 9165 2
7419 9589 1
7419 9930 2
7422 9830 1
7427 9733 1
7427 9750 3
7427 8877 1
7450 9215 1
7451 9760 3
7451 8926 3
7451 9964 1
7451 9330 2
7455 9143 1
7455 9129 2
7455 8993 3
7455 9122 1
7455 9288 1
7458 9397 2
7458 9575 2
7458 9836 1
7458 9850 6
7461 8863 1
7467 8752 1
7467 8974 3
7467 9623 1
7467 9353 2
7467 8801 1
7478 9692 1
7478 8905 1
7478 9203 2
7479 9180 1
7479 9570 2
7482 9476 4
7482 9543 1
7482 8635 2
7482 8836 3
7482 9483 4
7490 8972 3
7506 8866 1
7513 9546 2
7513 9496 1
7513 8655 1
7513 8763 3
7513 9328 1
7522 9681 1
7522 9379 1
7522 9683 13
7522 9800 1
7522 9097 1
7525 9834 4
7525 9197 1
7558 9834 10
7558 9191 1
7572 9533 1
7572 8882 1
7572 9575 1
7572 9908 1
7572 8739 1
7572 8958 3
7572 9070 1
7572 9749 3
7572 9905 3
7572 9521 12
7572 9971 2
7572 8956 2
7572 9215 1
7578 9300 2
7580 9938 1
7580 8624 15
7580 9116 2
7580 8882 1
7580 9155 3
7593 9100 1
7602 9898 2
7602 9611 2
7602 9826 1
7602 8874 2
7602 9618 2
7611 9902 1
7611 9192 1
7616 9931 1
7616 8720 1
7616 9202 7
7649 9355 1
7649 9687 2
7649 9106 3
7657 8584 2
7660 9133 3
7660 9321 7
7660 9556 1
7660 8897 1
7660 9266 2
7677 9708 3
7677 8623 1
7677 9046 1
7677 9867 12
7677 9212 3
7677 9549 1
7677 8752 5
7677 9436 1
7680 9861 2
7685 8682 1
7685 9904 1
7685 8995 1
7685 9625 4
7685 9858 1
7685 9085 1
7686 9972 3
7686 9662 4
7686 9891 9
7692 8870 4
7692 9123 6
7692 9619 1
7692 9755 3
7694 9022 1
7694 9309 5
7694 8675 1
7694 9126 8
7702 9999 1
7702 8582 7
7702 9936 1
7702 8777 1
7705 9429 1
7705 9877 1
7705 9912 1
7705 9342 1
7707 8687 2
7707 9423 3
7707 9799 7
7745 9365 1
7745 8842 1
7745 9415 1
7745 9497 1
7745 9003 1
7745 9631 200
7745 8968 5
7756 8959 2
7756 9337 3
7756 9199 1
7756 8981 13
7756 9285 3
7756 9440 1
7775 9099 8
7775 8786 51
7775 9884 1
7781 9270 1
7781 9020 1
7787 9629 2
7787 9935 2
7787 9981 1
7792 8753 1
7792 9629 2
7792 8784 4
7792 9936 6
7797 9080 1
7797 9909 2
7797 9290 1
7797 9108 2
7797 9726 1
7797 8668 2
7797 9534 1
7807 9293 2
7807 9735 2
7820 9020 2
7820 9450 1
7820 8740 1
7820 9157 1
7820 9276 1
7820 8915 2
7830 9804 1
7830 9686 3
7830 9774 2
7830 8944 113
7830 9399 2
7830 9463 2
7849 8905 1
7849 9880 4
7849 8831 1
7849 9407 1
7849 9841 1
7849 9011 1
7860 8956 7
7860 9067 1
7868 8579 2
7868 8884 2
7868 9254 2
7868 9393 1
7868 9300 1
7868 9979 3
7868 8739 1
7876 9089 55
7876 9546 1
7876 9148 24
7882 8934 2
7882 9768 1
7888 8777 1
7892 8908 1
7892 9207 1
7892 9802 1
7892 8679 1
7892 9298 2
7892 9650 1
7892 8792 4
7916 9760 1
7916 9020 1
7916 9399 1
7916 8960 2
7916 9002 1
7916 9539 8
7916 8806 1
7916 9963 2
7918 9735 1
7918 9011 2
7918 9781 4
7918 9828 2
7921 8584 1
7921 8927 3
7921 9394 5
7921 9786 2
7922 9514 1
7922 9568 1
7926 8826 1
7926 9577 7
7926 9072 1
7926 9125 3
7926 8722 2
7935 8750 2
7935 9693 2
7935 9202 1
7935 9256 7
7953 8959 13
7953 9506 1
7953 8622 1
7971 8993 8
7971 9213 3
7971 8986 1
7971 8673 2
7971 9495 1
7982 9525 1
7982 9221 2
7994 8668 2
7994 8826 1
8000 9006 1
8000 8774 1
8000 8882 1
8004 9723 4
8018 9745 1
8018 9995 2
8018 8612 2
8018 8841 1
8018 9497 2
8018 8683 1
8038 9647 68
8038 9051 1
8038 9917 1
8046 8885 1
8046 9919 4
8046 9573 1
8046 9029 1
8059 8717 1
8059 9384 1
8059 9587 1
8059 9063 1
8059 9580 1
8059 9629 2
8074 8977 1
8074 9908 1
8074 9921 1
8074 9893 1
8074 9364 3
8074 8808 13
8074 9199 1
8074 9634 1
8074 9689 1
8074 8622 1
8074 9019 1
8100 8780 1
8100 9615 1
8100 9783 1
8108 8969 1
8108 9200 2
8115 9108 63
8115 9983 1
8116 9786 2
8116 9780 1
8116 8768 1
8116 9527 1
8130 9880 12
8130 8770 1
8133 9155 1
8133 9985 2
8143 9068 93
8146 9728 6
8147 8814 1
8147 9815 2
8154 9680 1
8154 9267 1
8154 9706 4
8183 9737 6
8183 8849 35
8183 8639 3
8216 9741 1
8216 8794 2
8216 8874 1
8216 9187 1
8216 8748 1
8216 9632 1
8216 9825 5
8220 9888 3
8220 9030 1
8220 8735 3
8235 9923 1
8235 9343 1
8235 8664 1
8235 9400 1
8235 9753 2
8235 9327 1
8235 9579 34
8235 9655 1
8277 9543 1
8277 8948 1
8277 8750 1
8277 9048 1
8277 9972 2
8283 8648 1
8286 9365 1
8286 8598 2
8286 8717 4
8286 9376 2
8286 8718 3
8295 8602 3
8295 8937 1
8295 8613 1
8295 9258 1
8295 9279 1
8295 9538 1
8297 8832 46
8297 9281 1
8297 9509 1
8304 8821 1
8304 8957 4
8304 8984 1
8304 9221 6
8304 9335 1
8304 8945 1
8304 9343 1
8304 8694 1
8304 9909 1
8319 9445 12
8342 9980 1
8342 8844 1
8342 9120 4
8342 8692 1
8342 8834 1
8342 9275 2
8342 9347 1
8345 9505 1
8345 8598 151
8345 9761 11
8345 9999 1
8353 9804 1
8353 9005 1
8389 8622 2
8389 8739 6
8389 9771 1
8398 9495 1
8428 8721 1
8428 9579 1
8428 8781 1
8428 9006 1
8430 8890 3
8430 8625 4
8430 9227 1
8430 9423 2
8430 9682 1
8431 9897 1
8431 9306 2
8431 9974 14
8431 9226 4
8435 9748 2
8435 9176 1
8465 8576 2
8465 9429 1
8465 9892 4
8465 9785 1
8465 8798 2
8470 9151 1
8470 9330 1
8470 9603 1
8470 9313 2
8474 9058 2
8474 9325 1
8474 9780 1
8495 8582 1
8495 8603 3
8503 9352 1
8516 9487 33
8529 9798 1
8542 8976 2
8542 9447 1
8542 9737 1
8552 8879 1
8552 9868 1
8552 9698 1
8552 8624 1
8552 9440 3
8552 9632 4
8552 9677 21
8552 9679 3
8552 9867 1
8552 9374 1
8552 9692 1
8553 9038 1
8553 9761 3
8553 8898 1
8553 9733 1
8556 8843 1
8556 9086 1
8556 9168 1
8556 9342 1
8556 9374 1
8556 8588 3
8557 9457 47
8557 8819 1
8557 9515 1
8557 9105 1
8557 9384 1
8558 9883 13
8558 9292 1
8558 9873 1
8559 8660 3
8561 9405 4
8561 9890 1
8562 8705 2
8563 9429 1
8563 8892 1
8563 9741 1
8564 9317 1
8565 9699 1
8566 9472 5
8567 8955 9
8567 8901 1
8567 9147 1
8567 9391 9
8567 8665 1
8568 8599 1
8568 9894 1
8569 8961 1
8569 9195 1
8569 9512 2
8569 9855 1
8570 9148 1
8570 9481 1
8571 9860 1
8572 8843 1
8572 8767 1
8572 9545 2
8573 9243 2
8575 8711 1
8578 8818 2
8578 9192 1
8578 9902 1
8580 9699 27
8581 9604 3
8581 8701 1
8581 9917 1
8583 8725 1
8583 9848 1
8583 8902 1
8585 9046 4
8587 9159 3
8587 9980 6
8590 8686 1
8591 8765 53
8591 9294 4
8591 8742 29
8592 8659 1
8592 9252 1
8593 9832 2
8594 9511 6
8595 9514 3
8595 8923 1
8596 8879 1
8596 9862 2
8597 9067 1
8597 9562 1
8597 9599 2
8597 9572 2
8597 9927 4
8597 9128 1
8598 9264 3
8599 9248 1
8599 8944 2
8599 9799 6
8600 9687 8
8601 9700 1
8601 8838 3
8603 8733 2
8607 8818 3
8608 9620 1
8608 8811 1
8608 9682 1
8608 9797 1
8609 9006 2
8609 8700 10
8609 8825 1
8609 8709 1
8611 8694 1
8611 9916 16
8611 9299 4
8611 9572 3
8613 8749 1
8615 9823 1
8615 9058 1
8615 9166 1
8616 8907 1
8616 9420 1
8617 9749 1
8617 9960 1
8617 9432 5
8617 9085 1
8617 9944 4
8619 9599 1
8619 9974 1
8620 8664 1
8620 9319 1
8620 9889 2
8620 9974 2
8620 8844 1
8620 9166 1
8620 9836 1
8621 8696 1
8621 9312 2
8621 9216 1
8622 9317 2
8626 8653 1
8627 9931 1
8627 8629 1
8627 9174 1
8627 9898 26
8630 8812 2
8631 8998 1
8631 8784 1
8631 9198 1
8631 8684 1
8632 9469 15
8632 9313 1
8633 9713 1
8634 9734 1
8634 9116 7
8634 9960 4
8634 8908 1
8636 9945 2
8637 9059 1
8641 8704 1
8641 8906 3
8641 9435 1
8641 9507 200
8641 9557 2
8641 9691 1
8642 8940 1
8642 8697 1
8643 8788 1
8643 9185 1
8643 9621 1
8643 9447 1
8643 9846 1
8643 9036 5
8643 9837 3
8646 9596 1
8646 8994 1
8647 8733 2
8648 8812 1
8649 9788 1
8649 9010 3
8651 8815 1
8651 9834 1
8653 9128 2
8656 9408 2
8656 9772 1
8656 9736 2
8658 8742 4
8659 9413 1
8659 8745 1
8659 8763 1
8659 9209 1
8660 8750 1
8660 9189 1
8660 8679 1
8660 9908 1
8660 9689 1
8660 9523 1
8660 9895 1
8660 9419 1
8661 9425 4
8661 9843 11
8661 8663 6
8661 9292 1
8663 9243 2
8664 8671 2
8664 8680 14
8666 9772 2
8666 9128 1
8667 9502 1
8669 8733 1
8670 8695 1
8671 8841 1
8671 9415 1
8671 9809 3
8671 9292 1
8671 9354 1
8671 9318 2
8671 8823 1
8671 9099 10
8672 9072 3
8672 9052 1
8672 8857 2
8672 9871 4
8673 8782 1
8676 8889 9
8676 9357 1
8677 9808 1
8678 9361 1
8680 9939 1
8680 9212 1
8681 9460 6
8681 9589 1
8681 9940 4
8683 8913 2
8683 8840 1
8684 9627 1
8684 8858 1
8685 8809 200
8685 9245 7
8685 9965 7
8685 9160 1
8685 9493 2
8685 8769 2
8686 9945 1
8686 9475 1
8686 8734 2
8686 9267 1
8686 9127 1
8686 9890 2
8688 9912 3
8688 8973 2
8688 8932 1
8688 9557 1
8689 8917 1
8689 9081 1
8695 9533 9
8695 9214 1
8697 9330 1
8697 9377 1
8697 9688 17
8697 8868 1
8697 8898 122
8697 9060 1
8697 9073 1
8698 9237 2
8699 8853 1
8700 8733 2
8703 9272 1
8703 9515 1
8703 9663 15
8703 9970 87
8706 9225 8
8707 8991 1
8708 9889 2
8708 9930 1
8708 9030 3
8708 9863 2
8710 9930 2
8711 9537 1
8712 9975 1
8712 9051 1
8713 8956 1
8713 9896 2
8713 8734 1
8713 9496 2
8714 9190 1
8714 9599 1
8714 8788 1
8714 9389 16
8715 9370 1
8715 9838 7
8715 9962 1
8716 8801 10
8716 9647 1
8718 8876 2
8721 8754 2
8723 9435 3
8723 9139 1
8724 9282 1
8724 9312 1
8724 9810 1
8727 9494 2
8730 9600 2
8731 9202 1
8733 9698 1
8733 9392 1
8733 8968 1
8734 9252 1
8736 9635 2
8738 9495 5
8738 8795 2
8738 9256 1
8738 9989 1
8738 9473 1
8741 9579 1
8741 9783 4
8743 8917 1
8744 9612 2
8744 9275 1
8744 9325 4
8749 9449 15
8749 9701 1
8751 9985 1
8751 8980 2
8752 8789 4
8754 9624 12
8754 9841 1
8754 9996 25
8755 8787 4
8756 8856 1
8757 9569 6
8758 8940 1
8758 8791 1
8759 8980 1
8759 8841 4
8759 8994 1
8759 9114 1
8759 9885 4
8760 9173 1
8760 9634 3
8762 8821 2
8762 9701 1
8762 8924 13
8765 8888 1
8767 9225 1
8768 8853 2
8771 9411 3
8771 9736 1
8772 9392 1
8772 8875 2
8772 9761 3
8773 9161 2
8773 9336 31
8773 9556 2
8773 9963 1
8773 9698 1
8773 9852 2
8774 9614 1
8774 8910 1
8775 8947 1
8780 9252 1
8781 9510 1
8782 9588 1
8783 9605 2
8783 8818 1
8783 9187 10
8783 9207 1
8783 9957 1
8784 8813 1
8785 9411 2
8785 9610 5
8785 9726 1
8785 9828 1
8786 9243 20
8787 8798 29
8787 9596 1
8787 9714 1
8787 8981 1
8789 9784 2
8790 9555 2
8790 9461 1
8790 9509 1
8790 9570 1
8791 9572 1
8791 9051 2
8791 9971 13
8791 8864 2
8791 8963 17
8792 9600 1
8792 9225 1
8794 9627 1
8797 9385 1
8797 9442 2
8797 9142 2
8797 9863 7
8798 9243 1
8802 9860 29
8805 8949 1
8805 8917 1
8806 9361 1
8807 8900 1
8808 9801 1
8811 9081 2
8811 9949 2
8812 9425 1
8812 9670 6
8812 9113 6
8813 9438 1
8813 9624 1
8813 9905 9
8815 9118 1
8819 8886 1
8820 8942 1
8820 9814 2
8826 8910 14
8829 9036 6
8829 9936 1
8829 9912 4
8829 9171 3
8830 8928 4
8833 9294 28
8833 8857 1
8833 9675 2
8833 9196 1
8833 9637 1
8833 9714 1
8836 9528 1
8836 9243 1
8837 9674 7
8838 8928 1
8840 9840 2
8840 9595 1
8840 9854 1
8843 8950 1
8844 9118 26
8845 9849 5
8845 9922 1
8847 9885 6
8848 9741 1
8848 9893 1
8848 9558 1
8849 8970 2
8852 9893 1
8853 9481 7
8853 9838 3
8853 9044 5
8853 9048 7
8853 9080 1
8854 9916 2
8854 9595 1
8855 9290 1
8855 9272 1
8855 9559 2
8858 9558 1
8858 9853 1
8858 9250 1
8859 9611 6
8859 9318 1
8859 9754 1
8860 9087 1
8860 9364 7
8861 9655 1
8861 9305 4
8861 9525 2
8861 9829 2
8864 8913 1
8867 9758 16
8867 9435 1
8867 9403 1
8870 8907 5
8870 9511 1
8871 9631 1
8871 9590 4
8872 9144 2
8876 9506 1
8877 8903 1
8884 9484 1
8886 9014 132
8887 9219 16
8888 9542 2
8888 9603 1
8888 9895 10
8889 9223 1
8893 9752 1
8893 9356 1
8893 9393 4
8893 9518 1
8895 9264 1
8896 9723 1
8896 9483 2
8899 9653 1
8900 8961 3
8902 9344 1
8902 9806 2
8903 9012 4
8904 9582 3
8904 9092 1
8904 9515 6
8904 9715 1
8907 9413 1
8907 9116 6
8910 9748 1
8911 9401 1
8911 9671 1
8912 9357 2
8912 9033 1
8912 9720 1
8912 8939 1
8912 9169 1
8912 9762 2
8918 9444 9
8918 9756 1
8918 9080 5
8918 9523 1
8918 9582 1
8918 9790 1
8919 9781 5
8919 9209 2
8919 9827 1
8919 9101 1
8919 9441 8
8919 9309 1
8919 9924 1
8919 8974 2
8922 9353 1
8922 9400 1
8922 9965 1
8922 9175 4
8922 9413 15
8925 9824 1
8925 9046 1
8925 9337 1
8928 9540 1
8929 8940 2
8929 9969 1
8932 9949 1
8932 8938 2
8936 8943 1
8936 9208 1
8936 9337 1
8936 9369 1
8938 8942 1
8940 9962 2
8940 9350 1
8940 9140 1
8940 9610 1
8940 9808 1
8940 9901 1
8940 9432 1
8942 9491 4
8943 9801 1
8947 9505 1
8947 8955 1
8948 9484 2
8950 9112 6
8950 9500 1
8956 9010 4
8971 9667 1
8975 9746 1
8976 9472 1
8995 9361 1
9001 9037 1
9001 9781 3
9001 9002 1
9004 9186 4
9012 9021 1
9014 9219 5
9020 9699 1
9021 9947 1
9021 9885 7
9022 9264 1
9023 9532 18
9030 9860 1
9030 9136 2
9038 9969 1
9039 9832 2
9042 9136 1
9043 9223 3
9046 9136 32
9060 9136 3
9060 9949 2
9062 9264 15
9066 9535 2
9081 9538 2
9081 9121 1
9082 9830 1
9092 9118 1
9098 9243 4
9098 9252 1
9118 9984 1
9119 9395 1
9124 9361 1
9135 9614 1
9136 9521 2
9136 9477 1
9136 9721 1
9136 9227 6
9136 9686 1
9136 9817 3
9161 9614 1
9170 9874 1
9176 9179 2
9179 9686 2
9191 9860 5
9196 9224 1
9197 9860 1
9209 9339 4
9219 9481 1
9219 9708 1
9220 9848 1
9223 9705 2
9224 9815 1
9225 9323 4
9225 9443 1
9225 9628 1
9233 9349 4
9243 9749 2
9243 9441 1
9243 9684 3
9249 9848 4
9249 9491 2
9252 9282 1
9252 9940 9
9252 9736 1
9252 9685 1
9252 9501 4
9257 9471 1
9264 9934 1
9264 9665 1
9264 9923 19
9264 9971 1
9266 9666 6
9284 9969 1
9305 9339 2
9308 9704 1
9308 9680 5
9308 9904 1
9317 9337 3
9329 9510 3
9332 9612 4
9336 9778 1
9336 9666 1
9339 9769 12
9339 9842 1
9343 9535 104
9346 9600 15
9358 9672 1
9361 9997 16
9361 9922 2
9361 9728 1
9375 9465 1
9381 9395 1
9383 9472 1
9395 9726 5
9395 9700 1
9395 9916 2
9395 9981 4
9395 9512 1
9399 9666 89
9403 9528 1
9419 9472 6
9420 9755 4
9420 9500 1
9420 9647 6
9469 9528 1
9470 9860 2
9472 9898 7
9472 9708 1
9472 9877 1
9480 9660 1
9484 9649 1
9491 9548 1
9494 9891 2
9494 9498 1
9494 9811 1
9494 9833 1
9510 9625 1
9510 9967 15
9517 9567 2
9524 9835 1
9526 9535 2
9528 9534 3
9535 9557 1
9535 9546 1
9535 9954 1
9536 9860 1
9536 9730 1
9542 9969 2
9600 9913 1
9600 9953 4
9614 9899 1
9633 9805 18
9633 9638 1
9633 9643 25
9633 9678 1
9634 9788 1
9642 9653 1
9653 9728 1
9655 9874 3
9659 9885 1
9661 9894 1
9661 9835 1
9670 9860 1
9685 9860 1
9710 9832 1
9730 9873 1
9733 9949 1
9735 9874 1
9763 9832 7
9766 9860 1
9778 9935 18
9787 9864 3
9798 9860 1
9848 9988 81
9860 9955 1
9927 9969 2
9949 9958 5
9969 9982 1
