14 9831 1
18 8779 42
18 9321 4
36 9141 4
36 9895 1
37 9089 1
37 9064 1
37 9090 3
47 9314 9
47 8707 1
47 9640 2
47 9420 1
47 9741 1
47 9503 1
52 9185 1
52 8708 1
52 9741 1
54 8698 1
54 9960 1
54 9475 1
57 8892 13
57 8848 4
57 9345 1
57 9555 1
57 8913 4
57 8773 1
57 9881 1
62 9645 1
62 8801 2
62 9634 2
73 9553 1
76 8557 1
76 8924 1
76 9072 10
76 9790 1
76 9875 1
76 9846 1
84 9636 2
84 8696 1
84 8731 1
86 9771 1
86 9852 1
86 9874 1
86 8915 1
86 9824 1
86 8888 1
86 9049 11
108 9677 1
108 9932 2
116 8561 2
116 8957 3
116 9548 1
116 9038 1
116 9740 13
119 8981 1
119 9731 1
122 9845 5
122 9970 1
134 9922 1
134 9195 1
134 9776 1
134 9889 1
134 9017 5
134 9945 1
139 9050 1
139 9758 1
148 9418 1
148 8854 1
153 9767 1
153 8976 1
169 9504 1
169 9276 2
169 9946 1
169 9062 1
172 9176 1
172 9594 1
206 8844 2
206 9302 2
206 9470 1
213 9678 2
213 9998 1
214 9682 1
214 9077 9
214 9717 1
214 9883 1
214 9767 1
227 8725 1
227 9311 1
227 8594 1
227 9402 1
243 8812 11
243 9182 4
243 9246 1
275 9041 8
275 9585 1
275 9518 1
275 9164 1
275 9997 1
282 9118 1
282 9188 13
282 9738 1
307 9509 1
307 9104 1
307 8768 1
310 9674 1
310 8829 1
310 8663 26
310 9569 1
323 9467 1
323 9403 1
323 9148 1
324 8881 1
324 9199 1
330 8991 3
330 9489 1
339 8971 14
343 9232 3
343 9782 30
343 9719 6
350 9357 1
350 9179 1
350 9464 1
350 9547 1
350 8708 1
350 9619 7
350 9772 1
360 9996 1
360 8955 1
361 8663 4
361 9187 1
361 9259 1
361 9547 1
361 9725 2
370 8683 1
370 9436 3
370 8928 1
423 9158 1
423 8670 2
423 9945 1
423 9040 1
423 9714 1
423 9134 1
423 9204 1
440 9294 1
440 9874 1
452 8758 86
452 8984 2
454 9632 1
454 8855 1
454 9493 1
477 9310 1
477 9532 1
477 9436 4
478 9881 1
478 8774 5
478 9718 1
478 8609 13
478 9233 1
488 9159 3
488 9179 1
488 9828 41
488 8628 4
488 9480 1
488 9531 1
489 8714 1
489 8594 6
489 9475 2
491 8557 17
491 9878 1
491 8942 1
514 9389 1
514 8684 1
514 9517 1
515 8710 1
520 9714 2
520 9187 2
520 9447 4
520 9161 6
525 9521 1
525 9985 4
525 9084 1
530 9242 1
530 8841 1
530 9117 1
530 9195 2
530 9295 3
539 9241 1
539 9630 1
539 9613 1
545 9697 1
545 9590 1
545 9598 2
545 9615 11
545 9901 1
547 8846 2
547 9514 1
555 9168 1
555 8643 1
555 8927 2
555 9041 1
571 9867 1
571 9849 3
571 8931 2
571 8962 1
571 9060 1
572 9945 1
572 9825 5
572 8844 3
572 9734 3
579 8580 1
579 9741 6
579 8866 2
579 8600 1
579 8675 1
579 8985 1
588 8650 1
588 8947 1
589 9502 1
589 8608 1
589 8693 7
589 9167 1
589 9534 20
617 9638 2
629 8768 1
629 9340 1
629 9776 2
649 9925 9
649 9198 1
649 9604 1
649 9300 1
649 9759 2
675 9189 1
678 9601 1
678 8603 1
678 9344 1
678 8598 1
678 9204 1
678 9708 2
678 8617 1
678 8841 34
681 9702 1
681 8587 19
681 8901 1
689 9803 2
689 9935 2
702 8995 1
702 8754 8
702 9917 1
705 9486 1
705 9585 3
716 8851 2
716 9843 1
716 9618 1
716 9368 1
723 9346 2
723 9361 1
723 9252 4
740 9582 1
740 9851 8
748 9039 1
748 8825 1
748 8874 1
761 8912 1
761 8720 1
761 8754 1
769 9256 1
769 9582 4
790 9372 1
790 9968 1
803 9832 1
803 9748 3
810 8841 4
810 8638 5
810 8739 1
810 9090 5
810 9530 2
810 8940 1
810 8682 2
810 9149 2
810 9243 4
810 9293 4
810 9017 1
810 9953 1
813 9791 1
813 9052 1
824 9617 1
824 9817 1
835 9514 1
835 9678 1
835 9653 1
835 9080 1
835 9996 1
835 8979 1
835 9951 4
845 8874 1
845 9894 1
845 9727 1
845 8606 1
845 9828 12
845 9610 4
851 8725 1
851 8895 130
857 9553 2
857 9601 1
857 9517 1
872 9358 2
872 8565 1
872 9989 1
874 8694 1
874 8774 1
874 9264 1
882 8890 3
882 8836 2
882 8571 1
901 9977 1
901 8688 1
901 8971 3
912 9465 7
912 9051 1
912 9358 1
912 9382 9
912 8664 1
912 8785 1
912 8810 2
912 9356 2
919 9081 1
919 9615 1
919 9631 1
919 8844 1
919 9283 2
944 9780 1
945 8855 1
945 9449 1
945 8662 3
949 9714 6
949 8644 1
949 9129 1
949 9586 4
949 8559 1
949 8698 1
949 8911 1
952 8918 1
952 9988 1
952 9626 1
958 9133 2
958 8558 1
969 8960 2
969 8801 4
969 9386 1
983 9181 1
983 9377 4
983 9763 1
983 9864 3
983 9357 1
983 9366 1
994 9983 1
994 9572 36
996 9932 1
1005 9827 1
1005 8562 1
1024 9849 1
1024 9075 1
1024 9312 1
1024 9370 1
1024 9554 1
1028 8594 17
1028 9961 1
1028 9728 1
1028 9028 8
1028 8675 1
1033 9043 1
1033 8832 1
1033 9877 4
1042 9241 1
1042 8922 1
1042 9955 4
1042 9953 1
1042 9692 1
1042 9251 2
1044 8751 3
1044 9552 3
1044 8909 2
1044 8762 1
1061 8985 1
1061 9603 9
1075 9526 1
1075 9266 31
1075 9992 1
1075 9715 1
1075 9677 2
1075 9932 1
1075 9178 4
1126 9617 1
1126 9405 1
1126 9777 1
1126 8585 2
1126 9301 1
1126 9954 1
1126 9101 1
1126 9211 1
1142 9387 2
1142 9594 1
1142 9466 1
1142 9266 2
1162 8879 1
1162 9380 1
1162 9913 1
1162 8912 1
1162 9315 2
1163 9718 6
1163 9176 1
1167 9573 11
1167 9039 4
1167 9043 4
1167 9451 1
1167 9680 6
1177 9832 1
1177 9358 1
1185 9539 1
1185 8665 1
1185 8973 3
1185 9897 2
1185 9089 1
1189 9000 6
1189 9913 1
1189 8664 1
1189 9008 6
1189 9655 1
1196 9999 1
1217 8842 1
1219 9321 1
1219 9799 2
1219 9103 4
1219 9180 2
1219 9903 3
1234 8703 3
1234 9354 1
1234 8823 1
1234 9069 7
1243 8594 1
1243 9023 1
1243 9591 1
1243 8835 5
1243 9012 2
1255 9934 1
1255 9767 1
1286 8991 3
1286 9175 4
1286 9487 1
1286 8915 2
1286 9502 1
1286 8896 1
1286 9728 1
1286 9825 3
1286 9937 1
1289 8751 13
1289 9684 4
1299 9653 46
1299 9683 1
1301 9020 1
1301 9237 1
1307 8928 1
1314 9300 2
1314 8585 1
1314 9360 1
1315 8953 2
1315 9856 3
1315 9299 2
1315 8741 1
1315 9189 2
1315 9441 2
1315 9219 2
1315 9770 1
1330 9566 1
1330 9202 2
1330 9324 1
1333 8689 1
1333 9343 1
1333 9672 7
1333 9871 2
1333 9944 6
1333 9521 3
1333 9897 1
1345 9340 1
1345 8803 1
1345 8608 11
1345 9529 1
1345 9958 1
1348 9233 1
1348 9263 2
1348 9746 1
1348 9795 1
1348 9941 1
1351 9301 1
1351 8674 1
1351 9791 4
1351 9566 1
1351 9263 1
1356 8588 1
1356 9671 1
1356 8790 1
1356 8991 1
1356 9230 1
1356 9846 3
1365 9217 4
1365 9717 2
1365 9813 2
1373 9707 1
1374 9883 1
1380 9206 1
1380 8730 1
1380 9241 1
1380 9509 1
1380 9845 4
1380 9697 1
1380 9909 3
1413 9291 2
1413 9867 1
1417 9214 1
1417 9514 4
1417 8940 1
1417 9110 1
1446 9576 2
1446 8723 1
1446 8943 2
1446 9443 1
1446 9020 1
1446 9150 10
1446 9410 6
1446 9109 1
1446 9925 1
1446 9517 1
1446 9993 1
1447 8671 1
1448 8825 2
1448 9550 5
1448 8714 1
1448 9211 1
1448 9583 1
1459 9730 2
1459 8880 1
1459 9961 1
1464 9973 3
1464 9572 1
1464 8973 3
1464 9171 6
1464 9249 1
1464 9574 3
1465 8807 1
1465 9426 7
1473 9562 1
1473 8980 1
1476 8941 1
1476 9256 2
1477 9264 1
1485 8975 1
1485 8875 1
1485 9992 1
1492 9294 1
1492 8771 1
1492 8884 1
1492 9149 2
1492 9930 1
1492 9667 3
1492 9519 1
1499 8674 2
1499 8573 1
1499 9356 1
1499 9796 1
1500 9046 1
1516 9935 1
1516 8696 1
1516 8595 3
1516 9505 50
1532 9817 1
1532 8973 1
1532 9118 1
1539 8658 1
1539 9591 1
1539 8801 1
1539 8949 2
1539 9065 1
1539 9397 1
1539 9645 2
1564 9247 1
1564 9006 1
1564 9410 5
1568 8563 1
1568 9913 21
1573 9758 3
1573 9320 6
1573 8718 1
1573 9192 1
1573 9790 5
1573 9094 1
1583 9614 1
1583 9201 1
1583 9570 1
1587 8629 11
1587 9506 1
1587 9155 2
1587 9418 1
1587 9714 1
1588 9376 8
1588 9664 57
1606 9378 8
1606 9094 1
1606 9191 68
1606 9474 1
1606 9065 1
1606 8744 2
1638 9177 3
1638 8815 1
1645 9811 1
1645 9436 1
1645 8808 1
1645 8896 1
1645 9149 1
1645 9790 5
1681 9080 2
1681 8808 1
1681 8846 1
1681 9678 1
1692 9328 1
1692 9909 1
1692 9792 1
1692 8587 1
1692 9283 1
1692 9522 1
1692 9455 3
1705 9230 3
1705 8768 1
1705 8572 1
1705 8643 1
1705 9027 1
1721 8560 3
1721 8589 1
1721 8640 1
1721 9343 1
1735 9742 1
1735 9729 1
1735 9082 11
1735 9288 1
1747 8864 1
1747 9133 2
1747 9598 4
1747 8872 1
1747 9282 9
1747 9729 1
1750 9404 1
1750 9773 1
1753 9965 1
1753 9336 7
1753 9977 1
1779 8927 2
1779 9791 1
1795 8770 4
1795 8846 31
1795 8752 1
1795 9632 1
1799 9999 1
1799 8962 2
1799 8998 1
1807 8558 1
1807 9126 1
1807 9655 1
1810 8892 5
1810 8942 2
1810 8929 2
1810 8918 1
1810 9812 1
1811 9322 1
1811 9303 20
1820 9500 1
1829 8758 1
1829 9502 12
1831 9094 1
1831 9307 1
1831 9293 1
1831 9035 2
1831 9314 4
1831 8670 1
1831 8778 2
1831 9173 2
1839 9006 3
1839 9340 1
1839 9730 1
1839 9508 1
1839 9591 2
1839 9641 1
1839 8623 1
1839 9005 6
1839 9347 1
1839 8822 7
1847 8779 2
1847 9819 1
1847 8844 1
1847 8900 2
1847 9072 2
1847 9201 1
1877 9301 1
1877 9853 1
1886 8803 25
1886 9865 1
1919 9494 2
1919 9503 3
1919 9674 1
1922 9664 4
1922 9978 2
1928 9367 1
1928 8902 3
1928 9128 1
1928 9119 1
1928 8773 1
1928 9338 1
1928 9693 1
1928 9917 1
1928 8904 1
1930 8829 1
1930 9832 2
1930 8707 1
1930 8769 1
1930 9805 1
1930 9499 1
1930 8564 2
1930 9774 1
1937 9775 1
1937 8621 1
1937 9228 3
1937 9838 2
1950 9037 1
1950 9704 1
1950 8618 2
1950 9970 104
1950 8807 1
1964 8595 1
1964 9265 2
1964 8865 2
1964 9678 1
1964 9926 1
1972 8779 1
1972 9203 1
1972 9228 1
1972 9660 1
1977 8903 1
1977 8636 1
1977 9973 1
1977 8773 1
1977 9892 4
1992 9284 2
1992 9955 1
1994 9466 1
1994 9956 2
1994 9300 2
1994 8683 1
1994 9189 1
1994 8756 1
1994 8929 1
1996 9993 3
1996 8583 1
1996 9134 4
1996 9564 3
1996 9936 3
2003 8911 1
2003 8974 1
2003 8706 7
2003 8902 1
2003 8629 2
2013 9801 1
2017 9193 1
2021 9372 1
2021 9886 1
2021 9109 1
2021 9873 1
2023 9696 2
2023 9174 13
2028 9183 1
2028 9447 1
2028 8924 4
2028 9891 1
2028 8996 3
2033 9767 5
2036 9362 1
2036 8625 8
2036 9895 1
2047 9282 1
2047 9812 1
2047 8924 3
2047 8981 1
2050 9547 1
2053 9448 1
2053 9875 1
2053 9656 1
2053 8667 1
2062 9569 1
2062 9542 1
2062 9642 1
2068 8577 6
2068 9052 2
2068 8904 1
2068 9499 1
2068 8996 1
2068 8851 6
2068 9060 1
2068 9150 1
2069 9350 1
2069 9738 1
2073 9198 1
2073 9374 1
2091 8592 1
2091 9536 1
2147 9025 1
2147 9922 2
2149 9182 1
2149 8937 1
2161 8869 3
2161 9081 8
2161 8607 1
2161 9052 4
2171 9858 1
2171 9156 200
2171 9484 2
2172 9742 1
2172 9817 1
2172 8837 1
2172 9494 1
2186 9776 7
2186 9702 1
2204 9199 9
2204 8755 2
2204 9648 1
2211 8913 1
2211 9728 1
2240 9330 4
2250 9891 1
2250 8865 1
2253 8693 16
2253 9043 1
2253 8859 1
2270 8623 1
2270 9567 3
2270 8883 1
2270 9045 2
2270 9522 3
2272 9995 1
2277 8954 2
2277 9923 1
2277 8943 1
2277 8741 2
2277 9245 1
2301 8808 1
2301 9367 1
2301 9423 6
2311 8855 1
2311 8936 16
2324 8666 1
2324 9543 2
2324 9735 2
2330 9989 9
2330 8587 8
2330 9064 2
2330 9763 11
2363 9093 1
2368 9926 1
2368 8693 1
2368 8978 1
2368 9183 2
2379 8707 1
2379 9312 1
2379 8964 1
2379 9172 1
2379 9361 2
2399 9977 1
2399 9443 1
2427 8840 1
2427 9901 1
2427 9679 32
2427 9259 2
2427 9343 61
2427 9355 3
2427 9405 1
2427 9033 1
2427 9460 1
2427 8915 20
2429 9912 1
2429 8825 3
2429 8692 1
2429 8766 2
2429 9221 1
2429 9618 1
2436 9851 1
2445 8932 2
2445 9546 1
2445 8673 18
2450 8901 1
2450 9025 1
2450 8884 1
2457 9034 2
2457 9585 1
2457 9703 1
2461 8618 1
2461 8923 1
2461 9057 1
2465 9478 1
2465 9247 2
2465 9226 5
2466 9551 1
2471 9448 2
2471 8810 10
2471 8755 1
2471 9496 1
2471 9894 1
2471 8917 2
2479 8766 1
2479 9868 4
2505 8665 3
2505 9374 6
2505 8842 1
2505 9583 1
2505 9713 1
2511 9819 1
2511 8980 1
2511 8957 1
2511 9531 15
2511 8835 6
2511 9179 3
2511 9839 6
2511 9882 1
2546 9926 1
2546 9792 1
2566 9696 1
2566 9352 7
2568 9858 2
2592 9287 1
2599 9423 36
2599 8686 1
2599 8869 38
2599 8925 1
2599 8986 1
2620 8603 5
2633 9328 1
2637 9956 3
2637 9321 2
2642 9521 1
2642 9958 1
2655 9037 9
2655 9990 4
2666 9597 1
2666 9367 1
2666 9882 1
2666 9279 1
2690 9748 2
2690 9155 1
2708 8729 1
2708 9655 1
2708 9944 1
2708 8820 1
2721 9785 1
2721 9508 2
2721 9915 9
2721 8988 2
2721 9020 2
2721 9557 5
2721 9594 200
2744 9976 1
2744 9254 5
2744 8729 1
2744 9885 4
2744 9161 1
2744 9504 1
2758 9713 7
2758 9038 1
2758 9151 1
2758 9758 1
2758 9527 1
2758 9948 10
2758 9243 1
2759 8823 1
2759 8609 1
2765 8918 1
2765 8772 1
2765 9487 3
2779 9605 2
2837 8960 1
2837 9263 4
2837 9997 1
2846 9109 26
2851 9166 1
2851 9814 1
2862 9432 2
2862 9203 1
2862 9984 1
2874 9983 1
2874 8715 1
2874 9416 4
2892 9917 2
2892 8589 1
2892 8901 1
2892 9538 8
2894 9660 1
2906 9195 1
2906 9252 2
2906 8741 1
2906 9245 1
2906 9713 6
2906 9159 2
2906 9534 1
2906 9007 1
2906 9960 21
2912 9626 6
2912 9709 1
2912 9962 1
2912 8766 2
2912 8935 2
2912 9550 2
2912 9935 1
2913 8802 1
2913 8918 5
2913 9162 1
2913 8665 1
2913 9928 1
2915 9012 5
2915 9426 1
2915 9645 2
2915 8660 1
2915 8756 3
2915 9668 2
2915 9857 6
2921 8563 1
2921 8653 1
2927 9689 2
2927 8783 2
2927 8793 1
2927 8992 1
2932 9508 1
2932 9170 4
2932 9974 1
2953 9566 1
2953 9266 4
2953 9083 1
2971 8750 3
2971 8980 1
2971 8752 1
2971 8949 5
2971 8975 5
2974 9709 2
2974 9034 1
2974 9422 3
2976 9103 6
2976 9551 1
2976 9878 1
2976 8826 1
2976 9842 1
2983 8866 4
2983 9548 8
2983 9809 2
2983 9874 2
2988 9042 1
2988 9352 2
2992 8917 1
2992 9467 1
2992 9583 1
3022 9566 1
3022 8691 1
3028 9339 1
3028 8784 1
3028 8750 1
3028 9166 1
3047 9119 11
3047 9628 1
3057 9605 2
3067 9386 1
3067 9528 2
3067 8920 1
3067 9628 1
3072 9465 1
3072 9950 1
3075 9297 3
3075 9524 1
3075 9908 1
3075 9283 1
3075 9447 51
3075 9739 1
3075 8823 14
3081 8977 1
3081 9633 1
3084 9819 2
3084 9968 1
3084 9039 1
3084 9083 16
3084 9614 1
3084 9028 3
3084 9350 8
3084 9818 2
3087 8577 1
3087 9230 1
3094 9950 1
3124 9286 6
3124 9628 1
3124 8949 4
3124 8682 1
3124 8898 1
3124 9915 1
3148 8884 2
3148 9256 4
3148 9857 1
3148 9347 1
3148 9697 18
3148 8723 9
3148 9584 38
3148 9802 1
3148 9648 2
3166 8592 1
3166 9616 1
3166 8576 6
3166 9453 2
3172 9791 1
3177 8596 1
3177 9263 1
3177 8923 3
3177 8782 2
3177 9756 1
3177 9832 1
3192 9497 2
3192 9277 1
3192 9884 2
3192 8864 1
3192 9630 2
3195 8920 1
3195 9167 1
3195 8873 2
3195 9334 2
3195 9630 5
3195 9731 2
3195 8991 1
3197 9781 1
3210 9595 7
3210 9697 56
3210 9453 2
3210 9319 1
3210 9832 1
3228 9797 2
3228 9679 3
3228 8636 5
3232 8860 2
3232 9923 1
3232 8964 2
3253 8985 3
3253 8684 1
3253 9548 2
3253 9034 1
3268 9660 7
3268 9922 1
3268 9890 1
3283 8621 1
3283 9422 1
3283 9650 5
3283 9881 1
3283 8815 1
3284 9066 1
3284 9602 1
3288 8650 1
3312 9980 1
3316 9655 1
3316 8999 1
3316 9386 1
3316 9508 1
3316 9592 3
3317 9474 1
3317 9430 1
3317 9391 9
3317 9344 2
3317 9363 1
3374 9417 2
3391 8670 4
3391 9774 1
3391 9197 1
3426 8848 4
3426 8638 1
3426 9431 6
3426 9992 2
3452 8765 1
3452 8581 1
3452 8874 1
3452 9178 2
3452 9727 1
3476 9192 3
3476 9425 8
3476 8969 1
3476 9725 2
3476 8842 1
3476 9144 1
3476 9320 1
3476 9555 1
3476 9595 1
3476 9684 4
3476 9800 15
3476 9920 1
3476 8720 1
3476 8830 1
3478 9960 3
3478 9418 2
3478 9330 1
3485 9965 2
3485 9254 3
3485 8967 200
3488 9085 50
3488 9031 3
3488 9340 1
3488 9557 1
3552 9887 1
3552 8581 4
3552 9137 2
3552 9797 1
3584 9644 1
3584 8986 2
3584 8903 2
3584 9883 1
3617 9484 1
3617 9574 1
3617 9367 4
3623 9253 9
3623 9532 1
3623 9536 200
3623 8715 1
3623 8813 4
3623 9423 3
3623 8907 2
3626 9200 1
3626 9730 1
3626 9823 3
3626 8606 1
3646 9374 1
3646 9119 2
3646 9803 1
3650 8706 3
3650 9805 1
3650 9328 1
3650 9441 29
3650 8733 1
3650 8924 1
3650 9723 2
3683 8588 10
3685 9249 1
3685 9756 1
3685 9094 2
3685 8765 1
3685 9330 68
3685 9338 1
3685 9538 1
3685 9475 1
3685 9198 6
3692 9201 1
3692 9844 1
3718 9202 13
3718 9183 1
3726 9059 5
3726 9729 1
3726 9114 1
3726 9847 1
3726 8728 3
3726 9496 1
3762 9922 1
3762 8918 7
3762 9869 2
3762 9280 1
3762 9506 2
3762 9911 1
3773 9075 1
3780 9791 3
3796 9458 2
3796 9040 2
3796 9667 4
3796 9889 4
3851 9639 1
3851 9677 1
3861 9599 3
3861 8606 2
3861 9449 1
3861 9539 1
3862 9380 1
3862 9157 58
3870 8573 1
3881 9795 1
3885 9220 1
3885 9990 2
3885 9192 37
3885 9930 3
3887 8881 4
3895 9834 2
3901 9964 2
3901 9174 7
3901 9524 1
3901 9410 1
3901 9665 1
3901 8782 1
3901 9282 1
3901 9133 3
3940 9666 17
3940 8708 1
3940 9157 1
3940 9426 1
3940 8837 1
3940 9453 3
3940 9823 1
3996 9022 4
3996 9418 1
3996 8728 4
3996 8819 3
3996 9097 2
4001 9470 4
4001 9851 5
4001 9040 1
4020 9312 2
4020 9667 1
4027 8922 1
4027 9844 1
4027 8969 1
4027 9651 129
4038 8756 1
4038 8969 2
4038 9791 1
4040 9901 1
4040 9333 1
4040 9665 1
4051 8817 1
4051 8636 2
4051 9333 1
4051 9361 5
4052 8708 2
4052 9084 2
4052 8691 1
4052 9678 1
4052 9310 1
4063 9090 23
4063 9044 34
4063 9654 1
4063 9801 1
4063 8567 1
4063 9806 2
4068 9666 2
4068 8708 7
4068 9840 1
4071 9603 2
4071 9961 2
4081 8649 4
4081 9894 1
4081 9497 3
4081 9799 1
4098 8904 1
4098 8616 2
4098 8848 1
4098 8976 1
4101 8969 1
4109 8899 2
4109 8787 11
4109 9377 2
4109 9380 4
4109 8590 3
4109 9103 3
4109 9447 1
4109 9979 1
4121 9201 1
4121 9469 1
4121 9887 4
4121 8912 1
4121 9719 2
4132 9301 1
4132 9175 4
4132 9759 1
4132 9170 2
4145 9473 2
4145 9003 2
4145 9260 1
4154 9193 1
4154 8993 16
4166 8876 1
4166 9203 1
4166 9389 2
4166 9599 59
4166 9605 2
4166 9771 1
4167 9509 21
4170 9387 3
4170 9792 1
4170 9818 1
4170 9901 4
4180 9148 1
4184 9518 1
4184 9337 1
4184 9911 1
4184 8819 1
4190 9252 2
4194 8897 2
4194 9248 1
4194 9749 2
4194 9506 1
4194 9085 1
4194 9681 1
4199 8636 5
4199 9242 1
4199 9410 1
4199 9144 1
4199 9462 1
4203 8887 1
4203 8942 1
4203 9739 1
4203 9968 1
4203 9430 1
4238 9934 1
4238 9674 1
4256 9949 1
4256 9404 1
4262 9979 1
4262 9910 2
4264 8998 2
4264 9526 1
4270 8583 4
4270 9203 1
4270 9498 1
4270 9226 1
4281 9515 1
4281 9186 2
4285 8792 1
4285 9297 2
4285 9687 4
4294 9492 1
4294 9760 3
4294 9204 6
4294 8769 1
4295 9232 3
4295 9962 1
4300 9536 1
4300 8579 1
4300 9674 1
4300 9260 1
4300 9262 3
4300 9248 1
4300 9888 1
4300 8901 2
4300 9213 1
4300 9656 1
4300 9131 1
4305 9697 1
4305 9358 1
4305 9948 1
4305 9049 1
4305 8944 1
4305 9430 1
4305 9786 2
4305 9182 1
4305 8759 6
4305 9562 10
4305 9595 1
4309 8923 5
4309 9297 1
4309 8998 1
4309 9503 1
4309 9797 1
4343 8639 1
4343 9444 1
4343 9463 1
4343 9469 2
4343 9667 8
4378 8854 1
4378 8603 1
4378 8780 1
4378 8720 1
4378 8904 2
4378 8650 2
4378 9357 2
4381 9702 4
4381 8970 1
4381 9293 1
4382 9066 14
4382 8618 1
4382 9000 1
4382 9191 1
4397 9368 3
4397 8977 2
4402 8691 1
4402 9522 3
4402 9879 3
4405 9891 1
4405 9337 24
4438 9368 3
4438 8734 1
4438 9689 1
4442 9071 1
4442 9470 1
4442 9638 2
4459 9158 4
4459 9258 1
4459 9515 1
4467 8561 8
4467 9046 5
4467 9016 1
4467 8802 3
4467 8817 1
4472 9937 1
4472 9877 4
4472 9500 12
4472 9090 1
4472 9854 1
4484 9979 1
4484 8666 1
4496 9487 1
4496 8978 5
4496 9878 1
4496 9618 1
4496 9066 2
4499 9967 2
4499 9319 2
4499 8930 1
4499 9287 1
4499 9750 1
4505 8581 1
4505 9390 1
4513 8827 1
4518 8860 2
4518 9149 42
4518 9521 1
4518 9003 2
4518 8848 1
4518 8836 1
4518 8693 1
4518 9974 2
4529 9278 2
4529 9773 1
4529 8639 7
4529 9425 1
4530 8595 1
4530 9084 73
4530 8841 1
4530 8563 1
4530 9884 2
4541 9213 1
4541 8921 1
4541 9499 14
4543 9958 3
4543 9219 1
4543 8778 1
4543 9457 1
4566 9311 1
4566 9871 2
4566 9115 1
4570 9197 4
4577 9748 49
4577 9852 1
4577 9374 1
4584 9204 1
4584 9299 1
4584 9692 1
4587 8688 39
4587 9564 2
4587 8872 1
4587 9072 1
4587 9814 7
4587 8958 2
4604 9264 2
4627 9044 6
4638 9498 1
4638 9455 1
4638 8974 1
4638 9664 19
4638 9785 10
4640 8770 1
4640 9847 1
4640 9661 2
4640 9785 1
4656 9189 1
4656 9432 2
4657 8602 1
4657 8681 1
4657 9387 1
4663 9069 2
4663 8566 1
4663 9188 40
4666 9638 2
4666 8923 10
4666 9967 1
4674 8751 2
4674 8692 191
4674 9107 3
4687 8626 1
4687 9226 2
4687 9082 1
4687 9397 1
4687 9560 3
4687 9806 1
4687 8765 1
4687 9080 3
4687 9819 9
4687 8698 3
4687 9466 1
4702 8918 1
4702 9071 2
4724 8900 1
4724 9972 1
4724 9391 1
4724 9749 1
4724 9209 1
4731 8618 1
4731 9608 200
4731 9346 2
4731 9405 1
4749 9186 1
4749 9176 3
4754 8585 1
4766 9920 1
4766 9737 15
4767 9489 1
4767 9642 1
4767 9133 9
4778 9337 1
4778 8657 1
4778 8706 1
4778 9086 1
4786 9127 1
4786 8598 10
4787 9444 1
4787 9983 1
4787 9615 1
4820 9417 1
4821 9610 1
4854 8988 3
4854 9086 1
4854 9425 1
4882 9082 3
4882 8943 1
4882 8804 1
4882 9811 1
4882 9114 2
4882 9414 1
4885 8936 1
4885 8699 2
4885 9951 1
4885 9712 1
4885 9927 12
4889 8865 1
4889 9573 3
4889 9708 15
4895 9263 1
4895 9308 2
4895 9415 2
4929 8903 2
4929 9827 3
4934 8808 9
4934 9475 10
4934 9937 1
4934 8681 3
4934 9797 14
4934 9941 2
4934 8761 1
4934 9439 3
4945 9624 2
4945 9613 2
4945 9686 1
4945 8679 1
4945 8699 1
4945 9770 1
4947 8653 9
4947 8802 2
4947 9598 1
4947 8616 2
4947 8687 4
4947 9717 1
4954 9023 2
4954 9257 1
4958 9538 2
4958 9799 6
4958 9741 1
4958 9052 1
4958 8796 1
4958 8650 1
4958 9464 1
4958 9824 2
4968 8927 6
4968 9881 9
4968 8907 1
4968 9691 1
4968 9773 1
4968 8859 1
4972 9035 2
4972 8957 1
4972 9607 1
4973 9995 1
4973 9712 2
4973 8761 1
4973 9404 1
4973 9843 1
4973 9200 2
4973 9878 1
4976 8832 1
4976 9569 1
4976 8948 1
4976 9354 3
4976 8961 1
4976 9886 117
4981 8564 4
4981 9485 1
4994 9775 2
4994 8815 1
4994 8891 2
4994 9895 1
4994 8820 5
4994 9240 1
5007 9117 1
5007 8691 1
5007 9693 1
5007 9817 1
5007 9003 1
5007 9515 1
5020 9891 3
5020 9538 1
5020 8626 1
5020 9193 3
5020 9220 5
5037 8736 1
5037 9414 1
5037 9655 1
5037 8840 5
5037 9185 1
5037 8671 1
5037 9380 1
5054 8752 7
5054 8744 1
5054 9101 1
5054 9369 1
5054 9120 6
5065 9778 4
5065 9658 5
5065 9951 3
5097 8830 1
5097 9016 1
5097 9948 1
5097 9660 1
5098 8911 1
5098 9989 5
5098 9457 1
5098 8759 1
5098 8754 3
5105 8827 2
5105 8946 33
5105 9474 1
5105 9577 2
5112 9607 1
5112 9747 1
5112 8714 1
5114 8972 1
5114 9656 2
5121 9955 1
5121 9498 1
5123 9055 1
5123 9748 1
5123 9607 1
5123 8561 3
5135 9569 6
5135 8898 1
5135 9588 1
5135 9601 3
5135 9953 1
5135 8577 1
5152 8870 1
5152 8876 3
5191 9900 1
5191 8940 1
5191 8736 1
5191 8731 1
5191 8913 2
5191 9198 1
5191 9277 1
5191 8588 1
5191 8826 22
5200 9000 1
5200 9139 3
5200 8930 1
5200 9875 1
5209 9993 2
5209 8723 12
5211 9796 1
5211 9064 2
5211 9680 1
5211 9754 1
5211 8671 1
5211 8730 1
5211 8796 1
5211 8971 11
5212 9879 1
5212 9205 1
5216 9309 1
5216 9173 1
5224 9174 2
5224 9405 7
5224 9262 1
5235 8755 1
5235 9493 1
5235 9857 1
5235 9030 1
5236 9928 8
5236 9711 1
5243 8980 1
5243 8943 1
5243 9102 3
5243 9104 1
5283 9579 2
5288 9584 1
5288 8667 2
5288 8744 8
5312 9979 1
5312 9616 1
5312 9666 1
5319 9770 1
5319 9560 6
5319 8625 1
5319 8649 1
5319 9432 1
5329 9489 2
5329 9893 2
5329 9144 1
5329 9507 1
5329 9783 4
5337 9767 1
5346 8957 1
5346 8561 2
5346 9314 1
5346 9832 1
5346 9890 1
5346 9999 1
5356 9814 7
5363 8955 2
5363 8902 10
5363 8820 1
5363 9962 4
5363 9604 4
5366 9214 1
5366 9029 1
5366 9988 3
5366 9150 1
5366 9094 1
5367 9831 1
5367 9425 1
5367 8602 1
5367 9908 4
5367 9841 4
5380 9631 2
5380 9107 1
5380 9599 1
5380 8759 3
5380 9389 1
5380 9691 2
5380 9796 1
5383 8975 6
5383 9735 1
5383 9215 10
5383 9696 3
5385 8899 1
5385 9310 1
5385 8881 3
5385 9334 1
5385 9474 1
5385 9694 1
5387 9827 1
5387 9527 3
5387 9619 1
5387 9283 1
5387 9066 1
5387 9042 5
5408 9233 6
5408 9690 1
5408 8562 7
5408 9044 1
5408 9644 1
5408 9934 3
5424 8954 3
5424 8955 1
5424 8558 3
5424 9059 1
5431 9562 1
5442 9723 2
5442 9817 1
5442 9809 3
5442 8723 1
5442 9275 17
5442 8835 1
5442 9072 3
5442 9646 1
5506 8769 1
5506 8948 1
5532 8869 1
5532 8777 1
5544 9042 7
5544 8985 1
5544 9366 1
5544 8702 1
5545 8769 11
5545 8598 2
5545 8996 1
5545 9295 7
5557 8732 1
5557 9335 1
5567 8820 1
5567 9705 1
5567 9527 2
5582 9724 1
5613 9739 6
5613 8804 3
5615 9139 1
5615 9065 1
5615 8976 1
5615 9750 1
5615 8559 1
5615 8875 1
5615 9025 1
5618 8854 1
5621 8744 2
5621 9271 2
5621 9355 1
5622 9644 1
5622 8765 2
5622 9651 8
5656 9159 2
5656 8946 1
5656 9465 1
5663 9746 1
5663 8890 1
5663 8870 1
5663 9156 1
5663 9724 1
5671 9420 1
5672 9878 3
5672 9989 58
5672 8934 13
5672 9546 3
5672 9891 6
5677 9412 1
5677 9430 2
5677 9550 1
5677 8924 1
5677 9071 1
5677 9209 1
5690 8837 1
5690 9844 1
5690 9576 1
5702 9356 4
5702 9471 1
5702 9415 1
5702 9333 1
5702 9953 1
5702 9255 14
5702 9976 8
5708 9431 1
5708 9320 5
5708 9032 1
5708 9532 1
5708 9786 1
5716 9783 1
5716 9214 6
5716 8684 1
5716 9240 1
5718 9517 3
5722 9774 4
5722 8793 15
5722 9656 4
5722 8934 21
5722 9015 2
5722 8558 1
5722 9333 1
5722 8629 1
5722 9374 2
5722 9760 1
5775 9484 1
5775 8580 3
5775 9007 1
5775 9405 4
5775 9378 1
5788 9913 1
5788 8896 1
5788 8625 9
5788 8872 1
5788 9723 1
5788 9032 1
5788 9199 1
5788 8780 1
5788 9050 1
5799 8560 1
5799 9216 1
5810 8779 1
5810 8931 2
5819 8566 1
5819 8860 1
5819 9162 1
5819 9372 6
5824 9197 2
5824 9950 17
5837 9574 1
5837 8840 1
5837 9035 1
5853 9437 1
5853 9772 6
5853 8688 1
5853 9461 1
5859 8970 1
5859 9285 1
5859 9302 18
5866 9730 1
5866 9577 2
5866 9423 1
5866 9202 1
5871 9778 1
5871 9526 1
5875 9168 1
5875 9927 1
5875 9936 5
5875 9636 11
5901 9772 2
5901 9948 1
5901 8903 1
5901 9839 1
5901 8967 1
5901 9775 4
5921 8855 2
5921 9299 2
5921 9782 1
5921 9271 1
5921 8573 1
5921 9805 1
5924 9274 1
5924 9605 6
5924 9276 1
5924 9683 1
5924 8842 1
5924 9942 3
5934 9020 1
5934 8792 5
5940 8591 1
5974 9162 1
5974 8869 3
5989 9462 2
5989 9263 8
5989 9264 1
5989 9948 2
5996 9744 1
5996 9054 1
5996 9888 10
5996 9486 1
6007 9729 1
6007 9717 41
6007 8639 1
6007 9277 1
6007 9335 4
6007 9648 29
6007 9790 2
6007 8579 1
6007 8786 1
6013 9175 1
6013 8999 1
6013 9996 2
6025 9538 1
6025 9372 1
6025 9315 2
6025 9354 1
6036 9381 3
6036 8574 1
6036 9586 3
6040 8792 2
6041 9412 1
6041 9257 3
6049 9471 2
6049 8793 1
6049 9071 2
6050 9805 2
6050 9634 1
6050 8793 1
6050 9413 1
6065 9868 1
6065 9509 3
6065 9423 22
6065 9927 1
6065 9119 1
6065 9746 4
6065 9688 1
6065 9691 1
6075 9309 1
6075 9255 1
6075 8999 85
6075 9869 1
6077 8813 1
6077 9027 2
6077 9625 1
6077 8803 1
6077 9567 1
6095 9406 1
6095 9075 1
6095 9555 2
6107 9505 1
6107 8592 10
6112 8679 4
6118 9128 3
6118 9865 1
6118 8687 1
6118 9970 1
6121 9937 1
6121 9271 3
6121 9802 1
6121 9346 1
6121 9232 1
6121 9448 1
6122 9763 1
6122 8887 1
6144 8920 1
6144 9119 2
6144 9650 1
6144 9935 10
6144 8783 4
6144 9639 1
6144 8750 1
6144 9483 1
6144 9646 1
6144 9654 1
6158 8587 8
6158 9250 2
6158 9507 1
6164 9037 4
6164 8698 1
6164 8854 1
6164 8591 3
6164 9751 1
6169 9605 1
6169 9025 2
6169 9943 1
6195 9333 1
6195 9647 1
6195 9718 200
6195 9774 1
6195 9462 1
6195 8684 3
6195 9504 1
6205 9777 1
6205 9923 1
6239 9952 6
6239 9955 1
6239 8607 1
6239 9118 18
6239 8629 1
6239 9085 1
6239 9144 2
6239 9164 1
6239 9478 1
6251 8883 1
6251 9080 1
6251 9277 1
6254 9597 1
6254 8571 1
6262 9414 2
6262 9366 3
6272 9426 4
6272 9864 1
6272 9288 3
6272 9889 1
6272 9148 1
6272 9316 1
6272 9524 30
6284 9259 1
6284 8565 1
6284 9294 1
6299 9006 1
6299 9759 3
6304 9964 2
6304 9185 2
6332 9231 1
6332 8851 1
6332 8957 1
6332 8918 1
6332 9483 2
6332 9172 2
6339 9391 1
6339 9540 2
6339 9795 2
6343 9382 59
6343 8979 4
6343 9037 13
6367 9484 2
6367 8665 1
6395 9860 1
6395 9572 1
6395 9161 1
6395 9845 1
6395 9930 1
6414 9343 23
6414 9347 1
6414 8783 6
6414 9842 1
6414 9158 1
6423 8583 1
6423 9470 3
6423 8561 15
6428 8969 1
6428 9390 18
6428 8617 7
6443 8807 9
6443 8685 1
6443 9683 1
6443 9893 3
6449 9166 7
6453 8576 1
6453 8667 1
6453 9215 1
6455 9050 200
6455 9205 1
6455 9845 1
6455 9929 2
6468 9133 1
6468 9998 2
6468 9877 4
6468 9382 1
6481 9304 1
6481 9150 1
6481 8561 2
6481 9505 1
6481 9761 1
6481 9249 1
6481 9986 78
6482 9894 2
6482 8762 1
6482 9804 1
6482 9998 1
6482 8623 1
6482 8655 4
6511 8948 1
6511 9878 28
6511 9881 41
6511 9909 1
6511 8887 1
6512 9311 22
6512 9576 2
6512 9439 1
6512 9858 3
6513 9616 6
6515 9109 1
6515 9734 3
6520 9534 1
6520 9081 2
6520 9483 3
6521 8854 30
6521 9820 3
6530 8829 1
6530 9625 2
6530 9970 1
6530 8971 1
6530 9735 3
6530 9042 1
6530 8718 1
6530 8738 2
6530 9566 5
6533 9636 6
6533 9621 4
6536 8628 6
6536 8935 3
6555 8664 6
6555 9984 2
6555 8934 1
6555 9599 2
6555 9489 1
6556 9258 1
6557 9553 1
6557 8584 1
6560 9081 4
6560 8591 25
6560 9391 5
6560 9923 1
6560 9159 2
6561 8783 2
6561 9681 1
6561 9055 1
6561 9180 1
6561 9213 43
6564 8835 4
6564 9246 2
6564 8694 112
6579 9248 2
6593 9509 1
6617 9943 9
6617 8618 3
6617 9554 5
6617 9479 1
6617 9739 1
6629 9406 1
6629 9750 2
6629 9584 8
6634 9841 1
6634 9942 1
6634 9177 1
6634 9638 2
6634 9584 1
6634 9738 1
6642 9701 1
6642 9391 1
6642 8707 2
6642 8932 1
6647 9294 1
6647 8682 3
6647 9100 35
6661 9992 1
6686 9936 4
6686 9274 1
6686 9543 1
6686 9871 49
6700 9550 5
6700 9893 1
6713 9035 1
6713 9040 1
6713 9334 2
6713 9540 3
6713 9237 17
6713 9339 5
6713 9391 2
6722 9241 2
6722 8562 2
6722 9628 49
6722 9825 1
6725 9686 1
6748 9188 1
6750 8679 1
6750 9681 1
6750 8758 1
6750 9217 2
6753 9180 1
6753 9591 1
6753 9925 3
6754 9241 32
6754 9990 2
6754 9602 3
6754 9796 1
6754 9928 1
6754 9976 1
6759 8917 1
6759 8827 2
6759 9175 1
6759 9247 1
6759 9760 3
6766 8584 1
6766 9016 1
6766 8779 1
6766 9199 1
6766 9258 1
6766 9856 2
6778 9178 1
6778 9471 1
6778 9310 1
6778 9997 1
6778 9778 2
6786 8818 1
6786 9668 1
6786 9834 1
6795 9406 1
6795 8771 1
6795 9097 9
6800 8570 1
6811 9295 1
6811 8665 1
6811 8900 2
6826 8725 1
6826 9311 1
6826 8663 2
6826 9511 2
6826 9819 1
6834 8840 1
6834 9660 1
6834 9320 1
6850 9566 1
6851 9352 1
6854 9542 2
6854 8870 1
6854 8926 1
6857 9634 2
6857 9842 3
6860 9312 4
6861 9998 3
6861 9703 1
6861 8944 2
6861 9671 2
6861 9685 3
6872 9051 3
6885 9413 1
6897 9059 1
6897 9224 26
6898 9231 2
6898 9461 5
6898 9763 1
6898 8812 1
6898 9274 3
6901 9110 1
6901 8758 1
6901 8937 1
6901 9321 1
6905 9748 3
6921 8696 3
6921 8675 1
6921 9033 1
6921 9031 3
6921 9101 1
6921 8930 1
6921 9747 1
6921 9877 1
6923 9614 6
6923 8710 15
6932 8665 2
6932 9257 1
6932 9378 1
6932 9497 1
6932 9679 1
6958 9588 1
6958 8953 1
6958 9306 1
6958 9946 1
6965 9796 2
6970 9945 5
6970 9632 1
6970 9927 1
6974 9040 1
6974 8855 4
6974 9082 13
6987 9144 1
6987 9797 1
6987 8595 1
6987 9856 1
6987 9935 12
6987 8995 6
6996 9917 2
6996 9265 1
7011 9496 2
7016 9879 1
7016 9553 1
7016 9618 1
7016 9943 3
7016 9045 1
7016 9381 13
7023 8867 2
7067 9316 1
7067 9979 5
7067 8689 1
7067 8832 1
7067 9864 3
7068 9415 1
7068 8909 1
7068 8753 1
7068 9127 5
7071 8930 1
7071 8603 5
7071 8918 1
7071 9551 7
7079 9192 1
7079 8817 4
7079 9681 12
7079 9942 1
7079 9840 5
7083 9489 4
7083 9739 1
7083 9464 1
7083 9912 1
7083 8735 1
7083 9983 3
7094 8580 5
7094 9219 1
7094 8909 1
7094 9972 1
7139 9483 2
7139 9285 1
7139 9338 1
7139 9831 1
7146 9849 1
7146 9543 8
7148 8590 1
7148 8772 1
7148 9843 6
7148 9206 1
7148 8890 1
7154 9542 1
7190 9944 1
7206 9367 1
7206 9861 42
7206 9299 5
7206 9737 1
7219 9039 1
7219 9214 3
7219 9275 8
7246 8738 2
7246 9702 1
7269 9701 1
7269 9465 1
7269 9688 3
7269 9242 18
7269 9601 3
7270 9191 1
7270 9324 1
7270 8960 1
7270 9476 1
7273 8649 1
7275 9534 4
7275 9723 2
7297 8774 2
7297 9195 1
7297 9892 1
7297 9873 1
7310 9494 1
7310 9577 1
7321 8892 1
7321 9633 24
7340 9942 1
7340 9827 3
7340 9603 8
7340 9849 14
7340 9735 1
7369 9536 1
7369 9615 1
7369 9297 1
7384 8976 2
7384 9291 1
7384 9437 1
7392 9665 1
7392 9232 2
7396 9628 4
7396 9284 1
7404 9264 9
7410 9778 1
7410 9382 1
7410 9560 5
7411 8662 6
7411 9225 1
7411 9617 1
7416 9713 2
7416 9293 7
7416 9854 2
7416 9430 6
7425 9217 1
7425 9532 1
7425 8953 1
7425 9781 10
7425 9987 3
7457 9474 1
7457 9381 1
7458 9045 1
7458 9015 1
7459 8778 1
7459 9377 1
7460 9660 4
7460 9932 2
7460 8784 1
7460 8777 1
7460 8567 2
7460 9852 3
7460 8916 6
7460 8943 5
7491 9080 5
7491 8902 3
7516 9648 2
7516 9172 1
7516 9696 1
7517 9586 1
7517 9720 9
7517 9266 1
7517 9731 1
7522 9521 1
7522 9151 1
7522 9834 2
7532 9439 1
7532 9624 14
7532 8936 1
7532 9865 3
7543 9820 1
7543 9499 1
7543 9403 7
7543 9872 5
7544 9724 20
7544 9137 12
7544 9485 1
7554 8986 2
7577 8733 41
7577 9402 12
7604 9942 1
7604 9337 1
7604 9400 1
7604 8932 1
7609 9415 1
7614 9361 1
7614 8786 1
7614 8955 3
7614 8784 1
7614 8574 5
7614 8579 1
7614 8903 2
7656 8808 4
7656 9847 1
7672 9530 1
7672 9771 2
7693 9786 1
7693 9278 1
7693 9781 1
7713 9579 2
7714 8625 4
7714 9641 1
7714 9704 2
7714 9922 1
7714 9077 1
7721 9749 1
7721 8616 2
7721 9312 1
7721 9498 1
7724 9137 1
7724 9300 1
7724 9054 2
7729 9671 1
7729 8609 2
7729 8600 1
7729 9705 1
7735 9054 1
7780 8899 1
7780 8911 1
7780 9860 1
7784 9016 1
7784 8691 3
7784 9847 1
7784 9043 2
7784 9868 2
7800 8903 4
7800 9088 5
7800 9974 1
7800 8707 1
7805 9084 1
7805 9865 1
7805 9929 1
7805 8829 1
7818 8860 1
7818 9954 1
7818 9089 5
7818 9221 1
7818 9573 1
7819 9877 2
7819 9539 1
7819 9635 5
7819 8818 7
7819 9712 1
7824 9221 2
7824 9161 1
7824 9336 1
7824 9360 2
7824 9980 20
7824 9786 2
7829 9936 1
7829 9715 1
7839 9943 1
7839 9656 1
7839 8970 2
7839 9536 1
7841 8999 1
7841 8739 1
7853 8725 23
7853 9530 2
7853 9178 1
7856 9890 1
7856 9347 2
7856 9585 1
7856 9354 1
7856 8634 27
7860 9801 2
7860 9494 3
7860 9709 2
7870 8565 1
7870 8594 1
7870 8657 1
7880 8917 2
7880 9527 20
7880 9599 1
7896 9363 1
7896 9390 1
7896 9483 2
7896 9929 1
7896 9209 1
7896 9632 2
7899 9102 2
7906 9262 9
7906 9242 32
7906 8801 2
7906 9500 1
7907 9146 2
7907 9661 1
7921 9266 6
7921 8984 2
7931 9707 5
7931 9536 1
7931 9654 4
7931 9893 5
7931 8585 1
7931 9528 1
7935 8801 31
7935 8786 91
7935 8580 6
7938 9346 4
7938 9805 1
7938 8579 1
7938 8920 2
7938 8790 4
7938 9570 1
7938 8787 1
7938 9707 1
7938 9861 1
7940 9020 1
7940 9160 59
7940 9958 1
7944 9050 2
7944 9232 1
7944 9626 1
7944 9780 1
7975 8864 1
7975 9029 4
7975 9138 2
7975 9038 200
7975 9553 1
7978 8592 1
7978 9487 2
7978 9343 1
7991 9610 3
7994 9671 1
7994 9602 6
7994 8721 1
7994 9344 2
8006 9134 13
8006 9339 2
8006 9890 1
8006 9307 1
8015 9641 1
8024 9639 15
8024 8972 1
8024 9441 60
8027 9846 1
8027 9605 1
8031 8584 1
8031 9093 1
8032 8590 1
8032 8681 2
8032 8947 1
8032 8986 1
8032 8907 5
8032 9515 1
8032 9603 1
8032 9718 67
8032 9887 1
8051 8772 3
8051 9344 1
8051 9333 1
8064 8818 1
8064 9305 8
8064 9862 1
8079 8782 1
8079 9304 1
8079 8714 1
8104 9619 1
8104 9031 1
8104 9655 1
8104 9704 3
8104 8736 2
8104 9314 1
8108 9176 1
8108 9613 3
8135 9647 2
8135 8949 1
8135 9123 4
8135 9412 2
8146 9816 5
8146 8823 2
8146 9693 1
8146 9038 3
8146 9248 2
8177 8703 1
8177 9797 4
8177 8587 1
8177 8999 1
8177 9862 1
8177 8847 1
8177 9167 1
8177 9592 3
8177 9937 2
8177 9552 2
8177 9682 1
8179 9977 1
8179 8935 1
8179 9485 1
8179 9615 1
8179 9771 6
8179 9557 2
8179 9847 2
8179 8771 2
8179 8815 1
8199 8715 1
8201 9039 21
8201 9501 2
8201 9136 3
8201 9253 1
8212 9834 1
8212 9027 1
8212 9088 1
8214 9480 2
8242 9223 1
8242 9967 1
8242 9198 2
8242 9813 1
8255 9987 31
8255 8953 1
8255 9960 1
8255 8875 3
8255 9039 1
8255 8618 1
8255 9231 4
8259 8899 1
8259 9340 1
8259 9529 1
8259 9139 1
8259 8688 1
8259 8866 12
8259 9437 1
8261 8762 1
8261 9664 3
8280 9315 3
8280 9460 1
8302 9017 1
8302 9189 1
8312 9150 2
8312 9304 5
8312 9873 1
8322 8570 1
8322 9287 1
8322 8596 19
8322 9838 3
8322 9369 2
8322 9461 4
8355 8844 3
8355 8825 1
8355 8864 1
8355 8977 1
8363 9814 1
8363 8571 1
8363 8669 8
8363 9538 1
8365 9841 3
8365 9055 2
8365 9712 1
8365 8940 5
8365 9271 1
8365 9909 8
8365 9529 1
8365 9993 5
8374 9307 2
8374 9191 10
8374 8736 1
8374 9032 1
8374 9275 1
8377 9216 2
8377 9608 1
8378 8707 2
8378 9441 1
8378 9280 1
8378 9665 1
8378 9816 1
8405 9008 3
8405 9221 2
8405 9974 1
8406 8993 1
8406 9123 1
8406 9174 1
8434 9381 1
8434 8971 1
8434 9492 1
8434 9937 6
8434 9271 1
8434 9406 2
8441 8576 1
8441 8590 1
8441 9095 1
8441 9303 1
8441 9322 5
8461 8874 1
8461 9804 3
8461 9000 1
8461 9432 1
8461 8583 1
8461 9337 3
8461 9217 1
8461 9300 17
8461 9597 1
8461 9624 2
8461 9801 2
8513 9685 3
8513 9413 2
8513 9667 1
8513 9343 5
8517 9751 24
8517 9184 2
8517 9573 5
8517 9350 2
8517 8640 1
8517 8884 1
8517 9816 3
8517 9158 1
8522 9107 2
8522 8721 2
8522 9591 1
8522 8644 32
8532 9524 1
8532 8958 2
8532 9640 4
8535 9311 1
8535 9517 1
8538 9190 1
8538 9418 1
8538 9778 1
8538 8714 1
8538 9339 1
8538 9233 1
8538 8770 2
8538 9259 2
8541 9284 1
8541 9579 1
8542 9644 2
8542 8725 1
8542 8752 3
8543 9039 6
8543 8911 1
8543 9489 1
8545 9813 27
8545 8673 1
8545 9437 1
8545 9897 1
8545 8753 1
8548 8699 1
8548 9037 1
8550 8840 1
8550 8703 1
8555 9355 1
8555 8879 3
8555 9955 1
8555 9223 4
8556 8860 1
8556 9399 3
8556 8644 2
8556 8638 1
8556 9160 2
8556 9730 1
8556 9917 13
8557 8680 1
8559 8695 1
8560 8877 1
8564 9556 6
8566 9637 1
8567 9495 1
8567 8839 1
8568 9521 4
8569 8869 2
8569 9872 2
8570 8814 3
8572 8651 3
8572 9578 1
8572 8746 57
8573 9087 2
8575 8581 1
8575 9711 1
8575 9127 1
8575 9713 1
8575 9693 1
8578 9603 1
8578 9893 2
8578 8807 1
8578 8674 8
8578 8940 1
8579 8809 1
8582 8964 2
8582 9518 1
8583 8833 1
8584 9004 1
8586 9093 4
8587 8737 1
8588 8646 1
8589 8604 1
8589 9764 95
8590 8712 1
8593 9481 3
8594 8760 2
8594 9556 1
8596 8757 1
8596 8726 2
8597 9252 1
8597 9990 5
8599 9199 3
8599 9728 1
8599 8916 1
8599 9957 5
8599 9128 1
8600 8642 2
8601 8768 5
8601 9677 1
8601 8941 2
8601 9178 1
8601 9370 1
8601 9177 1
8602 8677 3
8604 9754 1
8605 9082 1
8605 8904 1
8605 9777 1
8607 9490 200
8610 9852 1
8610 9363 1
8610 9278 4
8610 9817 2
8611 8855 2
8611 9418 1
8612 9613 1
8612 9071 1
8612 9861 1
8612 9644 1
8612 9871 1
8612 8873 9
8612 8939 4
8613 9453 5
8613 8867 1
8613 9250 1
8613 9481 1
8613 9552 1
8614 9921 2
8615 9460 1
8616 9096 14
8617 8695 1
8619 8926 15
8619 8755 1
8620 9220 1
8621 8834 8
8621 9556 1
8622 9872 6
8622 9324 1
8622 9514 7
8622 9943 1
8623 8709 5
8624 8682 1
8624 9775 1
8624 9920 1
8626 8712 3
8627 9005 1
8627 9714 1
8627 9785 2
8627 9551 2
8627 9160 1
8627 9357 1
8627 8728 2
8627 9449 1
8627 9746 5
8627 9287 1
8627 9761 1
8628 9994 1
8630 8766 2
8630 8734 1
8631 8980 1
8631 9631 1
8631 9853 1
8631 9742 3
8632 9599 1
8632 9958 3
8632 9803 2
8633 9781 2
8633 9417 1
8633 9625 1
8633 9051 2
8633 9301 1
8634 8871 2
8634 9013 1
8635 8840 1
8635 9703 5
8637 9497 2
8637 8915 14
8637 8810 1
8637 9253 1
8637 8706 1
8641 9797 1
8641 9357 1
8641 9638 1
8641 9929 1
8642 9761 1
8642 8897 1
8642 9852 1
8642 9988 1
8645 8655 1
8645 9175 1
8645 9496 5
8646 9777 2
8646 8962 12
8646 9288 1
8647 8689 1
8648 9977 1
8650 8845 1
8651 9083 1
8651 9688 1
8651 9413 1
8651 9763 1
8651 8847 1
8651 9251 2
8652 9264 1
8652 9651 2
8652 9765 90
8652 9950 1
8652 9007 2
8652 9805 2
8653 8672 3
8654 9262 1
8654 9548 1
8654 8996 1
8654 9400 17
8654 9630 1
8655 8727 2
8655 9419 5
8656 8923 50
8658 9722 1
8658 8791 1
8659 9115 175
8659 8964 7
8659 9117 4
8660 9452 2
8661 9062 1
8661 9681 1
8661 9921 1
8662 8828 2
8663 8737 2
8666 8852 1
8666 9419 1
8668 8813 1
8668 8958 1
8668 9245 1
8668 9282 1
8668 9287 2
8668 9246 1
8668 8792 3
8668 9480 2
8668 8766 1
8668 9542 3
8669 8743 1
8670 9236 2
8671 8858 1
8672 9574 1
8672 9811 20
8673 8863 200
8674 9078 1
8676 9890 1
8676 9016 1
8677 9937 4
8677 8721 20
8677 8779 2
8677 9969 1
8678 9625 1
8678 8935 1
8678 9370 2
8678 8803 4
8678 9243 1
8679 9079 1
8680 8936 3
8680 9256 1
8680 9192 4
8680 9208 1
8683 9755 1
8685 8845 2
8686 8806 1
8690 8903 2
8690 9443 10
8690 9679 2
8690 9682 2
8690 9265 1
8695 9539 1
8695 9812 2
8695 9858 1
8697 9457 2
8697 9051 2
8697 9942 2
8699 8737 1
8700 9262 1
8701 9237 4
8701 9303 1
8701 9842 1
8701 9193 1
8702 8839 1
8703 8845 22
8704 8996 1
8704 9494 1
8704 9694 1
8705 9616 1
8705 9347 10
8705 9571 1
8709 8758 1
8709 9630 1
8709 9103 1
8709 9932 1
8709 8836 1
8710 8794 42
8711 9883 2
8711 9005 1
8712 8912 2
8712 9642 3
8712 8744 1
8712 9781 1
8712 9734 1
8712 9582 1
8713 9081 2
8713 9903 1
8716 9973 4
8716 9168 1
8716 9410 1
8716 9129 1
8716 9647 1
8717 9402 1
8717 9416 5
8719 9792 1
8719 9972 1
8719 9802 1
8720 8987 19
8722 9610 1
8722 9644 1
8724 9989 1
8725 8831 2
8726 9340 5
8726 9960 1
8727 9276 12
8727 9285 7
8727 9883 2
8729 9490 1
8729 8849 1
8732 8885 6
8733 9565 1
8735 8828 1
8737 9374 1
8737 8768 2
8737 9209 7
8737 9404 30
8738 9419 1
8740 9605 12
8740 9381 2
8740 9683 3
8740 9809 1
8740 8874 1
8742 9862 3
8742 9692 1
8742 9168 1
8743 9041 4
8743 9564 80
8744 8889 1
8745 9972 1
8745 9944 3
8746 8778 1
8746 9562 1
8746 9503 1
8746 9173 2
8746 9297 1
8747 9579 2
8747 9148 2
8747 9945 1
8747 9528 1
8747 9882 1
8748 8916 3
8749 9595 66
8749 9730 1
8749 9089 1
8749 9941 1
8749 9973 1
8750 9768 1
8750 8914 1
8751 9001 1
8757 9422 1
8757 9742 2
8757 9066 1
8757 9903 1
8757 8948 1
8757 9860 1
8758 8857 1
8759 8833 1
8760 9653 7
8760 8929 10
8760 8932 1
8760 8866 1
8760 8960 1
8760 9987 1
8760 9309 1
8761 8919 1
8763 9879 1
8764 9399 1
8767 9486 1
8767 9065 1
8767 9084 1
8770 8831 2
8772 9533 1
8773 8959 2
8775 9546 85
8775 9730 1
8776 9729 2
8776 9957 1
8778 8994 11
8780 9087 1
8781 8978 1
8781 9750 10
8781 8920 2
8781 8944 1
8782 9078 1
8783 9009 1
8784 9011 4
8786 9011 1
8788 9137 1
8788 9607 1
8788 9964 1
8789 8942 2
8789 9923 1
8789 9503 1
8789 9360 1
8789 9493 1
8789 9215 1
8789 9464 1
8789 8813 2
8789 9588 3
8791 9363 1
8791 9288 1
8791 9645 1
8791 9740 1
8792 9348 1
8794 8954 1
8794 9617 2
8795 9084 3
8795 9686 24
8795 9203 1
8795 9322 2
8795 9950 1
8797 9942 1
8797 8881 1
8797 9280 1
8798 9547 1
8798 9597 3
8798 9492 1
8799 9303 1
8799 9518 1
8799 8880 1
8799 9469 1
8799 9527 1
8799 9420 1
8799 8829 1
8799 8913 1
8800 9590 1
8800 9885 1
8804 8814 1
8805 9847 2
8805 8842 1
8805 9276 2
8805 9749 1
8806 9567 2
8806 9519 2
8806 9869 6
8806 9278 17
8809 8813 2
8809 9028 12
8809 9530 1
8810 9061 2
8811 9492 1
8811 8979 1
8814 9687 3
8814 9775 1
8814 9506 1
8814 9399 21
8816 8880 1
8816 9248 1
8816 9654 1
8819 9087 1
8821 8848 1
8821 9046 3
8822 9070 26
8824 8962 5
8824 9633 5
8824 9316 2
8824 9702 1
8824 9412 1
8828 9443 1
8828 9679 4
8828 9095 1
8828 9311 1
8828 9820 1
8831 9203 2
8831 9259 1
8831 9658 1
8833 9180 1
8833 9901 5
8833 9301 1
8834 9168 2
8834 9639 1
8834 9980 1
8834 9986 4
8836 8914 2
8838 9646 2
8838 9012 3
8838 9328 1
8839 9957 1
8839 9225 17
8839 9174 1
8839 9413 5
8843 9602 2
8844 8893 1
8845 9718 1
8845 9800 1
8845 8917 3
8845 9635 1
8849 8891 2
8849 9055 1
8850 9319 2
8850 9128 1
8852 9834 1
8852 8941 3
8852 9467 2
8853 9979 1
8853 8899 2
8853 8954 3
8853 9033 3
8856 9238 1
8856 9411 2
8857 9164 1
8857 9571 7
8861 9530 1
8861 9505 2
8861 9910 1
8861 8884 1
8861 9431 1
8862 9173 1
8862 9814 30
8862 8927 11
8868 9650 1
8868 8879 1
8868 9345 1
8870 8914 1
8871 9525 4
8871 9531 1
8871 8879 13
8871 9598 20
8871 8933 1
8871 9119 2
8871 9642 1
8871 9417 1
8872 8959 7
8873 8938 1
8877 9160 6
8877 9668 41
8877 9687 1
8877 9802 1
8878 9640 2
8878 9888 4
8882 9425 49
8882 9554 1
8883 9745 1
8884 9488 1
8885 9724 22
8885 8975 1
8885 9304 1
8885 9479 1
8886 9760 2
8886 9965 1
8886 9577 14
8889 9184 2
8889 9462 1
8889 9956 5
8891 9004 1
8892 9637 1
8892 9722 2
8893 8936 1
8893 8977 1
8893 9377 14
8893 8907 1
8893 9307 5
8893 9886 2
8893 9949 2
8894 9475 1
8894 9957 1
8897 9835 1
8899 9523 2
8902 8945 2
8905 9117 2
8905 9278 1
8905 9969 1
8905 9554 1
8905 9665 1
8905 9686 1
8906 9451 1
8906 9786 1
8906 9936 1
8906 9476 5
8906 9711 1
8908 9954 1
8910 9136 2
8912 8914 59
8914 9614 2
8914 9825 94
8914 8955 2
8914 9222 2
8914 9592 1
8919 9843 1
8922 9021 47
8926 9495 1
8926 8968 1
8929 8966 1
8929 9789 3
8933 9578 3
8938 9704 2
8940 9490 1
8945 9894 1
8945 9023 4
8945 9709 1
8950 9945 1
8950 9625 1
8951 9927 5
8951 8962 1
8951 9222 1
8951 9574 2
8951 9954 1
8952 9193 1
8952 9621 1
8955 9196 1
8956 9953 1
8956 9879 4
8956 9245 1
8956 9988 1
8956 9804 7
8959 9077 1
8959 9157 4
8959 9765 1
8961 9745 2
8962 9637 1
8963 9282 1
8965 9542 1
8965 9686 1
8965 9157 1
8965 9604 1
8966 9308 1
8966 9773 3
8966 9293 2
8966 9749 1
8966 9509 1
8966 9513 1
8968 9066 9
8968 9690 1
8980 9348 2
8981 9001 1
8981 8989 2
8982 9930 1
8982 9422 1
8982 9125 1
8982 9458 14
8983 9620 5
8983 9672 1
8987 9094 2
8989 9055 1
8990 9125 1
8991 9196 1
8997 9376 2
8997 9422 1
8997 9515 1
8997 9231 1
8997 9631 1
8997 9965 1
9002 9920 1
9002 9093 1
9002 9658 2
9002 9179 9
9002 9772 2
9002 9978 11
9005 9565 1
9006 9488 3
9009 9355 3
9009 9184 1
9009 9487 8
9009 9570 2
9009 9800 2
9010 9444 1
9010 9016 2
9010 9420 7
9011 9249 1
9011 9579 1
9011 9426 1
9011 9921 1
9011 9316 1
9011 9908 3
9011 9948 1
9013 9333 3
9020 9419 1
9021 9416 1
9021 9881 1
9021 9254 1
9021 9720 2
9021 9912 1
9027 9578 1
9029 9939 2
9031 9745 1
9036 9721 1
9041 9495 1
9061 9336 25
9069 9364 2
9070 9646 1
9070 9115 3
9070 9641 1
9078 9750 1
9078 9474 1
9078 9650 1
9079 9897 1
9079 9255 1
9087 9913 1
9087 9715 3
9087 9295 1
9087 9650 1
9087 9729 1
9096 9228 4
9100 9364 1
9102 9836 1
9115 9348 2
9121 9696 1
9121 9887 1
9126 9396 1
9127 9196 1
9138 9764 2
9139 9789 3
9146 9722 3
9149 9768 1
9153 9798 1
9167 9452 1
9168 9533 1
9171 9523 1
9171 9396 1
9177 9918 2
9178 9578 1
9183 9523 1
9185 9196 1
9186 9445 1
9196 9701 1
9196 9390 1
9200 9764 3
9203 9490 3
9206 9902 1
9207 9469 1
9214 9829 1
9222 9578 2
9236 9922 1
9236 9849 2
9238 9463 1
9241 9836 1
9254 9578 3
9254 9396 3
9261 9903 1
9275 9789 1
9291 9445 1
9294 9835 1
9305 9745 1
9307 9829 1
9321 9789 1
9336 9850 1
9341 9821 1
9348 9758 2
9354 9587 24
9356 9722 1
9364 9838 1
9376 9556 1
9396 9478 3
9396 9894 1
9411 9823 1
9411 9471 1
9419 9976 2
9419 9473 1
9427 9880 1
9445 9944 1
9452 9727 53
9458 9533 2
9459 9727 7
9459 9614 1
9467 9722 2
9478 9745 1
9488 9985 1
9490 9703 3
9501 9916 1
9504 9916 2
9523 9624 1
9533 9873 1
9533 9668 1
9533 9690 5
9533 9828 8
9539 9789 3
9556 9903 12
9556 9984 5
9557 9918 1
9565 9824 1
9587 9701 1
9626 9939 1
9651 9755 1
9653 9918 1
9671 9850 76
9693 9722 10
9701 9836 1
9702 9994 1
9712 9994 1
9722 9825 1
9745 9995 3
9746 9835 1
9756 9789 3
9829 9986 1
9850 9877 2
9867 9916 1
9875 9939 2
9902 9953 1
9910 9916 4
9939 9946 1
