13 8539 1
13 9556 1
13 9810 1
24 9452 1
24 8799 9
24 9054 4
24 9277 4
24 9767 1
28 9991 4
28 9938 11
29 9080 1
29 9113 1
38 8830 4
38 9389 2
40 9492 2
40 9181 3
40 9560 1
40 9681 1
66 9373 80
66 8583 1
66 8792 1
68 9384 1
81 8583 1
81 9394 2
81 8734 2
81 9810 2
81 9449 3
91 8726 1
91 8835 1
91 9473 10
91 9394 1
119 9344 1
119 9095 1
119 9208 1
119 9523 3
126 8597 1
126 9733 1
130 9914 1
130 9033 4
130 9940 3
139 9709 3
155 9419 2
156 9571 1
156 8887 2
156 8720 1
156 9535 1
156 9573 1
172 9344 1
172 9450 1
187 9695 1
187 9357 1
187 9996 4
187 9963 1
193 8977 2
193 9282 2
193 9802 1
193 9732 1
193 9975 1
193 8673 1
193 9130 1
193 9277 1
210 9042 1
210 9568 1
210 9446 5
210 9449 10
210 9382 1
210 9439 1
210 9711 1
219 9928 1
219 8740 1
219 9654 1
219 9167 2
219 9660 1
231 9211 1
238 8886 1
238 9318 2
238 9058 2
267 8896 10
273 8724 1
273 9022 8
273 9265 1
291 9372 1
291 9186 1
304 9122 1
304 9453 1
318 8881 1
366 9724 3
367 9281 1
367 8824 1
367 9695 2
368 9928 1
368 9532 3
386 9565 1
386 9637 1
386 9351 1
386 9507 1
389 8804 1
389 9969 1
389 9999 3
389 9002 1
395 9925 1
395 8780 1
395 8807 3
395 9883 1
395 8786 1
395 9187 1
409 9897 1
409 9904 6
409 9463 3
409 9504 1
409 9612 1
409 9516 1
411 9297 2
420 9351 3
420 9499 1
420 9675 1
420 9753 10
425 9264 7
425 9118 4
425 9874 1
425 8652 1
425 9437 1
436 9645 1
436 8601 1
436 9463 3
436 9552 1
436 8642 3
436 9492 5
444 9751 2
444 9105 1
444 9083 2
444 9711 1
444 9749 1
454 8640 1
454 9091 1
454 9972 1
454 9955 1
454 8923 1
454 9741 1
465 8552 5
465 8647 1
465 8521 1
465 9447 4
475 9958 1
475 9928 1
475 9677 1
475 9707 2
479 8845 3
479 9505 1
479 9439 1
482 9089 1
482 9401 2
482 8597 1
482 8789 1
482 9437 1
482 8648 1
495 9500 1
495 8675 2
495 9890 1
514 9253 1
514 9287 1
516 9884 1
516 8546 4
520 9290 1
520 8658 1
520 9661 1
520 8754 1
520 9821 1
520 9876 3
534 9498 6
534 8621 1
534 8647 1
543 9784 1
543 9013 4
543 9612 2
547 9306 4
556 8799 6
556 9300 6
556 9722 1
556 9621 1
556 9278 1
562 9460 1
562 8542 1
566 8934 5
566 9823 3
566 9816 1
589 8796 3
589 8725 2
589 9006 3
589 8846 1
589 9496 1
589 9818 5
590 9725 2
590 9741 1
590 9224 1
590 8628 4
591 9167 1
591 9468 1
591 8820 1
591 9200 1
591 8634 1
591 9064 1
591 9410 1
598 8644 2
598 8649 29
611 9484 1
611 9104 1
612 9301 182
612 9125 2
618 3374 2
618 8524 1
618 8868 1
618 9539 1
618 9611 1
618 8957 2
618 9266 1
625 9358 1
625 9453 1
625 9610 1
625 9120 2
662 9410 1
662 9869 1
662 8808 1
662 9371 1
662 8837 6
672 9325 9
672 8825 6
672 9346 4
678 9404 2
678 9802 2
679 9582 1
695 8792 1
695 9688 8
695 9855 3
695 9282 1
695 9364 131
695 8570 1
708 9394 8
708 9298 1
708 9672 1
708 8960 1
708 9374 1
724 9218 1
729 9315 6
731 8732 1
731 9050 1
731 9723 5
731 9743 8
731 8795 2
731 9352 1
731 9574 2
731 9767 1
747 9545 1
747 8634 1
747 9115 1
769 9933 2
769 9431 1
769 9447 1
784 8826 1
784 9328 1
784 9884 1
784 8678 2
784 8525 10
784 9882 2
784 8852 1
794 9159 2
794 9945 1
796 9200 1
796 8933 1
796 8723 1
796 9616 3
796 8757 3
811 9770 1
811 9974 2
811 9601 1
811 9784 1
816 9568 2
816 9650 2
817 8550 3
817 8610 2
829 9240 1
829 8814 1
829 8933 2
829 8806 3
829 8802 4
845 8810 2
845 8539 1
845 9358 1
845 9421 4
855 9431 1
855 9439 14
855 9199 2
855 9565 1
855 8681 1
860 9188 1
860 8621 1
860 9678 2
860 9856 1
860 8744 2
860 9306 1
861 8840 1
861 8745 4
861 9143 3
864 9281 1
864 9474 1
865 9501 1
875 8683 1
876 9688 2
876 8571 1
876 8949 2
876 9242 1
876 9773 1
876 9402 16
883 8768 4
886 9766 1
886 9632 3
894 8722 1
894 8687 1
894 9642 1
894 8806 3
894 8882 1
894 9725 1
899 9475 1
899 8668 1
899 8690 1
904 9035 1
904 9410 1
904 9612 4
904 8808 2
904 9051 2
919 9446 2
932 9173 1
932 9284 1
932 9373 2
938 9346 2
938 8690 1
938 9121 1
938 9136 1
938 9911 2
940 9885 1
940 9255 8
940 9803 1
940 9976 1
940 8542 1
940 8732 1
948 9418 1
948 9175 10
954 9342 2
972 9892 1
972 9080 6
972 8817 3
972 9536 1
982 8857 1
982 8708 1
982 9621 9
982 9349 1
982 9795 1
983 8859 1
987 8758 1
987 8868 14
992 9365 1
992 9341 15
992 9074 1
1021 9850 1
1021 9094 1
1021 8561 1
1021 9365 1
1021 8614 1
1033 9532 4
1033 9659 1
1033 8871 1
1050 9033 1
1050 9476 1
1050 9571 1
1050 9966 1
1050 9423 1
1073 9816 1
1073 9024 3
1073 9455 1
1073 9268 3
1073 9949 1
1073 9964 1
1073 9161 1
1073 9083 1
1073 9810 2
1097 9005 1
1097 9611 3
1097 8867 1
1097 9206 5
1097 8740 1
1098 9912 2
1105 8977 1
1105 8640 1
1105 8732 1
1105 8810 1
1105 8944 2
1106 8578 76
1118 9689 1
1118 9550 2
1121 9979 25
1121 8653 1
1122 8744 1
1122 9956 1
1122 9757 3
1122 9019 2
1122 9307 1
1122 9382 1
1122 9246 1
1122 8730 1
1122 9753 5
1124 8826 2
1124 9010 16
1124 9193 3
1124 9261 4
1124 9511 1
1124 8870 1
1140 8804 1
1140 8951 1
1140 9573 1
1140 9888 1
1140 9376 1
1140 9873 1
1157 9184 1
1157 9845 1
1157 9438 3
1157 8571 2
1157 9993 8
1157 8786 2
1157 9316 6
1157 8615 6
1164 9010 1
1164 9990 1
1164 9191 2
1164 8522 3
1164 9365 1
1164 9792 7
1174 8581 1
1203 9440 1
1203 8562 3
1203 9033 2
1203 9990 1
1203 8761 1
1238 9201 7
1238 8963 1
1249 9921 1
1249 9503 1
1249 8741 7
1249 9278 1
1261 8796 1
1264 8591 4
1264 9193 2
1264 9269 1
1264 9097 1
1266 9647 1
1268 8575 1
1268 9762 13
1268 9842 1
1268 9204 1
1268 9676 4
1269 9809 1
1269 9370 1
1269 9500 1
1273 9074 2
1273 9165 1
1273 9005 1
1273 8700 1
1273 9503 1
1273 9507 2
1273 9537 8
1273 9102 2
1273 8712 1
1294 8882 1
1319 9487 1
1319 8978 1
1319 9517 2
1324 9695 4
1324 8668 1
1324 9892 1
1324 8685 5
1324 9676 1
1324 8702 1
1324 8778 1
1329 9641 3
1337 8801 1
1337 8945 2
1340 9468 1
1349 8950 1
1349 9040 1
1349 9446 8
1349 9408 3
1352 8815 2
1389 9421 1
1389 8722 1
1389 9602 3
1389 9879 1
1401 9423 10
1401 9681 8
1401 8807 7
1409 9770 1
1409 9543 14
1411 9444 1
1411 8527 1
1411 8963 1
1411 9218 1
1411 9796 2
1425 8881 1
1439 8923 1
1439 9316 5
1455 9309 2
1455 8537 1
1455 8722 3
1470 9405 2
1470 9966 1
1489 9460 2
1489 8886 3
1495 8951 3
1511 8665 1
1511 9434 1
1511 9774 1
1511 8601 3
1511 8640 1
1517 9560 4
1517 9336 5
1517 8748 1
1517 9211 2
1531 8945 1
1531 9550 1
1531 9021 1
1531 9748 1
1531 8860 16
1531 9074 15
1531 9462 1
1539 9341 1
1539 9566 1
1556 9875 8
1556 9649 1
1556 9532 1
1556 8725 1
1556 8957 1
1584 9234 7
1584 8848 1
1584 9392 1
1584 8789 1
1584 8622 3
1584 9713 1
1590 9449 2
1590 9523 1
1590 8752 1
1590 8522 1
1590 9275 1
1591 9453 2
1591 9498 2
1592 9917 1
1592 9555 1
1592 9792 1
1592 9587 1
1592 9592 1
1595 8948 1
1595 8826 2
1595 9258 6
1595 9702 2
1595 9945 1
1595 8796 1
1595 9575 1
1598 8574 1
1604 9969 1
1622 8990 1
1622 9998 1
1622 9980 1
1622 8881 1
1622 8838 4
1622 9419 19
1638 9583 1
1657 9055 7
1657 8681 12
1657 9221 2
1678 9517 1
1678 9707 1
1678 9541 2
1680 9825 2
1680 8888 1
1680 9983 5
1680 9624 8
1680 9232 5
1680 9928 1
1687 8693 1
1687 8694 1
1687 9813 8
1687 9835 3
1688 9077 1
1688 9547 2
1688 9605 3
1688 9838 2
1706 9279 1
1706 8994 4
1706 9616 1
1713 8906 4
1713 9303 2
1713 9410 1
1715 8882 1
1715 9668 1
1733 9747 9
1733 8966 1
1733 9095 3
1770 9007 1
1770 9822 1
1770 9307 1
1770 8595 1
1770 9366 1
1770 9773 1
1783 8583 4
1783 9209 2
1793 9276 1
1793 8685 12
1793 9296 4
1793 8707 1
1793 9445 2
1812 9967 1
1812 8558 2
1816 9091 1
1816 9136 1
1816 9459 1
1816 9204 200
1816 9207 1
1822 8904 1
1822 9041 1
1822 8907 2
1822 9403 1
1850 8741 1
1850 8716 2
1850 9497 5
1850 8550 4
1850 9728 1
1850 9987 17
1859 9955 1
1859 9633 1
1863 8658 1
1863 8726 1
1863 9848 1
1883 9283 7
1883 8747 1
1883 8997 5
1886 9938 21
1886 9264 2
1886 9948 1
1903 9229 1
1903 9233 8
1904 9287 3
1904 8573 1
1904 9243 1
1904 9748 1
1904 9917 2
1905 8796 1
1905 8658 2
1905 9809 1
1905 9132 14
1907 9829 1
1907 9987 1
1909 9492 1
1909 9404 1
1917 8622 1
1917 8997 2
1917 8789 1
1917 9799 6
1918 9227 1
1924 9418 1
1924 9839 2
1988 8974 1
1988 8644 1
1988 8904 4
1988 9440 1
1988 9594 1
1998 9249 10
1998 8875 1
1998 9726 1
1998 9252 3
1998 8929 6
1998 9110 1
1998 9996 1
1998 9216 1
1998 9694 1
2006 9266 3
2014 8597 1
2014 9356 2
2019 9710 1
2025 9927 1
2025 9535 3
2025 8551 2
2025 8720 1
2033 8652 29
2050 9282 1
2050 9610 1
2050 9708 2
2058 8559 1
2058 9484 1
2076 9231 1
2076 9539 1
2076 9785 1
2097 8729 1
2097 8830 2
2130 8906 1
2130 9368 10
2130 9414 1
2135 9450 2
2135 9882 3
2135 9880 8
2169 9873 1
2169 9511 1
2172 8527 2
2172 9249 29
2172 9584 1
2197 8997 2
2197 8529 4
2197 9106 1
2197 9274 1
2197 9289 4
2197 9290 14
2197 8825 3
2197 9367 1
2197 9451 1
2197 9750 1
2201 9772 1
2201 8756 1
2230 9985 1
2230 8713 3
2241 9784 1
2241 9351 26
2241 9602 1
2241 9599 2
2241 9842 2
2241 9240 3
2241 9506 1
2241 9796 1
2241 8679 1
2241 9026 1
2266 8983 1
2266 9515 1
2266 8562 3
2266 9736 1
2266 9933 1
2268 9499 55
2268 9768 2
2304 8734 2
2304 8725 2
2304 8713 1
2312 9360 1
2350 9222 18
2350 9188 1
2350 9640 2
2350 9846 1
2350 8777 1
2350 9098 1
2361 9936 1
2361 9264 1
2366 8550 1
2366 8526 1
2366 9069 1
2366 8553 1
2366 8911 2
2366 9751 7
2388 9033 94
2388 8824 1
2388 8717 19
2388 8935 2
2388 9018 7
2388 8772 1
2388 9497 1
2393 9749 2
2393 9550 2
2393 8583 1
2400 9558 1
2400 9104 2
2400 9058 1
2400 9989 1
2400 8525 4
2400 8686 1
2400 9087 2
2400 9880 5
2410 9996 1
2410 8689 1
2431 8813 1
2431 9768 1
2431 9542 1
2431 9075 1
2442 9213 5
2442 9591 2
2442 8581 2
2442 9301 1
2448 9471 1
2448 9710 7
2448 9868 10
2448 9293 1
2448 9545 4
2452 8742 2
2478 9299 2
2478 9123 1
2478 9458 27
2478 9980 1
2478 9961 1
2480 9590 37
2480 8779 1
2480 9574 28
2480 9924 1
2508 9747 1
2508 8973 9
2508 9530 1
2508 9574 12
2508 9362 3
2508 9550 1
2511 8673 1
2511 9490 3
2519 9112 3
2519 9026 1
2519 9511 1
2534 9496 71
2534 8545 1
2534 8767 1
2534 9070 1
2542 9896 12
2580 8942 1
2580 9333 1
2582 9967 4
2582 9112 2
2582 9485 1
2587 9841 2
2587 8641 1
2587 9201 1
2593 9293 3
2593 9726 1
2602 9242 1
2602 9087 1
2602 9068 1
2602 9865 4
2605 9635 1
2605 9799 1
2605 9814 2
2609 9072 1
2609 9249 2
2609 9307 2
2609 9861 4
2609 9330 1
2633 9438 1
2642 8652 2
2642 9696 1
2642 8613 1
2644 9748 1
2644 9681 3
2644 8574 1
2644 8752 1
2644 9753 3
2644 9525 1
2644 8673 1
2644 9379 3
2644 9442 1
2659 8808 9
2659 9102 1
2659 9387 1
2659 9113 1
2659 9319 1
2659 9681 1
2659 8971 4
2659 8911 1
2664 8659 1
2664 9249 1
2664 8838 1
2664 9435 1
2668 9494 1
2668 8807 1
2673 9649 1
2673 8729 1
2673 9382 1
2673 8652 1
2673 9599 1
2673 9931 1
2696 8595 1
2696 8942 2
2696 8973 1
2696 8561 1
2733 8876 2
2733 9344 3
2733 8970 1
2733 9360 1
2733 8684 4
2733 9005 14
2733 9037 1
2733 9261 1
2733 9301 3
2733 9825 1
2733 9657 1
2733 9668 1
2733 9762 1
2737 8796 1
2753 8777 1
2753 9985 2
2755 8994 163
2755 9353 3
2755 9608 1
2755 8861 1
2755 9101 1
2758 9560 1
2758 9207 1
2758 8688 1
2760 9143 7
2760 8780 1
2767 8543 2
2770 9401 1
2770 9755 1
2770 9018 1
2770 9282 1
2770 9312 1
2770 9325 1
2770 9341 3
2770 9888 1
2813 9651 3
2813 9840 5
2825 9737 32
2825 9512 2
2839 9285 39
2839 9118 3
2839 9369 1
2849 9384 1
2849 9816 11
2849 9000 3
2849 9147 1
2849 9134 4
2849 9141 1
2849 9282 3
2849 9813 8
2849 9896 1
2883 8588 2
2883 8632 8
2883 9187 1
2883 9292 3
2883 9726 1
2909 9402 2
2909 8861 1
2909 9726 1
2909 9571 1
2917 8553 1
2917 9333 1
2927 9208 1
2927 9493 2
2927 8569 3
2927 9436 1
2927 8588 2
2927 9326 1
2927 9483 3
2939 9623 11
2939 9972 1
2950 9298 1
2950 9984 1
2950 9723 1
2950 9813 2
2950 8565 1
2961 9244 5
2961 9541 1
2961 8724 1
2983 9643 1
2983 9450 1
2983 9475 1
2997 9112 3
2997 9228 1
2997 9034 1
2997 9384 2
2998 8769 1
2998 8960 2
2998 9077 1
2998 9805 7
3004 9832 2
3004 8865 1
3004 9687 4
3007 8589 1
3007 8955 1
3007 8570 7
3007 9222 2
3018 9218 1
3018 9650 1
3018 9351 6
3018 9800 1
3028 8845 5
3028 9845 1
3028 8928 1
3028 9490 14
3039 8702 1
3039 8708 1
3039 9699 2
3039 8687 3
3039 9737 1
3049 8818 1
3054 8896 1
3054 9196 1
3054 9377 1
3094 8632 2
3094 9589 1
3094 9236 1
3094 9287 1
3094 9983 1
3094 9571 1
3094 9201 1
3094 9992 2
3132 9813 1
3132 9744 4
3155 8810 11
3155 8730 8
3155 8935 1
3155 9044 1
3155 9229 4
3155 9255 1
3156 9616 2
3156 9798 1
3161 9521 3
3162 8655 7
3162 8738 1
3162 9885 1
3172 8686 3
3172 9538 12
3172 9154 4
3206 8752 4
3206 8876 1
3206 9960 5
3208 9584 1
3208 9959 2
3208 8870 2
3208 9537 1
3208 9096 1
3219 8882 6
3219 9788 31
3219 9460 1
3219 9575 71
3219 8753 1
3219 9133 1
3219 9409 3
3234 9623 3
3234 9368 1
3234 8689 1
3234 9181 1
3234 8686 1
3234 9724 1
3234 8728 1
3242 9795 1
3242 9083 1
3242 9937 1
3242 8627 2
3242 9802 1
3252 8918 1
3252 9423 1
3252 9943 2
3252 9716 2
3252 9856 2
3257 9316 1
3257 9728 4
3257 9110 1
3257 8687 1
3257 8824 1
3257 9218 1
3257 9288 1
3257 9643 1
3259 8791 1
3259 9651 1
3259 9030 1
3259 9052 1
3259 9655 1
3259 9803 11
3259 8985 1
3275 9008 3
3296 8555 3
3296 9978 1
3296 9936 1
3305 8581 1
3305 9395 1
3305 9759 1
3344 9695 3
3344 9203 5
3356 9722 2
3356 9912 6
3356 8747 2
3356 9442 1
3356 9213 1
3360 8700 1
3360 9861 12
3360 9788 1
3360 9561 1
3363 8686 3
3363 9991 3
3366 9909 1
3366 8944 2
3366 9888 1
3369 8699 3
3374 8665 2
3374 8769 2
3374 9356 1
3374 9643 1
3410 9221 1
3410 9487 2
3410 9008 9
3410 9237 3
3413 9952 1
3413 8810 5
3413 9042 5
3413 9140 1
3417 9079 4
3417 9943 1
3417 9974 2
3421 8671 1
3421 9679 1
3423 9502 2
3423 9716 1
3423 9635 3
3423 9895 5
3443 8521 1
3443 9614 1
3443 9088 2
3443 9215 2
3451 9949 3
3451 9796 17
3451 8579 6
3455 9424 1
3455 8607 1
3455 9359 1
3455 9570 1
3455 9929 1
3458 9758 1
3467 9486 4
3467 8537 1
3467 8850 13
3468 9689 1
3468 9050 3
3468 9013 1
3468 9035 1
3468 9841 1
3482 8738 1
3482 9180 2
3482 9287 1
3482 9423 1
3482 8772 1
3482 9614 4
3482 9885 1
3482 9582 6
3499 9114 1
3499 8860 1
3499 9024 1
3541 9433 1
3541 9775 2
3546 9772 4
3546 9878 10
3546 8699 2
3546 9378 1
3556 9030 1
3556 9389 3
3556 8693 3
3559 9236 1
3559 9255 1
3559 9708 1
3559 8665 1
3559 9473 1
3559 9984 2
3585 9711 1
3585 8642 1
3585 9100 1
3585 8797 1
3585 9216 1
3589 9141 1
3589 8755 6
3589 9744 1
3589 9903 2
3589 9641 1
3589 9998 1
3595 9979 1
3595 8914 1
3595 8928 1
3601 8782 1
3601 8843 1
3601 9525 1
3621 9169 1
3621 9445 1
3621 9630 1
3621 9661 4
3621 8716 1
3624 8613 2
3624 9211 2
3629 9555 1
3650 8551 4
3650 8550 1
3650 9360 1
3650 9702 1
3650 9173 1
3650 9459 1
3650 8934 1
3675 9377 2
3675 9500 1
3675 8642 5
3675 8760 1
3675 9089 1
3675 9583 1
3682 8745 1
3682 9536 61
3693 8806 1
3693 9935 11
3702 9110 1
3712 9379 1
3727 9729 14
3727 9721 21
3732 8761 1
3732 9264 2
3732 8905 1
3732 9438 17
3737 9485 1
3737 9623 1
3742 9374 2
3742 8644 2
3758 9719 1
3758 9331 1
3772 8923 2
3772 9252 1
3772 9434 1
3773 9317 9
3773 8905 1
3773 9020 1
3773 9364 1
3773 8559 1
3773 9291 6
3807 9378 1
3807 8632 1
3807 9355 1
3820 9040 2
3820 9693 1
3824 8585 15
3824 8706 2
3824 8918 7
3824 9783 1
3851 8843 1
3851 9036 2
3882 8675 1
3882 9575 1
3882 9861 1
3882 9443 1
3902 8689 1
3902 9272 1
3934 8849 3
3934 8802 1
3934 9900 1
3934 9425 1
3934 9847 1
3934 9159 2
3934 8639 2
3937 9757 1
3937 9455 1
3995 9081 1
3995 9414 1
3995 9717 2
4003 9631 1
4003 9100 1
4009 9369 1
4009 9968 2
4009 9315 1
4017 8963 1
4017 9325 1
4017 9370 1
4017 8979 1
4017 8984 3
4017 9969 1
4044 9054 1
4044 8898 2
4044 9652 1
4044 9445 1
4066 9848 3
4066 9983 1
4073 9218 1
4073 8732 1
4073 9150 2
4073 9394 1
4130 9983 11
4130 8566 1
4130 8585 1
4130 9657 3
4130 8529 1
4130 9231 1
4130 9720 1
4133 9586 1
4133 8825 1
4133 8543 1
4133 8785 2
4144 8525 1
4144 9621 1
4144 9456 1
4144 9268 1
4165 9409 1
4165 8717 1
4197 9351 2
4197 8822 8
4203 9630 3
4203 9069 1
4209 9304 40
4209 9516 3
4209 9633 1
4209 8925 7
4209 9764 3
4209 8999 1
4209 9760 1
4247 8801 1
4247 9505 4
4247 8990 2
4247 8675 1
4247 9484 1
4247 9788 8
4252 9379 2
4252 8726 1
4252 8971 4
4252 8569 1
4255 8876 4
4255 9949 2
4255 9405 8
4258 8814 7
4258 8768 1
4258 9042 1
4258 9704 4
4258 8724 1
4258 9927 5
4259 9240 4
4262 9018 1
4262 9999 2
4262 8728 1
4262 9926 4
4262 8969 1
4262 8603 2
4285 9496 1
4285 9362 1
4288 9473 1
4288 9352 1
4288 9489 1
4288 9825 1
4292 9583 1
4292 8882 1
4292 8946 5
4296 8843 1
4296 9485 94
4296 9521 1
4296 9810 2
4296 9515 1
4296 9075 1
4296 9004 1
4296 9659 9
4296 9379 1
4296 8942 3
4313 8679 3
4313 9883 1
4313 9683 2
4316 8865 3
4316 8677 2
4316 9384 3
4317 8627 1
4317 9838 17
4317 9080 4
4317 9745 1
4322 8792 1
4322 9246 1
4322 8791 1
4322 9751 1
4322 9850 1
4324 9920 2
4324 8771 2
4324 9093 1
4324 9189 7
4324 8646 1
4355 9635 1
4362 9484 1
4362 9633 200
4362 9161 1
4366 8681 1
4366 8740 6
4366 8839 3
4368 9031 2
4368 8801 8
4368 8832 1
4368 8555 1
4368 9462 6
4378 9790 9
4378 8820 200
4378 9586 12
4381 9587 1
4381 9068 1
4381 9379 1
4381 9629 7
4384 8552 5
4384 8672 1
4384 8826 4
4384 9757 1
4385 9468 1
4385 9088 5
4385 8844 2
4385 9910 2
4387 9926 58
4387 9344 2
4387 8785 2
4387 9586 1
4388 9764 1
4388 9658 1
4388 8634 1
4388 9991 9
4420 9140 1
4420 9878 6
4421 8572 2
4421 9492 1
4421 9978 1
4428 9350 1
4428 9296 3
4456 9593 2
4456 9000 5
4456 9284 1
4462 9098 1
4462 8558 2
4463 9171 2
4463 8953 95
4463 9414 2
4463 9874 1
4463 9382 1
4464 8981 1
4464 9226 1
4464 9958 1
4464 9274 1
4464 9700 2
4464 9705 1
4473 9694 1
4473 9761 1
4473 9923 1
4473 8940 6
4473 8962 1
4479 8897 5
4479 9232 2
4479 9226 101
4479 9869 1
4505 8615 1
4505 9015 1
4505 9964 12
4509 9098 1
4510 9649 6
4510 9760 2
4510 9846 2
4510 8672 42
4518 9583 2
4518 9159 13
4518 8679 3
4518 8690 1
4518 9276 1
4526 9814 1
4526 9875 3
4534 9676 1
4534 8747 1
4539 9624 1
4539 9406 1
4539 9867 1
4546 9874 1
4546 9048 15
4561 8671 2
4561 9064 1
4561 9895 1
4561 9296 2
4561 9827 1
4561 9101 1
4563 8726 1
4563 8716 3
4602 9876 1
4604 9875 1
4604 9373 1
4604 8755 1
4604 9905 1
4619 8628 2
4623 9306 1
4623 8623 2
4623 8777 1
4623 9121 2
4634 8973 1
4634 9872 1
4634 8522 4
4634 8699 2
4634 9486 1
4665 9315 1
4665 9471 28
4665 8609 1
4671 9979 1
4671 8926 1
4671 8875 2
4671 9508 1
4687 9223 1
4687 9184 1
4687 8840 3
4695 9633 1
4695 8546 4
4695 9031 3
4703 8854 6
4703 9154 1
4703 8795 5
4703 8979 2
4703 9364 2
4703 8541 1
4703 9472 1
4703 9914 4
4717 9010 1
4717 8672 51
4717 8804 1
4717 9356 8
4721 9344 2
4721 9589 1
4721 9158 1
4721 9262 1
4721 9452 2
4769 9261 1
4769 9977 2
4769 9346 4
4769 8760 2
4769 9401 2
4769 9752 1
4769 8554 6
4769 8929 25
4769 9274 1
4773 8788 1
4773 9122 1
4773 8820 1
4773 9081 1
4796 8969 25
4796 8872 1
4796 8887 3
4796 9649 1
4796 8678 2
4796 9030 1
4796 9309 2
4830 8728 9
4852 9253 1
4870 9070 1
4870 9373 1
4870 9337 4
4870 9089 1
4870 9637 1
4870 8528 2
4870 8590 1
4870 9495 1
4870 8857 2
4874 9677 3
4874 8539 3
4874 9376 2
4874 9957 1
4898 8545 1
4898 9242 3
4915 9453 1
4915 9034 1
4915 9743 3
4915 9220 76
4915 9091 18
4941 8949 2
4941 9853 1
4941 8696 4
4941 9149 17
4941 9560 1
4941 9744 1
4941 9818 5
4941 9043 1
4941 9269 1
4946 9796 1
4946 9019 1
4955 9351 1
4955 9940 1
4955 8888 1
4955 8896 1
4955 9196 1
4955 8574 1
4955 8803 1
4955 8758 2
4958 9633 1
4958 9436 1
4960 8542 1
4960 8914 3
4960 8791 2
4983 9258 1
4983 8850 1
4983 9422 1
4983 9077 1
5001 9087 1
5001 9412 1
5001 8659 1
5001 9037 9
5026 9008 1
5026 9573 1
5026 9276 1
5026 9912 1
5029 9481 1
5029 9562 1
5029 9938 5
5029 9890 1
5036 8649 2
5036 9105 3
5041 9353 1
5041 8545 1
5047 8649 1
5047 9526 1
5062 9262 1
5093 9152 2
5093 9873 1
5099 9325 1
5099 8728 1
5099 9236 5
5099 9204 5
5099 9588 1
5114 9808 1
5114 9297 1
5117 9770 4
5117 9847 1
5117 9853 4
5117 9224 2
5130 8554 4
5130 9108 6
5130 9499 1
5130 8799 1
5130 9755 1
5130 9861 1
5131 9969 1
5131 9977 3
5131 9242 1
5131 9444 1
5138 9443 1
5138 9467 2
5138 9540 1
5139 8640 2
5139 8786 1
5139 9888 1
5139 8534 7
5139 9037 44
5157 8932 1
5157 9442 1
5176 9511 1
5176 9624 1
5194 9644 4
5194 9816 1
5205 8845 1
5205 9853 1
5205 8804 1
5205 9319 2
5205 8596 1
5215 8822 2
5215 8783 6
5215 9184 1
5215 9319 1
5234 9762 2
5234 8887 2
5248 8722 1
5248 9521 1
5248 8951 12
5248 9169 2
5256 9761 1
5256 9599 1
5261 9827 1
5262 9609 1
5262 9935 1
5262 8989 8
5262 9956 1
5269 8800 2
5281 9093 2
5281 9732 1
5287 9526 1
5287 9331 2
5287 9452 1
5287 8957 1
5287 8597 1
5290 9349 1
5290 8844 1
5290 9498 1
5312 9135 1
5312 8955 12
5312 8871 4
5314 9767 2
5314 9626 1
5314 9846 3
5314 8777 1
5314 8610 1
5314 9610 1
5320 9672 1
5320 9438 4
5320 9701 1
5323 9943 5
5323 9679 1
5323 9482 7
5323 9568 1
5323 8817 1
5323 8818 1
5323 9189 1
5335 9815 2
5335 9924 4
5335 9052 2
5335 9584 1
5335 8677 15
5335 9909 33
5362 9110 1
5362 9451 1
5362 8569 1
5362 9974 4
5387 8878 2
5387 9120 18
5387 8838 2
5387 8987 1
5387 8993 1
5387 9106 4
5405 9792 33
5405 9226 1
5405 9406 1
5405 9966 4
5405 8761 1
5405 9729 6
5405 8987 1
5425 8867 2
5449 8756 1
5449 9468 1
5449 9373 1
5449 8644 1
5449 8872 1
5449 9458 1
5449 9722 17
5449 8975 3
5449 8664 1
5480 9493 1
5480 8926 1
5497 8933 4
5497 9049 2
5497 9929 13
5497 9050 3
5497 9585 1
5501 8953 5
5501 9318 1
5501 9365 1
5518 9802 1
5518 8783 1
5518 8840 1
5518 9171 1
5518 9325 2
5518 8694 4
5518 9408 1
5531 8724 1
5531 8962 1
5531 8698 6
5531 9882 1
5531 9491 9
5541 8799 3
5547 8971 1
5547 8601 1
5547 9841 1
5547 9880 4
5547 8949 41
5548 9880 1
5548 9301 1
5548 9002 6
5548 9029 1
5548 9389 5
5548 9713 1
5548 9662 3
5570 8646 1
5570 9054 17
5570 9348 1
5570 9568 1
5577 8865 14
5577 8859 1
5580 9034 1
5600 9566 1
5600 9300 1
5600 9552 2
5600 9989 1
5615 8730 5
5641 9892 1
5641 9872 1
5641 9205 2
5649 9223 1
5649 9227 1
5649 9228 1
5649 9835 1
5649 8680 1
5649 9696 1
5655 9227 6
5655 9188 1
5655 9688 17
5655 9376 2
5661 9823 5
5661 8706 1
5661 9335 24
5688 9018 3
5688 9029 1
5707 9506 1
5707 9236 1
5709 9133 1
5709 9605 1
5717 9129 4
5717 9640 1
5732 9683 1
5732 9827 3
5733 9299 6
5733 8813 1
5742 9763 2
5742 9538 6
5742 9004 1
5742 9269 1
5742 8729 1
5742 9802 3
5742 8552 1
5742 8659 1
5742 9357 1
5752 9596 1
5752 8843 1
5814 9406 3
5814 9108 5
5819 9050 1
5819 9121 1
5825 8578 1
5825 9233 2
5825 9962 1
5825 9984 1
5825 9902 2
5828 9795 1
5828 9809 1
5833 8921 1
5833 9040 1
5839 8712 4
5839 9229 1
5839 8728 1
5839 8769 1
5839 9957 1
5839 9507 5
5844 9154 1
5844 9252 9
5849 8837 1
5849 9654 6
5853 8653 1
5853 9285 2
5853 9360 1
5876 8944 1
5876 9704 1
5902 9996 1
5902 8940 2
5902 9927 2
5902 9005 5
5906 9029 2
5906 8796 2
5906 9367 1
5906 8812 2
5906 9161 1
5910 9768 2
5910 8622 1
5910 9048 1
5910 9442 2
5910 9611 1
5926 8987 2
5926 9567 1
5926 9978 1
5926 9425 20
5926 9289 1
5932 9095 1
5932 9141 2
5932 9456 4
5932 9538 1
5933 9006 1
5933 8607 1
5933 8615 1
5933 9835 4
5933 9975 2
5933 8590 1
5937 8980 5
5937 8744 2
5937 9240 1
5937 8857 2
5937 9304 1
5957 9492 1
5965 8539 1
5965 8896 1
5983 9588 31
5990 9278 1
5990 8983 3
5990 9467 1
5990 9169 1
5990 8712 1
5990 9981 2
5993 8534 1
5993 8976 1
5993 8932 2
6016 9736 1
6046 9043 1
6046 9266 3
6046 8966 2
6046 9225 1
6066 9882 1
6066 9756 2
6066 9264 3
6066 8779 1
6073 9030 4
6073 9903 1
6073 9275 1
6074 9584 1
6074 8595 1
6074 8741 1
6074 9285 1
6148 9354 1
6148 8830 3
6148 8932 1
6148 8741 19
6148 9188 2
6148 9223 1
6148 9590 2
6174 9892 2
6208 9322 4
6208 8860 1
6208 8819 1
6208 9422 3
6209 9208 1
6209 9522 2
6209 9763 2
6214 9078 2
6214 8849 1
6214 9253 1
6226 9121 2
6226 9340 2
6226 9655 1
6226 8860 1
6230 9337 3
6230 8744 1
6230 9725 1
6230 9816 1
6230 9374 1
6230 8528 2
6230 9521 1
6234 9969 1
6234 9199 2
6234 9779 1
6234 9203 1
6274 9590 1
6274 9543 1
6274 9896 1
6274 8695 1
6288 9817 1
6288 9173 1
6288 8767 1
6297 9153 5
6305 8742 1
6305 8575 1
6305 8614 1
6305 9004 1
6305 9058 2
6305 9074 1
6305 9471 1
6322 8897 1
6323 8683 1
6323 8838 44
6323 9224 1
6323 9848 1
6323 8878 2
6323 8685 3
6331 9814 1
6331 8738 1
6331 8574 1
6331 9041 3
6354 8984 34
6354 9849 1
6369 9102 2
6369 9614 1
6369 8859 1
6369 9579 1
6369 9921 1
6375 8779 1
6375 9649 12
6375 9720 8
6375 8832 6
6382 9336 3
6382 9382 1
6382 9948 1
6382 8766 1
6384 8623 3
6384 9489 7
6384 9463 1
6384 9565 1
6385 9249 1
6396 9899 2
6396 8579 1
6396 9590 1
6396 9775 1
6396 9647 1
6396 9682 1
6396 9722 1
6396 9920 1
6446 9449 1
6446 9211 2
6465 9485 10
6465 8846 1
6465 8959 1
6465 9412 3
6465 9489 2
6465 8615 1
6468 9738 1
6479 8609 1
6479 8779 1
6479 8748 1
6479 9152 1
6479 9517 2
6479 9968 2
6479 9562 1
6481 9317 2
6496 8904 9
6496 9819 2
6505 9697 1
6505 9896 1
6505 9101 1
6505 8898 1
6505 9369 1
6505 8565 5
6505 9080 2
6505 8897 1
6506 9410 1
6528 9459 1
6528 8678 1
6528 9221 8
6528 8915 1
6536 9240 2
6536 8872 3
6536 8966 11
6541 9331 18
6541 8715 2
6541 9886 14
6541 8579 9
6541 9481 1
6541 9996 2
6543 9215 4
6543 8875 7
6543 9752 1
6543 9918 1
6553 9372 6
6553 8780 6
6553 9504 2
6553 9777 4
6553 9823 1
6559 8686 1
6559 9372 1
6559 9503 1
6566 9429 2
6566 9653 4
6573 9499 2
6573 9250 1
6573 8759 3
6573 9738 2
6573 9199 1
6584 8879 1
6584 9900 3
6596 9097 3
6596 8849 1
6596 9344 1
6596 9829 3
6598 9935 52
6598 9695 1
6598 9949 1
6598 8532 5
6614 9130 1
6614 8782 1
6614 9152 1
6619 9058 19
6619 8861 1
6619 8929 2
6619 9664 5
6627 8559 1
6627 8581 4
6627 9222 1
6627 9039 1
6636 9241 2
6636 8642 1
6636 8921 1
6636 9819 6
6641 8830 1
6641 9792 1
6646 9775 4
6646 8700 2
6646 9353 8
6646 9537 1
6646 9700 1
6722 9672 3
6722 9093 8
6722 9281 4
6732 8764 1
6732 8688 41
6734 9623 200
6742 9994 1
6742 9763 1
6742 9841 3
6742 8925 2
6742 8782 20
6742 9601 1
6742 9368 4
6742 8854 1
6742 9034 2
6747 9651 1
6747 8758 4
6747 8850 1
6747 9002 2
6747 9933 1
6747 8685 1
6751 8565 2
6751 9265 1
6751 8940 1
6751 9102 1
6751 9123 1
6751 9846 2
6756 8827 1
6756 9521 1
6756 9693 1
6756 9112 1
6757 9021 1
6757 8774 1
6757 9396 6
6757 9494 16
6757 9980 5
6762 8792 1
6793 9729 1
6796 8567 1
6796 9586 1
6796 9288 3
6802 9765 4
6813 8970 16
6813 9722 2
6813 8550 9
6813 8985 1
6813 9725 1
6813 9785 1
6813 9924 1
6813 9845 1
6820 9634 3
6842 9985 1
6842 9855 1
6842 9901 3
6850 9471 1
6850 8813 3
6850 9842 10
6850 9612 1
6850 9710 1
6850 9822 4
6852 9391 1
6852 9541 1
6852 9921 2
6852 8612 1
6852 8878 1
6852 9838 1
6862 9191 1
6862 8572 1
6871 9721 1
6871 8524 3
6871 9053 1
6871 8684 1
6891 8622 1
6891 9196 28
6891 8628 1
6891 8691 1
6891 9165 1
6898 9536 1
6898 8859 8
6898 9481 2
6898 9853 1
6916 9095 1
6916 9750 1
6916 9279 7
6916 9747 1
6923 8699 5
6923 9424 3
6938 9444 7
6938 9783 7
6939 9330 1
6939 9968 1
6939 9345 1
6939 9657 14
6953 8764 1
6953 9675 7
6953 9886 1
6972 8888 1
6972 9738 1
6972 9824 1
6974 8591 1
6974 9751 1
6974 8969 1
6974 9122 1
6974 9148 38
6974 9429 1
6979 9935 4
6979 9594 1
6979 8685 2
6979 8926 1
6979 9504 2
6979 9589 1
6979 9460 1
7000 9309 3
7000 9651 1
7000 9841 1
7000 8655 1
7000 9091 2
7000 9882 1
7006 8777 1
7006 9116 6
7006 9477 2
7019 8639 55
7019 8974 4
7019 9153 1
7019 8921 1
7019 9561 1
7019 9495 1
7019 9515 9
7019 9842 1
7021 8868 3
7021 9346 3
7021 8812 1
7021 9903 1
7022 8525 4
7022 8983 13
7033 9736 39
7033 8664 1
7033 8884 2
7033 9114 1
7033 9631 1
7038 9330 2
7039 9976 2
7039 9255 1
7039 9261 12
7039 9341 1
7039 9200 1
7039 9229 1
7047 9371 1
7047 9512 2
7047 9728 1
7047 9654 10
7059 8581 1
7059 8871 1
7059 9108 3
7059 8939 6
7059 9483 1
7059 9238 1
7059 9464 1
7078 9246 3
7078 9046 3
7078 9240 1
7085 9180 1
7090 8623 79
7090 9322 1
7090 9562 1
7090 8760 3
7090 8880 2
7092 9289 1
7092 9512 2
7093 9596 1
7093 9233 2
7093 9005 10
7093 8534 1
7093 9105 1
7100 9089 23
7100 8752 11
7100 9401 4
7107 9236 1
7107 8740 1
7107 9134 1
7120 9609 1
7120 9378 9
7120 8930 1
7120 9449 2
7120 9534 1
7120 8906 1
7120 9386 7
7120 9542 1
7129 9592 1
7129 9253 1
7129 9319 1
7129 9006 1
7129 8913 2
7129 9153 1
7143 8723 10
7143 8550 2
7146 9697 2
7146 9934 2
7146 9606 1
7146 9759 1
7146 9892 2
7161 8974 3
7161 9952 1
7163 9041 1
7163 8759 1
7175 8950 3
7175 8990 3
7175 8738 1
7175 9687 9
7175 9421 1
7189 8876 1
7189 9538 1
7189 9624 1
7189 9814 1
7189 8555 3
7189 9113 1
7189 9191 1
7194 9007 3
7194 9218 3
7194 8997 34
7194 9392 1
7194 9959 1
7209 9543 10
7209 8567 1
7209 8671 1
7209 9565 1
7209 9655 1
7209 9721 6
7221 9950 4
7222 9661 1
7225 8554 1
7228 9120 1
7228 8720 1
7228 9226 1
7228 9459 1
7228 9766 1
7235 8779 1
7236 8839 1
7238 8852 1
7238 9976 1
7258 9896 5
7258 9820 2
7258 9462 2
7258 8870 1
7258 8827 2
7258 9220 5
7258 9765 2
7259 8534 2
7259 9863 1
7259 9169 1
7272 9829 1
7282 8649 1
7282 8704 2
7282 9115 1
7282 9485 1
7282 8977 3
7282 9504 3
7301 8822 1
7305 9895 1
7335 9591 1
7335 8591 1
7340 8738 2
7340 9661 1
7340 8670 1
7340 9484 1
7340 9015 1
7340 9158 1
7340 8872 4
7354 8906 1
7354 9231 2
7354 9328 1
7354 9637 1
7354 9656 4
7360 9621 4
7360 8814 1
7360 9899 1
7395 8792 1
7395 9950 1
7395 8596 3
7408 8779 1
7408 9942 1
7408 9856 4
7408 8633 2
7419 9623 1
7419 9079 1
7419 9227 1
7424 8615 18
7424 8714 1
7424 9539 6
7446 9075 4
7446 8925 1
7446 8920 1
7446 9940 1
7446 9612 2
7446 9411 1
7454 8566 1
7454 9288 3
7454 8552 6
7455 8935 1
7455 9860 1
7467 9100 1
7467 8695 1
7467 8879 5
7467 9258 1
7470 8932 1
7470 9421 1
7470 9088 1
7482 9036 1
7482 9279 1
7482 9762 1
7507 9594 1
7507 9716 1
7507 8837 2
7507 9609 1
7508 9042 1
7508 8588 1
7508 9999 1
7524 9134 1
7524 8578 2
7524 8652 2
7526 9491 1
7526 9949 1
7534 9684 1
7534 8985 1
7534 8767 1
7540 9225 2
7540 9875 1
7544 9939 2
7544 9777 1
7544 9708 1
7544 8789 1
7544 8953 1
7551 9899 1
7551 9064 3
7551 9955 1
7551 8921 2
7551 9724 1
7569 9728 1
7569 9839 1
7569 9348 13
7583 9587 8
7583 9015 1
7583 9655 3
7583 8529 1
7583 8608 1
7583 9054 1
7583 9832 1
7605 8684 1
7635 8920 3
7635 8707 1
7635 9883 3
7635 9763 1
7635 9844 1
7635 9614 2
7639 8884 3
7644 9344 1
7644 9075 2
7644 9007 1
7658 8644 42
7658 8925 2
7672 9298 1
7672 9370 1
7672 9587 1
7672 8774 3
7674 9588 1
7674 9766 1
7674 8663 1
7674 8900 1
7690 8819 1
7690 9888 3
7690 9438 1
7690 9486 1
7690 8574 29
7695 8980 3
7695 8939 2
7695 9902 25
7695 9378 1
7695 9644 18
7700 8803 4
7700 9015 1
7700 9694 4
7700 8984 1
7700 8712 1
7700 8980 25
7700 8580 1
7703 9749 1
7703 9728 1
7709 8670 1
7709 9867 1
7709 9749 1
7710 8976 3
7710 9113 2
7710 9374 2
7710 9547 3
7712 9972 4
7712 9842 8
7712 8726 2
7712 9958 2
7716 9552 3
7716 9246 1
7716 9463 2
7734 9300 1
7741 9443 2
7741 9493 3
7743 9231 1
7743 8928 3
7743 8882 9
7743 9265 1
7743 8852 2
7743 9051 1
7743 9094 1
7746 9514 5
7765 9121 1
7765 9860 1
7765 8641 1
7765 9556 1
7765 9649 2
7765 9652 1
7780 8868 3
7780 8601 11
7786 9526 2
7786 9760 4
7786 9566 1
7786 8717 1
7786 8948 37
7786 9570 200
7793 9514 1
7793 9238 1
7807 9878 1
7812 9844 1
7812 9693 3
7812 8601 6
7812 8706 4
7812 8994 3
7812 9846 1
7812 9860 1
7812 8918 4
7812 9266 1
7812 9135 1
7817 9324 1
7817 9452 1
7817 8788 1
7821 9362 1
7821 9130 1
7821 9721 75
7821 9303 1
7821 9607 2
7824 8966 1
7824 9336 1
7838 8642 1
7838 8672 1
7838 9869 1
7842 9756 1
7842 9355 1
7842 9358 1
7852 8950 1
7852 8844 2
7852 9348 14
7858 9350 16
7858 8913 1
7858 9366 1
7858 9402 17
7870 8875 1
7870 9952 2
7870 9761 8
7878 8944 1
7878 8930 8
7878 9324 1
7901 8953 2
7901 9757 3
7916 9368 1
7916 9471 1
7916 8772 3
7916 9289 11
7921 9130 1
7921 9936 11
7921 8527 1
7921 9756 1
7921 9900 1
7934 9984 2
7934 8939 2
7934 8769 1
7941 8646 1
7941 9350 1
7942 8995 1
7942 9246 1
7942 9366 1
7942 9249 2
7945 9301 8
7945 9115 1
7945 9213 1
7945 9605 2
7948 8850 13
7948 9360 1
7948 9404 1
7965 9677 1
7965 8878 1
7965 8614 7
7965 8897 2
7966 9589 1
7981 9522 1
7981 9874 16
7981 8837 1
7981 8969 1
7981 9106 1
7981 9234 1
7999 8641 1
7999 9204 1
7999 9433 4
7999 8819 1
7999 9167 1
7999 9206 1
7999 9719 1
8010 9049 6
8010 8830 2
8018 9044 1
8018 9209 1
8018 9634 1
8018 9869 2
8027 9372 1
8027 9261 1
8027 9485 1
8055 9958 1
8055 9868 1
8059 9567 1
8059 9487 3
8059 9591 2
8069 8733 7
8069 9212 1
8069 9306 3
8077 9705 1
8084 8526 5
8084 8545 1
8084 9378 1
8084 9653 1
8092 9277 53
8092 9920 1
8092 8554 1
8092 9579 69
8093 9036 3
8093 9021 1
8098 9213 10
8098 8796 2
8098 9411 1
8098 9626 1
8101 9829 1
8101 9508 1
8101 9496 1
8101 9929 1
8101 8878 1
8101 9014 1
8101 9772 1
8126 9409 8
8126 9770 3
8126 8747 2
8126 9895 2
8147 9418 7
8156 8981 1
8158 9140 5
8158 9208 35
8158 9960 1
8158 8887 1
8161 8984 5
8161 9371 1
8200 8612 6
8200 8653 1
8200 8700 2
8200 9334 1
8201 9408 1
8201 9541 1
8201 8744 1
8228 8595 2
8228 9620 15
8228 8970 1
8228 9053 1
8228 9676 2
8230 9077 1
8235 9436 1
8235 8801 1
8235 9770 1
8253 9418 1
8253 8839 2
8253 9962 1
8256 9306 6
8256 8655 1
8256 9255 1
8256 9422 1
8256 8970 1
8256 9201 16
8258 9959 4
8258 8976 1
8258 9688 1
8262 9158 1
8262 9425 6
8262 9884 1
8262 8675 1
8262 9928 8
8262 8705 2
8262 9498 2
8266 8741 2
8266 8934 1
8266 9579 1
8266 9656 2
8266 9784 1
8281 9471 2
8281 8978 1
8281 9819 1
8281 9667 2
8337 9945 1
8337 8926 1
8337 9658 1
8337 9759 2
8337 9063 1
8337 9364 1
8360 8786 1
8360 9966 5
8360 9620 1
8360 9790 7
8360 9885 1
8360 8894 1
8360 9184 1
8360 9387 1
8360 9848 4
8360 9956 1
8360 9173 1
8366 9682 2
8366 8680 13
8366 8683 2
8366 8980 5
8372 8957 1
8372 9025 1
8374 9809 1
8374 9042 2
8374 9274 1
8374 8900 6
8374 8974 1
8382 9040 1
8382 9031 1
8385 8632 4
8385 8953 1
8403 9607 2
8425 8859 1
8425 9725 1
8425 9115 7
8425 9855 1
8427 9865 2
8427 9840 1
8435 9901 1
8435 8830 1
8435 9827 1
8435 8580 3
8435 9181 1
8435 9925 1
8435 9589 1
8438 9865 1
8438 9825 2
8438 9768 2
8440 9445 1
8440 9244 1
8440 9588 1
8451 9024 1
8451 8648 4
8451 9487 1
8451 9645 18
8451 8561 1
8455 9004 1
8455 8704 8
8455 9897 2
8475 8647 3
8475 8748 1
8475 9377 1
8475 9116 1
8475 9950 1
8484 9215 1
8502 8693 28
8502 9095 1
8502 9640 1
8502 8894 1
8508 9019 1
8508 9863 1
8520 8576 6
8520 8643 1
8521 8719 3
8521 8594 2
8522 9016 2
8523 9733 7
8524 9071 2
8526 8941 1
8526 8922 1
8526 8701 1
8526 9139 13
8527 8874 29
8527 8947 1
8527 8635 2
8528 8775 1
8529 9595 1
8529 8847 1
8530 9752 2
8530 8778 1
8530 9002 1
8530 8742 1
8531 9043 1
8532 9027 1
8532 9320 1
8533 9521 5
8533 9990 1
8535 9865 1
8535 9899 1
8535 8658 3
8535 9957 4
8536 9844 1
8536 8588 1
8536 9429 1
8536 9191 1
8536 9631 9
8536 9049 5
8536 9342 1
8536 9659 2
8537 8751 6
8537 8874 1
8538 9258 5
8538 8979 12
8538 9159 3
8538 8716 33
8538 9640 1
8538 8695 1
8538 8886 1
8538 9679 1
8540 8754 1
8540 9100 1
8540 9923 1
8541 8765 1
8544 9819 1
8544 8933 24
8547 9495 1
8547 8693 1
8547 9725 5
8547 9975 2
8548 9312 1
8548 9435 3
8548 9743 1
8549 9793 1
8549 9010 2
8549 9713 1
8551 8895 2
8551 8834 1
8552 8901 1
8552 8557 6
8554 9003 1
8555 9027 1
8555 8656 1
8556 8741 1
8556 8835 1
8556 9748 1
8557 8918 2
8557 9903 1
8557 9348 1
8557 9538 1
8557 9567 1
8557 8716 2
8557 9292 1
8557 9561 1
8557 8973 1
8558 8582 2
8558 8809 1
8559 8967 7
8559 8965 1
8560 8663 1
8560 9938 1
8560 9298 1
8560 9340 4
8561 8669 3
8561 8618 4
8563 9384 7
8563 8921 2
8564 9571 1
8564 8691 1
8566 9107 2
8567 9859 1
8567 8790 1
8568 9641 2
8568 8969 2
8568 9872 2
8568 8771 2
8568 9556 2
8568 9290 1
8568 8579 1
8568 9763 6
8568 9981 1
8568 9165 1
8568 9723 1
8569 8718 1
8570 8616 1
8571 8924 24
8572 8864 18
8572 9871 1
8573 8863 1
8575 8938 1
8575 8851 2
8576 9394 6
8576 9976 2
8577 8888 1
8579 9271 3
8582 8820 2
8582 9545 2
8584 8896 2
8584 8689 1
8584 9643 1
8584 9110 1
8584 9349 1
8584 9446 1
8584 9993 1
8585 8787 1
8585 9185 1
8586 9255 1
8586 9538 9
8586 9084 1
8586 9425 1
8587 9336 1
8588 9776 24
8588 9271 2
8589 8954 1
8589 8709 2
8589 8793 166
8589 8833 1
8590 9090 1
8590 8863 1
8591 9786 1
8592 9292 1
8592 8920 1
8593 9130 1
8593 8623 2
8593 9359 2
8593 8708 1
8594 9585 1
8594 9950 1
8594 9864 3
8596 8917 2
8598 9643 1
8598 8812 4
8598 9371 5
8598 9384 1
8598 9102 1
8598 9250 4
8599 9861 26
8599 8904 1
8599 8995 2
8600 9670 1
8600 9023 1
8601 8952 2
8602 9025 1
8602 9917 1
8603 8654 2
8603 8776 1
8604 9153 1
8604 9159 1
8605 9737 2
8605 8955 1
8606 9616 1
8607 8625 1
8608 8864 1
8608 8952 2
8611 8913 2
8611 8622 6
8611 9611 1
8614 8626 4
8614 8617 1
8616 8707 1
8616 8932 1
8616 9127 1
8617 9274 1
8617 9923 1
8618 8712 1
8618 9356 3
8618 9921 1
8618 9452 1
8618 8683 1
8619 9262 2
8620 9309 1
8620 9822 3
8620 9566 1
8621 8750 1
8621 8654 6
8622 8869 1
8624 9614 1
8624 9386 2
8624 8720 1
8624 9475 1
8624 9772 1
8624 9120 1
8624 9500 1
8625 9396 2
8625 9882 1
8625 9096 1
8625 9743 1
8629 9102 6
8629 9912 1
8629 8754 1
8629 9065 1
8629 9377 1
8629 8939 1
8630 8664 7
8630 8980 1
8630 8989 2
8630 9148 1
8630 9150 1
8630 9196 3
8630 8950 1
8630 9967 1
8631 9264 1
8631 8768 1
8632 8635 3
8633 9947 1
8634 9891 3
8635 9078 1
8635 9961 1
8635 8691 1
8635 9055 1
8635 9450 1
8635 9874 41
8636 9498 1
8636 8945 2
8637 9650 1
8637 9534 1
8638 9701 1
8641 9027 1
8643 9729 2
8643 9815 2
8643 9909 1
8645 9814 1
8645 9607 7
8645 8663 13
8646 9111 1
8648 8834 1
8649 8851 1
8650 9051 2
8650 9990 1
8650 8904 1
8650 9000 1
8650 9218 1
8650 9823 2
8650 9437 1
8650 9963 4
8650 8898 1
8650 9937 3
8651 9736 1
8651 9774 1
8652 9557 1
8653 9794 1
8654 9868 1
8654 9709 1
8654 8818 1
8654 9225 1
8654 9374 1
8654 9065 1
8656 9422 2
8656 9824 1
8656 8852 10
8656 9141 1
8656 9495 1
8657 9474 1
8658 9271 2
8660 9336 1
8661 8764 3
8662 9073 1
8663 9117 2
8665 8855 1
8666 9848 1
8667 8880 1
8667 8884 3
8667 9180 1
8667 9879 4
8667 8791 5
8667 9497 1
8667 9815 1
8667 9904 7
8668 8938 1
8668 9057 4
8669 9083 1
8669 9291 4
8669 9959 3
8669 9278 1
8669 9368 4
8670 8855 2
8673 9017 1
8674 8707 200
8674 8700 3
8674 8686 1
8674 8783 2
8674 9083 1
8674 9593 1
8675 9073 11
8676 8865 1
8676 8923 1
8676 8723 1
8676 9785 1
8679 8739 1
8679 9045 2
8680 8775 1
8681 8798 1
8682 8906 3
8682 9403 1
8682 9879 1
8687 9194 1
8688 8912 1
8690 8991 4
8692 8832 1
8692 8774 1
8692 9765 2
8693 9859 1
8694 9871 1
8696 8834 1
8697 9989 1
8697 9298 3
8697 9522 1
8698 8750 5
8701 9713 1
8701 9029 1
8701 9287 3
8702 8965 1
8702 8916 3
8702 8890 1
8703 9261 1
8703 8881 1
8703 8959 8
8703 9678 2
8704 9038 2
8709 9864 1
8709 9732 1
8709 9811 10
8710 9123 1
8710 9229 1
8711 9542 1
8711 9784 1
8713 9457 5
8714 8877 1
8714 9047 34
8715 9604 1
8720 9138 1
8721 9307 1
8721 9911 1
8723 9703 1
8727 9431 1
8727 9678 1
8727 9938 1
8727 8879 2
8727 9171 2
8727 9193 1
8727 9955 12
8728 9060 1
8729 9457 1
8729 9060 1
8730 8781 1
8731 9512 19
8731 9508 1
8731 9446 2
8733 9009 1
8733 8891 4
8734 9190 1
8735 9066 1
8736 8860 1
8736 9623 1
8736 9634 1
8737 9667 2
8737 9779 1
8739 9788 1
8739 9909 2
8739 8980 1
8739 8818 1
8739 9532 4
8740 9947 1
8740 8952 5
8741 8798 1
8742 8924 3
8743 9642 3
8743 8981 71
8746 8966 1
8746 9987 2
8746 9926 1
8747 8892 3
8749 9748 2
8749 9585 1
8749 9078 1
8750 9582 5
8751 9832 10
8751 9370 1
8751 9959 5
8753 8927 13
8753 8823 1
8755 8889 1
8755 8943 1
8756 9595 12
8756 8917 3
8756 8952 3
8757 8991 3
8761 9891 1
8762 8788 1
8762 9960 1
8762 8826 32
8762 9476 1
8763 9052 1
8763 9161 2
8763 8797 4
8763 9594 1
8763 9745 1
8763 9392 66
8764 9320 1
8765 8930 1
8765 8960 1
8765 9025 3
8765 9490 2
8766 8784 4
8766 8937 3
8770 9064 1
8770 8861 1
8771 8864 2
8772 8798 3
8773 8971 2
8773 9586 3
8773 9291 7
8774 9195 1
8774 8823 1
8774 8890 3
8775 9439 14
8775 9433 3
8776 9243 1
8776 9903 9
8776 9583 1
8778 9076 3
8781 9842 2
8781 9433 1
8781 9839 2
8782 9871 8
8783 8961 2
8784 9535 1
8784 8907 1
8784 9222 2
8784 9387 1
8785 9457 8
8786 8968 6
8787 9584 3
8787 8815 1
8790 9337 5
8790 9082 2
8792 8902 1
8793 9262 1
8793 9808 2
8794 9070 3
8794 8974 1
8794 9046 1
8794 9456 1
8794 9335 1
8794 9355 1
8794 9361 1
8795 8899 36
8795 8834 6
8797 8899 4
8798 9632 1
8798 8801 3
8798 9118 5
8798 9506 2
8800 9195 1
8802 9663 3
8802 8869 1
8803 8961 1
8805 9033 1
8805 9180 4
8805 9440 1
8806 8938 21
8807 9995 2
8807 8829 4
8808 8965 1
8809 9820 2
8811 9436 1
8811 9723 1
8811 9021 1
8813 8828 1
8813 9109 5
8816 9811 12
8817 8893 7
8818 8972 1
8821 8838 65
8821 9424 1
8821 8981 61
8821 9072 5
8821 8848 1
8823 9367 2
8823 8975 2
8826 8856 1
8828 9265 1
8828 9005 1
8828 9658 1
8829 9442 1
8829 9890 2
8829 9980 7
8829 9200 1
8830 9947 1
8831 8997 20
8831 9324 1
8831 9255 1
8831 9419 3
8831 9642 1
8833 8925 1
8834 9008 10
8834 9474 1
8835 8996 1
8836 9006 1
8836 9687 2
8836 9000 1
8836 9020 1
8836 9175 1
8836 8845 1
8836 9149 2
8840 8988 1
8841 9827 1
8841 8946 1
8841 9719 1
8842 9775 1
8842 9477 1
8842 9847 2
8842 9925 1
8845 8968 1
8847 9288 5
8847 9764 10
8847 9006 1
8847 9052 4
8848 9731 2
8848 8916 1
8851 9532 1
8851 9543 2
8852 8967 9
8853 9716 1
8853 9288 1
8853 9328 1
8853 9709 1
8854 9071 1
8855 9783 62
8855 9502 4
8855 9495 21
8855 9184 1
8856 8923 7
8856 9483 13
8858 9309 1
8858 9049 1
8858 9844 1
8858 9079 1
8858 9317 4
8858 9556 1
8861 8902 1
8862 9342 1
8862 9512 1
8864 8923 1
8864 9429 1
8864 9878 1
8866 9440 1
8866 9644 1
8866 9753 2
8867 9103 2
8868 9032 1
8869 9574 1
8872 8998 1
8873 9530 1
8874 9802 1
8874 9883 1
8877 9150 3
8880 9400 1
8881 8885 2
8883 8913 1
8883 9460 8
8884 8909 2
8885 9756 46
8885 9127 2
8888 9027 1
8888 9047 1
8888 9859 3
8889 8966 1
8889 9395 3
8889 9750 23
8890 9437 1
8890 9304 4
8890 9225 1
8890 9254 1
8890 9803 1
8891 9536 2
8891 9068 2
8891 9651 3
8891 9981 1
8892 9161 1
8892 9391 2
8893 9020 1
8893 9443 1
8895 9064 4
8896 8943 1
8899 9232 15
8901 9929 1
8901 9949 1
8901 9020 1
8901 9243 1
8902 9955 1
8902 8987 2
8903 9393 130
8903 9094 23
8903 9127 1
8903 9206 1
8903 9768 3
8904 9103 1
8907 8941 2
8908 9841 2
8909 9097 1
8909 9044 1
8909 9601 1
8909 9013 7
8909 9361 1
8909 9540 1
8909 8971 1
8909 9547 2
8910 9724 1
8910 8993 2
8910 9844 1
8912 9560 1
8912 9934 2
8913 9060 1
8914 8967 1
8915 9155 3
8916 9175 4
8916 9511 1
8916 9249 1
8916 9519 1
8916 9904 1
8916 9096 15
8916 9758 1
8916 9367 1
8916 9582 1
8917 9211 1
8917 9278 1
8917 8990 2
8919 9629 3
8919 8995 1
8919 9136 1
8919 9506 2
8919 9089 4
8919 9684 1
8922 9530 1
8924 9523 1
8926 9871 1
8927 9672 1
8927 8999 1
8927 9865 7
8927 9322 1
8930 9666 1
8931 9583 1
8936 9269 9
8936 9820 1
8936 9977 1
8937 9118 1
8937 9860 1
8937 9455 1
8937 9805 2
8938 9867 3
8938 9977 1
8938 9283 1
8938 9315 1
8941 9123 3
8941 9175 2
8941 9244 1
8943 9020 1
8943 9429 1
8943 9054 1
8943 9993 1
8943 9084 2
8943 9403 1
8948 8992 1
8948 9111 1
8950 9012 3
8952 9370 2
8952 9845 1
8954 9455 2
8954 9500 4
8954 9508 1
8954 8962 1
8954 9048 1
8954 9961 1
8954 9061 2
8954 9391 2
8954 9672 2
8956 9037 1
8956 9061 1
8956 9530 1
8956 9702 1
8957 9666 32
8958 9439 2
8958 9979 1
8959 8964 16
8961 9205 1
8961 9818 2
8965 9039 1
8967 9026 1
8967 9873 1
8968 9772 1
8968 9268 10
8968 9429 1
8968 9975 8
8968 9211 1
8968 9606 1
8968 9502 1
8968 9299 1
8972 9216 1
8972 9000 3
8977 9794 2
8981 9595 2
8982 9089 1
8982 9935 1
8982 9342 1
8982 9501 1
8986 8995 3
8986 9620 1
8988 9886 1
8988 9471 1
8990 9871 3
8991 9757 51
8991 9220 1
8992 9196 1
8992 9630 1
8992 9439 1
8992 9353 1
8992 9608 13
8994 9017 1
8996 9147 1
8996 9149 1
8996 9476 10
8996 9719 1
8998 9759 1
8998 9876 51
8998 9051 1
8998 9942 1
8998 9196 1
8998 9468 1
9001 9905 4
9001 9344 1
9001 9799 16
9001 9357 3
9003 9856 5
9003 9950 12
9003 9419 4
9003 9035 1
9003 9231 1
9003 9418 1
9009 9456 1
9009 9923 5
9009 9948 1
9010 9557 3
9011 9799 2
9011 9536 3
9012 9075 3
9014 9669 2
9016 9458 1
9016 9283 6
9017 9545 1
9017 9699 4
9019 9139 7
9019 9457 1
9021 9557 3
9023 9067 1
9025 9604 1
9025 9794 10
9027 9777 1
9027 9483 1
9027 9495 1
9027 9650 1
9027 9701 2
9027 9958 3
9027 9675 1
9027 9499 1
9027 9519 2
9028 9447 3
9028 9254 1
9030 9947 1
9031 9092 1
9032 9335 1
9032 9266 3
9038 9074 7
9038 9962 1
9038 9516 8
9045 9556 77
9045 9499 1
9045 9555 1
9047 9642 28
9047 9240 1
9050 9137 1
9056 9501 1
9057 9900 2
9059 9293 2
9059 9330 1
9060 9350 1
9060 9337 2
9060 9482 1
9060 9942 1
9062 9300 1
9062 9601 9
9062 9605 2
9063 9137 1
9066 9108 1
9066 9125 1
9066 9594 2
9066 9968 5
9067 9502 1
9068 9085 1
9071 9901 1
9071 9737 1
9071 9972 3
9072 9871 38
9073 9624 1
9073 9360 4
9073 9317 6
9073 9886 1
9076 9884 2
9076 9451 1
9076 9622 2
9080 9190 1
9082 9787 3
9085 9545 1
9085 9700 2
9085 9687 4
9085 9293 1
9086 9523 7
9086 9700 12
9091 9126 1
9091 9787 1
9092 9359 1
9092 9800 2
9092 9224 1
9093 9731 1
9099 9952 1
9099 9467 5
9099 9369 1
9103 9861 2
9103 9519 1
9103 9596 1
9107 9472 2
9107 9147 1
9108 9669 11
9110 9669 4
9111 9689 1
9117 9966 2
9117 9777 1
9117 9135 1
9117 9849 37
9117 9863 1
9119 9464 1
9119 9368 2
9126 9670 1
9132 9185 5
9137 9247 1
9137 9340 1
9137 9606 1
9137 9645 1
9138 9620 76
9138 9290 1
9138 9316 1
9138 9514 2
9143 9916 1
9145 9905 1
9145 9630 1
9147 9776 19
9152 9669 1
9155 9387 1
9155 9258 1
9155 9458 2
9155 9621 2
9169 9776 2
9185 9992 1
9187 9852 3
9190 9573 1
9190 9292 7
9190 9662 1
9190 9790 2
9194 9991 1
9195 9872 1
9205 9271 9
9207 9871 1
9212 9794 10
9220 9703 1
9224 9731 1
9228 9995 1
9229 9731 1
9234 9663 3
9252 9947 1
9259 9774 2
9260 9551 2
9268 9891 1
9271 9547 2
9271 9823 16
9271 9322 1
9276 9703 1
9288 9400 1
9302 9405 1
9308 9479 1
9320 9622 1
9321 9934 1
9321 9567 1
9323 9510 1
9326 9669 1
9329 9578 3
9335 9703 1
9337 9666 200
9349 9891 1
9388 9559 4
9393 9528 6
9396 9731 1
9409 9858 1
9412 9528 1
9431 9794 1
9436 9666 1
9438 9703 1
9457 9962 1
9457 9661 3
9459 9947 3
9501 9891 3
9528 9948 1
9528 9764 1
9555 9995 1
9557 9737 64
9557 9798 1
9557 9729 1
9557 9758 6
9595 9883 135
9599 9666 1
9604 9892 6
9658 9871 8
9663 9998 1
9663 9952 1
9673 9930 2
9675 9852 1
9689 9787 1
9735 9834 1
9741 9916 1
9741 9787 2
9776 9917 1
9776 9885 1
9794 9876 1
9820 9859 1
9859 9978 1
9867 9947 1
9871 9940 1
9871 9972 1
9891 9964 1
9905 9995 1
