4 8846 1
4 8541 1
4 9616 1
4 9919 1
4 9348 1
4 9789 2
4 9645 1
29 9476 1
29 9362 1
29 9094 1
29 9597 1
29 8714 2
29 8716 1
29 9745 1
37 8529 1
37 8577 1
37 9320 2
37 9424 1
37 9747 1
37 8743 2
37 8770 1
37 9102 2
37 8603 18
37 9570 1
37 8686 1
37 9612 1
40 9568 1
40 8851 2
42 9943 1
42 8913 3
42 9328 1
42 8764 1
42 8544 2
42 9579 7
66 9305 1
66 9094 1
66 9167 1
66 9008 1
66 9172 1
66 9936 1
66 9269 3
66 9318 4
66 8867 1
66 9044 1
66 9361 5
81 8625 3
81 8647 3
88 8738 2
88 9210 2
88 9284 1
88 9549 66
91 9548 1
91 9992 1
94 9186 1
94 9528 1
94 8861 1
109 9995 5
109 8777 1
109 9091 1
109 9766 1
113 9162 1
113 9821 2
113 9412 2
113 9925 1
126 9324 1
126 8830 1
126 9097 1
126 9389 1
126 9462 2
126 9786 1
133 8836 1
133 9281 1
133 8930 4
133 9174 3
156 9579 1
156 9616 2
156 9022 1
156 9279 1
156 9554 20
172 8722 2
172 9562 2
172 9982 1
180 9470 1
180 8691 4
180 8934 1
180 9277 1
180 8771 10
210 8801 3
210 9023 1
210 9636 1
210 9788 2
210 8737 2
214 8590 2
214 8928 11
214 9382 2
214 8674 2
214 8815 1
214 9930 1
220 8911 1
220 9431 1
225 8625 1
225 8879 2
225 8929 1
235 8686 1
235 8813 1
235 9791 1
235 9856 1
235 8620 1
235 8976 2
239 9515 3
239 8549 1
239 9815 1
239 8803 5
239 9640 2
239 9673 3
239 9366 1
239 9898 1
239 8809 1
293 9908 1
293 9606 2
293 9379 1
293 9762 1
298 9894 1
298 8536 3
298 8865 1
299 9375 3
299 9718 2
299 9733 2
299 9800 1
299 9792 1
300 9640 1
300 8536 1
300 9167 3
300 8718 2
300 9316 3
300 9925 3
313 9422 1
313 9468 1
313 8569 8
313 9755 7
313 9323 2
313 8586 1
313 8792 1
313 9922 1
313 9972 7
317 8573 4
317 9151 1
317 9941 1
317 8748 6
317 9160 1
317 9382 1
318 9643 1
318 9126 1
318 8993 1
324 9431 1
324 8886 8
324 9351 3
328 8935 3
328 9736 1
328 9467 2
328 9160 1
328 9339 1
328 9463 2
333 9201 7
338 8847 1
338 8945 1
338 9869 1
368 9857 1
368 9379 9
368 8899 1
368 9225 1
386 9228 1
386 8866 1
386 9817 1
386 8754 2
389 9368 1
389 8844 1
389 9828 3
389 9120 1
389 9274 1
396 8724 1
396 9738 3
399 9074 1
406 9619 2
406 8661 5
406 9416 1
408 8634 5
408 9788 1
408 8695 7
408 8809 1
408 9145 1
408 9631 1
408 9723 2
408 9876 1
408 9268 1
408 9392 1
408 9852 1
417 9055 1
417 8791 1
417 9952 1
417 8539 1
417 9673 1
420 9204 2
429 8686 8
429 9037 2
429 9117 6
429 8895 1
429 9930 1
429 9534 12
444 9225 200
444 9337 2
444 9474 2
452 8613 1
452 9766 2
452 9044 2
452 9413 1
452 9101 1
454 9974 2
454 8629 168
460 9548 1
460 9415 1
460 9587 3
465 9869 1
472 9390 1
472 9740 7
472 9997 1
472 9207 12
472 9146 1
472 9343 1
475 8870 1
475 9405 1
482 9616 6
487 8541 1
487 8814 2
487 9740 1
487 8949 1
487 9182 26
489 9223 1
489 8892 1
489 9542 1
495 9538 1
495 9450 1
495 9826 10
499 9923 1
499 8613 17
499 8590 1
506 9484 1
506 8629 12
506 9937 4
506 8777 1
514 9238 1
534 9324 2
534 8612 2
534 8602 1
536 9351 1
536 9806 12
536 9764 1
538 9308 1
538 9383 1
538 8704 8
538 9936 3
548 9411 2
548 9419 2
548 8957 1
548 9082 1
548 9598 71
570 9869 1
570 8708 20
570 9855 1
570 9924 1
570 8846 1
589 9328 1
589 9332 3
605 9341 1
605 9613 1
605 8661 1
605 9595 2
605 8540 2
606 9210 4
606 9832 2
606 9198 1
606 9570 1
606 8633 1
606 9706 1
612 8874 1
612 9416 5
612 8556 1
612 9571 1
612 9519 1
612 9778 1
618 9191 1
618 9339 1
618 9541 1
624 9887 1
624 8811 1
625 9509 2
625 8714 1
625 9391 1
627 9854 1
627 9224 1
627 9602 1
659 9096 8
672 9892 1
672 9816 4
672 9293 1
678 8771 3
678 9525 1
685 9997 3
685 9785 1
685 8968 1
685 9323 1
694 8798 1
694 9932 1
694 9962 6
701 9730 1
701 9377 1
701 9387 1
717 8716 1
717 9273 1
717 9745 1
717 8913 3
749 9746 1
749 9870 1
749 9916 2
755 9237 1
755 9987 1
759 9994 1
759 8785 1
759 9840 1
759 9441 1
761 9869 1
761 8968 1
761 9041 1
761 9428 1
761 9818 1
761 9999 1
761 8745 1
761 9622 1
766 8629 1
766 9474 25
766 9807 2
766 8852 2
798 9908 2
798 8990 1
805 8641 1
805 9365 8
805 8814 1
805 9244 1
811 9851 1
811 9772 3
811 9644 1
811 9520 7
811 8569 2
811 8949 1
811 9131 2
811 9596 1
811 9465 17
813 8916 1
813 9392 2
813 8581 1
813 8664 1
823 8843 9
823 9700 1
823 9076 28
831 9786 1
831 9970 1
831 9541 3
831 8873 1
831 9119 1
831 9037 1
831 9370 1
845 8894 1
845 8625 3
845 8781 1
845 9232 17
845 9047 1
845 9385 1
860 8907 1
860 8999 1
860 9187 2
860 8587 1
860 8695 1
872 9482 2
872 9028 2
872 9918 9
876 8930 1
876 9652 2
876 8999 1
894 9831 6
894 8573 1
894 9735 6
894 9861 1
894 9807 1
896 9891 1
896 8961 2
913 9481 1
913 9723 2
913 8528 10
913 8715 1
913 9200 3
914 8908 1
914 9921 1
914 9894 1
920 8865 1
920 9147 2
920 9295 2
940 9339 1
940 9752 1
940 8738 1
940 9903 1
940 9904 2
944 9317 1
944 8800 1
947 9444 1
947 9468 4
947 9436 1
947 9966 1
966 9943 6
966 8590 1
966 8929 1
968 8902 1
968 8631 1
968 9568 2
973 9305 1
974 9732 1
974 8532 1
974 8624 4
974 9430 1
974 9661 106
982 8546 1
982 9509 1
982 9008 1
982 9316 1
1005 9217 1
1005 8558 5
1005 8795 1
1021 9704 2
1021 9993 2
1021 8825 1
1021 9029 1
1021 9705 24
1021 9840 2
1072 9680 1
1072 8648 8
1072 9324 4
1072 9825 2
1073 8834 1
1073 9746 22
1073 8764 1
1097 9255 3
1097 8838 1
1097 9323 1
1097 8974 1
1109 9245 1
1109 9918 1
1109 9946 3
1109 8815 2
1109 9120 1
1109 9807 1
1122 8623 1
1122 9051 1
1122 9852 2
1122 9422 1
1122 9551 2
1124 9701 1
1124 9723 1
1124 9745 1
1124 9894 1
1124 8833 1
1144 8786 1
1144 9308 1
1144 9866 4
1144 9735 1
1144 9800 1
1156 8838 1
1156 8802 3
1156 9836 5
1161 9102 1
1221 9786 1
1221 9259 1
1247 9702 1
1247 9476 6
1273 8810 1
1273 8999 9
1295 8721 1
1295 9275 4
1295 8822 1
1295 9399 4
1307 8924 1
1307 9172 1
1307 9192 1
1307 9531 1
1314 8808 1
1314 9433 1
1320 9876 1
1320 9721 1
1320 9772 1
1320 9528 1
1324 8823 2
1324 9272 1
1324 8692 5
1327 9966 6
1327 9971 1
1327 9166 1
1327 9396 2
1327 9564 4
1329 9067 1
1329 9055 2
1329 8546 1
1329 9131 1
1329 9608 4
1338 9772 2
1338 8799 1
1338 9846 1
1343 8546 3
1343 9164 1
1343 9654 1
1343 9968 1
1359 9815 3
1359 9193 1
1359 8610 1
1388 9194 2
1388 9940 5
1388 9446 1
1388 9926 1
1394 9481 1
1394 9074 5
1394 9367 5
1394 9963 2
1394 8561 4
1394 8868 1
1394 8870 1
1394 9205 5
1411 9760 1
1411 9070 1
1411 9881 2
1421 9428 2
1421 9650 1
1429 9156 1
1429 9407 2
1429 9779 4
1451 9808 1
1451 9974 2
1451 8549 1
1451 8876 2
1451 9031 2
1451 9328 1
1455 9237 2
1455 9024 10
1455 9748 1
1466 9059 1
1466 9047 1
1466 9094 2
1472 9357 5
1472 9964 2
1472 9614 1
1473 8557 1
1473 8865 1
1473 9023 1
1477 9639 1
1477 8976 2
1477 9810 2
1495 8789 1
1495 8550 70
1495 9379 1
1495 9398 2
1495 9730 1
1495 9319 4
1495 9892 3
1503 9904 2
1511 9252 1
1511 9680 1
1517 9887 1
1518 9654 5
1518 9048 1
1518 9677 1
1518 9889 1
1518 9919 2
1533 9047 2
1533 9857 1
1533 9363 9
1556 9122 1
1556 8613 1
1556 9933 1
1558 8907 1
1558 9399 1
1558 9734 4
1558 8993 1
1558 9682 2
1558 9996 1
1560 9256 2
1560 9055 1
1560 9192 1
1560 8878 1
1560 9319 3
1560 9713 1
1569 9846 3
1569 9248 1
1573 9320 20
1573 9109 4
1592 9376 1
1592 9823 3
1592 9785 1
1592 9629 1
1598 8768 1
1598 8786 7
1598 9912 1
1598 9219 1
1598 9234 1
1598 9235 52
1603 9340 2
1603 9208 14
1603 9564 1
1603 8865 1
1603 8592 1
1603 9567 1
1604 8795 1
1604 9805 1
1626 9289 2
1626 9317 9
1626 9642 1
1626 8639 1
1632 9397 2
1632 8886 1
1651 9484 1
1651 8675 40
1651 9204 1
1663 8990 1
1663 8783 4
1665 9544 7
1665 8965 1
1665 9805 1
1665 8793 2
1665 9674 1
1665 9375 1
1680 9191 1
1680 9816 1
1680 9772 1
1680 9936 1
1680 9312 1
1680 9782 1
1687 9337 1
1687 8874 1
1691 8847 1
1691 9231 2
1691 9572 2
1698 9168 12
1704 9563 1
1704 9543 3
1704 9446 1
1704 8769 1
1704 9815 3
1704 8935 1
1704 8972 1
1704 9038 1
1704 9204 2
1704 9379 1
1715 8676 1
1715 8935 1
1715 8692 2
1715 9396 1
1715 9767 4
1715 9177 1
1715 9904 41
1715 9780 4
1718 9648 2
1718 9447 3
1724 9577 6
1724 9419 1
1724 8816 1
1724 8907 1
1724 9289 1
1733 9193 3
1733 9044 1
1733 9545 2
1733 8805 1
1733 9183 1
1733 9727 2
1733 8732 3
1733 9648 1
1738 9149 16
1738 8707 1
1738 8766 1
1738 9139 1
1738 9862 1
1745 8594 1
1745 8541 2
1745 9122 2
1745 9259 3
1762 9150 1
1762 9488 2
1768 9760 1
1768 9545 32
1783 8676 1
1783 9733 1
1783 9319 1
1783 8850 1
1784 9682 1
1784 8965 1
1784 9569 1
1793 9910 1
1793 9985 1
1796 9619 1
1796 9274 1
1796 8769 1
1796 8593 2
1807 9441 1
1816 9356 2
1816 9211 1
1831 9492 1
1834 9317 1
1834 9187 4
1834 8594 1
1834 8729 1
1834 9275 1
1834 9425 1
1850 8885 2
1850 9504 1
1850 9525 1
1850 9951 8
1857 8553 5
1857 8581 1
1857 8987 2
1857 9122 1
1857 8712 1
1859 9830 1
1859 8851 1
1859 9771 200
1859 9837 6
1922 9677 1
1922 9340 1
1922 9596 1
1924 9761 1
1924 9805 16
1929 9342 14
1929 8539 23
1934 9481 1
1934 9503 1
1934 9613 4
1961 9615 2
1961 8870 2
1961 9853 1
1982 9101 1
1982 9837 1
1982 9988 1
1982 8870 3
1982 9691 9
1984 9691 1
1984 8700 1
1988 9561 5
1988 9696 3
1988 9701 1
1996 8564 3
2006 9963 1
2006 8534 1
2006 8734 3
2006 9171 2
2006 9982 6
2006 9752 1
2006 9935 1
2006 8780 3
2007 9103 1
2007 8886 2
2007 9994 1
2007 8528 1
2007 8718 3
2007 8648 1
2007 8743 2
2007 9443 1
2048 9651 1
2048 9119 1
2048 9196 2
2065 8723 1
2065 9964 14
2069 9391 1
2069 8944 1
2069 9124 1
2076 8739 1
2076 9440 1
2076 8536 1
2076 8978 1
2076 8765 1
2076 9985 2
2076 8892 1
2076 8975 1
2076 8835 1
2076 9324 1
2076 9372 1
2085 8708 1
2085 8716 2
2085 9689 2
2085 9718 16
2085 8529 1
2118 9379 3
2135 8754 1
2135 8888 2
2147 8593 1
2152 8624 7
2152 9288 1
2152 9876 3
2152 9366 1
2170 9696 1
2170 9569 1
2170 8869 1
2170 9857 2
2191 8975 1
2201 9022 1
2201 8599 1
2201 8987 1
2201 9867 3
2210 9540 5
2210 8534 1
2216 8527 1
2216 9257 2
2216 9757 1
2216 8902 1
2216 8957 12
2237 9970 1
2237 8561 1
2255 8581 12
2255 8973 4
2255 8639 2
2255 9277 1
2256 9211 5
2295 9706 1
2295 9009 1
2295 8752 1
2295 9890 1
2312 9370 1
2312 9591 1
2312 8737 1
2312 9692 14
2318 9166 10
2318 9201 2
2322 9248 1
2322 9504 1
2322 8873 1
2334 8825 1
2334 8676 1
2334 9101 30
2334 9006 1
2334 9151 2
2340 9085 1
2340 8935 1
2346 9304 1
2346 9997 1
2346 9356 5
2371 8847 1
2371 9084 1
2388 9481 1
2393 9273 1
2399 9313 2
2399 8978 2
2399 9127 1
2399 9302 4
2399 9278 1
2399 9223 4
2417 8885 2
2417 9412 15
2417 9397 1
2417 9564 2
2417 9593 1
2431 9662 4
2431 9272 2
2442 9374 1
2442 9627 1
2442 9769 1
2442 8992 1
2442 9931 1
2488 9082 1
2488 9455 2
2488 8637 1
2488 9192 2
2493 8695 2
2493 9796 2
2493 8550 2
2493 8812 3
2511 8903 1
2511 8623 2
2511 9534 1
2511 9834 1
2511 8681 2
2511 9920 1
2519 9511 1
2519 8609 2
2519 9217 6
2537 9894 4
2537 8778 1
2537 8581 6
2537 9426 1
2537 9830 1
2538 8639 2
2538 8892 1
2538 9387 1
2538 9687 1
2538 8808 5
2544 8602 1
2544 9580 36
2544 9801 2
2544 9864 2
2544 9868 2
2563 9413 6
2563 8784 6
2563 9477 1
2564 9691 1
2564 8992 9
2564 8813 10
2573 9149 3
2573 9359 1
2573 9471 1
2582 8792 3
2582 9235 2
2582 9440 1
2582 9721 59
2582 9074 1
2582 9849 1
2592 8830 1
2605 8526 1
2609 9172 3
2616 9866 1
2616 9981 200
2616 9993 27
2628 9142 1
2632 9894 1
2632 8565 1
2632 8947 1
2632 9411 1
2632 9442 1
2632 9821 1
2632 9864 3
2633 9252 1
2633 9340 33
2633 8711 1
2634 9288 1
2634 9527 1
2642 9188 1
2659 8850 1
2659 9694 1
2659 9697 1
2659 9897 2
2659 8709 14
2668 8655 1
2668 9819 2
2677 8757 2
2677 8761 1
2677 8855 1
2685 9389 1
2685 9827 1
2685 8972 2
2685 8944 2
2685 8875 4
2685 9413 8
2693 9626 4
2705 8747 1
2719 9801 1
2719 9804 3
2719 9247 1
2733 9223 3
2733 9863 1
2741 9593 1
2741 9228 1
2758 8623 1
2758 8599 1
2766 8725 2
2766 9811 1
2766 8927 1
2770 9617 1
2770 9114 1
2770 9427 1
2772 9103 9
2772 9816 1
2779 9567 1
2779 8854 1
2779 8973 1
2779 8808 3
2779 9381 1
2782 9320 1
2782 9326 2
2782 8739 3
2782 8928 10
2782 9219 1
2782 8983 1
2782 9640 1
2782 9811 1
2793 9461 4
2795 8883 9
2795 9259 1
2795 9893 1
2795 9092 2
2803 8816 3
2826 9387 5
2838 9182 38
2838 9337 1
2838 9830 1
2838 8866 3
2838 9310 1
2838 9894 1
2838 8586 1
2838 8903 1
2849 9295 1
2849 9122 1
2849 8527 1
2849 9702 1
2865 9521 3
2865 9208 1
2865 9622 1
2865 9577 2
2878 8855 1
2878 8884 6
2878 8740 1
2878 8856 10
2883 9611 1
2883 8668 2
2883 9521 3
2891 8599 2
2900 9202 1
2900 9096 1
2900 9694 1
2908 9398 1
2908 8638 3
2908 8784 1
2908 9327 1
2908 9380 1
2908 9789 1
2908 9234 4
2908 9603 1
2908 8983 5
2908 9509 1
2908 9824 1
2909 9698 1
2909 9092 1
2923 9427 4
2923 9553 1
2923 9145 1
2927 9483 1
2927 9087 3
2927 9656 1
2932 9640 7
2932 9626 1
2932 9293 1
2932 9545 2
2932 8529 3
2932 8610 3
2932 8707 2
2950 9980 1
2950 9412 1
2950 9931 1
2950 9329 1
2950 9531 7
2950 9806 1
2950 9371 1
2969 8725 1
2998 9968 4
2998 9771 2
2998 9135 1
2998 9755 2
3003 9451 1
3003 8983 8
3003 9434 17
3007 8661 72
3007 8947 2
3007 9154 2
3007 8832 1
3007 9980 1
3016 9438 10
3016 8808 5
3016 8962 22
3016 9622 1
3016 8527 1
3016 8735 1
3016 9838 6
3032 8542 1
3032 8862 1
3035 9691 2
3039 8987 1
3039 8585 4
3039 9954 1
3056 8526 5
3063 9804 160
3063 9029 1
3063 9166 2
3063 9839 2
3063 9164 1
3076 8692 2
3092 9250 1
3092 9088 1
3092 9215 1
3093 9067 1
3093 9775 1
3093 9065 14
3094 9833 1
3094 9580 3
3114 9865 1
3114 9179 2
3114 9513 1
3114 9374 1
3114 9086 200
3114 9972 1
3114 9553 1
3122 9906 1
3122 8648 1
3122 8532 4
3122 9833 1
3124 9481 1
3124 9427 2
3124 9981 1
3157 8816 1
3157 8573 1
3157 9965 1
3174 8543 1
3174 9838 2
3174 9918 1
3181 9696 1
3181 9540 1
3181 9767 1
3187 9368 1
3187 9648 1
3187 9422 4
3187 9441 1
3187 9706 1
3187 9017 1
3187 9338 2
3187 9391 1
3191 9472 1
3191 9051 1
3191 9425 8
3191 8761 1
3194 9385 3
3194 8595 13
3194 9525 7
3194 8713 1
3194 9926 1
3205 9945 1
3205 9046 10
3205 9398 1
3205 9867 1
3205 8878 1
3205 8721 1
3205 9479 2
3205 9415 1
3205 9616 1
3205 9983 1
3208 9480 1
3208 8596 1
3225 9239 12
3225 8529 3
3225 8802 9
3234 8575 2
3234 9929 4
3234 9186 5
3252 8869 1
3252 9502 2
3252 9615 4
3257 9260 2
3257 9662 1
3257 9156 33
3257 8638 1
3257 9263 1
3257 8823 1
3257 8843 2
3257 9869 1
3259 8942 2
3259 9543 1
3259 9868 1
3260 9665 2
3260 9374 1
3266 9231 1
3285 9656 3
3285 8841 1
3310 8871 1
3310 9639 1
3310 8544 31
3310 8873 1
3310 9665 1
3328 8532 7
3328 8789 1
3328 9507 2
3333 9754 4
3333 9183 4
3333 9273 1
3336 8855 60
3336 9283 1
3347 9836 1
3347 9922 4
3347 9210 1
3347 9841 2
3347 8961 1
3356 8916 1
3356 8974 1
3356 9974 2
3356 8797 6
3356 8679 1
3356 9468 1
3356 9534 1
3360 9618 12
3366 9170 1
3397 8722 1
3397 9069 1
3409 9592 1
3409 8723 2
3409 9250 1
3410 9641 8
3410 9046 1
3413 8729 1
3413 8937 1
3420 9052 2
3420 8551 1
3420 9088 1
3420 9383 8
3423 9343 2
3423 8564 1
3423 8812 3
3423 9975 3
3454 9946 1
3454 9279 1
3454 9354 2
3454 9516 1
3468 9013 2
3468 9415 19
3468 8827 1
3468 9650 7
3468 8642 1
3468 8811 3
3468 9416 1
3482 8629 1
3482 9154 1
3482 9284 2
3482 9750 2
3482 8900 34
3482 9522 1
3482 9365 1
3493 8528 1
3493 8869 1
3493 9312 1
3497 9667 2
3497 8638 1
3497 8900 1
3525 9238 1
3525 9591 2
3525 8692 1
3525 9068 15
3534 9331 3
3534 9076 1
3534 9365 1
3534 9715 11
3534 8674 1
3534 9585 1
3534 9939 12
3534 9985 2
3546 8681 1
3546 9964 5
3546 8761 1
3546 9503 1
3546 9657 2
3546 9919 4
3546 9773 2
3552 8829 20
3552 9383 1
3555 9843 1
3555 9819 1
3559 9341 1
3559 9363 2
3559 9425 1
3559 9671 1
3572 9341 1
3572 9765 1
3572 9327 1
3572 9666 1
3572 9721 1
3572 9197 1
3572 9295 1
3572 8608 1
3581 9983 18
3581 9922 2
3581 9188 7
3585 9798 1
3585 8626 1
3589 8576 3
3589 9600 1
3589 8529 1
3599 9244 1
3599 8825 1
3599 8556 1
3599 9243 1
3599 9467 2
3599 9521 3
3599 9642 1
3599 9908 1
3621 8826 1
3621 8819 1
3621 9517 1
3621 9698 1
3623 9846 1
3623 9433 1
3623 9213 1
3623 8911 1
3631 9933 2
3631 9553 1
3631 9826 1
3631 9730 1
3652 8745 80
3652 9375 1
3652 8945 1
3652 9562 1
3654 8586 1
3654 9747 1
3654 8607 2
3682 8592 1
3682 9580 1
3682 9819 2
3682 8551 1
3682 9544 22
3682 9274 3
3682 9503 1
3693 9487 2
3693 9904 1
3693 8988 1
3693 9742 54
3693 9812 2
3695 9915 24
3695 8536 1
3725 9065 2
3725 8747 1
3732 9668 1
3732 8612 1
3732 9923 4
3758 8944 1
3758 9269 2
3763 8546 1
3763 8974 2
3763 9295 9
3764 8802 1
3764 9811 2
3764 9852 2
3764 8595 1
3780 9120 1
3780 9575 1
3780 9279 2
3780 9063 1
3780 9280 1
3780 9317 1
3797 9762 3
3801 8629 1
3807 9431 2
3828 9848 1
3828 9754 1
3828 8708 2
3828 9764 1
3836 9028 1
3836 9566 5
3836 9480 1
3836 9704 1
3860 9192 1
3860 9516 1
3860 9318 6
3860 9432 1
3860 9735 1
3873 9717 11
3873 8822 3
3873 8907 5
3873 9231 1
3873 9685 1
3934 9900 4
3934 9215 36
3934 9500 1
3946 9052 1
3946 9346 1
3946 9931 1
4017 9290 1
4017 9487 1
4017 9856 1
4022 9493 4
4022 8532 1
4022 9550 1
4055 8817 4
4055 9787 1
4060 9128 1
4060 9563 1
4060 8679 1
4068 9098 3
4068 8825 1
4068 9154 1
4090 9891 5
4090 8718 2
4100 9682 1
4100 8894 1
4100 9158 1
4100 9828 1
4140 8620 2
4140 8778 1
4140 9408 1
4140 9680 4
4140 8540 2
4140 9186 6
4145 9761 2
4165 9028 2
4165 8800 5
4165 9023 1
4165 9313 1
4165 9447 1
4165 9883 4
4165 9521 1
4165 9846 1
4165 8857 14
4165 9937 1
4192 9299 1
4205 9966 1
4205 8579 1
4205 8830 61
4205 8723 1
4205 9057 1
4225 8596 4
4225 9964 1
4225 9060 1
4225 9238 19
4226 9642 1
4226 9508 2
4226 9712 2
4255 9677 1
4288 9139 34
4288 9203 1
4288 9334 2
4292 9389 10
4292 9465 1
4292 9674 1
4292 9668 5
4313 9615 1
4313 8734 5
4317 8900 1
4317 9178 3
4324 8863 1
4324 9410 1
4324 9069 1
4340 9385 2
4348 9186 2
4378 8789 1
4378 9672 1
4378 9705 1
4384 8562 1
4384 8572 9
4384 9657 1
4384 9755 2
4388 9691 1
4388 9149 1
4388 9623 1
4388 9226 1
4388 8731 1
4388 9260 6
4389 9294 3
4389 8607 8
4389 9187 7
4420 8731 1
4420 8734 1
4420 9009 1
4421 8965 1
4421 8553 1
4421 9515 1
4421 8841 1
4421 9516 2
4421 8829 1
4421 9994 1
4421 9371 1
4421 9970 200
4425 8781 15
4425 9245 1
4425 8782 1
4425 9265 1
4427 8976 2
4427 9255 5
4435 9508 24
4435 9757 1
4458 8814 1
4458 9580 11
4458 9197 1
4458 9631 3
4458 9456 1
4458 8939 1
4463 9224 1
4463 9230 1
4463 9404 5
4463 9022 1
4463 9314 176
4464 9214 1
4464 9717 1
4464 9953 6
4479 9361 1
4479 9012 1
4479 9393 2
4479 9611 1
4484 9853 3
4495 9685 1
4495 9170 1
4495 9278 3
4495 9600 1
4496 9463 1
4496 8799 1
4496 9512 1
4505 9549 22
4505 8878 1
4505 9416 1
4505 9837 3
4505 9702 1
4505 9713 1
4505 9085 1
4505 9106 2
4505 9269 2
4505 9781 1
4505 9198 1
4505 9446 1
4505 8601 1
4505 8786 5
4534 8856 1
4534 9063 1
4534 9839 1
4534 9922 4
4545 9048 6
4545 8625 1
4545 9715 2
4555 9180 1
4561 9810 1
4561 9911 12
4571 9103 3
4571 9915 2
4571 8976 1
4571 9051 2
4581 9278 1
4581 8660 1
4581 8903 3
4581 9951 1
4581 9257 1
4581 9645 1
4596 9330 1
4596 9112 1
4611 9585 1
4611 8725 2
4611 9973 1
4612 8812 5
4617 8799 1
4619 8712 2
4619 9897 1
4619 9398 1
4619 8671 2
4619 9993 1
4621 8603 1
4621 9812 3
4621 8595 2
4621 9258 12
4621 9566 1
4623 9278 1
4623 8786 1
4623 8586 2
4623 9461 1
4640 9995 1
4640 9993 4
4640 9701 1
4647 9236 1
4667 9975 5
4686 9439 1
4686 9513 1
4686 9760 1
4687 8801 2
4687 8896 1
4687 9738 11
4687 9837 1
4698 9516 1
4698 9494 1
4698 9434 2
4698 9677 1
4698 9910 3
4724 8896 1
4724 8540 1
4724 8627 1
4724 8899 8
4724 9996 2
4724 8571 1
4724 9337 5
4730 9608 2
4730 8660 1
4730 8638 7
4730 9149 1
4740 9036 1
4740 9677 1
4740 9736 1
4740 8766 2
4740 8655 23
4740 8916 10
4740 9112 2
4740 9163 3
4740 8896 1
4743 8849 1
4743 9178 1
4743 9991 2
4743 8873 1
4743 9208 1
4743 9832 1
4764 8826 1
4764 8737 2
4764 8877 2
4764 8854 1
4764 9133 10
4765 8965 1
4765 9156 1
4765 9862 1
4766 9436 10
4766 9252 7
4766 9455 2
4769 9666 1
4769 9425 1
4769 9457 1
4769 9890 1
4769 9198 2
4773 9526 2
4773 8575 1
4773 8953 1
4773 9347 1
4781 9218 1
4781 8704 2
4781 9997 1
4784 8920 5
4784 9470 3
4784 8539 1
4784 9228 3
4784 9374 1
4796 9463 2
4796 9098 2
4802 9094 4
4822 9798 16
4822 8778 1
4870 9742 1
4870 8565 1
4870 9109 1
4870 8580 1
4870 8804 2
4898 8866 1
4912 8789 1
4912 9614 1
4912 8803 11
4912 9538 7
4912 9861 2
4915 9387 36
4915 9700 1
4915 9144 1
4915 9479 10
4915 9709 9
4920 9930 1
4920 9033 2
4920 9574 1
4923 8562 1
4923 9171 1
4923 9772 1
4923 8531 2
4923 9619 2
4941 9207 1
4941 8781 1
4941 8972 1
4946 9767 2
4946 9988 1
4946 8526 1
4946 8871 1
4970 9854 3
4970 9069 1
4970 9240 1
4970 9640 19
4970 8937 1
5029 8542 2
5041 8695 2
5041 9399 1
5041 8660 1
5047 8701 2
5047 9918 1
5047 8620 21
5047 8713 3
5081 9091 1
5090 9907 1
5090 8895 1
5090 9562 1
5090 9466 1
5094 8723 1
5094 8933 1
5094 9226 1
5097 8554 1
5097 9697 1
5099 9223 1
5099 9740 3
5099 8810 1
5099 9995 2
5099 9601 4
5099 9667 5
5104 9945 2
5104 8591 1
5104 8623 5
5104 9150 2
5117 9829 3
5117 9460 2
5126 9156 1
5130 8799 1
5130 9660 1
5130 9924 3
5135 9507 1
5135 8783 1
5135 9639 1
5142 9385 1
5164 9186 4
5164 9786 1
5204 8865 1
5204 8666 1
5204 9356 1
5204 8700 1
5204 9212 1
5204 9647 1
5205 9272 4
5205 8981 1
5205 8655 1
5205 9116 120
5210 9255 2
5210 9884 1
5210 8793 1
5210 9466 7
5234 9145 2
5234 9440 12
5234 8969 1
5239 9734 5
5239 9084 1
5239 9787 1
5239 9214 3
5239 9548 2
5241 8817 1
5245 9260 7
5245 8798 1
5245 9046 1
5245 9775 3
5245 9827 14
5245 9406 6
5248 8696 1
5248 9126 2
5248 9279 10
5251 8842 1
5251 9203 5
5251 9713 3
5262 9796 1
5262 8534 1
5262 8718 3
5262 9695 2
5272 9748 2
5272 8627 1
5272 9709 1
5272 9102 1
5279 8808 1
5279 8542 3
5279 9200 1
5279 8795 1
5279 9494 2
5279 8893 200
5279 9499 1
5279 9502 2
5279 8570 1
5279 9478 4
5286 8893 5
5286 9504 2
5286 9231 1
5290 9117 1
5290 9701 5
5290 9855 1
5290 8654 6
5290 8810 2
5305 9299 2
5320 9023 1
5320 9843 1
5323 8735 2
5323 8822 5
5323 9474 1
5323 9116 2
5323 9692 1
5323 8894 1
5362 9507 1
5362 9920 1
5362 9972 1
5362 9792 1
5362 8817 1
5362 9523 1
5366 9793 3
5366 8593 1
5366 9288 1
5375 8641 1
5375 8929 1
5375 9672 1
5386 9397 3
5386 8975 3
5409 9796 13
5409 8813 1
5409 9124 1
5409 9851 1
5409 9026 3
5409 9808 16
5413 9912 1
5413 8895 1
5413 9226 1
5413 9862 1
5413 9284 21
5413 9602 15
5413 9651 2
5413 9229 1
5421 9806 59
5421 8868 2
5421 9500 2
5421 8784 1
5421 8724 1
5433 8557 1
5433 8603 1
5433 9245 1
5433 9417 1
5433 9883 8
5454 9653 2
5454 9997 181
5454 9430 1
5454 9690 1
5454 8711 2
5454 9736 2
5454 8768 2
5454 9052 5
5454 9781 1
5455 8892 1
5455 9166 1
5455 8715 1
5455 9060 4
5465 8968 1
5465 9036 7
5465 9142 2
5469 9182 1
5469 9163 1
5469 9652 1
5469 9966 13
5469 9392 1
5469 9617 1
5469 9671 6
5469 9798 3
5480 9520 1
5480 9699 3
5487 9837 1
5487 8681 1
5497 8822 1
5497 9660 1
5497 8916 1
5497 9055 1
5500 9236 3
5500 9332 1
5506 8768 1
5506 9416 5
5506 9041 1
5531 9368 2
5531 8933 3
5531 9685 9
5547 9538 2
5547 9412 1
5547 9687 1
5576 9404 1
5576 9562 1
5580 9106 4
5580 9092 3
5580 9159 3
5580 8836 1
5580 8894 5
5580 9052 1
5580 9661 1
5589 8898 1
5589 9186 200
5589 9006 3
5627 9354 1
5627 9194 1
5627 8825 1
5627 9243 3
5627 9283 1
5652 8873 5
5657 9758 3
5657 8793 2
5665 9598 1
5665 9772 1
5665 9359 1
5665 9305 2
5687 8766 3
5687 9480 1
5709 8743 7
5737 9597 1
5737 9999 1
5739 8697 1
5739 8734 81
5739 9218 1
5767 9247 1
5767 9818 1
5776 8711 4
5776 9408 1
5776 9313 1
5799 9331 1
5799 9933 1
5799 8869 52
5802 9375 1
5802 9855 1
5802 9510 1
5802 8850 12
5802 9838 1
5802 8773 1
5804 8633 1
5804 9527 10
5804 8654 1
5804 9272 1
5804 9830 1
5810 9830 1
5810 8846 1
5810 9368 2
5819 9065 1
5819 9191 1
5825 9780 1
5825 8877 1
5825 9753 1
5825 9572 4
5825 8770 1
5825 9299 1
5833 9229 1
5833 9542 1
5833 9601 2
5853 9868 7
5853 9390 1
5853 9878 1
5853 9916 2
5853 9450 1
5853 9505 1
5853 9193 2
5862 9366 1
5862 9176 1
5862 8557 106
5883 9714 1
5883 8797 3
5883 9758 1
5902 9948 1
5902 9727 1
5902 9904 2
5902 9851 3
5906 9682 1
5906 9193 2
5906 9760 5
5906 8563 1
5906 8695 2
5906 9732 1
5924 8852 1
5924 9768 6
5924 9865 3
5937 9370 1
5937 9431 1
5937 8757 8
5937 9102 2
5937 9335 1
5997 8647 1
6004 8857 1
6004 8585 1
6017 9405 1
6017 9769 1
6029 8701 2
6029 9012 1
6029 9831 1
6029 8544 1
6040 9114 1
6040 9402 1
6046 9014 2
6046 9575 1
6046 9796 1
6050 9039 4
6050 9139 1
6050 9255 1
6066 9948 3
6066 9740 3
6066 9267 1
6066 9460 5
6073 9865 1
6073 9284 3
6081 8737 1
6081 8972 9
6081 9330 1
6081 9283 1
6081 9544 5
6081 8844 1
6081 8866 1
6105 8642 1
6105 9628 4
6105 9103 1
6128 9652 7
6128 9329 2
6128 9168 1
6128 8580 1
6128 8832 1
6128 8953 1
6165 9717 1
6165 9738 4
6165 9310 3
6165 9243 1
6165 9803 1
6165 9342 1
6175 9943 1
6175 9390 1
6175 9736 1
6214 9402 1
6214 9482 1
6223 8540 2
6223 9021 1
6226 9655 1
6226 9966 1
6226 9381 1
6226 8637 1
6226 9267 1
6226 9159 5
6226 9674 1
6234 9661 2
6234 9811 1
6242 9874 1
6261 8780 1
6273 8934 1
6273 9537 2
6273 9364 1
6273 8712 1
6273 8592 1
6273 9971 2
6274 9865 1
6274 9380 1
6274 9936 1
6276 8801 1
6276 9773 1
6278 9785 1
6278 9660 3
6288 9914 1
6288 9112 4
6288 8752 3
6288 9693 1
6288 8781 1
6288 9227 1
6305 8734 200
6305 9930 14
6305 8905 1
6323 9109 1
6323 9815 5
6354 8813 3
6361 8754 1
6361 9855 1
6361 9398 1
6369 8782 3
6374 9040 6
6375 8553 1
6375 9283 1
6381 9336 2
6381 9537 1
6382 9911 8
6382 9591 1
6382 9810 2
6382 9940 2
6382 8927 1
6382 8989 2
6382 9210 4
6382 9727 1
6382 9941 1
6385 9413 1
6385 9818 1
6385 9861 8
6385 8968 1
6385 9769 1
6385 9986 1
6397 9519 1
6397 8738 4
6397 9160 2
6397 8542 1
6397 9028 1
6397 9603 4
6397 9510 1
6398 9334 1
6414 9077 1
6414 9183 1
6414 9674 2
6414 9405 1
6414 9941 9
6414 8885 4
6414 9613 3
6416 9687 1
6416 9207 1
6418 8793 1
6418 9147 1
6433 9504 1
6433 9757 3
6433 9948 19
6438 9922 1
6453 9259 1
6453 8631 1
6453 9887 1
6453 8780 6
6453 9048 1
6453 9597 2
6471 9866 2
6471 8657 1
6471 9580 9
6471 9632 1
6505 9793 1
6505 9522 5
6505 9571 1
6509 9376 6
6509 8691 1
6509 8838 9
6509 9777 3
6509 9981 2
6519 9430 36
6519 8747 3
6519 9815 1
6528 8551 4
6528 9426 2
6528 9579 1
6528 8655 2
6547 9097 1
6547 9369 1
6547 9591 1
6563 9971 2
6563 8705 1
6581 9104 1
6581 8888 2
6581 9204 1
6581 9982 12
6581 9090 33
6586 8819 1
6586 8556 10
6586 9878 1
6611 9461 10
6611 8849 1
6611 9367 2
6611 9424 2
6629 9065 1
6629 9734 2
6630 9023 51
6630 9561 1
6636 9797 5
6678 9712 1
6678 9970 2
6678 9492 1
6678 9190 1
6678 9876 1
6685 8896 1
6697 9777 1
6697 9874 1
6697 8973 2
6697 9741 1
6698 8987 2
6698 9773 5
6698 9717 1
6698 9179 1
6722 9182 4
6722 9492 7
6730 8899 1
6747 8636 1
6747 9816 1
6747 9554 3
6747 9558 1
6747 9698 1
6747 9088 1
6747 9156 3
6747 9118 7
6747 9980 1
6751 9065 7
6751 9212 4
6751 9801 5
6752 9939 1
6752 8585 3
6752 9718 1
6752 9722 2
6781 8957 3
6781 9289 1
6781 9812 1
6781 9826 8
6781 8608 2
6781 9921 2
6790 9699 1
6790 9440 2
6790 8852 1
6790 9765 1
6790 9462 1
6790 9500 1
6790 8928 2
6790 9096 4
6790 9468 4
6790 9549 1
6792 9039 1
6792 9457 8
6797 8609 3
6797 9643 10
6797 9667 2
6797 9375 1
6801 9561 3
6801 8657 2
6801 8809 3
6801 9297 5
6801 9343 1
6801 9351 2
6801 9832 1
6801 9126 1
6820 9634 1
6850 9215 4
6850 8773 1
6850 9460 2
6850 8549 1
6850 9582 1
6850 9864 3
6850 8587 1
6850 8879 1
6850 9076 1
6850 9166 1
6856 9243 2
6856 9411 2
6856 9067 2
6857 9513 1
6857 9778 1
6857 9849 1
6857 8851 1
6857 9044 2
6857 9176 1
6859 8712 1
6859 8933 8
6859 9921 9
6859 9151 4
6871 8974 1
6871 9570 2
6885 9952 2
6885 9146 1
6885 9629 1
6891 9780 1
6891 9327 6
6891 9364 200
6891 9666 1
6900 9427 1
6900 9797 1
6909 9156 2
6917 9622 2
6917 8677 6
6934 8553 3
6934 8735 1
6934 9213 2
6934 9419 1
6934 9908 2
6934 9124 49
6934 8549 1
6938 9693 2
6938 9014 1
6938 9448 2
6938 9809 1
6938 8539 1
6938 8740 1
6951 9775 1
6951 9120 1
6951 9053 4
6951 8732 1
6951 9515 2
6951 9694 49
6960 9230 1
6960 9060 6
6960 9419 2
6960 9549 2
6960 8924 3
6962 9742 1
6962 9341 2
6962 9657 1
6962 9028 1
6974 9188 1
6974 9193 1
6974 9085 2
6974 9247 1
6974 8899 3
6974 9405 1
7039 9092 1
7039 8674 1
7039 8873 10
7039 9311 1
7039 9867 3
7039 9168 1
7045 9343 1
7045 8992 1
7047 9666 4
7047 9038 1
7047 9986 2
7047 9987 1
7059 9112 1
7059 9785 4
7059 8553 5
7059 9627 3
7064 9601 3
7064 8867 3
7077 8623 1
7077 9439 2
7088 8752 1
7088 8826 1
7088 9357 1
7088 9311 13
7088 9326 2
7090 8850 1
7107 8937 1
7107 8608 3
7107 9825 1
7107 9164 2
7120 9975 2
7120 9798 1
7121 9059 1
7121 8981 1
7121 8700 1
7121 9793 2
7121 9848 1
7143 9891 1
7143 9188 3
7143 9308 1
7146 9918 1
7146 8674 1
7146 9623 1
7166 9600 1
7166 9690 1
7167 9522 1
7167 9789 1
7167 8804 1
7167 9461 1
7174 8957 1
7189 8556 1
7189 9215 2
7189 9084 1
7189 9564 1
7189 8561 1
7189 9109 2
7189 9768 1
7189 8847 1
7189 9300 1
7189 9211 1
7189 9556 14
7193 8805 2
7193 8643 1
7204 9537 1
7204 8893 1
7204 8576 1
7209 8674 1
7209 9936 1
7209 9742 2
7209 8986 2
7209 9752 4
7209 9903 2
7210 8642 3
7210 8834 9
7210 9106 1
7221 9698 2
7224 8928 1
7224 9643 1
7231 8526 2
7231 9391 1
7231 9723 1
7231 9762 3
7231 9268 2
7231 9551 1
7254 9764 1
7254 8836 3
7254 9727 1
7254 9200 4
7257 9060 1
7257 8686 1
7257 8792 2
7257 8797 3
7257 8534 1
7257 9499 1
7257 9646 3
7258 8999 1
7258 9963 4
7258 9817 4
7258 9908 1
7260 9981 1
7260 9480 4
7266 8662 1
7266 9194 1
7266 9238 9
7266 9943 1
7266 9995 5
7271 9481 1
7271 9581 1
7271 9290 1
7282 9980 5
7317 9529 1
7317 9865 1
7317 9040 2
7317 9803 1
7325 9954 2
7325 9777 2
7325 9182 1
7325 9686 1
7325 9801 2
7325 8543 1
7325 9009 1
7325 9197 1
7325 9543 1
7329 9682 1
7329 8777 1
7329 8803 1
7329 9174 1
7329 8789 3
7329 9614 1
7329 9636 1
7337 8607 1
7337 8637 5
7337 9568 2
7337 8871 23
7337 9857 1
7337 8606 1
7354 8947 1
7354 9881 1
7354 9480 3
7354 9340 6
7354 9348 1
7354 9585 3
7354 8601 1
7354 8757 1
7359 9987 1
7359 8624 1
7359 9627 1
7359 9766 1
7359 8527 1
7361 9562 1
7361 9522 1
7361 9040 6
7361 9982 2
7361 8571 1
7361 8679 1
7361 9918 1
7361 8735 1
7361 8666 200
7361 9808 1
7364 8668 1
7364 8691 1
7364 9955 3
7364 9451 4
7364 9526 1
7364 9975 1
7375 8692 2
7375 9484 1
7384 9693 1
7384 9393 180
7386 8579 3
7395 8990 3
7395 9825 14
7425 9198 2
7425 9096 1
7425 9158 1
7425 9163 6
7428 9415 2
7428 8989 1
7428 9007 1
7428 9843 1
7436 8572 1
7436 8666 3
7436 9014 1
7460 9537 2
7460 9297 1
7460 9914 2
7460 8641 2
7460 8609 3
7460 9632 3
7482 8603 2
7482 9482 200
7482 9520 10
7488 8862 10
7488 9962 1
7488 8827 1
7497 9121 1
7497 9574 1
7497 9471 2
7497 9794 6
7497 9792 2
7497 9747 1
7497 8897 67
7497 9576 1
7500 8816 3
7500 9193 1
7500 9146 1
7500 9494 1
7500 9639 1
7500 9991 2
7507 9630 5
7507 8849 31
7507 9127 1
7507 9250 5
7511 9907 1
7511 9094 1
7524 9433 1
7524 9828 3
7524 8902 1
7529 9732 1
7529 9436 1
7529 9537 2
7529 9103 1
7529 9381 3
7529 9529 1
7529 9121 3
7534 9684 1
7534 9638 1
7534 9761 1
7534 9967 1
7534 9039 1
7534 9309 2
7534 9989 1
7541 8895 2
7541 9300 1
7544 9146 1
7544 8877 3
7544 9915 1
7550 9913 14
7550 8675 1
7566 9395 3
7566 8879 2
7566 8709 1
7566 9623 3
7569 9641 3
7569 9923 2
7569 9952 1
7573 9263 6
7573 9233 2
7580 9736 1
7580 9787 1
7580 9363 1
7583 8879 2
7583 8528 1
7583 9973 3
7583 9068 1
7583 9076 1
7583 9718 1
7611 8599 1
7611 9787 1
7611 9606 2
7611 9945 6
7629 8534 3
7629 9404 1
7630 8954 9
7630 8898 1
7630 9538 1
7630 9531 5
7633 9569 2
7633 8792 1
7637 9359 2
7637 9558 7
7643 9021 1
7643 9748 1
7643 9617 1
7644 9247 1
7658 9177 8
7658 9407 2
7658 9434 1
7658 9293 1
7658 9217 1
7664 9893 1
7664 8543 11
7664 9311 9
7664 9466 1
7678 8785 2
7678 9006 3
7678 9623 10
7678 8811 4
7678 8549 1
7690 8863 1
7700 9371 12
7700 8850 13
7700 8805 5
7709 8780 2
7709 8911 1
7709 8976 1
7709 8993 1
7709 9997 1
7709 8662 1
7709 8819 1
7712 9894 1
7716 9833 1
7716 8724 2
7716 8978 1
7716 9408 1
7717 8833 1
7717 9827 1
7717 9426 1
7717 9812 1
7717 9974 1
7722 8924 1
7722 9087 3
7722 9444 1
7722 9656 3
7724 8769 2
7724 9478 1
7724 9723 1
7724 9823 1
7726 9046 1
7726 8677 6
7726 9963 12
7726 9636 1
7726 9740 3
7735 9963 1
7735 8668 1
7735 9863 3
7735 9677 7
7749 9987 1
7749 8797 3
7749 9662 7
7765 9046 1
7765 8766 4
7779 9084 1
7779 9718 2
7779 8550 3
7793 8838 2
7793 9101 2
7795 9328 3
7795 8554 1
7795 8719 1
7796 9014 200
7796 9791 1
7808 8581 6
7808 9130 1
7808 9057 2
7809 8836 1
7812 9964 3
7842 8608 1
7842 9297 2
7852 9806 2
7852 9166 1
7852 9372 27
7852 9488 1
7852 9182 1
7852 9263 1
7852 9907 1
7865 9411 2
7865 9374 1
7865 9396 1
7865 8937 4
7881 8969 3
7881 9170 1
7882 9797 1
7882 9447 1
7882 8659 1
7882 8664 1
7910 8869 2
7910 9178 2
7910 9102 1
7910 9338 1
7913 9615 2
7913 9381 1
7918 9503 1
7918 9598 1
7918 8965 1
7918 9804 1
7929 8731 3
7929 9865 1
7929 9618 1
7929 9887 1
7929 9762 1
7959 9564 3
7959 9135 1
7959 9315 1
7959 9754 3
7959 9822 2
7960 9556 36
7960 9849 1
7960 9305 1
7960 9665 2
7965 9142 1
7965 8655 1
7965 9661 1
7965 8862 1
7974 9130 5
7999 9062 1
7999 9512 1
7999 9661 1
7999 8904 3
8017 9764 6
8017 9142 1
8018 9750 1
8018 9800 2
8018 9941 1
8018 9127 1
8052 8692 1
8052 9180 1
8052 9542 1
8052 8653 1
8052 9311 1
8052 9477 3
8066 9812 1
8066 8854 3
8066 9474 1
8066 9597 1
8066 8671 1
8069 9468 1
8069 9962 6
8080 8905 17
8080 9471 1
8102 9480 1
8102 9890 1
8102 8620 2
8102 9596 1
8102 9939 1
8126 9513 1
8126 9112 1
8126 8553 1
8126 8739 2
8130 9215 1
8130 9158 2
8130 8735 13
8133 9392 1
8133 9823 7
8133 8531 3
8133 9791 1
8145 9525 1
8145 9476 1
8145 8826 2
8147 8745 2
8147 8769 1
8147 9854 1
8150 8655 33
8150 8708 13
8163 8721 2
8163 9721 1
8178 9529 5
8178 9476 4
8178 8900 1
8178 8885 2
8178 9442 1
8178 9615 1
8178 9817 3
8192 9846 2
8192 9972 1
8192 9592 8
8192 9785 29
8195 8660 28
8195 9179 1
8195 8564 2
8228 8671 1
8251 8829 1
8251 8625 1
8251 9081 4
8251 8700 1
8251 9834 1
8252 8629 1
8252 8623 27
8252 9558 1
8252 9194 1
8252 8653 1
8252 8647 2
8252 8634 1
8252 9334 1
8252 8705 1
8252 9715 3
8252 9535 1
8253 9302 41
8253 9480 1
8253 9493 3
8253 8893 1
8253 9135 1
8258 9809 3
8258 8543 2
8258 9630 1
8258 9914 1
8266 9789 1
8266 8697 2
8266 9135 2
8266 9818 1
8266 9827 5
8275 9205 1
8275 9357 1
8303 9143 1
8303 9063 1
8308 9129 1
8308 9239 1
8308 9456 6
8308 9644 1
8331 9741 7
8331 9088 53
8331 8657 4
8331 9213 4
8331 9836 3
8345 8927 3
8345 9428 9
8345 8554 1
8345 9472 4
8350 9456 1
8350 9973 1
8350 9258 1
8350 8627 1
8350 9385 35
8350 8813 3
8350 9354 1
8350 9652 1
8351 9339 2
8360 8903 1
8360 8945 1
8360 8562 1
8372 9741 7
8372 9037 1
8372 9171 1
8378 8883 6
8378 8914 1
8378 9183 2
8378 8927 13
8378 9126 1
8378 8781 1
8399 8795 2
8403 9667 5
8403 9131 1
8403 9467 1
8425 9446 6
8425 9265 1
8429 8558 1
8429 8599 3
8429 9024 1
8429 9643 1
8429 9876 1
8429 8847 12
8429 8913 4
8429 9686 1
8432 8729 56
8435 9500 1
8436 9366 1
8436 9579 43
8436 9575 39
8436 9946 174
8436 8563 1
8436 9174 3
8436 9809 6
8439 9786 1
8439 8898 2
8440 9142 1
8440 9758 1
8440 9156 1
8441 9506 1
8441 8536 2
8453 9460 1
8453 9022 1
8453 9866 1
8465 9493 5
8465 8802 1
8465 9170 1
8465 9815 1
8465 9750 1
8465 8954 1
8465 8801 1
8465 9236 1
8465 9955 1
8474 9408 2
8474 9096 3
8474 9840 1
8474 8846 1
8474 9068 3
8474 9631 1
8474 9692 2
8484 9893 1
8484 9693 1
8498 8888 1
8498 8631 10
8498 8949 27
8498 9120 1
8498 9177 1
8510 9520 1
8510 9117 2
8510 9618 1
8510 9877 6
8511 9063 15
8511 9178 1
8511 8532 6
8511 9346 1
8511 8930 1
8511 8636 1
8511 9487 1
8511 9592 1
8511 9932 1
8518 9825 1
8521 9391 2
8521 9805 4
8521 8701 1
8521 9581 6
8524 8838 3
8524 8731 1
8524 9294 1
8525 9365 1
8526 8839 1
8526 8604 1
8526 8818 1
8528 9181 1
8528 8733 3
8529 8776 1
8530 9203 1
8530 8546 1
8530 8773 1
8533 9674 3
8533 8874 1
8533 9734 1
8533 8540 1
8533 9420 8
8534 8733 1
8535 8875 1
8535 9600 1
8536 8938 1
8537 9450 1
8538 9679 4
8538 8954 1
8538 9284 9
8538 8609 1
8538 9260 2
8538 9682 1
8538 9916 1
8542 9635 1
8544 9950 4
8545 8783 1
8545 8759 1
8545 8942 1
8545 9340 1
8546 9675 1
8546 8960 1
8547 8817 1
8547 9081 1
8548 9412 1
8550 9115 7
8552 9323 1
8552 9041 2
8552 9086 8
8552 9595 4
8553 8567 3
8555 8746 3
8555 9405 1
8555 9442 1
8555 9797 16
8555 9889 1
8555 8565 2
8557 9271 5
8558 8689 8
8558 9181 1
8558 8717 1
8559 8564 1
8560 9420 4
8560 9036 1
8560 9586 1
8560 9212 200
8560 9761 1
8561 8964 6
8566 8829 3
8566 9662 1
8566 8926 7
8567 8735 1
8567 8575 9
8567 9898 19
8567 9160 1
8567 8722 2
8568 9763 1
8568 9260 1
8568 9316 2
8568 9428 2
8568 9935 1
8569 8882 2
8569 8932 2
8570 8667 1
8571 8760 2
8571 8979 2
8572 8774 1
8573 8706 6
8574 8577 1
8574 9356 1
8575 8669 1
8576 8806 2
8576 8906 1
8577 8921 1
8578 8885 44
8578 9457 1
8578 9576 2
8578 8764 1
8578 9180 1
8578 9541 10
8579 8702 1
8582 8700 1
8582 8850 1
8582 8722 1
8583 9668 2
8583 8911 1
8583 9520 2
8583 9913 1
8583 9963 1
8584 8637 2
8584 8852 3
8584 9365 1
8587 8663 1
8588 8899 11
8588 9331 2
8588 9574 1
8589 9158 2
8589 8666 1
8589 9700 1
8589 9522 5
8589 9308 1
8589 9313 1
8591 8979 2
8594 8767 1
8594 8872 3
8595 8693 1
8596 8767 1
8596 9711 1
8596 8683 3
8597 9214 4
8597 8721 1
8597 8988 4
8597 9267 1
8597 9700 1
8598 9877 1
8598 8829 1
8598 9180 26
8600 9524 6
8600 9143 13
8600 9476 6
8602 8670 1
8602 8742 1
8602 9307 10
8602 8652 4
8604 9077 17
8604 9690 10
8605 8965 1
8605 9237 4
8605 9332 6
8605 9839 22
8605 9944 4
8606 9355 1
8606 9071 9
8609 8977 2
8611 9380 1
8611 9883 1
8611 8696 2
8612 8977 1
8612 9774 2
8614 8727 2
8614 9062 2
8614 9210 1
8614 9119 1
8615 9826 6
8615 9553 1
8615 8697 1
8615 9103 25
8615 9778 1
8615 9891 1
8616 9037 1
8616 9202 16
8616 9987 1
8616 9399 1
8616 9747 1
8617 9053 1
8617 9973 2
8617 8981 1
8618 9377 1
8619 9558 1
8619 8664 1
8619 9381 1
8619 8719 2
8619 9232 2
8621 9630 1
8621 8718 2
8622 8795 2
8622 9412 1
8622 9556 2
8622 8647 1
8622 8765 1
8622 9841 4
8622 9855 5
8624 9681 2
8627 8840 1
8628 9092 4
8628 9704 4
8628 9258 1
8630 8687 3
8630 9418 27
8630 8948 1
8632 9980 1
8632 9668 1
8632 9493 1
8634 9285 1
8634 8640 1
8635 9823 1
8635 9839 1
8635 8676 1
8635 9733 2
8636 9307 1
8638 8651 7
8640 8711 1
8641 9728 1
8641 8848 9
8643 8646 1
8643 8753 4
8644 9829 1
8644 9944 1
8644 9415 1
8644 9510 1
8645 9713 1
8645 9612 2
8645 8875 1
8645 9505 2
8646 9457 2
8646 9671 1
8646 9229 1
8646 9846 1
8647 8956 1
8649 9975 1
8649 9077 2
8649 9582 1
8650 9451 1
8651 9481 1
8652 9997 1
8652 8855 39
8653 8977 1
8654 8998 1
8656 9211 3
8656 9616 1
8656 9479 3
8656 9671 4
8656 9862 1
8656 9897 1
8657 9115 8
8658 9572 1
8661 8706 1
8662 9266 2
8663 9363 1
8663 9630 4
8663 9563 1
8664 8796 1
8664 8749 100
8665 8832 1
8665 9440 1
8667 8856 2
8667 8928 1
8667 9427 22
8667 9506 7
8669 9474 1
8669 9472 5
8669 9788 2
8670 9586 1
8672 9476 12
8672 9310 1
8672 8962 1
8673 9766 2
8673 9438 1
8673 8897 16
8673 9929 1
8675 8693 1
8677 8958 1
8678 9428 2
8678 8895 2
8679 8872 1
8680 9055 2
8681 8693 1
8682 9780 1
8683 9178 1
8683 9529 1
8684 9391 1
8684 9116 58
8684 9572 2
8684 8727 2
8685 9808 1
8685 9436 14
8685 8791 7
8685 9370 20
8685 9806 14
8687 9804 4
8687 9450 1
8687 9967 1
8687 9996 1
8688 9523 1
8688 9284 1
8688 9447 2
8688 9213 1
8688 9240 1
8689 8827 64
8689 9567 1
8690 8991 1
8690 8933 2
8690 9920 1
8690 8784 1
8690 8856 20
8691 8901 2
8691 9054 2
8691 8970 1
8693 9419 1
8694 9171 1
8694 9044 1
8694 9913 1
8698 8765 1
8698 9329 1
8698 9395 1
8698 9699 2
8699 9074 1
8699 9404 1
8702 9419 2
8702 8833 1
8702 9782 1
8702 9965 1
8702 9734 1
8702 9881 1
8703 9714 7
8703 9641 1
8705 9675 1
8706 9196 3
8706 8795 8
8706 9610 1
8706 9308 1
8706 9569 11
8706 8833 1
8706 9745 5
8706 9898 1
8706 9531 3
8706 9088 6
8706 9121 2
8707 8728 1
8709 9990 1
8709 8881 1
8710 8927 1
8710 9114 1
8710 9581 1
8710 9841 2
8710 9775 1
8712 8955 2
8713 8750 1
8714 8938 1
8717 9277 1
8717 8754 4
8720 9200 1
8720 9101 8
8723 8891 2
8725 9681 1
8725 9075 1
8726 8957 1
8726 9488 1
8728 8812 1
8728 9994 1
8728 9768 2
8728 8798 1
8728 9898 1
8729 8779 4
8729 9220 1
8730 9611 1
8730 9339 16
8730 9345 1
8733 9789 1
8733 9052 1
8733 9178 1
8733 9172 1
8734 9054 3
8736 9508 1
8736 9764 2
8736 8740 1
8736 9426 1
8736 9821 5
8737 8864 1
8738 8910 1
8741 9324 1
8743 8936 1
8744 9248 1
8744 9341 4
8745 8887 3
8746 8984 2
8748 8758 1
8749 9245 19
8749 9866 2
8749 9530 1
8749 9012 2
8749 9077 1
8749 9404 1
8750 9564 13
8750 9329 1
8750 9834 1
8750 9868 2
8750 9889 1
8750 9302 1
8751 9878 6
8751 9314 1
8753 8905 1
8753 9224 1
8753 9568 1
8753 8861 5
8754 9998 3
8754 9743 5
8755 9040 1
8755 8798 26
8756 9972 10
8756 9244 1
8756 9834 1
8756 9772 6
8758 9081 1
8758 9451 1
8758 9651 1
8760 9700 1
8760 8868 1
8760 9828 1
8760 9992 1
8762 8914 1
8762 9180 19
8762 9773 1
8762 9293 6
8762 9397 1
8762 9602 1
8763 9118 1
8763 9335 1
8763 8832 1
8765 8925 1
8765 8980 3
8767 9150 1
8767 9779 2
8767 9994 1
8767 9944 1
8768 9637 4
8772 9953 1
8774 8784 2
8774 9407 1
8774 9304 1
8774 9448 1
8774 9841 2
8774 8908 3
8774 9642 1
8775 9215 47
8775 8863 3
8775 9304 1
8776 8972 1
8778 8915 10
8779 9755 14
8779 9913 6
8779 9965 1
8779 8927 1
8779 8803 2
8780 8923 1
8782 8860 1
8782 9774 2
8783 8821 7
8785 9050 1
8787 9130 22
8788 9319 7
8790 9553 1
8790 9742 1
8790 9389 1
8790 9433 3
8794 9674 1
8796 8989 1
8796 9154 1
8799 9073 2
8799 9020 2
8800 8890 1
8802 9681 2
8806 9587 6
8807 9661 1
8807 9627 3
8807 9929 22
8807 9740 35
8807 9955 9
8811 8901 5
8815 9607 1
8818 9525 2
8820 9385 1
8820 9652 3
8821 9007 3
8821 9792 2
8821 9596 1
8821 9556 1
8821 9544 1
8821 9853 1
8821 8914 3
8824 9921 1
8828 9563 1
8828 9007 2
8828 9438 1
8830 9977 1
8831 9915 1
8831 9196 2
8831 9230 4
8831 9829 1
8834 8887 3
8835 9770 8
8836 9020 2
8837 9461 1
8837 8947 1
8837 9907 11
8837 8884 1
8839 9446 1
8840 9673 19
8840 9625 1
8841 9969 3
8842 8970 6
8843 9073 1
8845 9179 1
8847 9445 3
8848 9335 4
8848 9722 3
8848 9346 1
8848 9750 1
8848 8954 1
8852 8943 1
8853 9722 3
8854 8910 10
8856 8906 5
8858 9521 16
8858 9260 1
8858 9070 6
8859 9529 2
8859 9335 1
8860 9755 1
8860 9757 2
8862 9344 1
8868 9266 2
8870 9977 2
8871 9681 4
8872 9623 12
8872 8986 2
8872 9929 1
8874 8919 1
8878 9115 2
8880 9747 1
8881 9852 1
8881 9379 1
8881 9327 3
8882 9142 2
8882 9104 1
8882 9544 1
8882 9842 4
8883 8936 1
8884 9637 1
8885 8931 1
8886 8906 1
8887 9419 18
8887 9390 1
8887 9503 1
8887 9575 1
8887 9794 1
8888 9969 98
8889 9422 1
8889 9833 7
8889 9359 19
8889 9377 9
8889 9513 2
8889 9889 1
8890 9268 2
8890 9648 2
8893 9495 1
8893 8959 3
8895 8932 4
8898 9075 1
8901 9500 1
8901 9817 1
8901 9319 2
8901 8929 1
8901 9346 1
8901 8903 2
8902 9030 2
8902 8932 9
8906 9595 3
8906 9150 2
8906 9548 1
8909 8987 2
8909 8994 2
8910 9369 2
8910 9085 1
8910 9336 1
8910 9840 1
8910 9905 1
8912 8962 3
8912 9363 1
8912 9647 4
8914 9977 1
8914 8923 1
8915 9595 1
8915 9059 2
8915 9376 1
8915 9782 1
8916 8958 1
8917 9570 1
8917 9530 1
8917 9789 1
8918 9980 1
8918 9638 31
8919 9510 1
8919 9548 2
8920 8958 1
8921 9876 1
8922 9935 1
8922 9069 4
8923 8953 1
8923 9713 1
8923 9925 16
8923 9613 1
8923 9330 7
8923 9946 2
8925 9833 1
8925 9591 1
8925 9824 1
8925 9897 1
8925 9367 1
8930 8963 24
8931 9339 2
8931 9954 1
8931 9233 5
8932 9808 1
8932 9046 4
8932 9874 1
8934 9050 1
8934 8958 1
8935 8970 2
8936 9472 2
8936 9114 2
8936 9281 1
8938 9767 3
8938 9696 1
8938 9232 1
8938 9912 1
8940 9694 1
8940 9628 1
8941 9372 2
8941 9008 2
8941 9041 2
8941 9689 39
8941 9988 2
8943 9342 1
8943 9709 6
8943 9028 3
8946 9299 1
8946 9884 2
8948 9722 16
8950 9582 1
8950 9106 1
8951 9580 17
8952 9965 1
8955 9809 1
8955 9733 2
8955 9062 10
8955 9887 3
8956 9023 1
8956 9143 1
8956 9898 2
8956 9302 1
8956 9331 1
8958 9985 5
8958 9202 1
8959 9149 1
8959 9745 2
8959 9361 1
8959 9326 1
8959 9348 3
8960 9773 1
8960 9804 2
8960 9369 1
8963 9243 1
8963 9625 1
8964 9587 1
8964 9986 4
8964 9524 1
8964 9695 1
8966 9930 1
8966 8992 1
8966 9430 1
8967 9316 2
8967 9359 1
8969 9969 1
8970 9295 1
8970 9450 32
8970 9970 4
8970 9047 1
8970 9522 1
8970 9750 3
8971 9752 7
8971 9755 2
8971 9843 2
8971 9717 1
8971 9526 5
8971 9630 1
8974 9075 1
8977 9204 200
8977 9348 1
8977 9631 4
8979 9226 22
8979 9626 1
8980 9540 1
8982 9122 2
8983 9355 1
8984 9666 1
8984 9856 1
8986 9969 1
8998 9104 1
9001 9799 1
9003 9035 1
9011 9536 1
9015 9773 1
9015 9320 1
9015 9682 1
9016 9458 6
9019 9258 1
9019 9824 1
9019 9133 1
9019 9517 53
9019 9771 1
9020 9331 3
9021 9949 1
9023 9583 1
9029 9711 1
9030 9908 1
9030 9943 1
9030 9235 1
9030 9527 1
9030 9854 1
9030 9995 1
9030 9310 3
9048 9711 1
9050 9740 2
9050 9127 5
9051 9195 1
9053 9555 1
9054 9851 80
9054 9892 1
9055 9977 1
9066 9125 1
9071 9333 1
9073 9171 1
9073 9183 1
9073 9424 1
9073 9732 1
9075 9912 1
9075 9367 64
9075 9159 2
9082 9990 1
9090 9485 4
9098 9401 21
9104 9774 1
9104 9195 1
9108 9551 5
9108 9622 4
9113 9873 1
9115 9444 1
9129 9195 1
9130 9949 1
9132 9185 1
9140 9712 1
9147 9681 1
9152 9669 3
9156 9495 1
9167 9688 1
9176 9583 3
9181 9368 2
9181 9318 12
9195 9366 4
9195 9893 1
9218 9949 1
9220 9762 1
9220 9362 1
9224 9708 2
9227 9418 1
9257 9675 1
9259 9934 1
9266 9674 1
9266 9281 1
9266 9714 1
9268 9401 3
9281 9624 1
9285 9952 1
9285 9781 1
9297 9501 4
9307 9438 1
9320 9710 1
9341 9977 1
9342 9495 1
9346 9539 1
9352 9518 1
9355 9534 1
9355 9480 1
9355 9704 1
9359 9681 1
9368 9688 44
9382 9711 1
9388 9559 1
9389 9728 1
9390 9882 2
9396 9719 10
9401 9430 1
9401 9839 1
9401 9925 1
9410 9418 1
9418 9753 11
9420 9637 4
9440 9950 3
9448 9495 1
9470 9688 1
9474 9949 1
9478 9637 3
9484 9708 1
9485 9966 1
9495 9647 3
9495 9699 21
9495 9595 1
9495 9863 1
9506 9624 2
9509 9637 1
9513 9624 2
9515 9681 3
9515 9770 3
9524 9637 9
9525 9637 10
9537 9708 1
9540 9710 6
9543 9620 1
9555 9944 1
9555 9694 1
9555 9796 1
9557 9729 2
9558 9934 2
9578 9969 1
9585 9969 2
9587 9708 2
9603 9635 1
9606 9710 1
9607 9685 1
9610 9675 1
9614 9637 1
9624 9714 2
9624 9638 3
9635 9689 1
9635 9855 4
9635 9742 1
9637 9994 1
9640 9710 1
9640 9719 2
9650 9744 28
9665 9719 1
9666 9710 1
9675 9765 1
9681 9757 1
9697 9710 5
9710 9781 1
9719 9952 2
9728 9890 4
9728 9793 2
9728 9940 1
9738 9977 2
9744 9848 1
9746 9977 2
9776 9917 1
9794 9990 1
9797 9998 1
9820 9859 1
9831 9934 1
9848 9949 2
9870 9882 1
9882 9929 2
9884 9949 1
9943 9969 1
