3 8611 4
7 9044 1
9 9138 7
9 9008 1
10 9882 2
16 9785 1
18 9686 47
27 9143 1
27 9829 1
27 8804 1
27 9180 1
27 9394 12
31 9327 1
31 9392 1
31 9169 1
31 9617 2
31 9630 200
31 9966 1
41 9130 4
41 9736 1
41 9975 1
41 8861 1
41 9317 2
41 9321 1
58 9310 1
58 9719 4
60 9902 1
60 9901 1
60 9108 1
70 9593 1
70 8795 2
70 9191 1
72 9522 1
72 9130 1
72 9450 1
72 8712 1
72 8748 4
72 8824 1
72 8947 9
72 9245 1
80 8917 2
80 9762 1
80 9283 1
80 9345 2
91 9938 1
91 8676 1
91 9271 1
91 8792 1
91 9220 1
91 9239 1
106 9234 1
106 9869 1
106 9894 1
108 9196 1
108 9601 1
121 8936 1
121 9854 1
129 9756 1
138 8656 1
138 9493 5
138 8702 10
143 9785 1
143 8692 2
143 8815 3
143 8991 1
143 9478 1
165 9900 1
165 9609 1
169 8634 1
183 8916 1
183 9844 1
183 9471 1
183 9770 1
183 9788 2
183 9082 1
183 9489 4
183 9596 2
189 8832 36
228 8962 1
228 9383 1
228 9408 1
228 9877 2
256 9098 4
256 8888 3
272 8757 1
272 9283 6
272 9368 1
284 8848 8
284 9316 1
284 9338 1
284 9631 8
285 9132 2
285 8829 2
285 9452 1
285 9738 1
285 9703 4
308 9855 1
308 9352 2
308 9890 1
311 8947 1
311 8849 3
311 8889 1
311 9646 1
311 9715 1
321 9305 2
321 9134 20
321 9650 5
321 9920 1
350 9888 3
350 9760 1
354 9724 1
354 8728 1
369 8999 1
369 9575 1
376 9529 58
376 8643 1
376 8988 1
376 9138 4
376 9869 2
379 9610 1
379 9242 1
380 9930 7
380 9799 1
398 9502 1
398 9720 1
398 9159 1
422 9665 1
422 8867 1
422 9105 2
422 9968 7
435 9624 1
435 9935 3
435 9619 1
435 8679 1
435 8982 2
437 9698 2
437 8975 1
437 9940 1
447 8956 1
447 9930 3
450 9841 1
460 9633 1
460 8640 1
460 9207 3
460 9557 1
473 9120 1
473 8829 2
473 9612 5
474 9535 1
474 9465 1
474 9792 1
474 9957 1
476 8962 3
476 9165 1
476 9860 1
476 8773 1
478 8563 1
478 9832 1
478 8854 5
483 9424 1
483 9246 1
483 9620 1
483 9607 3
503 8912 1
503 8980 1
503 8635 1
503 8877 2
503 8891 25
510 8986 3
510 9759 1
510 9330 1
510 9708 1
510 8786 1
510 9154 1
510 9188 2
514 9422 3
514 9461 3
514 9471 2
514 9833 1
514 8706 1
514 8812 3
514 8928 4
516 8642 5
516 9252 4
516 9508 1
516 8748 4
530 8908 7
539 9072 2
539 9241 1
539 9440 1
541 9765 1
541 8973 17
541 9204 1
562 9865 1
562 8596 2
562 9209 1
562 9618 1
562 9235 1
562 9430 3
562 9167 1
562 9354 1
638 9532 1
638 9069 1
638 9643 1
649 9171 1
649 9867 186
649 8794 2
649 9927 1
652 9450 1
652 9957 1
652 9234 4
652 8768 2
652 8804 4
658 8683 2
658 9808 1
658 9974 2
658 9048 2
658 9626 2
664 9509 11
664 9155 5
666 9143 1
696 9771 2
696 9726 1
696 8985 1
696 9840 1
706 9188 3
706 9508 1
707 8924 9
707 8735 2
727 9837 1
727 9873 1
727 8679 4
727 9482 1
736 8934 1
736 9708 2
736 9282 3
736 8826 4
736 9006 3
736 9063 1
751 9095 3
751 9641 4
751 9972 1
751 8799 3
751 8879 3
752 8589 1
753 9377 1
753 9093 3
753 9458 1
753 8783 1
753 9980 1
753 9868 4
753 8848 1
756 9833 1
756 9502 1
756 9097 1
756 9351 1
756 9950 1
756 9885 1
758 9984 1
758 9660 1
758 9690 1
763 9283 2
790 9109 1
790 9003 1
791 9601 2
791 9441 2
791 9618 2
799 9138 1
799 9823 1
799 9047 1
799 9348 1
799 9085 2
799 9545 1
799 9881 2
799 9974 2
810 9213 1
810 9972 1
810 8764 4
810 9241 2
810 9282 1
820 9835 1
820 8944 3
820 9790 3
820 8864 1
820 9547 1
820 9160 7
820 9777 1
824 8690 3
824 8984 3
824 8944 2
843 9291 1
843 9668 1
843 9831 1
867 8775 3
867 8951 1
867 9271 1
869 9665 2
869 9701 1
869 9804 1
869 9249 1
880 9662 1
880 9515 1
880 9756 4
880 9566 48
880 9757 1
880 9252 1
898 8894 1
898 8585 1
898 9452 1
898 9698 4
898 9621 2
898 9533 1
898 9348 1
901 8657 4
901 8700 1
932 9233 4
932 9006 1
932 8933 4
932 8667 2
932 9143 38
942 8705 2
942 9240 1
942 9445 1
983 9455 7
983 9881 1
983 8936 1
983 9088 1
983 9395 1
983 9575 1
983 8623 4
983 9393 1
1031 9657 1
1031 9993 1
1031 9097 1
1031 8757 13
1031 9904 1
1031 9984 1
1031 8673 3
1031 9470 1
1031 8956 3
1050 9607 2
1050 9144 5
1050 9980 4
1052 9161 2
1052 9544 1
1052 9141 1
1052 9505 2
1059 9510 1
1059 9218 1
1074 9646 1
1074 8777 1
1076 9453 1
1076 9306 1
1076 9961 4
1076 9035 8
1079 9857 2
1105 8649 2
1105 9649 3
1107 8669 1
1107 9579 1
1107 9992 2
1117 9305 1
1117 9519 1
1117 8837 1
1117 9189 4
1121 9209 1
1121 9851 1
1121 8895 3
1121 9387 5
1121 9123 1
1121 9266 1
1121 9934 2
1121 9405 1
1121 9488 1
1137 8994 2
1137 9926 3
1139 9566 2
1139 9269 3
1139 9949 4
1163 8758 3
1163 9737 1
1165 8630 1
1165 9238 1
1165 9448 1
1165 9750 1
1167 9850 2
1167 9974 1
1167 9197 5
1167 9976 1
1174 9888 1
1174 8580 2
1174 9770 1
1174 8813 1
1178 8975 1
1178 8706 8
1178 9094 2
1178 9417 2
1178 9544 1
1178 8585 1
1178 9411 2
1178 9945 7
1185 8642 3
1185 9838 2
1186 9924 1
1186 9015 1
1186 9704 1
1209 9009 1
1209 9191 10
1209 9995 2
1209 8586 4
1218 9055 2
1218 9601 1
1229 8642 2
1229 8876 1
1230 8825 1
1230 8900 2
1230 9065 3
1239 9657 1
1239 8753 1
1239 8988 1
1242 9336 6
1242 9670 1
1242 8674 1
1242 8948 1
1246 9665 1
1246 9988 1
1246 9334 1
1257 8652 20
1257 9582 4
1257 9836 1
1257 9860 1
1259 8877 1
1259 9319 1
1259 9725 1
1259 9813 4
1298 9385 1
1298 8944 1
1298 9994 1
1301 9020 1
1301 8758 1
1305 9411 1
1322 9328 19
1322 9183 1
1322 9698 2
1330 9305 3
1330 9454 1
1330 9553 3
1330 8704 1
1330 8638 1
1330 8677 1
1330 8877 20
1330 9598 1
1340 9748 1
1340 9821 2
1340 9054 4
1340 9360 1
1340 9392 2
1344 9697 1
1344 9838 1
1344 9765 1
1344 8962 1
1344 9136 1
1346 9213 3
1346 9254 2
1351 9436 1
1352 9995 1
1352 9888 1
1352 9435 2
1352 9044 1
1352 9639 2
1373 9611 1
1373 9470 12
1407 8876 2
1407 9325 1
1407 9040 1
1408 9542 1
1411 9510 1
1411 9899 1
1411 9669 1
1436 9895 1
1436 8610 1
1436 8854 1
1436 9603 26
1443 8813 1
1443 9163 1
1443 8643 1
1450 9376 1
1450 9069 1
1450 9141 3
1450 9446 11
1454 9764 1
1454 9103 3
1454 9772 1
1454 9864 26
1455 9032 3
1455 8618 1
1475 9612 1
1489 8613 7
1489 9211 1
1489 9648 1
1504 9687 1
1504 9794 1
1504 9239 4
1504 9428 1
1504 9448 1
1512 9689 3
1519 9557 1
1519 9333 1
1519 8568 6
1519 8572 1
1519 9142 1
1519 9622 4
1519 9946 6
1522 9258 13
1522 8701 1
1522 8776 1
1522 9366 1
1532 9723 1
1532 8648 1
1532 9398 4
1532 9193 5
1532 9632 2
1532 9078 2
1532 9770 1
1539 8922 1
1549 9272 12
1549 8564 1
1552 9056 1
1555 9796 1
1577 9270 1
1577 8652 1
1577 9758 1
1577 9890 1
1580 9762 2
1580 8669 3
1592 9591 1
1595 9097 1
1595 8600 1
1621 9554 1
1621 9090 4
1622 9368 5
1622 9919 25
1633 9641 1
1633 8979 4
1634 9725 2
1634 8988 2
1634 9705 1
1634 9567 1
1634 9096 2
1646 9144 1
1646 9365 1
1646 9264 1
1646 9525 2
1646 9657 1
1653 8771 1
1653 8775 1
1653 9690 11
1653 9450 1
1653 9567 5
1662 8876 14
1662 8821 1
1662 9926 1
1666 9009 1
1666 9607 1
1666 9372 1
1666 9524 2
1666 8827 6
1666 9421 8
1667 9488 2
1667 8761 2
1674 9212 4
1674 9115 1
1674 9508 7
1674 8877 1
1674 9381 1
1674 8729 5
1674 9273 1
1674 9635 1
1681 9058 10
1681 9222 1
1681 9050 1
1702 9087 1
1702 9475 1
1708 9875 1
1708 8946 1
1708 9402 1
1708 9518 1
1708 8991 3
1708 9433 28
1708 8647 5
1708 9113 1
1709 8903 2
1709 9627 1
1709 8576 1
1721 9813 12
1721 8960 1
1721 9975 1
1731 8854 4
1731 8650 1
1731 8788 1
1731 9534 1
1732 8825 1
1732 8827 1
1736 8869 4
1736 9794 1
1740 9204 9
1740 8759 1
1746 8824 14
1746 9160 1
1746 8605 1
1746 9678 2
1746 9899 1
1746 8924 1
1746 9211 12
1750 9605 1
1750 9082 1
1750 9668 129
1750 9316 1
1762 9595 1
1762 9096 2
1762 9611 2
1765 9184 1
1765 9188 1
1781 9504 2
1781 9654 1
1781 9237 2
1781 9996 1
1807 9819 1
1807 9187 7
1807 9849 1
1807 8927 2
1807 9238 1
1817 9858 1
1817 9946 5
1817 8561 1
1817 9225 1
1817 9257 1
1817 9669 1
1817 9764 1
1834 8789 10
1834 9720 1
1834 9075 1
1834 9579 1
1837 8701 3
1837 8676 1
1868 8836 1
1868 8837 1
1868 8813 2
1868 9260 1
1891 9850 6
1891 9332 1
1891 9883 3
1891 8610 1
1891 9843 1
1910 9827 1
1910 9438 2
1921 9547 1
1921 8973 1
1929 9050 2
1929 8620 1
1929 8697 1
1929 9304 8
1929 9814 1
1939 8953 2
1939 9170 8
1939 9504 4
1939 9658 14
1947 9706 1
1947 9771 3
1947 9496 1
1950 9427 8
1950 9874 6
1950 8648 52
1950 8780 1
1950 8828 1
1950 8586 1
1957 9572 2
1957 9404 1
1981 9638 1
1992 9303 1
1992 9164 1
1992 9170 1
1992 8999 2
1992 8948 2
1992 9338 5
2018 9383 4
2018 9308 1
2018 9654 3
2018 9438 1
2018 8731 1
2018 8981 1
2018 9673 1
2025 9706 1
2025 9351 2
2025 9483 2
2025 9078 1
2028 9955 1
2028 9658 1
2028 9676 4
2038 9160 2
2038 8769 1
2038 9467 1
2038 8822 2
2038 9271 1
2038 9333 1
2038 9829 1
2039 9171 1
2039 9377 1
2044 8598 6
2044 9152 2
2044 9920 1
2054 8702 2
2054 8774 1
2054 9172 1
2054 9436 1
2061 9378 1
2061 8598 1
2066 8792 2
2066 9297 1
2066 8761 1
2066 8830 1
2066 8763 8
2086 8619 2
2086 9511 1
2086 9865 3
2108 8890 2
2108 9113 2
2108 9201 1
2108 9659 1
2108 9222 1
2109 8763 1
2136 9887 2
2136 9520 3
2164 9073 3
2164 9365 3
2164 9065 2
2166 9046 2
2166 9531 2
2174 8822 33
2178 9889 1
2178 9749 4
2184 8829 1
2184 9995 2
2184 9874 11
2184 9562 1
2184 9962 1
2184 8969 21
2184 9167 54
2184 9389 1
2184 9094 1
2224 9301 1
2224 9537 2
2224 9141 2
2224 9479 2
2224 9961 2
2224 9995 1
2242 8619 2
2242 9044 1
2242 9402 2
2242 8683 1
2242 9892 2
2245 9479 1
2245 8687 1
2245 9003 3
2245 9587 1
2245 9225 2
2245 9825 1
2264 9402 1
2264 8649 3
2270 9283 2
2270 8964 1
2270 9612 2
2275 9366 2
2275 9004 2
2275 9352 1
2275 9145 3
2302 9730 1
2313 9254 2
2313 8773 1
2313 9146 2
2313 8709 5
2313 8581 1
2313 9991 1
2314 9808 3
2314 9028 5
2314 9728 2
2314 9930 1
2318 9938 1
2318 9137 1
2318 9867 3
2318 9886 1
2325 9429 1
2325 9849 1
2325 9855 1
2331 9083 2
2357 8994 1
2357 8849 1
2357 9573 2
2375 9316 1
2375 8585 2
2375 9655 1
2395 9749 1
2395 8752 2
2395 8883 1
2395 9489 1
2395 9970 2
2396 9083 7
2396 9240 13
2396 9176 1
2396 9762 1
2405 9952 4
2419 9448 1
2419 8942 2
2419 8727 2
2419 9512 30
2419 9760 51
2437 9970 2
2437 9266 1
2437 9547 1
2450 8938 4
2450 9073 1
2450 8855 2
2450 8737 1
2450 8826 3
2450 9700 1
2450 9705 2
2462 9738 1
2462 9441 1
2470 8975 7
2494 8890 1
2494 8604 3
2494 9035 3
2494 9263 2
2494 9336 66
2505 8736 1
2505 9231 2
2505 8846 1
2505 9263 1
2505 9712 1
2505 9788 1
2505 8685 1
2519 9664 4
2519 9014 1
2519 8960 1
2519 9400 2
2519 9834 1
2527 9670 3
2527 8966 1
2527 9528 2
2559 9539 1
2559 9516 5
2559 8629 1
2559 9044 6
2559 8717 1
2559 9015 1
2559 9655 1
2559 9727 3
2578 9679 1
2578 8936 1
2578 9284 2
2578 9995 2
2578 8991 1
2581 9318 3
2581 9692 1
2581 9154 3
2581 9671 15
2581 8721 1
2581 9854 1
2581 8933 1
2581 9756 4
2581 9137 2
2581 9901 1
2590 9427 1
2600 8598 1
2600 9140 5
2611 8840 1
2611 9969 1
2611 8894 1
2611 9154 1
2611 9413 2
2611 9298 2
2615 9644 1
2615 8788 1
2639 9692 2
2639 9620 1
2654 8705 1
2654 9603 1
2654 9923 4
2654 9612 1
2654 9102 1
2654 9472 10
2659 9640 1
2659 8780 1
2685 9601 1
2713 8579 5
2713 9848 2
2713 9140 8
2713 8810 2
2713 9646 1
2713 8749 1
2743 9254 1
2743 9389 1
2743 9821 1
2743 9841 2
2776 9316 1
2776 9253 1
2776 9456 1
2780 9595 1
2780 9940 1
2797 9459 1
2797 9328 4
2797 9635 1
2797 9965 2
2797 9308 1
2797 9895 2
2797 8897 1
2806 8892 1
2806 9387 1
2807 9143 2
2807 8666 3
2807 9337 1
2807 8772 1
2807 8819 1
2810 9239 4
2810 9422 4
2810 9794 1
2810 8787 18
2810 9700 1
2810 8999 1
2810 9772 1
2810 9847 2
2823 9944 1
2823 8954 1
2827 9245 1
2827 8654 1
2827 8901 75
2827 9361 1
2836 9750 1
2836 8635 2
2836 8734 1
2836 9821 1
2836 9979 1
2836 9870 1
2836 8677 1
2836 9515 1
2840 8876 1
2840 8604 1
2840 8984 1
2840 9299 1
2840 9707 1
2851 8900 1
2851 9119 16
2851 8561 1
2851 9467 1
2851 9674 1
2851 9902 7
2854 8865 1
2854 9183 2
2854 9654 1
2856 8922 1
2856 9814 1
2856 8866 1
2856 9728 2
2864 9355 1
2864 9597 7
2864 9521 2
2864 9538 3
2864 9190 1
2866 9145 2
2866 9040 1
2866 8768 1
2891 9803 55
2891 8889 3
2891 9029 1
2895 9016 2
2895 9826 1
2895 9769 1
2900 9475 1
2900 9788 1
2900 9292 2
2900 9882 1
2901 9949 3
2901 9009 1
2901 9456 1
2901 9864 4
2901 9671 1
2908 8712 2
2908 9508 2
2912 9213 7
2912 9447 1
2914 9459 1
2914 8775 1
2923 9524 8
2923 9054 8
2935 9055 9
2935 9094 5
2954 8979 3
2954 9273 2
2954 8901 1
2954 9123 4
2954 9790 2
2956 9223 1
2956 8751 1
2956 8966 1
2956 9835 1
2968 8861 5
2968 8636 3
2986 9337 1
2986 8662 3
3002 9965 1
3002 9010 1
3002 9692 1
3002 8979 2
3002 9644 1
3019 9520 2
3019 8583 2
3019 9930 1
3019 8772 19
3020 9923 3
3020 9259 1
3020 9328 1
3020 8565 4
3020 9288 1
3020 9557 1
3020 8566 2
3020 9765 1
3022 9359 1
3022 9104 1
3022 9655 7
3022 9400 41
3022 9088 1
3022 9154 1
3022 9548 1
3022 9781 12
3022 9583 2
3022 9459 1
3027 9644 6
3027 8984 2
3027 9292 5
3027 9859 1
3027 9566 2
3027 9498 2
3029 8675 1
3029 9314 9
3048 9044 1
3048 9000 1
3048 9626 3
3064 9641 1
3064 8824 2
3074 9610 15
3074 8757 3
3075 8783 1
3075 8866 1
3075 8869 1
3075 9083 1
3075 9746 51
3075 9752 1
3093 9029 8
3093 8570 1
3100 9516 2
3100 9556 1
3100 9850 1
3103 9419 1
3103 8643 1
3103 8730 1
3103 9653 1
3103 8737 5
3103 9637 1
3162 8669 1
3162 9360 1
3162 9974 1
3162 8637 1
3162 8853 3
3166 8923 1
3166 9259 1
3166 9827 3
3166 9317 1
3166 8579 1
3166 8953 1
3166 9330 2
3166 9596 1
3179 9519 2
3179 9463 3
3179 9097 1
3180 9078 1
3214 9433 4
3214 9055 1
3214 9906 8
3215 9974 1
3222 9340 1
3222 9595 1
3227 8883 1
3227 8850 1
3227 8726 2
3227 9179 1
3227 9364 200
3227 9486 1
3248 9199 3
3280 8951 1
3280 9372 1
3284 8570 1
3284 8776 1
3284 8988 2
3284 9763 4
3284 9530 10
3284 9544 1
3284 9760 1
3284 9614 10
3295 9520 1
3295 9201 3
3295 9417 1
3295 8818 3
3295 9986 13
3311 9155 1
3311 8635 56
3311 9046 1
3311 8938 3
3331 9639 1
3331 8665 1
3331 9605 2
3331 9689 3
3343 8733 1
3343 9388 1
3343 9532 1
3348 8698 1
3348 9697 1
3363 9513 5
3376 8976 1
3376 9886 2
3376 8665 1
3376 8942 1
3376 9783 1
3399 9309 1
3399 8629 1
3414 8599 1
3414 9562 1
3414 9165 3
3442 9807 4
3442 9423 1
3442 9639 5
3442 9212 1
3442 9267 1
3445 9554 1
3445 9515 1
3445 9302 5
3449 9212 2
3466 8817 2
3466 9602 1
3471 9809 4
3471 9240 3
3471 8922 15
3471 8966 1
3471 9686 1
3471 9693 1
3478 9105 1
3483 9870 1
3484 9464 1
3484 9002 4
3484 9105 1
3484 8606 1
3487 9138 6
3487 8670 1
3487 9895 4
3493 9388 1
3493 9040 1
3493 9361 1
3493 9650 2
3493 8951 1
3493 9046 2
3502 9665 14
3505 9082 1
3512 8581 1
3512 8787 2
3512 8879 1
3512 9888 5
3512 9076 2
3512 8982 8
3524 9677 1
3524 9126 2
3524 8926 1
3524 9100 1
3524 9589 1
3525 9573 4
3525 9658 1
3525 9833 1
3529 8577 1
3529 9327 1
3529 9514 1
3541 9116 2
3541 8570 2
3570 9193 1
3570 8821 1
3575 9325 1
3575 9281 1
3589 9280 3
3589 8622 15
3589 9177 1
3594 9637 1
3594 9938 1
3604 9293 13
3604 9979 1
3608 9535 1
3616 8888 1
3616 8964 2
3616 8942 3
3616 8612 2
3616 9210 1
3616 9835 1
3625 9241 1
3625 9686 49
3625 8568 1
3635 9737 3
3635 8757 1
3635 9135 1
3649 8894 1
3649 9103 1
3649 9591 1
3651 9777 6
3651 9164 1
3668 9976 1
3675 8750 1
3675 9500 1
3675 8620 2
3675 8699 1
3675 8764 3
3675 9807 2
3675 9130 1
3675 8771 2
3675 9340 1
3675 9503 1
3679 9284 1
3679 9113 1
3679 9516 1
3682 9227 12
3682 9325 1
3682 9184 3
3689 9231 1
3689 9844 3
3696 9962 1
3696 9421 1
3696 9618 1
3696 9437 1
3696 9746 1
3696 8867 1
3696 9590 1
3696 9787 1
3699 9889 3
3699 8650 3
3726 8763 3
3740 9195 1
3740 9807 1
3740 8647 2
3740 9068 1
3740 9758 1
3740 8787 22
3740 9925 1
3740 9482 1
3742 9438 1
3742 8899 7
3742 9957 1
3742 9989 1
3749 9681 1
3749 9716 5
3760 8777 1
3760 8999 1
3760 9080 2
3763 8747 1
3763 9171 3
3763 9290 3
3763 8600 23
3763 9783 4
3763 9794 1
3778 9911 2
3778 9511 1
3798 9197 1
3798 8613 3
3798 8829 1
3798 9522 1
3816 8931 1
3816 9350 2
3816 8900 1
3816 9512 1
3816 9095 1
3816 9116 1
3816 9513 1
3819 8702 1
3819 9561 1
3819 9423 1
3845 9861 1
3845 9479 2
3845 9520 4
3845 8960 4
3846 9913 1
3846 9857 1
3864 9766 1
3864 9244 9
3864 9288 4
3864 9104 3
3864 9132 46
3866 8795 1
3866 9693 3
3866 9641 2
3872 8613 1
3872 9710 4
3896 8877 2
3896 8623 1
3896 8687 1
3896 9094 1
3896 9450 1
3896 8569 1
3908 9298 1
3908 9913 1
3919 9458 1
3919 8985 1
3919 9240 9
3919 9537 5
3919 9147 2
3927 9209 1
3927 9605 1
3968 9812 1
3970 8831 3
3970 9443 1
3970 8646 2
3970 8905 2
3970 8942 1
3970 9530 1
3970 9532 3
3970 8899 2
3989 9603 34
4008 9892 1
4008 8777 1
4008 9529 1
4008 9310 2
4008 9712 2
4008 9901 1
4008 9532 45
4008 9424 1
4008 8712 4
4073 9138 1
4073 9280 1
4073 8770 6
4073 9000 1
4081 9324 2
4081 8818 1
4081 9443 8
4086 9444 1
4086 9653 5
4108 9972 8
4108 8589 8
4115 9886 3
4115 8654 2
4115 9487 2
4115 9514 2
4115 9551 1
4115 9557 5
4115 9758 3
4115 9109 1
4115 9397 2
4122 9032 2
4122 9419 1
4122 8589 1
4122 9633 12
4125 8960 1
4125 9660 11
4125 9161 1
4125 9280 2
4125 9692 1
4129 9900 3
4129 8846 2
4129 9376 1
4129 8731 1
4135 9988 1
4135 9238 1
4135 9433 11
4152 8569 2
4152 9171 1
4152 9212 1
4152 9445 1
4152 8888 1
4152 9109 4
4152 9703 1
4152 8673 2
4152 8908 1
4152 9354 1
4167 8883 1
4183 8687 33
4183 9637 1
4183 9370 1
4183 9428 2
4199 8737 1
4199 8840 1
4199 9583 3
4204 9864 5
4204 9858 1
4204 8974 2
4204 9350 2
4204 9724 1
4220 8774 1
4220 8880 1
4220 9762 1
4220 8931 1
4220 9039 3
4240 8662 1
4240 8962 3
4240 9801 1
4240 8916 1
4240 9964 1
4264 8687 1
4264 8969 1
4264 9177 2
4264 9180 1
4264 9603 2
4264 9669 2
4264 9167 3
4280 9446 4
4280 9709 1
4296 9191 1
4296 8598 1
4296 8817 9
4316 9582 1
4316 9726 1
4316 8698 2
4316 9195 1
4316 9531 11
4316 9861 2
4316 8680 1
4324 9420 7
4324 9286 2
4324 9572 1
4324 8576 1
4345 9108 1
4345 9709 1
4345 8756 1
4349 9785 1
4349 9360 3
4351 9237 1
4351 9523 2
4364 9927 1
4364 9319 3
4364 9902 13
4375 8883 1
4375 9296 1
4375 9552 1
4388 9448 28
4413 9870 1
4413 9658 1
4413 8861 5
4413 9430 11
4413 8998 1
4413 9290 1
4414 9838 1
4414 9539 2
4430 9084 1
4430 9708 1
4430 9812 1
4430 9776 1
4430 9789 3
4430 8596 6
4430 8828 1
4433 8877 1
4433 8604 7
4433 8826 4
4433 9496 2
4433 9933 1
4444 8837 1
4444 9485 1
4444 9848 1
4464 9223 14
4467 8794 1
4467 9051 1
4467 9582 2
4487 9370 2
4487 9070 1
4487 8747 1
4487 9574 1
4489 9301 1
4489 9364 1
4500 8687 1
4500 8728 1
4500 9979 1
4500 8657 2
4504 9187 1
4504 9635 1
4504 9969 3
4529 9240 7
4529 9256 1
4532 9039 1
4532 8913 5
4532 9935 4
4553 8795 3
4553 8789 1
4553 9042 1
4553 9152 1
4553 8774 1
4553 9110 2
4553 9146 1
4554 8561 1
4554 8612 4
4554 9467 7
4554 9710 1
4554 8953 5
4554 9986 2
4554 9861 1
4575 9544 3
4575 8717 1
4575 8954 1
4579 9353 2
4579 8705 22
4579 9510 56
4607 9537 1
4607 9611 1
4607 9730 14
4607 9809 1
4607 9886 3
4632 8890 1
4632 9361 1
4632 8792 2
4632 9317 1
4632 8619 1
4632 9084 4
4632 9981 25
4633 9435 1
4633 9904 1
4633 9155 2
4633 9412 1
4633 9552 1
4641 8836 1
4641 9471 1
4641 9370 1
4641 9283 3
4641 8700 1
4644 9772 2
4644 9277 1
4644 8957 1
4644 9677 15
4645 9565 1
4645 9701 1
4645 8794 1
4652 9164 1
4652 8794 1
4652 9515 1
4652 9920 9
4652 9991 1
4667 8854 14
4667 9115 2
4671 8619 1
4671 9531 2
4671 9522 5
4671 8780 3
4677 8606 1
4677 9914 1
4678 9737 1
4680 9152 1
4680 9319 1
4680 9911 1
4680 8964 2
4680 9406 1
4680 9946 1
4680 9181 5
4683 9595 1
4693 9874 1
4693 9713 1
4693 9926 3
4693 8799 5
4697 9989 1
4697 8586 2
4697 9781 2
4697 8912 5
4697 9205 1
4697 9303 1
4711 8679 1
4711 8732 1
4711 9786 2
4714 8590 1
4714 8997 2
4714 9090 3
4714 9561 2
4714 9743 1
4717 9636 2
4717 8562 1
4739 9432 10
4739 9158 1
4744 8713 1
4744 9046 4
4744 8822 1
4744 9944 5
4748 8704 2
4748 9757 1
4748 9534 1
4748 9259 1
4748 9163 1
4748 9566 2
4748 9719 32
4750 9220 18
4750 9130 3
4750 8997 1
4750 9381 1
4750 9818 1
4751 9751 1
4751 9616 15
4760 9833 23
4784 9259 1
4784 8774 1
4784 9147 1
4784 9350 13
4784 9454 1
4784 8616 1
4788 9875 5
4790 9665 1
4790 9387 4
4792 9347 1
4792 9489 1
4792 9649 1
4792 9417 3
4792 9696 1
4794 9174 1
4794 8826 200
4794 9393 1
4794 9518 2
4794 9016 1
4794 9441 16
4795 9841 1
4797 9926 1
4797 9731 1
4824 8575 1
4824 9397 200
4824 9781 2
4824 9437 3
4826 8603 6
4826 9827 5
4865 9617 1
4865 9640 1
4865 9494 1
4877 8666 2
4877 9975 2
4910 9073 1
4910 8822 2
4918 9782 1
4918 9823 5
4918 9573 1
4918 9372 2
4918 9778 1
4928 9244 1
4928 8733 1
4928 9145 3
4936 9039 1
4936 9319 3
4936 9423 1
4936 8950 2
4936 9126 1
4936 9467 1
4936 9115 1
4945 9297 1
4945 9091 1
4945 9431 2
4970 9340 1
4970 8629 1
4970 9245 1
4970 8640 1
4970 9736 1
4970 8995 2
4999 9547 1
4999 9762 2
4999 8751 2
4999 8845 1
4999 9093 1
5008 9042 1
5008 8773 1
5008 9871 1
5054 9639 1
5054 9366 1
5054 9070 1
5054 9161 1
5054 9677 1
5054 9191 1
5054 9433 2
5070 9974 3
5070 9173 4
5074 9374 1
5074 9359 1
5118 8577 1
5118 9324 1
5118 9989 3
5118 9180 1
5118 9782 1
5132 9717 1
5132 9992 3
5132 9146 2
5132 9204 4
5134 8674 1
5134 8953 1
5134 8960 1
5134 8804 1
5134 9759 1
5134 9996 5
5145 9351 1
5145 8933 6
5145 9105 8
5145 9412 2
5145 9978 24
5145 9431 1
5154 8649 1
5154 9847 1
5154 9933 2
5158 9962 2
5158 9168 5
5158 9641 1
5168 9089 1
5168 9003 1
5168 9120 1
5179 9524 200
5185 9165 1
5185 9023 1
5185 9509 1
5185 9934 1
5186 8994 3
5187 8975 1
5187 8710 2
5187 9468 1
5190 9505 1
5190 8634 11
5190 8901 3
5190 9023 2
5190 9376 2
5190 9417 1
5192 8812 1
5192 9667 2
5192 9565 1
5192 9610 3
5192 9925 1
5205 9321 1
5205 9614 1
5205 9979 4
5205 9708 1
5228 8713 1
5228 9206 4
5247 9510 1
5247 9471 1
5305 8829 1
5305 9355 1
5307 9263 2
5307 9745 1
5307 9850 1
5307 9444 2
5313 9818 1
5313 8950 29
5313 9950 4
5314 9829 5
5314 8750 200
5321 9120 3
5321 9551 1
5321 8899 1
5321 8908 2
5321 9915 1
5321 9197 1
5321 9721 1
5321 9449 1
5349 9328 2
5349 9406 1
5349 9789 1
5351 9042 1
5351 9781 1
5388 8846 1
5388 9052 1
5388 9439 1
5388 8631 1
5388 9486 1
5388 9070 1
5389 9120 2
5403 8598 1
5403 9220 1
5403 9667 1
5403 8690 6
5403 9662 1
5403 8579 1
5403 9485 1
5403 9129 2
5403 9572 6
5403 8815 1
5403 9259 4
5424 9000 21
5428 9170 2
5432 8795 1
5432 9888 1
5435 8633 1
5435 8760 1
5446 9348 1
5446 9301 1
5446 9807 1
5457 9282 15
5457 9196 1
5457 9310 1
5458 9733 1
5458 9104 1
5478 9727 31
5478 8701 5
5478 8786 1
5478 9895 35
5478 9868 1
5478 8751 1
5478 9087 2
5510 8998 7
5511 9297 2
5523 9321 2
5523 9994 1
5523 9900 2
5523 8968 4
5526 9994 1
5526 8978 9
5526 9398 8
5543 8874 1
5543 9073 1
5544 9640 7
5544 9322 3
5544 9745 1
5549 9439 1
5549 8731 13
5549 9473 1
5549 8746 4
5549 9239 1
5549 8941 1
5557 9095 1
5557 9208 1
5557 9176 1
5558 9143 2
5558 8867 1
5565 9636 2
5565 9320 3
5566 9348 1
5566 8925 20
5566 9833 1
5577 9934 6
5577 9126 1
5578 9855 3
5578 9710 1
5578 8930 1
5578 9500 1
5587 9143 8
5587 9227 1
5587 9283 1
5587 9900 1
5589 9582 1
5589 9715 200
5589 8843 1
5609 8975 58
5609 9099 1
5609 9089 2
5624 8680 1
5624 9936 1
5656 9023 1
5656 8872 2
5656 9014 3
5656 9806 18
5657 8635 3
5657 8729 1
5657 9400 1
5692 9875 2
5692 9915 1
5692 8568 41
5692 9556 1
5692 9868 19
5692 8825 1
5692 9023 1
5692 8622 2
5692 8894 1
5692 8946 1
5692 9551 3
5693 8981 56
5693 9514 2
5693 9261 1
5698 9184 1
5698 9422 4
5698 9473 1
5698 9593 2
5721 9813 1
5721 8670 1
5733 9937 7
5733 9758 1
5740 8775 1
5740 8648 1
5740 9215 1
5740 9671 1
5744 8690 2
5744 9280 1
5747 9561 1
5752 9454 1
5752 9168 1
5752 9139 2
5752 9513 1
5752 9934 1
5752 9084 1
5752 9213 1
5752 9290 1
5752 9459 1
5757 9597 3
5757 9177 3
5762 9933 2
5762 9544 1
5804 9376 7
5804 9877 7
5804 9003 2
5804 8583 5
5804 9731 4
5816 9239 1
5816 9542 1
5847 8866 1
5847 9316 1
5847 9578 2
5856 8867 1
5868 9461 1
5868 9003 3
5877 9132 1
5877 9763 2
5877 9804 2
5896 8643 1
5896 8832 1
5896 9231 2
5896 9988 2
5896 9085 1
5896 9631 28
5896 9087 1
5896 9179 37
5896 9985 8
5905 8883 13
5905 9393 7
5905 8747 31
5912 8763 1
5912 9341 1
5912 9621 1
5914 8788 3
5914 8652 1
5914 8565 1
5914 8657 2
5923 9050 5
5923 9764 1
5923 8606 1
5949 9065 2
5949 9985 3
5949 9174 1
5949 9966 1
5949 8599 4
5949 8698 2
5949 9821 4
5951 8706 1
5951 8705 1
5951 9436 1
5951 9706 1
5955 8944 1
5957 9323 12
5957 8913 1
5957 9063 1
5957 8845 1
5957 9100 1
5957 9210 1
5957 9542 1
5957 9578 1
5957 9170 2
5957 9670 2
5957 9924 1
5977 8691 15
5977 9030 2
5978 9949 4
5981 9832 7
5981 8880 11
5981 9254 1
5982 9707 1
5982 9394 1
5982 9053 111
5984 8788 1
5984 8874 1
5984 8727 1
5984 8586 3
5984 8815 1
5984 9134 7
5984 9208 1
5984 9296 4
5984 9524 8
5984 9697 1
5984 9163 2
5984 8617 2
5984 9327 5
5990 9500 1
5990 9065 1
5990 9429 1
5990 8709 1
5990 9422 1
5990 9583 4
5990 9624 1
5990 9964 1
6005 9643 2
6005 8699 1
6005 8602 1
6005 9493 1
6005 9872 1
6007 9871 29
6007 8866 1
6007 8696 73
6007 9732 1
6007 9157 1
6007 9614 1
6007 8602 7
6007 9383 8
6029 9426 1
6029 9985 1
6029 9978 1
6029 8973 1
6034 9619 1
6034 9055 2
6034 8563 1
6045 9516 1
6054 9865 1
6054 9136 1
6063 9365 5
6063 8617 1
6074 8894 3
6074 9309 3
6103 8618 1
6103 9050 1
6103 9269 7
6103 9446 2
6103 8625 1
6108 9936 23
6108 9188 1
6108 9265 1
6108 9971 1
6115 8735 1
6115 9392 1
6115 9785 1
6115 9913 1
6136 9054 2
6136 9844 3
6136 8734 1
6136 9868 2
6160 9919 1
6160 9203 1
6160 9370 1
6160 8736 1
6160 9325 1
6160 9549 3
6169 8928 1
6182 9152 1
6182 9619 2
6182 9733 1
6196 9770 1
6196 8881 1
6196 9270 1
6196 9801 2
6196 8995 10
6199 8946 2
6199 9337 6
6199 9475 15
6199 8988 1
6199 9494 1
6199 8643 1
6199 9463 3
6205 8975 3
6205 9326 1
6205 9686 1
6216 8982 3
6216 8719 3
6216 9703 2
6220 8938 6
6220 8981 3
6220 8776 1
6220 9535 12
6231 9438 2
6231 9611 3
6231 9633 21
6231 9713 6
6231 9979 22
6231 8899 3
6231 9420 3
6234 9260 1
6234 8733 9
6235 9265 1
6235 9330 1
6235 9206 1
6235 9576 2
6248 9749 1
6267 8667 3
6267 9840 2
6267 9903 11
6267 9026 4
6267 9468 1
6267 9965 3
6267 9171 1
6276 8627 1
6276 9231 1
6276 9556 1
6276 8638 1
6285 9831 1
6285 9144 1
6285 8786 3
6285 9712 1
6285 8569 19
6285 8769 3
6285 9749 1
6293 9860 2
6293 9396 1
6293 9701 2
6323 9387 1
6323 9573 7
6323 8923 2
6334 9191 1
6334 9348 1
6334 9464 1
6340 9960 16
6340 9591 1
6340 9160 1
6340 8912 1
6340 8703 1
6350 8926 1
6350 8561 1
6350 9140 1
6350 9066 1
6391 9309 1
6391 8736 6
6391 9060 5
6391 9076 2
6391 9362 4
6391 9932 1
6397 8568 1
6397 8717 3
6397 8947 1
6425 9944 3
6425 8936 1
6425 9867 1
6425 8786 42
6428 8788 7
6428 9240 2
6428 9320 4
6428 9023 2
6428 9650 3
6428 9873 2
6430 8747 4
6430 8934 1
6444 9752 28
6481 9980 1
6481 9072 9
6500 9196 1
6500 8905 3
6500 9350 1
6500 9296 5
6504 9488 1
6504 9896 3
6505 8612 1
6505 8782 19
6505 8910 1
6505 9465 1
6505 9797 3
6519 9267 1
6519 9671 2
6519 9250 4
6522 9729 9
6522 9245 1
6522 8676 1
6522 9413 1
6522 8633 1
6522 9858 2
6524 8674 1
6524 8662 1
6524 8782 1
6524 8880 6
6524 9978 3
6527 8568 10
6557 8950 3
6557 9256 1
6557 9266 1
6557 9110 1
6557 8768 4
6557 9098 1
6560 9833 1
6560 9184 1
6560 9483 1
6560 9537 1
6561 9518 1
6561 9548 1
6568 9062 1
6568 9152 49
6568 9819 1
6569 9896 1
6569 9906 1
6569 8577 1
6569 9881 1
6569 9440 1
6569 9631 1
6569 9799 1
6577 9445 1
6577 9538 2
6577 9531 1
6577 9812 7
6581 9096 2
6581 9714 1
6610 9325 1
6610 9392 2
6610 9847 1
6610 9508 2
6610 9159 1
6610 9963 2
6610 8674 1
6610 8900 2
6610 9598 3
6647 8764 2
6647 8917 1
6647 9789 1
6647 9903 1
6647 8863 1
6647 9411 5
6647 9026 2
6647 9215 1
6647 9261 1
6647 9272 1
6647 9562 1
6651 9976 3
6651 9687 1
6651 9825 1
6651 9840 1
6651 9209 17
6654 9858 10
6654 9147 4
6654 9841 1
6676 8606 2
6676 9218 1
6676 8649 3
6676 9762 1
6676 9764 1
6676 8703 4
6676 8920 1
6676 9413 1
6702 9539 6
6708 9252 4
6719 8583 1
6751 9004 3
6751 9874 2
6751 9945 2
6771 9894 1
6771 8974 2
6771 8984 1
6781 9002 3
6781 9139 1
6781 9686 5
6781 8872 3
6781 9813 1
6796 8709 1
6796 9803 2
6796 9453 1
6796 9561 1
6796 9322 2
6796 9875 1
6803 9660 1
6803 8692 1
6805 9726 1
6805 8851 1
6805 9956 1
6808 9050 7
6808 9299 16
6808 8646 1
6808 9174 1
6808 9538 1
6815 8628 1
6815 9858 1
6815 9242 2
6849 9116 1
6871 9343 1
6871 9757 1
6871 8920 1
6871 9480 1
6871 9002 2
6871 9009 2
6920 8942 9
6920 9773 1
6920 9429 1
6925 9355 1
6925 9297 1
6929 9971 1
6929 9225 1
6929 9923 1
6930 9751 1
6930 9786 5
6930 8910 200
6930 9732 1
6939 8819 1
6969 9696 1
6969 9625 3
6969 8999 1
6969 9472 1
6969 8563 2
6969 8697 1
6969 8701 18
6969 9765 15
6969 9185 1
7003 9480 1
7003 8713 37
7003 8831 1
7003 9032 2
7003 9187 1
7013 9801 2
7019 9256 1
7019 9591 1
7019 8643 29
7019 9291 1
7019 9676 1
7045 9804 6
7045 9449 1
7045 9667 5
7055 8612 4
7055 8709 1
7055 9833 1
7055 8877 1
7055 9872 3
7055 8965 1
7055 9361 1
7055 8680 1
7055 9435 2
7055 9206 1
7055 9770 1
7055 9773 1
7062 8905 2
7062 8819 1
7062 9343 1
7062 9533 1
7062 9203 2
7082 9478 1
7084 9304 1
7084 9759 2
7091 9901 1
7093 8901 8
7093 8813 1
7093 8590 1
7106 8757 1
7106 9674 1
7106 9197 2
7106 9048 1
7106 8754 1
7106 8817 6
7106 9408 1
7106 9334 38
7106 9818 23
7106 9125 2
7106 9894 1
7116 9008 1
7131 9920 1
7133 8754 1
7133 9602 2
7133 9464 5
7152 9496 1
7152 8588 2
7152 8827 1
7152 8646 2
7152 9643 3
7154 9362 1
7154 9231 1
7156 8756 1
7179 9941 5
7179 8926 3
7201 9404 1
7201 9058 1
7201 9208 1
7201 9453 5
7209 8818 1
7209 9421 1
7225 9321 2
7225 8905 1
7225 9751 32
7225 9305 2
7225 8840 19
7226 9188 10
7226 9053 1
7226 9288 2
7239 8771 1
7239 9020 1
7239 9056 3
7239 9395 7
7239 9962 3
7250 9933 1
7250 9554 1
7250 9424 3
7250 9460 1
7256 9807 2
7256 9818 4
7256 9965 1
7256 8774 1
7256 9381 1
7274 9223 1
7274 9265 2
7295 9915 1
7295 8565 1
7295 9417 1
7295 9256 3
7295 9355 1
7295 9048 2
7321 8683 1
7321 9426 1
7341 9727 1
7354 9256 48
7355 8564 1
7355 9723 1
7355 9030 2
7355 9823 1
7355 9911 3
7375 9377 1
7376 9460 1
7376 9384 4
7376 9837 1
7376 8735 1
7376 8868 1
7376 9339 1
7376 9396 1
7376 9412 2
7376 9904 1
7382 9665 1
7382 9398 1
7382 9389 2
7383 9268 4
7383 8836 1
7389 9343 5
7389 9870 1
7394 9062 15
7394 8872 2
7394 8809 1
7396 9151 1
7396 9470 1
7396 9412 1
7396 9960 1
7396 9199 1
7396 8736 3
7396 9733 3
7444 9268 1
7444 8804 2
7444 9087 2
7444 9443 26
7444 9804 12
7444 9293 2
7444 9697 1
7444 9042 1
7451 8818 1
7451 9523 1
7460 9563 29
7460 9322 4
7460 8922 1
7460 9664 5
7460 9250 2
7502 8684 2
7505 9445 1
7505 9066 2
7505 9488 1
7505 9557 2
7505 9609 2
7505 9736 1
7508 9209 1
7508 9773 4
7508 9264 3
7508 9452 2
7538 9555 3
7538 8699 2
7538 9923 13
7539 9888 1
7539 9386 1
7554 9172 2
7554 9195 7
7555 9233 2
7587 9548 1
7587 8985 1
7587 8685 1
7587 8883 12
7587 8664 18
7587 9047 1
7596 9430 1
7596 8729 1
7596 8770 1
7596 9449 1
7596 8775 3
7596 9720 1
7596 9960 1
7641 9707 1
7641 9205 1
7644 9154 1
7644 8874 1
7689 9485 1
7689 8707 1
7689 9006 3
7694 8987 2
7694 9636 1
7694 9325 1
7698 9165 1
7698 8756 2
7700 9483 1
7700 8957 1
7700 9269 1
7723 8931 2
7723 9444 10
7723 9985 1
7727 9783 1
7727 9981 1
7727 9792 2
7734 8853 1
7734 9460 1
7734 9491 3
7768 9028 1
7768 8912 1
7768 8799 3
7768 9523 1
7768 8719 45
7768 9549 1
7768 9193 1
7768 9297 7
7769 8901 4
7769 9326 6
7769 8830 3
7769 9120 1
7769 9402 1
7769 9738 1
7769 9834 1
7779 9482 6
7779 8618 1
7779 9503 1
7779 9799 1
7779 8732 1
7779 9948 3
7786 8759 3
7786 9624 4
7786 8892 2
7796 9478 1
7796 9435 2
7802 9134 5
7802 8727 1
7805 9937 3
7805 9062 2
7824 9393 2
7824 9004 1
7824 8908 1
7824 8776 2
7824 9789 4
7824 9597 3
7824 8922 1
7833 9201 1
7833 9129 3
7842 8704 3
7842 9039 3
7842 9158 4
7842 9200 1
7842 9837 3
7856 9322 1
7856 9251 1
7856 8721 2
7874 9627 2
7874 9339 1
7874 9591 5
7874 8771 1
7874 9875 1
7874 9587 1
7877 8997 18
7877 9826 1
7877 9345 3
7877 9808 2
7890 9068 1
7890 9510 1
7890 9641 41
7890 9728 1
7890 9757 2
7899 9450 85
7899 9597 4
7907 8675 2
7907 8628 7
7907 9455 1
7907 9554 1
7914 8910 1
7914 8980 1
7924 9915 1
7924 8877 1
7924 9574 2
7924 8853 3
7924 9268 1
7924 9814 2
7924 9378 2
7924 9756 2
7924 9766 1
7947 9598 1
7947 9877 4
7947 9525 1
7947 9923 1
7947 8987 1
7947 9668 1
7964 9097 2
7964 9008 1
7964 9662 22
7964 8969 1
7964 9432 3
7964 9664 1
7964 9909 3
7971 9105 2
7971 9053 1
7971 9424 1
7971 9812 1
7971 9937 1
7975 8810 1
7975 9941 1
8003 9009 7
8003 8792 1
8003 9090 1
8003 9264 3
8003 9494 1
8003 9726 2
8003 8707 2
8003 9729 1
8005 9275 3
8005 8595 1
8017 9567 1
8017 9233 1
8027 9692 1
8049 8840 1
8049 8964 5
8049 9850 1
8051 9304 1
8051 9353 2
8069 9187 2
8069 9521 1
8090 9104 7
8090 8717 5
8090 9052 1
8090 9050 1
8090 9454 20
8094 8848 4
8102 9200 1
8102 9911 1
8102 8648 1
8102 8627 7
8102 9235 2
8102 9791 3
8102 9898 1
8102 9203 1
8106 9849 13
8106 9207 1
8106 9190 1
8106 8685 1
8106 9705 1
8106 9555 2
8106 9603 2
8111 8638 3
8111 9091 1
8111 8575 1
8111 9883 1
8124 9196 1
8124 9605 1
8124 9518 1
8137 9858 1
8160 9643 6
8160 8734 1
8160 9655 1
8160 9855 2
8160 9427 1
8164 8628 4
8164 9567 1
8164 9832 3
8169 9801 2
8169 9479 1
8169 9340 13
8169 8845 1
8169 9437 1
8170 9254 1
8170 8791 1
8176 8580 4
8176 9340 1
8188 9314 2
8188 8808 2
8189 9861 1
8189 9257 2
8189 9172 3
8189 9657 1
8201 9463 6
8201 8605 1
8201 9270 1
8210 8938 9
8210 9159 3
8210 9311 6
8210 9572 3
8211 9944 3
8211 9311 1
8211 8881 8
8211 9172 1
8211 8866 1
8217 9835 1
8217 9177 1
8217 9859 1
8217 8864 27
8217 9082 2
8217 9213 1
8217 9670 1
8236 8563 1
8236 8890 1
8236 9242 1
8249 9986 1
8251 9873 1
8251 8931 1
8251 9704 1
8251 9706 1
8251 9119 1
8254 8730 20
8254 9323 2
8254 8850 2
8254 9227 1
8254 9234 1
8263 8728 7
8263 9323 1
8276 9678 1
8276 9829 1
8276 9246 1
8276 9367 2
8285 9703 1
8285 9108 7
8285 9627 1
8285 9881 10
8285 9938 1
8285 9015 1
8285 9743 2
8285 8654 1
8318 9756 1
8318 9859 6
8318 9964 9
8318 8865 1
8326 8713 24
8326 9909 1
8326 8701 8
8329 8889 4
8329 9310 1
8329 9861 1
8329 8986 1
8329 9539 3
8330 9889 2
8330 9404 1
8333 9654 1
8333 9801 1
8333 9310 6
8333 8957 1
8333 8976 1
8333 9199 2
8333 9935 2
8346 9404 1
8346 8732 1
8346 9146 1
8346 9729 3
8353 9840 2
8353 9015 1
8353 9116 1
8353 9104 1
8353 8635 1
8353 9776 5
8355 9975 2
8355 9257 1
8355 9201 1
8355 9269 1
8355 9376 1
8358 9447 1
8361 8697 3
8361 9083 1
8361 9009 1
8363 9704 1
8363 8780 29
8363 9625 1
8363 8585 4
8363 8760 2
8363 9103 1
8375 8843 1
8375 8810 2
8375 9305 3
8379 9253 1
8379 9207 17
8379 9470 1
8379 9523 2
8381 9471 1
8381 9899 8
8381 9962 4
8381 9337 1
8381 9377 7
8405 8981 7
8415 9063 2
8415 8604 1
8415 9871 1
8415 8579 1
8415 8627 1
8415 9803 1
8431 8783 2
8431 9427 2
8431 9220 1
8431 8590 1
8431 8633 1
8431 9551 4
8431 9831 1
8455 8754 1
8455 9332 1
8456 9901 3
8456 9622 7
8456 9642 2
8507 9552 1
8507 9823 2
8507 9960 2
8511 9934 2
8511 8890 1
8511 9724 1
8512 9664 49
8515 9091 5
8515 8631 1
8515 9823 1
8515 9635 17
8515 8664 1
8515 9187 2
8523 9519 10
8523 9746 1
8524 9622 1
8524 9592 1
8527 9008 1
8527 9222 2
8527 9408 2
8527 9733 1
8527 8623 1
8527 9598 3
8527 9648 4
8527 9140 1
8530 8997 1
8530 9662 2
8535 8848 1
8539 9636 1
8539 9458 1
8539 9648 2
8539 9924 1
8553 9212 1
8553 8913 2
8560 9470 1
8560 8562 2
8560 9664 2
8560 9854 3
8562 8678 1
8562 8608 2
8562 9543 11
8565 8906 1
8565 8762 11
8566 9490 1
8567 8948 1
8567 8726 1
8567 9028 1
8567 9713 1
8568 8781 1
8570 8859 2
8570 8914 1
8571 9362 1
8571 9791 3
8572 9106 1
8573 8926 3
8573 9797 2
8574 9277 11
8574 9665 2
8574 9926 2
8574 9984 1
8575 8967 1
8577 9017 2
8577 8797 2
8578 9206 1
8578 8704 4
8578 8622 1
8578 8832 1
8578 9306 40
8578 9898 1
8580 8870 1
8580 8784 1
8582 9070 5
8582 8881 1
8582 9616 2
8582 9803 1
8583 8714 1
8584 8777 1
8584 8938 1
8584 9508 15
8584 9385 1
8586 9007 1
8587 9764 2
8587 8769 1
8588 9031 1
8591 8691 2
8591 8675 1
8591 9351 1
8592 9273 1
8592 9004 1
8593 9938 1
8594 9042 4
8594 8603 2
8594 8631 28
8596 8907 6
8597 9915 2
8597 8706 1
8597 9127 1
8597 9236 1
8597 9291 2
8598 9025 1
8599 8847 1
8600 8844 1
8601 9002 1
8602 9024 1
8604 8838 1
8605 9092 2
8605 9061 1
8605 9007 1
8607 8809 1
8607 9368 4
8607 8865 11
8607 8965 4
8608 9635 1
8608 9353 1
8608 9914 1
8608 8923 2
8608 9781 5
8609 9877 8
8609 9867 1
8609 8938 2
8609 8761 1
8609 8734 3
8609 9649 1
8610 9939 3
8610 9550 10
8611 8983 1
8612 9036 1
8613 9019 8
8613 9403 1
8614 9565 6
8614 9059 1
8615 8836 3
8615 9678 1
8619 9092 3
8620 9074 1
8621 8829 1
8621 9759 2
8621 8837 2
8623 9034 2
8623 9021 1
8624 9903 1
8624 8746 1
8624 9233 1
8624 9341 13
8625 8896 1
8625 8796 2
8626 9398 1
8626 9984 1
8626 8755 1
8626 8936 1
8627 8738 2
8628 8858 1
8630 8800 5
8630 8807 1
8632 9855 1
8632 8979 1
8632 8689 3
8633 8807 1
8634 9024 1
8634 8915 16
8634 8970 1
8636 8660 1
8636 8961 1
8636 9017 6
8637 8725 10
8639 8916 6
8639 8905 1
8641 9624 2
8641 9052 1
8641 9119 1
8642 8907 1
8642 8884 1
8642 8651 1
8642 8671 1
8644 9246 2
8645 9311 119
8645 8864 1
8645 9188 1
8645 9687 2
8647 8996 1
8648 8856 1
8649 9025 2
8650 8681 1
8650 8898 1
8650 9403 1
8651 8853 3
8651 9632 1
8653 9445 1
8655 9385 1
8655 9164 2
8655 9179 4
8655 9301 1
8655 9590 1
8655 9244 3
8655 9840 3
8655 9807 21
8655 8903 3
8656 8811 1
8657 9081 1
8658 8861 1
8658 9052 1
8658 9525 1
8659 8795 1
8659 9236 1
8660 9349 2
8660 8931 5
8660 9778 1
8660 8746 3
8660 8791 3
8660 9478 11
8660 9851 1
8661 9105 1
8661 8869 2
8661 8890 3
8661 9018 1
8661 9553 8
8663 9908 1
8664 9243 1
8664 9007 1
8665 9117 1
8666 8742 1
8668 9710 2
8668 9130 1
8668 9355 1
8668 9375 1
8668 9890 1
8668 9826 2
8668 8925 1
8671 9244 1
8671 9573 1
8671 8750 1
8671 9585 1
8671 9533 1
8672 9871 16
8672 9880 36
8672 9932 1
8672 9887 1
8675 9025 1
8678 8691 1
8679 8907 1
8679 8904 1
8680 9107 2
8681 8718 1
8681 9163 1
8681 9461 1
8682 8950 1
8682 8787 1
8682 9667 1
8684 8835 10
8684 9313 1
8686 9103 1
8686 9320 1
8686 9483 1
8686 9832 17
8687 9001 1
8688 8774 1
8688 8920 2
8688 9504 2
8688 9339 1
8688 9439 10
8688 9712 6
8689 8959 13
8690 9656 2
8693 9367 2
8693 9218 1
8693 9595 4
8694 9597 1
8694 9210 1
8694 9889 1
8695 9886 1
8695 8752 4
8695 9286 1
8696 9086 1
8696 8766 1
8696 8711 1
8698 8800 50
8702 8739 1
8703 8972 5
8704 8919 1
8704 8958 1
8706 9005 2
8707 9049 2
8708 9447 2
8708 9308 2
8708 9601 1
8709 8841 1
8711 9837 30
8711 9137 1
8712 8959 1
8713 8970 1
8714 8954 1
8714 9261 5
8714 9183 1
8714 9060 1
8714 9327 13
8715 8736 3
8715 9583 1
8716 9009 8
8716 9487 1
8716 9970 3
8718 8992 1
8718 8996 1
8719 8871 1
8720 9512 1
8720 9253 4
8720 9808 2
8721 9117 1
8722 9006 4
8723 9269 1
8723 8792 1
8723 9480 1
8724 9145 2
8725 9788 3
8725 9627 1
8726 9300 1
8726 8893 3
8728 8929 1
8728 9012 1
8728 9007 1
8729 8766 16
8730 9034 4
8730 9358 2
8730 8878 1
8732 9022 1
8735 9910 1
8735 8955 14
8738 9642 1
8739 9962 4
8740 9236 1
8740 9299 7
8740 9048 3
8740 9126 6
8741 9849 23
8741 9345 2
8741 9438 1
8741 9561 1
8741 9157 1
8741 9944 1
8741 9080 6
8741 9529 3
8742 9616 1
8742 8850 1
8742 9518 2
8742 9831 1
8742 8851 1
8742 9873 1
8742 9389 1
8742 9734 3
8743 9618 1
8743 9883 4
8743 8928 2
8743 8894 1
8744 9961 1
8744 9068 1
8744 9384 2
8745 9209 2
8745 9617 1
8745 9963 2
8747 9162 1
8750 9652 2
8753 9121 2
8754 8805 3
8756 8902 1
8757 8796 2
8758 8766 1
8758 8765 1
8759 8838 1
8759 8961 1
8759 9507 1
8762 9386 1
8762 9706 2
8762 9924 1
8762 9222 1
8762 9993 13
8765 9272 4
8765 9420 4
8765 9475 2
8765 9553 1
8766 9909 1
8766 8913 22
8766 9301 9
8766 9219 2
8766 9245 1
8767 9331 1
8767 9075 1
8767 9201 1
8767 8988 1
8767 9575 4
8767 8987 2
8767 9745 1
8768 8898 3
8776 9153 1
8778 9960 1
8778 8809 1
8778 8895 2
8779 9972 1
8779 9788 1
8779 9906 1
8779 9880 1
8780 8958 1
8780 8885 13
8782 9025 19
8783 8907 1
8784 9869 1
8784 9281 2
8784 9072 3
8785 9937 2
8785 9497 1
8785 9660 5
8788 9153 1
8789 8811 2
8790 9696 4
8790 9689 6
8791 8959 1
8793 9750 1
8793 9965 2
8797 9276 6
8797 8964 1
8798 9985 1
8798 9587 1
8798 9406 1
8798 9678 1
8799 8802 1
8800 8819 1
8800 8863 1
8800 8876 1
8801 9189 4
8801 9826 1
8801 9955 2
8802 8934 1
8802 9562 1
8802 9380 5
8803 9125 6
8805 8925 12
8805 9233 1
8806 9583 1
8806 9219 2
8806 9139 1
8807 9433 2
8807 9530 2
8808 9451 1
8811 9567 1
8811 9789 1
8811 9190 1
8811 9941 3
8812 9017 1
8812 9005 1
8814 9549 2
8814 9519 1
8815 9107 4
8816 9556 1
8816 8933 1
8816 9502 3
8820 9016 3
8820 9267 3
8820 9748 1
8820 9659 2
8821 9313 3
8822 9685 1
8823 9056 1
8823 9915 2
8825 9652 1
8826 9017 1
8827 9025 2
8828 9019 77
8830 9001 1
8830 9067 1
8831 8841 1
8831 9735 1
8831 9910 2
8832 8935 5
8833 9505 2
8833 9298 1
8834 9838 1
8834 9161 1
8834 9220 1
8835 9593 1
8835 9489 1
8835 9352 1
8838 9413 1
8838 9843 1
8838 9235 1
8838 9801 5
8839 9132 2
8839 9116 1
8839 9576 4
8842 9791 1
8842 9375 1
8844 9988 2
8844 8862 1
8844 9388 2
8846 9688 17
8848 9001 1
8851 9939 17
8852 9388 1
8852 9721 5
8852 9909 1
8852 9638 7
8855 8896 1
8856 9681 1
8857 9201 19
8857 8862 2
8857 9100 3
8858 9998 2
8858 9950 1
8858 9872 2
8858 9687 5
8858 9988 1
8859 9732 1
8859 9420 1
8859 9548 4
8860 9831 1
8860 9854 1
8861 9111 34
8863 8902 12
8868 9661 1
8870 9662 1
8870 9146 1
8870 9322 1
8870 9341 1
8870 9395 1
8870 9620 1
8870 9759 1
8870 9896 1
8871 8941 1
8871 9708 1
8871 9010 2
8873 9794 25
8875 9840 4
8875 9130 1
8876 8915 4
8878 9705 1
8880 8929 1
8882 9397 52
8882 9366 1
8884 9292 4
8884 9426 1
8884 9463 3
8885 9099 1
8885 9899 3
8886 9136 1
8886 9669 1
8886 9039 1
8886 9591 2
8886 9886 1
8886 9328 1
8887 9899 1
8887 9684 49
8893 9858 11
8893 9085 1
8898 9844 1
8898 9460 2
8898 9786 5
8898 9721 1
8900 9876 2
8902 9040 1
8902 9304 2
8903 9856 1
8904 9310 2
8904 9326 1
8904 9374 3
8906 9026 1
8907 8978 2
8907 9899 14
8907 9617 2
8907 9985 1
8907 9195 3
8907 9904 2
8907 9936 5
8907 9771 2
8909 8930 9
8909 9387 1
8909 9265 5
8909 9610 2
8910 9891 1
8910 9081 1
8911 9142 1
8913 9025 1
8914 9347 1
8917 9045 1
8918 9725 1
8919 9129 1
8919 9855 6
8919 9737 1
8919 9075 3
8920 8990 1
8921 9251 1
8921 9176 1
8929 9705 1
8929 8946 4
8929 9095 2
8929 9622 33
8929 9098 7
8930 8932 1
8933 8983 1
8935 9565 1
8936 9111 1
8936 8967 1
8937 9018 1
8937 9949 1
8939 9467 5
8939 9524 1
8939 9589 1
8940 9612 18
8940 9480 2
8940 9869 1
8943 9158 1
8943 9298 1
8943 9787 1
8945 9410 1
8945 9061 1
8946 9017 2
8946 8967 1
8949 9035 1
8949 9144 7
8949 9073 7
8952 9991 5
8952 9573 1
8952 9892 1
8958 8979 1
8958 9105 1
8958 8984 1
8958 9218 1
8958 9353 2
8958 9632 1
8961 8986 1
8961 9591 7
8961 9169 2
8961 8994 1
8963 9132 1
8963 9095 13
8963 9244 1
8963 9314 1
8967 9316 1
8967 9848 1
8967 9919 1
8970 9430 1
8971 9964 1
8971 9728 1
8972 9771 1
8976 9117 1
8977 9520 1
8977 9521 1
8977 9185 1
8980 9856 1
8980 9049 3
8983 9253 2
8983 9281 2
8983 9423 1
8983 9971 2
8983 9145 2
8984 9652 1
8985 9490 1
8987 9490 5
8989 9050 1
8989 9487 2
8990 9956 1
8990 9971 1
8993 9328 6
8996 9338 1
8996 9837 1
8996 9125 1
8996 9590 1
8996 9874 1
8998 9019 4
9001 9521 1
9001 9582 1
9001 9265 10
9001 9332 16
9001 9578 3
9005 9069 2
9005 9464 1
9005 9932 1
9005 9353 1
9006 9507 1
9007 9750 1
9007 9859 1
9008 9550 2
9011 9619 1
9011 9257 2
9012 9946 2
9012 9972 2
9013 9851 1
9015 9661 1
9017 9337 2
9017 9234 1
9017 9411 1
9019 9547 1
9021 9302 2
9022 9583 3
9022 9189 1
9022 9196 1
9022 9142 1
9022 9659 4
9024 9428 2
9024 9238 1
9024 9952 26
9025 9329 2
9025 9793 1
9025 9210 1
9025 9422 14
9025 9284 1
9025 9892 40
9025 9261 5
9025 9809 1
9025 9277 1
9025 9620 1
9027 9058 2
9031 9649 1
9031 9597 1
9031 9284 2
9031 9624 3
9032 9043 6
9033 9864 1
9034 9658 1
9034 9292 1
9034 9123 1
9035 9107 1
9036 9719 1
9036 9157 1
9037 9429 1
9037 9545 1
9038 9361 1
9041 9894 3
9043 9206 1
9045 9553 1
9045 9773 1
9045 9927 1
9045 9908 19
9046 9074 1
9049 9788 1
9057 9724 1
9057 9933 1
9059 9939 1
9061 9385 2
9064 9790 1
9064 9901 2
9065 9315 1
9066 9074 2
9067 9565 2
9067 9865 1
9067 9394 1
9067 9748 1
9067 9763 1
9067 9867 1
9068 9081 1
9068 9845 8
9069 9358 3
9071 9719 9
9071 9208 4
9071 9690 1
9077 9136 1
9079 9431 1
9079 9808 2
9079 9482 1
9079 9603 1
9079 9483 3
9079 9700 1
9079 9404 1
9081 9511 30
9081 9919 1
9086 9636 1
9088 9101 1
9088 9550 1
9092 9640 1
9099 9243 2
9101 9698 2
9102 9917 1
9106 9736 2
9106 9281 1
9106 9360 1
9107 9765 1
9107 9531 1
9107 9726 1
9111 9625 1
9112 9611 1
9112 9496 2
9112 9293 1
9113 9415 1
9114 9867 2
9117 9992 1
9117 9241 6
9117 9960 1
9117 9630 2
9118 9448 5
9121 9392 1
9121 9773 1
9121 9952 1
9126 9856 1
9135 9856 1
9135 9335 1
9153 9428 3
9153 9864 1
9162 9528 2
9162 9324 1
9204 9876 18
9223 9451 5
9225 9651 2
9243 9364 2
9243 9621 1
9250 9735 1
9251 9543 1
9268 9656 1
9276 9335 3
9289 9856 8
9300 9549 17
9300 9877 180
9300 9616 2
9300 9545 1
9302 9403 2
9306 9910 1
9313 9408 1
9332 9784 1
9332 9845 1
9335 9770 1
9335 9421 13
9338 9815 1
9343 9815 2
9345 9507 2
9358 9590 200
9361 9656 1
9365 9499 2
9374 9735 1
9374 9652 1
9384 9652 1
9386 9685 2
9403 9555 1
9415 9751 2
9419 9543 1
9422 9939 10
9438 9784 1
9451 9458 200
9452 9856 2
9454 9661 1
9456 9879 2
9477 9770 1
9480 9876 2
9485 9879 1
9497 9507 1
9499 9714 1
9525 9688 1
9528 9916 2
9574 9910 1
9578 9652 1
9584 9779 1
9585 9910 2
9613 9683 1
9646 9910 2
9647 9967 6
9651 9677 6
9651 9793 3
9661 9684 1
9661 9716 2
9661 9732 2
9661 9903 2
9686 9939 2
9688 9723 2
9691 9830 9
9697 9856 1
9709 9761 1
9714 9939 1
9717 9879 2
9729 9800 1
9733 9879 1
9734 9910 2
9734 9939 2
9743 9784 2
9748 9891 10
9782 9917 2
9856 9952 1
9865 9910 6
9879 9956 1
9880 9910 4
9910 9920 1
