13 8813 2
13 9389 2
13 9610 5
13 9935 1
13 8756 8
21 9638 1
21 9707 1
21 9729 2
21 8881 3
34 9866 14
45 9502 1
48 9824 2
77 9375 4
77 9779 1
87 9394 2
87 9781 1
113 8669 2
113 8618 3
113 9007 1
113 9107 1
113 8690 1
113 8694 1
113 9583 1
116 8690 2
116 9681 1
116 9746 1
133 9306 1
133 9607 1
133 8894 1
151 8749 3
151 9563 5
151 8606 1
151 9715 3
151 8940 3
153 8813 1
153 8643 1
153 9208 1
153 8604 1
153 9952 1
153 9662 10
154 9367 1
154 8572 1
154 8985 1
154 8766 2
156 9603 3
156 9933 1
157 8675 1
157 8566 1
157 8867 2
157 9542 1
157 9253 1
157 9850 4
175 8592 1
175 9400 2
175 8963 4
175 9970 1
183 9050 1
188 9876 1
188 9709 1
192 9804 1
192 8565 1
197 9124 3
197 8963 70
197 9751 1
217 9002 80
217 9364 1
217 9126 1
217 8800 3
217 9580 1
217 8579 3
217 8654 10
231 9691 1
231 9548 2
231 9695 1
231 9784 1
236 9747 4
236 9346 1
236 9587 1
244 9876 1
244 8884 1
244 9822 1
246 9704 1
246 9735 17
246 8821 1
247 8653 7
247 9941 1
247 8699 1
247 9122 11
247 9151 1
247 8750 4
260 8848 30
261 8938 2
268 8776 2
268 8612 2
268 9135 1
268 9810 1
333 9877 1
333 9408 1
333 9710 1
344 9161 5
344 8762 1
344 9172 3
344 9080 3
344 9743 1
345 8877 1
345 9978 1
345 9088 1
345 9940 3
357 8787 1
357 8806 1
357 9716 1
357 8719 2
357 9484 1
360 9081 1
360 8666 200
367 9553 21
377 9628 1
377 8992 1
377 9687 1
377 8793 1
377 9706 16
377 9774 2
377 9403 1
379 9129 1
379 9293 9
379 9918 1
379 9151 1
379 9715 2
379 9573 1
400 9488 1
400 8743 1
400 8568 3
400 9184 1
400 9646 1
405 9947 1
405 9870 3
405 9061 1
405 9477 75
405 9664 1
405 8725 1
405 9397 2
405 9703 1
405 9289 3
405 9542 4
411 8732 1
411 8749 1
412 9949 1
412 8619 2
412 8801 1
412 9730 3
412 9181 1
421 8961 1
421 8842 1
421 9165 25
421 9141 1
421 8653 1
421 9109 1
442 8975 17
442 9619 1
442 9519 3
442 8733 1
462 9949 2
462 8955 1
462 9691 1
471 8618 22
471 9372 1
471 9356 2
471 9868 1
471 9847 1
479 9857 1
479 9203 1
479 9497 1
479 8824 1
479 9375 20
484 9307 1
484 9007 1
490 9232 1
490 8622 1
493 9540 1
493 9497 2
511 9214 1
511 8764 1
512 9788 1
512 9510 1
512 9444 1
525 9491 1
525 8567 3
525 9030 1
525 9614 3
525 9851 2
530 9197 1
530 9725 1
530 9012 1
530 9607 1
530 9321 1
541 9107 1
542 9066 3
542 9415 1
542 8575 1
542 9584 1
542 9842 1
542 9158 1
542 8726 1
542 9088 1
558 8857 1
558 8996 2
558 9091 1
558 9129 8
558 9945 1
585 9072 1
585 9667 1
585 9397 1
604 9930 2
604 9847 1
604 9488 1
604 9499 2
612 9774 1
612 9913 1
612 9548 1
614 9427 1
614 9634 1
614 9829 4
618 9055 1
618 9930 1
618 8628 1
618 9672 2
619 9410 1
631 8573 1
631 9229 2
631 9426 2
631 9725 1
653 9746 1
653 9614 1
668 9505 3
668 9744 1
686 9120 1
686 9662 1
686 9734 28
686 9092 2
686 8807 1
686 8738 8
686 9936 2
697 9436 28
697 9981 1
714 9467 3
714 9773 1
714 9294 1
714 9466 6
714 9122 2
726 9151 1
733 9355 1
733 9416 1
733 9742 3
735 9506 15
735 9459 1
735 9947 2
735 9960 17
740 9504 1
740 9145 1
740 9346 1
740 9799 1
740 9478 1
740 9448 1
740 8633 1
740 8685 1
740 9531 1
740 9885 1
740 9713 1
741 9011 1
741 9178 1
741 9724 1
741 9904 4
741 9125 1
749 8788 1
749 8752 1
749 8851 4
765 9391 1
765 9883 1
765 9224 9
786 9330 1
786 9454 1
786 9321 1
786 8613 1
786 9476 1
786 9849 3
786 9241 2
786 9748 1
802 9401 1
802 8630 1
802 9623 1
802 9534 3
802 9664 1
802 9955 1
807 9966 1
807 8788 3
807 8927 1
807 9039 2
807 9525 1
812 9143 2
812 9725 1
812 9253 1
812 9813 1
812 9638 1
833 8655 2
833 9970 2
833 8685 15
833 9045 5
833 9209 1
842 9472 1
842 8871 1
842 9713 6
842 9111 1
842 9230 1
842 9158 1
842 9910 1
850 8701 1
850 8788 1
850 9672 1
866 8802 1
866 9065 1
866 9834 1
866 8866 1
866 9222 7
869 9530 1
869 9503 1
869 8835 1
869 8923 1
869 9366 1
879 9536 1
879 8594 1
879 9306 1
879 9308 1
879 8621 1
879 9655 1
895 9791 1
895 9493 6
917 9481 1
917 9535 1
920 9803 1
920 9764 1
925 9958 1
925 9029 3
925 9108 3
925 9527 1
925 9737 2
925 8718 8
925 9217 1
934 8595 1
934 9486 2
934 8617 6
934 9101 5
934 9422 6
947 9143 2
947 8623 2
947 9564 1
947 9611 3
947 9101 1
947 9327 1
953 9986 2
963 9441 4
963 9293 3
968 9124 1
968 9941 1
968 8578 1
973 9185 1
973 8786 4
978 9660 1
978 8880 1
979 9183 2
979 9333 1
980 9783 1
994 9020 1
994 8939 2
994 8880 1
994 8996 6
994 9470 1
994 9500 1
994 9862 1
999 8836 1
999 9279 1
999 8796 2
999 9541 1
999 8708 1
1025 8746 1
1025 8873 2
1038 9226 2
1038 9219 1
1040 9829 10
1040 9085 1
1040 9298 2
1040 9514 1
1043 8939 1
1043 9084 6
1043 9737 2
1043 8873 1
1043 9841 1
1052 9950 1
1052 9880 16
1052 8580 17
1052 9946 1
1052 8944 1
1052 9683 3
1054 9032 8
1054 9703 43
1054 9041 1
1054 8682 13
1054 8609 3
1054 8638 1
1054 8745 1
1054 9111 1
1054 9901 2
1070 9686 6
1070 8612 3
1070 9100 1
1078 9209 1
1078 9769 1
1078 9772 4
1083 9539 1
1083 9463 1
1083 9670 1
1109 9100 2
1109 9063 2
1109 9156 1
1109 8568 1
1111 9125 3
1111 9070 2
1113 9419 1
1113 9061 1
1113 9062 1
1128 9908 2
1128 9506 1
1128 8602 2
1128 9556 3
1128 9717 1
1128 9827 5
1134 8664 1
1134 8815 2
1134 9748 1
1157 9215 2
1163 8954 1
1163 8605 1
1163 9474 1
1163 9871 1
1163 9591 1
1163 9798 1
1173 8698 1
1173 8849 1
1173 8859 2
1173 8765 1
1175 9009 2
1175 9082 1
1175 9228 1
1175 9688 3
1175 9822 1
1185 9665 1
1185 9546 1
1185 9726 1
1185 9279 1
1185 9639 7
1204 8882 3
1226 9769 1
1226 8603 2
1226 8905 1
1226 9653 9
1232 9372 1
1232 9712 1
1232 8733 5
1232 8787 1
1232 9956 1
1232 9206 2
1232 9361 1
1232 9434 1
1232 9639 1
1232 9939 1
1232 9063 3
1232 9991 1
1267 9494 1
1267 9879 11
1267 9269 2
1267 8762 28
1267 9473 10
1267 9490 1
1269 9264 1
1269 9635 1
1307 9896 7
1307 8731 4
1318 8563 1
1318 9025 1
1318 9443 1
1318 9579 1
1318 8749 9
1318 9120 7
1318 8681 1
1318 8814 1
1321 9215 1
1321 8939 1
1321 9657 40
1321 9804 1
1333 9126 31
1347 8643 1
1347 9766 1
1347 9096 2
1347 9150 2
1347 9839 1
1348 9552 14
1348 9341 1
1348 9117 1
1348 8861 8
1348 8914 1
1348 9100 1
1348 9232 1
1356 8900 2
1356 8867 1
1356 9842 10
1356 8737 1
1356 9745 1
1375 9399 1
1375 9032 1
1389 9579 2
1398 8573 1
1398 9174 4
1398 9351 1
1398 9501 1
1398 9649 1
1403 9289 1
1403 9975 1
1403 9137 1
1409 9704 1
1409 8597 1
1437 9386 1
1437 9119 7
1437 9871 1
1443 9494 1
1443 9254 1
1459 9399 1
1459 8854 1
1468 9301 1
1468 9958 1
1476 9616 2
1477 9911 3
1477 8579 1
1485 9230 1
1485 9136 1
1485 9415 2
1516 9650 19
1516 9397 1
1516 9530 66
1521 8917 6
1521 9789 1
1521 9781 1
1531 9804 1
1531 8648 1
1533 8769 3
1533 9229 28
1533 9610 2
1533 8750 14
1534 9479 1
1534 9072 1
1534 8914 1
1534 8974 2
1534 9351 6
1534 9162 1
1534 9407 1
1550 9669 1
1550 9540 13
1550 9793 157
1551 9010 2
1551 8820 1
1551 9541 1
1551 9054 2
1551 8859 1
1551 9365 1
1551 9931 1
1557 9672 4
1557 8704 7
1557 9665 3
1565 9562 2
1565 8994 1
1565 9041 3
1565 8722 1
1565 9481 1
1565 9788 2
1571 9422 24
1571 9779 1
1571 9038 1
1571 8622 1
1571 9305 1
1586 9091 7
1586 8766 1
1586 9674 4
1586 9925 1
1598 9080 1
1598 9247 1
1605 9371 2
1605 8596 1
1605 9734 1
1638 9006 2
1638 9367 3
1638 9609 2
1638 9967 2
1641 8691 2
1641 9468 1
1641 9453 1
1654 9120 1
1654 9372 1
1654 9093 2
1654 9487 4
1656 9849 1
1670 9755 1
1670 9591 8
1670 9150 1
1670 9748 1
1670 9027 1
1670 8592 1
1670 9365 1
1670 9716 1
1670 9866 21
1680 8668 14
1680 9231 2
1680 9683 1
1680 9598 1
1680 9885 1
1683 9990 1
1683 9812 2
1683 9824 1
1683 8752 1
1683 9006 1
1683 9946 1
1752 9221 2
1752 9050 1
1752 9823 1
1752 9720 4
1773 9104 1
1773 9648 1
1773 9094 2
1773 9552 1
1773 9957 2
1773 9791 1
1773 9807 4
1785 8668 3
1785 8976 2
1790 8682 1
1790 9023 1
1790 9214 2
1790 9451 3
1790 9895 3
1796 8875 1
1816 8809 1
1816 9330 5
1824 8971 16
1829 8856 1
1829 8790 2
1829 9964 1
1830 9908 1
1830 8977 3
1830 9025 6
1830 9883 1
1842 9244 1
1842 8720 1
1842 9837 1
1843 9833 1
1843 9990 2
1861 9983 1
1864 9674 1
1864 8982 1
1894 9008 1
1894 8640 1
1894 8661 1
1894 9090 58
1894 9967 1
1894 9275 1
1896 9311 1
1896 9959 1
1896 9339 1
1906 9641 1
1906 9009 7
1906 8668 1
1906 9938 5
1909 9237 1
1909 8803 1
1910 8977 2
1910 9217 1
1957 9867 3
1957 9801 1
1957 8661 8
1965 9981 1
1968 9086 1
1968 9245 1
1968 9114 1
1968 9869 2
1968 9933 3
1968 8677 1
1968 9235 1
1975 9623 1
1975 8816 1
1975 9014 1
1975 8686 3
1975 8986 3
1977 9763 1
1977 9021 1
1977 9157 1
1977 9307 2
1978 9228 5
1978 9369 1
1978 9625 2
1978 9365 1
1978 8935 5
1978 9401 1
1978 9694 3
2003 8664 1
2003 8694 3
2007 9506 1
2007 9625 1
2007 8872 9
2007 9512 1
2007 8644 1
2007 8864 1
2007 8895 11
2007 9478 1
2007 8991 1
2007 9997 1
2007 9118 3
2016 9918 2
2016 9247 1
2016 9172 1
2016 9410 1
2027 9910 2
2027 9209 168
2027 9428 2
2027 9474 1
2027 9966 1
2039 8884 1
2039 9091 2
2045 8569 4
2094 9443 1
2094 9694 1
2094 8568 10
2105 9042 1
2105 9028 1
2114 8595 9
2114 8659 12
2114 8691 2
2114 8878 1
2114 8916 3
2131 9503 2
2131 9868 33
2131 9464 1
2131 8742 1
2144 9351 1
2155 9746 15
2155 8943 1
2170 9351 5
2170 9346 3
2170 9499 1
2190 8872 1
2190 9595 6
2190 9058 1
2190 9121 1
2190 9277 1
2190 9402 1
2192 9895 1
2192 8991 2
2192 9689 2
2192 8672 1
2192 9771 2
2192 9502 1
2192 9580 4
2204 9633 1
2212 8577 2
2212 8925 1
2212 9109 1
2212 8777 2
2212 8993 2
2222 9856 3
2229 8678 1
2229 9668 1
2232 8607 3
2232 9284 42
2232 9388 1
2232 9178 11
2232 9018 1
2232 9032 1
2232 8739 2
2235 8917 1
2235 9689 1
2260 9382 15
2260 9241 1
2260 9721 1
2260 8682 1
2260 9008 1
2260 8666 4
2260 8735 1
2260 9120 1
2260 9235 1
2273 9584 7
2273 8572 1
2273 9175 1
2273 9870 1
2273 8648 1
2273 9792 2
2273 9798 3
2273 9026 2
2282 9730 1
2289 9118 1
2289 9305 5
2289 8567 1
2289 9424 1
2289 8807 1
2295 8621 1
2303 9416 1
2303 8955 2
2303 9070 1
2303 9419 1
2319 9109 1
2319 9691 1
2319 9330 1
2319 9965 3
2319 9474 1
2368 8638 1
2368 9425 1
2371 9437 1
2371 9149 1
2372 9525 1
2372 9305 12
2372 9486 1
2386 8602 13
2386 9425 1
2386 9143 1
2386 9729 1
2386 9907 3
2421 9150 1
2421 8750 1
2421 9426 2
2421 9494 22
2421 9581 2
2421 9552 1
2441 9555 12
2457 9009 6
2457 9143 1
2457 9214 1
2457 9623 1
2457 8883 4
2457 9653 1
2465 9187 1
2465 8780 1
2465 8889 1
2465 9456 4
2468 9305 2
2518 9690 3
2518 9333 23
2518 9625 6
2518 8688 2
2518 9746 3
2519 9768 2
2519 8705 1
2537 8669 1
2537 9044 1
2537 9020 1
2541 9452 3
2541 9981 2
2541 9244 2
2541 8764 1
2541 9108 2
2592 9575 1
2592 9051 2
2592 9301 4
2592 9934 1
2601 8955 27
2601 9131 1
2604 9783 18
2604 9202 1
2605 8796 1
2618 9068 1
2618 9145 1
2618 9833 3
2618 9222 1
2624 9454 3
2624 9751 1
2624 9788 1
2624 9506 2
2629 8803 3
2629 9478 5
2629 9549 1
2629 9501 1
2636 9727 12
2636 8793 4
2636 9908 1
2679 8833 1
2679 8892 2
2679 9020 1
2679 9035 1
2686 9133 1
2686 9511 1
2686 9464 3
2686 9268 1
2686 9727 3
2686 8573 200
2686 8752 1
2686 9019 1
2699 8813 3
2699 9827 1
2699 8615 4
2725 9656 1
2725 9340 1
2725 8823 1
2725 9221 1
2736 8631 1
2736 8863 1
2748 9798 1
2751 9698 2
2751 8708 2
2751 8955 4
2751 9497 2
2752 8793 1
2752 8855 2
2752 9392 1
2773 8658 1
2773 9930 11
2773 8975 1
2773 9852 1
2783 9808 1
2783 9835 2
2783 9998 1
2783 9131 1
2783 9261 3
2795 9135 200
2795 8721 1
2795 9038 1
2795 9794 3
2795 9877 1
2795 8575 2
2795 9208 1
2795 9238 3
2805 9415 1
2805 9956 3
2805 9493 82
2810 9225 1
2810 8584 2
2810 9700 3
2810 8840 1
2810 9856 1
2810 9907 1
2818 9246 2
2818 8712 3
2824 9104 1
2824 9967 2
2824 8731 1
2824 9040 1
2824 9573 11
2824 9897 3
2824 8884 1
2824 9384 1
2834 9451 1
2844 9470 12
2844 8881 1
2844 8684 1
2844 9187 2
2851 9422 23
2851 9511 1
2851 9682 1
2851 9862 1
2851 8725 1
2864 9307 4
2864 9175 15
2864 9711 8
2864 9072 1
2867 9058 2
2867 9706 1
2886 9574 1
2906 8859 1
2906 9661 2
2915 9892 3
2915 9931 5
2915 9803 3
2915 9502 2
2915 8901 1
2915 9327 2
2915 9570 1
2918 9434 4
2918 9451 1
2918 9799 1
2918 8592 1
2921 9142 4
2921 9137 4
2921 9655 1
2921 8593 1
2921 9443 1
2936 9650 1
2936 9201 2
2940 9336 4
2940 8954 2
2940 9073 2
2940 9709 1
2953 8914 1
2953 9223 1
2953 8953 1
2953 9603 1
2953 8756 1
2953 8734 1
2953 9317 1
2953 8732 1
2953 9227 2
2954 9061 2
2954 9859 1
2954 9194 10
2954 9678 62
2954 8809 2
2954 9340 1
2954 9846 61
2959 9354 5
2959 9865 1
2959 9505 3
2959 9010 6
2959 9837 1
2959 8827 1
2961 9792 54
2961 9828 2
2961 9972 1
2961 9924 172
2973 8755 1
2973 9440 1
2973 9742 1
2973 9318 1
3004 8777 1
3004 9096 2
3004 9830 4
3004 9431 4
3004 8645 5
3004 9494 1
3004 9882 2
3027 9748 1
3027 9530 1
3027 9580 1
3029 8703 1
3029 9959 1
3029 9985 11
3036 9588 3
3036 8744 1
3036 9684 1
3036 9687 1
3044 8677 1
3044 8621 7
3044 8690 1
3044 9661 2
3044 9947 3
3044 9646 1
3051 9998 1
3051 9437 1
3051 9217 1
3051 9696 1
3061 8940 1
3061 9129 1
3061 9762 3
3063 9289 1
3063 8700 1
3063 9439 1
3063 9473 2
3063 8761 2
3063 9991 1
3063 8893 1
3070 9021 1
3070 9586 2
3070 8607 1
3070 9434 1
3074 9356 1
3104 9949 1
3104 9587 1
3106 9062 1
3106 8856 1
3106 9739 1
3121 9591 1
3123 9484 1
3123 9464 1
3123 9375 2
3123 8957 1
3123 8766 9
3123 9181 1
3123 9510 12
3123 9634 1
3136 9951 1
3136 8918 1
3139 9441 1
3139 9932 1
3139 8735 2
3139 9174 1
3139 9363 4
3170 9972 1
3170 9382 1
3171 8622 5
3171 8921 5
3171 9416 3
3173 9210 1
3173 8665 8
3173 9431 1
3178 9744 1
3178 9975 2
3178 9226 1
3178 9488 1
3178 9857 1
3181 8677 2
3181 9475 1
3181 9114 1
3197 9953 1
3197 8802 6
3197 8864 1
3228 8689 1
3228 9998 1
3228 9270 1
3228 9755 1
3238 9432 142
3238 9705 16
3244 9274 1
3244 9118 1
3244 8652 1
3244 9219 1
3244 8889 1
3244 9026 5
3244 9250 1
3244 9651 1
3287 9753 1
3287 9011 11
3287 9764 10
3289 9410 1
3289 9191 1
3289 9338 1
3289 9242 2
3298 9911 2
3298 8854 2
3298 8946 1
3304 9253 1
3305 8620 1
3305 8835 1
3305 9418 1
3305 9771 1
3328 8643 2
3328 8914 1
3328 9114 1
3328 9456 2
3328 9452 9
3345 9405 3
3345 8689 1
3345 9086 1
3345 9588 1
3345 9050 4
3345 9958 1
3352 8861 1
3352 9089 3
3352 9436 1
3356 9781 1
3356 9126 1
3356 9491 2
3356 8652 1
3356 9586 1
3356 9616 1
3359 8676 1
3359 9435 1
3360 9547 2
3360 9851 1
3360 9989 2
3361 9466 1
3361 8973 9
3361 9487 1
3366 9715 1
3366 8877 1
3389 9858 1
3389 8818 2
3406 8707 1
3406 9271 1
3409 9003 1
3430 9623 1
3430 9514 2
3430 9527 2
3434 8882 1
3436 8914 6
3436 9766 1
3436 8837 1
3450 9326 1
3450 9354 3
3450 8918 19
3450 9967 5
3450 9124 1
3450 8693 9
3467 9081 1
3467 9472 1
3467 9821 2
3467 8893 2
3467 9342 3
3468 8982 1
3468 9036 1
3468 9616 1
3475 9949 1
3475 9100 1
3475 9094 2
3484 9435 1
3484 8650 1
3484 9308 1
3484 8689 1
3484 9252 1
3484 9633 1
3495 9961 1
3495 9868 1
3496 9731 4
3505 8618 9
3505 9965 1
3509 9276 1
3509 9584 1
3509 9856 1
3527 8898 1
3527 9972 1
3527 9270 1
3527 9669 7
3527 9624 6
3527 9768 1
3527 9790 1
3539 9505 17
3539 8836 2
3539 9255 5
3539 8682 29
3546 9178 1
3546 9301 48
3546 9704 1
3549 9119 1
3549 9646 1
3549 9240 16
3553 9311 1
3553 9425 1
3553 9984 2
3553 9665 1
3553 9485 1
3567 9020 2
3567 9410 5
3567 9511 12
3567 8979 200
3567 9667 1
3569 9336 1
3569 8863 9
3569 9849 1
3569 9782 7
3592 9328 1
3592 9418 1
3592 8790 5
3592 9605 1
3597 8995 3
3597 8820 1
3598 9920 9
3598 9669 1
3598 9766 1
3633 9840 1
3633 9877 1
3633 9604 2
3633 8985 9
3641 9185 3
3641 9462 1
3641 9013 1
3641 8606 1
3645 9624 1
3645 8666 1
3645 9496 2
3645 9480 1
3645 9976 1
3650 9036 1
3650 9086 1
3650 9342 1
3650 9633 1
3650 8821 4
3650 9464 4
3650 9902 1
3650 9204 2
3650 9276 1
3654 9121 2
3654 8935 2
3654 8858 3
3656 8928 1
3656 9764 1
3656 8857 1
3656 9846 3
3656 9364 1
3656 8933 1
3656 8995 1
3656 9604 4
3667 8621 2
3667 9055 1
3667 9065 1
3667 9184 1
3667 9730 1
3667 9773 1
3668 9135 2
3682 9282 2
3698 9220 26
3702 9474 3
3702 9269 2
3712 9859 13
3712 8580 1
3712 8703 1
3712 9317 1
3712 9579 1
3712 9693 2
3714 9066 1
3729 8591 1
3729 8683 2
3729 9603 25
3735 9103 1
3755 9051 1
3755 9528 1
3755 9377 1
3761 8705 1
3761 9103 5
3761 9747 6
3764 9103 1
3766 8606 1
3766 8692 3
3766 9487 1
3766 9135 1
3766 9535 5
3766 9724 1
3766 9360 1
3769 9764 1
3769 9346 15
3769 8603 1
3769 9297 4
3769 9936 7
3775 9873 3
3775 9567 5
3775 9374 1
3789 8609 1
3789 9161 1
3794 9222 1
3794 9981 1
3794 9028 1
3804 9052 1
3804 9441 1
3804 9627 15
3804 9066 2
3826 8785 1
3826 9525 1
3826 9559 1
3835 9183 1
3835 9275 1
3835 9388 1
3835 8575 1
3838 9027 1
3838 9752 11
3838 8726 1
3838 9467 41
3838 9570 1
3838 9599 1
3838 9841 11
3838 9022 1
3846 9935 9
3846 9149 2
3846 9753 2
3846 8780 2
3846 9966 1
3846 9574 1
3846 9585 2
3854 9432 1
3854 8631 1
3854 8790 1
3854 9507 1
3854 9657 3
3854 9987 1
3854 9707 1
3854 9260 5
3854 9076 2
3876 8974 2
3878 9167 1
3878 8806 29
3878 9427 3
3887 9911 2
3887 8986 13
3907 8651 1
3907 9101 5
3918 9622 1
3918 9327 4
3918 9366 1
3918 9706 1
3918 9469 3
3918 8844 1
3918 9405 1
3918 9756 3
3918 9869 1
3933 8783 1
3933 9170 2
3960 9871 3
3960 9214 1
3971 9102 1
3971 9515 2
3971 9539 1
3971 8665 1
3971 9444 1
3986 8766 1
3986 8884 2
3986 9461 1
3986 9338 4
3987 9560 2
3987 9817 1
3987 9494 1
3987 9082 1
3987 9182 1
3991 9788 1
3991 8855 3
3991 9044 1
3991 9025 1
3991 8643 5
3991 8928 1
4003 9389 2
4003 9298 9
4003 9920 1
4003 8692 34
4003 9560 2
4014 9685 1
4014 8655 1
4014 8952 2
4014 9539 2
4014 9573 1
4014 8675 3
4014 9443 1
4023 9490 1
4023 8968 4
4023 9066 14
4023 9315 2
4023 9583 3
4023 8578 14
4023 9378 1
4038 9473 1
4038 9469 2
4038 9774 1
4068 9056 8
4068 8946 1
4068 8686 1
4068 9010 10
4079 9633 1
4079 8748 1
4092 9729 2
4092 9361 2
4092 8955 2
4092 9683 2
4092 9690 1
4100 8577 48
4100 9957 3
4100 8867 1
4100 9146 2
4130 9591 5
4130 9228 1
4130 8855 1
4130 8762 5
4130 9945 1
4130 9670 1
4130 9890 2
4130 8605 3
4145 9382 1
4147 8756 1
4147 8855 3
4147 9721 1
4147 9950 3
4149 9477 6
4149 9956 1
4149 9312 7
4149 9925 3
4149 9749 1
4168 9501 2
4168 9653 4
4168 8883 1
4168 9547 1
4168 9607 5
4168 9683 1
4168 8694 2
4168 8726 1
4168 8786 5
4168 9543 1
4191 9338 2
4191 9743 45
4191 9031 14
4191 9268 1
4191 9418 2
4191 8613 17
4197 9634 11
4197 9933 2
4197 8868 2
4197 9485 1
4197 9687 1
4209 9265 1
4209 9672 1
4209 9664 1
4209 8643 1
4209 9382 1
4257 8743 1
4257 9027 1
4289 8957 1
4289 9870 32
4297 9215 4
4297 9762 1
4297 9776 1
4297 8800 4
4297 8965 1
4297 9341 1
4297 8698 2
4298 9944 12
4298 9246 6
4298 8602 1
4312 9508 2
4312 9330 2
4323 9093 1
4323 8650 3
4323 9065 2
4323 9905 12
4353 9222 1
4353 9129 1
4365 9924 1
4365 9955 1
4365 8636 1
4365 9917 1
4365 9851 1
4376 9115 4
4376 9560 1
4376 9081 1
4376 9220 1
4380 9776 25
4380 9444 2
4380 9371 1
4403 9813 2
4403 8654 1
4403 8927 2
4403 9940 4
4403 9353 1
4403 9636 1
4403 8591 7
4418 8826 2
4418 9124 9
4418 9300 1
4418 8916 1
4418 9004 1
4418 9608 4
4418 9983 1
4419 9486 1
4419 9789 1
4422 9006 1
4422 8676 21
4423 9128 2
4423 9297 2
4423 9270 1
4423 9870 1
4423 8984 1
4444 8882 1
4444 8746 1
4448 8691 2
4448 8859 1
4465 9811 1
4465 8649 1
4465 9009 1
4466 8854 1
4472 9121 1
4472 9959 1
4472 9590 1
4472 9995 1
4472 9650 1
4484 9479 1
4484 9022 2
4484 9281 1
4484 9070 1
4484 9151 3
4484 9343 1
4484 9726 1
4493 9104 3
4493 9684 1
4493 8744 3
4493 9496 1
4493 9520 14
4495 9493 2
4495 8804 1
4495 8700 5
4495 9510 1
4495 9733 2
4507 8686 2
4511 8785 1
4511 9327 50
4511 8930 1
4511 8866 6
4511 9489 1
4513 9059 1
4513 9902 1
4513 9978 58
4522 8965 1
4522 9240 2
4523 9182 1
4523 8811 1
4530 9053 12
4530 9378 2
4530 8621 2
4530 9349 1
4530 9714 1
4530 9590 1
4534 9085 1
4538 9850 1
4551 8867 1
4551 8989 1
4551 9323 1
4586 9967 2
4586 9528 1
4586 9109 1
4601 8644 1
4601 9981 2
4601 9694 1
4601 9704 1
4601 9765 12
4603 9110 1
4603 8842 1
4603 8991 1
4607 9740 2
4607 9973 1
4607 8649 1
4607 8959 4
4607 9518 1
4622 8750 1
4622 8791 1
4626 9639 10
4626 9410 1
4626 9644 1
4630 8862 2
4630 9351 1
4630 9776 3
4630 9416 2
4630 9055 2
4630 9430 1
4646 9183 2
4646 9308 1
4646 9315 1
4650 9998 2
4660 9983 1
4661 9965 1
4661 9366 31
4663 8995 1
4663 9459 1
4663 8759 1
4687 9567 1
4687 9419 1
4687 9647 1
4687 9175 1
4689 9013 1
4692 9265 1
4692 9619 1
4692 9700 10
4705 8863 1
4705 9635 1
4705 9423 1
4705 8854 2
4705 9448 1
4705 9100 1
4705 8842 3
4705 9240 1
4718 8837 1
4718 8921 1
4723 9217 1
4723 9439 1
4723 9278 2
4732 9040 2
4732 9982 2
4732 9107 1
4741 9300 1
4741 9193 11
4741 9468 12
4744 9767 2
4744 9399 1
4744 9229 2
4744 9570 2
4744 9012 1
4744 9470 6
4744 9546 1
4744 9766 3
4744 9119 1
4756 8816 3
4756 9702 16
4756 9833 1
4756 8668 1
4756 8924 1
4756 9297 1
4756 9504 1
4765 8749 5
4765 9184 1
4785 8971 1
4785 8924 1
4785 9787 1
4785 9505 3
4795 9933 1
4795 9709 2
4795 8681 2
4795 9651 1
4814 8575 3
4814 9196 1
4814 8804 1
4814 8976 2
4814 8625 2
4814 9695 50
4830 8579 1
4830 8645 1
4830 9698 1
4840 9894 1
4840 8838 2
4840 9090 2
4849 9084 2
4849 9857 5
4849 9010 1
4856 9490 1
4856 8985 3
4891 9949 1
4891 9040 5
4891 9201 2
4895 9309 1
4895 8974 5
4895 9287 1
4895 9225 1
4895 8584 1
4895 8720 2
4895 9197 2
4895 9731 13
4895 9562 2
4895 9172 1
4911 9227 1
4911 9211 3
4918 8669 1
4918 9538 2
4918 9094 1
4918 9584 2
4918 9724 1
4922 9958 4
4922 9148 1
4922 9998 1
4922 9705 1
4922 9775 15
4922 8669 1
4922 9669 2
4930 9751 1
4934 9526 1
4934 9238 1
4934 9051 32
4934 9575 6
4934 9590 6
4934 9593 1
4949 9135 1
4949 9087 1
4949 9371 1
4953 9488 1
4953 9121 128
4953 9153 1
4953 9692 2
4961 9530 1
4961 9330 6
4961 8894 1
4961 9181 1
4961 9771 10
4961 8838 18
4961 9985 2
4961 8595 1
4961 9149 4
4965 9448 2
4965 9707 1
4965 9368 1
4965 9369 1
4965 8757 1
4965 9375 2
4965 8902 1
4977 9894 2
4977 9475 1
4998 8766 2
4998 9085 3
4998 9785 25
4998 9682 1
4998 9957 2
5001 9810 1
5001 8848 1
5004 9857 1
5023 8856 4
5023 9842 2
5023 8745 2
5023 8777 2
5023 9008 1
5026 9460 2
5038 8858 24
5038 9920 1
5038 8592 1
5038 8743 1
5038 9023 1
5038 9720 1
5038 9923 1
5047 9748 16
5047 8638 2
5071 9338 1
5071 8995 1
5074 9206 1
5074 9712 1
5082 9806 1
5082 9900 1
5087 9990 1
5087 8708 2
5087 9894 1
5101 9616 11
5101 8912 4
5101 9682 3
5101 9945 7
5103 9614 1
5103 9468 1
5103 9221 1
5103 9670 7
5103 9792 3
5138 9453 1
5138 9690 6
5166 9462 1
5166 9963 1
5182 9183 1
5182 9779 1
5182 9890 1
5201 9559 2
5205 9093 9
5205 9312 3
5205 9596 1
5212 9648 2
5216 9044 1
5216 8948 22
5216 8971 14
5245 9284 1
5245 9300 200
5245 9984 3
5255 9314 1
5255 9624 1
5289 9479 2
5289 9253 1
5289 9790 1
5289 9314 1
5292 8923 3
5292 9187 8
5292 8576 1
5292 9735 1
5307 9018 1
5307 8871 1
5323 9342 1
5326 9827 1
5326 9053 1
5326 8848 1
5326 9472 1
5335 9812 1
5335 9170 2
5335 8673 1
5338 9028 4
5338 9430 1
5338 8963 1
5338 8892 2
5343 9286 1
5343 9246 2
5361 9830 1
5361 9261 1
5361 8769 1
5361 9755 3
5361 9999 1
5365 9054 1
5365 9423 14
5365 9519 1
5365 9011 2
5368 8925 1
5368 9515 2
5368 9698 1
5368 9159 20
5368 9546 4
5384 9176 1
5384 8925 1
5384 9387 1
5384 8875 1
5384 9573 1
5384 9924 1
5387 9284 3
5387 9228 1
5387 8619 1
5387 9548 1
5387 9442 1
5416 9339 18
5416 8655 2
5417 8902 3
5418 9940 1
5418 8754 5
5426 9681 6
5426 9955 1
5426 9165 5
5430 9973 1
5430 9776 1
5447 9073 47
5447 8850 1
5447 9393 2
5447 9255 2
5447 9270 1
5456 9052 1
5456 9427 1
5456 8711 3
5466 9700 1
5466 8850 1
5466 9437 1
5466 9025 2
5466 9651 1
5466 9800 1
5477 8720 3
5477 9696 1
5480 9639 1
5480 8959 7
5484 8563 14
5503 9384 1
5503 8849 1
5514 9402 1
5521 8878 1
5521 9599 3
5521 8889 7
5536 9573 1
5536 9181 1
5536 9910 2
5536 8816 1
5536 9877 1
5541 9068 1
5541 9073 7
5541 8621 6
5541 9018 2
5541 9570 1
5541 9927 1
5551 9089 1
5551 8597 18
5551 9926 3
5551 8787 1
5551 8907 1
5551 9233 2
5551 8952 1
5565 9314 1
5565 9229 1
5565 8718 1
5565 9110 45
5565 9843 5
5567 9563 1
5567 8948 7
5567 9773 1
5567 8805 1
5567 9611 1
5577 9252 2
5612 9500 1
5612 9102 7
5612 9198 5
5612 9952 1
5617 9665 1
5617 9119 2
5617 9231 1
5618 9430 1
5635 8568 1
5635 8811 1
5635 8992 1
5635 9596 7
5635 9393 1
5635 9023 1
5637 9314 12
5637 9470 1
5637 9829 25
5637 8927 1
5637 9822 2
5644 9878 2
5644 8653 2
5654 9651 2
5654 8700 2
5654 9675 20
5654 8898 6
5654 9044 1
5654 9768 1
5656 8857 1
5656 9145 1
5656 9520 4
5656 8824 1
5656 9657 1
5656 9806 1
5656 9046 1
5656 9765 43
5661 9556 1
5661 9890 3
5661 9146 6
5661 8973 1
5661 9745 1
5677 8953 4
5677 9938 2
5677 9427 1
5677 9692 1
5677 9961 6
5683 9669 21
5683 9040 1
5683 9716 2
5683 9030 12
5683 9664 1
5683 9865 1
5683 9233 1
5692 9871 6
5692 9264 1
5692 9148 1
5726 9187 16
5726 9690 1
5726 8604 1
5726 9157 1
5726 9880 1
5726 9964 1
5726 9823 1
5728 9193 1
5728 9556 1
5728 8984 1
5728 9407 1
5728 9452 2
5728 9549 11
5731 8579 1
5731 9016 2
5731 9056 1
5731 9901 1
5737 9542 1
5737 9926 1
5737 9936 2
5737 8583 1
5737 8953 3
5737 8659 1
5737 9998 1
5748 9234 1
5748 9343 10
5748 9925 1
5748 9446 1
5784 9408 9
5784 8772 6
5784 9241 3
5793 8814 1
5793 8564 3
5793 8663 2
5795 9839 1
5795 8815 1
5795 9500 2
5822 9777 1
5822 9495 1
5822 8881 5
5822 8889 2
5822 8866 1
5822 9448 1
5822 9603 1
5822 8910 1
5823 9184 4
5823 9400 1
5823 9204 1
5823 8785 2
5823 9591 1
5849 9119 4
5849 9142 1
5851 8661 3
5851 9255 1
5851 9778 2
5851 8759 1
5851 9917 1
5858 9966 1
5858 9198 1
5911 9542 2
5911 8644 1
5911 9341 1
5911 9545 1
5944 8865 2
5944 8675 2
5944 8826 1
5944 8993 1
5947 8564 1
5947 8628 1
5964 9457 1
5964 8617 1
5968 9588 13
5968 8952 1
5968 9622 1
5968 8592 1
5971 8813 2
5971 9368 5
5971 9797 1
5971 8827 1
5971 9311 1
5987 9430 3
5987 9900 1
5987 9503 1
5987 9939 1
6001 9837 2
6001 9050 1
6001 8805 1
6001 9649 3
6003 9310 1
6003 9559 1
6003 9734 2
6003 8864 3
6003 9867 13
6014 9386 2
6014 9021 1
6014 9210 1
6025 8620 1
6025 9028 1
6025 8743 1
6025 9012 1
6026 9514 1
6026 8971 5
6063 9644 27
6096 9821 4
6096 9240 2
6096 8787 1
6113 9391 1
6113 8572 14
6113 9464 1
6115 8844 1
6150 8681 1
6150 9267 1
6150 8732 4
6150 9781 13
6150 9077 2
6152 8821 2
6152 8701 1
6152 9389 1
6156 8959 5
6156 9954 7
6186 9517 6
6193 9995 1
6195 9035 1
6195 9045 1
6195 9546 8
6195 9734 1
6195 9356 1
6197 8577 1
6197 8593 2
6197 9808 1
6212 9165 1
6212 9002 1
6212 9644 6
6212 9782 1
6215 9713 1
6215 9056 1
6215 9431 1
6225 9657 7
6234 8858 1
6234 8912 1
6234 9555 1
6238 9131 1
6238 9196 3
6256 8765 1
6264 8675 1
6264 8862 1
6274 8900 1
6286 8589 1
6286 8953 1
6290 9084 1
6290 9852 1
6290 9824 1
6298 9775 1
6298 9731 15
6299 8989 1
6299 9294 1
6306 8744 5
6306 9026 1
6306 9206 4
6320 8685 1
6320 9514 1
6320 9285 1
6332 8827 1
6332 8665 2
6332 8783 1
6332 9141 1
6337 8617 1
6337 8976 1
6337 9668 1
6337 9087 1
6337 8725 3
6337 8884 39
6337 8816 1
6337 9599 2
6340 9193 1
6340 9256 1
6340 8930 1
6348 8883 6
6348 9490 105
6348 8989 1
6348 9052 3
6348 9369 72
6348 9987 1
6351 9471 1
6351 9927 3
6351 8935 4
6351 9507 1
6370 9111 1
6370 8850 1
6380 9673 1
6380 9686 1
6383 8731 19
6383 9830 1
6383 9377 2
6383 8742 17
6383 8900 1
6388 9391 1
6388 9162 2
6388 9457 1
6389 8658 1
6401 9187 1
6401 8840 1
6401 9941 1
6404 9352 1
6404 8576 2
6413 9574 1
6413 9705 2
6413 9940 1
6413 8569 15
6425 9510 1
6425 8977 6
6425 9557 1
6433 8707 28
6450 8754 1
6450 9389 2
6450 8583 1
6450 8951 6
6450 9089 1
6450 8633 1
6454 8744 1
6454 8567 2
6454 8707 1
6454 9223 2
6454 9428 1
6464 8917 1
6469 8688 1
6469 9694 1
6469 9437 1
6469 8604 1
6469 9159 1
6469 9185 4
6469 9563 1
6487 8957 1
6487 8982 1
6487 9880 2
6487 9454 1
6495 9888 4
6495 8788 1
6495 9883 1
6511 9909 1
6511 9224 6
6511 9156 1
6511 9468 1
6515 9752 1
6515 9325 1
6515 9456 1
6515 9470 8
6515 9778 1
6515 9859 1
6536 9678 5
6536 9197 1
6536 9879 1
6554 8772 9
6554 9477 86
6558 9539 3
6558 9593 3
6578 9463 1
6595 8928 1
6595 9210 1
6595 8625 2
6614 9598 3
6614 8689 1
6614 9281 1
6614 9643 7
6619 9097 1
6619 9141 1
6619 8580 1
6665 9226 1
6665 8607 1
6665 9903 1
6666 9870 2
6666 9260 3
6666 9710 2
6666 9062 5
6666 9196 1
6674 9880 3
6674 9491 1
6686 9073 2
6686 9003 2
6686 9999 2
6713 9660 1
6713 9506 14
6713 9039 5
6717 8704 1
6717 9086 9
6772 9076 1
6784 8620 1
6784 8786 2
6787 9627 1
6793 8721 4
6793 9342 1
6793 8857 1
6812 9579 5
6812 9315 48
6812 9622 5
6812 9783 1
6812 9830 1
6829 8818 23
6829 9605 1
6829 9714 2
6829 9424 2
6829 8961 6
6847 8684 2
6847 8669 9
6847 9461 1
6847 9675 1
6852 8615 1
6852 9198 1
6852 9867 2
6852 9467 3
6858 9175 2
6868 9310 1
6868 9317 3
6890 8722 2
6890 9202 1
6890 9215 1
6894 9801 5
6894 8711 3
6898 9254 6
6898 9459 1
6898 8916 1
6898 9956 1
6898 8994 5
6898 9545 1
6898 9683 1
6898 9988 1
6898 8924 1
6898 9306 1
6908 9612 1
6908 9145 1
6908 9605 2
6910 9082 1
6910 9557 1
6910 8677 2
6910 9951 4
6910 9388 1
6928 9310 1
6928 9978 1
6928 9422 1
6928 9012 1
6928 8631 1
6932 9451 1
6932 9902 1
6939 9143 1
6940 9514 1
6940 9318 1
6940 9241 1
6940 9854 19
6940 9896 1
6940 8700 1
6940 9018 2
6940 9033 1
6942 9635 1
6942 9693 1
6942 8996 4
6942 9029 1
6942 9926 2
6942 8894 3
6942 8850 2
6942 9723 1
6961 8597 1
6962 8803 1
6962 9121 1
6962 9170 3
6962 8748 1
6962 9435 1
6962 9579 1
6965 8982 1
6977 8591 1
6978 9392 3
6978 9975 14
7002 9018 2
7002 8628 1
7002 9114 191
7002 9187 1
7002 9924 1
7002 9660 1
7025 8984 1
7025 9567 3
7025 9917 2
7025 9233 1
7025 9543 1
7027 9883 1
7027 8734 1
7030 9425 1
7030 9972 2
7030 9289 1
7030 9938 3
7030 8801 1
7049 8625 1
7052 9881 41
7052 9676 2
7059 9553 4
7083 9172 1
7083 8838 2
7083 9685 1
7083 9755 1
7083 9770 1
7083 8992 1
7083 9624 1
7083 9013 2
7083 9689 1
7084 9866 78
7092 8877 1
7092 9844 7
7092 8623 9
7096 9662 1
7096 8651 1
7096 8910 1
7096 9538 1
7108 9178 1
7108 9468 1
7108 9778 2
7108 9471 1
7108 8844 1
7108 9068 1
7108 9158 3
7114 8924 1
7114 9371 1
7114 9865 1
7135 8705 1
7141 8996 1
7141 9656 90
7141 9781 2
7141 9011 1
7149 9833 8
7149 9896 3
7149 8838 1
7149 8886 5
7149 9948 3
7175 9541 2
7180 9328 1
7188 8944 1
7188 9871 2
7189 9325 5
7189 9152 1
7189 9271 1
7189 8594 1
7189 8938 1
7189 9393 10
7189 9848 132
7190 9747 1
7190 9770 2
7190 9953 1
7199 9299 1
7199 9858 1
7199 9888 1
7204 8589 1
7216 8712 1
7216 9055 2
7216 9801 3
7223 9876 10
7223 9057 1
7223 8743 1
7223 9108 24
7223 8664 1
7223 8838 1
7225 8617 3
7225 9930 1
7270 9391 3
7270 9671 1
7277 9500 1
7277 9109 1
7277 9684 1
7277 9905 2
7277 9505 2
7277 9628 1
7278 8892 1
7278 9545 3
7278 9946 1
7278 9638 1
7278 9352 2
7278 9686 13
7280 8577 1
7280 9215 1
7280 8783 1
7280 8815 1
7280 8948 45
7280 9575 1
7280 9783 1
7280 9277 1
7280 9287 8
7280 9794 6
7293 9247 1
7293 9097 5
7293 9110 3
7293 8595 2
7293 8594 1
7293 9208 1
7293 9391 1
7298 8573 1
7298 9702 1
7307 9524 1
7307 8823 1
7307 9830 1
7310 9193 1
7310 9361 22
7310 9774 1
7310 8618 1
7310 9559 1
7311 9634 3
7312 8785 2
7312 9627 1
7318 9298 1
7318 9530 1
7318 9920 1
7318 9323 2
7318 9030 1
7333 9221 2
7333 9196 2
7333 9646 3
7333 8868 5
7333 9224 1
7333 9259 1
7349 9842 2
7349 9517 1
7349 9932 1
7350 8875 1
7350 8807 2
7350 9982 1
7350 9415 2
7350 8901 1
7350 9321 1
7350 9627 2
7366 9676 22
7379 9244 37
7379 9183 1
7396 9828 1
7396 8878 2
7396 9823 1
7398 8688 1
7398 9940 1
7398 9811 2
7398 9958 1
7398 9308 1
7398 9926 1
7400 9646 30
7400 9351 3
7400 9402 1
7436 9053 53
7436 9734 1
7436 9351 1
7436 9387 3
7436 9770 1
7436 9848 4
7436 9317 3
7438 9144 1
7438 8954 1
7438 9560 46
7438 9066 1
7438 8672 1
7438 9447 1
7438 9834 1
7447 9232 1
7447 8804 200
7447 9428 1
7447 9643 1
7447 9271 1
7447 9146 103
7447 9250 1
7447 9335 1
7450 8721 2
7460 9763 1
7460 9003 1
7460 8827 2
7460 9864 2
7460 9053 1
7463 9041 2
7463 8803 2
7488 9799 3
7507 9010 1
7507 8921 1
7507 9608 2
7507 9581 1
7507 8635 3
7512 9707 2
7512 9432 5
7512 9898 4
7512 8951 2
7512 9461 2
7512 9539 1
7529 9285 1
7529 9707 1
7529 9944 1
7542 9238 1
7542 9667 1
7542 8605 1
7542 9234 1
7546 9870 2
7546 9953 1
7546 9956 1
7546 9564 2
7549 9206 1
7549 9821 2
7549 8913 1
7549 9097 1
7549 9397 1
7553 8761 1
7553 8955 53
7553 9511 2
7553 9727 1
7557 9101 2
7557 9115 52
7557 9607 2
7559 9117 6
7559 9959 1
7559 9590 3
7559 8905 19
7559 9639 2
7559 9104 3
7583 9925 1
7583 8622 1
7583 8640 1
7583 9453 1
7599 8790 1
7609 8951 1
7609 9812 2
7613 9798 1
7613 9311 11
7613 9744 1
7624 9733 1
7634 9771 1
7634 9328 2
7634 9583 2
7634 9268 1
7634 8661 1
7634 9812 1
7639 9340 1
7639 9881 1
7640 9440 9
7640 9487 1
7640 9800 1
7643 9230 2
7682 9489 1
7682 9527 3
7682 9152 1
7682 9538 1
7685 9821 2
7685 9672 1
7713 9045 2
7713 9837 12
7713 9876 1
7713 9225 1
7713 9503 1
7717 8954 1
7720 8867 1
7720 9141 1
7720 9542 5
7720 9890 9
7720 9122 3
7739 8857 1
7739 9684 6
7739 9673 4
7747 9563 20
7747 9763 1
7772 9749 1
7772 8953 1
7772 9784 1
7787 8648 4
7787 9705 3
7794 8858 1
7794 9714 1
7814 8750 1
7814 8861 3
7838 9061 1
7838 9950 1
7838 8652 1
7838 8875 1
7845 9289 1
7845 8823 6
7845 9346 1
7845 8726 1
7845 9478 1
7856 8836 1
7856 9536 1
7856 9688 1
7856 8833 1
7860 9088 1
7879 9536 1
7879 8573 1
7879 9524 2
7879 9847 4
7879 9866 1
7879 9238 2
7879 9002 1
7879 9305 1
7879 9876 1
7881 8638 1
7903 9534 22
7903 8704 2
7903 8814 1
7903 9426 1
7903 9739 2
7903 9803 2
7921 9141 18
7921 9437 1
7921 9367 15
7929 9118 1
7929 9955 1
7929 9353 8
7929 9623 1
7943 8863 3
7974 9225 2
7974 9222 1
7974 8591 2
7974 8796 2
7974 9894 1
7974 9422 3
7974 9959 1
7980 9046 11
7980 9975 1
7980 9772 1
7980 9581 1
7992 9864 5
7995 8580 5
7995 9038 2
8024 9469 8
8024 9032 1
8024 9811 1
8040 9521 1
8040 9897 1
8040 8692 1
8040 9372 1
8040 9638 1
8040 9269 1
8040 9660 1
8040 9900 1
8060 9792 1
8060 9785 1
8064 8744 1
8064 9817 9
8064 9339 3
8064 9661 3
8064 9797 2
8068 9861 23
8068 9690 2
8070 8968 1
8070 8984 1
8070 9497 1
8070 8856 3
8070 9142 2
8070 9842 1
8075 9333 10
8075 9618 4
8075 9085 1
8075 9115 1
8075 9246 12
8075 9868 1
8078 9978 20
8078 9340 6
8078 9923 1
8095 9526 16
8095 9712 3
8095 9265 2
8095 9863 6
8132 9628 6
8132 9466 1
8132 9791 1
8132 9058 2
8132 9512 1
8132 9695 2
8132 9903 1
8142 9791 11
8147 9953 2
8147 9434 1
8147 9424 1
8147 9828 1
8159 9918 2
8159 8837 8
8159 9052 2
8159 9865 1
8159 8666 3
8159 8569 1
8159 9843 1
8173 9556 1
8174 8694 1
8174 9695 1
8174 9084 1
8174 8628 1
8174 8725 1
8174 9386 1
8174 9800 1
8174 8584 1
8174 9854 1
8177 9284 1
8177 9121 1
8177 8886 3
8177 9547 1
8179 8851 1
8179 9399 1
8196 8738 1
8200 8584 1
8200 9312 1
8200 9245 1
8276 9481 1
8276 8965 1
8276 9359 2
8289 9713 1
8289 9447 1
8290 8939 2
8290 8956 1
8311 9052 1
8317 9778 1
8317 8755 2
8317 9641 7
8317 8974 2
8333 9648 1
8333 9156 3
8333 9336 1
8342 9339 1
8342 9029 1
8353 9854 1
8353 9806 1
8363 9305 1
8376 8918 2
8376 9501 1
8376 9649 1
8376 9080 1
8405 9194 4
8405 8567 1
8405 9557 2
8417 9524 2
8417 8630 1
8417 9541 1
8451 9363 1
8451 8722 1
8454 8686 2
8454 8738 6
8454 9803 1
8456 8913 1
8456 8707 2
8456 9723 1
8456 9997 1
8469 9299 1
8469 9714 2
8469 8791 1
8469 9880 1
8484 9316 1
8521 9415 2
8521 9612 1
8525 9108 1
8525 8780 1
8525 9325 1
8525 9898 5
8528 9557 1
8528 9575 1
8528 9807 1
8528 8992 3
8528 9752 1
8548 9871 2
8548 9821 1
8548 9528 1
8548 9077 1
8548 9470 2
8548 9054 160
8549 9717 1
8553 9143 8
8553 9828 3
8553 9497 3
8553 9086 5
8553 9103 2
8563 8767 2
8564 9654 2
8564 9420 3
8566 8937 2
8566 9017 1
8570 8963 1
8570 9153 1
8570 9817 1
8570 9307 1
8570 9843 2
8570 9829 3
8570 8739 7
8570 9293 1
8570 9528 2
8571 9985 1
8573 8717 1
8574 9746 2
8574 9723 3
8574 9230 1
8577 9024 1
8577 8600 1
8577 8966 1
8578 8926 1
8578 8988 2
8579 8870 1
8581 9377 1
8581 9627 1
8581 9859 3
8582 9312 1
8582 8597 3
8582 9360 1
8582 9917 1
8583 8990 1
8585 8649 31
8585 8633 1
8585 8721 2
8586 9664 3
8586 8943 5
8586 9271 1
8586 8617 1
8586 9237 1
8587 8802 1
8587 9073 1
8588 9846 1
8588 9935 1
8589 8671 1
8590 9368 6
8594 8908 2
8598 9006 134
8599 9824 1
8599 9400 4
8600 9314 1
8600 8759 3
8600 9876 1
8601 9039 3
8601 9323 4
8601 9504 5
8601 9194 1
8601 9988 1
8602 8936 1
8603 8874 1
8604 8825 160
8604 8958 3
8604 9589 8
8606 8876 2
8608 9563 5
8608 9704 1
8608 9167 5
8610 9650 2
8610 8779 1
8610 8891 1
8610 9995 1
8611 8661 1
8611 9010 2
8611 9423 1
8611 8951 2
8611 9490 1
8611 8648 1
8611 9084 1
8611 9789 1
8614 9440 1
8616 9558 1
8619 8958 1
8619 8860 1
8619 8970 3
8620 8714 3
8620 8904 1
8621 8789 3
8621 8981 2
8623 8710 3
8624 9609 78
8624 9231 5
8624 8800 2
8624 8994 1
8626 9426 1
8626 9862 2
8626 9721 13
8626 9372 1
8627 9696 1
8628 8950 1
8629 9090 1
8629 9810 2
8631 8819 1
8632 9463 1
8632 8895 1
8632 8957 1
8632 9737 1
8632 9920 1
8633 8958 1
8634 9198 1
8634 9536 2
8634 9849 20
8636 8888 4
8636 8960 1
8637 9133 1
8637 8918 1
8638 8695 1
8639 9799 2
8639 9541 2
8639 9643 1
8640 9652 1
8641 8956 1
8641 9394 1
8642 9485 1
8643 9296 4
8646 9103 1
8646 9834 4
8646 9206 1
8647 9876 1
8647 9275 1
8647 9950 3
8647 9059 1
8651 8926 1
8651 8966 1
8652 9379 1
8654 8771 6
8655 9001 1
8656 9687 1
8656 9439 1
8656 9469 4
8657 9953 1
8657 8761 1
8658 9098 1
8658 9420 1
8660 9369 1
8661 9337 7
8662 9164 6
8662 9191 1
8663 9373 1
8665 8729 1
8667 9682 1
8667 9612 1
8667 9215 1
8670 9045 31
8671 8806 1
8671 9847 1
8671 9524 1
8672 8847 2
8673 8812 1
8674 9856 5
8674 8978 1
8674 9357 1
8674 9707 5
8675 8687 1
8677 8751 1
8678 9856 6
8678 8993 1
8678 9119 9
8678 8862 4
8678 9982 1
8678 9029 13
8678 9961 2
8678 9648 3
8678 9777 1
8679 9471 1
8679 9610 6
8680 9524 1
8680 9883 1
8680 9978 1
8680 9085 13
8681 9993 1
8681 8794 1
8683 9000 1
8683 8832 8
8683 8775 1
8684 9974 6
8685 8715 3
8687 8906 1
8687 9151 1
8687 9007 1
8687 9230 1
8687 9688 1
8687 9223 1
8687 9804 1
8687 8977 2
8687 8996 21
8687 9888 4
8690 9632 2
8692 9630 1
8693 8830 1
8694 8879 1
8695 8705 14
8695 9125 1
8695 9227 1
8695 9457 1
8695 9462 1
8696 9673 1
8697 8712 1
8697 9167 1
8697 9391 1
8699 8794 2
8699 8819 4
8699 8781 3
8701 8715 1
8702 8786 13
8702 9985 1
8702 9477 1
8702 9038 1
8702 9873 2
8702 9934 1
8703 8934 2
8703 8945 1
8706 9747 2
8706 9016 4
8706 8898 1
8706 9081 2
8706 9227 1
8706 9596 1
8706 8943 1
8707 8727 1
8709 8874 3
8709 9626 1
8713 9226 1
8713 9267 1
8713 9479 1
8713 9684 6
8715 9080 1
8715 9949 3
8716 9367 1
8716 9061 1
8716 9014 1
8717 9135 1
8717 9905 1
8717 9857 1
8717 9038 1
8717 9858 3
8717 9881 1
8718 9994 3
8719 8887 1
8722 8794 1
8723 9686 1
8723 8933 1
8723 9234 1
8724 9480 1
8724 9672 1
8724 8733 3
8724 8900 5
8724 9676 1
8724 8865 1
8727 9090 1
8727 9724 4
8727 9261 2
8727 9042 1
8727 9387 1
8728 9939 1
8728 8983 7
8729 9965 1
8729 8732 1
8729 8902 2
8729 8757 2
8730 9907 1
8730 9731 3
8732 9015 1
8733 9855 5
8734 8941 13
8736 9953 3
8736 9833 1
8738 8929 1
8739 8987 3
8740 9724 5
8740 9625 4
8741 9503 12
8745 9098 1
8745 8988 9
8747 9756 2
8747 8905 1
8747 9019 2
8747 8940 1
8747 9245 5
8749 8763 1
8751 9359 1
8753 9235 1
8753 9903 1
8754 9831 1
8754 9098 1
8755 9632 3
8756 9577 1
8758 9211 1
8760 9244 1
8760 8923 2
8761 9577 1
8762 9589 1
8763 9950 19
8763 9520 1
8763 9939 158
8763 9918 1
8764 8773 2
8767 9014 1
8767 9107 2
8767 8818 24
8767 9643 2
8767 9854 1
8767 8872 1
8767 9425 34
8768 9481 20
8769 9379 1
8770 9084 3
8770 9859 1
8770 9753 5
8770 9873 1
8771 9655 1
8771 9254 1
8771 9841 1
8771 9472 2
8771 8875 2
8771 9131 6
8771 9058 2
8772 9037 1
8772 9893 1
8773 9033 22
8773 9546 3
8773 9823 8
8773 8854 1
8773 9675 1
8773 8806 1
8773 9168 1
8773 9563 1
8773 9972 1
8774 9859 1
8774 9042 3
8774 9201 2
8774 9827 1
8775 9530 1
8775 9539 3
8775 9688 2
8775 8943 1
8775 9661 3
8775 9133 1
8776 9708 1
8776 8972 1
8778 9724 1
8778 8865 1
8778 9364 2
8778 9405 1
8778 9609 1
8778 9368 1
8778 9829 1
8778 9238 1
8778 9466 1
8779 8817 1
8779 8908 1
8779 8794 1
8781 9700 1
8781 9725 4
8781 8883 1
8781 9647 1
8782 9219 6
8782 9531 2
8783 8798 1
8783 9845 2
8784 9813 3
8785 9313 1
8786 9994 2
8789 9349 2
8789 9655 1
8789 9723 1
8789 8804 1
8789 9268 2
8789 9515 1
8792 9072 4
8792 9803 1
8794 9508 1
8794 9647 2
8794 8951 2
8795 9794 1
8795 8894 1
8796 8887 1
8797 9633 2
8797 9397 1
8797 9987 2
8798 9260 1
8798 9261 2
8798 8905 1
8798 9286 1
8798 9307 2
8798 8851 3
8798 9979 1
8799 9453 2
8801 8897 1
8802 9163 2
8804 8825 3
8808 9408 2
8808 9954 1
8808 9036 1
8809 9916 1
8810 9287 1
8810 8925 1
8810 9844 1
8811 9621 8
8812 9559 38
8812 9168 4
8812 9495 1
8813 8845 1
8817 9402 1
8817 8836 1
8817 8850 1
8817 9789 2
8817 9756 1
8819 9734 1
8819 9094 3
8819 9774 2
8820 9105 2
8821 9602 154
8822 9608 9
8822 9813 4
8825 8902 1
8825 9131 4
8825 8868 1
8825 9353 15
8825 9787 4
8826 9577 1
8828 9270 1
8828 9004 2
8829 8960 1
8829 9049 2
8831 9273 2
8831 9555 1
8832 8884 1
8832 9225 1
8832 9354 2
8834 9608 3
8834 8996 1
8834 9182 1
8834 9328 2
8834 9864 1
8836 8960 1
8837 8846 3
8838 9741 83
8839 9460 1
8839 8979 1
8839 9097 1
8841 9227 1
8841 8857 1
8841 9303 1
8841 9419 4
8841 9595 1
8842 9632 3
8843 9346 1
8843 9953 98
8843 9074 1
8843 9057 7
8843 9424 4
8845 9739 2
8845 9475 19
8845 9973 1
8846 9153 1
8847 9164 1
8847 9808 1
8847 9102 1
8847 9642 1
8849 8911 200
8850 9047 4
8851 9079 4
8851 9993 1
8852 9756 1
8852 9638 7
8852 9821 2
8852 8933 2
8852 9897 1
8853 9817 1
8853 8907 7
8853 9282 9
8855 9600 3
8859 9831 34
8860 9686 1
8860 9369 4
8860 9430 9
8866 9049 1
8867 9000 1
8869 9305 7
8869 9895 2
8869 9437 1
8870 9278 2
8870 9366 2
8871 9630 1
8872 8950 1
8874 9141 1
8874 9074 1
8874 9763 1
8874 9368 1
8874 9861 1
8876 9070 1
8876 9260 1
8876 8918 1
8876 9724 2
8876 9742 1
8876 9136 2
8876 9286 3
8877 9697 57
8878 9049 1
8879 8927 2
8879 9031 1
8879 9165 1
8879 9185 1
8882 9855 1
8882 8937 1
8885 9604 1
8885 8975 1
8887 8957 1
8887 9110 1
8887 9242 1
8887 9310 1
8888 9555 1
8888 9866 1
8888 9961 1
8889 9589 1
8890 9711 2
8890 9799 1
8891 9098 1
8892 8934 1
8895 8937 3
8896 8905 4
8897 9125 1
8897 9944 1
8899 8963 1
8902 9937 1
8903 9609 200
8903 9552 3
8903 9895 2
8904 8952 1
8904 9057 2
8904 9508 1
8906 8966 7
8906 8932 1
8907 9017 1
8908 9424 1
8908 9535 1
8908 9618 1
8908 9913 1
8909 9997 1
8909 9518 3
8909 9581 1
8909 9264 2
8910 9993 1
8911 9449 1
8911 9110 3
8911 9785 1
8911 9553 3
8914 8936 2
8915 9077 1
8917 9037 2
8919 9770 1
8920 9477 30
8920 9150 1
8920 9745 1
8922 9372 8
8925 9098 1
8926 9885 1
8926 9281 2
8926 9703 1
8928 9037 2
8929 9717 3
8931 9440 1
8931 9564 1
8931 9074 1
8931 9762 5
8932 9452 1
8934 9623 1
8934 9662 1
8936 9564 3
8936 9286 5
8936 9013 2
8936 9260 1
8937 9269 38
8937 9023 25
8937 9982 5
8937 9619 5
8937 9772 1
8941 9484 1
8941 9507 2
8941 9526 7
8941 9776 1
8942 9247 1
8945 9234 1
8945 9685 1
8947 9275 6
8947 9435 1
8947 9148 2
8947 9318 91
8947 9842 2
8949 9342 1
8949 9441 1
8950 9595 1
8955 9630 1
8958 9178 1
8958 9088 23
8958 9989 1
8958 9399 1
8958 9512 1
8958 9821 1
8959 9831 1
8960 9957 1
8960 9044 3
8960 8971 12
8960 9278 1
8962 9033 2
8962 9534 1
8964 9525 62
8966 9265 83
8966 9360 1
8966 9608 1
8967 9459 1
8968 9331 4
8969 9844 6
8969 8973 2
8970 9792 1
8970 9041 1
8970 9711 1
8972 9016 1
8972 9476 6
8975 9815 8
8975 9631 1
8976 8980 2
8980 9765 1
8981 9125 1
8981 9033 17
8987 9634 3
8988 9896 1
8988 9361 2
8988 9206 5
8988 9265 3
8988 9388 1
8988 9905 1
8988 9944 117
8989 9429 6
8990 9433 1
8997 9136 2
8997 9886 2
8998 9558 3
8998 9423 3
8998 9460 1
8999 9300 1
8999 9527 3
9000 9486 1
9001 9538 1
9001 9203 3
9001 9250 1
9002 9589 1
9005 9638 1
9005 9299 1
9005 9349 2
9005 9361 1
9005 9401 1
9005 9951 6
9015 9042 1
9015 9665 2
9016 9831 3
9016 9921 2
9019 9304 4
9024 9886 1
9024 9386 5
9026 9626 1
9029 9414 1
9029 9630 1
9034 9145 1
9034 9717 1
9034 9120 18
9034 9136 1
9034 9957 1
9034 9403 2
9034 9790 5
9034 9835 1
9035 9098 1
9037 9278 1
9037 9634 1
9037 9226 1
9037 9423 1
9043 9998 1
9043 9284 1
9046 9613 1
9048 9263 3
9049 9317 2
9049 9215 1
9049 9748 1
9049 9924 6
9055 9304 1
9068 9632 1
9069 9464 1
9069 9636 1
9073 9160 1
9074 9722 2
9076 9192 6
9076 9420 2
9079 9673 1
9079 9536 1
9079 9562 1
9083 9286 1
9091 9652 1
9092 9313 29
9098 9716 1
9098 9710 4
9098 9587 1
9098 9614 1
9098 9125 5
9098 9685 1
9098 9457 1
9098 9364 1
9098 9817 2
9104 9602 11
9117 9429 11
9117 9450 14
9120 9855 1
9122 9163 1
9124 9893 2
9126 9602 1
9133 9438 2
9144 9163 2
9160 9363 1
9160 9433 2
9163 9178 2
9164 9373 1
9165 9602 6
9171 9818 1
9176 9831 1
9192 9440 1
9192 9567 1
9194 9373 1
9199 9398 1
9207 9512 1
9207 9448 1
9218 9943 1
9223 9438 1
9231 9741 2
9244 9809 1
9247 9414 1
9256 9722 1
9259 9697 3
9262 9344 2
9263 9567 1
9263 9751 1
9267 9993 1
9285 9420 1
9294 9893 13
9296 9474 1
9296 9478 3
9296 9976 4
9304 9415 3
9304 9896 1
9305 9414 1
9308 9621 1
9312 9632 1
9313 9861 1
9313 9964 1
9313 9558 1
9313 9681 1
9327 9942 7
9331 9775 6
9333 9626 24
9352 9659 1
9354 9845 1
9354 9438 3
9360 9450 2
9363 9815 1
9367 9809 3
9373 9584 11
9373 9956 1
9379 9542 2
9379 9393 1
9379 9496 1
9379 9473 1
9394 9626 1
9397 9566 1
9407 9921 1
9407 9566 4
9414 9973 1
9414 9931 9
9420 9861 1
9420 9762 1
9432 9831 2
9436 9631 1
9438 9882 5
9438 9471 1
9442 9577 18
9463 9974 1
9471 9809 1
9480 9630 7
9485 9855 1
9499 9994 2
9503 9815 2
9519 9630 1
9556 9831 4
9556 9632 2
9562 9652 1
9566 9783 2
9566 9610 3
9573 9937 1
9588 9654 1
9589 9982 1
9598 9893 1
9600 9849 200
9602 9667 1
9602 9904 1
9602 9965 1
9613 9715 2
9621 9642 1
9621 9861 16
9621 9788 1
9622 9845 2
9630 9656 1
9632 9975 2
9635 9921 2
9637 9654 1
9641 9993 1
9641 9741 1
9656 9937 1
9664 9916 2
9674 9809 1
9678 9993 2
9691 9937 2
9713 9815 1
9721 9893 2
9722 9920 1
9722 9904 1
9722 9911 1
9741 9881 1
9741 9900 1
9741 9958 1
9747 9974 2
9765 9780 1
9797 9937 16
9815 9997 1
9831 9927 1
9833 9974 1
9845 9903 2
9845 9900 1
9848 9993 1
9855 9940 3
9855 9960 1
9893 9970 2
9893 9927 5
9901 9916 1
9941 9993 1
