33 9394 1
33 8660 6
33 9383 1
36 9256 2
36 8895 1
36 9017 4
44 8870 1
44 8998 1
44 9720 11
44 8577 33
61 9201 1
61 9755 11
61 9770 2
61 8582 1
61 9045 1
61 9125 1
61 9412 3
79 9206 1
79 8740 2
79 8855 1
85 9638 1
85 9615 1
85 8876 1
85 9947 1
101 8630 1
101 9487 1
101 9269 1
101 9774 1
101 9555 1
101 8647 1
101 8825 6
106 8584 1
106 9212 2
106 9388 2
106 9862 1
106 8604 1
106 9355 1
106 9191 1
106 9444 1
106 9974 1
113 9144 2
113 9437 1
116 9961 1
116 9099 2
116 9212 9
116 9594 2
116 8724 1
118 9970 1
118 9325 1
118 9115 7
118 9218 1
118 9530 1
118 9769 1
118 9634 2
118 8535 1
141 8680 2
141 9689 1
141 8581 2
141 9808 1
144 8697 1
144 8760 1
144 9334 1
144 8533 1
144 9936 1
144 8867 3
144 9025 2
144 9704 2
153 9869 4
158 8981 1
158 8984 1
158 9351 6
158 9391 1
158 9634 18
161 9622 1
161 9818 3
168 9914 2
168 9564 1
194 9847 1
194 9043 1
194 9653 1
194 9662 1
194 9761 1
195 9820 33
221 8655 3
221 8754 1
221 8805 1
229 8658 1
229 8906 1
229 9570 1
231 9652 1
231 8529 2
231 9371 1
231 8713 1
231 9255 31
231 9808 3
252 8725 1
252 8848 1
272 9716 4
272 9673 6
272 8574 2
272 8696 1
272 9782 15
272 9630 1
274 8905 2
274 9530 1
274 8767 1
274 8942 1
274 9834 1
274 9937 4
274 9029 1
274 9873 1
274 8890 1
274 9077 1
274 9694 1
276 9033 1
276 8803 1
281 8910 8
281 9310 1
281 9513 1
281 9877 1
281 8544 1
281 9434 1
298 8672 1
298 8834 2
298 9338 1
298 9723 50
321 9628 2
321 8805 27
321 9882 2
321 8713 1
321 8816 15
321 9150 1
331 9778 3
331 8761 1
331 9541 1
343 9177 1
343 9315 18
343 9919 1
343 9244 1
343 9599 1
343 9656 1
343 9721 1
346 9661 1
359 8617 1
359 8751 2
359 9085 1
359 9126 1
359 9576 2
377 8543 3
377 9500 1
377 8936 5
377 9156 1
377 9226 1
385 9984 1
385 8891 2
385 8555 1
385 9464 1
385 8988 3
403 8564 1
403 8891 1
403 9095 1
445 9309 2
445 9949 1
445 8736 2
445 8897 5
448 9975 1
448 8630 2
464 9054 4
464 9167 2
470 8739 6
470 8962 7
470 9271 6
470 9719 1
486 9647 2
486 9850 34
486 9587 1
486 9055 2
486 9152 1
486 9758 1
486 9782 1
486 8843 11
495 9433 1
495 9009 2
495 9500 1
495 9881 1
539 8915 12
539 9810 1
539 9295 1
548 9748 1
548 8661 2
548 9989 1
548 8592 2
548 9189 1
548 9223 2
548 9451 1
548 9040 2
548 9083 4
548 9225 1
556 9004 1
565 9485 6
565 9401 1
574 9462 1
574 8543 1
576 9321 1
576 9404 14
576 9689 1
583 8860 1
583 9002 10
583 9227 3
583 9927 1
591 9517 1
591 8901 7
591 8992 3
591 9022 1
591 9092 4
591 8872 1
591 9539 1
612 9740 1
612 9332 1
612 9387 2
612 9312 1
613 9620 1
613 9244 3
620 8612 1
620 9799 1
620 9528 1
620 9186 4
631 9059 1
631 9795 14
633 9864 3
633 9542 8
633 9666 43
633 9831 1
636 9328 1
636 9920 1
636 9283 3
636 9099 1
636 9614 1
637 9654 1
637 9674 3
645 8742 1
645 9186 2
645 8628 1
645 9400 1
645 9043 1
645 9488 2
645 9500 11
664 8740 37
664 9123 5
664 9177 1
664 9239 1
674 9848 1
674 9334 1
674 9970 2
675 9886 1
675 8718 6
675 8787 1
678 8557 1
678 8691 1
678 9349 8
678 9027 1
700 9204 71
700 9718 2
700 9604 2
700 9723 8
700 9186 1
703 9522 4
703 8641 3
703 8757 2
703 9192 1
703 9729 1
707 9126 1
742 9911 8
742 9981 2
742 9322 2
742 8617 1
742 9675 1
747 9565 1
747 9726 1
747 8549 200
747 9462 1
747 9943 1
747 9973 2
758 9994 1
758 9630 6
758 9226 118
765 9443 1
782 9776 2
782 8636 1
782 9307 5
785 8668 1
785 8867 2
791 9181 2
791 9834 1
794 9269 1
794 8650 2
794 8533 34
794 9772 1
794 9988 3
794 8786 1
794 8842 1
794 9816 1
794 9716 2
806 8771 2
806 8874 3
806 9692 14
806 9718 1
806 8529 2
806 9169 1
806 9164 18
806 9608 1
806 9714 1
813 9801 1
813 8642 2
818 8776 1
818 8893 1
818 9912 2
818 9772 3
821 9091 2
821 9206 2
821 9040 1
821 9476 1
821 9611 1
821 8788 1
821 9585 1
825 9136 11
825 9238 1
846 9604 1
846 9710 1
846 8576 1
846 8839 1
846 9963 1
856 8902 1
856 9640 1
856 9957 2
856 9982 2
856 9123 1
856 9904 5
856 8729 1
856 9838 1
859 9864 1
859 8607 1
859 9344 1
870 9407 1
870 9938 7
912 9238 3
912 9564 1
912 9804 1
912 8589 2
912 9521 1
913 9907 1
913 9355 1
913 9992 5
927 9252 8
927 9590 1
927 8986 1
927 9824 1
927 9926 1
927 9470 1
931 9177 9
931 9226 1
931 9517 1
944 9445 1
944 9673 7
951 9399 1
951 9115 1
951 8889 1
951 9164 1
970 8734 4
970 8757 1
970 9698 1
970 8901 1
970 9254 1
970 9310 1
974 9992 1
974 9591 2
974 8661 1
974 9907 1
974 8692 1
974 9969 2
987 9537 1
987 8840 1
994 9795 1
994 9762 1
994 8983 1
994 9629 2
994 8864 1
998 8988 1
998 9187 1
998 8807 5
998 9474 1
998 9677 4
998 9820 5
1017 9894 1
1017 9353 1
1017 8540 1
1017 9985 5
1017 9257 1
1017 9590 1
1028 8872 2
1028 9188 1
1028 9352 1
1028 9370 1
1047 8713 10
1047 9271 1
1047 9915 4
1047 9948 1
1058 9122 1
1058 9817 1
1058 8614 2
1058 8856 1
1058 9558 2
1058 9727 23
1058 9913 1
1058 9145 4
1059 9311 1
1061 9694 3
1062 9338 2
1069 9102 5
1069 8838 8
1069 9091 16
1078 9407 3
1094 8600 8
1094 8794 1
1094 9036 1
1094 9282 1
1106 9378 1
1106 8899 1
1106 8948 3
1106 9985 1
1126 9570 1
1126 9540 1
1126 9014 1
1126 9565 2
1126 9864 1
1133 9286 1
1133 9708 1
1133 9924 3
1161 9220 2
1161 9788 1
1163 9064 1
1163 9083 1
1163 8810 10
1163 9504 1
1170 8754 1
1170 8587 1
1182 8639 9
1182 9715 1
1182 8533 2
1182 9229 1
1182 8845 1
1186 9059 1
1186 9109 2
1186 8584 1
1186 9975 3
1186 8940 1
1208 9133 1
1208 8573 4
1208 9974 55
1208 9049 1
1225 9931 1
1225 9438 2
1230 8787 1
1230 9716 1
1230 8680 1
1230 9702 1
1243 9505 1
1243 9192 1
1243 9363 3
1243 9269 2
1243 8551 1
1244 9079 1
1244 8622 1
1244 9124 2
1283 8753 2
1283 8999 1
1283 9739 1
1283 9893 3
1283 8908 1
1283 8979 1
1298 9332 2
1298 9019 1
1298 9358 1
1298 9491 1
1298 9452 1
1298 9554 1
1313 8910 1
1313 9696 3
1315 8921 4
1315 9451 2
1315 9011 2
1315 9562 2
1324 9053 2
1324 9662 3
1325 9348 1
1325 9944 1
1325 9184 1
1325 9710 10
1325 9711 1
1325 9774 2
1348 9892 1
1353 9263 1
1353 8602 30
1356 9285 1
1356 8910 1
1356 9046 1
1366 8840 7
1366 9336 1
1366 9480 4
1366 9773 1
1366 9948 1
1366 9272 1
1366 9886 3
1367 8906 47
1367 9395 2
1367 9564 2
1367 9544 12
1367 8872 1
1367 9074 9
1367 9851 1
1401 9153 23
1401 8529 17
1401 9626 15
1420 8698 2
1423 9349 1
1423 9834 13
1423 9117 1
1423 8830 1
1423 9460 1
1423 8848 1
1424 9203 1
1424 9312 1
1438 8931 1
1438 9247 1
1438 8984 40
1438 8790 3
1438 8717 1
1455 8582 2
1457 9283 1
1457 9729 14
1457 9053 1
1459 9422 1
1459 9005 2
1459 8597 2
1459 9981 1
1459 9763 9
1482 9138 1
1482 8863 1
1493 8764 1
1493 9841 1
1493 9282 1
1520 9602 1
1520 8761 2
1520 9534 10
1520 9594 3
1520 9260 4
1520 9891 4
1520 9189 1
1520 9297 1
1534 9571 1
1534 9446 1
1553 9694 2
1553 9774 3
1553 8866 1
1553 9251 8
1553 8927 1
1562 8616 13
1562 8855 4
1562 9190 1
1562 9501 12
1562 8581 1
1575 9199 1
1575 9690 1
1575 9920 2
1575 9936 1
1575 9467 1
1575 9594 1
1577 9969 1
1577 9788 2
1577 9100 3
1577 9688 1
1577 9770 1
1580 9190 1
1580 8794 8
1580 9804 1
1580 9682 1
1580 8547 1
1580 9485 1
1587 9551 4
1587 8677 1
1587 9636 1
1591 9379 4
1591 8820 4
1591 9551 2
1591 8827 1
1594 9736 1
1594 9750 1
1594 9867 1
1597 8936 1
1597 9053 3
1597 9189 4
1597 9628 2
1597 8742 1
1597 9324 1
1597 9964 1
1603 9202 1
1603 9433 1
1603 9512 2
1603 9741 1
1603 8669 2
1603 9030 1
1603 9193 1
1609 9674 1
1609 8580 4
1614 9368 1
1614 9808 1
1614 9873 1
1614 9046 1
1614 9029 2
1614 9215 2
1631 9435 1
1631 8976 3
1631 8921 1
1631 9753 1
1637 9370 1
1637 9352 1
1637 9757 1
1637 8903 3
1637 9373 4
1640 9083 4
1640 8761 1
1640 9044 1
1640 9218 1
1640 9040 1
1640 9308 2
1640 9807 1
1653 9161 1
1653 9818 1
1653 9375 1
1653 8923 1
1659 8729 1
1659 9807 1
1660 8592 29
1660 9059 1
1663 9633 1
1663 9134 1
1663 9545 1
1663 9885 2
1667 9715 2
1667 9452 10
1667 8586 1
1667 9252 1
1674 9411 1
1674 9767 1
1675 8690 1
1675 9899 2
1677 9829 85
1677 8736 1
1677 8980 4
1677 9262 1
1677 9946 1
1677 8697 1
1677 9343 2
1684 9060 2
1684 9730 1
1684 9282 1
1684 9798 1
1684 9864 2
1684 9617 1
1684 9782 1
1684 9835 1
1706 9937 6
1706 9499 2
1706 8597 1
1706 9953 1
1709 9933 1
1709 9093 2
1709 9618 1
1709 9568 2
1709 9760 6
1735 9012 1
1735 9334 111
1742 9500 2
1742 8872 4
1743 9701 1
1743 8793 3
1743 8906 1
1764 8604 5
1764 9720 2
1764 8913 1
1770 9673 1
1770 8912 1
1780 9949 1
1780 8625 8
1780 9570 1
1794 9732 2
1794 8854 5
1803 9239 1
1805 8728 1
1805 8545 1
1805 8658 1
1805 9275 1
1816 8701 4
1831 9245 1
1831 9212 1
1831 9580 2
1840 9714 3
1840 9196 15
1840 9850 1
1854 9806 1
1862 9127 1
1862 9894 4
1895 9926 5
1895 9884 2
1902 9039 5
1902 9644 1
1902 9955 2
1907 9403 2
1907 8982 1
1907 9361 1
1907 9871 1
1907 9901 1
1920 8587 1
1920 9819 3
1920 8734 1
1932 9993 1
1932 9670 1
1932 9343 1
1932 9822 1
1932 8577 4
1932 9709 1
1944 9553 1
1944 8672 2
1944 9071 1
1944 9577 4
1944 9602 1
1944 9699 18
1944 9969 1
1987 8771 1
1987 9989 1
1990 9130 2
1990 9977 1
1990 9983 4
1995 9154 18
1995 8573 3
1995 9606 5
2001 9583 5
2001 8825 1
2001 9319 1
2001 8696 1
2001 9104 1
2001 8639 5
2001 8889 1
2001 8996 7
2001 9582 4
2004 9426 1
2004 8721 1
2004 8690 5
2004 9223 9
2025 9901 1
2025 9004 1
2025 9653 2
2043 9823 3
2043 9413 1
2054 9967 1
2054 9666 1
2054 9261 4
2068 9717 1
2069 9811 1
2069 9277 40
2069 9707 2
2096 9558 3
2108 8567 1
2108 9861 1
2108 9212 12
2108 9215 1
2108 9051 1
2108 9705 1
2108 9566 2
2108 9877 1
2111 8649 1
2111 9086 3
2111 9682 1
2111 9066 1
2111 8790 1
2111 9921 52
2111 9117 1
2111 9685 2
2111 9811 14
2114 9803 1
2114 9509 1
2114 9645 3
2117 8734 2
2123 9286 1
2123 9083 3
2127 8666 1
2131 8753 5
2131 8798 1
2131 9217 1
2154 8732 1
2154 9399 1
2165 9306 200
2165 9729 1
2171 9946 2
2171 9273 1
2171 9060 2
2190 9400 1
2190 9967 1
2190 8758 1
2190 9182 1
2190 9879 17
2190 8907 124
2190 9547 9
2208 9480 1
2208 9980 1
2209 9987 1
2209 9663 1
2209 9003 1
2209 9530 1
2209 8742 2
2211 8696 1
2214 8540 2
2214 9269 13
2248 9695 1
2248 8921 1
2248 9883 1
2248 9718 1
2248 8531 1
2248 9319 15
2248 9665 54
2266 9798 1
2268 9575 2
2275 9468 1
2275 9791 2
2283 9445 3
2283 8655 1
2283 9033 1
2288 9984 3
2288 9855 4
2288 8775 1
2288 8899 2
2288 9804 1
2295 9816 11
2295 8809 1
2295 8660 1
2295 9158 2
2295 9198 1
2295 9708 3
2295 8567 3
2295 9250 1
2295 9409 1
2295 9892 1
2330 9719 1
2330 8653 1
2335 9728 1
2354 9154 3
2354 9359 1
2354 9182 1
2364 6311 3
2364 9005 2
2364 9523 2
2364 9717 1
2364 9875 4
2382 9382 1
2382 9803 1
2382 8641 2
2382 9855 2
2382 8580 2
2382 9249 6
2382 8981 3
2419 9695 3
2419 8674 2
2419 9836 2
2432 8952 3
2432 9853 1
2432 9048 4
2437 9906 2
2437 8632 1
2437 9533 6
2438 9227 2
2438 9556 1
2438 9606 9
2438 8952 1
2452 9124 1
2452 9735 1
2452 9022 1
2452 9469 5
2461 8701 3
2461 8626 1
2461 9513 1
2463 9446 3
2463 9966 5
2477 9904 1
2506 8910 1
2506 9311 1
2506 9864 3
2509 9004 2
2509 9457 1
2516 9872 1
2516 9045 1
2516 9591 3
2516 9998 2
2538 8823 4
2538 9262 1
2588 9145 1
2588 8741 1
2588 9568 1
2604 8670 1
2604 8741 2
2604 9197 1
2616 8699 1
2616 8838 1
2616 9847 1
2616 8551 1
2616 9633 2
2616 9945 4
2626 9735 4
2626 8686 1
2633 8789 1
2633 8842 7
2633 9872 1
2640 8699 2
2640 8833 2
2640 9150 15
2640 8528 1
2640 8752 2
2640 9171 7
2648 9640 1
2648 9896 3
2680 8876 1
2680 9179 1
2688 9173 2
2688 9276 1
2688 8891 1
2688 8877 1
2688 9810 4
2721 8702 3
2721 8602 13
2721 9043 1
2731 9527 5
2731 8595 1
2731 9003 1
2731 9125 1
2731 8692 1
2731 9613 1
2746 9064 1
2746 9823 1
2746 8834 3
2746 9577 1
2746 9626 95
2746 9910 1
2746 8540 1
2746 8764 1
2747 9710 1
2747 9039 1
2775 9643 3
2775 8810 1
2775 9044 1
2775 9859 1
2781 8544 3
2798 9962 1
2798 9473 13
2798 9641 1
2798 9776 1
2801 9124 1
2801 9398 1
2801 9747 1
2808 9948 2
2808 9204 1
2808 9919 3
2820 9264 1
2820 9642 1
2820 9255 2
2820 9995 1
2820 8698 2
2820 9688 1
2843 8793 1
2843 9269 6
2843 9739 1
2850 9110 1
2850 9668 1
2850 8967 1
2850 9221 2
2850 9835 1
2850 9213 1
2850 9642 1
2857 9328 2
2857 9182 1
2857 9403 1
2857 9848 1
2859 9433 1
2859 9962 1
2859 8698 2
2859 9873 111
2859 9865 2
2859 9901 1
2859 8617 1
2867 8532 1
2867 9158 1
2874 9703 1
2892 9538 1
2922 9742 1
2922 9452 7
2922 9494 1
2922 8670 3
2922 9961 1
2922 9012 1
2922 9505 1
2922 9795 1
2922 9228 1
2926 8626 5
2926 9156 1
2940 9836 8
2940 9073 1
2940 8589 1
2940 9201 1
2940 9434 1
2940 8679 9
2940 9153 1
2940 9208 2
2943 8534 1
2943 9921 9
2943 8870 1
2972 9661 1
2972 8601 3
2972 9386 1
2972 9955 20
2984 9942 1
2984 8646 1
2984 8827 1
2984 8548 1
2984 9000 1
2984 9527 1
2987 8604 1
2987 8691 9
2987 9178 8
2990 9448 1
2998 8552 2
2998 9705 3
2998 9656 22
3015 9639 132
3035 9359 3
3035 8980 1
3035 8753 1
3042 9626 13
3042 8717 1
3042 9091 1
3042 8751 7
3042 8874 1
3050 9473 1
3050 9653 1
3050 9409 1
3050 8861 23
3050 9690 1
3055 8713 1
3055 8643 1
3055 8754 2
3055 8852 1
3120 9689 1
3133 8805 1
3133 9633 2
3133 9714 15
3133 9053 1
3142 8991 1
3170 8821 1
3170 9056 1
3178 9469 1
3178 8820 5
3178 9365 4
3179 9434 1
3223 9924 1
3226 8931 1
3237 9650 1
3237 9910 2
3237 9968 1
3237 8734 2
3237 8804 1
3237 9414 1
3246 8982 5
3246 8622 7
3246 9328 8
3255 9633 1
3314 8750 4
3314 9877 1
3339 9098 1
3339 9666 11
3339 8895 1
3339 9093 3
3339 9881 2
3342 9863 1
3342 9099 3
3342 9483 2
3342 9544 1
3351 9491 2
3351 8798 1
3351 9990 1
3352 9225 1
3352 9306 1
3352 9889 1
3352 9829 2
3358 9187 1
3358 8826 3
3369 8978 23
3369 9419 2
3382 8988 4
3382 9030 3
3382 9393 1
3382 9352 1
3382 9419 1
3382 9704 2
3395 9942 10
3395 8659 23
3395 8931 1
3399 9348 4
3400 9593 1
3400 9760 1
3446 8655 3
3446 9538 1
3446 9759 1
3452 8642 2
3452 9851 1
3452 9000 2
3452 9830 1
3452 8932 3
3452 9593 1
3452 9638 1
3455 9300 2
3455 9647 1
3455 9711 38
3456 9721 1
3456 9069 1
3456 9396 1
3456 9746 1
3456 9757 1
3461 9859 2
3461 9522 1
3461 8536 5
3474 9227 1
3474 9190 1
3474 9269 2
3493 9833 1
3509 9079 2
3509 9191 1
3509 9254 1
3509 9258 1
3509 9301 1
3509 9577 8
3509 9674 1
3509 8967 19
3509 8914 11
3509 9896 1
3518 9002 12
3518 9200 1
3523 8918 1
3523 9119 1
3537 8800 1
3543 9320 2
3543 8735 1
3543 9846 1
3563 9613 1
3571 9755 2
3571 9844 1
3611 9466 1
3611 9893 7
3611 8620 1
3611 8928 1
3611 9411 1
3611 9661 1
3616 8535 5
3616 9543 3
3616 9931 2
3616 9407 1
3619 9677 3
3619 8532 1
3619 9785 1
3619 9380 1
3619 9051 1
3619 9123 1
3619 9251 1
3622 9140 1
3622 9767 1
3622 9284 1
3622 9212 1
3628 8952 2
3628 9907 42
3628 9917 2
3628 9119 1
3628 9861 1
3628 8873 1
3634 9381 1
3634 9069 1
3634 9994 1
3634 8935 1
3634 9289 20
3636 9863 1
3636 9542 7
3636 9368 7
3636 9710 1
3636 8696 1
3636 9627 2
3636 9705 5
3639 9521 1
3639 9131 1
3639 9748 5
3639 9388 2
3639 9968 1
3639 9466 1
3639 9859 1
3639 9951 1
3639 9418 4
3639 9628 20
3650 9411 1
3650 9732 1
3667 9119 1
3667 8779 1
3667 8931 1
3667 9083 15
3667 9532 1
3667 9332 12
3667 9901 1
3684 9228 1
3684 8534 1
3694 9707 1
3694 9428 1
3698 8962 2
3710 8529 1
3710 9434 1
3710 9215 2
3710 9048 1
3710 9801 1
3727 9391 2
3727 9851 18
3748 8842 3
3748 9108 1
3748 9396 1
3832 9521 2
3832 8751 2
3852 8680 1
3852 9751 1
3853 9534 1
3853 9652 1
3854 9049 1
3854 8794 1
3880 8745 6
3880 8899 7
3880 8989 1
3880 9077 1
3894 8880 12
3894 9882 8
3894 8823 1
3894 8907 1
3894 9458 1
3894 9933 16
3910 8873 1
3910 8899 1
3910 8597 1
3910 9622 1
3910 9868 2
3910 9004 1
3910 9995 7
3911 9692 1
3911 9908 1
3920 9605 1
3920 9685 2
3920 9037 1
3936 8895 1
3936 9543 1
3967 8614 1
3967 8929 1
3967 9865 1
3967 8673 1
3967 9859 1
3967 9732 1
3967 8940 1
3967 8905 1
3967 9222 4
4005 9865 1
4005 9920 1
4005 8994 3
4005 9189 4
4005 9272 2
4005 9075 1
4005 9167 1
4005 9338 1
4005 9699 1
4005 9615 7
4012 9909 1
4012 8586 1
4012 9739 1
4019 8573 2
4024 8673 1
4024 8793 9
4024 9147 1
4024 8709 1
4024 9286 3
4024 9534 1
4031 9387 1
4031 9740 66
4031 9751 114
4031 9869 1
4040 9650 5
4040 8756 3
4040 8935 4
4061 8717 1
4071 8851 1
4071 8910 2
4082 9565 1
4082 8917 1
4082 9579 1
4084 9469 1
4086 8825 9
4089 8568 1
4089 9865 1
4089 9311 1
4089 9639 8
4089 8821 1
4104 9177 4
4104 9009 26
4111 8614 1
4111 9948 20
4112 8607 1
4112 9296 1
4134 8901 1
4134 9584 6
4134 8834 1
4134 8578 1
4134 9824 1
4155 9217 2
4155 9974 1
4155 9024 1
4155 9159 1
4168 8852 1
4168 9168 3
4168 8942 1
4168 8992 3
4168 9965 1
4202 8750 3
4202 8610 1
4202 9250 3
4228 9284 2
4228 8974 2
4242 9491 1
4242 9100 1
4242 9443 9
4242 9504 2
4242 8565 2
4242 9452 1
4267 8682 1
4267 9536 1
4267 9728 1
4267 8750 1
4267 9670 1
4267 9914 2
4288 9751 3
4288 9024 1
4288 9173 2
4288 9330 1
4289 8870 1
4289 8945 5
4289 8872 4
4294 9533 3
4294 9841 5
4300 8790 1
4300 9053 2
4300 9979 4
4300 8810 1
4300 8653 5
4315 8808 1
4315 8646 1
4315 8552 1
4315 9245 5
4332 9868 45
4332 9898 15
4332 9353 1
4332 9463 80
4332 9370 2
4338 9598 1
4338 9221 2
4338 9415 1
4349 8564 10
4349 9386 2
4349 9846 2
4362 9644 1
4362 8908 1
4362 9430 1
4362 9070 1
4362 9888 1
4362 9913 1
4362 9920 7
4364 8907 7
4364 8530 1
4364 8866 1
4379 9848 1
4379 8877 1
4379 9152 1
4379 9814 1
4379 9335 1
4379 9526 9
4379 9578 1
4379 9838 1
4415 9900 3
4416 8777 1
4416 8807 4
4416 8860 4
4416 8942 1
4416 9862 1
4419 9052 1
4419 9793 1
4419 9901 1
4419 8693 6
4419 9411 1
4419 9324 10
4426 9375 1
4426 8599 1
4426 9464 1
4430 9456 1
4430 9591 3
4430 9486 1
4438 9937 1
4438 9311 1
4438 9675 1
4439 8581 7
4439 9688 9
4439 9257 2
4439 9002 9
4439 9127 1
4458 8996 1
4458 9810 1
4458 8880 1
4458 8945 1
4458 9134 1
4475 8824 43
4475 8843 1
4475 9146 1
4475 9272 1
4475 9698 2
4476 8612 1
4476 8684 1
4476 9131 1
4476 9835 1
4476 8733 1
4476 9663 1
4476 9317 1
4479 8743 1
4479 8530 1
4484 8902 1
4484 9880 1
4528 9029 1
4542 9862 1
4542 8888 1
4542 9728 1
4554 8918 1
4554 9875 3
4554 8552 1
4554 9478 2
4554 9636 1
4554 8849 3
4559 8729 22
4559 9431 1
4559 9320 8
4559 9772 1
4559 8739 22
4559 9863 2
4559 8989 2
4559 9670 4
4559 9893 1
4559 8881 2
4559 9336 1
4567 8908 1
4567 9205 13
4567 9211 1
4567 9048 1
4567 9203 1
4606 9580 1
4606 9894 1
4613 8693 4
4613 9992 1
4618 8821 2
4618 9748 1
4618 8533 1
4618 9211 1
4618 9793 1
4643 9628 2
4643 9080 1
4643 9379 2
4643 8936 1
4658 9361 2
4658 9567 1
4658 9740 1
4658 9544 1
4658 9851 2
4662 8624 1
4709 8932 1
4709 9353 2
4709 9791 6
4713 8870 1
4741 8975 13
4741 9307 1
4741 9618 5
4741 9779 1
4750 9618 2
4797 9605 1
4797 9789 1
4797 9831 1
4801 8956 1
4801 9110 3
4809 9523 3
4809 9283 2
4809 9949 3
4809 9732 1
4820 9644 1
4820 8781 2
4820 9136 1
4820 9546 3
4821 8632 1
4821 9491 1
4837 9260 1
4887 9511 11
4887 9786 1
4887 9690 1
4887 9785 1
4887 9379 11
4887 9823 17
4921 9431 1
4921 8805 2
4921 8994 1
4921 9203 2
4921 8937 16
4921 9341 4
4922 8601 1
4922 9598 3
4922 9962 11
4922 8728 1
4922 8663 1
4939 9685 2
4962 9066 1
4962 8543 1
4962 9335 139
4968 9238 3
4968 9398 1
4968 8601 7
4968 9015 1
4968 9171 3
4968 9275 1
4968 9806 3
4968 9962 3
4980 8787 3
4980 9908 1
4980 9011 1
4980 9946 1
4980 8725 2
4980 9590 1
4980 9907 4
4985 8529 1
4985 9086 1
4986 9554 26
4986 9177 1
4986 8964 1
4986 8541 1
5003 9211 1
5003 8804 4
5005 9831 1
5005 9248 1
5005 9358 1
5005 8622 1
5005 9596 1
5005 9451 2
5026 9605 5
5026 9967 1
5026 9322 1
5026 9456 2
5026 9433 2
5026 9865 1
5037 9539 1
5037 9086 2
5037 8755 1
5037 9238 1
5037 9383 1
5087 9168 8
5087 8729 2
5087 9248 1
5087 8534 2
5087 9494 1
5087 8948 1
5092 9568 1
5092 9913 1
5092 9995 1
5092 9365 2
5092 8823 1
5092 8968 2
5111 9485 1
5111 9008 1
5111 8723 3
5126 9266 1
5126 8647 1
5126 9545 4
5128 9008 2
5128 9489 1
5128 9551 1
5128 9741 1
5128 9006 12
5130 8801 1
5130 9661 1
5130 8968 2
5133 8649 5
5133 9893 1
5155 9779 9
5155 8693 1
5164 9970 1
5164 9019 2
5164 9025 1
5176 8792 2
5176 8709 1
5176 9509 1
5176 8786 13
5178 9437 1
5178 8616 2
5178 9746 1
5178 9075 1
5178 9258 1
5178 9347 1
5190 9583 4
5190 9520 2
5190 9435 2
5198 9885 1
5198 8545 1
5198 8838 44
5198 9522 1
5231 8632 1
5231 9228 1
5231 9629 13
5253 9006 1
5253 9080 1
5255 8696 1
5255 8789 1
5255 8984 1
5255 9172 1
5255 8792 1
5255 9100 1
5255 9487 1
5255 9835 1
5258 9808 1
5258 9466 1
5273 9636 7
5278 9032 3
5278 9338 3
5278 9066 1
5278 9562 3
5278 9910 1
5318 9238 28
5318 9221 3
5318 9388 1
5318 9208 3
5318 9448 2
5318 9845 4
5318 9133 1
5318 9242 5
5318 9252 1
5318 9814 2
5328 8789 5
5342 9463 1
5342 9709 1
5342 9814 1
5342 9880 1
5350 9861 1
5350 9763 2
5352 9289 13
5352 9295 2
5352 9356 1
5352 9737 1
5357 9167 37
5362 8975 2
5384 9590 8
5384 8993 13
5384 9317 1
5384 9897 1
5404 8717 1
5404 9803 1
5404 8979 1
5404 9239 6
5407 8876 3
5407 8877 1
5407 9877 1
5407 9196 1
5407 9546 1
5407 9999 4
5407 9955 3
5407 8747 3
5407 8901 3
5413 9543 1
5413 9117 1
5422 8821 2
5422 9736 1
5422 8732 1
5422 9539 2
5422 8776 1
5422 9005 2
5426 9729 1
5426 9111 1
5426 8885 1
5426 9261 2
5426 9410 1
5426 9879 1
5426 8745 1
5426 9393 56
5429 9564 4
5433 9745 1
5433 9544 1
5433 9012 2
5433 9623 1
5433 9779 1
5433 9977 2
5435 9452 2
5435 9579 2
5435 9985 1
5435 9975 1
5435 8905 1
5435 8721 1
5435 9055 1
5443 9668 14
5443 9356 2
5443 9737 1
5443 8988 1
5443 9695 1
5443 8753 2
5443 8795 4
5443 9231 1
5443 9322 1
5443 9619 71
5443 9961 1
5447 8794 1
5447 9726 1
5447 9645 1
5447 9668 1
5452 8653 1
5452 8618 4
5459 9655 3
5459 9454 7
5479 9115 3
5479 9554 1
5479 8636 1
5480 9943 1
5480 8592 12
5480 8596 5
5480 8743 1
5497 9009 1
5497 9353 5
5497 9961 1
5497 9120 2
5497 9422 1
5497 8941 51
5497 9200 1
5497 9655 2
5497 8962 1
5540 9131 46
5540 9984 1
5540 9242 1
5540 8604 2
5540 9622 3
5540 9989 1
5555 9799 1
5555 9593 28
5567 9857 1
5567 9061 1
5567 9629 2
5579 9117 1
5579 8804 2
5579 9932 1
5584 9830 16
5584 9998 2
5584 9909 1
5604 8664 1
5604 9945 21
5604 8724 1
5604 8838 1
5604 9061 1
5604 9306 1
5613 9761 1
5613 9524 1
5621 8767 1
5623 9747 2
5623 8659 1
5623 9793 1
5623 8999 11
5623 9277 2
5623 9358 3
5626 9992 1
5626 9183 1
5666 9912 20
5692 9061 1
5705 8824 6
5705 9289 2
5705 8807 1
5705 9599 7
5710 8894 1
5710 9236 1
5710 9534 1
5710 9693 2
5710 9897 1
5713 8979 1
5717 9699 2
5717 8578 5
5717 9130 1
5719 8937 1
5719 9829 1
5719 9908 1
5719 8600 1
5719 8664 1
5719 9382 1
5719 8646 3
5719 8661 1
5725 8903 1
5725 9776 2
5725 8664 1
5745 9386 19
5745 9577 1
5745 9730 1
5769 8697 4
5769 9269 1
5769 8826 4
5769 9757 1
5769 8673 7
5769 8738 1
5769 9033 1
5769 8816 1
5793 8709 2
5793 9313 2
5793 9682 2
5793 9876 3
5799 8646 1
5799 9795 3
5799 9045 1
5799 9981 3
5799 9556 7
5799 9844 1
5800 9460 1
5800 9336 5
5800 8533 1
5800 9091 1
5800 9212 1
5800 9872 1
5800 9055 1
5819 9659 1
5819 9109 27
5819 9181 1
5819 9433 1
5819 9685 1
5819 8783 1
5820 9460 1
5820 9538 1
5820 8945 1
5820 8794 1
5820 9829 1
5829 9137 1
5829 9592 1
5829 9818 1
5829 9975 1
5838 9831 4
5838 9312 1
5838 9711 7
5838 9448 1
5838 8776 1
5838 9122 2
5840 9401 1
5840 9119 6
5840 9626 1
5840 9414 2
5840 9499 1
5840 9816 1
5840 8666 1
5840 9139 3
5864 9742 3
5864 9496 4
5864 8850 1
5864 9565 1
5876 9504 1
5876 9449 3
5876 8861 2
5878 8886 6
5878 9324 1
5878 9877 1
5878 9431 1
5878 9772 1
5878 9378 2
5887 8743 1
5887 9111 6
5887 9394 1
5887 9475 1
5904 9823 2
5904 8565 2
5923 8561 3
5923 8605 2
5923 9087 2
5923 8788 1
5923 9261 12
5923 9435 5
5923 9846 2
5923 8932 1
5923 8568 1
5923 9284 1
5923 9496 26
5991 8600 1
5991 9972 1
5991 9012 1
6001 8740 1
6001 9392 2
6013 9120 5
6013 9142 1
6013 9476 2
6013 9487 2
6017 9052 2
6017 8914 105
6017 9598 2
6017 9778 1
6020 9888 4
6020 9283 1
6020 8912 2
6020 9335 1
6020 9024 3
6020 8782 1
6020 9579 2
6020 8908 1
6030 8855 1
6030 9473 1
6030 9773 3
6030 9885 3
6030 9648 1
6030 9741 1
6030 8587 2
6030 9420 1
6047 9223 5
6047 9985 9
6057 9061 1
6057 8910 1
6057 8716 1
6057 9735 1
6081 9356 1
6081 9848 2
6081 9871 3
6086 8684 1
6088 9351 1
6088 9422 1
6099 9998 2
6099 9982 1
6099 9430 2
6100 8719 2
6103 9955 15
6103 9850 1
6103 9213 1
6103 9247 1
6103 9473 2
6119 9663 1
6119 8937 5
6119 9914 3
6122 9458 6
6122 9179 2
6147 8697 4
6147 8567 7
6147 9718 6
6147 9998 1
6147 8564 1
6158 9199 1
6158 9109 1
6158 9131 2
6172 8698 1
6172 9145 1
6172 8663 2
6172 9051 1
6172 9675 1
6172 8691 2
6172 9983 1
6172 8757 2
6183 9443 1
6183 9073 2
6183 8732 1
6183 9742 1
6194 9250 1
6194 9799 1
6194 9448 1
6194 9961 1
6194 9376 1
6194 8819 1
6206 9606 35
6206 8893 1
6206 9013 1
6206 9449 2
6206 9789 1
6206 9995 1
6206 9120 3
6206 9779 2
6206 8634 1
6208 9452 1
6208 8581 1
6208 8612 1
6208 9025 1
6208 9719 1
6208 9387 2
6208 9526 2
6212 8634 1
6212 9723 1
6212 9979 1
6212 8848 2
6219 9046 1
6219 9973 3
6219 9478 2
6219 9599 9
6219 8964 1
6219 9206 3
6219 9260 1
6219 9437 131
6228 9934 3
6228 9169 2
6228 9528 1
6233 9363 1
6233 9655 1
6233 9683 2
6237 8692 11
6237 9093 1
6237 8668 1
6237 9605 1
6242 9235 1
6242 9912 1
6242 8899 1
6242 9339 1
6258 9868 4
6258 8607 2
6258 9671 1
6258 8918 2
6258 9073 1
6264 8986 2
6264 8954 2
6264 9695 1
6270 9322 1
6270 8661 1
6270 9092 3
6270 9125 1
6302 8861 1
6302 8546 1
6302 8628 1
6302 8641 1
6306 9467 2
6306 9204 1
6311 8626 1
6311 9086 4
6322 9930 2
6322 9872 4
6322 9192 1
6324 8801 2
6327 8690 1
6358 8830 1
6358 9936 3
6369 8851 2
6369 9570 3
6369 8764 1
6369 9134 2
6371 9392 1
6371 8610 1
6371 9144 11
6386 9287 1
6386 9108 1
6386 9480 1
6386 9632 1
6408 9351 3
6408 8991 3
6408 9701 1
6408 9967 13
6415 9001 6
6424 8675 1
6424 9807 1
6424 9547 6
6428 8932 1
6428 8968 1
6428 9139 6
6428 9266 2
6428 9620 1
6428 9785 2
6466 9347 1
6466 9229 1
6466 9308 1
6466 8897 1
6466 9006 1
6466 9627 1
6466 9517 1
6466 9652 1
6466 9703 7
6486 8736 1
6486 8989 1
6486 8544 1
6486 9963 1
6486 8848 1
6486 8561 4
6486 8532 5
6486 9376 2
6496 9747 3
6504 9538 1
6504 8663 1
6504 8923 1
6504 9201 1
6504 9853 3
6517 8599 3
6524 9428 3
6524 9967 5
6524 9419 1
6537 8777 2
6537 8668 2
6537 9470 33
6545 9803 4
6545 8733 1
6545 9137 2
6545 9891 2
6545 9929 2
6551 8872 34
6551 8625 1
6551 8793 2
6551 9443 1
6551 8551 1
6551 9308 1
6554 8786 1
6554 9473 2
6554 8697 1
6554 9032 1
6554 9926 3
6562 8843 2
6562 9173 1
6569 8587 1
6569 8921 1
6569 8855 1
6569 9747 1
6570 9409 1
6570 9992 1
6570 8989 1
6570 9592 1
6578 9367 1
6578 9022 1
6578 9153 1
6579 9580 1
6579 9369 3
6582 9509 1
6582 9069 11
6597 9079 3
6597 9251 3
6597 9110 1
6603 9526 1
6603 9971 1
6603 9183 1
6603 9386 2
6610 9951 1
6610 9972 1
6610 8614 1
6610 9263 2
6610 9841 1
6610 9155 200
6610 9334 1
6625 9716 6
6637 9536 1
6637 9095 2
6637 9457 1
6637 9371 2
6637 9717 1
6649 9693 1
6649 9293 1
6649 9674 1
6649 9363 1
6650 8984 1
6650 9020 1
6721 8817 1
6721 9774 5
6721 9941 1
6728 8983 1
6728 9399 1
6728 9884 2
6728 9623 1
6728 9705 2
6728 9056 1
6728 9332 2
6734 8830 3
6734 9139 1
6734 8539 6
6734 8620 1
6734 9144 1
6734 9931 2
6740 9591 1
6740 9528 1
6740 9488 1
6760 8658 3
6760 9369 1
6760 8552 1
6767 9191 1
6767 9181 1
6767 9280 1
6767 9501 16
6773 9126 1
6773 9295 1
6773 8675 1
6791 9799 1
6791 8824 5
6801 9339 2
6801 9187 4
6805 8849 1
6805 9491 6
6809 9982 1
6809 8717 1
6809 9347 1
6809 9906 4
6818 9222 1
6844 9531 1
6844 8674 1
6844 9799 1
6847 9276 1
6847 8738 1
6891 9020 13
6891 9755 1
6926 8993 25
6926 9349 1
6929 9365 1
6929 9546 2
6929 9079 12
6929 9540 2
6932 8668 1
6932 9618 1
6932 9315 1
6942 8736 1
6942 9319 1
6943 9036 12
6943 9749 1
6943 9512 10
6943 8784 2
6943 9161 1
6943 9396 4
6943 9642 90
6945 8718 98
6945 8564 3
6945 9222 2
6945 9749 2
6945 9898 1
6963 9643 2
6963 8719 1
6963 8886 2
6966 8699 4
6966 8962 1
6966 9236 4
6974 9009 1
6978 9592 1
6978 9555 1
6978 9399 1
6978 9804 1
6978 9266 28
6983 9331 2
6992 8856 2
6992 9830 2
6992 9946 1
6995 8932 95
6995 9187 1
6995 9897 3
6995 9816 1
7001 9150 1
7001 9253 1
7001 9331 1
7001 9462 1
7001 9404 2
7001 9876 1
7037 9144 2
7037 8797 1
7042 8923 1
7042 9179 2
7042 9259 1
7042 9018 1
7050 8680 2
7070 8992 1
7070 9365 3
7070 9824 2
7088 8599 1
7088 9145 1
7090 9963 2
7105 8607 1
7105 9945 2
7111 9883 11
7111 9296 5
7111 9507 1
7111 9979 2
7113 9939 1
7113 9492 3
7127 9931 103
7127 9965 1
7127 8873 2
7137 8578 1
7137 8810 1
7137 8825 1
7137 9315 1
7137 9181 1
7142 8634 1
7143 8830 28
7143 9957 9
7147 9361 4
7147 8675 1
7147 8901 1
7147 9644 2
7147 8709 2
7172 9218 1
7173 9507 3
7173 9517 1
7173 8987 5
7173 9003 1
7173 9331 1
7173 9924 3
7173 8670 2
7173 9583 3
7191 9449 1
7191 9938 4
7191 9944 2
7217 9906 1
7217 9370 10
7217 8807 2
7217 8673 1
7217 8697 2
7217 9904 1
7224 9927 1
7224 9985 3
7224 8825 1
7224 8535 1
7256 9755 2
7256 8547 1
7256 9449 1
7256 9547 1
7256 9245 4
7256 9337 1
7256 9181 2
7256 9850 1
7264 8612 18
7292 9983 2
7292 9454 19
7292 9530 1
7326 9967 1
7326 9325 1
7332 9413 3
7332 9254 1
7332 9365 3
7332 9654 1
7340 8581 13
7340 9749 1
7343 9980 6
7343 9202 1
7343 9566 1
7343 9756 1
7343 9312 8
7343 9546 1
7343 9727 7
7344 8978 3
7344 9857 30
7345 9191 1
7345 8981 2
7370 8873 1
7370 9036 1
7370 8784 200
7370 9951 1
7374 9203 1
7374 9458 1
7374 9663 2
7396 8784 1
7396 8819 1
7396 8970 4
7402 9393 2
7402 9696 1
7402 9571 1
7418 9807 1
7422 9694 7
7422 8738 1
7422 8937 1
7422 9169 2
7422 9474 1
7422 9505 1
7447 8723 17
7459 9704 1
7468 9773 4
7468 8819 5
7468 9561 1
7468 8758 1
7496 9571 5
7496 9512 2
7496 9024 2
7496 8580 1
7496 8979 17
7496 9611 1
7496 8546 1
7496 8754 1
7496 9645 3
7496 9932 1
7497 9477 1
7497 9204 1
7505 9617 5
7505 8546 1
7505 8996 12
7505 9499 1
7505 9867 4
7506 8552 2
7506 9429 1
7506 9715 1
7506 9782 1
7506 9937 2
7512 9847 1
7518 9392 28
7518 9142 2
7518 9255 1
7518 9117 1
7518 8974 10
7518 9511 3
7518 8870 1
7518 9712 1
7525 9871 4
7549 9200 1
7549 9558 1
7570 8639 115
7570 9351 38
7581 8537 1
7586 8716 7
7586 9158 9
7586 8655 1
7586 9823 2
7586 8800 1
7586 9259 1
7586 9637 21
7588 9177 24
7588 9223 1
7588 9524 1
7588 9019 1
7595 9947 1
7595 9250 1
7624 9317 1
7624 8602 1
7624 9054 2
7624 9966 6
7624 8965 2
7624 9204 1
7624 9248 11
7624 9378 1
7624 9660 1
7624 9900 1
7624 8756 1
7643 9929 1
7643 9289 1
7651 9558 3
7651 8839 1
7651 9993 4
7663 9906 1
7663 8848 2
7663 9398 1
7663 9899 1
7663 9779 1
7663 8531 1
7663 8874 1
7665 8981 1
7665 9532 1
7700 9184 1
7700 9689 2
7701 9244 6
7701 9858 2
7701 9509 1
7701 8830 6
7701 8826 3
7701 9014 2
7706 9723 1
7706 9171 9
7706 9013 1
7708 9138 1
7708 9353 4
7708 8679 2
7708 9300 4
7713 9115 1
7729 8998 1
7729 9296 1
7729 9604 1
7733 8897 5
7757 9671 1
7757 9919 2
7757 8549 1
7757 9457 1
7757 9539 1
7773 8987 1
7773 9437 1
7773 9716 1
7776 9489 1
7776 8735 1
7776 9075 1
7781 9263 1
7781 9998 1
7781 9273 1
7781 9727 1
7781 9092 1
7781 9337 16
7781 9882 5
7791 9712 1
7791 8801 1
7791 9719 1
7791 9456 1
7791 9720 1
7793 8795 1
7793 8856 2
7793 8676 1
7793 9740 1
7793 9087 3
7814 9524 1
7814 9348 14
7832 8696 3
7832 9977 3
7832 8574 1
7832 9236 1
7832 8815 1
7832 9046 4
7832 9594 1
7846 8978 1
7846 8967 1
7846 9053 1
7846 9810 1
7846 8543 1
7846 9711 10
7846 9786 1
7846 8815 2
7846 9584 2
7846 9003 1
7846 9138 1
7849 8649 9
7849 9972 11
7856 9750 1
7857 9984 4
7857 8760 2
7874 8827 33
7874 9284 2
7874 9117 1
7874 8854 3
7874 9097 2
7874 9653 1
7874 8716 1
7875 8921 1
7875 8808 1
7875 9098 5
7880 8798 1
7880 9361 1
7880 8894 1
7880 9759 1
7897 9485 1
7897 9521 5
7897 8726 2
7897 8757 2
7897 9883 1
7911 9888 3
7914 9300 4
7920 9492 1
7923 9280 4
7923 9901 5
7923 9174 1
7923 9971 1
7936 8642 1
7973 9665 1
7973 9791 1
7973 9891 3
7973 9218 3
7978 8684 3
7978 9177 2
7978 9557 1
7978 9671 1
7998 8906 9
7998 9197 28
7998 9174 1
7998 8915 1
7998 8938 1
8027 8549 1
8027 9770 1
8027 8680 3
8027 9114 1
8027 9136 2
8027 9847 1
8027 8760 1
8027 9868 1
8032 9216 1
8037 8848 2
8037 9114 2
8037 9445 1
8052 9009 2
8052 9475 2
8057 8567 1
8059 9602 1
8059 9100 1
8059 9321 12
8067 8543 3
8067 9064 2
8072 8880 1
8072 9704 2
8072 8719 1
8074 9541 5
8074 9571 3
8098 9401 1
8098 9445 1
8103 8964 1
8108 9522 1
8108 9719 2
8108 9920 2
8112 9961 1
8112 9663 200
8122 9262 1
8122 9634 2
8122 9410 1
8122 9736 1
8130 8745 1
8130 8760 1
8130 8546 1
8130 8771 1
8130 8809 1
8137 8872 2
8137 9171 1
8137 9469 2
8140 9424 1
8140 9737 1
8146 9830 1
8146 8678 1
8168 8702 1
8168 9145 1
8168 8999 2
8168 8641 1
8168 8669 1
8168 9726 1
8185 9037 2
8185 8890 1
8185 8812 1
8185 9054 88
8185 9837 27
8202 9248 3
8202 8838 6
8202 9778 1
8202 9641 1
8202 8538 4
8204 8962 2
8204 9187 1
8204 9488 2
8204 9227 1
8204 8835 2
8204 9750 3
8204 9899 1
8212 9820 4
8212 9914 1
8212 8833 1
8212 8983 1
8214 8753 1
8214 9227 1
8214 9833 1
8214 9463 1
8231 9467 2
8231 9477 4
8231 9898 5
8240 9807 3
8240 9095 1
8240 9628 1
8240 8617 3
8240 9008 1
8242 9182 19
8242 8580 1
8242 8661 2
8242 9089 2
8244 8843 1
8244 8573 3
8244 8855 1
8244 9855 19
8257 9049 1
8257 8929 1
8257 9147 1
8261 9123 2
8261 9598 2
8269 9271 1
8269 9027 2
8269 9395 1
8277 9544 4
8277 9999 23
8280 8991 3
8280 8702 2
8280 8684 1
8302 9592 1
8302 9582 1
8326 9120 1
8326 9536 1
8326 9551 1
8326 9611 2
8329 9222 1
8329 8685 4
8329 8986 1
8329 9913 2
8340 9089 2
8340 9855 1
8340 9966 1
8340 9255 1
8340 8685 1
8343 8675 1
8343 9622 2
8343 8576 4
8343 9523 1
8343 9596 3
8344 9201 1
8344 8532 1
8344 9585 2
8344 8539 3
8344 9938 2
8356 9313 2
8356 9092 1
8370 9900 1
8370 8650 1
8370 8584 1
8370 9460 1
8377 9361 2
8377 9283 1
8377 9553 6
8385 9505 2
8385 8676 1
8385 9587 1
8388 8660 1
8395 9886 1
8395 9325 5
8403 9993 1
8403 8724 25
8403 8537 1
8403 9477 1
8405 9398 1
8405 8978 1
8405 9230 1
8405 9994 1
8449 9260 1
8449 8604 3
8449 9605 2
8449 8793 2
8449 9642 1
8449 9388 1
8449 9994 1
8451 8974 1
8451 9359 20
8451 9774 2
8451 9968 1
8451 9486 1
8461 9730 1
8461 8732 1
8461 9686 3
8467 9861 2
8467 9811 1
8467 9833 1
8467 8576 1
8467 9451 1
8475 9066 1
8475 9134 1
8475 9331 1
8475 9341 1
8476 8628 4
8476 9494 2
8476 9235 1
8476 9933 2
8476 9567 14
8481 9673 1
8481 8539 3
8481 9249 1
8481 9702 2
8481 9559 1
8481 9046 1
8482 9029 1
8482 8596 1
8482 9102 3
8482 9962 1
8482 8801 1
8490 8664 3
8490 8820 1
8490 9204 2
8490 9917 4
8490 9359 1
8516 9656 1
8516 8578 1
8516 9579 1
8522 9015 1
8522 9277 1
8528 9508 2
8528 8683 1
8528 8919 2
8529 9952 1
8530 8844 1
8530 9299 2
8531 9021 1
8533 9495 3
8534 8706 1
8535 8644 1
8535 8946 1
8535 9128 3
8535 8637 1
8537 8695 3
8538 8916 1
8538 9021 2
8541 9084 1
8542 9836 1
8543 8831 1
8544 8882 4
8549 8933 1
8550 8817 1
8550 8852 1
8550 9197 15
8550 9961 11
8550 8567 2
8550 9489 1
8550 9941 1
8553 8849 1
8553 8854 4
8553 9886 1
8553 9443 12
8554 8745 7
8554 8841 1
8554 9297 1
8554 8600 1
8554 9951 2
8554 9521 3
8554 8747 1
8554 9600 10
8554 9613 2
8555 9783 2
8555 9028 9
8556 9737 1
8556 8612 1
8556 9217 1
8557 8904 1
8557 9563 5
8557 8613 75
8558 9368 3
8559 8782 1
8559 9711 1
8559 9040 2
8559 9485 1
8559 9438 1
8560 8721 1
8560 8938 38
8560 9039 1
8560 8718 2
8560 9795 1
8560 9762 1
8561 8879 14
8562 9091 2
8562 9449 1
8563 9478 2
8563 9334 2
8563 9623 1
8565 8924 1
8566 8637 1
8567 8791 1
8569 9696 5
8569 8775 2
8570 8881 2
8570 9352 1
8570 8610 1
8570 9330 1
8570 8630 1
8570 9538 1
8571 8622 11
8571 8716 1
8571 9570 1
8571 9992 1
8571 9434 1
8571 8600 84
8571 8965 1
8571 9074 1
8571 9512 1
8571 9820 1
8571 9858 2
8572 8888 1
8574 8844 2
8574 8858 2
8574 8651 2
8575 8965 1
8575 8595 2
8575 8675 1
8577 9679 1
8579 9745 58
8579 9052 1
8579 9273 1
8579 9703 1
8579 9120 3
8580 9928 1
8583 9702 1
8583 9786 1
8583 9600 1
8585 9248 5
8585 9556 2
8585 9410 4
8585 9555 1
8588 8841 1
8588 8885 1
8589 9928 1
8589 8598 1
8590 9079 1
8591 8982 1
8591 8775 1
8591 9735 4
8593 9093 2
8593 9438 2
8593 9984 1
8594 9665 11
8595 8645 3
8595 9354 2
8596 9502 1
8596 9427 6
8596 8862 6
8597 8766 1
8597 8882 1
8598 9336 2
8598 8914 1
8598 9555 1
8598 9310 2
8598 9773 1
8598 9968 1
8599 9105 2
8599 9207 2
8601 9058 1
8601 8862 11
8603 9412 1
8603 9353 1
8605 9065 1
8605 8846 1
8606 9707 1
8608 9689 1
8608 9206 1
8609 9824 1
8609 9247 68
8609 9258 2
8609 9293 1
8609 9919 1
8610 8667 9
8610 8796 5
8611 9166 1
8612 8619 1
8613 9647 2
8613 8913 2
8613 9601 1
8613 8755 23
8613 8841 3
8613 9819 1
8614 8637 1
8614 9076 1
8615 9262 1
8616 9118 2
8618 9952 2
8621 9564 1
8621 9798 2
8623 9924 2
8624 9854 1
8624 9960 1
8627 8669 49
8628 9063 1
8629 9969 1
8630 8778 4
8631 9193 1
8631 9276 1
8631 9150 1
8632 8706 1
8632 8832 1
8633 9407 2
8633 9370 6
8633 8803 1
8634 8846 2
8635 8641 17
8635 9576 1
8637 8854 1
8637 9022 2
8637 8739 40
8637 9296 1
8637 8792 3
8638 9666 2
8638 9704 1
8638 8984 2
8638 8777 2
8638 9331 2
8640 9898 1
8641 8944 1
8642 8837 1
8643 8946 1
8643 9427 1
8644 9541 1
8644 9407 26
8644 9395 1
8645 8753 1
8645 8993 1
8645 9187 1
8645 9060 1
8645 9066 4
8645 9273 1
8646 8778 2
8647 8995 4
8648 9276 3
8648 9315 1
8648 9559 1
8649 8916 1
8649 9794 1
8650 8772 4
8650 8953 1
8651 9338 1
8651 9999 1
8651 8980 4
8651 9809 2
8652 9048 1
8652 8741 1
8653 9471 1
8654 9150 1
8654 9749 1
8654 9044 2
8654 8915 1
8654 9139 1
8655 9084 1
8656 9332 2
8656 9831 1
8657 9964 1
8657 8991 1
8657 9152 1
8660 9563 11
8662 9547 1
8662 9337 14
8662 9416 1
8665 8867 3
8665 9097 3
8665 9257 1
8666 9081 2
8666 9314 1
8667 9581 1
8668 8898 1
8669 9121 51
8671 9358 1
8671 9527 1
8671 9104 1
8672 8985 3
8673 9007 1
8674 8847 2
8674 8778 6
8676 9563 1
8678 8859 6
8678 9479 3
8680 9495 1
8681 9869 1
8682 9116 1
8682 9427 1
8683 9623 1
8683 9861 1
8684 8780 13
8687 9732 3
8687 9486 2
8687 9881 1
8687 9683 1
8688 8852 1
8689 8803 1
8689 9341 3
8689 8812 1
8689 9254 1
8689 9809 8
8689 9220 1
8694 9173 1
8694 8790 2
8694 9499 1
8694 9575 1
8695 9891 17
8698 9076 1
8698 8930 6
8699 9952 3
8700 9353 1
8700 9786 1
8701 8934 1
8701 9506 3
8702 9314 4
8703 9133 1
8703 8982 1
8704 9198 3
8704 9098 22
8704 9863 1
8704 9911 1
8705 9818 1
8705 8893 200
8706 8761 1
8706 8745 1
8706 8792 3
8707 9726 2
8708 9306 3
8708 8834 1
8708 9537 1
8709 8972 1
8710 9259 1
8710 9604 2
8711 9164 1
8711 8999 2
8712 9025 1
8712 9584 13
8712 9321 1
8712 9066 1
8712 8756 3
8712 9531 6
8712 9052 1
8712 9399 1
8712 9845 1
8714 9927 8
8714 8935 1
8714 9015 1
8715 8941 1
8718 9118 2
8718 9506 1
8719 8831 1
8719 8947 2
8720 8771 1
8720 8843 1
8720 9466 2
8720 8760 1
8720 9641 1
8720 8788 2
8721 8727 3
8722 9295 1
8722 9248 1
8723 8822 2
8725 8971 1
8726 9323 1
8727 9140 1
8727 9921 2
8727 9693 2
8728 9195 1
8728 9342 1
8728 8871 1
8729 9314 1
8730 9819 1
8730 9857 12
8731 9848 1
8731 8941 1
8731 9707 2
8731 9740 1
8733 8765 1
8733 9128 3
8735 8802 1
8735 9026 1
8736 8949 1
8736 8911 1
8737 9726 1
8737 9400 4
8737 9178 1
8737 9036 1
8737 9949 1
8739 8926 2
8739 8768 1
8741 8746 1
8742 9450 3
8743 9026 3
8744 9418 1
8744 9924 18
8744 8948 2
8744 9601 1
8744 9639 2
8745 9035 1
8746 9642 1
8746 8893 1
8746 9433 2
8748 9757 1
8748 9008 1
8748 9280 2
8748 9553 5
8748 8789 1
8749 9045 1
8749 9080 2
8749 9375 1
8750 8774 1
8751 8829 1
8752 9471 1
8756 8959 3
8757 9035 3
8758 8846 1
8758 8985 1
8759 9156 2
8759 9263 1
8759 9371 2
8761 8875 1
8762 9617 5
8763 8861 4
8763 9801 1
8763 9921 1
8764 8791 2
8765 9804 1
8765 9531 1
8765 9634 22
8765 9896 4
8765 9435 1
8766 9520 2
8766 9492 1
8766 8903 1
8767 9794 3
8768 9659 4
8768 9942 1
8769 9284 2
8769 8927 1
8769 9757 1
8769 9769 5
8770 8841 1
8770 9561 1
8772 8775 1
8772 9048 1
8772 9085 3
8772 9147 2
8772 8994 1
8772 9400 3
8773 9378 1
8773 9892 2
8773 9561 1
8773 9953 1
8773 8781 1
8773 9942 1
8773 9309 1
8774 8787 1
8774 9483 1
8774 9137 1
8774 9222 1
8774 9456 11
8774 9943 1
8778 9864 3
8778 9632 1
8778 9957 1
8779 8959 2
8779 9026 102
8780 9071 2
8780 9739 23
8780 8899 13
8782 8846 1
8782 8972 1
8784 9887 2
8785 8824 1
8786 8859 1
8788 8924 1
8791 9661 2
8791 9750 1
8791 9027 1
8792 8875 1
8795 8878 1
8795 9314 1
8796 9584 1
8799 9071 3
8799 8850 3
8799 9894 1
8799 8804 4
8799 9004 1
8799 9557 1
8800 9078 3
8800 9796 2
8801 8919 1
8802 9428 2
8802 8964 1
8806 9551 1
8806 9297 1
8806 9677 1
8806 9227 1
8807 8933 2
8808 9118 1
8809 9068 1
8809 8916 2
8811 9897 1
8811 9154 6
8811 9531 1
8812 8828 1
8813 8866 1
8813 9771 1
8813 9849 1
8814 8994 5
8814 9199 3
8814 9884 1
8814 9119 1
8815 8946 1
8815 8950 1
8816 9471 6
8817 9354 4
8817 8829 1
8817 9384 1
8818 9851 1
8818 8936 3
8818 9164 1
8818 9276 2
8818 9762 1
8820 8971 4
8822 8931 3
8822 9355 1
8822 9670 1
8823 9129 1
8824 8995 1
8828 9139 1
8828 9605 1
8829 9404 1
8830 9082 2
8831 9772 5
8832 8897 7
8832 9910 2
8832 9005 1
8832 9198 1
8833 9096 1
8835 9724 1
8836 9449 1
8836 9865 8
8837 9131 1
8837 9659 1
8839 9854 1
8840 9323 3
8844 9231 1
8846 9359 1
8846 9324 1
8846 9454 1
8846 9130 1
8846 9745 1
8846 9142 1
8847 9100 1
8850 9535 1
8851 9112 2
8853 8915 1
8856 9088 1
8857 9714 1
8857 9102 1
8858 9994 1
8858 9747 1
8858 9231 3
8858 9320 1
8858 9401 1
8858 9811 1
8858 9054 2
8859 9608 2
8859 9188 32
8860 9047 2
8860 8958 4
8861 9495 1
8864 9459 1
8864 9026 1
8865 9655 1
8865 9686 20
8865 9158 5
8866 9084 1
8867 9129 1
8868 9639 1
8869 9000 3
8869 9414 1
8870 9016 1
8871 9662 1
8871 9244 2
8871 9834 2
8872 9096 3
8874 9041 3
8875 9030 4
8875 9307 2
8877 9084 1
8878 9895 1
8878 9341 1
8878 9161 4
8879 9337 1
8879 8936 2
8881 9535 2
8882 9590 1
8882 9990 1
8882 9800 3
8883 9230 7
8883 9313 10
8883 9589 1
8884 9429 1
8884 9962 25
8884 9833 1
8887 9660 1
8887 9030 1
8887 9418 6
8887 9018 1
8889 9794 19
8890 9081 3
8891 9034 1
8892 9606 2
8892 9849 2
8892 9951 1
8892 9194 1
8892 9686 1
8892 9538 1
8896 9065 1
8896 8900 1
8898 9137 1
8898 9017 1
8898 9320 9
8898 9640 1
8900 9483 1
8902 8943 9
8904 9908 1
8904 9847 1
8907 9151 1
8908 8953 1
8909 9001 17
8909 9020 1
8914 8922 6
8916 9312 2
8916 9801 1
8916 9933 5
8917 9796 3
8917 8926 2
8919 9111 1
8920 9665 1
8925 9809 2
8926 9317 1
8926 9803 7
8926 9476 10
8930 9403 1
8930 9478 1
8934 9844 2
8934 9203 1
8934 9317 1
8934 9810 1
8934 9155 1
8934 9526 1
8934 9137 4
8934 9325 2
8934 9868 1
8938 9062 1
8939 9908 5
8939 9975 2
8939 9252 1
8939 9712 1
8939 9420 1
8939 9199 2
8939 9201 1
8940 9106 6
8941 9928 1
8943 9044 1
8943 9779 2
8943 9264 1
8944 9865 1
8944 9032 1
8944 9638 1
8944 9953 2
8946 9249 10
8949 9715 1
8949 9748 1
8950 9488 1
8950 9415 1
8950 9917 1
8951 9356 1
8951 9507 4
8951 9895 1
8953 9817 4
8955 9782 1
8955 9993 1
8956 9129 1
8957 9528 1
8957 8970 3
8957 9566 3
8957 9335 3
8958 9266 1
8958 9791 1
8958 9367 6
8959 9239 1
8960 9511 1
8961 9275 2
8963 9829 2
8966 9308 2
8967 9327 1
8969 9528 1
8969 9511 1
8969 9647 3
8970 9299 3
8971 9906 3
8971 9235 2
8971 9767 1
8973 9632 1
8973 9863 1
8973 9382 1
8975 9482 4
8975 9113 1
8976 9525 1
8976 9063 6
8977 9556 2
8977 9032 42
8978 9118 1
8985 9913 1
8985 9388 1
8985 9494 1
8985 9912 1
8986 9299 3
8987 9207 6
8990 9789 1
8990 9205 6
8992 9090 2
8995 9964 3
8997 9011 3
8997 9235 1
8997 9758 1
8998 9038 2
9001 9118 1
9005 9107 1
9007 9884 1
9007 9203 1
9010 9571 1
9010 9980 1
9010 9336 2
9011 9563 1
9014 9722 1
9016 9959 1
9023 9211 3
9023 9515 4
9026 9324 2
9026 9845 1
9026 9765 6
9028 9429 2
9028 9889 1
9028 9977 1
9028 9542 1
9031 9416 3
9031 9578 1
9031 9172 3
9031 9769 1
9034 9598 1
9034 9087 1
9034 9467 2
9035 9753 1
9038 9221 1
9038 9202 1
9038 9677 1
9039 9781 3
9041 9341 1
9041 9363 1
9041 9383 3
9043 9479 1
9050 9470 1
9052 9082 1
9057 9858 1
9057 9521 3
9057 9380 1
9057 9756 1
9062 9351 1
9062 9769 5
9063 9862 5
9063 9064 1
9063 9075 9
9063 9375 1
9063 9343 11
9063 9115 2
9063 9253 1
9063 9387 1
9065 9891 2
9065 9659 1
9065 9660 3
9067 9313 200
9068 9526 1
9068 9156 1
9068 9798 5
9068 9906 67
9068 9988 1
9070 9679 2
9072 9677 1
9076 9398 7
9076 9190 1
9076 9745 1
9076 9944 1
9078 9257 1
9078 9750 1
9078 9250 2
9081 9501 1
9081 9533 2
9081 9673 1
9081 9889 1
9082 9147 5
9082 9307 1
9082 9587 2
9083 9342 1
9084 9686 2
9084 9147 3
9084 9581 2
9084 9193 1
9084 9981 2
9086 9195 1
9088 9643 3
9090 9448 1
9091 9314 1
9093 9495 6
9094 9806 2
9096 9577 14
9096 9619 1
9096 9173 2
9096 9513 1
9098 9327 1
9101 9576 1
9101 9245 27
9101 9741 1
9103 9652 2
9103 9320 5
9103 9965 43
9103 9194 10
9105 9648 1
9106 9542 1
9106 9220 1
9107 9407 1
9109 9691 53
9112 9637 1
9113 9761 1
9113 9153 1
9113 9352 1
9113 9872 1
9113 9368 2
9116 9272 3
9116 9939 2
9118 9196 4
9118 9591 1
9121 9926 1
9126 9563 1
9128 9589 1
9129 9252 3
9129 9876 10
9129 9800 67
9129 9301 1
9132 9937 1
9132 9229 1
9134 9299 2
9140 9529 1
9141 9418 1
9141 9168 1
9143 9733 1
9151 9194 4
9151 9606 2
9151 9264 4
9151 9900 12
9152 9783 1
9157 9557 1
9157 9430 2
9159 9471 4
9162 9175 1
9169 9691 1
9172 9724 2
9190 9495 1
9195 9791 1
9195 9879 1
9198 9796 1
9206 9783 13
9208 9535 1
9222 9928 1
9227 9314 3
9231 9502 10
9253 9781 1
9264 9316 1
9276 9783 35
9314 9873 2
9317 9342 1
9319 9960 1
9323 9863 2
9327 9622 1
9334 9651 4
9342 9907 1
9342 9809 1
9350 9616 1
9374 9607 22
9384 9391 1
9384 9689 1
9384 9557 3
9384 9846 1
9384 9561 1
9384 9947 2
9384 9762 1
9387 9471 1
9395 9479 1
9398 9408 6
9405 9419 1
9405 9884 1
9413 9781 1
9414 9502 1
9431 9724 1
9437 9563 1
9444 9506 1
9450 9822 200
9450 9875 1
9455 9812 17
9459 9718 1
9468 9734 1
9482 9543 4
9482 9650 2
9488 9738 1
9492 9950 40
9495 9627 2
9502 9644 32
9502 9654 1
9502 9540 1
9508 9520 1
9515 9529 2
9525 9872 2
9529 9540 1
9529 9735 19
9529 9966 2
9535 9547 1
9558 9651 1
9563 9963 21
9563 9746 3
9581 9796 1
9596 9783 1
9617 9781 1
9620 9734 1
9623 9928 2
9643 9796 1
9650 9794 1
9685 9960 1
9692 9783 1
9707 9734 1
9724 9742 1
9724 9822 2
9734 9871 1
9734 9789 1
9738 9896 10
9738 9833 1
9781 9858 1
9796 9932 1
9796 9885 8
9887 9917 1
