11 8784 1
11 9682 1
43 9348 6
43 8995 2
43 9083 1
43 9579 1
65 8773 1
65 9338 1
65 9605 1
72 9822 4
72 9058 4
72 9325 2
72 8598 2
72 9626 3
75 8629 1
75 9360 2
75 9534 6
75 9793 1
75 8577 2
75 8699 1
75 9635 1
81 9889 1
81 8860 4
81 8961 1
81 9594 1
95 9261 1
95 9145 1
111 9764 1
111 9041 1
130 9642 1
130 9433 1
130 8717 1
130 9394 1
130 9873 2
130 9087 2
149 9636 1
149 9734 2
159 8727 2
159 9032 1
181 9080 1
181 8775 3
181 9657 1
181 9152 4
184 9891 6
184 8962 2
184 8595 1
184 9321 1
184 9417 9
189 9810 3
189 8895 1
189 9072 1
189 9296 1
189 9426 1
189 9704 13
190 8571 24
190 9089 1
190 9717 2
190 9147 1
190 9255 1
190 9851 1
190 9281 12
190 9509 1
192 9181 6
192 8632 1
197 9312 2
197 8815 1
217 9018 2
217 9791 1
217 9187 1
217 9278 1
224 9583 2
231 9826 2
231 9855 8
231 8562 3
231 8571 6
231 9161 1
231 9113 1
231 9511 1
231 9555 1
241 9251 1
241 9008 1
241 9171 1
241 9447 1
241 9918 1
241 8960 2
246 9300 1
246 9206 2
246 8714 1
246 9064 1
246 8738 2
248 8696 15
248 9071 2
248 8659 2
248 9884 2
248 8750 1
248 9793 1
248 9373 28
248 9984 1
248 9519 1
270 9547 1
271 8724 1
271 9652 1
271 9678 1
283 9878 1
283 8544 1
283 9249 1
283 9674 1
283 9381 1
289 8781 2
289 9621 23
289 9921 1
292 9357 1
292 9675 2
297 8892 1
297 9235 2
297 9450 1
329 8644 4
342 9222 2
342 9017 12
342 9351 3
342 8795 1
344 9228 1
344 8765 1
344 9630 1
344 9121 2
344 9627 2
357 9336 1
357 9169 4
357 9947 11
357 8689 1
357 9003 1
357 9112 1
357 9494 3
357 8651 1
357 9915 13
371 9334 1
371 9584 1
371 9590 4
371 9788 1
372 8724 4
372 8747 1
372 9079 8
372 9227 5
379 9667 2
379 9783 3
379 9673 2
407 9976 1
407 9279 1
410 9259 5
410 8819 2
410 9919 3
410 9115 1
410 9443 3
412 9445 1
412 9954 8
412 9357 1
439 9583 1
446 8960 1
446 9555 1
446 8934 1
446 9325 1
446 9398 1
446 9848 2
446 9944 1
446 9921 1
448 9925 1
448 9832 2
448 9512 1
448 9725 1
448 9833 12
448 9851 1
454 8641 1
454 9718 1
454 8809 1
455 8605 1
477 8543 3
477 8622 1
477 9012 1
477 9792 1
478 9360 1
478 9362 2
478 8575 10
478 8561 1
478 9115 2
485 9114 1
485 9598 1
493 9838 23
493 9925 1
493 9262 2
493 9580 1
493 9784 1
493 9528 5
504 9730 1
504 9132 1
511 8710 1
511 8629 6
511 8697 2
511 9212 1
517 9108 6
517 9637 1
525 8689 2
525 9878 1
531 8975 3
531 9402 1
531 9327 1
531 9462 1
542 8897 1
542 9498 1
542 9161 1
542 9628 1
544 9825 10
544 9368 1
544 9784 1
553 9773 1
553 8655 1
553 8575 3
553 8930 1
553 8794 2
570 9722 2
570 8804 5
576 8612 1
589 8805 1
590 8783 1
590 8788 1
590 9315 3
593 8617 1
593 9891 1
593 8696 3
593 8774 1
593 9787 2
598 9883 1
598 8575 2
602 8754 1
602 9464 11
602 8747 1
604 8874 1
613 9098 1
613 9667 1
613 9412 1
619 8752 19
619 8893 1
619 9527 1
619 8549 6
619 9056 1
619 9387 8
619 9748 1
620 9914 34
620 8631 1
622 9373 1
622 9592 5
628 8549 1
634 9966 3
634 9618 1
634 9953 2
651 9375 1
651 9032 1
651 8816 7
651 9894 1
651 9953 1
651 8612 2
651 9042 2
651 9945 6
651 9298 1
652 9420 1
652 8807 1
656 9186 2
656 8794 4
656 9126 1
660 8838 1
660 9292 1
660 9352 1
660 8686 2
660 8596 1
660 8775 3
660 9464 1
660 9169 1
660 9998 1
670 9213 1
675 9664 1
675 8731 1
675 9078 10
675 9915 1
683 8559 2
683 9501 1
733 9570 43
733 9760 50
736 9146 1
736 9248 2
736 9436 10
736 9078 1
736 9479 1
736 8580 45
740 8971 145
740 9552 2
740 9344 1
740 9633 1
787 9004 1
787 9388 5
787 9033 8
787 9280 5
787 9010 1
808 9249 1
808 8851 12
808 9371 1
814 8549 1
814 9123 1
814 8729 1
826 8704 1
826 9271 11
826 9687 1
826 9827 2
826 9682 1
826 9756 1
826 9732 11
833 9760 1
833 8983 1
869 9793 1
878 8685 2
878 9979 2
899 9208 1
899 9108 3
899 8786 1
899 9577 5
899 9698 1
899 9899 1
902 9208 1
902 9614 2
902 9673 4
902 8710 1
907 9810 68
907 8907 2
907 9527 4
907 9777 1
920 8641 1
920 9168 2
920 9415 1
920 9572 2
925 9059 1
925 8638 1
925 8842 1
925 8925 1
933 9142 1
935 9297 2
935 8878 1
935 8946 12
935 9663 1
937 8693 2
937 9894 2
937 8905 1
937 9797 1
937 9253 3
937 9644 7
954 8576 4
954 9216 1
954 9298 1
954 8629 4
954 9633 2
954 8714 1
954 9759 4
986 9459 1
986 9468 1
986 9348 1
986 8715 1
986 9760 1
1016 9341 1
1016 9569 4
1016 8612 5
1016 9017 3
1016 8996 1
1016 9139 5
1016 9418 1
1016 9461 3
1016 9793 1
1016 9989 1
1016 9602 2
1020 9197 1
1020 9287 1
1020 9731 1
1033 9050 1
1033 9859 1
1054 9623 1
1054 9075 1
1054 9201 1
1054 9149 2
1054 9507 1
1054 8882 1
1054 9294 1
1054 8628 1
1056 9061 2
1056 8998 1
1056 9749 1
1059 9333 43
1059 8954 2
1083 8681 1
1083 9749 1
1083 9622 3
1100 8872 3
1100 8558 3
1100 8858 1
1100 8893 1
1100 8783 18
1100 9862 1
1100 8571 2
1106 8932 3
1106 9956 1
1107 9149 1
1107 8667 1
1114 9234 1
1114 9284 1
1128 9411 1
1128 9840 6
1128 8818 1
1128 8746 25
1128 9305 2
1128 9870 1
1129 9675 1
1129 8984 1
1151 8636 1
1151 9163 2
1151 9604 27
1151 9798 4
1151 9411 1
1151 9238 1
1152 9110 1
1152 8786 3
1152 8672 1
1152 9101 1
1152 9965 1
1157 9960 6
1157 8973 1
1157 9554 3
1162 9328 1
1162 8723 1
1162 9731 1
1164 9990 1
1164 8973 4
1164 9689 5
1164 9635 1
1164 9640 3
1164 8608 2
1164 9077 6
1164 9123 2
1182 9181 1
1194 9886 1
1194 9269 1
1194 8580 2
1194 9008 1
1194 8764 2
1194 9683 3
1194 9554 2
1207 9715 1
1209 8802 2
1209 9648 1
1209 9248 13
1209 8662 11
1212 8830 1
1212 9193 1
1212 8930 1
1212 9022 22
1227 9398 1
1227 9765 2
1227 8985 1
1227 9810 1
1254 8659 29
1254 9198 2
1254 9790 2
1254 9893 1
1264 9258 2
1281 9739 5
1281 8654 98
1281 9351 8
1283 8721 1
1283 9197 1
1294 9661 2
1294 9918 12
1294 9004 5
1294 9991 1
1306 9886 1
1306 8732 3
1306 9733 1
1319 9665 1
1319 9530 1
1325 9082 1
1327 8886 3
1327 9898 1
1327 9910 10
1327 8569 1
1327 8777 1
1356 8852 3
1372 9914 3
1372 8547 1
1372 9167 1
1372 9678 8
1372 9743 2
1372 9693 1
1381 9977 1
1381 8634 1
1381 8927 1
1388 9291 1
1388 8771 1
1388 9205 2
1388 8868 1
1388 9204 1
1390 9704 1
1390 8801 1
1390 9861 1
1390 9584 1
1404 8714 5
1404 8988 5
1409 8753 1
1411 9732 1
1411 9122 1
1411 9487 3
1431 8656 1
1431 9742 1
1431 9058 2
1431 9416 4
1431 9494 1
1441 8612 1
1441 9193 2
1441 9895 1
1441 9983 1
1463 8990 32
1463 9850 1
1463 8942 1
1483 9227 1
1483 9610 1
1507 8571 2
1507 9046 1
1507 8878 1
1507 9009 1
1507 9946 2
1520 9095 1
1520 9674 6
1521 9034 1
1521 9368 1
1521 9253 1
1521 9687 1
1521 8715 1
1533 8873 11
1533 9437 1
1536 8922 1
1536 8595 1
1536 9451 21
1536 8771 1
1536 9790 2
1536 8839 3
1536 9142 1
1545 9251 4
1551 9057 1
1551 9009 1
1551 9232 1
1551 9433 5
1551 9733 7
1551 9696 35
1566 9246 1
1566 9715 3
1566 8719 1
1566 9136 1
1571 8541 1
1571 8892 1
1606 9708 7
1606 9255 3
1606 9106 1
1606 9386 1
1606 8981 1
1606 9397 1
1613 9419 1
1613 9630 2
1624 9570 1
1639 9988 1
1639 9394 2
1639 9791 1
1639 9816 1
1658 9297 3
1658 9093 1
1658 9307 1
1659 9197 1
1659 8954 1
1659 9083 3
1659 9212 3
1667 9898 4
1667 9498 2
1667 8798 1
1667 8790 1
1667 9694 4
1670 9775 1
1670 9811 16
1670 8577 1
1670 9120 2
1671 9606 2
1680 9922 1
1680 8845 11
1688 8804 4
1688 9661 1
1688 8598 2
1688 9914 1
1689 8723 1
1707 8601 2
1707 9797 1
1707 8872 4
1708 9590 2
1708 8704 1
1708 8865 4
1708 9922 4
1708 9520 6
1708 9503 1
1708 9966 1
1708 9092 1
1708 9152 5
1722 9686 3
1722 8580 6
1730 9609 3
1732 8581 22
1732 8695 1
1737 8681 1
1737 9920 1
1742 9632 1
1742 9179 82
1742 9695 1
1754 9817 1
1754 9318 1
1754 9415 8
1754 8872 2
1754 8985 13
1762 9729 1
1762 9779 7
1762 9106 1
1762 9370 1
1762 9976 1
1791 9443 1
1791 9268 4
1791 9950 2
1791 8834 1
1791 8971 1
1791 9262 2
1791 9292 1
1791 9624 2
1791 9818 1
1862 8851 2
1862 8689 3
1863 9297 1
1863 8587 2
1863 8625 2
1863 8955 5
1863 8619 1
1863 9875 1
1876 9619 1
1879 9693 3
1879 9050 3
1879 9102 1
1879 8612 29
1894 9592 1
1894 9267 1
1894 9280 2
1894 8911 1
1894 9744 1
1898 8562 1
1898 8922 1
1898 9704 2
1899 8593 1
1899 9310 1
1899 8547 1
1926 9450 1
1926 9901 1
1926 9287 6
1926 8635 2
1957 9418 5
1957 9228 1
1957 9667 19
1961 8930 1
1961 8971 1
1961 9246 1
1961 9804 2
1968 8564 1
1968 9123 1
1969 8544 1
1969 9330 1
1969 8957 11
1969 8784 9
1969 9247 1
1969 9641 1
1972 9168 1
1972 9930 1
1972 9080 1
1981 8698 1
1981 9414 1
2027 9100 1
2042 9415 1
2042 8897 2
2042 9722 25
2048 9980 2
2048 8596 1
2071 8615 2
2071 8706 3
2071 8815 4
2071 9437 89
2071 8805 1
2071 9365 2
2079 9369 1
2079 9082 10
2083 9985 2
2083 9758 1
2083 9982 1
2093 9398 2
2093 8682 8
2095 8975 4
2095 8786 1
2095 9845 11
2095 8777 2
2095 9713 1
2115 9930 2
2115 9246 1
2133 9879 2
2133 9052 3
2133 9963 1
2133 9607 1
2133 9841 1
2151 8873 1
2151 9437 4
2151 9579 1
2151 9931 1
2151 8976 1
2151 9986 1
2151 9608 17
2164 8625 1
2164 9218 1
2164 9380 3
2164 9487 1
2164 9678 1
2164 9840 3
2164 9501 5
2165 8839 1
2165 9442 2
2184 9049 2
2184 8696 1
2184 9113 1
2184 9497 1
2222 9589 2
2222 8753 1
2222 9232 12
2232 9108 1
2232 9113 1
2232 9104 1
2232 8575 1
2232 9996 2
2232 9920 1
2237 9743 1
2237 8946 3
2237 9697 1
2237 9453 1
2246 8589 1
2246 8713 1
2246 8964 11
2246 9474 1
2246 9880 4
2260 9474 2
2284 9508 7
2284 8965 2
2291 9817 3
2291 9930 4
2301 9875 1
2301 8613 1
2301 8994 4
2301 9251 1
2303 8608 1
2303 9591 1
2311 9687 1
2311 9590 1
2311 9098 1
2311 9822 1
2311 9952 1
2316 9584 2
2319 9338 1
2319 8724 7
2319 9330 7
2319 8731 1
2321 9383 1
2321 9388 2
2321 9631 50
2321 9474 4
2321 9755 1
2350 9831 1
2367 8697 1
2367 8937 1
2367 9168 1
2367 8830 1
2367 8834 1
2367 9171 6
2367 9462 1
2367 9656 1
2367 8564 200
2367 9879 1
2369 9926 2
2369 9984 2
2374 9506 1
2374 9656 1
2374 8899 3
2374 9915 1
2374 9055 5
2382 8753 1
2382 9033 1
2382 9360 1
2382 8659 2
2382 9196 6
2402 8753 3
2402 9632 6
2402 9882 30
2402 9352 1
2402 9771 1
2402 9879 6
2402 9922 1
2402 8606 1
2410 8815 1
2410 9292 1
2412 9383 1
2412 8706 1
2412 8582 1
2421 9503 1
2421 8747 3
2450 8774 1
2450 9512 1
2450 9261 1
2450 9756 1
2460 9858 1
2460 9162 21
2460 9077 1
2475 9807 3
2475 9211 1
2491 9873 1
2491 8961 1
2505 9250 5
2505 9061 2
2505 9664 1
2505 8649 1
2505 8752 1
2518 9514 1
2518 8849 2
2518 9263 2
2520 8798 1
2528 9005 2
2528 9331 1
2528 9857 1
2529 9249 1
2529 8951 1
2529 8717 1
2529 9728 1
2529 9853 1
2568 9041 2
2568 9597 1
2568 9963 5
2579 9770 2
2579 9102 2
2579 9267 12
2596 9540 6
2596 9245 1
2601 9893 1
2601 8598 1
2601 9526 2
2618 9821 1
2618 9765 12
2618 8653 2
2618 9095 1
2683 8911 1
2683 9775 7
2683 9837 1
2684 8739 1
2684 8856 1
2684 9139 11
2684 9291 1
2684 9522 3
2684 9701 1
2698 8739 1
2698 9889 1
2698 8632 1
2698 9510 2
2698 9053 1
2699 8546 47
2711 9010 46
2711 8719 2
2711 9527 1
2711 8593 1
2711 8736 3
2711 9350 1
2711 9382 1
2718 9623 1
2718 8895 1
2718 9128 2
2718 9473 1
2718 9777 7
2745 9373 1
2745 9390 2
2745 8784 1
2745 9665 7
2745 8617 1
2745 9304 8
2750 9963 3
2750 8686 1
2750 9516 1
2750 8625 1
2750 8706 1
2750 8821 1
2760 9268 3
2760 9523 1
2760 9882 1
2773 9323 2
2773 8704 8
2773 9533 2
2773 9384 1
2773 9433 1
2782 8695 9
2782 9998 1
2790 8882 1
2790 9490 1
2790 9606 3
2790 9963 3
2795 9892 7
2795 9146 4
2795 8910 1
2795 8563 1
2795 9133 1
2802 9724 1
2802 9759 1
2802 9954 4
2802 9397 2
2802 9143 1
2802 9298 2
2802 9459 1
2802 8904 3
2812 9756 1
2812 9080 25
2812 9465 1
2812 9816 18
2812 8962 1
2812 9167 8
2812 9874 1
2827 9099 1
2827 9965 1
2827 9334 1
2827 9425 2
2858 9152 2
2859 9792 27
2873 9417 1
2873 9345 1
2873 9508 4
2891 8563 1
2891 9221 1
2896 9687 1
2896 9651 1
2896 9858 3
2906 9879 4
2906 8635 2
2906 9717 1
2906 8794 1
2906 9187 1
2906 9680 1
2911 9730 1
2911 8709 1
2911 9149 1
2911 9750 5
2918 9038 1
2918 8558 1
2918 9093 3
2918 9801 1
2918 8918 1
2920 9907 1
2920 9630 1
2920 9333 2
2920 9383 1
2920 9825 3
2922 9500 1
2922 9553 1
2922 9731 5
2922 9510 1
2922 9268 15
2922 9835 2
2922 9079 1
2922 9766 1
2922 9846 1
2926 8691 1
2926 8723 1
2926 8932 1
2926 8543 1
2926 8954 3
2982 9488 1
2982 9523 3
2982 8832 1
2983 9126 1
2983 9186 1
2983 9468 11
3012 9296 1
3017 9392 1
3028 9124 1
3028 9594 1
3028 9800 1
3041 9106 1
3041 9527 1
3041 9271 1
3041 9861 1
3044 9967 3
3044 8658 1
3044 9157 4
3047 8656 1
3047 8546 106
3047 9234 2
3063 9526 2
3063 9430 1
3063 9855 1
3076 8637 113
3076 9989 1
3097 8918 2
3097 9121 2
3101 9942 1
3119 9556 1
3119 8699 1
3119 8634 1
3119 8592 2
3119 9757 2
3126 9239 1
3126 9197 2
3126 8838 3
3126 9072 1
3126 9151 1
3126 9591 1
3135 9327 1
3135 9766 1
3135 9771 8
3135 9784 31
3139 9702 1
3139 9221 1
3142 8564 2
3142 8995 2
3142 9612 7
3143 8984 1
3143 8542 1
3150 9538 5
3150 8757 2
3150 9944 72
3150 8799 2
3150 9913 7
3151 9487 1
3151 8874 4
3151 9024 1
3151 8955 22
3151 8686 1
3151 9540 1
3155 9144 3
3160 9023 1
3163 9228 1
3163 9592 1
3163 9972 2
3190 9253 1
3190 8592 1
3190 9301 3
3190 9341 1
3190 9375 2
3200 9010 1
3200 9379 2
3200 9533 7
3200 9001 1
3200 9942 1
3200 9964 1
3200 9979 11
3214 9925 1
3214 8973 1
3214 9379 2
3217 9137 2
3218 9632 1
3218 9170 1
3234 9965 1
3300 8813 1
3300 9062 1
3300 9761 1
3300 8959 1
3300 9739 1
3300 9980 1
3300 9103 1
3300 9167 7
3300 9449 1
3300 9734 2
3302 9758 1
3302 9957 3
3320 9131 2
3320 9049 1
3320 9102 1
3320 9790 21
3320 8554 1
3320 8996 1
3320 9244 1
3324 9648 58
3324 8899 1
3324 9111 2
3324 9481 1
3326 9252 1
3326 9686 2
3326 9392 1
3326 9816 1
3349 9901 1
3349 8991 1
3349 9021 10
3368 8830 1
3368 8699 1
3385 9854 1
3402 9097 4
3402 9306 1
3402 9690 1
3419 9491 1
3419 8825 2
3419 9332 1
3423 9078 2
3423 9652 1
3423 9806 1
3442 9733 1
3442 8620 1
3442 9576 1
3456 9230 1
3456 9307 1
3500 9699 2
3500 9809 1
3500 9657 2
3500 9857 5
3506 9493 4
3511 8595 2
3514 9022 1
3514 9262 1
3514 9938 1
3514 9931 1
3514 8975 5
3538 9462 1
3538 9449 1
3538 8788 4
3550 8760 1
3550 8849 2
3550 8615 2
3550 9218 1
3550 9792 1
3560 8587 1
3560 9648 1
3581 9351 1
3581 9956 1
3583 9333 1
3583 8781 1
3583 9032 1
3583 9265 2
3583 9676 1
3594 8900 1
3594 9310 4
3594 9717 1
3603 8944 1
3603 8829 7
3603 9170 1
3619 9758 7
3619 9342 1
3619 9216 1
3619 8886 1
3627 9343 3
3627 9695 3
3627 9143 1
3627 9239 1
3627 9371 5
3627 9940 1
3627 9606 1
3629 9992 1
3629 9124 1
3629 9251 1
3629 9676 1
3629 9536 1
3629 8605 1
3631 9798 1
3631 9980 11
3631 9147 1
3631 9829 6
3631 9990 1
3633 8714 27
3633 9872 1
3633 9827 2
3633 9233 11
3638 8845 1
3638 9212 1
3638 9501 1
3638 8779 6
3638 9700 1
3656 9630 1
3656 8818 1
3656 9476 1
3676 9873 1
3676 9401 1
3676 9078 2
3676 9472 8
3676 9811 2
3676 9367 1
3676 9914 3
3676 8554 2
3676 8990 10
3676 9798 1
3686 8721 1
3686 9023 3
3686 9353 90
3692 9750 1
3692 9878 1
3692 9930 1
3693 9005 3
3693 8606 1
3693 9517 1
3693 8752 1
3693 9378 1
3695 8981 2
3702 9551 2
3732 9024 3
3732 9806 7
3744 9072 1
3779 8662 1
3779 9276 1
3779 9425 10
3779 9750 4
3779 8931 4
3779 9846 5
3789 9565 1
3789 9410 1
3802 9068 56
3802 9146 9
3802 9699 1
3802 9599 4
3826 8770 1
3826 9308 1
3832 8907 1
3832 9331 1
3832 8602 2
3832 9496 1
3833 9941 1
3833 9104 2
3833 9399 1
3835 9075 1
3835 9556 1
3846 8558 1
3846 8815 6
3846 8932 1
3846 9961 6
3846 9833 1
3846 9553 15
3846 9304 1
3852 8922 2
3852 9015 1
3854 9208 3
3854 8636 1
3854 8641 1
3895 8647 1
3900 9496 1
3900 9476 1
3900 9801 1
3900 9416 1
3900 8775 1
3901 9065 1
3901 9853 1
3901 9181 1
3901 9660 1
3933 8672 1
3933 8805 1
3933 9513 1
3933 9788 2
3933 9880 1
3933 9886 2
3947 9657 2
3966 9713 3
3966 9205 1
3966 9565 1
3970 9788 1
3970 8633 1
3970 9158 1
3970 9695 1
3978 9190 2
3978 9594 4
3978 8760 1
3978 9729 1
3978 9169 5
3978 9978 3
3978 8940 2
3978 8996 1
3978 9259 1
3978 9891 1
3990 8944 4
3990 9644 1
3990 9856 1
4000 9519 1
4000 9428 2
4000 9602 2
4000 8794 1
4005 9687 1
4014 8742 1
4014 9328 1
4014 8991 2
4026 9328 1
4026 9338 4
4026 8967 1
4026 9491 1
4026 9940 1
4026 9337 1
4026 9391 1
4032 9071 1
4032 9729 1
4049 9459 1
4049 8686 1
4049 9274 14
4072 8890 1
4072 8937 1
4072 9061 1
4086 9217 1
4086 8729 1
4100 9926 1
4100 9069 1
4100 9161 1
4100 9241 1
4100 9249 1
4100 9562 4
4112 8724 1
4112 9892 1
4112 8803 1
4116 8893 1
4116 8554 1
4116 8809 3
4116 9584 1
4116 9988 1
4122 9517 1
4122 9325 1
4122 9903 3
4147 8541 1
4147 9576 1
4147 9536 1
4155 9203 6
4155 9252 1
4174 8591 2
4174 9479 4
4174 9497 1
4190 9704 3
4190 9308 9
4190 9628 6
4190 8844 1
4190 9245 2
4190 9533 1
4203 9875 4
4203 9050 1
4203 8562 2
4203 8703 1
4203 8811 25
4206 9367 1
4206 9221 2
4206 9095 1
4206 9571 1
4207 9883 2
4207 8952 1
4207 9004 30
4207 8634 1
4207 9872 1
4214 9945 1
4214 9991 1
4214 9055 1
4214 9453 1
4214 9818 9
4214 8845 1
4214 8639 1
4214 9220 2
4214 9778 2
4216 8679 1
4225 8601 2
4225 9638 1
4231 9914 1
4231 9422 1
4231 9793 1
4256 8804 1
4256 9369 1
4256 9950 2
4276 9536 19
4276 9966 2
4276 8749 2
4276 9360 1
4284 9585 2
4284 9624 2
4284 9857 1
4285 8859 1
4285 9230 2
4285 9338 2
4285 9587 2
4285 9811 1
4332 9498 1
4332 8829 1
4332 8900 2
4332 8790 1
4376 9445 1
4376 8948 8
4376 9281 7
4376 9049 1
4376 9407 2
4378 8895 1
4401 9353 1
4412 9115 2
4412 9369 4
4425 9391 1
4425 8844 1
4425 9393 4
4425 9724 2
4425 9583 4
4425 9960 1
4425 9805 4
4425 8617 1
4425 8758 2
4425 8774 1
4425 9259 1
4425 9422 1
4425 9940 4
4431 9765 1
4431 9135 1
4431 9330 9
4431 9968 1
4442 9405 2
4463 9571 1
4463 9128 1
4463 9338 2
4466 9701 1
4466 8916 1
4466 9287 1
4466 9766 1
4466 8714 1
4466 8946 3
4466 9059 1
4482 8564 3
4482 8541 1
4491 8580 1
4491 9702 1
4491 8971 1
4491 9040 1
4491 9988 3
4497 9820 7
4497 9410 11
4497 8629 19
4497 9034 1
4497 9899 1
4497 9826 1
4507 8876 2
4513 8789 4
4513 9829 1
4513 9341 8
4513 8546 3
4513 9192 3
4513 9315 1
4513 9697 1
4513 9884 17
4513 8975 1
4513 9964 2
4513 9250 1
4513 9516 1
4513 9589 1
4544 9207 1
4545 8598 3
4545 9010 1
4545 8828 1
4546 9829 1
4546 9757 2
4546 9772 2
4546 9783 1
4591 9101 165
4591 9187 1
4607 9700 2
4607 8703 1
4607 8569 1
4607 9865 1
4607 8765 9
4607 9960 1
4607 8944 1
4607 9074 3
4607 9282 5
4607 9970 35
4614 9498 1
4617 9269 8
4617 9235 1
4617 9076 2
4617 8739 1
4617 9515 3
4617 9732 1
4617 8786 1
4617 9259 6
4617 9721 5
4624 9563 3
4624 9786 1
4624 9110 1
4626 9268 13
4626 9864 1
4626 9698 1
4626 9705 1
4640 9798 1
4640 9300 2
4642 9304 1
4642 9040 2
4642 9834 1
4642 9912 2
4642 8774 1
4642 9375 1
4644 9287 1
4644 8581 2
4644 9790 1
4644 8984 1
4644 9106 1
4644 9680 1
4644 9779 1
4644 9310 2
4644 9422 8
4644 9670 1
4644 9312 154
4644 9811 1
4649 8644 1
4649 8813 2
4654 9724 1
4654 9375 2
4654 9569 1
4661 9343 1
4661 8842 2
4661 8608 1
4661 9174 1
4679 9708 1
4681 8651 1
4681 9850 1
4681 9443 4
4681 8774 4
4681 8547 1
4681 9264 1
4681 9033 2
4681 9842 21
4686 8622 2
4686 9380 1
4686 9386 44
4686 9505 2
4707 9294 1
4707 9100 1
4707 9966 1
4713 8973 1
4713 9343 2
4732 8783 1
4732 9104 1
4732 9135 1
4732 9438 2
4733 9667 2
4733 9175 1
4733 8802 2
4733 9603 14
4733 9819 1
4733 9490 1
4733 9821 2
4733 9992 1
4736 9852 1
4741 8902 1
4741 8948 1
4741 9357 2
4744 9731 1
4744 8635 2
4744 8925 1
4744 9875 1
4744 9993 1
4744 8727 1
4772 9254 11
4772 9478 3
4772 9845 8
4796 8647 1
4796 9552 1
4796 9583 2
4796 9604 1
4796 9503 1
4796 9853 1
4796 8605 1
4796 9278 4
4796 9911 2
4810 8655 3
4810 8967 1
4810 9165 3
4810 8760 1
4810 9931 1
4813 9952 1
4813 9185 2
4813 9275 5
4813 9572 2
4826 9365 116
4834 8780 3
4834 9163 7
4834 9735 1
4850 9644 1
4850 8833 1
4850 9289 1
4850 8628 1
4850 8749 3
4850 8999 1
4850 9378 1
4850 8940 1
4853 9642 1
4853 8859 1
4853 9012 1
4853 9765 4
4854 9131 1
4857 8818 1
4857 9032 5
4857 9641 1
4857 9112 33
4857 9056 2
4857 9244 1
4857 9290 2
4857 8890 4
4857 9623 9
4858 8717 1
4858 8823 2
4858 9496 1
4866 9701 1
4866 8746 1
4866 9121 1
4866 9082 1
4869 9744 1
4869 8709 1
4869 9920 2
4869 9055 4
4870 9748 2
4870 9911 1
4870 9197 1
4870 9972 2
4882 8783 1
4882 8742 1
4882 8937 3
4882 8644 2
4882 9534 1
4889 9353 1
4889 9419 1
4895 8625 4
4932 9486 8
4932 8559 4
4937 9113 1
4937 8543 1
4943 9622 1
4943 8971 10
4949 9956 2
4949 8968 1
4950 9160 1
4950 8789 7
4950 9859 1
4950 9005 1
4950 9348 1
4963 8601 9
4963 8840 2
4963 9553 1
4963 9575 6
4963 9632 2
4965 8788 1
4965 8926 1
4965 9538 1
4965 9160 3
4971 8713 1
4971 9233 2
4974 8984 1
4974 9370 5
4983 9186 1
4983 9861 1
4986 9203 1
4986 9864 9
4986 9947 1
4994 8858 2
4994 8919 1
4994 9553 3
4994 9353 1
4995 8892 1
4996 8777 1
5003 9976 1
5003 9049 4
5003 9144 1
5012 9465 23
5012 9106 1
5012 9797 1
5046 9451 2
5046 9841 1
5046 9449 1
5068 9572 1
5068 9370 1
5068 8662 7
5068 8721 11
5068 8642 2
5081 9241 1
5081 8544 4
5081 8951 2
5089 8873 6
5089 8596 1
5089 9264 1
5089 8601 1
5089 8619 1
5089 8819 1
5089 8746 1
5096 8822 1
5096 9137 1
5096 9625 8
5099 9447 1
5099 9264 1
5099 8998 1
5099 9074 1
5099 9848 1
5099 9111 9
5099 9393 1
5108 9351 1
5108 9703 5
5108 9396 1
5112 9892 1
5125 9634 2
5143 8713 1
5143 8577 1
5143 8873 1
5143 9807 2
5151 9993 1
5151 9291 1
5151 9590 1
5151 8783 1
5168 9874 3
5168 8607 1
5168 9922 5
5171 9728 1
5171 9932 1
5171 9487 1
5171 9886 4
5171 9486 1
5175 8832 1
5175 9742 1
5175 9626 34
5175 9100 5
5175 9783 1
5175 8825 2
5175 8727 1
5175 8744 3
5175 9708 3
5179 8976 1
5196 9169 1
5196 8710 1
5196 9147 4
5208 9704 1
5208 8727 3
5208 9185 10
5208 8867 1
5208 9021 1
5208 9998 1
5315 9230 4
5315 9329 1
5320 9073 1
5320 8781 1
5320 9269 2
5329 9232 1
5329 9884 1
5332 9151 1
5332 9661 2
5336 9055 8
5336 9519 2
5336 9446 7
5341 9368 6
5341 9603 1
5342 8952 1
5342 9103 3
5355 8995 2
5355 9337 1
5355 9810 1
5355 9426 127
5377 9972 2
5377 9018 3
5377 9126 1
5377 8841 1
5377 8545 1
5379 9679 1
5379 9445 1
5379 9565 3
5379 9109 1
5379 9327 2
5381 9121 1
5381 9986 2
5381 9315 1
5381 8635 1
5383 9136 1
5383 9390 1
5383 9033 1
5383 9471 2
5383 9970 1
5383 9296 2
5407 8870 1
5407 9508 6
5418 9292 2
5418 8637 1
5418 9284 1
5448 9428 1
5448 9622 1
5448 8801 2
5450 9407 1
5450 9761 1
5450 9850 2
5455 8912 1
5455 8952 1
5455 9640 1
5456 9920 1
5456 9512 1
5456 9961 5
5463 9301 1
5463 8793 2
5463 9506 1
5465 8583 3
5465 9654 3
5465 8561 1
5465 9037 2
5465 9695 2
5465 9976 1
5465 9833 1
5465 9203 1
5471 9190 3
5471 8747 1
5471 9789 1
5474 9152 2
5474 8869 1
5474 8654 1
5474 9600 26
5474 9865 1
5481 8647 1
5481 9396 1
5481 9661 1
5481 9831 2
5481 8654 1
5481 8736 14
5481 9715 1
5481 8861 2
5481 9330 1
5503 8637 1
5503 8771 2
5503 9470 1
5512 9317 1
5512 9588 1
5517 8807 1
5517 9069 2
5540 9888 1
5540 9224 1
5540 9024 1
5567 9393 17
5567 8792 1
5581 8546 58
5581 9976 1
5581 9529 1
5614 9164 1
5614 9585 1
5634 9555 1
5634 9685 1
5634 9149 1
5673 9895 1
5673 9648 1
5677 9103 2
5677 8769 1
5677 8999 1
5677 9424 2
5683 9368 1
5683 9667 4
5683 9978 3
5703 9488 3
5703 9903 2
5703 9957 1
5703 9997 1
5718 8944 3
5718 8784 1
5718 9816 1
5718 9180 3
5722 9308 2
5722 8982 19
5723 9308 1
5723 9012 3
5723 9217 2
5723 9204 2
5725 8912 1
5725 9151 1
5725 9510 1
5725 9889 1
5726 8668 1
5726 9827 6
5726 9786 1
5726 9822 2
5728 9504 2
5729 9478 2
5729 9079 1
5729 8685 1
5729 9266 2
5729 8904 5
5729 9490 2
5737 9271 4
5737 9856 1
5747 9123 6
5747 9698 1
5747 8840 1
5747 9679 1
5747 8916 3
5747 9480 1
5747 9738 3
5747 8992 1
5789 8876 4
5789 8779 3
5789 9108 1
5789 9871 1
5802 8673 1
5802 8976 1
5837 9607 1
5837 9332 5
5837 9294 1
5851 8723 1
5851 9278 1
5851 9597 1
5851 8865 1
5863 9145 1
5905 9493 1
5905 9362 6
5909 8689 4
5952 9136 1
5952 8827 2
5978 9891 1
5978 8871 1
5980 9861 1
5980 9724 1
5980 8868 2
5991 8849 2
5991 9266 1
5991 9479 7
6009 8819 20
6009 9415 2
6009 8659 3
6009 9093 3
6036 9991 2
6036 8907 200
6036 9192 1
6036 9730 1
6036 9919 18
6037 8807 1
6037 9589 2
6037 8672 1
6048 8780 1
6048 9175 9
6048 9547 1
6048 9656 2
6060 9512 2
6060 9267 1
6060 8653 2
6060 8836 155
6076 9087 1
6076 8792 2
6076 8780 2
6077 9099 1
6077 9627 1
6077 9520 2
6077 9523 1
6077 9854 2
6085 9594 1
6085 8769 1
6085 9093 2
6092 9478 5
6092 9071 1
6092 9964 2
6092 9126 1
6092 9829 39
6115 9164 1
6115 8777 1
6115 8872 1
6115 9717 1
6119 8973 2
6119 8802 1
6137 9137 1
6137 9057 2
6137 9065 1
6137 9185 1
6137 9729 1
6137 9543 11
6137 9569 3
6137 9583 3
6142 9722 1
6142 9187 1
6142 9794 1
6142 8782 1
6142 8964 1
6142 9218 2
6150 9234 1
6150 9380 1
6152 9644 3
6152 9368 7
6152 8544 2
6152 9749 2
6155 8851 4
6155 8804 1
6155 8816 4
6155 8859 1
6160 9453 1
6160 9502 30
6184 9836 3
6184 9511 1
6184 9380 3
6197 8770 2
6197 8710 1
6197 9788 1
6203 9100 6
6203 9522 1
6203 8750 1
6207 8779 1
6207 9346 1
6207 9704 11
6209 9646 2
6209 9016 1
6209 9255 7
6209 9488 1
6209 9841 1
6209 8772 1
6212 9451 1
6212 8869 2
6212 9318 1
6212 9946 1
6218 9120 1
6218 9057 2
6238 8697 4
6256 8961 1
6256 9472 1
6256 9802 1
6261 9321 1
6263 8629 23
6263 9119 1
6263 9207 2
6263 9133 17
6263 9253 2
6263 9448 1
6263 9905 5
6263 8693 2
6264 8926 1
6287 8792 1
6287 9610 1
6292 9068 1
6292 8668 1
6306 9378 2
6306 8833 1
6309 9630 5
6323 8934 3
6323 8914 1
6325 9608 4
6325 9061 1
6325 9445 1
6326 9991 1
6326 8602 1
6326 9808 1
6336 9074 1
6336 9597 1
6336 9098 1
6336 9185 1
6336 9401 1
6336 9995 2
6337 9887 1
6337 9722 1
6337 9476 41
6337 9190 1
6337 9526 1
6337 9517 8
6337 9944 24
6340 9290 5
6340 9041 19
6340 9950 4
6340 9053 1
6340 8576 1
6340 9418 1
6341 9344 1
6341 9062 1
6344 8982 1
6344 9185 1
6344 9588 4
6344 8793 18
6351 8673 1
6351 8894 1
6351 9678 14
6351 8934 1
6351 9280 1
6351 9791 5
6364 8964 1
6364 9570 23
6373 9972 2
6373 9110 2
6373 8558 2
6388 9141 1
6388 9512 2
6388 8546 1
6388 9290 1
6404 9826 1
6404 9063 4
6404 8599 1
6404 8724 3
6416 8968 2
6416 9170 1
6416 9478 1
6416 8873 2
6416 9194 2
6416 9653 1
6425 8962 2
6425 9651 7
6425 9108 2
6425 8622 2
6429 8544 5
6429 8783 1
6429 8902 1
6429 9144 2
6438 8568 2
6438 8864 1
6441 9789 1
6441 8809 1
6441 9300 1
6445 9850 1
6445 8800 1
6445 9976 1
6445 9216 2
6445 9887 1
6447 9077 1
6447 8739 1
6449 8790 1
6449 8833 11
6449 9058 1
6450 9457 1
6450 9856 5
6450 9301 1
6450 8782 14
6450 9465 1
6450 8864 1
6465 8985 2
6465 9823 200
6472 8753 5
6472 9009 1
6472 9016 1
6494 9254 12
6494 9157 1
6494 9604 1
6498 8930 1
6498 9689 14
6518 8907 2
6518 9451 1
6518 9042 4
6518 8649 2
6518 9725 1
6518 8787 2
6518 9244 9
6518 9457 1
6538 9350 3
6538 9068 1
6540 9282 1
6552 9144 1
6552 9391 1
6552 8562 2
6566 9570 2
6566 8900 1
6581 8878 1
6581 9859 5
6589 8966 1
6598 9491 1
6598 9919 3
6598 9778 1
6598 8656 1
6598 9614 3
6614 9238 2
6614 9266 1
6614 9653 1
6614 9887 1
6618 9695 1
6618 8543 2
6618 8735 3
6618 9320 1
6618 9464 42
6648 9381 2
6648 8841 3
6648 8765 2
6660 9359 1
6660 9196 173
6665 9536 1
6665 9439 5
6665 9036 2
6665 9276 2
6671 9415 3
6682 9730 1
6682 9036 5
6691 8821 3
6710 9430 1
6710 9991 2
6710 8861 2
6710 9444 1
6720 8597 1
6720 8954 11
6720 9527 1
6720 8699 1
6720 8805 1
6720 8547 2
6720 9258 1
6720 9563 1
6720 9131 17
6720 9277 3
6749 8583 1
6749 8646 1
6749 8594 1
6754 9287 1
6754 9008 3
6754 9196 3
6782 9699 1
6782 9488 2
6782 9787 1
6782 9451 1
6783 9379 2
6783 9824 1
6783 9271 1
6788 8981 1
6788 9397 2
6788 9040 5
6788 8800 1
6788 8658 1
6788 8795 1
6788 9783 1
6788 9958 10
6790 9990 1
6790 9636 1
6811 9200 1
6811 9274 1
6811 8667 1
6811 9265 1
6815 9139 2
6815 9010 2
6815 9683 17
6815 9848 1
6815 8563 2
6815 8980 2
6815 9416 2
6815 9502 1
6820 9958 2
6820 8628 2
6820 8802 1
6820 9233 1
6820 9117 1
6820 9040 1
6820 9836 1
6823 9171 6
6823 9910 1
6846 9143 4
6846 9931 11
6846 9075 1
6846 9934 14
6846 8807 1
6848 9075 1
6848 9346 2
6848 9646 2
6865 9041 1
6865 8662 9
6865 9063 1
6865 8871 2
6865 9912 1
6865 8770 1
6865 9219 19
6865 9918 1
6871 9608 2
6871 9501 2
6871 9540 1
6871 9898 2
6871 8988 3
6871 9074 8
6871 8914 4
6871 9396 1
6871 8960 1
6871 8962 1
6871 9709 1
6880 9429 1
6880 9797 2
6891 9359 1
6891 9525 1
6891 8703 2
6891 8903 1
6891 9685 12
6903 8769 1
6903 9196 1
6903 8828 3
6903 9346 2
6903 9598 1
6903 9965 3
6903 8925 1
6903 9062 3
6903 9591 1
6907 9871 2
6907 8673 1
6907 9268 2
6915 9235 1
6915 9528 1
6915 9551 3
6915 9996 1
6915 9018 1
6915 9323 1
6921 8828 1
6921 9571 2
6930 9619 1
6931 9870 2
6931 8959 1
6938 9041 2
6978 8954 1
6978 9053 43
6978 8569 1
6978 8844 1
6978 9829 1
6987 9516 2
7002 9789 4
7002 9402 19
7014 9224 4
7014 9092 1
7016 9010 2
7016 8544 1
7016 9276 1
7016 9426 2
7016 9244 3
7016 9537 1
7020 8869 3
7020 8988 2
7020 9073 3
7020 9171 1
7020 9237 1
7025 8719 15
7025 9388 1
7025 9837 1
7025 9471 9
7025 8764 1
7025 9953 2
7031 9604 2
7031 9606 5
7031 9097 1
7031 9179 1
7044 9280 1
7086 8629 1
7086 9925 1
7097 8845 2
7097 9840 1
7097 8754 11
7112 9926 1
7112 8618 1
7112 9226 2
7112 9967 1
7113 8633 1
7113 9110 1
7113 9274 3
7116 8554 7
7117 9663 1
7117 8926 2
7117 9112 1
7118 9463 7
7118 8876 6
7118 9625 7
7129 9016 8
7129 8726 2
7129 9439 3
7134 8757 5
7134 8641 6
7141 9104 5
7141 9121 25
7141 8965 1
7141 9509 1
7141 9494 1
7141 9775 5
7141 8841 1
7156 9213 1
7156 9517 1
7157 9206 1
7181 9705 4
7181 8561 1
7181 9314 1
7204 9896 1
7204 9895 1
7215 9393 3
7248 9330 1
7248 8955 1
7248 9861 54
7248 9983 1
7248 9217 10
7257 9922 1
7257 9305 1
7262 9984 1
7262 8843 4
7266 9124 1
7266 8874 1
7266 8867 1
7286 9736 1
7286 8620 9
7286 8859 1
7286 9384 1
7287 9383 1
7287 9979 4
7287 9050 1
7287 9146 1
7287 9472 1
7287 9691 1
7294 9247 3
7294 8983 1
7294 8994 1
7294 9605 1
7294 9622 1
7294 9017 1
7301 9005 2
7301 8910 1
7304 9339 2
7310 9979 3
7316 8843 1
7316 9893 7
7316 9925 1
7316 9341 1
7316 9672 1
7341 8699 1
7341 9410 36
7341 9556 1
7344 9206 1
7352 8967 9
7353 9652 3
7394 8931 1
7394 9342 1
7394 9699 5
7403 8658 2
7403 8822 1
7403 8673 2
7403 8926 1
7403 9506 2
7403 9599 5
7403 9124 8
7425 8792 1
7425 9191 1
7425 9004 1
7425 9331 1
7426 9563 1
7426 9042 1
7448 8959 1
7448 8617 2
7477 9594 1
7477 8777 1
7481 9282 1
7481 9905 1
7494 9790 1
7494 9121 1
7494 8714 1
7494 8715 2
7494 9550 3
7494 9512 4
7494 8849 1
7494 9815 1
7497 9083 25
7497 9679 1
7497 9520 5
7497 8843 1
7497 9593 3
7533 9287 1
7533 8789 1
7533 8919 2
7533 9359 1
7536 8843 1
7536 8583 1
7541 9298 1
7545 9476 6
7545 8980 1
7545 9454 1
7545 8781 4
7545 9228 1
7545 8822 1
7545 9023 1
7559 9513 2
7559 9680 2
7559 8882 1
7559 9809 5
7579 9754 1
7579 8899 2
7579 9127 1
7579 9297 1
7599 9836 5
7599 9757 8
7605 9505 6
7605 9608 5
7605 9713 3
7620 9254 1
7620 9083 31
7620 9920 1
7620 9350 1
7620 9995 10
7620 9862 1
7631 8830 7
7631 9292 48
7631 9978 1
7631 8966 4
7632 8825 2
7632 9405 1
7634 8830 1
7634 8967 8
7634 9857 1
7634 9663 3
7634 8542 1
7634 9894 1
7634 8852 1
7634 9654 1
7635 9234 1
7635 9371 1
7635 9266 1
7635 9605 4
7635 9786 1
7635 9617 15
7645 8744 1
7645 8690 1
7645 9487 11
7645 9932 1
7649 8990 2
7649 9845 1
7649 8576 1
7649 9864 1
7649 9626 3
7649 9911 1
7651 9241 1
7651 9965 11
7704 8821 2
7704 8799 4
7704 9974 3
7704 9821 17
7715 8827 5
7715 8992 1
7715 9263 1
7715 9344 1
7715 9717 1
7715 9264 2
7728 8916 1
7728 9288 1
7728 8799 21
7739 9382 1
7739 9608 2
7739 8916 32
7739 9488 1
7760 9670 1
7760 9901 108
7760 9288 1
7760 9641 1
7760 9269 1
7760 9570 8
7771 9962 1
7771 9135 1
7771 9465 1
7774 9281 2
7774 9637 1
7774 9642 1
7774 8568 2
7774 9154 1
7777 9713 1
7777 9502 3
7814 9827 3
7814 8904 2
7814 9794 1
7814 9832 2
7814 9212 2
7814 9235 5
7814 9001 1
7814 9638 2
7814 9398 2
7814 9402 1
7814 9436 1
7814 9873 3
7817 9187 183
7817 8719 1
7818 9614 6
7818 9361 10
7818 9085 1
7818 9764 1
7824 9037 5
7824 9247 1
7824 9348 1
7824 9534 1
7824 8787 5
7828 9097 1
7828 9169 2
7828 8962 2
7828 9734 1
7844 9872 2
7844 9562 1
7844 8867 2
7844 8772 1
7844 9346 1
7844 9475 1
7852 8742 1
7852 9040 1
7852 9186 1
7852 9631 1
7852 9015 1
7861 8793 3
7861 9161 1
7861 9527 28
7861 9974 3
7866 9184 1
7866 9675 1
7866 8599 2
7866 9117 1
7866 9736 1
7866 9762 3
7870 9835 1
7870 8770 1
7870 9301 1
7870 9330 1
7873 9466 1
7873 8823 3
7914 9217 12
7914 9873 1
7914 9944 3
7914 9003 41
7914 9448 1
7914 9598 1
7914 9703 2
7918 9145 1
7918 9065 1
7918 9357 5
7918 9664 1
7918 9705 3
7918 9780 4
7919 8698 1
7919 8613 3
7919 9179 1
7919 8988 3
7919 9674 1
7919 8713 1
7922 8704 14
7922 9787 1
7922 8860 1
7922 9888 3
7922 9507 5
7926 8801 1
7926 9262 1
7926 8549 1
7926 9328 1
7926 8587 2
7926 9169 2
7926 9845 1
7926 9952 4
7930 9291 2
7930 8942 1
7930 9074 3
7930 9141 2
7930 9852 13
7936 9678 19
7961 9756 1
7961 9503 1
7968 9726 1
7968 9522 1
7968 9862 2
7968 8840 3
7974 9617 1
7974 9395 1
7974 8779 1
7974 9262 1
7981 9375 1
7981 9954 2
8010 9111 3
8014 9932 1
8031 9819 1
8031 9227 20
8031 9219 1
8031 9459 1
8070 9238 2
8070 9271 1
8070 8693 2
8070 9102 2
8070 9653 6
8070 8944 17
8070 9436 1
8070 9250 1
8078 9660 1
8078 9775 1
8078 9599 2
8083 9170 1
8083 8647 1
8083 8612 1
8083 9685 1
8083 9009 1
8083 9592 1
8083 9398 1
8083 9594 2
8083 8633 1
8083 9941 1
8099 9052 1
8102 9482 3
8102 9986 1
8112 8731 2
8112 9334 4
8112 8735 1
8112 9269 1
8112 8890 15
8112 9834 1
8116 8571 7
8116 8988 1
8116 9109 1
8116 9220 1
8116 9217 1
8116 9805 3
8116 9938 1
8121 8991 3
8126 8805 1
8132 9080 1
8132 8704 1
8143 9365 1
8177 9284 1
8177 8894 2
8177 8829 7
8181 9194 1
8183 8598 1
8183 9109 1
8183 9167 10
8183 9925 4
8183 9962 1
8185 8690 1
8185 8823 1
8185 9850 6
8185 9034 1
8189 9422 15
8189 9046 1
8189 9905 1
8212 9410 24
8212 9587 1
8223 9184 1
8233 8622 2
8233 9683 1
8233 9872 19
8236 9784 1
8236 9110 1
8245 9171 2
8256 8584 1
8256 8597 3
8256 9426 1
8256 9461 6
8268 9041 1
8276 8844 2
8276 9516 2
8276 8597 2
8277 9264 2
8277 9083 1
8277 9476 3
8277 8584 2
8277 9222 1
8279 9739 37
8279 9122 1
8279 9287 1
8279 9831 1
8283 9167 1
8283 9741 1
8283 9387 5
8299 9277 1
8299 9002 3
8301 9974 9
8301 9914 1
8301 9220 1
8301 8852 1
8301 9511 1
8301 9563 1
8312 8726 1
8312 8615 7
8312 9552 1
8313 8852 1
8319 9612 1
8319 9653 1
8319 9557 1
8319 9870 3
8319 9289 2
8319 8912 3
8320 9557 1
8320 9126 1
8320 8832 2
8320 9009 1
8320 9664 1
8320 9890 1
8344 9239 3
8344 9164 1
8344 9339 26
8344 9794 1
8344 9804 1
8369 9082 1
8369 9068 1
8369 9858 1
8369 9208 4
8369 9447 1
8390 8951 1
8390 8649 1
8390 9085 1
8390 9619 1
8390 9482 3
8430 9845 1
8430 8710 25
8430 9359 1
8430 9167 5
8430 9371 1
8430 9328 1
8430 9728 3
8430 9744 3
8430 9001 1
8431 8967 1
8431 9145 2
8431 8606 1
8431 8802 1
8431 9399 56
8431 9425 3
8449 8736 1
8449 9789 4
8457 9534 1
8487 8758 4
8487 8803 1
8487 9276 1
8496 9918 1
8496 8545 4
8496 8894 2
8504 9445 2
8504 9288 2
8506 9021 1
8506 9075 2
8506 9661 4
8506 8613 1
8506 9251 1
8509 9425 2
8509 8584 1
8509 9063 4
8512 8691 1
8512 9817 1
8519 8641 1
8519 8825 7
8519 8637 1
8519 8691 1
8522 9445 1
8539 8719 6
8539 8999 1
8539 8582 4
8539 9964 25
8541 8609 2
8543 8556 1
8543 8846 1
8544 8741 2
8545 8600 2
8545 8881 1
8547 9943 35
8548 9127 1
8548 9163 1
8548 9628 1
8548 9936 1
8549 8570 1
8550 9136 26
8551 9638 1
8551 8591 2
8551 8561 1
8551 9522 3
8551 9220 1
8551 9674 1
8551 9679 1
8551 9960 6
8552 9838 10
8552 9226 1
8552 9735 6
8552 9114 1
8552 9540 1
8552 9683 1
8553 9288 1
8553 9169 1
8553 9721 1
8553 9700 4
8554 8585 1
8555 9055 1
8555 9497 1
8555 9482 8
8555 8865 22
8556 9493 1
8556 8795 3
8556 9696 1
8556 8578 6
8557 9124 2
8557 9703 1
8557 9114 1
8557 9835 2
8558 8761 1
8558 8694 2
8559 8909 16
8559 8949 1
8559 8928 1
8560 9281 2
8560 9982 1
8560 9835 1
8560 8836 1
8560 8754 5
8560 9801 1
8563 9225 1
8565 8742 1
8565 9537 1
8565 9574 1
8566 9676 1
8566 9439 2
8566 9632 1
8566 9974 1
8566 8898 1
8567 9731 1
8567 9064 89
8567 9078 1
8567 9248 1
8567 9580 3
8568 8978 1
8570 9738 1
8570 9704 4
8570 8897 1
8570 9352 3
8571 8776 1
8571 8924 5
8572 9386 1
8572 8642 13
8572 9443 1
8572 9848 2
8572 9950 3
8573 8641 4
8573 9697 2
8574 8655 1
8574 8858 1
8574 9958 1
8576 9400 2
8578 8645 1
8579 9345 1
8579 9736 3
8579 8769 12
8581 8692 2
8582 9225 8
8583 8648 1
8584 8947 1
8585 9457 1
8585 9874 1
8586 9979 1
8586 9819 1
8587 9504 1
8588 9133 1
8588 9258 1
8588 9255 1
8588 9802 2
8588 8622 4
8588 9641 1
8588 8858 3
8588 8790 1
8588 9369 1
8588 9454 1
8589 8737 3
8589 9096 1
8590 9810 4
8590 8842 1
8590 9701 2
8591 8683 2
8591 8740 1
8591 9906 1
8593 9209 2
8593 8624 1
8594 9176 1
8595 9769 3
8595 8949 1
8596 8812 20
8597 8831 1
8600 8686 1
8600 9186 3
8600 9603 1
8600 9750 5
8601 8963 1
8602 8939 1
8603 8907 1
8603 9833 1
8603 8964 1
8603 9103 1
8603 9523 1
8603 9113 1
8603 9003 2
8603 9587 88
8603 9748 1
8603 9505 3
8603 9694 1
8604 9882 2
8604 9609 5
8606 8762 5
8609 9097 1
8610 9190 14
8610 8871 1
8610 8899 1
8610 9089 2
8610 8681 1
8611 9721 1
8611 9794 1
8611 9412 6
8611 9738 1
8614 8981 2
8614 9328 1
8615 8953 2
8616 8966 1
8616 9381 1
8617 9902 7
8621 8856 1
8622 9868 2
8623 9306 1
8623 9739 1
8624 8698 1
8624 9838 1
8626 9146 7
8626 9809 20
8626 9314 1
8627 9967 1
8627 9275 2
8627 9337 1
8628 8806 6
8630 9201 1
8630 8902 1
8630 9362 5
8631 8875 2
8636 8826 1
8637 8921 1
8638 9054 2
8640 9034 34
8640 8679 1
8640 9367 1
8640 9125 1
8640 9551 5
8640 9968 1
8640 9990 3
8643 9059 27
8644 8826 1
8645 9672 3
8646 8725 2
8646 8692 2
8647 8761 1
8647 8924 1
8648 9064 1
8648 9235 1
8648 8651 3
8648 9808 8
8649 8664 6
8650 8914 32
8650 9042 1
8650 8957 2
8652 8681 3
8652 8839 5
8652 9634 130
8652 9890 8
8655 9096 1
8655 8748 1
8655 8712 1
8656 8755 1
8656 9504 1
8656 9322 1
8657 9288 1
8657 9332 1
8657 9604 1
8660 8673 1
8660 9717 1
8661 9892 1
8661 9538 1
8663 9161 6
8663 8860 1
8663 9599 1
8663 8690 1
8663 9515 1
8663 9657 1
8663 9119 2
8664 9562 1
8664 9577 1
8664 8717 3
8665 9707 1
8665 9203 2
8665 9619 5
8665 9320 1
8665 9401 1
8665 9367 5
8665 9466 2
8666 9974 1
8666 9507 1
8666 9514 1
8666 9991 5
8667 9014 3
8669 9465 3
8669 9245 1
8669 9686 1
8669 8867 2
8669 8830 3
8669 8893 1
8670 9414 1
8670 9621 2
8670 9023 4
8670 9982 1
8671 9076 1
8671 8811 2
8671 9325 1
8671 9528 1
8671 9823 2
8671 9258 2
8674 9982 1
8674 8709 1
8674 9631 1
8674 9779 3
8675 8955 1
8675 9898 1
8676 8775 3
8676 8682 7
8676 9594 6
8676 9679 2
8676 9834 2
8676 8703 1
8676 9463 1
8676 8943 10
8676 8926 1
8677 8890 1
8677 9190 2
8678 8981 1
8678 9550 1
8678 8900 1
8678 9574 2
8679 9283 3
8680 8870 1
8680 9207 3
8680 9693 1
8681 9906 1
8681 8888 1
8682 9322 1
8683 9790 2
8683 9569 1
8683 9310 2
8683 9503 1
8683 9714 5
8683 9718 1
8683 8874 1
8684 9171 15
8684 8841 2
8684 9802 1
8685 8908 4
8685 9311 2
8687 9345 2
8688 8750 2
8688 9205 2
8689 8901 1
8691 9951 2
8692 9251 1
8692 9036 1
8692 8844 2
8692 9394 1
8692 9525 1
8692 9926 13
8694 9150 1
8694 9673 1
8697 9182 1
8698 9096 1
8700 9681 2
8700 8948 5
8700 9206 5
8700 8943 1
8700 9411 2
8701 9353 1
8701 9004 2
8701 9885 1
8701 8955 1
8702 9125 1
8702 9670 1
8702 9072 1
8702 9721 1
8702 9824 25
8702 9894 2
8704 8947 1
8705 8821 1
8705 9770 1
8707 9759 1
8708 8709 1
8708 9957 2
8708 9530 1
8708 9125 2
8708 9453 1
8708 9474 2
8708 8750 1
8709 8853 12
8711 9310 1
8711 9515 4
8712 8764 12
8716 9179 3
8716 9651 60
8716 9037 1
8716 9141 2
8718 9555 1
8718 9685 1
8718 9665 1
8720 9979 1
8720 9344 1
8721 9782 1
8722 8736 1
8722 8723 1
8722 9071 1
8725 9125 1
8725 9287 1
8725 9875 8
8725 8912 1
8725 9718 1
8728 9352 1
8728 9977 6
8728 8861 2
8729 9906 4
8729 8970 6
8729 9014 2
8730 8824 1
8730 9977 3
8733 9407 1
8734 8934 2
8734 8864 10
8734 9515 1
8734 9419 5
8734 8775 1
8734 9475 12
8734 9575 16
8735 9909 1
8735 9322 3
8737 8918 2
8737 9157 1
8737 9239 1
8737 9651 1
8737 9702 1
8739 9302 1
8740 8918 1
8740 9450 1
8740 9296 1
8741 8801 1
8741 9961 1
8742 9048 4
8743 9219 1
8743 9304 1
8743 9361 3
8743 9687 1
8745 9958 1
8745 9779 74
8745 8870 11
8746 8806 1
8747 8761 1
8748 9729 1
8748 9890 1
8748 9208 2
8748 9191 2
8748 9420 1
8748 9495 1
8751 8835 4
8751 8853 1
8755 9622 1
8755 9936 2
8755 9845 1
8755 9864 153
8755 9762 5
8755 9571 1
8755 9656 1
8755 9124 11
8756 8895 8
8756 9239 5
8757 9096 1
8758 9458 1
8758 9048 4
8758 8923 4
8759 9508 1
8761 8845 1
8761 9607 2
8761 9945 2
8761 9543 74
8762 9362 1
8762 9661 1
8762 9089 1
8762 9142 2
8763 9776 1
8763 9028 1
8764 8866 1
8764 9303 1
8765 8936 1
8766 9834 2
8766 8876 1
8766 9184 14
8767 9805 10
8767 9431 56
8768 9926 1
8768 8825 5
8768 9201 1
8773 9868 2
8773 9302 1
8773 8785 1
8773 9153 2
8778 9241 1
8778 9052 1
8778 9320 2
8780 8906 1
8780 8797 2
8781 8866 1
8781 8797 1
8783 8880 127
8784 9335 1
8785 9968 1
8785 9003 1
8789 9322 1
8791 9046 2
8796 8829 1
8796 9437 1
8796 9823 1
8796 9150 1
8796 9438 1
8797 9748 1
8797 9263 10
8797 9798 1
8797 8867 4
8797 9622 3
8798 9260 1
8798 8909 3
8798 9924 1
8799 8974 1
8800 9649 1
8804 9283 1
8806 9428 77
8806 9640 1
8806 9824 1
8806 9612 1
8808 9758 36
8808 9693 1
8809 8879 1
8810 9128 1
8810 9848 1
8810 9967 1
8810 9122 1
8810 9460 2
8812 9106 1
8812 9930 10
8812 9265 1
8812 8876 1
8812 9801 6
8812 9557 1
8812 9715 1
8812 9883 28
8814 9058 1
8814 9379 1
8814 9343 1
8814 9416 19
8816 8920 1
8817 9600 69
8817 8834 1
8817 9076 3
8817 9480 1
8818 9737 15
8819 8921 1
8819 8947 1
8820 9853 1
8820 9950 1
8820 9618 2
8820 9075 2
8821 8835 1
8824 8920 3
8824 8978 1
8826 9346 1
8826 9831 2
8828 9302 1
8830 9776 1
8831 9894 1
8832 9655 2
8833 9176 1
8834 8947 4
8835 9174 1
8835 9058 1
8835 9424 1
8835 9913 1
8836 9544 1
8837 8976 2
8840 8887 3
8846 9501 1
8846 9378 1
8846 9104 1
8846 9513 2
8847 9180 3
8847 9980 1
8848 9190 2
8850 9755 1
8853 8927 7
8853 8891 1
8854 9600 15
8854 8874 1
8854 9633 1
8855 9015 1
8855 8905 5
8855 8982 1
8855 9995 2
8857 9618 1
8857 8905 1
8857 9670 1
8857 9714 1
8858 9096 1
8862 9145 1
8863 9770 1
8863 9555 2
8863 9491 1
8863 9819 1
8863 9885 1
8865 9311 1
8866 8918 1
8866 9738 1
8869 8880 2
8870 9909 1
8875 9772 3
8875 8911 1
8875 9289 1
8876 9813 1
8877 9128 1
8877 9077 1
8878 9897 1
8879 9122 2
8881 9679 1
8881 9092 5
8881 9475 2
8881 9150 1
8881 9800 1
8883 9267 10
8883 9310 4
8883 9308 1
8883 9893 1
8883 9300 1
8884 9968 2
8884 9428 1
8885 9104 2
8886 8978 1
8887 9517 1
8887 9739 1
8887 9987 1
8888 9728 1
8888 9390 3
8889 8975 1
8889 9506 1
8889 9592 1
8890 9225 2
8891 8938 1
8894 8917 1
8896 9505 3
8897 9153 1
8898 9521 1
8899 9364 2
8901 9234 2
8901 9224 2
8901 9056 3
8901 9972 1
8901 9642 3
8903 8949 3
8903 8939 2
8905 9313 3
8906 9390 1
8906 9498 7
8908 9460 1
8908 9002 2
8909 9717 3
8909 9089 16
8909 9628 1
8909 9942 1
8913 9161 1
8913 8931 1
8913 9550 1
8915 9269 2
8915 9162 3
8915 9224 2
8917 9363 3
8921 9102 1
8921 8952 1
8923 9691 20
8923 9562 1
8923 9553 43
8923 9634 1
8924 9321 1
8924 9790 10
8924 9933 2
8927 8947 1
8928 9036 1
8928 9065 4
8929 9361 1
8929 9576 1
8929 9703 1
8929 9681 1
8929 9888 1
8931 9195 1
8932 9909 1
8933 9993 1
8934 9260 49
8934 8950 1
8935 8946 2
8935 9832 4
8935 9973 1
8936 9032 1
8936 9730 1
8936 9430 1
8939 9375 1
8939 8967 1
8939 9724 1
8941 9511 1
8941 9333 2
8941 9369 2
8941 9933 2
8943 9283 1
8945 8946 1
8945 9794 1
8947 9038 1
8949 9158 1
8950 9517 1
8950 9018 14
8953 9556 1
8953 9462 1
8953 8968 3
8953 9201 4
8953 9742 4
8953 9198 7
8956 9305 1
8956 9306 1
8958 9758 1
8958 9742 1
8963 9439 1
8963 9585 2
8969 9989 29
8969 9373 1
8970 9018 2
8970 9334 1
8970 9789 1
8970 9724 3
8970 9072 1
8972 9702 62
8972 9697 1
8974 9213 1
8975 9559 10
8977 9237 8
8977 9588 1
8978 9816 1
8978 9109 2
8978 9530 9
8978 9854 1
8979 9699 4
8979 9444 1
8980 9028 2
8980 9285 1
8986 9247 5
8986 9914 1
8986 9572 6
8986 9834 2
8990 9769 1
8994 9902 1
8994 9924 1
8996 9677 1
8998 9782 1
9007 9019 1
9010 9897 1
9014 9709 1
9014 9851 10
9021 9358 1
9024 9358 1
9028 9246 1
9028 9128 18
9028 9099 200
9030 9949 1
9031 9402 2
9032 9043 1
9037 9737 1
9039 9084 1
9043 9474 1
9043 9547 1
9043 9837 4
9044 9740 1
9046 9868 1
9047 9089 2
9047 9954 3
9047 9282 1
9047 9580 2
9048 9542 6
9048 9996 4
9048 9414 1
9048 9217 1
9048 9277 1
9048 9446 2
9048 9884 1
9054 9300 1
9054 9772 1
9054 9175 1
9061 9413 2
9071 9202 1
9081 9981 1
9089 9677 2
9096 9983 1
9096 9194 30
9096 9882 1
9096 9290 1
9096 9585 4
9105 9956 1
9105 9471 1
9114 9303 1
9115 9283 7
9116 9852 1
9120 9943 2
9122 9285 2
9130 9849 1
9131 9776 2
9132 9924 1
9139 9176 1
9143 9202 3
9153 9193 1
9160 9303 3
9164 9601 1
9165 9311 2
9172 9227 2
9176 9985 1
9176 9974 1
9176 9637 1
9180 9182 1
9186 9544 1
9188 9994 5
9198 9601 1
9201 9868 2
9202 9990 4
9202 9766 1
9202 9394 1
9202 9395 2
9206 9655 1
9209 9827 1
9225 9988 2
9225 9493 4
9226 9782 1
9230 9863 1
9234 9951 1
9237 9971 1
9244 9813 1
9254 9897 1
9255 9943 1
9257 9490 3
9257 9470 3
9260 9329 1
9261 9504 2
9264 9943 18
9268 9716 11
9282 9776 3
9283 9883 1
9283 9787 1
9285 9693 1
9285 9419 5
9285 9731 3
9285 9429 1
9290 9504 1
9291 9776 1
9294 9544 1
9297 9413 2
9302 9652 1
9302 9447 1
9302 9450 2
9303 9730 5
9305 9906 1
9311 9829 4
9313 9610 5
9313 9963 1
9322 9446 1
9322 9810 1
9322 9985 1
9327 9586 103
9331 9943 2
9335 9640 2
9335 9846 4
9335 9771 1
9335 9945 1
9351 9559 1
9355 9460 1
9358 9579 5
9358 9417 4
9358 9390 2
9358 9691 2
9358 9988 9
9358 9992 1
9358 9912 1
9364 9743 1
9364 9732 1
9365 9782 2
9378 9544 1
9388 9400 1
9388 9458 1
9400 9619 1
9406 9929 1
9409 9866 1
9412 9924 5
9413 9533 1
9413 9805 1
9448 9769 4
9454 9868 1
9458 9901 1
9463 9559 1
9466 9813 1
9468 9586 1
9470 9649 5
9478 9782 1
9485 9812 1
9493 9544 1
9504 9993 1
9506 9544 1
9511 9776 13
9521 9621 1
9521 9893 18
9533 9906 1
9559 9686 1
9575 9649 1
9580 9649 1
9587 9776 1
9587 9813 1
9590 9776 1
9601 9815 1
9601 9846 1
9610 9943 1
9623 9782 1
9627 9776 1
9636 9844 1
9649 9792 1
9649 9898 1
9655 9952 12
9655 9918 3
9672 9768 6
9677 9741 5
9690 9868 3
9706 9890 2
9706 9792 1
9706 9725 1
9706 9743 1
9710 9747 1
9718 9768 1
9728 9863 1
9776 9921 1
9776 9996 2
9840 9902 21
9868 9936 1
9902 9933 1
9906 9976 1
9941 9943 1
