5 9364 1
5 8791 1
5 8655 3
5 9261 2
5 9336 1
5 9352 3
5 9509 2
5 9522 1
8 8535 1
8 9928 1
8 8731 1
12 9487 1
12 9850 1
14 9361 1
14 9388 1
14 8971 1
14 9225 1
14 9561 1
14 8628 10
14 8910 6
14 9940 1
20 8904 4
20 8582 1
20 8944 1
20 9398 1
20 9569 2
20 8608 1
20 9313 1
20 9518 3
30 9360 1
30 9224 2
30 9672 1
30 9715 1
30 9854 1
42 9023 1
72 8910 4
72 8724 10
72 9215 3
72 9322 3
72 9359 1
108 8659 2
108 9686 1
108 9393 1
108 9863 1
108 9895 2
108 8939 1
108 9049 2
108 9496 1
108 9529 1
110 9500 3
110 8617 1
110 8983 1
110 9943 1
116 9887 8
116 9626 1
116 9462 1
116 9800 1
116 9986 1
116 8875 6
134 9677 1
134 8653 1
134 8985 1
140 9241 1
140 8911 11
140 9386 1
140 9938 200
140 8578 1
140 8923 3
140 9475 2
140 9950 1
147 8531 4
147 9428 1
149 9932 1
149 9976 1
149 9270 1
149 9674 1
149 9955 2
149 8831 1
174 9094 9
177 8539 3
187 9074 9
187 9131 1
187 9656 1
187 8561 1
187 9367 200
187 9628 1
199 9277 24
199 9537 3
234 8715 1
234 9732 2
234 9328 1
234 9326 3
234 9934 1
235 9639 1
235 8545 4
235 9217 1
235 9666 1
235 8683 1
235 9789 1
242 8906 1
242 9276 1
242 9413 1
268 9928 1
268 8602 5
268 8880 1
268 9178 4
270 9089 1
270 9648 1
270 9801 1
270 9510 1
280 9812 1
280 9297 2
280 9417 6
292 9095 1
292 9472 17
292 8794 1
309 9017 3
309 9314 11
309 8831 1
309 8860 2
309 9080 1
315 8891 1
315 9260 15
315 9004 1
320 9937 7
320 9221 1
320 9948 1
324 8667 1
350 8669 1
350 9982 1
363 8528 2
363 9129 2
374 9706 6
374 9233 5
374 8703 4
374 9699 3
382 9826 2
382 9613 1
382 8855 37
382 9693 2
382 9898 1
390 9000 1
390 9993 1
390 8576 1
390 9233 3
390 9327 1
397 9837 24
397 9054 3
414 9923 2
414 8912 4
414 8970 1
414 9100 2
441 9825 7
441 9201 1
441 9916 2
441 9793 1
442 9751 1
442 9017 1
442 9160 1
488 9359 1
498 8586 1
502 9009 1
502 9291 1
502 8948 1
502 9128 1
502 9771 1
502 9641 1
502 9689 1
502 9544 4
502 9876 1
511 9758 1
516 9954 1
516 9164 3
569 9913 3
569 9535 3
569 8894 1
569 9677 39
577 8590 1
577 8743 3
577 8878 1
577 9604 2
590 9274 1
590 8906 6
604 8752 1
604 9339 1
604 8807 1
609 9794 1
609 9445 2
609 9792 5
681 9040 1
681 9560 1
681 8598 1
681 9804 1
689 8724 2
689 8565 1
689 9126 1
689 9655 2
695 9485 1
695 8913 1
695 9536 200
695 9682 1
695 9194 7
695 9892 1
695 8556 5
715 8969 5
715 9191 6
715 8970 2
725 9104 1
725 9184 1
725 9602 1
725 9864 1
725 9375 1
725 9768 2
730 9603 1
730 9200 1
730 9458 1
743 9126 1
743 8816 1
743 8858 13
743 9197 1
753 8973 21
753 8570 2
753 9099 1
753 9979 2
760 8528 2
760 9375 1
762 9551 1
762 8624 1
762 8641 1
762 8984 25
770 9697 1
770 9966 1
770 8703 6
770 8983 1
822 8884 2
822 8668 24
825 9287 1
825 9152 17
825 9429 1
825 8583 200
834 8530 1
840 9719 5
840 8717 2
840 9442 27
840 9505 1
843 9851 1
846 9585 1
846 8596 1
846 8621 26
846 8654 1
846 8767 1
846 9126 1
846 8668 3
846 9156 6
847 8774 3
855 8993 1
855 8572 3
855 8959 1
855 9675 1
860 9752 1
860 8989 1
873 9579 1
873 9163 1
873 9508 2
874 9850 4
874 9296 200
874 8599 1
874 9290 1
874 9389 1
874 9825 2
902 9561 3
902 8691 7
902 8788 200
902 9124 14
902 9621 1
902 9868 1
902 9917 1
908 9348 2
908 9400 1
908 9769 1
908 9262 1
908 9016 4
908 9994 1
908 9036 1
910 8936 1
910 9453 2
910 8575 12
923 9675 1
923 9995 1
923 9442 4
923 9538 1
930 9470 1
930 9943 1
930 9541 1
930 9826 2
940 9630 1
940 8558 7
940 9811 3
940 8904 1
940 9069 2
940 8953 1
946 8560 1
946 8777 1
946 9094 3
952 9481 1
952 9574 1
989 9244 2
989 9595 8
989 8636 1
989 9303 1
989 9390 1
1003 9157 7
1003 9539 7
1004 9206 1
1004 9767 1
1004 9789 1
1004 8819 1
1004 9141 1
1004 9054 1
1004 9509 1
1004 9757 3
1008 9691 2
1008 9779 1
1008 9749 1
1014 8885 1
1026 9529 1
1026 9970 1
1028 9811 1
1028 9410 1
1028 9670 1
1029 8529 3
1029 8782 1
1029 8677 1
1029 8741 1
1029 9864 1
1037 8982 1
1037 9623 1
1037 8561 1
1037 9041 7
1037 9052 1
1043 8683 1
1043 9946 1
1043 8994 58
1043 9461 1
1065 8980 1
1069 9137 11
1069 9413 2
1069 9951 3
1074 8898 2
1087 9189 1
1087 9111 1
1087 9733 1
1092 8996 1
1092 9049 1
1092 9083 1
1107 9422 1
1107 9292 1
1107 9995 2
1107 8791 1
1107 8569 1
1116 8969 2
1116 8670 1
1116 9775 1
1116 9970 1
1116 8643 3
1116 9670 4
1120 8717 2
1142 9063 1
1142 9783 1
1142 9020 1
1142 8630 1
1142 8707 1
1142 9961 1
1142 9986 2
1142 9097 3
1142 8588 1
1142 9417 3
1142 9556 3
1142 9863 1
1146 9560 1
1146 9088 1
1146 8742 2
1156 9057 2
1163 8922 1
1163 8530 1
1163 9059 2
1163 9077 7
1172 8761 1
1172 8634 1
1172 9614 1
1172 8900 1
1172 9293 1
1172 9803 1
1191 9574 2
1191 9807 1
1227 9240 1
1227 9967 6
1227 9627 3
1227 8557 1
1227 9330 1
1227 9279 1
1227 9536 74
1250 9367 12
1250 9692 1
1253 8902 1
1253 8945 10
1253 8924 1
1258 8859 2
1261 9975 2
1261 9957 1
1261 9461 1
1261 9858 6
1264 9254 1
1264 8657 1
1264 9977 1
1264 9271 3
1264 9336 1
1264 9687 5
1264 9902 1
1264 9638 1
1274 9285 1
1288 9887 2
1311 9306 2
1315 9393 14
1321 8704 2
1321 9411 1
1321 9763 12
1321 9517 1
1326 9100 2
1326 9283 1
1326 9681 2
1343 8675 1
1343 8936 1
1343 9670 1
1343 9613 1
1343 9827 1
1343 9783 3
1358 9506 1
1358 9545 1
1358 9396 1
1358 9906 5
1362 9757 6
1362 8898 1
1362 9731 2
1374 8574 2
1374 9128 1
1374 9025 3
1374 9916 29
1377 8640 1
1377 8822 1
1377 8633 1
1377 9046 1
1385 9313 1
1385 9775 2
1385 9367 1
1385 8661 1
1385 9144 1
1385 8678 1
1396 8583 1
1396 9093 2
1396 9592 1
1396 8958 1
1396 9979 1
1396 9108 1
1396 9863 1
1402 9532 1
1402 9904 1
1402 8724 1
1402 9349 1
1415 8848 1
1415 9587 1
1415 9150 1
1415 9286 2
1416 8863 7
1416 9913 2
1416 8851 1
1431 9989 1
1431 9695 1
1431 9926 2
1437 8689 3
1437 9240 3
1437 9269 1
1437 9819 2
1437 9694 1
1437 9017 1
1437 9897 1
1440 8850 1
1440 9233 3
1440 9692 1
1440 8890 1
1440 9119 4
1462 9697 1
1483 8536 1
1483 9750 1
1489 9844 2
1492 9933 2
1492 8943 3
1492 9079 1
1492 9717 5
1492 8686 1
1492 8828 1
1492 9467 2
1492 8549 2
1492 9836 1
1503 9940 1
1503 8629 3
1503 9921 2
1503 9810 1
1503 9035 2
1503 9129 1
1503 8566 2
1503 9134 2
1507 9891 2
1507 9512 4
1507 9773 3
1507 9085 3
1519 9449 1
1519 9321 1
1519 9931 1
1536 9191 26
1536 8630 1
1536 9062 4
1536 9630 11
1536 9830 1
1536 9902 1
1540 8991 1
1540 9587 1
1540 9825 1
1540 9887 2
1559 9585 200
1559 9257 1
1559 9937 1
1572 9888 1
1572 9441 8
1572 9382 8
1572 9404 1
1576 9127 5
1576 8560 1
1576 9508 23
1576 9756 2
1583 9099 1
1583 9648 1
1583 8935 2
1583 9673 2
1605 9128 10
1605 8778 1
1605 8991 1
1619 8535 1
1619 9937 1
1619 9841 2
1625 9819 2
1632 9871 3
1632 9887 1
1632 8649 1
1632 9086 1
1635 8791 3
1636 9096 2
1636 9475 1
1636 9445 74
1636 9764 1
1640 9100 1
1640 9466 1
1640 8950 1
1640 9543 1
1647 9749 5
1647 8984 1
1647 9769 9
1647 9037 1
1656 8844 2
1656 9699 1
1656 9706 1
1676 9002 1
1691 9239 1
1691 8723 5
1691 9344 1
1691 8826 1
1691 9829 2
1691 9532 1
1694 9289 1
1694 9246 1
1694 9124 4
1694 9618 1
1694 9235 51
1694 9258 2
1694 9365 3
1702 9613 10
1702 8562 2
1702 9143 1
1702 9470 1
1703 9434 5
1703 9489 1
1706 9688 1
1706 9622 6
1706 9876 1
1706 8969 8
1706 9291 1
1733 8556 1
1733 9788 2
1733 9910 1
1735 9626 1
1736 9984 1
1739 8749 7
1739 8859 1
1739 9046 1
1739 9760 120
1739 9995 6
1739 8932 1
1739 9573 1
1743 9546 5
1743 8835 5
1754 8909 1
1754 9818 1
1754 8555 1
1754 9248 2
1754 9973 1
1754 8907 1
1754 9297 1
1754 9806 1
1754 8824 3
1754 9623 1
1766 8760 1
1766 8563 2
1771 8916 5
1771 8590 1
1771 9708 2
1812 9587 2
1812 9684 1
1812 8688 1
1812 9270 1
1829 9822 14
1829 8994 1
1829 9528 1
1829 9075 3
1829 9651 1
1833 9361 2
1833 8809 1
1838 8779 1
1838 9608 1
1838 8992 2
1838 9818 1
1838 8556 3
1842 9016 1
1842 9480 4
1853 9053 1
1853 9836 1
1853 9946 1
1853 9103 1
1853 9345 1
1853 9131 1
1857 8623 1
1879 9911 1
1879 8590 1
1879 9353 2
1879 8717 2
1907 8572 1
1907 8860 1
1911 9954 1
1911 9011 1
1911 9137 1
1911 9223 3
1911 8590 2
1911 8971 3
1911 9870 2
1922 9946 1
1924 8715 3
1924 9227 1
1929 9727 3
1929 8780 1
1931 7405 1
1931 9247 12
1931 9702 1
1931 9936 1
1936 9307 1
1936 8915 1
1936 9808 1
1936 9935 2
1936 8715 1
1936 9026 1
1936 9617 2
1939 8706 1
1939 9340 8
1940 9671 1
1940 9020 3
1940 9341 18
1970 8987 1
1970 9223 2
1998 8625 1
2006 9377 1
2006 9052 1
2006 9843 1
2006 8662 3
2006 8675 2
2006 8829 2
2006 9248 2
2006 9306 2
2020 9671 5
2020 9153 1
2020 9182 15
2032 8828 2
2032 9416 2
2032 9289 2
2032 9142 1
2045 8528 6
2045 9158 1
2045 8623 2
2062 9013 2
2068 9487 6
2068 9772 1
2107 8963 1
2107 8531 1
2107 9977 1
2110 9449 1
2110 9423 1
2110 9291 1
2110 9057 1
2110 9244 1
2110 9831 17
2116 9190 1
2127 9480 1
2127 9975 6
2138 9439 3
2141 9421 1
2141 9382 1
2141 9516 1
2156 9423 5
2171 9434 1
2171 9557 2
2210 9643 8
2210 9955 2
2210 9683 2
2211 8630 2
2211 9307 1
2211 8624 4
2211 8535 1
2211 8558 1
2211 9516 1
2214 8667 4
2214 9787 1
2214 9487 3
2215 9353 1
2215 9131 1
2215 9304 1
2233 9688 8
2249 9066 1
2249 9013 3
2249 9539 1
2249 8636 1
2251 9539 1
2251 9204 19
2251 9812 2
2252 9536 1
2252 9564 1
2252 8544 2
2252 8770 6
2252 8986 10
2252 9339 1
2288 9604 1
2288 9196 1
2288 9819 1
2288 9932 2
2288 9966 6
2297 9942 2
2297 8816 7
2297 9066 2
2305 8802 96
2305 9247 1
2305 9579 1
2305 9643 1
2305 9268 1
2305 9749 7
2305 8991 1
2305 9246 1
2314 9768 1
2314 9572 2
2338 8714 1
2338 9051 2
2338 9363 1
2338 8723 1
2338 9013 2
2347 9950 1
2353 9127 3
2353 9013 1
2353 9816 1
2353 9843 2
2354 9101 1
2354 9188 4
2354 8855 1
2354 9247 1
2354 9532 1
2354 8637 1
2392 9905 8
2392 8548 6
2392 8950 1
2392 9355 10
2392 8740 5
2392 9980 8
2403 9118 5
2403 9708 1
2404 9952 1
2410 9584 2
2410 9760 11
2410 8666 1
2412 8557 1
2412 9554 1
2412 9103 1
2412 9563 1
2418 9059 1
2418 9279 51
2418 9137 7
2418 9441 2
2418 8761 4
2418 8945 1
2418 9688 2
2418 9802 2
2426 9518 6
2426 9353 1
2430 9816 1
2430 9518 1
2430 8643 6
2430 9182 2
2430 9663 2
2457 8992 1
2457 9162 7
2457 9832 25
2463 9936 2
2463 8909 3
2469 9365 2
2469 9190 1
2469 9437 1
2469 9999 2
2481 9049 1
2481 8536 3
2484 9328 6
2484 9194 6
2484 9271 1
2484 9970 2
2517 9189 1
2517 8968 2
2517 9378 2
2523 9584 1
2543 8718 1
2543 8955 1
2553 8575 2
2553 9109 3
2554 9067 1
2554 9078 4
2572 9036 4
2572 8866 1
2572 9269 1
2572 9990 1
2574 8989 1
2574 9090 3
2574 9902 1
2579 8563 6
2579 8529 1
2579 9017 1
2579 9917 1
2579 9085 1
2579 9541 6
2579 9075 4
2595 9175 4
2597 8560 1
2597 9334 1
2610 8985 1
2610 9344 1
2614 9735 1
2614 8775 1
2652 9318 1
2652 8743 1
2654 8568 11
2654 8658 1
2654 9375 1
2654 8785 6
2654 9799 2
2688 9045 1
2693 8539 2
2693 9899 1
2693 9943 1
2693 8758 1
2702 8831 1
2702 9219 1
2710 9538 2
2728 9413 1
2733 9447 4
2733 9296 1
2733 8711 1
2733 8799 38
2738 9913 1
2742 9603 2
2742 9805 1
2771 9407 1
2771 9507 1
2771 9079 2
2778 9345 51
2778 8613 1
2778 8560 1
2811 9610 4
2811 9510 1
2829 9246 4
2829 8734 1
2844 9585 1
2844 8688 21
2844 9651 2
2844 9727 1
2844 8758 3
2844 9565 1
2844 9079 1
2844 9587 2
2883 9913 8
2883 8708 1
2883 9341 2
2883 9770 3
2883 9990 1
2883 8764 1
2885 9280 6
2885 9858 1
2885 9969 1
2915 9222 1
2915 9153 1
2915 8868 10
2915 9567 1
2918 9532 1
2918 8828 1
2918 9044 1
2918 9890 1
2925 9928 1
2925 8971 1
2925 8962 1
2928 9702 5
2928 9956 2
2948 8833 1
2948 9113 1
2948 8711 1
2948 9367 99
2948 9488 1
2948 9204 1
2958 9902 1
2958 8617 1
2958 9342 1
2974 9818 1
2974 9887 1
2974 9350 1
2974 9485 1
2974 9079 2
2974 9477 5
2974 9552 2
2985 9050 10
2985 8819 1
2989 9691 7
2989 9026 2
2989 8668 1
2989 8763 1
2989 9534 6
2989 9836 1
2997 9783 2
3027 9308 1
3027 9613 2
3027 9365 1
3027 8714 2
3027 9049 1
3027 8572 1
3027 8753 1
3027 9285 2
3027 9912 4
3036 8767 4
3039 9500 1
3039 9694 1
3039 9794 1
3039 9960 13
3039 8665 2
3039 8952 1
3039 9134 1
3039 9563 2
3046 9462 1
3046 9946 1
3046 9892 1
3046 9705 1
3046 9935 5
3047 9163 3
3047 8665 1
3056 9012 6
3056 9057 23
3056 9266 1
3056 8797 7
3056 8891 3
3062 9040 1
3062 9494 2
3069 9432 1
3069 9276 1
3095 8595 1
3095 9462 1
3130 9619 1
3130 9527 1
3130 9626 1
3176 9429 1
3176 9466 1
3176 9897 1
3176 9986 1
3177 9164 1
3177 9906 3
3177 9235 2
3177 9851 1
3177 9923 2
3193 8799 2
3193 8885 8
3201 8613 1
3201 9857 1
3201 9829 1
3201 9063 1
3221 9512 1
3221 8634 1
3221 9750 1
3221 9756 1
3221 9302 1
3225 9160 1
3225 8773 1
3225 8980 1
3225 9483 1
3225 9523 3
3227 9004 1
3227 9830 3
3238 9127 1
3238 8582 1
3239 8891 2
3239 8648 1
3239 9506 8
3239 9608 3
3239 9961 2
3241 8636 1
3241 8944 1
3241 9992 1
3241 8881 3
3249 9033 1
3249 8875 2
3249 9339 1
3249 9759 1
3249 9656 6
3249 9808 1
3271 8717 1
3271 8953 14
3271 9765 5
3271 8785 1
3271 9329 1
3278 9995 2
3278 9992 1
3312 9138 1
3312 8707 1
3312 9166 22
3312 8588 1
3312 9475 2
3316 9788 4
3316 8803 2
3326 8895 3
3326 8554 1
3326 9642 6
3329 8932 2
3329 9081 19
3342 9059 1
3342 9522 3
3342 9775 1
3342 9902 1
3342 8655 1
3365 9065 1
3365 9200 3
3365 9594 1
3365 9437 11
3365 9351 5
3365 9864 1
3365 9185 63
3365 9629 1
3368 9342 1
3370 9534 2
3370 8868 1
3370 9009 1
3370 9316 2
3370 9961 1
3370 9988 1
3370 9025 1
3370 9620 1
3380 8930 2
3380 8544 15
3380 9515 1
3390 9108 2
3425 9398 1
3425 8987 2
3425 9020 1
3425 8533 1
3425 9298 2
3425 9775 1
3435 9761 2
3435 9196 2
3444 8880 1
3447 9485 1
3447 9885 3
3447 9957 1
3458 8557 1
3458 9197 3
3458 8875 162
3461 9012 5
3461 8598 8
3461 8728 1
3461 9053 1
3461 9318 2
3462 8610 1
3462 8788 1
3462 9728 1
3462 9906 1
3462 8982 1
3462 9971 1
3470 8566 2
3470 9377 12
3470 8767 1
3470 9622 1
3470 9938 3
3479 8722 1
3479 8708 5
3480 9160 1
3480 8548 1
3480 9402 1
3488 8880 18
3488 9564 1
3488 9364 3
3488 9421 1
3488 8610 1
3488 8752 1
3497 9578 4
3497 8624 1
3497 9618 2
3497 9022 1
3501 8980 5
3501 9280 5
3501 9673 1
3501 9002 1
3501 9104 4
3501 9787 2
3509 9967 1
3509 8576 2
3509 9934 1
3509 8706 2
3509 8947 1
3511 8761 1
3544 9971 4
3544 8848 1
3544 8622 1
3544 9134 1
3547 9158 2
3547 9535 1
3547 8553 4
3547 9697 1
3558 8624 1
3558 9404 1
3558 9978 4
3558 9867 5
3558 8572 20
3558 8641 11
3562 8984 1
3562 9307 1
3579 9358 84
3579 9740 1
3609 8659 1
3609 9651 1
3609 9646 1
3609 9946 3
3621 8924 4
3621 9050 2
3623 9448 1
3623 9312 1
3623 8629 1
3623 8992 2
3629 9979 3
3629 9610 1
3631 9767 1
3631 8996 1
3631 8608 1
3631 9162 1
3634 9692 1
3634 9430 2
3634 9648 4
3647 8531 3
3647 9161 76
3647 9513 1
3655 8537 2
3655 9032 32
3655 9211 1
3655 9422 1
3655 9541 1
3691 9392 1
3691 8808 1
3691 9565 1
3699 8556 2
3702 8826 3
3702 9573 3
3702 9144 2
3702 9940 1
3702 9153 1
3702 8550 200
3715 8726 1
3725 9194 2
3734 8590 1
3734 9467 1
3734 9700 1
3734 8840 6
3743 9258 1
3743 8671 1
3743 8903 1
3743 9215 1
3743 9548 2
3743 9695 1
3754 9810 1
3758 9141 1
3758 9434 1
3758 8537 5
3758 9161 1
3758 9925 4
3758 8822 2
3758 9089 7
3758 9138 1
3758 9271 1
3758 9473 1
3761 9353 4
3761 8649 6
3761 8931 1
3762 8840 1
3762 9584 10
3762 9298 2
3762 9938 1
3762 8677 28
3762 9158 121
3762 9700 2
3762 9860 1
3762 9039 1
3781 9239 8
3781 9623 1
3781 8526 2
3781 9167 1
3791 8578 6
3791 9010 1
3831 9472 1
3831 9732 1
3836 8890 1
3844 9810 3
3844 9853 4
3844 9529 1
3844 8807 1
3844 9760 9
3845 8558 3
3845 9509 1
3845 9544 1
3845 8714 1
3845 9021 1
3845 9400 1
3845 9433 1
3845 9727 1
3848 8986 9
3848 9931 1
3848 8850 1
3848 9610 1
3848 8907 2
3848 8964 1
3848 9348 1
3848 9359 1
3848 9413 1
3856 9147 3
3856 9468 1
3862 8987 1
3862 8826 1
3862 9801 3
3862 9550 1
3862 9603 28
3890 8764 1
3890 8852 7
3890 9937 4
3890 9885 6
3890 9058 1
3890 9101 1
3890 9221 1
3894 9493 1
3894 9853 1
3894 8855 1
3894 9500 197
3919 9368 1
3919 8689 1
3929 8803 1
3929 9327 3
3944 8822 2
3944 9410 1
3944 8592 2
3944 9250 1
3944 9258 4
3947 9682 23
3947 9570 1
3949 9060 1
3949 9156 1
3954 9458 1
3987 8830 17
3987 9717 1
4011 9455 2
4011 9592 3
4011 9253 2
4019 9896 2
4028 9990 1
4028 8743 1
4028 9295 2
4030 9167 1
4030 9066 1
4030 9850 1
4030 9561 1
4034 9426 1
4034 8726 5
4034 9086 4
4034 9871 1
4063 9173 1
4070 9682 11
4070 8956 1
4070 9021 2
4070 9147 2
4073 9585 1
4073 9429 4
4078 9787 1
4078 8973 1
4078 9978 2
4083 9750 2
4139 9243 1
4139 9708 3
4154 9643 1
4154 9109 1
4154 9758 5
4167 9957 1
4167 8963 1
4167 9272 2
4167 9328 3
4181 9196 1
4181 9834 2
4181 9447 11
4181 9410 2
4181 9731 1
4193 8728 2
4193 9191 1
4208 9680 1
4210 9971 9
4217 9693 1
4217 8540 1
4217 9312 1
4217 8930 1
4217 9494 1
4217 8539 1
4217 9627 4
4223 9899 3
4223 9191 5
4223 9293 1
4256 8930 1
4256 9931 2
4256 8625 2
4256 8692 1
4256 9088 13
4274 8707 2
4279 8767 1
4279 8740 2
4279 8944 2
4279 9819 1
4292 9940 1
4292 8563 9
4295 9183 1
4295 8762 1
4295 8994 1
4295 9153 1
4295 8526 1
4300 9611 2
4300 9803 1
4300 9508 3
4300 9095 2
4301 9719 1
4301 9074 1
4306 9476 7
4306 9280 2
4306 9875 4
4309 8752 3
4309 9934 3
4326 9269 3
4326 9058 1
4326 9144 1
4335 8963 3
4335 9421 5
4335 9651 2
4335 8916 1
4335 9164 1
4335 8686 1
4335 8766 2
4335 9604 1
4337 9969 1
4337 9396 1
4337 9411 1
4341 8551 1
4345 9291 1
4345 9790 1
4348 9418 1
4348 9459 1
4348 9724 1
4348 9283 5
4348 9126 3
4348 9314 2
4363 8844 1
4363 9221 1
4363 9179 1
4363 9157 1
4363 8859 1
4363 9941 1
4366 8734 7
4401 9146 7
4401 8528 1
4401 9269 4
4408 9442 2
4419 9351 1
4419 9577 1
4425 9115 2
4425 8571 2
4425 9697 1
4425 9762 2
4427 8665 1
4427 9901 1
4429 9975 20
4429 9021 1
4441 9868 1
4442 8606 35
4442 8875 1
4442 9118 1
4442 9401 2
4444 9630 3
4444 8698 1
4444 8741 3
4444 9585 1
4445 9344 1
4445 9686 1
4445 9970 1
4445 8908 3
4445 9969 1
4445 8973 1
4445 9562 4
4445 9822 1
4445 8907 1
4445 9036 15
4445 9217 1
4445 9368 1
4445 9113 1
4456 9580 50
4456 8955 2
4456 9178 1
4456 9680 1
4456 9266 1
4456 9983 2
4480 9315 2
4480 9355 1
4501 9810 2
4501 9255 1
4501 8756 1
4507 9598 1
4507 9409 1
4507 9467 1
4507 9904 3
4529 8642 1
4529 8930 1
4529 9724 2
4529 8762 1
4533 9840 1
4533 8633 1
4533 9625 89
4533 8996 1
4533 8542 1
4539 8568 1
4539 9842 1
4541 9577 2
4541 8654 1
4541 9293 11
4541 9407 4
4546 9124 1
4546 9023 1
4559 8663 1
4559 9615 1
4559 9691 1
4584 9895 1
4584 9745 1
4584 9789 1
4584 9585 1
4584 9708 1
4584 8913 1
4584 9036 2
4584 9939 2
4586 9827 14
4586 9390 1
4586 9808 1
4586 9362 1
4586 9803 1
4589 8724 1
4606 9142 16
4606 8948 1
4606 8817 1
4606 9254 1
4606 9901 1
4606 9488 1
4606 9577 2
4606 9528 2
4620 8649 1
4620 8670 1
4620 9817 1
4623 8964 2
4623 9570 1
4623 9820 1
4623 9973 2
4624 9701 1
4624 9629 1
4624 9536 2
4624 9884 1
4624 8698 1
4643 9010 2
4643 8726 1
4643 9813 1
4643 8746 1
4643 8797 1
4643 9859 1
4657 8587 1
4657 8634 12
4657 9125 1
4657 9448 1
4659 8741 4
4659 8991 1
4659 9507 1
4663 8914 58
4663 8832 1
4663 9401 2
4666 9077 200
4666 9960 1
4668 9981 1
4668 8537 3
4668 9884 172
4703 8891 1
4703 8694 10
4703 8562 1
4703 8895 3
4703 9429 1
4714 8953 2
4714 9721 2
4714 8633 2
4714 9704 2
4755 9732 1
4755 9330 10
4755 9752 4
4755 9768 1
4755 9181 1
4755 8898 1
4755 9158 1
4767 8537 9
4767 9172 1
4767 8735 2
4774 9146 1
4774 9691 2
4774 9562 1
4776 9489 1
4781 9748 2
4781 8775 4
4781 9039 2
4781 8671 1
4781 9990 4
4781 9350 3
4781 8844 4
4782 9818 1
4782 8979 5
4782 8677 2
4782 9388 1
4782 8766 1
4791 9111 2
4791 8763 1
4791 9239 1
4791 9295 118
4791 9913 11
4803 8706 4
4803 9822 1
4803 9204 1
4826 9156 2
4826 8837 2
4839 9966 1
4839 9067 1
4867 9682 1
4867 9410 1
4867 8840 2
4867 9956 1
4886 8636 1
4886 9988 3
4891 8870 2
4891 9764 1
4891 8622 1
4891 9352 1
4910 9853 1
4910 8850 1
4910 9009 1
4926 8666 1
4926 9559 2
4926 9362 1
4949 9050 2
4949 9534 4
4949 9917 1
4949 8791 1
4965 8797 1
4965 9477 1
4965 9989 1
4971 9489 1
4971 8691 1
4971 9100 1
4971 9208 1
4971 9728 5
4982 9693 1
4982 8944 1
4989 8628 3
4989 8690 1
4990 9859 1
4990 9739 3
5017 8551 1
5017 8979 1
5017 9621 1
5017 9834 2
5017 9976 6
5040 9361 15
5040 9751 1
5041 8947 2
5041 9618 1
5041 8561 1
5041 8574 1
5041 9131 1
5041 9682 7
5041 9746 1
5041 9770 1
5070 9411 6
5070 9921 1
5070 8997 3
5070 9434 1
5084 9037 1
5084 9447 1
5088 9553 1
5089 8826 2
5089 8780 2
5089 9154 1
5089 9422 1
5100 9376 1
5100 9115 1
5105 9122 1
5105 9080 1
5105 9459 2
5164 9345 1
5164 8959 1
5164 9739 4
5164 8758 1
5164 8558 1
5164 9205 2
5164 9245 2
5164 9217 6
5167 9400 2
5167 8644 1
5167 9717 9
5167 9065 1
5167 9841 1
5182 9205 3
5182 9104 5
5182 9375 3
5182 9436 1
5182 9423 1
5197 9551 1
5197 8538 1
5197 9594 1
5197 9932 1
5197 8596 7
5207 8586 1
5207 9196 4
5207 9413 1
5207 9166 2
5207 9689 1
5207 8542 1
5207 8782 1
5207 9976 1
5207 9307 1
5208 9444 1
5219 8714 1
5219 9578 2
5223 9141 1
5233 8743 1
5233 8667 1
5233 9721 2
5246 8885 1
5246 9538 2
5246 8746 4
5250 9386 1
5250 9986 1
5251 9108 1
5251 9395 3
5254 8986 1
5254 8568 1
5254 8661 1
5263 9969 1
5268 9444 1
5268 9732 3
5268 9887 5
5287 8768 1
5287 9380 1
5301 8626 2
5301 8539 1
5301 9060 1
5301 9748 1
5301 8704 1
5301 9384 2
5301 9011 3
5305 8529 2
5305 9868 1
5305 8723 2
5325 8900 1
5338 9710 1
5338 9551 1
5361 8540 1
5361 9835 1
5361 8880 4
5361 9516 8
5361 8583 1
5361 9048 2
5361 8962 1
5361 8772 33
5384 9860 1
5384 8983 1
5384 9808 1
5384 9787 1
5384 9055 1
5384 9566 3
5384 9911 1
5408 8844 15
5408 9483 1
5408 9174 29
5408 9979 3
5408 9515 1
5417 9764 1
5417 8659 1
5431 9481 8
5431 9198 1
5433 9850 2
5433 8675 1
5433 9462 200
5433 9613 1
5433 9806 1
5443 9402 1
5443 8802 1
5448 9101 1
5448 9225 9
5499 9019 2
5499 9409 1
5499 9805 6
5499 9928 1
5507 9376 1
5507 9685 4
5507 8662 1
5511 9853 3
5512 9009 1
5512 9951 1
5512 9983 1
5522 9033 1
5522 8984 1
5528 9449 5
5528 8962 2
5539 9208 1
5539 9983 1
5539 9194 1
5543 9790 1
5543 8835 30
5543 9633 12
5543 9834 1
5544 9401 2
5544 9724 2
5544 9854 2
5544 9608 1
5544 9051 2
5544 9258 2
5544 9292 1
5544 8777 1
5552 8916 2
5552 9128 1
5552 9874 3
5560 8567 1
5560 9813 3
5561 9569 3
5561 8658 1
5561 8941 1
5561 8554 1
5561 8605 1
5561 9438 2
5562 9478 36
5563 9023 1
5563 8843 1
5563 9146 1
5563 9881 2
5563 9986 2
5563 9552 2
5563 9951 6
5563 9020 1
5563 9515 2
5563 8595 1
5563 8602 1
5563 9698 1
5563 9989 1
5605 9969 1
5605 8625 14
5605 8743 12
5605 8741 1
5605 8626 1
5605 8529 1
5605 8800 1
5613 9799 1
5613 9436 21
5626 9615 1
5626 8637 2
5626 9197 1
5649 9831 1
5649 9056 1
5649 9026 1
5687 9349 137
5687 8741 1
5687 9641 1
5687 9710 6
5688 8746 1
5688 9367 1
5688 8914 1
5688 8921 2
5688 9840 1
5700 9167 1
5700 8561 3
5700 9040 1
5700 9269 1
5700 9173 63
5707 9574 14
5707 9360 1
5724 9002 2
5724 9700 1
5724 8794 1
5724 8828 1
5724 8664 2
5724 8910 1
5735 9188 5
5738 9281 1
5755 8602 1
5755 8975 4
5755 9292 1
5755 8530 1
5755 9625 1
5755 9727 2
5755 9127 13
5772 9385 1
5772 8728 1
5797 9686 1
5814 9200 3
5814 9528 1
5815 9350 1
5815 9288 1
5815 9783 2
5815 9811 1
5815 9978 3
5825 9693 1
5825 9243 1
5825 9911 54
5825 8840 2
5825 9502 1
5825 9683 1
5829 9452 1
5829 8694 2
5831 9986 2
5831 8956 1
5831 9835 10
5849 9477 1
5849 8760 1
5849 9816 1
5858 9733 1
5858 8802 1
5858 9937 1
5858 9424 3
5859 9208 141
5859 8808 1
5859 9033 13
5859 9688 1
5859 9748 2
5861 9491 1
5862 8964 3
5862 9568 1
5862 9542 1
5862 9881 1
5877 9041 1
5877 9672 1
5877 9733 1
5887 8643 1
5887 9719 38
5887 9414 1
5898 9746 1
5898 8865 9
5898 8807 1
5898 9851 1
5904 9488 1
5904 9551 9
5904 8558 1
5904 8953 1
5904 8877 2
5904 9016 1
5904 9384 1
5904 9624 3
5913 9646 4
5913 8658 1
5913 9911 1
5913 9065 3
5915 9950 1
5915 9838 2
5919 8536 1
5919 9376 1
5919 9244 1
5919 9740 1
5919 8651 1
5937 8648 1
5937 8987 36
5937 8694 1
5937 8866 1
5937 9851 2
5937 9279 1
5937 9520 4
5937 9804 1
5937 9133 1
5952 9169 1
5952 9618 2
5952 8721 1
5952 9005 1
5952 9007 31
5954 8807 1
5954 8817 1
5969 9422 1
5971 8957 4
5971 8568 89
5971 9004 2
5971 9509 2
5971 8653 1
5971 9891 3
5971 9952 1
5971 8545 9
5971 9056 2
5974 9779 8
5974 9972 1
5974 9942 140
6006 9352 1
6010 8637 2
6010 8853 1
6012 9970 10
6012 9094 2
6012 9468 2
6012 9957 9
6012 9992 2
6030 9501 1
6030 9317 1
6030 9152 2
6030 9684 1
6030 9941 1
6030 9996 9
6038 8628 4
6038 8973 1
6038 8678 1
6038 8895 1
6038 9468 1
6038 8952 1
6038 9055 1
6038 9377 2
6038 9925 2
6038 9274 1
6038 9323 1
6038 9376 1
6042 9000 2
6042 9534 200
6042 9588 1
6043 9713 2
6043 9944 1
6043 8752 2
6043 8549 1
6043 8566 5
6043 9884 1
6043 9584 1
6043 8587 1
6067 9663 16
6067 8844 1
6067 9180 3
6067 9830 5
6068 9053 1
6068 9602 1
6068 8569 2
6068 9822 1
6107 9573 1
6107 9988 4
6107 8687 1
6107 9763 2
6107 8622 1
6107 8653 3
6107 9304 1
6108 8655 1
6108 9393 1
6108 9813 3
6108 8852 21
6109 9584 2
6109 8928 1
6109 9848 1
6122 8863 1
6122 8936 1
6122 8902 1
6122 9096 1
6122 9321 1
6122 9438 1
6122 9112 1
6123 8673 1
6123 9792 1
6123 8779 1
6123 9141 5
6138 9769 3
6138 9779 1
6146 8984 1
6146 8931 1
6167 9144 1
6181 8694 5
6181 9316 5
6181 9572 2
6188 8964 1
6188 9455 1
6192 9792 1
6192 8890 1
6192 9598 1
6217 8852 11
6217 9183 1
6217 9511 1
6217 8712 4
6217 8994 1
6221 9745 1
6221 9876 3
6221 8939 38
6221 9355 1
6221 9531 1
6225 9473 1
6225 9245 1
6225 8773 1
6225 9398 1
6225 8887 2
6238 9185 1
6238 9857 2
6238 9253 1
6238 9956 1
6239 9048 2
6239 8715 2
6239 9656 17
6239 8662 4
6239 9380 4
6239 9416 2
6261 8553 1
6263 9577 1
6269 9520 23
6269 9144 9
6269 9104 1
6270 8637 1
6286 9198 2
6286 8605 1
6292 9509 1
6292 9741 1
6292 9227 1
6292 9244 1
6292 8529 1
6307 9073 14
6307 9851 2
6310 9758 1
6310 8865 1
6310 9418 1
6321 8887 1
6321 9661 2
6321 9174 1
6334 9999 1
6334 9494 1
6334 9153 1
6336 8903 1
6336 9890 1
6336 8919 4
6336 9053 1
6336 9556 1
6351 9295 2
6351 9899 1
6351 9942 1
6351 8724 2
6351 9336 82
6351 9262 3
6361 9217 7
6361 9013 2
6361 9352 1
6361 9653 3
6392 8677 1
6392 9765 3
6394 9739 5
6394 9240 1
6413 9103 2
6413 9866 2
6429 9428 1
6429 8527 1
6429 9760 1
6450 9251 1
6466 9646 1
6466 9758 1
6468 9430 2
6468 8973 1
6468 9685 1
6468 9844 2
6469 9556 1
6469 9787 1
6487 8578 1
6487 9137 3
6496 9360 29
6496 9969 2
6496 9283 4
6496 8534 1
6502 8553 2
6502 9666 1
6502 9956 1
6502 9466 2
6504 9453 1
6504 9052 2
6504 8937 1
6505 8534 6
6516 8565 1
6516 9205 1
6516 9763 1
6547 9424 16
6547 9173 3
6547 8633 1
6547 8582 1
6547 8624 1
6547 9255 3
6548 8935 1
6548 9054 1
6548 9663 1
6548 9150 11
6548 9598 1
6548 9705 1
6553 9767 6
6553 9701 1
6553 9904 3
6553 8599 1
6558 9422 2
6558 9003 3
6558 9773 3
6558 9561 1
6558 9571 1
6558 8671 1
6558 8943 3
6558 9174 5
6558 9209 1
6558 9459 52
6558 9476 1
6558 9981 1
6567 9410 2
6567 9111 1
6567 9724 1
6567 9119 3
6567 9689 1
6567 9741 1
6567 9829 3
6569 9156 7
6569 8626 1
6569 9211 1
6569 9254 1
6579 8563 2
6579 9519 1
6594 8640 1
6594 8675 1
6594 9468 1
6600 8921 1
6600 9198 2
6617 8609 1
6617 9816 2
6617 9638 5
6617 9142 2
6617 9077 3
6617 9685 1
6618 8997 1
6618 8528 3
6618 9582 1
6652 8541 1
6652 9891 1
6664 8914 14
6664 9090 1
6664 9579 1
6672 9094 1
6672 9419 9
6672 8862 1
6672 9567 1
6672 9219 1
6672 9874 1
6672 9398 1
6672 9674 1
6709 9531 1
6709 8734 1
6709 9000 6
6709 9518 4
6709 9487 1
6709 9085 1
6709 9119 1
6709 9231 1
6709 8858 2
6709 9380 4
6709 9383 1
6709 9419 17
6732 9109 1
6732 9179 11
6732 8803 1
6732 9625 1
6732 9940 1
6732 9277 10
6769 9073 1
6769 9288 4
6786 9005 1
6786 9097 1
6786 9452 1
6804 9545 1
6804 9752 1
6825 9626 1
6825 9308 1
6837 8687 1
6837 9496 1
6837 8989 3
6837 9047 2
6841 9493 1
6841 9190 1
6841 8643 7
6841 8943 1
6847 9455 1
6847 8532 2
6847 8704 2
6847 8801 1
6849 9360 1
6849 9334 1
6849 8832 1
6849 9056 3
6849 9323 1
6849 9539 1
6854 8526 1
6854 9668 1
6854 9341 1
6854 9614 1
6903 8788 36
6903 8636 3
6903 9235 1
6926 8993 48
6926 9761 1
6926 9020 2
6926 8868 1
6926 9257 1
6926 9980 2
6926 9427 1
6928 9520 5
6928 9571 3
6928 9270 1
6928 9074 1
6928 8657 1
6932 8948 3
6932 9240 1
6953 9219 2
6957 9481 1
6957 8933 1
6957 9982 1
6964 9561 1
6964 8977 1
6964 8897 2
6966 9404 1
6966 9837 3
6990 8833 2
6990 9529 1
6990 9582 1
7000 9062 2
7000 9500 1
7010 9534 1
7010 9008 1
7018 9760 2
7018 8588 1
7018 9895 2
7025 8617 1
7025 9433 1
7025 9643 5
7025 8843 1
7033 9881 1
7044 9362 1
7044 9735 4
7044 9751 3
7044 9432 1
7044 9619 8
7057 9906 1
7057 9188 1
7064 9700 1
7064 8723 9
7064 8753 1
7064 9627 1
7066 9834 1
7066 9088 63
7066 9308 1
7066 9893 2
7066 8777 99
7066 9122 2
7066 9758 12
7074 8987 1
7074 8853 1
7080 9648 1
7080 8669 1
7080 9404 2
7082 9464 1
7082 9760 1
7082 9150 1
7082 8660 1
7082 8936 1
7082 9512 4
7097 9543 1
7097 9825 2
7097 9181 1
7097 9205 1
7097 9617 1
7097 8826 1
7097 9233 2
7097 9980 8
7106 9211 2
7106 8773 13
7106 9564 1
7106 9989 1
7106 8555 1
7124 9871 2
7124 8955 1
7124 9003 2
7124 9496 2
7124 8718 16
7124 9584 2
7128 8943 2
7128 9444 1
7133 9772 200
7138 8528 9
7138 9817 1
7138 8570 2
7138 8877 1
7138 9648 1
7159 9251 59
7159 9023 1
7159 9192 2
7159 9361 2
7159 9581 1
7166 8828 1
7166 9316 13
7166 8906 1
7166 8782 4
7178 8562 1
7178 8979 1
7179 8994 1
7183 8566 1
7183 9904 2
7183 8950 1
7183 8833 1
7183 9031 1
7185 8911 32
7185 9008 3
7208 9506 2
7208 9879 1
7224 9552 1
7224 8740 2
7224 9623 4
7224 9816 1
7235 9225 1
7235 9643 4
7236 9579 1
7236 9700 1
7236 9771 1
7282 9527 1
7282 9345 1
7282 9568 2
7292 9008 3
7292 8563 1
7292 8898 1
7292 9046 1
7292 8954 1
7292 9060 4
7292 9769 1
7295 8743 1
7295 8772 6
7295 9079 1
7295 8648 2
7295 8613 1
7301 9692 5
7301 9867 9
7301 8952 1
7325 8541 1
7325 9172 5
7352 9255 1
7352 9653 2
7352 9969 1
7357 9449 3
7357 9386 1
7357 8692 5
7357 8904 4
7374 9832 1
7376 9041 2
7376 8537 1
7376 8683 2
7376 8833 3
7400 8749 116
7400 9439 1
7405 9936 3
7405 8548 1
7405 9837 7
7405 8531 2
7406 9702 1
7406 9066 1
7406 9976 2
7406 8895 1
7410 9173 3
7410 9414 5
7410 9620 1
7410 9736 1
7410 9892 1
7421 9316 1
7421 9799 1
7421 9470 1
7421 8784 25
7421 9747 1
7421 9388 3
7422 8894 2
7422 9838 5
7422 8746 5
7422 9923 1
7422 9472 3
7443 9972 1
7443 9871 1
7443 8851 1
7443 9671 2
7448 9583 1
7448 9147 1
7448 9843 2
7457 9574 1
7457 8678 3
7457 8707 1
7457 9625 1
7472 9728 1
7472 8688 7
7472 9986 1
7472 9426 1
7479 9277 3
7479 9321 1
7479 9404 9
7479 8855 1
7479 9813 1
7493 9249 1
7495 8993 1
7495 9733 1
7495 9166 1
7495 9356 1
7508 9530 1
7508 9719 1
7508 9491 1
7508 8980 1
7508 8576 10
7510 9192 2
7510 9554 2
7510 9814 3
7529 9347 1
7529 8535 1
7529 9467 1
7529 9983 1
7529 8753 1
7529 9550 1
7529 8993 1
7541 8749 1
7541 9566 2
7567 8731 4
7567 9791 5
7567 9599 1
7573 9287 1
7573 8723 1
7573 9351 1
7576 8794 1
7576 9618 1
7583 9762 1
7583 9261 1
7585 9820 1
7585 9035 1
7585 9357 1
7595 9829 1
7595 9348 2
7595 9478 24
7602 8633 1
7602 9253 1
7602 9022 1
7602 9921 1
7603 9357 1
7622 8986 11
7622 9323 1
7622 9936 1
7626 9513 1
7626 9820 1
7626 8984 6
7626 8629 1
7626 9093 1
7634 8785 1
7634 9241 1
7679 9442 1
7679 9448 1
7679 9594 23
7694 8623 1
7694 9682 2
7694 9914 4
7712 9262 1
7712 9629 5
7712 8809 1
7712 9952 2
7713 8687 1
7713 9430 58
7713 9432 3
7728 9671 7
7728 9732 1
7728 9286 2
7728 9717 2
7728 9449 5
7728 9694 1
7736 9067 1
7736 9573 2
7736 9608 1
7736 8719 1
7742 9982 4
7742 9201 1
7742 9782 3
7745 9756 1
7755 8797 1
7755 9470 1
7755 8982 2
7755 8606 3
7755 9835 1
7755 9838 1
7771 8750 1
7774 9788 1
7774 8995 6
7784 8728 1
7784 9245 1
7784 8554 1
7784 8941 1
7784 9943 2
7784 9994 2
7784 9314 1
7784 9340 4
7784 9421 3
7784 9110 1
7784 9453 2
7784 9568 4
7784 9961 7
7790 9907 2
7790 9340 2
7815 8588 1
7815 9224 1
7817 8853 8
7817 9307 8
7817 9142 1
7817 9459 2
7817 8690 2
7817 9002 2
7837 8698 3
7837 9336 1
7837 9682 1
7849 8835 1
7849 9019 3
7871 9811 2
7871 8907 1
7871 9180 32
7871 9100 1
7871 9668 2
7871 8756 1
7877 9338 1
7877 9938 1
7877 9560 2
7882 9271 2
7882 9097 1
7882 9747 1
7903 8939 2
7903 9481 1
7903 8932 1
7903 9077 4
7903 8948 6
7906 9501 4
7906 9535 2
7915 8688 1
7915 8606 1
7915 9972 3
7920 9197 2
7920 8860 6
7920 9072 1
7921 9548 3
7921 8622 1
7921 9144 2
7921 8610 1
7921 8928 64
7921 9004 1
7921 9138 1
7921 9886 1
7936 8544 1
7936 9473 6
7936 9504 1
7938 9724 1
7938 9810 6
7957 9565 1
7958 8526 8
7958 9436 7
7958 9250 1
7958 8739 1
7958 9241 1
7981 9382 1
7981 9364 3
7981 9896 1
7986 9314 1
7986 8555 2
7993 9932 1
7993 9627 15
7993 9196 1
7993 8669 1
7993 9946 1
7993 9975 5
7996 9224 1
7996 9013 1
7996 9249 1
7996 9594 1
8003 9859 2
8003 8830 2
8032 9767 1
8032 9981 1
8032 9245 1
8032 9948 2
8055 8770 1
8055 9188 1
8055 9384 1
8055 8739 1
8055 9002 1
8055 8912 1
8055 9916 2
8065 8862 1
8065 9241 2
8065 9428 3
8065 9746 1
8065 9283 1
8096 9554 5
8098 8529 1
8098 8931 2
8098 9161 1
8098 9217 1
8109 9602 8
8109 9931 1
8112 9157 1
8112 8829 1
8112 8884 1
8130 9545 3
8130 8930 1
8130 9331 1
8156 9066 1
8156 9117 2
8161 9814 1
8161 9287 1
8161 9443 1
8161 9794 2
8171 9167 1
8171 8933 2
8200 9261 4
8200 8828 1
8200 9363 1
8200 9394 2
8200 9859 1
8210 9351 1
8210 8651 1
8210 8539 1
8210 9485 8
8210 8744 1
8210 8916 10
8210 9063 1
8281 9791 1
8281 9574 1
8281 9867 1
8281 9932 1
8285 9706 1
8285 9850 1
8285 9424 1
8285 8862 1
8293 8610 1
8293 9365 1
8293 9530 1
8333 9552 2
8333 9527 3
8335 9739 112
8335 9885 1
8335 8670 9
8335 9373 1
8335 9843 1
8338 9944 27
8338 8719 1
8338 9502 28
8343 9138 3
8385 9866 1
8407 8800 1
8407 8982 16
8407 9621 1
8407 9789 1
8407 8970 11
8407 8527 1
8407 9260 1
8417 8539 1
8417 8541 1
8417 8554 10
8417 8768 1
8417 8536 1
8417 9270 2
8417 8922 2
8417 9857 10
8445 8860 1
8474 9812 16
8474 8977 1
8474 9860 1
8484 9017 1
8484 9501 3
8484 8770 1
8484 8800 200
8497 9544 7
8497 8822 1
8497 8865 9
8504 9903 1
8504 9773 1
8504 9444 1
8504 8919 1
8527 8957 1
8528 8593 2
8529 8796 1
8530 9774 1
8531 8646 2
8532 8700 5
8532 8978 1
8533 9218 32
8535 8957 1
8536 8639 3
8538 9001 1
8538 8751 4
8539 9781 3
8540 8620 1
8540 8818 1
8540 9091 1
8541 9106 1
8541 8631 1
8543 8794 1
8543 8995 1
8545 9815 1
8546 8985 1
8546 9441 1
8546 9836 32
8546 8715 1
8546 9317 2
8546 9602 1
8547 9331 2
8547 9701 2
8548 9091 1
8549 8813 1
8549 8732 1
8551 8849 1
8552 9916 2
8552 8735 3
8552 9439 1
8552 9842 12
8552 9250 1
8552 9812 4
8553 9284 1
8553 9965 1
8553 8685 1
8557 8905 1
8557 8918 1
8559 8606 1
8559 8726 1
8559 9757 1
8559 9762 1
8559 9025 5
8559 8687 1
8559 9698 1
8562 9121 4
8564 9458 1
8564 8904 2
8564 8776 3
8564 9179 1
8564 9967 3
8565 8901 1
8566 9679 1
8567 8580 1
8569 9774 1
8570 8841 1
8571 9809 1
8571 8967 1
8573 8711 2
8573 8898 2
8573 9048 1
8573 9511 2
8574 8652 7
8574 8925 1
8575 8981 1
8577 9698 1
8577 9296 1
8577 8837 1
8577 9406 1
8579 8873 1
8579 9297 1
8579 9677 3
8579 8586 2
8579 8644 2
8580 9162 1
8580 8912 1
8580 9731 4
8580 8975 2
8580 8642 1
8581 8709 1
8581 8645 1
8581 8701 1
8581 8874 1
8581 8737 5
8581 8951 1
8583 8951 1
8584 8649 1
8584 9067 2
8584 9546 1
8584 9791 2
8585 9103 1
8585 9356 3
8585 9854 2
8585 9807 13
8586 9865 1
8586 8604 1
8587 8981 1
8587 8709 1
8587 9042 59
8589 8670 3
8589 9688 1
8589 8788 2
8591 9730 1
8591 9399 1
8592 8702 1
8592 8789 1
8593 8994 2
8593 9439 1
8593 8833 2
8594 9566 2
8594 9410 5
8595 9730 2
8596 8823 1
8597 8863 1
8597 9266 1
8597 8953 1
8597 9395 4
8597 9120 61
8597 9687 2
8598 8917 1
8600 9097 1
8601 8785 1
8601 9465 1
8601 9378 1
8601 8663 1
8601 8634 2
8602 9116 1
8603 9875 1
8603 9088 5
8603 9959 2
8603 9303 4
8604 9518 5
8604 9476 1
8604 9937 2
8604 9315 2
8604 8775 1
8604 9868 3
8604 9103 1
8607 9032 1
8607 9361 4
8607 9854 2
8607 9950 1
8607 9131 20
8607 9848 1
8609 9774 1
8609 8676 1
8609 8999 1
8610 8615 1
8611 9568 1
8611 9138 2
8611 9551 2
8611 9033 1
8611 9368 24
8612 8824 2
8612 9011 1
8612 9303 1
8612 9879 1
8612 9003 1
8613 8765 1
8614 9704 2
8615 8898 1
8615 9554 1
8615 8785 1
8615 9800 75
8615 9270 1
8615 9373 5
8615 9955 1
8616 9461 1
8616 8629 28
8616 9180 1
8617 8998 1
8617 9299 1
8618 9154 7
8618 9306 3
8618 8922 23
8618 9051 1
8618 9686 1
8619 9703 1
8619 9253 1
8619 9536 1
8620 8808 1
8620 9122 1
8621 8650 2
8621 8729 4
8622 9679 1
8626 8869 1
8626 8754 1
8627 8637 1
8627 9944 1
8627 9386 2
8627 9745 2
8628 8990 1
8630 9121 2
8630 8841 200
8631 9474 1
8631 9592 18
8631 8833 1
8631 9896 3
8631 9943 2
8631 9520 1
8631 9569 1
8631 9661 2
8632 9509 4
8632 9032 1
8635 9118 1
8635 9180 1
8637 8798 200
8638 9225 2
8638 8744 1
8639 9326 13
8639 9108 1
8639 9340 1
8639 8884 1
8639 9331 2
8639 9559 2
8639 9548 1
8640 8725 2
8641 9106 16
8642 9130 2
8642 9202 2
8644 8974 4
8645 8664 4
8645 9010 1
8645 9441 1
8645 9977 1
8645 9925 2
8645 9268 4
8646 8763 1
8647 9254 1
8650 9480 3
8650 9897 1
8650 8814 1
8651 8886 4
8652 9227 1
8652 9967 1
8653 9030 24
8654 9130 7
8656 9788 1
8656 9807 7
8656 9899 1
8657 8729 2
8658 9919 1
8659 9203 1
8660 8820 1
8660 9300 1
8660 8787 2
8661 8972 1
8662 9087 1
8662 8888 4
8663 8672 47
8663 9029 2
8664 8751 3
8664 8874 1
8665 9024 1
8666 8846 1
8669 8871 1
8670 8849 1
8672 9491 1
8672 9415 1
8672 9181 27
8672 9453 4
8672 9944 1
8673 9997 1
8674 9668 1
8675 8720 6
8676 9756 1
8676 8863 1
8676 8749 1
8679 8758 1
8679 8686 1
8679 9175 1
8680 8894 1
8681 9941 2
8681 9189 25
8682 8958 2
8682 9995 142
8684 9546 1
8684 9826 3
8684 9209 1
8685 8817 1
8685 8907 1
8686 8750 1
8687 9716 3
8688 8864 2
8688 9034 1
8689 9265 3
8693 9382 2
8693 9060 1
8693 9860 1
8693 8774 1
8694 8720 1
8694 8846 1
8695 9620 1
8695 9296 1
8696 9749 1
8696 9766 1
8697 9350 1
8697 9832 6
8697 8760 1
8697 9677 6
8697 9765 9
8698 9064 1
8699 9286 2
8700 9804 1
8700 9045 1
8700 9466 1
8700 9069 2
8700 9330 1
8701 9225 1
8701 9551 6
8701 8954 1
8701 9342 3
8702 9569 2
8702 9996 1
8704 8864 11
8704 9919 1
8705 9574 1
8705 9078 1
8706 9815 6
8707 9883 1
8709 9752 1
8709 9119 1
8709 9748 2
8710 8956 1
8710 9158 1
8711 8806 2
8711 8781 1
8712 9018 1
8712 8938 2
8713 8964 200
8713 8971 1
8713 8955 7
8713 9993 90
8714 8838 96
8716 9546 1
8716 9403 2
8719 9399 5
8721 8899 1
8721 8769 1
8722 9299 2
8725 9012 3
8726 9092 1
8727 9810 1
8727 9163 1
8727 9756 5
8727 9377 1
8729 9868 1
8730 9603 1
8730 8739 1
8730 8803 2
8730 9009 1
8730 9899 1
8730 9801 1
8730 9572 1
8730 9045 1
8730 9089 2
8731 8856 6
8732 9432 1
8732 9339 3
8732 9420 6
8733 9044 1
8733 9951 1
8734 8804 1
8734 8748 1
8736 9131 7
8736 8916 1
8736 8964 2
8737 9003 1
8737 9244 7
8737 9739 1
8737 9881 1
8738 9487 3
8739 9676 1
8741 9965 1
8745 9233 1
8745 8791 1
8745 8958 7
8745 9350 1
8745 9811 1
8746 9216 1
8747 9895 1
8748 9008 1
8748 9160 3
8748 8908 1
8748 9063 8
8748 9639 2
8749 9809 3
8750 9617 1
8750 9630 5
8751 9979 1
8751 9298 2
8751 8885 1
8754 9377 1
8754 8928 1
8754 9404 1
8755 9058 1
8755 9898 2
8755 8760 1
8755 9062 3
8755 9901 10
8755 8913 1
8755 9326 1
8756 9237 1
8757 9486 1
8757 8767 1
8757 9288 1
8757 8870 1
8757 9773 1
8759 9449 6
8760 8879 1
8760 9237 2
8761 8888 5
8764 8978 2
8765 9907 1
8765 9000 1
8768 8972 12
8768 8998 1
8769 9436 1
8769 8959 4
8769 9363 1
8770 9774 1
8771 9919 1
8772 8999 2
8773 8806 3
8776 9087 1
8776 8818 3
8778 8920 2
8780 8793 4
8783 9131 1
8783 9146 1
8783 9786 3
8784 8967 1
8784 8869 1
8786 9044 1
8786 9563 1
8786 9534 1
8787 9306 2
8787 9355 1
8787 9529 1
8787 8958 1
8787 9112 1
8787 9532 3
8788 8811 1
8789 9538 3
8789 9959 6
8790 9716 1
8790 9847 1
8792 9312 3
8792 8914 2
8793 9733 1
8795 9732 1
8795 9101 2
8795 8941 1
8795 9910 2
8795 8915 4
8795 9338 1
8796 9989 1
8796 9175 1
8796 9072 1
8796 9886 1
8798 9788 1
8798 9805 4
8798 9766 1
8798 9571 1
8798 9050 2
8801 8917 5
8803 9001 1
8804 9775 1
8804 9683 1
8804 9595 1
8804 9681 2
8804 9315 7
8805 8992 7
8805 9941 1
8805 9395 1
8805 9481 1
8805 9642 2
8805 8853 1
8805 9322 1
8806 9327 4
8806 9899 1
8808 9781 8
8810 9663 1
8811 9296 1
8811 9779 1
8811 9993 3
8811 9073 1
8812 8913 12
8812 9383 1
8814 9203 1
8814 8823 5
8815 9687 3
8815 9172 1
8818 9610 1
8818 9490 1
8818 9713 2
8818 9724 2
8819 9657 2
8820 9786 20
8820 9562 2
8820 9322 1
8821 9017 1
8824 9106 2
8824 8849 1
8825 9732 1
8825 9827 2
8827 9120 1
8827 9211 24
8827 9700 1
8827 9759 1
8827 9786 5
8827 9394 1
8829 9889 6
8831 9105 12
8831 8899 2
8832 9043 1
8832 8876 1
8834 9081 2
8836 9304 1
8838 9995 1
8838 8915 1
8838 9782 1
8838 9421 2
8839 9174 2
8839 8923 1
8839 9392 3
8839 9316 200
8841 9227 2
8841 9783 1
8842 9447 2
8842 9768 1
8843 8896 3
8845 8900 1
8845 8902 3
8845 8987 1
8846 9403 1
8846 9012 4
8847 8886 1
8847 9919 1
8848 8874 1
8849 9693 54
8849 8936 2
8850 9076 1
8854 9077 2
8854 9302 1
8854 9039 1
8856 8885 3
8856 9588 5
8856 9610 1
8856 9401 1
8856 8963 1
8856 9096 1
8857 9698 1
8857 9935 1
8857 9680 5
8858 9644 2
8859 9644 1
8861 9899 1
8861 9021 1
8861 9559 1
8861 9592 2
8863 8920 1
8864 9522 2
8864 9418 1
8865 9034 1
8866 9001 1
8867 9871 1
8869 9541 1
8869 9179 1
8869 9542 1
8870 9889 3
8871 9142 7
8871 9666 2
8871 8945 1
8872 9832 1
8873 9391 2
8873 9872 2
8874 8908 2
8874 8900 10
8874 8911 1
8874 9681 1
8876 9312 1
8876 9157 1
8876 9685 1
8876 9752 3
8876 9201 1
8876 9313 1
8876 9206 1
8876 9231 1
8878 9030 2
8879 9075 1
8881 8926 1
8882 9487 10
8882 9504 5
8882 9056 1
8882 9257 2
8882 9553 1
8883 9727 1
8883 9771 139
8883 9392 1
8884 9087 1
8886 9396 2
8886 9866 1
8886 9012 1
8886 9569 1
8886 9183 1
8888 9152 29
8889 9211 1
8889 9045 10
8889 9585 26
8889 9081 2
8889 9111 1
8890 9597 1
8892 9599 4
8892 9360 3
8892 9501 2
8892 9577 1
8893 9314 2
8894 9106 2
8896 9884 1
8896 9926 3
8897 9457 1
8899 9400 2
8899 9040 1
8901 9748 2
8901 9763 1
8905 9494 1
8905 9773 1
8905 9298 2
8906 9679 1
8906 9106 10
8906 9001 1
8908 9815 6
8911 9320 1
8912 8934 3
8915 9815 4
8917 8922 1
8917 9079 1
8917 9150 6
8917 9188 3
8917 9443 6
8918 9507 1
8918 8996 1
8919 9644 1
8920 9045 2
8920 9578 1
8923 9284 1
8923 8934 1
8925 9184 15
8926 9401 5
8926 9103 1
8926 9491 1
8927 9156 2
8927 9695 1
8927 9699 1
8927 9836 2
8929 9323 1
8929 9447 3
8929 9891 1
8929 9570 2
8929 9330 4
8929 9344 164
8929 9719 1
8934 9666 3
8935 9987 11
8936 9018 1
8937 9001 3
8938 9418 4
8938 9120 1
8938 9276 1
8938 9991 4
8939 9730 3
8940 9485 1
8941 8981 1
8942 9037 2
8942 9994 1
8946 9489 2
8946 9082 2
8947 9216 1
8949 9048 1
8949 9480 1
8951 9639 1
8951 9488 4
8954 9202 3
8957 9348 1
8957 9897 3
8959 9028 1
8960 9779 1
8961 9213 1
8964 9606 2
8965 9807 2
8965 9243 1
8966 9592 2
8966 9745 1
8972 9651 1
8972 9500 1
8974 9692 1
8974 9251 16
8975 9252 1
8976 9377 1
8976 9542 1
8976 9175 1
8976 9254 1
8976 9801 1
8977 9092 1
8978 9483 2
8978 9221 44
8978 9914 1
8981 9110 1
8988 9512 1
8988 9655 1
8988 9941 1
8988 9403 1
8988 9567 62
8990 9578 1
8990 9170 1
8991 9644 2
8993 9092 4
8995 9284 1
8996 9030 8
8998 9385 1
8998 9439 2
8998 9088 8
8999 9286 1
8999 9563 1
8999 9892 1
8999 9067 1
8999 9921 1
9001 9982 4
9001 9552 1
9001 9338 1
9001 9772 1
9001 9513 15
9001 9708 1
9002 9815 1
9006 9756 2
9006 9485 1
9009 9218 1
9010 9098 1
9014 9036 4
9014 9516 1
9014 9073 3
9015 9979 1
9016 9847 2
9018 9427 1
9018 9060 1
9018 9198 52
9018 9444 1
9018 9887 1
9018 9312 3
9019 9918 2
9020 9091 1
9023 9774 4
9024 9419 1
9024 9213 1
9026 9649 2
9027 9910 39
9027 9050 2
9027 9465 1
9028 9656 1
9028 9306 3
9028 9382 1
9028 9954 1
9029 9588 1
9029 9765 1
9030 9617 3
9030 9553 9
9030 9750 100
9030 9988 11
9030 9543 1
9030 9414 2
9033 9391 1
9034 9772 2
9034 9992 1
9034 9907 1
9038 9550 1
9038 9082 1
9041 9716 7
9042 9671 1
9042 9728 6
9042 9065 1
9043 9978 1
9043 9595 1
9052 9106 1
9053 9116 1
9056 9252 1
9058 9716 2
9058 9676 1
9061 9154 1
9064 9493 11
9064 9759 1
9065 9809 1
9068 9257 3
9068 9330 1
9068 9668 1
9069 9781 2
9070 9573 1
9070 9735 1
9071 9944 4
9076 9197 1
9076 9418 1
9080 9597 1
9081 9284 1
9084 9857 1
9084 9428 1
9088 9471 1
9089 9202 4
9091 9348 2
9091 9433 1
9092 9393 1
9092 9206 1
9093 9774 37
9098 9757 1
9098 9143 1
9098 9511 2
9101 9107 152
9102 9561 3
9102 9557 1
9105 9983 1
9105 9624 1
9105 9951 1
9106 9481 1
9106 9800 1
9110 9809 1
9114 9762 1
9116 9378 1
9116 9695 3
9116 9491 1
9116 9906 1
9116 9402 87
9121 9235 1
9121 9717 2
9121 9564 1
9123 9183 2
9128 9965 2
9130 9614 4
9130 9674 1
9130 9715 1
9130 9639 26
9130 9623 1
9130 9800 1
9133 9809 1
9135 9673 1
9135 9853 24
9136 9631 3
9147 9278 1
9157 9606 1
9161 9471 2
9165 9806 2
9172 9965 3
9183 9774 1
9185 9649 2
9186 9308 1
9186 9646 1
9186 9274 12
9187 9953 2
9188 9299 1
9193 9738 1
9198 9203 1
9206 9399 1
9209 9657 28
9212 9524 2
9216 9614 1
9231 9781 6
9236 9710 1
9236 9385 1
9236 9494 1
9246 9889 2
9252 9507 1
9252 9531 1
9252 9701 3
9252 9308 1
9252 9523 1
9252 9545 1
9261 9525 1
9266 9676 53
9272 9872 1
9273 9744 1
9278 9562 2
9284 9721 3
9284 9501 1
9289 9457 7
9290 9451 1
9292 9471 2
9297 9774 5
9298 9889 1
9299 9519 6
9299 9506 5
9299 9493 1
9300 9653 1
9300 9359 1
9300 9393 1
9300 9415 5
9302 9391 1
9306 9320 1
9320 9588 1
9320 9939 2
9328 9730 5
9338 9457 1
9341 9644 1
9348 9815 3
9374 9415 2
9374 9764 1
9374 9519 1
9374 9686 1
9374 9611 1
9389 9707 1
9391 9761 1
9399 9656 2
9399 9424 1
9399 9866 1
9409 9809 1
9417 9471 1
9419 9644 1
9420 9809 1
9430 9815 2
9441 9676 1
9451 9673 2
9456 9553 1
9456 9971 1
9456 9663 1
9459 9997 1
9471 9614 1
9471 9783 1
9471 9767 1
9477 9889 1
9510 9649 1
9521 9680 1
9525 9705 6
9525 9840 2
9525 9870 1
9525 9991 1
9535 9644 9
9561 9676 1
9571 9644 4
9594 9918 1
9598 9781 1
9608 9676 25
9611 9815 1
9633 9815 1
9637 9930 1
9644 9972 1
9644 9693 1
9656 9657 1
9657 9844 2
9674 9781 5
9676 9799 1
9679 9782 1
9700 9889 1
9707 9893 1
9708 9987 13
9716 9901 53
9727 9781 1
9730 9791 1
9733 9781 2
9749 9889 2
9768 9883 1
9781 9807 2
9815 9818 115
9815 9925 2
9865 9871 15
9872 9961 1
9936 9965 1
