4 9036 1
4 8848 1
4 9845 2
4 9786 1
9 9387 1
9 9440 1
9 9878 1
9 8736 1
15 8756 1
15 8613 200
19 8713 1
19 9767 1
19 9271 1
19 9134 1
19 9051 1
19 9622 3
19 9643 4
19 9228 1
37 9207 1
37 8950 1
37 9811 1
37 8688 1
38 9791 200
38 8892 6
38 8726 1
38 9302 1
38 9400 1
38 9540 1
38 9924 1
56 8554 1
56 9090 1
56 9013 1
56 9537 6
56 9791 1
71 9565 2
71 9389 3
71 9482 2
71 9704 1
71 8903 1
77 9624 1
77 9015 2
77 9857 1
77 9103 2
77 9116 2
77 9809 1
77 9557 1
77 8628 2
77 9493 1
98 9844 1
98 9309 1
109 9389 2
109 9857 1
109 8971 1
109 9342 1
120 8848 1
120 9323 1
120 8799 1
120 9644 1
120 8597 1
120 9487 1
120 9973 10
120 9386 1
120 9789 1
120 9984 2
128 9021 1
128 8869 1
128 9305 1
128 8666 2
128 9260 1
128 9755 3
128 9053 1
128 9186 2
169 9292 1
169 9541 5
190 9432 1
203 8940 1
203 8745 1
203 9308 1
203 9942 1
212 9122 2
212 8872 1
213 8651 1
213 9035 1
213 9283 2
213 9579 1
213 9928 2
233 9643 1
233 9993 1
258 9557 1
258 8961 2
258 9690 1
258 9895 1
258 9938 2
258 8839 1
258 9613 1
258 8829 69
258 9803 19
258 9914 5
269 9216 21
269 9092 2
273 9205 1
273 8670 2
273 8829 2
283 9372 2
283 8848 4
292 9140 1
294 9821 1
301 8815 2
301 9294 1
301 9740 2
306 8772 5
306 9892 1
306 9857 1
306 9869 1
306 9927 1
310 9072 1
310 9546 2
310 9439 10
310 9017 7
310 9188 3
310 8793 1
310 8577 1
332 8566 1
332 9159 51
332 8550 1
332 9878 1
332 9030 1
332 9993 11
333 9069 1
333 9019 1
333 9524 39
333 9896 2
333 9991 3
343 9044 1
343 8981 1
343 9806 1
350 9102 6
350 8554 48
353 9437 1
401 8936 2
401 8545 1
401 8593 1
414 9659 2
414 9984 1
414 9726 1
426 8682 1
426 8706 3
426 9078 1
433 9301 1
433 8559 4
433 8868 1
437 9667 13
437 8905 1
437 8745 3
470 9215 25
470 9356 19
481 9817 1
481 9033 1
481 9968 1
501 8950 2
501 9370 1
501 9129 3
501 9644 1
501 9091 1
501 9252 1
501 8898 3
501 9889 1
501 8756 2
501 9070 2
501 9215 4
501 9556 4
501 9629 1
507 9594 4
507 9862 1
507 9271 1
508 9668 1
508 8833 1
508 9129 1
508 9418 1
508 8635 1
508 9002 48
510 9695 1
510 9186 1
511 9461 1
511 9937 1
511 8842 1
515 9550 1
515 9483 2
515 8709 2
515 9031 1
526 8916 1
526 8672 1
526 9474 1
526 9960 5
526 8926 3
526 8555 2
526 8732 1
526 9669 2
529 9165 1
529 8553 21
529 9697 2
544 9578 1
544 9204 6
544 9497 1
547 9623 6
547 9778 4
548 9546 3
548 8816 2
548 9412 1
550 9437 1
557 8675 2
557 9746 1
557 8930 4
567 9054 4
567 9453 1
567 9517 2
567 9993 1
567 9004 1
567 9325 1
567 9720 6
579 9130 3
579 9845 1
579 9730 1
579 8680 1
579 9173 1
579 9940 1
580 9017 1
580 8763 1
580 9493 1
580 9686 1
580 9179 2
580 8868 2
580 9723 1
586 9311 8
586 9345 1
586 9395 1
594 9137 2
609 8966 1
617 9050 1
617 9790 1
617 9281 20
617 9672 4
617 9756 2
617 9983 1
617 9996 1
617 9237 1
636 8998 2
636 8961 1
636 9409 1
636 9146 5
648 8540 1
648 8825 1
648 9163 200
648 9295 2
648 8834 1
648 9728 1
650 8947 3
650 9007 1
654 9104 1
654 8834 1
654 9105 3
682 8908 1
682 9123 2
682 9927 1
682 9947 1
682 8820 1
682 9406 9
682 9447 4
695 9326 1
695 9287 1
695 9460 8
700 9280 1
700 9670 2
700 9487 1
718 8833 4
718 9579 1
718 9774 1
720 9453 1
720 9568 1
746 9963 6
748 8934 1
748 9503 1
748 9468 12
748 9512 6
748 9847 2
748 8977 5
765 9356 1
765 9109 1
767 9700 1
767 9480 1
767 8912 1
767 9478 1
798 9051 3
798 9730 2
798 9510 2
798 9004 1
798 9495 1
798 9065 3
820 9964 1
820 9815 1
820 8954 1
831 9361 1
831 9945 2
832 8970 1
832 8871 1
832 9022 1
832 9616 29
832 9772 13
832 9350 3
843 8924 1
843 8665 1
843 9295 12
843 9339 3
844 9021 1
844 9289 1
856 9944 1
856 9330 5
872 8716 2
872 9287 1
872 8930 1
872 9055 1
872 9022 2
872 9353 1
872 9719 1
872 9624 1
872 9674 5
902 9646 2
902 9394 71
902 8898 1
902 8853 1
911 8985 3
911 9169 1
911 9179 3
911 9977 1
913 9819 1
913 8539 1
923 9101 1
950 8788 1
950 9029 1
950 9196 2
950 8671 1
954 9988 51
954 9872 2
954 8760 2
954 9932 4
954 9345 1
954 9287 1
954 9816 6
959 9608 1
959 9285 2
959 9365 40
959 9515 1
974 9372 1
974 9140 1
974 9604 1
974 9884 1
978 8678 3
978 9834 1
983 8819 3
983 8625 1
983 9789 1
983 8776 2
994 9632 1
994 8776 20
994 9846 3
994 9324 1
1010 9423 2
1010 9203 5
1010 8892 4
1010 8985 2
1010 9836 1
1015 9424 1
1015 9427 1
1015 8926 1
1018 9964 1
1018 9304 1
1018 9322 1
1018 9816 1
1024 9575 61
1024 9690 1
1024 8579 1
1024 9012 8
1024 9189 3
1024 9441 3
1024 9988 1
1032 9770 1
1032 8686 4
1033 8736 7
1033 8544 2
1040 9497 1
1040 9047 3
1040 8701 1
1040 9297 1
1040 9970 2
1040 9719 1
1050 9370 1
1051 9302 2
1051 9793 1
1051 9933 1
1051 9994 1
1051 9209 2
1051 9912 1
1051 8768 1
1062 9947 1
1062 9152 1
1062 9452 5
1092 8543 6
1092 8977 1
1100 9672 2
1104 8803 15
1105 9578 1
1105 9435 1
1107 9145 1
1123 9416 6
1123 9632 12
1139 9809 1
1164 8724 1
1164 8770 3
1164 9133 1
1166 9755 36
1166 8549 1
1166 9173 1
1179 9392 1
1179 8912 4
1179 9977 1
1179 8998 1
1179 9247 1
1219 9260 1
1219 8899 1
1219 9022 2
1219 9906 1
1219 9994 1
1219 9173 1
1219 9101 3
1237 9339 1
1237 9032 5
1237 9303 80
1249 8803 1
1249 9302 4
1249 8575 1
1250 8635 2
1250 9344 1
1260 9445 4
1260 9194 3
1260 9912 3
1260 9888 1
1260 9418 1
1260 9327 1
1260 9642 4
1264 8543 1
1264 9092 4
1264 9379 1
1264 9548 1
1279 8724 1
1279 9326 1
1279 9631 1
1301 8714 12
1301 8954 2
1301 9470 1
1312 8607 3
1312 8785 1
1312 9582 3
1312 8800 3
1312 9855 6
1312 9078 200
1312 8615 1
1317 9477 8
1317 9082 1
1317 9407 2
1317 8862 6
1317 8760 1
1317 9653 1
1317 9775 1
1318 9379 1
1319 8777 2
1319 8537 1
1323 8853 38
1323 9113 1
1329 8699 1
1329 9609 2
1352 9212 2
1365 9207 1
1367 8572 5
1369 9057 1
1369 9322 1
1369 9345 4
1369 9188 1
1369 8854 36
1369 9302 1
1376 9700 12
1376 9814 1
1376 9862 1
1402 8698 1
1402 8553 1
1402 8596 6
1419 9308 1
1419 8683 34
1419 8714 7
1425 9049 1
1425 9064 1
1425 9842 1
1425 9084 1
1425 9353 3
1425 8684 2
1425 8687 1
1425 9276 2
1425 9575 6
1427 9017 1
1427 9109 1
1427 8999 1
1427 9472 1
1427 9223 2
1433 8705 1
1433 9594 1
1433 9681 1
1433 8618 6
1433 9207 1
1433 9924 1
1433 8734 1
1433 8765 2
1433 8954 1
1433 9402 1
1433 9577 1
1433 9477 1
1435 8789 1
1435 9443 4
1435 9128 1
1435 8544 1
1435 9677 11
1435 9175 1
1435 9637 1
1463 9635 1
1463 9276 10
1469 9267 2
1469 9216 1
1469 9383 1
1469 8804 23
1480 8625 1
1480 8917 1
1480 9311 1
1480 9372 1
1487 9291 1
1487 9308 6
1487 8940 2
1487 9115 1
1487 9586 39
1487 9912 1
1501 9151 2
1517 9020 3
1517 9423 2
1517 9687 3
1517 8828 1
1517 8958 1
1517 9122 7
1517 9205 1
1530 8776 3
1530 8728 1
1530 9042 2
1534 8940 1
1534 9935 1
1534 9338 1
1534 9127 192
1534 9328 1
1534 8871 1
1534 9526 1
1535 9789 1
1535 8620 1
1535 9049 2
1535 9211 3
1535 9595 27
1539 9476 1
1539 8801 2
1539 8819 4
1569 9953 6
1569 9826 1
1569 9814 2
1571 9671 1
1571 8779 1
1571 9065 3
1571 9813 6
1571 8934 5
1574 8655 61
1574 9446 1
1574 9600 1
1574 8982 1
1574 8809 1
1574 8986 1
1574 9222 2
1574 9655 1
1574 9945 2
1574 8920 4
1574 9501 1
1582 9487 5
1582 9205 1
1582 8659 4
1582 9102 1
1583 9204 2
1583 8833 1
1586 9147 1
1586 9924 1
1586 9032 2
1586 9742 1
1586 9978 1
1586 9903 3
1586 8688 2
1586 9523 49
1586 8616 1
1597 8984 3
1597 9440 2
1597 9535 4
1625 8559 1
1625 9019 1
1625 9268 1
1625 8726 1
1625 9374 1
1625 8602 1
1631 9034 1
1631 8730 1
1631 9253 1
1631 8947 1
1631 9472 1
1631 9731 4
1631 8903 10
1631 9950 1
1631 9517 1
1648 9458 1
1648 9110 15
1672 9219 1
1672 8677 1
1672 9285 2
1672 9827 4
1682 9223 3
1682 8698 1
1700 9294 1
1700 9658 1
1700 8801 1
1700 9255 2
1700 9270 1
1700 9539 1
1700 8773 1
1700 8604 5
1705 9456 1
1705 9070 9
1705 9166 1
1705 9426 1
1705 9281 1
1705 8785 1
1705 9491 12
1705 9310 1
1705 9411 2
1709 8538 1
1712 9968 2
1712 8781 2
1712 8830 1
1712 8843 1
1716 9293 1
1716 9266 4
1716 9625 1
1716 9978 2
1745 9541 2
1745 9896 1
1745 8563 2
1745 8666 1
1762 8593 1
1762 9049 3
1762 8819 1
1762 8771 1
1762 9141 3
1762 9819 1
1773 8841 2
1774 9560 2
1774 9133 2
1774 9894 10
1778 9135 25
1778 8655 2
1778 9188 1
1799 9350 1
1799 8663 1
1799 9064 2
1799 9081 3
1799 9502 31
1800 9341 1
1800 9501 1
1800 8914 1
1800 9412 1
1800 9520 2
1800 9817 1
1813 9586 1
1813 9243 2
1813 9448 1
1813 9049 1
1813 9760 2
1826 9232 1
1826 9728 2
1826 8916 1
1826 9408 1
1840 9924 2
1840 8780 1
1841 9042 6
1870 8668 1
1870 9982 3
1870 9037 1
1870 9667 3
1870 9992 1
1870 8640 1
1885 9533 1
1885 9621 1
1885 9689 2
1885 9791 1
1887 8789 2
1906 9081 2
1923 9648 4
1923 9454 9
1923 9335 2
1930 8810 2
1930 9357 1
1930 9978 1
1930 8701 1
1930 9033 2
1930 9061 2
1941 8846 1
1941 8947 1
1941 9892 5
1951 8874 10
1951 8659 1
1951 9695 1
1951 8653 1
1951 9401 6
1960 9777 1
1960 9645 1
1988 9960 1
1997 8919 1
1997 9125 1
1997 9432 1
1999 8539 1
1999 9920 1
1999 8834 2
1999 8757 1
1999 9043 1
2008 9503 2
2008 8812 4
2008 9705 3
2008 9783 2
2041 9134 5
2041 9117 1
2041 9434 1
2041 8700 1
2041 9422 1
2066 8701 4
2066 9407 1
2066 9084 6
2066 9157 2
2086 9163 1
2086 9580 4
2088 9273 14
2088 9383 1
2088 9954 1
2088 8700 1
2088 9933 1
2088 8718 2
2088 9735 1
2088 9125 7
2088 9587 1
2100 9921 2
2100 9478 1
2115 9140 1
2115 9631 3
2115 9825 1
2115 9818 1
2115 8793 1
2115 8986 1
2115 9429 1
2115 8590 1
2127 8720 2
2127 9228 1
2127 9445 1
2127 9996 1
2158 8552 4
2158 9101 3
2158 9778 1
2166 8682 1
2166 9791 1
2178 9132 2
2178 9202 1
2178 8607 1
2178 9387 1
2178 8955 1
2197 8779 1
2197 8974 4
2199 9206 1
2199 8614 1
2199 8649 1
2199 8760 1
2201 9491 1
2201 9535 1
2205 9608 1
2205 9944 1
2205 8700 3
2205 8811 1
2208 9078 1
2208 9503 1
2208 8938 1
2208 9125 1
2208 9478 1
2208 9825 1
2214 9186 1
2224 9328 1
2224 9783 2
2224 9149 1
2233 8577 1
2233 9203 1
2233 9837 1
2233 8666 1
2233 9881 2
2233 8676 1
2233 9257 1
2233 9552 1
2245 9209 17
2246 9930 2
2246 9934 3
2246 9206 2
2257 9514 1
2257 8684 2
2257 8758 1
2257 8864 2
2257 8831 1
2271 9269 2
2271 8594 3
2271 9126 1
2271 8660 2
2271 9716 1
2275 9646 4
2275 8561 1
2275 8914 1
2275 9482 2
2299 9539 1
2299 9783 8
2299 8547 3
2299 9445 1
2299 9505 3
2299 9032 1
2299 9704 2
2302 9070 1
2302 8933 6
2302 9464 2
2306 8817 1
2306 8614 1
2306 8757 49
2306 8843 1
2306 8573 1
2306 9865 3
2308 8958 1
2308 8688 1
2321 9760 14
2321 9952 2
2321 8867 1
2321 9655 1
2321 8649 1
2321 9204 5
2321 9329 1
2327 9630 1
2328 8932 13
2335 9073 6
2335 8955 15
2335 8742 1
2351 9320 1
2351 9447 2
2351 9551 1
2351 8545 1
2351 8807 1
2351 9550 2
2351 9043 1
2360 9836 2
2360 8831 1
2360 9930 1
2360 9937 1
2360 9758 1
2375 8724 2
2375 9711 71
2375 9730 1
2386 9223 2
2386 9076 1
2386 9890 1
2394 8770 1
2394 9224 2
2394 9472 2
2394 9188 8
2394 9222 1
2394 9931 1
2394 9341 1
2394 9878 2
2398 8848 5
2398 9959 2
2398 8898 1
2418 9095 1
2420 9299 1
2420 8828 1
2420 8789 1
2420 9029 1
2420 9317 1
2420 9578 2
2420 9864 1
2421 9551 1
2421 8905 36
2421 9231 2
2421 8788 2
2422 8684 1
2422 9026 1
2422 9882 1
2425 9669 2
2425 8835 4
2425 8750 4
2451 9612 1
2451 9237 5
2451 8616 7
2451 9434 1
2452 9140 13
2452 9242 1
2452 8986 1
2456 9129 1
2456 9520 1
2456 8860 1
2456 9046 1
2456 9846 1
2488 9880 3
2488 9147 1
2488 9988 1
2488 8680 1
2497 9861 16
2497 8675 1
2497 9332 5
2544 9193 1
2544 9408 1
2544 8741 4
2555 9928 1
2558 9322 5
2558 9890 1
2559 9131 45
2559 9010 5
2559 8882 3
2567 9036 2
2572 9134 13
2587 8640 2
2598 9437 1
2598 9662 1
2598 8537 1
2598 9661 2
2598 9880 1
2598 9682 2
2660 9341 11
2660 9353 2
2660 8970 1
2660 9682 4
2660 9726 2
2660 8746 5
2660 9158 1
2677 9720 1
2677 8538 1
2677 8955 1
2677 9006 1
2677 9214 1
2677 9503 1
2680 8652 1
2680 9172 2
2680 9348 1
2680 9617 1
2680 9835 1
2691 8767 1
2691 8869 2
2691 8985 1
2691 9224 1
2691 9706 193
2691 9280 1
2691 8548 1
2691 9200 1
2691 8559 1
2699 9666 1
2699 9814 81
2699 8793 1
2699 8715 1
2699 9360 49
2699 9966 1
2699 9848 1
2707 9310 1
2707 8906 8
2707 9311 1
2707 8870 4
2707 9465 1
2707 9979 85
2707 8763 1
2707 8777 1
2707 9725 1
2708 8729 5
2708 8703 2
2713 8650 2
2713 8706 4
2748 9203 6
2748 9337 2
2749 8885 3
2749 9310 1
2749 9501 6
2749 9338 1
2776 9050 1
2779 9408 2
2779 8555 1
2779 8815 1
2779 9897 6
2794 8795 10
2812 8668 1
2812 9626 1
2812 9639 3
2829 8699 1
2829 9848 1
2829 9690 1
2829 8566 2
2829 9389 1
2848 8652 1
2848 9406 1
2848 8620 3
2848 8899 1
2848 9390 7
2848 9462 9
2848 9928 1
2848 9969 1
2850 9075 2
2850 9900 1
2850 9299 1
2850 9514 1
2850 9698 9
2850 8899 1
2850 9301 3
2850 9079 1
2850 9733 4
2857 9247 1
2857 9537 1
2857 8901 1
2857 9561 13
2857 9621 1
2871 9325 1
2871 8750 3
2871 8877 1
2871 8914 1
2871 9806 3
2871 9177 1
2871 9270 1
2879 9777 1
2879 9894 1
2879 8782 7
2911 8728 7
2911 8548 1
2911 9654 1
2912 8567 1
2912 9873 1
2912 9063 2
2912 9160 1
2912 9808 4
2912 9957 1
2940 9587 2
2940 9033 1
2940 9446 1
2943 8686 3
2943 9214 1
2943 9051 1
2943 9609 1
2943 9297 1
2964 8551 5
2964 9335 2
2964 9047 1
2969 9927 2
2969 8859 59
2969 8870 2
2969 9676 1
2969 9020 1
2997 8872 1
2997 8793 1
2997 9666 2
3018 8643 13
3018 9358 26
3018 8974 1
3021 8992 1
3021 9046 1
3021 9539 19
3041 8809 1
3041 9760 1
3060 9419 1
3071 9777 7
3071 9541 3
3071 8924 1
3071 9225 1
3071 8738 1
3071 8637 2
3105 9876 1
3108 9379 2
3139 9269 4
3139 9433 1
3139 9562 1
3142 9664 1
3142 9774 5
3142 9815 1
3145 9538 2
3145 9860 3
3145 8831 1
3145 9406 7
3145 8834 1
3145 9895 4
3145 9283 1
3165 9012 1
3165 9764 1
3165 9208 3
3165 8786 1
3165 9041 2
3165 9856 1
3167 9037 6
3167 8917 1
3186 8646 1
3186 9245 19
3186 9747 1
3186 9975 1
3192 9326 1
3192 9083 7
3192 8661 1
3192 8636 1
3192 9422 1
3192 9897 3
3194 8683 1
3194 8686 1
3194 8974 1
3194 9737 2
3194 9345 200
3194 8581 15
3194 9947 1
3201 8845 1
3201 9496 1
3201 8828 1
3218 8789 1
3218 8590 1
3218 9253 1
3218 9994 9
3242 9131 15
3242 9653 1
3242 8793 2
3242 9074 2
3242 8719 1
3242 9370 1
3242 9880 105
3250 9676 5
3250 8872 1
3250 9175 1
3250 9291 25
3253 9211 5
3253 9238 2
3253 9104 1
3263 9121 1
3263 8676 1
3263 9964 1
3263 9751 1
3263 9166 4
3276 8919 1
3278 8649 1
3278 9569 1
3283 9523 1
3283 8676 1
3295 9876 1
3295 9679 6
3295 9252 1
3295 9082 1
3317 9908 1
3317 9513 1
3323 9292 1
3326 9690 3
3326 8893 1
3326 8607 38
3326 9497 1
3326 8837 3
3326 9292 1
3346 8799 1
3346 9705 1
3346 9538 4
3346 9130 5
3346 9144 2
3346 9977 15
3365 8846 1
3365 8903 173
3365 9439 1
3365 9883 11
3365 9895 1
3373 8686 1
3375 9219 1
3375 8803 7
3375 9410 2
3375 9568 1
3387 9537 9
3393 8553 3
3393 8732 1
3393 9330 3
3393 8961 3
3406 9202 1
3406 8706 1
3406 9409 1
3419 9639 3
3419 8811 1
3419 9503 5
3423 9364 5
3423 9505 1
3423 9009 1
3438 9722 2
3438 8753 2
3445 9674 1
3445 9992 2
3445 9872 1
3445 9526 3
3445 9801 1
3449 9603 1
3449 8918 3
3449 9638 12
3449 8672 3
3449 8886 1
3452 9245 1
3452 9826 1
3452 8948 3
3452 9468 1
3462 9698 4
3462 8750 1
3462 8961 5
3462 9379 1
3462 8722 1
3462 9569 1
3467 9128 2
3467 8918 2
3467 9024 2
3467 9808 1
3487 9253 15
3487 9076 1
3492 8830 1
3492 9321 1
3496 9206 1
3496 8643 1
3496 8803 1
3496 9050 1
3496 9362 3
3497 9282 1
3498 9006 200
3498 9932 1
3498 8856 1
3498 9117 3
3507 9114 3
3507 9001 1
3507 9338 1
3507 9461 1
3507 8733 1
3507 9260 10
3507 9533 15
3510 9458 1
3510 9002 5
3510 9670 1
3510 9613 1
3524 8617 1
3524 8620 1
3555 9227 1
3555 9493 1
3555 9856 1
3608 9022 3
3608 9082 4
3608 9884 3
3608 9681 1
3613 9295 1
3617 8973 1
3617 9323 1
3617 9928 1
3617 9523 59
3625 8811 1
3625 8551 4
3630 9303 3
3630 9984 4
3630 8715 1
3630 9231 1
3636 9953 1
3636 9805 6
3636 9429 92
3636 9677 1
3644 8541 1
3644 8545 1
3644 9668 1
3644 9715 2
3649 9895 3
3666 8651 1
3666 9316 1
3682 8809 1
3682 8837 2
3682 8555 32
3682 9813 1
3684 8566 3
3684 9706 1
3692 9773 2
3692 8772 1
3696 9969 1
3696 8870 1
3696 8899 1
3696 9305 11
3696 9466 1
3708 9158 1
3708 9642 1
3708 9483 1
3708 9831 2
3712 8947 1
3712 8561 1
3712 9080 1
3712 9720 2
3712 9939 1
3721 8753 1
3721 9520 1
3721 9546 1
3739 9408 1
3739 9518 1
3751 9511 2
3751 9012 1
3751 9518 1
3759 8793 1
3759 9308 1
3784 9026 1
3784 8674 200
3784 9869 2
3784 8642 3
3788 8649 2
3788 8789 1
3788 9671 8
3788 9234 1
3794 9922 1
3794 9253 4
3794 9844 1
3794 8861 2
3794 9468 2
3803 9050 1
3817 9837 4
3817 9632 2
3817 9609 1
3817 9723 1
3821 9069 1
3821 8572 1
3823 9860 1
3823 9962 1
3823 9670 2
3823 9454 1
3823 8678 3
3823 8896 1
3823 9220 1
3823 9394 4
3831 9840 1
3831 9615 1
3834 8648 1
3834 8979 2
3834 9182 1
3834 9646 1
3834 8604 1
3834 9803 2
3834 9250 1
3834 9679 6
3834 9253 1
3834 9753 4
3867 8809 1
3867 9653 2
3867 9885 1
3874 9267 1
3874 9964 1
3878 8597 4
3878 9006 1
3878 9844 1
3878 8584 2
3925 9321 64
3925 9735 3
3925 9295 1
3925 9519 1
3960 9046 1
3960 9682 1
3960 9669 2
3972 9640 1
3972 9128 2
3981 8931 4
3981 8693 1
3986 9320 3
3986 8749 1
3986 8978 3
3989 8958 1
3989 8716 1
3989 8995 5
3989 9398 1
3999 9321 45
3999 9616 1
3999 8927 2
3999 9061 1
3999 9303 3
4004 8563 3
4004 9439 1
4010 8841 3
4010 8767 1
4011 9767 1
4011 9143 2
4012 9940 1
4012 9582 1
4012 9047 1
4012 9630 1
4026 9861 1
4026 9314 1
4026 8800 1
4028 8750 3
4028 9740 1
4028 9250 1
4042 9548 1
4042 9131 1
4051 8746 5
4051 9832 1
4051 8541 1
4056 9876 1
4056 9318 120
4075 8581 1
4075 8781 1
4075 9185 1
4075 9197 1
4075 9840 1
4075 9988 13
4075 9934 2
4075 9167 1
4076 8539 7
4076 9453 1
4077 9833 1
4086 9803 3
4086 9665 1
4086 8770 2
4086 9308 1
4102 8732 1
4102 9462 1
4112 9162 1
4112 8807 2
4131 9888 1
4131 8986 1
4131 8717 1
4148 8698 1
4148 9010 4
4148 9933 1
4150 8756 1
4150 8934 1
4150 8845 2
4150 9126 1
4150 9053 34
4150 9510 2
4150 8971 1
4156 9723 1
4156 9648 12
4156 9327 1
4163 9234 2
4163 9863 2
4163 9281 1
4163 9945 1
4172 8730 2
4194 9447 1
4196 9006 2
4196 8906 1
4226 8982 1
4238 9330 1
4238 9438 6
4240 8736 2
4240 8906 7
4240 9337 1
4240 9063 1
4244 8591 1
4244 9203 4
4244 9103 1
4244 8700 1
4249 9055 1
4249 9735 1
4258 9069 2
4258 9159 5
4258 9675 1
4264 9469 1
4264 9646 1
4264 9171 3
4288 9770 2
4288 9637 1
4288 8977 1
4288 9058 1
4288 8584 1
4288 9912 1
4288 8660 1
4289 8743 2
4289 9044 1
4309 8549 2
4309 9480 1
4309 9641 2
4328 9185 1
4328 9293 1
4328 9573 2
4328 8622 1
4337 8697 4
4337 9295 2
4337 8562 4
4337 9844 1
4337 8550 1
4337 8792 2
4348 9264 1
4354 9704 2
4354 8991 10
4354 9114 1
4377 9132 17
4377 8621 2
4377 8754 1
4377 9635 2
4377 9855 1
4431 9949 1
4431 9982 1
4445 9580 1
4445 9785 1
4445 8917 7
4445 9770 1
4449 8620 9
4449 8780 7
4449 9016 2
4449 9135 1
4470 8842 1
4470 9438 1
4470 9182 8
4470 8625 1
4473 8978 1
4476 8985 1
4483 9932 1
4489 8724 1
4489 9149 1
4489 9557 1
4490 9996 46
4491 9443 1
4494 9483 1
4494 9505 2
4494 8978 2
4494 8758 1
4495 9225 3
4495 8673 1
4495 9949 5
4501 8696 1
4501 9263 1
4501 9686 1
4501 9074 1
4501 9091 1
4513 9263 1
4513 9503 2
4513 9677 1
4514 9328 1
4514 9249 3
4520 9406 1
4520 8611 3
4520 8622 1
4551 9401 6
4552 8561 1
4552 9492 1
4587 8862 2
4587 9132 1
4587 9920 1
4590 8726 17
4590 9540 1
4594 9230 1
4596 8775 2
4596 9645 4
4596 9877 1
4596 8800 1
4596 9403 1
4597 9079 1
4597 8589 13
4597 9665 1
4597 8720 2
4602 8795 1
4602 8867 1
4622 9015 1
4622 9630 1
4622 9417 6
4622 9744 1
4622 9263 1
4622 9640 1
4635 8780 7
4635 8970 5
4635 9470 1
4635 8950 2
4635 9819 1
4635 9051 8
4635 9510 2
4642 9973 1
4642 8742 4
4645 9454 1
4645 9088 1
4645 8879 67
4651 9031 2
4651 9829 4
4651 9203 1
4658 9568 1
4658 8715 1
4658 9809 2
4665 9065 4
4665 9400 12
4665 8936 1
4665 9213 1
4680 9494 1
4693 8550 2
4693 8771 1
4693 9602 3
4693 8744 2
4711 9665 2
4711 9892 1
4711 9834 5
4711 9116 1
4711 9041 1
4711 9402 1
4712 9064 3
4712 9853 2
4712 8597 1
4712 9679 1
4722 9624 1
4722 9117 2
4722 9911 1
4722 8952 3
4722 8543 1
4722 9088 1
4722 9124 5
4725 9819 1
4725 9626 2
4725 8613 3
4725 8661 63
4725 9616 5
4726 9885 2
4726 9695 1
4726 9889 1
4743 8841 1
4743 9650 1
4743 8618 1
4743 9218 1
4743 9938 6
4748 9374 7
4748 8736 1
4748 9174 1
4764 9613 1
4764 8586 1
4764 9294 1
4786 9410 2
4786 9152 1
4793 9948 4
4806 9540 2
4806 8945 1
4814 9994 1
4814 9485 1
4814 9646 11
4836 9841 1
4836 8916 2
4836 8684 3
4836 9019 2
4836 9496 1
4836 9587 2
4836 9147 6
4845 8675 1
4845 9964 2
4845 8655 2
4845 8732 1
4845 9262 1
4845 9317 1
4845 9622 1
4845 9639 1
4859 8938 1
4859 9910 1
4887 9339 1
4887 9768 1
4887 9815 1
4887 9472 1
4891 9400 1
4895 8927 1
4895 9402 1
4895 8673 1
4895 8971 1
4895 9124 6
4895 9017 1
4895 9145 1
4906 8742 8
4906 8744 2
4906 8874 1
4917 9775 1
4935 9570 19
4935 9827 2
4935 8932 1
4935 9116 82
4935 9194 1
4945 8748 1
4945 8867 2
4945 8554 1
4945 8729 1
4948 9013 1
4949 8886 1
4972 9451 155
4972 9586 1
4973 9931 1
4973 9113 16
4973 9457 2
4975 9216 1
4986 9515 1
4986 9999 1
4986 9247 1
4986 9357 1
4989 9100 1
5014 8700 1
5014 9888 2
5014 8738 1
5014 8739 6
5014 9129 1
5033 8746 2
5033 9967 1
5033 9411 1
5033 9649 1
5033 9387 2
5033 8648 2
5033 9058 1
5033 9199 1
5049 9160 7
5049 8984 1
5077 9193 1
5077 9927 1
5077 9107 1
5077 8552 4
5077 9035 2
5077 9715 1
5081 9355 1
5081 9286 1
5081 9432 4
5113 8760 3
5113 9805 1
5126 9488 2
5126 8918 1
5126 9491 1
5126 9591 1
5143 9133 2
5155 9770 18
5155 9623 3
5155 8963 1
5155 9355 1
5160 9504 1
5160 8973 1
5160 9502 6
5160 9443 1
5164 9222 1
5164 9224 4
5164 9025 1
5164 9638 1
5177 9909 1
5180 9104 1
5180 8596 1
5180 9618 1
5180 9973 12
5180 9838 2
5180 9959 6
5199 9019 1
5199 9847 1
5199 8736 1
5199 9130 4
5199 9452 1
5199 8929 3
5200 9982 1
5200 8899 2
5200 8788 1
5200 9392 3
5202 8572 1
5202 8741 1
5202 9140 1
5202 8931 1
5202 9860 1
5203 8983 3
5203 9515 1
5203 8556 4
5203 8699 1
5212 8844 1
5212 9151 6
5217 9622 18
5217 9267 1
5217 9351 1
5217 8938 1
5235 9806 2
5235 8804 1
5268 9309 3
5268 9009 1
5268 8767 12
5268 9992 1
5270 9468 1
5270 8704 1
5270 8681 1
5270 8936 1
5274 9214 1
5274 8927 1
5274 9301 1
5274 9760 1
5274 8831 1
5274 8872 2
5275 8696 1
5275 8642 1
5275 8659 1
5275 9082 1
5275 9679 1
5275 8673 1
5275 9232 1
5276 8779 1
5276 8885 1
5276 9292 2
5276 9761 1
5323 9322 1
5323 8642 2
5323 9016 1
5323 9233 5
5328 9970 12
5328 9670 1
5338 9920 1
5338 9935 7
5338 8927 1
5338 9139 1
5343 8964 1
5343 8597 1
5343 8584 1
5343 9708 1
5343 8678 4
5349 9316 2
5349 9036 5
5351 9928 1
5351 9224 1
5370 9674 1
5370 9332 9
5370 9717 1
5372 9647 2
5372 9230 1
5387 8754 1
5409 8671 1
5409 9758 5
5409 9373 1
5409 9452 1
5410 9422 1
5410 9696 9
5410 8758 2
5410 9231 7
5414 9156 1
5414 9466 1
5414 8952 1
5414 9090 3
5414 9624 2
5418 8955 1
5418 9214 1
5418 9447 1
5418 9706 1
5422 9289 1
5422 9212 51
5426 9373 1
5426 8537 1
5426 9607 1
5426 9674 5
5439 9551 1
5439 8745 2
5440 9400 1
5440 9872 1
5440 8652 1
5440 8805 4
5440 9352 4
5440 9618 1
5443 8559 1
5443 9276 2
5443 9090 2
5443 9796 1
5443 9255 1
5443 9444 1
5443 9083 2
5451 9751 7
5451 8577 1
5451 8684 1
5451 8843 1
5451 9206 12
5451 9813 1
5460 9337 1
5460 9983 1
5460 8685 1
5460 9115 2
5460 9967 1
5482 8706 2
5482 8825 1
5482 9024 1
5487 8801 1
5487 9568 2
5487 9560 1
5489 9483 1
5490 9575 1
5490 8706 9
5490 9197 21
5490 9731 1
5490 8618 12
5499 7180 2
5499 8952 1
5499 9372 2
5499 9671 1
5527 9556 1
5549 9177 2
5549 9801 1
5566 8768 10
5566 9280 4
5570 9219 1
5570 9439 1
5570 9218 1
5570 9243 2
5589 8738 44
5589 8945 1
5589 9830 200
5599 9360 1
5629 9416 2
5629 9963 1
5640 9081 1
5640 9010 3
5640 9604 1
5640 9804 2
5640 9932 3
5640 8685 3
5645 8678 16
5645 9911 2
5645 9121 1
5645 9579 1
5645 9558 3
5646 9716 1
5646 8846 32
5646 8847 2
5658 8666 2
5658 9213 35
5658 9376 1
5667 8686 4
5667 9298 3
5667 9829 9
5667 8983 42
5669 9846 1
5669 8543 1
5669 9084 2
5679 9271 1
5679 9491 1
5679 9451 1
5679 9710 2
5679 9016 1
5679 9298 1
5714 9476 1
5714 9054 2
5714 9341 2
5714 9826 2
5714 8830 6
5714 8866 2
5715 9697 8
5722 9368 6
5722 9123 3
5722 9659 1
5724 9004 1
5724 9383 4
5724 9422 1
5725 9802 1
5725 8573 8
5725 8554 1
5725 9747 3
5725 8871 1
5725 9710 1
5725 9952 4
5725 8579 1
5725 8853 1
5725 9644 3
5725 9833 1
5766 9268 1
5766 9209 47
5766 9295 24
5766 8539 1
5766 9115 2
5766 8839 1
5766 9351 1
5766 9910 10
5767 9774 13
5767 8614 1
5767 9264 1
5767 9081 1
5767 9416 1
5767 9811 1
5768 9873 6
5768 8954 1
5768 9580 3
5794 8696 2
5794 8913 1
5799 9272 2
5799 9991 1
5799 9777 1
5799 9816 8
5799 9696 1
5799 9145 26
5799 8679 1
5799 9189 4
5803 9093 1
5803 9492 3
5803 8581 1
5803 8767 1
5803 8906 1
5813 9218 1
5813 8545 1
5813 9860 4
5813 8591 1
5816 9079 1
5819 9758 1
5819 8842 4
5819 9717 1
5819 9166 3
5819 9474 3
5823 8575 1
5823 8907 2
5823 9205 1
5823 9427 1
5826 8561 1
5826 9468 2
5828 9482 1
5828 8869 4
5835 9390 1
5835 9556 1
5835 8947 1
5835 9777 1
5840 9992 1
5864 9841 1
5864 8795 2
5864 9997 1
5864 8775 6
5866 9134 1
5866 9778 1
5896 9689 8
5896 8929 1
5896 9394 2
5896 9488 1
5896 8577 1
5896 9019 1
5896 9676 1
5905 9502 2
5905 9600 8
5905 9839 1
5919 8772 3
5919 8563 1
5919 8635 1
5919 8699 1
5919 9625 13
5919 9696 6
5919 8799 4
5919 9169 2
5923 9031 1
5923 8748 3
5923 8569 2
5923 8866 1
5923 9551 4
5923 9608 1
5934 9457 1
5934 8717 1
5934 9242 75
5934 9832 2
5943 9123 1
5943 9395 1
5943 9117 1
5945 9857 3
5946 9774 1
5946 9935 1
5981 8870 2
5981 9864 2
5981 8729 1
5990 8820 1
5990 8573 1
5990 9386 1
5990 9042 12
5990 9360 1
5990 9906 1
5996 9580 3
5996 9686 31
5996 8924 1
5996 9152 2
6001 9938 1
6001 9805 2
6001 9906 2
6008 8885 1
6008 9575 1
6008 9903 1
6008 9615 2
6008 8602 1
6008 9310 1
6008 9337 1
6013 9758 2
6013 9994 1
6039 8699 5
6039 9078 2
6053 9659 1
6065 9070 2
6065 8826 1
6065 9871 15
6085 9332 1
6085 9685 1
6085 8757 1
6085 8753 1
6085 8636 1
6085 8979 1
6085 9267 13
6085 9495 1
6098 9417 1
6098 8677 4
6137 8974 2
6137 8558 7
6137 9157 1
6137 9421 2
6149 9372 1
6175 9167 1
6175 8711 4
6180 9030 1
6180 9939 2
6181 8545 2
6181 8984 1
6181 9520 3
6181 8816 8
6181 8970 6
6185 9432 1
6185 9685 7
6185 9059 14
6185 9669 1
6185 9950 1
6185 8726 1
6185 8734 3
6190 9825 1
6190 9677 2
6198 9793 3
6198 9200 2
6198 9505 2
6214 9675 1
6214 9793 1
6226 8903 1
6226 9160 1
6226 9620 1
6226 9882 3
6227 8788 1
6227 9474 2
6227 8542 11
6227 9090 1
6227 8564 1
6227 8736 7
6227 9373 1
6227 9832 5
6239 9356 1
6239 9747 5
6239 9443 1
6239 8788 1
6239 9110 1
6241 9434 9
6241 9966 1
6241 9885 1
6250 9445 1
6250 9764 3
6250 9360 2
6250 8746 1
6250 8906 1
6260 9280 1
6260 9860 1
6266 9737 1
6266 9445 2
6266 9362 1
6266 9409 1
6266 9700 1
6275 9082 1
6275 9573 2
6276 8803 1
6276 9737 1
6276 9765 4
6282 8636 2
6282 9658 1
6282 9268 2
6297 9935 1
6297 9580 4
6297 9726 1
6297 9777 1
6297 9818 1
6297 9494 1
6300 8620 1
6300 8912 1
6300 9101 1
6300 9365 4
6300 9869 2
6311 8940 7
6311 9937 3
6315 9004 1
6315 9167 1
6315 8998 1
6315 9247 1
6315 9426 1
6315 8999 35
6315 9335 2
6315 9662 1
6315 9680 1
6322 8786 200
6322 8859 6
6322 8646 1
6322 9406 1
6322 9979 4
6352 9562 2
6352 9875 4
6352 9939 2
6352 8842 1
6352 8845 2
6352 9105 1
6357 9648 1
6357 9299 7
6357 9440 1
6357 9137 3
6367 9881 1
6367 8864 4
6367 8860 1
6367 8948 3
6389 8685 1
6389 9295 6
6389 9350 1
6391 8726 1
6391 8581 1
6391 9198 1
6408 8617 1
6408 9159 1
6408 9971 1
6409 9838 1
6409 8733 1
6409 9502 2
6409 9877 1
6409 8742 1
6409 9736 2
6424 9053 2
6424 9137 3
6424 8567 15
6424 9767 9
6424 8613 1
6437 9047 2
6437 9030 1
6437 9362 6
6437 9524 1
6437 9825 1
6441 9695 1
6441 8709 1
6441 8794 4
6441 9182 1
6441 9443 1
6449 9478 1
6449 9088 1
6500 9057 1
6500 9971 1
6529 9144 5
6529 9220 11
6529 8715 1
6529 9603 2
6568 9007 7
6568 8585 3
6568 9512 1
6599 9076 1
6599 8905 3
6599 9252 1
6611 8615 1
6611 8847 1
6611 9928 1
6611 8648 2
6611 9227 1
6611 9007 1
6618 9960 12
6618 9114 1
6618 9826 1
6648 9945 1
6648 8709 1
6648 9983 5
6651 9786 2
6651 8546 2
6651 9642 1
6664 9076 34
6672 8722 1
6676 9772 1
6681 9765 1
6681 9602 1
6681 9858 1
6681 8817 1
6681 9320 1
6681 9542 1
6681 9593 4
6690 9330 2
6690 9318 1
6692 9263 3
6712 9466 1
6712 9312 1
6712 9416 1
6712 9400 2
6712 9419 1
6715 9380 1
6715 8978 1
6715 9570 1
6723 9657 5
6723 9848 1
6723 9523 1
6723 9225 2
6723 9853 1
6725 9503 5
6725 8930 1
6725 9948 2
6738 8559 1
6738 8862 1
6738 9881 7
6739 9435 1
6739 9562 1
6739 8933 1
6739 8713 1
6739 9364 1
6739 9433 1
6739 9769 1
6739 8810 1
6740 9228 4
6740 9642 23
6740 8919 2
6740 9100 1
6740 9434 1
6740 9504 5
6740 9643 1
6783 9044 3
6783 9402 1
6783 9458 1
6783 9706 5
6783 9978 1
6784 9586 6
6784 9890 5
6784 9947 1
6784 8668 2
6784 9257 1
6784 9747 1
6784 8643 8
6784 8893 1
6784 9259 1
6788 9187 15
6788 9962 2
6801 9675 1
6801 9395 1
6801 8754 6
6801 9938 1
6811 9190 1
6811 8655 2
6814 9942 76
6814 9165 1
6851 9345 2
6851 9918 1
6857 9661 1
6857 9013 90
6857 8893 11
6904 8698 1
6904 9099 2
6904 8854 1
6904 9914 1
6904 9193 1
6910 9042 6
6919 8899 1
6924 9113 1
6924 9121 1
6925 8840 1
6925 9368 1
6925 9476 1
6925 9605 1
6925 8613 101
6935 8585 1
6935 8660 22
6935 9461 2
6946 9114 1
6946 9538 1
6946 9242 1
6971 9850 5
6971 8924 3
6971 9756 1
6971 8841 1
6972 9050 1
6972 9450 2
6977 9333 1
6977 9765 1
6977 8719 1
6977 8632 2
6983 8812 2
6983 9550 1
6986 9878 17
6986 9130 3
6986 9223 2
6986 9821 1
6986 8591 7
6986 8574 1
6998 8954 8
6998 8765 18
6998 8786 1
7007 9327 1
7007 8868 1
7007 8966 3
7007 9470 1
7007 8825 1
7007 9202 1
7007 9294 4
7011 9402 4
7011 9293 1
7011 9973 1
7019 9231 1
7019 9075 4
7032 9160 1
7032 8908 3
7032 9255 3
7038 9897 6
7038 9424 1
7043 9260 7
7043 8983 1
7043 9285 2
7043 9354 1
7043 9655 1
7060 9869 1
7060 9650 1
7060 9167 4
7060 9511 3
7060 8748 2
7079 9223 1
7079 9158 2
7106 9330 1
7106 9669 1
7106 9677 23
7106 9740 1
7106 8544 4
7106 9769 1
7106 9535 1
7125 8845 1
7125 9698 1
7140 9871 1
7142 8564 4
7142 9629 3
7142 9386 8
7142 9049 1
7142 9332 1
7142 9367 2
7142 8704 13
7142 8816 2
7142 9197 1
7142 9722 1
7158 9639 1
7158 9027 4
7180 9159 2
7180 9681 5
7180 9978 1
7180 8670 1
7180 9710 5
7182 9615 1
7182 8569 2
7182 8718 1
7182 9790 1
7182 9997 1
7188 8716 6
7188 9158 5
7188 9494 1
7189 9179 1
7189 9412 1
7198 8981 1
7198 9786 1
7198 8587 6
7198 9079 1
7204 9043 2
7204 8901 1
7204 9218 1
7204 9829 1
7208 9725 1
7208 9382 1
7211 9015 1
7211 9078 2
7211 9803 3
7211 9304 5
7259 9100 1
7259 9080 5
7265 8618 2
7265 9740 2
7268 9027 1
7268 9194 1
7268 9526 13
7268 9015 1
7268 9208 1
7269 9608 2
7280 8817 2
7280 8856 1
7280 9587 1
7280 8896 1
7280 9934 1
7288 8893 105
7288 9286 2
7288 8628 1
7288 9414 1
7288 9151 1
7288 8859 2
7288 9668 1
7289 9773 8
7289 9329 3
7291 9274 1
7295 9027 8
7304 9231 1
7304 9650 1
7304 9744 1
7304 9765 1
7304 9032 2
7304 9357 2
7304 8538 1
7304 9842 5
7311 8841 1
7311 9380 6
7311 9594 1
7311 9983 1
7311 9398 1
7311 9625 1
7311 9274 3
7318 9057 2
7318 9291 4
7318 9101 1
7318 9271 1
7325 9348 1
7325 9281 5
7354 9342 1
7354 9479 1
7408 9557 1
7408 8724 1
7420 8713 3
7420 9775 1
7420 9602 1
7433 8556 1
7436 9107 4
7436 9141 1
7436 9439 1
7458 9429 1
7458 8687 1
7491 9481 1
7491 9059 7
7500 8616 3
7500 9670 16
7500 9908 1
7500 8654 1
7500 9667 1
7514 9764 2
7514 9041 9
7514 9052 3
7514 9681 6
7514 9538 16
7514 9570 2
7514 9746 1
7514 9908 3
7529 9265 1
7529 9716 10
7529 8859 8
7529 8589 1
7529 8704 3
7529 9034 2
7529 9198 1
7548 9635 1
7548 9515 1
7548 8958 1
7548 9021 1
7548 9594 1
7564 9364 1
7564 9061 2
7564 9511 1
7564 9638 1
7564 9671 15
7564 9193 1
7564 9416 1
7564 9955 1
7567 9587 1
7567 9744 1
7567 9314 1
7567 9414 1
7567 8970 1
7567 9583 2
7567 9783 11
7567 9131 9
7567 9550 1
7567 8999 5
7567 9410 1
7569 9583 1
7581 9653 36
7581 9602 4
7600 9819 3
7600 9187 1
7610 9100 1
7610 9421 1
7624 9220 6
7624 9050 1
7653 8617 4
7653 8854 1
7664 9726 1
7664 8954 1
7664 8732 1
7664 9166 1
7664 8898 1
7664 9001 1
7664 9561 2
7680 9414 1
7680 9014 1
7680 9466 1
7680 9464 3
7680 9266 17
7680 8567 4
7680 9216 2
7698 8147 1
7698 9358 1
7707 8745 1
7707 9310 2
7707 9409 10
7707 9914 1
7707 8940 3
7707 9256 2
7722 9733 1
7722 9104 2
7740 8720 3
7753 9416 2
7753 8738 1
7753 9256 1
7753 9974 1
7755 9606 9
7755 8713 5
7756 9836 4
7756 9594 6
7756 9827 2
7758 9911 2
7758 9964 4
7763 9786 15
7763 8555 3
7763 9441 3
7763 8654 1
7763 9034 1
7763 9057 1
7767 9955 3
7767 9264 1
7768 8817 1
7768 9954 1
7769 8711 8
7769 8749 2
7769 9764 1
7769 8696 1
7769 8916 1
7769 9508 1
7776 9622 1
7776 8835 3
7788 8934 1
7788 9414 3
7788 8718 1
7788 9409 1
7788 9465 1
7788 8646 1
7788 9041 2
7788 9657 4
7797 9392 15
7797 8546 1
7797 9311 3
7797 9496 1
7802 9083 2
7802 8795 3
7802 9931 2
7802 9950 2
7805 9454 3
7805 9054 2
7805 8696 4
7810 9074 2
7810 9861 1
7810 9876 1
7812 8804 3
7812 8792 1
7812 9051 1
7812 9720 1
7812 9065 1
7812 8637 1
7812 8743 1
7828 9617 1
7828 9298 3
7828 9789 32
7828 9910 1
7828 8637 1
7828 8772 1
7828 9632 2
7828 8540 1
7861 9009 2
7861 9361 3
7861 8738 1
7861 9833 1
7861 9918 3
7889 8593 2
7889 8682 1
7889 9595 2
7889 9666 1
7889 8781 3
7907 9857 1
7907 9970 1
7908 9264 1
7908 9013 1
7908 9632 2
7908 9869 1
7910 9314 2
7920 9392 4
7920 9708 1
7945 9865 2
7945 9227 1
7945 9703 1
7945 9818 1
7955 9457 1
7955 9836 1
7955 9074 1
7955 9229 1
7955 9840 6
7966 9478 2
7966 9664 1
7966 9259 1
7966 8961 2
7966 9135 1
7975 8756 3
7975 8679 1
7975 8550 1
7975 9793 1
7975 9179 2
7975 8607 1
7981 9152 1
7981 9827 1
7981 9519 1
7981 9708 2
7981 9818 1
7981 9462 1
7981 9944 1
7984 9955 14
7984 9572 1
8025 8562 1
8025 9648 2
8027 8665 1
8027 8982 3
8027 8907 1
8027 8933 1
8035 9362 1
8035 9196 15
8035 9144 1
8035 9969 1
8035 9469 2
8035 9857 1
8037 9174 1
8037 8901 1
8039 9301 1
8039 8892 1
8039 8995 4
8039 9443 1
8039 9355 10
8039 9658 9
8047 8767 8
8047 9454 25
8052 9494 2
8052 9711 4
8052 9631 1
8052 8845 6
8053 9942 1
8053 8594 1
8053 9451 1
8060 9717 3
8060 9808 1
8060 9344 1
8060 8966 4
8095 9448 1
8095 9737 1
8095 9963 2
8125 9295 3
8125 9711 26
8125 9444 1
8125 8574 1
8125 9418 23
8125 9100 1
8125 8567 1
8125 9548 1
8125 8651 1
8147 8703 8
8147 9103 1
8147 9194 1
8147 8800 1
8147 8674 1
8147 9055 1
8154 9441 3
8154 9351 4
8154 9446 1
8154 9099 1
8158 9558 1
8158 8697 1
8158 8871 1
8158 9156 1
8158 9457 2
8176 8730 3
8182 9078 1
8182 8977 2
8182 9580 1
8182 9932 1
8188 9900 6
8188 9380 1
8188 9903 1
8188 9312 2
8236 9686 1
8236 9773 2
8249 9379 5
8255 8556 1
8263 8733 1
8263 9194 1
8263 9287 1
8263 9444 1
8272 9033 1
8272 9664 2
8291 9088 6
8291 9163 2
8295 9479 2
8295 8983 1
8295 9700 2
8295 9716 1
8295 9730 1
8295 9967 3
8318 9344 1
8318 8919 2
8318 8614 1
8318 9172 1
8318 8785 1
8318 9162 1
8318 9575 2
8327 9351 1
8327 9221 1
8334 8981 2
8334 9408 2
8334 8650 1
8341 8745 3
8341 8992 1
8341 9262 1
8341 9368 1
8347 8711 1
8347 8907 1
8347 9542 6
8347 9242 1
8347 9885 1
8347 8887 1
8347 9877 3
8357 9935 1
8357 9059 1
8357 9603 2
8357 9768 1
8360 9911 1
8360 8899 1
8360 9131 3
8360 9644 1
8360 8822 2
8360 9004 2
8360 9572 4
8360 8565 1
8360 9179 1
8364 9953 1
8364 9660 2
8371 9838 1
8371 9970 1
8371 9196 1
8371 9539 1
8371 9977 1
8371 9219 10
8373 9046 14
8387 9318 2
8387 9740 3
8387 8810 1
8387 9897 1
8387 9804 1
8387 9022 4
8390 9540 1
8390 8668 2
8396 9720 9
8410 9080 1
8410 9568 1
8410 9620 1
8410 9070 2
8410 9286 1
8410 9875 1
8416 9814 1
8416 9246 1
8437 9305 1
8448 9006 1
8448 9398 2
8449 9189 1
8452 8930 2
8452 9059 2
8452 9115 1
8452 9335 1
8452 9882 1
8452 9839 1
8452 9199 11
8454 9020 1
8461 8569 7
8461 9801 4
8461 8642 56
8466 9421 2
8466 9685 1
8466 9746 1
8466 8926 1
8466 8964 1
8473 9595 31
8473 8942 2
8473 9106 1
8477 9560 1
8477 9173 2
8477 8833 1
8477 9495 1
8477 8733 4
8477 9841 2
8493 9439 3
8493 9327 1
8493 9135 7
8493 8942 3
8493 9508 1
8496 9099 1
8496 9711 1
8496 9419 1
8496 8586 1
8496 9873 1
8534 9384 1
8534 8589 2
8534 9559 1
8534 9853 1
8534 9291 6
8534 9552 4
8537 9254 1
8538 8806 1
8541 8735 1
8542 8922 6
8542 9399 5
8542 8910 3
8543 9028 24
8544 8875 1
8547 8821 1
8547 8664 10
8547 8627 2
8548 8832 1
8548 8902 1
8549 8766 1
8551 8957 1
8551 9048 3
8555 8644 1
8555 9528 2
8557 9282 1
8557 9175 1
8558 8560 1
8559 8849 1
8560 9409 3
8560 9427 2
8562 8691 45
8562 9375 1
8562 9254 1
8563 8624 3
8563 8818 10
8564 8993 1
8564 8802 5
8565 8774 2
8566 8692 4
8566 8880 1
8568 9424 1
8568 8864 1
8568 9088 1
8568 9361 4
8569 8972 1
8570 9372 1
8571 9593 44
8571 9378 1
8573 9596 4
8576 9515 1
8576 9187 1
8576 9649 2
8576 9769 1
8577 8766 1
8578 9561 2
8578 8822 1
8578 9178 1
8578 9837 1
8580 9146 13
8580 8590 27
8580 9109 1
8582 8678 1
8582 9858 1
8582 9603 2
8583 9971 1
8583 9767 4
8585 9048 1
8586 8690 2
8587 8664 3
8587 9023 10
8588 9963 1
8588 9538 5
8588 9518 1
8588 9823 1
8588 9753 3
8589 8855 1
8591 8941 5
8592 9050 1
8592 9126 1
8592 9785 1
8592 9903 1
8595 9472 1
8596 9752 8
8596 8944 1
8597 8808 1
8598 9083 2
8598 9228 2
8599 9103 1
8599 8918 4
8600 9697 3
8600 9017 1
8600 9464 1
8600 9588 1
8601 9027 1
8602 8751 3
8603 9190 17
8603 9302 1
8603 9321 1
8603 9538 1
8603 9299 2
8603 9565 1
8604 8662 1
8605 8688 1
8605 9035 7
8605 9429 2
8605 9764 17
8605 8675 1
8605 9949 44
8605 9301 4
8606 9454 5
8606 8858 7
8606 9144 9
8606 9511 2
8606 9592 2
8608 9864 1
8608 8683 1
8608 9418 9
8608 9539 2
8609 8845 1
8609 8982 1
8610 8676 1
8610 9246 1
8610 9382 12
8610 9219 1
8611 9759 1
8612 9648 2
8612 9481 2
8613 8876 2
8615 9528 1
8615 8727 1
8617 8731 1
8617 9176 1
8619 9310 1
8619 9127 1
8619 9198 5
8619 9894 1
8620 9087 1
8620 9692 4
8621 8624 1
8621 8778 28
8622 9870 1
8623 9293 1
8623 9084 2
8623 9314 6
8623 8708 2
8624 9758 2
8624 9099 1
8624 9821 1
8626 9232 1
8626 8934 1
8627 9949 4
8627 8847 2
8627 9775 1
8628 9008 14
8628 8783 1
8629 9228 7
8629 9304 1
8630 9703 1
8630 8942 1
8630 8929 5
8630 9451 1
8630 9644 1
8631 8845 7
8631 9485 3
8631 9116 1
8631 9637 2
8632 8669 1
8633 9517 2
8634 9107 1
8634 9558 1
8634 9605 2
8638 9356 2
8638 9591 1
8638 8869 1
8638 9587 1
8638 9906 2
8638 9282 2
8639 9803 2
8639 9687 2
8640 8691 1
8641 9755 1
8641 9394 1
8643 9005 2
8644 8653 2
8644 8685 20
8644 9353 4
8644 9618 3
8644 8952 200
8645 9238 2
8645 8871 3
8645 9488 1
8645 9842 1
8645 9999 2
8647 9053 1
8647 9607 9
8647 8924 3
8647 9185 1
8647 9514 4
8648 8752 4
8650 8740 1
8651 8873 1
8653 9000 1
8654 8850 1
8655 8832 1
8656 9063 2
8656 9582 3
8657 9383 24
8657 9968 1
8658 9177 1
8659 8900 1
8659 8725 1
8661 9011 1
8662 9312 10
8662 9635 1
8662 9963 2
8662 9016 8
8662 9620 7
8662 9054 1
8662 9414 2
8663 8873 1
8663 8851 1
8663 8935 2
8663 9045 37
8664 9932 1
8664 9411 1
8664 9221 2
8664 9479 1
8664 9952 1
8667 9632 1
8667 9367 1
8669 9808 2
8669 9650 1
8670 8915 1
8672 9176 160
8674 8735 1
8677 8790 1
8678 8721 2
8679 9254 1
8680 8702 4
8681 8806 3
8682 9692 1
8683 8855 1
8683 9038 3
8684 8832 1
8689 9537 1
8690 8899 1
8690 9991 1
8690 9657 1
8690 9052 2
8690 9689 1
8691 9924 1
8691 8908 1
8691 9552 1
8692 9134 1
8692 9365 1
8692 9847 2
8693 9000 1
8694 9747 3
8694 8701 2
8694 9672 1
8695 9152 1
8695 9344 5
8695 9492 2
8695 9006 6
8702 9727 200
8702 9227 1
8702 9302 1
8702 9034 1
8702 9146 3
8702 9294 1
8702 9401 6
8702 9588 1
8702 9823 1
8702 9737 1
8703 9000 1
8705 9284 3
8705 9919 1
8707 9789 1
8709 9936 1
8709 9507 6
8710 9228 7
8710 8765 2
8710 9398 1
8712 9934 1
8712 9779 5
8714 9527 67
8717 8988 1
8722 8824 1
8723 9323 1
8723 9630 1
8723 9937 1
8725 9697 15
8725 9127 1
8725 9577 2
8727 9950 11
8727 9382 1
8727 9353 6
8730 8969 7
8731 8812 1
8731 9427 3
8731 9037 1
8734 8902 1
8735 9637 8
8737 9682 1
8740 9026 2
8740 9576 1
8740 9821 1
8744 8766 3
8746 8752 1
8746 9003 2
8747 9708 28
8747 9246 3
8748 8813 1
8750 9306 3
8751 8756 17
8751 9190 8
8751 9358 7
8751 9844 2
8752 8870 14
8753 8813 1
8754 9916 14
8755 8887 1
8755 9586 3
8757 8821 1
8759 9830 78
8759 9200 1
8759 8768 1
8759 9526 6
8761 9190 1
8761 9872 1
8762 9648 1
8762 9983 1
8762 8805 1
8763 8827 1
8764 9621 2
8764 9020 1
8766 9896 1
8766 9320 1
8766 9242 4
8766 8924 1
8766 9110 2
8769 9523 1
8769 9735 9
8771 8922 2
8771 8956 1
8771 9692 10
8772 9056 2
8773 8897 2
8773 9919 1
8774 9350 2
8777 9684 1
8778 9912 1
8778 9595 1
8778 9474 1
8778 9955 58
8778 9516 1
8778 9811 1
8779 8969 1
8779 8975 2
8781 8941 1
8783 9263 2
8783 9446 4
8783 9772 1
8784 8835 14
8787 9286 1
8787 9669 2
8787 9622 1
8787 9680 1
8787 8940 1
8787 9687 1
8787 9511 3
8787 9513 1
8788 8821 7
8790 9708 1
8790 8864 1
8790 9139 1
8790 8905 5
8790 9101 1
8790 9224 2
8790 9419 1
8790 8809 1
8790 9448 1
8791 9813 5
8791 9116 1
8791 8913 1
8791 9374 1
8791 9731 1
8792 8949 1
8796 9896 2
8796 9403 2
8797 9751 1
8797 9954 1
8798 9769 1
8798 9641 1
8798 9686 1
8801 8959 22
8801 9375 3
8802 9009 1
8802 8835 1
8806 8861 1
8806 9719 32
8807 8988 2
8808 9052 8
8808 9122 1
8808 9445 1
8808 9093 2
8811 8880 1
8813 9228 5
8813 8905 1
8813 9269 1
8813 9286 4
8813 9305 155
8813 9320 1
8813 9390 3
8813 9764 1
8814 9470 1
8814 9613 2
8815 9694 4
8817 8823 1
8818 9823 1
8818 9582 124
8818 9837 1
8818 8840 1
8818 9073 2
8818 9125 31
8818 9333 2
8819 9346 1
8819 8939 2
8821 9478 2
8821 9811 4
8821 9751 4
8823 9708 6
8823 9722 3
8824 9403 2
8824 9130 6
8824 9233 1
8826 9045 1
8826 9564 1
8827 9403 14
8827 9280 2
8827 9316 2
8827 9953 1
8829 8994 2
8832 9890 1
8832 9947 1
8835 9528 2
8836 8971 1
8836 9373 3
8836 9623 1
8838 9969 1
8838 9099 13
8838 9207 1
8838 9957 1
8843 9087 10
8844 9543 3
8849 9682 2
8849 9322 29
8849 9593 1
8849 9021 1
8850 9408 1
8850 9665 2
8851 9064 3
8851 9214 1
8852 9618 1
8852 8996 1
8852 9592 2
8852 9685 3
8855 9222 4
8857 9129 2
8857 9263 1
8857 9546 1
8858 9388 1
8858 9251 2
8861 8951 4
8862 9119 1
8863 8912 1
8863 9696 10
8864 9919 1
8864 8988 1
8865 8981 1
8865 9137 1
8865 9146 1
8865 9423 1
8865 9654 1
8867 9961 1
8873 9013 1
8873 9378 3
8873 9444 3
8873 9689 1
8873 9838 1
8875 9380 1
8875 9421 10
8875 9650 3
8875 9643 2
8875 8992 1
8875 9321 1
8875 9492 1
8875 9770 1
8877 9506 2
8877 8987 2
8878 9081 1
8879 9870 1
8880 9043 1
8880 9001 1
8880 9594 1
8880 9791 1
8880 9314 1
8881 9790 1
8882 9759 1
8882 9797 2
8883 9429 2
8884 9885 4
8884 9065 2
8884 9223 11
8885 9694 9
8887 8967 4
8888 9223 3
8888 9613 3
8888 9856 1
8889 9635 4
8889 9421 6
8890 9871 1
8890 9909 1
8891 9087 1
8891 8972 1
8892 8911 2
8894 9435 1
8894 9047 1
8894 9949 1
8895 9133 4
8895 9238 2
8897 8995 1
8897 9551 2
8897 9882 2
8897 9207 1
8902 9908 1
8903 8922 1
8904 9999 3
8904 9166 1
8904 9570 1
8904 9118 2
8904 9557 1
8904 9808 1
8904 9383 3
8904 9407 2
8904 9874 2
8906 9759 1
8909 9846 2
8909 9026 3
8909 9607 1
8910 9560 1
8911 9662 1
8911 9883 1
8911 8920 5
8911 9014 1
8911 9756 1
8913 9528 1
8913 8959 1
8915 9075 1
8915 8948 1
8915 9485 1
8915 9576 1
8917 9916 1
8921 9733 1
8921 9862 2
8921 9328 3
8922 9033 2
8922 9352 9
8922 9356 2
8922 9940 1
8923 9289 1
8923 9380 9
8923 9828 3
8925 8945 1
8925 9233 1
8925 9572 8
8925 9118 4
8925 9662 2
8925 9516 2
8927 9371 2
8928 9607 1
8935 9698 2
8935 8973 1
8936 9000 1
8937 9624 4
8937 9900 6
8937 9962 1
8937 9742 2
8937 9280 1
8938 9168 1
8939 9833 2
8939 9493 1
8939 9220 2
8941 9020 1
8941 9890 1
8941 9719 3
8941 9245 1
8943 9523 1
8943 9535 3
8944 9297 3
8944 9960 1
8945 9509 1
8946 9746 4
8949 9297 22
8949 9968 1
8949 9969 1
8950 8989 5
8950 9346 1
8951 9139 1
8951 9248 16
8953 9689 1
8953 9661 1
8956 9546 1
8956 9844 1
8956 9287 1
8956 9418 1
8956 9457 1
8956 9233 1
8956 9664 1
8957 9218 1
8957 9680 1
8959 9639 1
8959 9705 1
8959 9093 1
8959 9360 1
8960 9301 1
8960 9147 6
8960 9831 1
8960 9131 1
8962 9533 1
8963 9279 3
8965 9035 13
8965 9199 4
8967 9072 1
8967 9095 1
8968 9674 1
8968 9649 2
8968 9675 1
8968 9962 1
8969 9001 1
8969 9367 9
8969 9856 5
8969 9954 1
8969 9010 8
8969 9390 4
8972 9412 2
8975 9676 3
8975 8998 1
8976 9160 3
8976 9910 1
8980 9829 1
8981 9279 1
8981 8989 1
8984 9039 1
8987 9412 1
8988 9342 65
8988 9668 1
8988 9364 2
8988 9208 9
8988 9717 1
8989 9717 1
8989 9579 2
8989 9955 1
8989 9605 1
8990 9259 2
8991 9087 33
8993 9895 13
8993 9224 1
8993 9776 8
8994 9970 1
8994 9248 1
8994 9458 4
8997 9361 1
8997 9081 1
8997 9883 1
8997 9974 1
9000 9962 1
9000 9979 1
9000 9453 1
9000 9485 1
9000 9172 2
9000 9804 1
9001 9087 1
9002 9119 1
9003 9398 3
9003 9269 1
9003 9437 1
9005 9076 6
9005 9948 3
9008 9207 4
9008 9755 1
9008 9796 1
9011 9157 6
9011 9476 1
9018 9510 1
9018 9813 5
9018 9114 3
9018 9542 3
9023 9335 3
9023 9863 15
9038 9944 1
9038 9612 4
9039 9057 3
9039 9542 1
9039 9423 1
9040 9756 1
9045 9378 2
9047 9275 1
9048 9817 1
9056 9159 2
9056 9299 1
9056 9348 1
9056 9559 3
9056 9583 1
9060 9779 1
9060 9996 4
9060 9466 1
9061 9797 2
9063 9564 1
9069 9981 1
9071 9694 1
9078 9797 1
9079 9554 1
9080 9919 1
9087 9274 1
9087 9374 5
9087 9865 3
9087 9983 1
9087 9128 1
9087 9442 1
9089 9120 1
9103 9543 1
9106 9981 1
9107 9916 1
9113 9759 3
9118 9596 1
9119 9967 1
9122 9916 2
9125 9279 1
9137 9936 1
9143 9684 1
9156 9254 5
9163 9371 200
9168 9722 25
9168 9304 2
9169 9797 3
9170 9226 1
9176 9237 1
9187 9692 1
9191 9861 2
9191 9488 1
9191 9966 1
9192 9974 1
9196 9961 1
9202 9554 8
9209 9694 1
9221 9619 2
9248 9759 10
9251 9882 1
9254 9768 1
9254 9387 8
9254 9690 1
9257 9346 3
9259 9279 1
9261 9381 4
9262 9759 2
9270 9752 1
9274 9279 2
9279 9665 1
9279 9325 1
9279 9378 1
9279 9839 1
9283 9916 1
9284 9328 2
9284 9723 2
9284 9626 1
9284 9465 1
9288 9361 1
9293 9371 1
9306 9573 3
9309 9694 6
9311 9564 4
9323 9981 1
9328 9527 1
9338 9820 1
9340 9712 2
9346 9861 5
9352 9759 3
9361 9543 1
9364 9564 28
9379 9528 1
9388 9518 2
9388 9580 1
9388 9460 1
9388 9640 1
9388 9935 1
9399 9440 1
9410 9564 1
9417 9759 1
9426 9936 1
9426 9820 1
9435 9752 1
9445 9596 1
9446 9916 3
9448 9936 1
9453 9752 1
9458 9528 1
9460 9759 1
9465 9564 2
9476 9981 1
9481 9596 2
9500 9859 1
9507 9861 2
9507 9888 1
9509 9900 1
9513 9692 1
9526 9528 1
9527 9548 1
9527 9689 3
9527 9853 1
9527 9742 47
9528 9723 2
9528 9847 1
9528 9858 1
9542 9916 7
9554 9730 24
9554 9845 35
9554 9823 1
9564 9805 3
9564 9665 1
9564 9953 1
9564 9744 1
9570 9619 1
9596 9617 1
9617 9981 1
9636 9651 1
9641 9916 1
9692 9908 12
9696 9759 1
9698 9797 3
9723 9925 1
9734 9899 1
9741 9822 1
9752 9911 1
9759 9776 2
9761 9919 1
9766 9886 1
9797 9845 2
9807 9946 2
9919 9930 91
9929 9974 3
