25 9125 2
25 9677 1
25 9249 1
31 9279 1
36 9310 1
36 9524 2
36 9559 1
36 9817 3
36 9486 2
36 9297 1
48 8931 1
48 9112 1
48 9513 1
48 9519 1
48 9533 4
50 8808 1
50 9761 1
73 9569 4
73 8844 1
79 8796 1
79 8904 2
79 9676 5
79 9562 1
79 9808 1
92 8632 1
92 9042 1
92 9425 15
92 9241 1
108 9016 2
108 9423 1
113 9300 1
113 9609 1
113 8584 1
113 9446 1
116 9026 1
116 9708 1
116 9813 4
116 8577 1
117 8785 1
117 8864 2
117 8775 6
117 8582 3
117 9183 4
117 9675 1
117 8770 4
117 9461 1
117 9805 2
131 9868 16
131 8854 1
131 9658 5
143 9676 7
143 9859 1
143 8626 1
143 9359 1
143 8869 1
144 9001 1
144 9300 1
144 9798 1
144 8705 1
144 9371 1
158 8789 4
158 9344 1
158 9839 1
158 9449 1
158 9692 1
158 8735 42
158 9345 6
158 9651 2
163 8857 1
163 8742 3
163 9619 1
177 9292 12
190 9689 1
190 9796 1
197 9754 1
197 8863 4
199 9886 1
199 8750 200
199 8664 1
199 9554 4
199 9766 1
199 9012 1
221 9983 1
221 8742 5
221 9232 1
229 8732 1
229 8615 2
229 9138 1
252 9331 1
252 9339 8
252 9802 7
252 9365 1
256 8824 1
256 9972 1
256 8920 1
261 9291 1
261 8935 1
261 9105 2
261 9972 1
272 9635 1
272 9766 1
272 9986 1
272 9813 1
272 8577 1
272 9448 3
272 9081 2
274 9740 5
274 9591 8
274 9389 1
276 9116 3
276 9223 17
276 9626 4
276 9390 1
276 9851 1
276 9096 6
276 9136 2
276 8588 1
276 9695 1
276 9732 1
278 9163 1
278 9242 1
298 8721 4
298 8726 1
298 8695 1
298 9831 2
298 9601 3
298 9000 1
298 8926 4
298 8782 2
298 9416 1
298 9453 2
299 9118 3
299 9416 3
299 8950 12
299 9678 1
299 9785 1
299 8672 2
299 9432 1
299 9739 1
306 9494 1
306 9055 1
306 9555 1
322 9177 23
322 9880 1
322 9127 1
334 9417 2
334 9490 1
334 8881 1
334 8951 2
334 9060 1
369 8687 1
369 9282 37
369 9459 4
369 8630 1
371 8845 1
371 9207 4
371 9497 1
377 9302 1
377 8839 1
386 8955 2
386 9112 1
386 9504 2
386 9474 1
386 8686 1
386 9915 3
389 9213 1
389 8682 7
389 9518 3
389 8584 1
389 9029 1
389 9603 1
389 8581 1
389 9286 2
405 9979 6
405 8672 1
405 8776 1
405 9197 2
405 8894 1
405 9398 2
433 8700 1
433 9885 1
445 9703 1
445 8628 1
445 8922 1
449 9436 1
449 9427 2
449 9680 1
449 9565 1
449 9991 1
449 8737 1
449 9902 1
463 9815 1
463 8661 1
464 8951 2
464 9508 1
464 8931 4
464 9737 5
464 9753 9
470 9719 1
470 9430 2
470 9597 1
470 9792 1
470 8607 1
470 8639 2
470 8945 2
470 9184 2
474 9569 2
474 9576 5
486 9835 3
486 9612 1
486 9876 116
486 8869 1
486 9263 1
530 8829 1
530 9179 1
542 9000 1
542 9205 2
542 9873 1
542 8616 1
542 9114 1
542 9834 2
548 9569 1
548 9900 2
548 9223 1
548 9000 1
558 8828 1
574 9506 1
574 8808 1
574 9692 1
574 9945 2
576 8951 1
576 9796 1
576 8623 1
576 9016 1
583 8582 3
583 9471 1
583 9626 1
583 9740 3
583 9417 2
591 9892 38
591 8883 2
591 8636 1
600 8688 1
600 9280 1
600 8732 2
600 9075 19
600 9850 1
627 9270 1
627 9713 1
631 9448 1
632 9170 1
632 9235 1
632 9718 1
636 9561 2
636 9034 2
636 9841 1
636 9761 4
636 8574 1
636 9777 2
636 9872 1
636 9876 1
645 9978 1
645 8634 2
645 9468 1
645 8933 1
645 9196 1
645 9816 11
669 8598 1
674 9991 3
674 9490 1
675 9404 1
675 8640 14
675 9664 1
675 8678 2
678 9730 1
678 9312 1
678 9415 1
678 9686 2
703 9146 2
703 9382 1
703 9888 2
703 8573 1
703 9904 1
703 9206 1
703 9854 1
714 9706 1
718 8625 1
718 9228 6
722 9616 3
722 9677 5
727 9870 2
727 9094 1
727 8724 1
727 8949 1
727 9436 3
727 9562 12
727 9963 1
727 8835 1
727 9106 2
727 9985 1
727 9112 2
727 8778 6
727 9974 1
734 9222 1
734 8962 1
734 8661 1
734 9047 2
734 9853 5
734 9293 14
734 9900 1
750 9588 1
750 9299 1
785 9539 2
785 9441 2
785 9002 1
788 8868 2
788 8695 1
794 9176 1
794 8808 1
806 9714 1
806 8604 1
806 9379 1
806 8870 1
806 9184 1
810 9106 1
814 8974 1
814 8677 2
814 8961 13
821 9905 4
821 8902 3
821 9170 1
821 9222 2
821 9255 1
825 9890 1
825 9603 1
825 8838 1
825 8560 4
856 9145 3
856 9257 1
856 9791 3
870 9103 1
870 8937 10
878 8990 1
878 9431 1
878 9640 8
878 8600 1
878 8657 1
878 8672 1
878 9392 1
878 9854 1
878 9881 2
883 9921 4
883 8880 1
883 9187 1
887 9656 1
887 9220 1
887 8874 1
887 8782 1
887 8911 1
887 9669 2
888 8935 8
888 9820 2
911 9476 1
911 9963 2
911 9541 1
911 9020 2
911 9137 1
911 9649 1
912 9951 1
912 9201 2
913 9209 1
913 9746 1
913 8850 1
913 9835 9
918 9374 1
921 8949 1
921 8569 53
933 8872 1
933 9720 1
933 8866 1
933 9499 1
933 9766 2
933 9891 1
947 9535 1
947 8749 3
977 9422 12
977 9508 9
985 9695 1
987 9931 3
987 8735 2
987 8971 12
987 8889 1
987 8990 2
987 9614 2
987 9577 19
992 9533 2
994 9815 1
996 9393 1
996 8639 43
996 9901 2
1003 9890 23
1015 8981 4
1015 9405 1
1015 9412 3
1015 9636 2
1047 9423 1
1047 9596 2
1047 9628 2
1047 9444 1
1047 8710 1
1047 8851 1
1047 8899 1
1058 8857 1
1058 9528 1
1058 9716 4
1058 9718 7
1058 9882 1
1058 9778 1
1058 9911 2
1058 8912 1
1094 9531 1
1094 9664 2
1117 8665 1
1117 8651 2
1117 8832 1
1122 8838 1
1122 9276 7
1124 8955 1
1124 9977 9
1124 9828 1
1126 8989 71
1126 9746 6
1126 9214 1
1126 9735 2
1155 9225 1
1155 9740 77
1155 8882 1
1155 8974 1
1155 9974 1
1155 9377 1
1155 9515 1
1159 8857 3
1159 9547 2
1159 9335 1
1159 9338 1
1159 9957 1
1159 9034 22
1175 9286 1
1175 8679 1
1179 8920 1
1179 8930 1
1179 9392 1
1179 9990 1
1209 9028 5
1209 8871 1
1209 9347 1
1209 8757 2
1211 9042 1
1230 9326 14
1243 9085 4
1243 9409 1
1243 9634 2
1245 9073 4
1245 9450 2
1262 8670 1
1262 9196 5
1262 9303 2
1262 9165 1
1262 9224 1
1262 9573 1
1262 9856 3
1262 9312 1
1273 9513 2
1273 9851 11
1276 9996 1
1276 9194 7
1295 8698 2
1295 9791 2
1295 9931 4
1295 9236 3
1324 9366 1
1324 9995 8
1325 9468 4
1337 9331 1
1337 9224 3
1343 9424 1
1343 9847 1
1343 9851 1
1343 9013 1
1343 9593 1
1343 9950 1
1343 9968 1
1347 9278 2
1348 9589 4
1356 9882 1
1356 9421 1
1356 9348 33
1356 9973 1
1362 9760 1
1362 9631 2
1362 9847 1
1362 9874 1
1362 8715 26
1367 9787 7
1367 9379 2
1367 9481 12
1367 9872 1
1367 9035 1
1367 9860 1
1391 9035 1
1391 9625 2
1393 9421 3
1393 9797 1
1401 9121 4
1408 9230 3
1408 9713 1
1408 9525 1
1408 8564 1
1439 9679 1
1439 8955 69
1441 9700 5
1441 8709 1
1441 8553 4
1452 9134 1
1452 9262 1
1452 8820 1
1454 9049 3
1454 9254 1
1454 9617 2
1454 9825 43
1454 9013 1
1454 9277 2
1454 9346 1
1454 9689 12
1454 9631 7
1454 9659 1
1495 9009 1
1495 8872 1
1495 9216 8
1497 9026 22
1497 9654 1
1497 9340 2
1497 9406 1
1533 9454 7
1533 9338 1
1534 9087 1
1534 8917 1
1534 9933 1
1553 9672 21
1559 9786 7
1559 8791 5
1562 9543 1
1562 9495 3
1589 9635 1
1589 9177 17
1589 9786 1
1589 9062 1
1589 9421 3
1603 9433 2
1603 8621 15
1603 9824 1
1603 8885 1
1603 9314 1
1609 9325 1
1609 8623 2
1609 9207 1
1611 9958 1
1611 9680 1
1611 9017 3
1618 9041 1
1618 9306 1
1630 9880 2
1630 9193 2
1630 9627 1
1630 9516 1
1630 9050 1
1644 9882 1
1644 9137 1
1644 8990 1
1653 9432 3
1653 9058 1
1653 9365 1
1655 8827 1
1655 8654 1
1655 9583 1
1663 8919 1
1663 9532 2
1663 9935 1
1663 9261 1
1663 9764 1
1663 9362 3
1663 9621 1
1666 9523 2
1666 8904 1
1666 9908 1
1666 8820 2
1666 9372 1
1666 9406 2
1666 9210 1
1674 8885 1
1674 9607 1
1674 9843 1
1675 9301 2
1675 9671 1
1677 9273 1
1677 9026 1
1677 8778 7
1677 8859 1
1709 9102 2
1709 9178 1
1713 9221 2
1713 9614 1
1713 9116 1
1713 9148 1
1713 9222 1
1713 9849 3
1751 9773 1
1764 9577 1
1764 9301 3
1764 9986 2
1770 8989 1
1770 9970 1
1770 9862 6
1770 9745 1
1775 9283 3
1775 9874 1
1775 8757 1
1775 9893 1
1781 9157 1
1781 8782 6
1781 8960 1
1781 9186 1
1781 9283 1
1781 9297 1
1791 9231 1
1791 9866 1
1791 8959 1
1791 9108 1
1791 9461 1
1793 9330 1
1793 9656 1
1793 9849 1
1793 9732 1
1793 9069 1
1793 8687 1
1793 9014 2
1794 8707 1
1794 8819 1
1828 9907 25
1828 9058 2
1828 9492 1
1890 9893 1
1890 8942 1
1901 8578 200
1901 9155 12
1901 9684 1
1902 9931 1
1902 9697 1
1929 8927 1
1929 9183 2
1932 8574 1
1932 8825 1
1932 8754 1
1932 9658 1
1932 9684 9
1933 9504 1
1933 9720 18
1933 8989 70
1933 8626 1
1933 9427 3
1940 8693 5
1940 9790 4
1940 9404 2
1940 8866 1
1940 9784 1
1940 8869 1
1940 9910 1
1944 9849 2
1944 9684 3
1944 9009 3
1944 9657 6
1961 9273 1
1961 9381 1
1964 9684 29
1964 8623 1
1964 9038 4
1979 9855 4
1979 9644 1
1979 9787 5
2004 9856 1
2004 9159 1
2004 8827 1
2017 9290 1
2017 8808 1
2017 9338 2
2017 9019 1
2017 9191 2
2017 8681 1
2017 9313 1
2017 9445 2
2043 8665 2
2043 9081 4
2043 9033 1
2043 9603 1
2043 9873 8
2054 9520 1
2054 9296 1
2054 8581 1
2054 9058 1
2059 9968 1
2059 9004 1
2059 9314 3
2059 9976 1
2059 9000 1
2059 9933 1
2059 9506 4
2059 9541 1
2059 9870 1
2059 9916 1
2065 9096 1
2065 9821 1
2065 9978 1
2065 8703 1
2069 9221 1
2069 8584 2
2069 9770 1
2096 9261 1
2096 8781 1
2096 8633 4
2100 9210 1
2100 8688 2
2100 9679 10
2108 8945 1
2108 9364 3
2108 9958 1
2111 9856 1
2111 9082 3
2131 9988 1
2131 8884 1
2131 9241 1
2131 8813 1
2131 9389 1
2131 8755 1
2131 9785 9
2131 9871 1
2131 9899 1
2131 9921 2
2136 9565 1
2136 8958 1
2138 9412 2
2138 9319 1
2139 9087 2
2139 9754 4
2139 9221 1
2139 9888 1
2149 9764 1
2149 9988 1
2149 8553 2
2155 9252 1
2155 8900 1
2155 9229 5
2155 9705 1
2155 9072 1
2201 9508 1
2201 8740 5
2201 8594 1
2201 9632 1
2201 8799 3
2201 9263 1
2201 9831 1
2201 8997 5
2204 9825 1
2204 9169 1
2219 9401 1
2219 9971 1
2219 8845 1
2219 9654 1
2222 9862 1
2222 9461 1
2222 9923 1
2222 9194 5
2222 8628 2
2222 9035 1
2246 9928 1
2249 9869 1
2249 8891 2
2249 9868 3
2263 9888 1
2263 9831 2
2263 9737 1
2263 9560 2
2263 9155 12
2263 8642 1
2263 8785 2
2274 9279 3
2274 8775 3
2274 9409 3
2274 9739 20
2288 9408 1
2288 9743 1
2288 9770 1
2288 9715 1
2288 8726 5
2288 9101 1
2295 9198 1
2295 9205 2
2295 9286 2
2304 9063 1
2304 9039 1
2317 9274 2
2317 9038 1
2347 9577 1
2347 8901 4
2348 9393 1
2354 9968 2
2354 8841 140
2354 9221 4
2354 8799 8
2354 9162 2
2362 9805 1
2405 9965 1
2405 9408 1
2405 8897 2
2405 8927 1
2405 9398 4
2409 9465 5
2409 9835 14
2409 8930 2
2409 9386 1
2409 8640 5
2414 9176 1
2432 8615 2
2432 8861 1
2432 9070 2
2432 8590 3
2452 8974 1
2452 8609 1
2452 8685 64
2452 9157 1
2452 9417 1
2461 9761 1
2461 9495 6
2481 9989 1
2481 9352 1
2481 9405 4
2487 9195 1
2495 9134 2
2506 9456 1
2506 9458 1
2507 8743 2
2507 9913 1
2507 8755 2
2507 9875 1
2507 9606 2
2522 8782 1
2522 9916 1
2522 9446 2
2522 9631 1
2522 8827 1
2522 9377 1
2522 9808 1
2522 9575 1
2527 9885 3
2527 9934 1
2546 9792 1
2556 9968 3
2556 9404 6
2556 9567 6
2556 9760 1
2561 9601 2
2564 9218 7
2607 9842 3
2607 9110 3
2622 8817 4
2622 8790 1
2622 9175 1
2628 9921 1
2628 9939 1
2640 8652 3
2640 9582 3
2640 8564 1
2640 9041 5
2641 9147 2
2641 8908 2
2641 8646 1
2641 9124 2
2641 9485 3
2643 8891 1
2643 9661 13
2647 8627 3
2647 9063 3
2653 9071 84
2653 9608 4
2653 9106 1
2653 9701 1
2653 9893 1
2653 9728 1
2653 9809 1
2656 9096 200
2656 9047 4
2656 9197 1
2656 9196 3
2656 9242 1
2675 8799 1
2701 8635 1
2701 8991 1
2701 9680 1
2701 9935 9
2705 9483 1
2705 8777 4
2705 8989 1
2730 9259 1
2731 9104 1
2746 8739 1
2746 8979 1
2746 9211 5
2746 9548 1
2746 9596 1
2746 8811 2
2746 9057 2
2747 9185 1
2747 8555 2
2747 8838 1
2756 9155 4
2756 9328 1
2756 9525 1
2775 8639 1
2775 9607 52
2783 9415 3
2783 9104 1
2783 9485 1
2792 9075 3
2792 9279 1
2792 9854 1
2792 9915 1
2792 9963 1
2792 8825 1
2792 9197 1
2798 9505 1
2798 8796 3
2798 9220 2
2798 9334 1
2802 9567 19
2802 9947 3
2808 8578 3
2808 9251 1
2808 8796 60
2808 9300 14
2808 9954 2
2813 9525 1
2813 8919 1
2820 9803 2
2820 8743 3
2820 9252 1
2820 8789 9
2820 9013 1
2820 9276 1
2824 9841 4
2825 8829 2
2825 8710 1
2825 9925 1
2825 8722 1
2828 8866 1
2828 9287 2
2837 8973 7
2837 8722 1
2837 9961 2
2837 9965 1
2837 8752 3
2837 9837 1
2850 9881 2
2850 8737 1
2850 9325 1
2850 9656 2
2859 9475 4
2859 9486 1
2859 9157 6
2859 8578 2
2859 9471 1
2859 9118 1
2865 9800 1
2865 9845 1
2865 9184 1
2873 9854 4
2873 8833 1
2873 9619 1
2884 9444 1
2884 8606 1
2884 8625 2
2884 9125 3
2884 9180 1
2888 9632 1
2888 9279 1
2888 8866 1
2888 9403 1
2888 9780 1
2889 8826 2
2889 9101 2
2889 9484 2
2889 9967 1
2889 9569 1
2922 9888 1
2922 9599 1
2926 8832 4
2926 8909 200
2926 9016 6
2926 9911 1
2926 8719 1
2936 9753 3
2939 9768 1
2939 9045 1
2940 8851 52
2940 9219 1
2940 8589 3
2940 9165 4
2943 9390 5
2943 9853 5
2943 9073 1
2958 8646 1
2958 8583 3
2958 9630 1
2972 9179 1
2972 9335 3
2972 9368 1
2972 9505 2
2972 9956 1
2978 9968 2
2978 8886 2
2978 9266 1
2980 9165 1
2985 9393 1
2985 9881 3
2985 9292 1
2985 9314 2
2985 8889 5
2985 9731 1
2985 9862 1
3002 9093 1
3002 8735 1
3002 9348 1
3011 8661 3
3011 9630 1
3024 9304 1
3024 9770 1
3024 9155 2
3024 9160 1
3024 9228 1
3024 8661 2
3024 9110 1
3024 9503 1
3024 8950 3
3026 8978 1
3026 9847 1
3026 9517 1
3026 9474 4
3035 9859 8
3035 9301 1
3035 9625 4
3035 9583 2
3041 8750 1
3041 9758 7
3041 9855 3
3042 9819 5
3042 8796 1
3042 9081 2
3042 9993 1
3042 8578 1
3042 9206 1
3042 9481 1
3042 9787 3
3042 9129 1
3050 9961 1
3050 9770 1
3050 9365 3
3050 9553 1
3050 9701 1
3050 9773 3
3050 9926 1
3050 9964 1
3050 8791 1
3050 9940 2
3059 9613 1
3059 8573 3
3059 9023 4
3059 9698 1
3064 9424 3
3064 9773 1
3091 8835 3
3091 9227 3
3091 9965 1
3097 9363 2
3097 9472 1
3131 9107 1
3131 9596 1
3131 8745 1
3170 9056 3
3170 8653 1
3174 8707 1
3174 9745 3
3174 9021 1
3174 9259 1
3178 9828 2
3178 9094 1
3178 9608 200
3178 9919 1
3195 9576 1
3195 9114 1
3195 9940 3
3197 8951 3
3197 8835 2
3197 9132 1
3197 9689 1
3197 9730 1
3197 8947 12
3200 9134 2
3200 9696 2
3200 8945 11
3212 9511 1
3212 9465 1
3212 9770 1
3212 8919 1
3212 9140 1
3217 9310 3
3217 9966 1
3217 9873 1
3217 9706 1
3223 9116 1
3223 8676 6
3223 9137 1
3223 9389 1
3223 9622 2
3223 8664 1
3235 9326 1
3237 9475 1
3237 8998 1
3266 9505 1
3266 9588 1
3270 9516 1
3271 9511 1
3271 9588 1
3292 8971 1
3292 9063 5
3292 8753 1
3292 8786 1
3292 9168 27
3297 9440 2
3297 8946 1
3297 9333 1
3297 9910 2
3298 9807 4
3305 8911 4
3305 9335 2
3305 9648 1
3305 9899 6
3305 8948 1
3305 9730 4
3310 8817 32
3310 9085 1
3310 9898 1
3314 9877 3
3314 8569 1
3314 8883 28
3314 9760 3
3314 9018 1
3314 9074 20
3314 9525 2
3322 8573 6
3322 8925 1
3322 8660 7
3322 9660 1
3322 8981 2
3334 8868 1
3352 8676 1
3352 8745 8
3352 9819 2
3360 9303 1
3360 9900 1
3360 9220 2
3360 9703 2
3360 8917 1
3360 9691 1
3360 8948 4
3360 9636 5
3382 8943 1
3382 9235 2
3395 9074 1
3395 9775 6
3395 9386 42
3395 8705 2
3395 9582 3
3395 8635 2
3395 9290 2
3402 9935 2
3402 9103 1
3402 9166 4
3406 8974 1
3406 9344 1
3432 8891 3
3432 8971 1
3474 9496 1
3474 9626 1
3493 8857 8
3493 9686 1
3505 9812 1
3505 8851 1
3505 8635 1
3505 8811 2
3505 9742 1
3508 9138 1
3508 9153 1
3508 9610 2
3508 8901 1
3508 9913 2
3508 9038 2
3508 8754 1
3510 8773 1
3510 9146 56
3510 9651 1
3510 9230 1
3510 9816 6
3556 9786 6
3556 9089 2
3559 9110 95
3559 9758 1
3560 9729 1
3560 8588 1
3563 9981 1
3563 8737 2
3563 9076 3
3563 9340 5
3563 9255 1
3578 9214 1
3578 9267 1
3578 9409 1
3597 8861 4
3597 9472 1
3597 9167 1
3597 9195 1
3611 9294 9
3611 8660 9
3611 8962 1
3611 8991 1
3611 9828 5
3611 9916 1
3616 9845 1
3616 9739 3
3616 8742 1
3616 8893 2
3616 8970 1
3616 9742 1
3616 9794 1
3616 8633 2
3616 9679 3
3616 9668 43
3622 9639 1
3622 9102 2
3636 8719 1
3636 8890 1
3636 9092 1
3639 9990 1
3646 9956 1
3646 8817 1
3646 8725 2
3646 9653 1
3667 9715 1
3667 8559 1
3688 9177 57
3688 9878 1
3688 8823 1
3688 9410 1
3688 9304 1
3688 9971 1
3690 9532 1
3690 9864 37
3690 8576 1
3690 9681 1
3692 9997 6
3692 9883 1
3693 9003 1
3693 8560 1
3693 9484 1
3700 9132 7
3700 9866 1
3708 9003 1
3708 9708 1
3708 8825 2
3708 9161 1
3708 9705 2
3708 9146 1
3708 9051 4
3708 8725 1
3708 9049 1
3710 8666 1
3710 9115 2
3710 9302 8
3725 8561 4
3725 9280 1
3727 9820 2
3727 9636 1
3727 9979 1
3776 9996 1
3776 9954 1
3776 8799 1
3786 9001 27
3786 9547 1
3788 8621 6
3788 9325 5
3788 9679 17
3788 9817 7
3813 9846 1
3813 9658 1
3813 9788 1
3813 8861 1
3813 9422 2
3813 9608 1
3813 8709 2
3826 8908 1
3837 9292 1
3848 9278 1
3848 9318 2
3848 8716 1
3848 8781 1
3848 9038 1
3848 9569 2
3848 9640 1
3854 9111 3
3854 8671 2
3854 9882 4
3854 9032 1
3854 9073 1
3854 9355 35
3854 9201 1
3854 9959 1
3859 8844 2
3859 8666 2
3859 9364 2
3859 9654 24
3859 9422 2
3867 8707 7
3867 9794 1
3867 9028 1
3867 9254 1
3891 9780 1
3891 9329 1
3891 9814 8
3891 8685 1
3891 8852 1
3899 9680 1
3899 8579 3
3910 9749 5
3920 9105 1
3920 9667 3
3920 9991 1
3924 9577 3
3924 9092 2
3928 9582 1
3928 9913 1
3928 9952 1
3928 8806 1
3936 9492 1
3953 8569 1
3953 9605 1
3991 9375 1
3991 9631 1
3991 9103 2
3991 9730 1
3991 9970 1
4005 9153 2
4011 8698 1
4011 9431 2
4011 9088 1
4012 9113 1
4020 9777 1
4020 8732 25
4031 9765 6
4031 8883 3
4031 8995 2
4031 9561 1
4032 9352 43
4032 8621 1
4032 9851 4
4038 9979 4
4066 8626 1
4066 9824 1
4066 9996 1
4078 8602 1
4078 9952 4
4078 9176 1
4078 9210 1
4078 9410 1
4133 9147 1
4133 9511 1
4134 9601 1
4134 9024 2
4134 9905 1
4134 9981 1
4134 9814 2
4134 8990 1
4134 9667 1
4134 8837 2
4134 9675 1
4154 8928 1
4154 9771 2
4154 9250 1
4155 9370 1
4155 9991 1
4155 9050 9
4155 8857 1
4155 8940 1
4163 9873 8
4163 8708 1
4163 8960 3
4163 9336 1
4163 9557 1
4181 9419 1
4181 9594 6
4199 8971 4
4199 9791 2
4199 9096 1
4199 9727 1
4199 9628 2
4199 9163 1
4199 9480 1
4201 8979 4
4201 8685 1
4201 8686 1
4201 9993 4
4222 9580 1
4222 9606 2
4222 9344 2
4222 9622 1
4242 9997 1
4242 8997 1
4243 9442 3
4243 9298 1
4243 8602 1
4267 8920 1
4267 9898 1
4267 9605 2
4270 9166 1
4270 9492 1
4270 9892 1
4270 9216 2
4271 8725 2
4271 8627 2
4271 8732 1
4271 9087 1
4271 9358 2
4287 9154 2
4287 9362 2
4287 8627 1
4287 9281 1
4287 9012 2
4287 9174 1
4287 9786 1
4291 8661 7
4291 9049 1
4291 9537 1
4291 8777 1
4294 9309 1
4294 8951 1
4294 9045 4
4294 8889 2
4300 8648 1
4303 9319 1
4303 9859 32
4303 9676 2
4303 9740 1
4313 9687 11
4337 9453 1
4343 9302 1
4374 8578 1
4379 9245 1
4379 8608 1
4379 9775 1
4379 9205 1
4379 9318 3
4379 9855 1
4395 9739 1
4395 9732 1
4395 8721 2
4395 9076 1
4419 8785 1
4419 8590 1
4419 8816 1
4454 8894 2
4458 9194 5
4458 8655 1
4458 9520 2
4458 9934 1
4476 8827 12
4476 9131 1
4478 9908 1
4478 8581 1
4478 9986 16
4478 9977 1
4493 8776 1
4493 8902 1
4493 8582 1
4493 9209 1
4493 9708 6
4510 8864 1
4510 8609 3
4518 8697 1
4518 8859 12
4523 9513 1
4523 8864 1
4554 9890 1
4554 9154 1
4559 9680 1
4559 9695 1
4567 9972 1
4567 9408 2
4567 9604 1
4571 9536 1
4571 9169 2
4600 9163 10
4600 8918 19
4600 8802 4
4600 9390 1
4600 9678 1
4605 9749 2
4605 9626 1
4605 9553 1
4605 9611 5
4618 9281 1
4618 9186 4
4621 9684 26
4621 8892 1
4621 9189 1
4621 9167 1
4621 9021 4
4622 8723 1
4622 8693 3
4622 9816 2
4622 9481 1
4622 9869 1
4622 8616 1
4622 9538 1
4622 9780 10
4623 9942 1
4623 9185 2
4623 8869 1
4623 9281 16
4623 9961 1
4633 9365 2
4633 9721 67
4633 8629 1
4633 9236 16
4633 8880 1
4645 9744 1
4653 9947 1
4653 9460 6
4653 9755 2
4653 8755 2
4653 9595 3
4657 9686 1
4657 8841 1
4657 9234 1
4657 8642 1
4657 9147 1
4708 8920 80
4708 8971 1
4709 8935 1
4719 9922 1
4719 9855 14
4719 9294 1
4729 9514 1
4729 8697 1
4729 9193 1
4730 9231 1
4730 9903 1
4730 8790 1
4750 8933 6
4750 8871 1
4750 9223 1
4797 8697 3
4797 9371 3
4797 9260 1
4797 9976 3
4799 9944 1
4799 9811 36
4799 8909 1
4799 9326 3
4801 9536 1
4801 9609 4
4801 8835 1
4801 8972 1
4801 8561 1
4801 9276 1
4801 9648 4
4801 9117 30
4801 9655 1
4809 8653 4
4820 9142 26
4820 8623 1
4820 8845 1
4820 9202 2
4820 9395 3
4820 9528 1
4820 9701 1
4863 9092 31
4863 9580 1
4889 9270 6
4889 9806 2
4889 8750 1
4889 9145 1
4895 9464 1
4895 9925 1
4895 9989 1
4921 9890 1
4921 9743 2
4922 9803 2
4922 9974 3
4922 9394 1
4922 8822 1
4935 8565 6
4935 9477 1
4935 9521 1
4940 9883 1
4953 9956 1
4953 9632 2
4968 9828 1
4968 9658 1
4968 9072 1
4968 9458 26
4968 9656 15
4968 9971 1
4968 9661 1
4980 9773 1
4980 9311 6
4980 8850 4
4980 8796 1
4980 8904 1
4980 9467 2
4999 8970 3
4999 9575 1
4999 9831 1
5005 9555 3
5021 9283 1
5026 9916 1
5026 9524 5
5026 9892 2
5026 9519 2
5026 9765 2
5026 9331 1
5037 9227 2
5037 8890 4
5037 9077 1
5045 9680 3
5059 9746 3
5059 9893 1
5059 8828 1
5059 9219 15
5059 9839 1
5059 8729 6
5082 8604 1
5082 8600 1
5082 8927 2
5089 9958 1
5089 8883 1
5089 9299 1
5089 9319 1
5089 9844 1
5092 9881 1
5092 9715 2
5092 8865 1
5092 9069 1
5128 9706 1
5128 8844 1
5128 9583 1
5128 9746 1
5130 8611 1
5137 9366 1
5137 9170 1
5153 9788 1
5155 8786 1
5155 9345 1
5155 9961 2
5155 9852 1
5155 9189 1
5155 9603 2
5166 9082 1
5198 8931 1
5198 8709 1
5198 9825 1
5201 9684 1
5201 9069 5
5201 9459 1
5201 9625 1
5201 9489 1
5201 9562 1
5201 8561 3
5203 9074 1
5203 9424 1
5203 9087 42
5203 9431 1
5203 9639 1
5203 8739 1
5203 9996 4
5220 8841 1
5220 9134 2
5220 9034 3
5220 8874 1
5220 9200 4
5221 9010 2
5221 9875 1
5224 8616 1
5224 9067 2
5228 9624 4
5228 9675 1
5228 8979 1
5228 9382 1
5228 9536 1
5234 8902 1
5234 9237 1
5234 9451 1
5246 9035 8
5246 9468 1
5246 9224 1
5246 9201 1
5246 9687 5
5246 9384 1
5253 8809 1
5253 9239 1
5253 9368 1
5253 9953 2
5253 9543 1
5253 9464 1
5255 8629 1
5255 9067 5
5255 9290 1
5255 9142 2
5267 9713 1
5267 9537 1
5278 9451 1
5278 8664 1
5278 9424 1
5278 8667 1
5314 8742 1
5314 9174 1
5314 8724 1
5314 9671 1
5321 9651 3
5321 8572 1
5321 8828 1
5331 8565 1
5331 9392 1
5331 9988 1
5331 8854 2
5331 9817 1
5331 9876 1
5331 9276 5
5331 9483 1
5331 9131 1
5331 9659 1
5331 9846 1
5331 9446 52
5342 9550 2
5342 9303 1
5342 9148 2
5343 9208 1
5343 9296 2
5343 9612 4
5352 8623 1
5352 8884 1
5352 8713 1
5352 9990 1
5352 8740 44
5361 9964 1
5361 9533 11
5361 9237 71
5361 8646 1
5361 9772 1
5362 9989 2
5362 9188 4
5362 9560 1
5362 9708 5
5362 9922 4
5381 9713 2
5381 9162 9
5384 9700 1
5384 9447 1
5401 8607 7
5401 9225 1
5401 9852 1
5410 9959 1
5410 8721 1
5410 9549 1
5410 9576 1
5410 9557 1
5410 9460 1
5411 9020 1
5411 8785 1
5411 9802 1
5411 9845 1
5421 9233 4
5421 8863 5
5421 9902 1
5421 8695 6
5421 9763 3
5421 9771 1
5422 9210 1
5426 8950 3
5426 9282 1
5426 8942 1
5426 8965 2
5429 9951 2
5429 8781 1
5433 8640 1
5433 9483 1
5433 8893 1
5433 9871 3
5433 9981 1
5433 8752 1
5433 8959 1
5433 9705 1
5435 9476 1
5435 9347 1
5435 8894 1
5435 9055 1
5435 9778 3
5439 9870 7
5439 9273 1
5439 9107 2
5443 9092 1
5443 9082 1
5443 9113 5
5443 9481 4
5443 9824 1
5463 9455 1
5463 8874 1
5463 9108 5
5463 9973 3
5521 8790 1
5521 8699 1
5542 9918 99
5542 8670 1
5560 9227 5
5560 9049 2
5560 9772 8
5560 8829 1
5560 8937 2
5566 8630 1
5579 9788 6
5579 9479 4
5599 9849 14
5599 8724 1
5613 9934 3
5613 9609 5
5615 9276 1
5615 9511 1
5615 9561 3
5615 9727 166
5615 8618 1
5623 9076 1
5623 8579 1
5623 9340 2
5623 9482 3
5643 9113 1
5643 9494 88
5643 9594 2
5643 8666 3
5643 9964 4
5667 9664 1
5667 9576 2
5676 9428 1
5676 9168 1
5676 8957 3
5687 9348 1
5687 9807 1
5687 8734 22
5690 9582 2
5690 9696 46
5690 9753 1
5690 8857 2
5709 9886 7
5709 9983 5
5709 9613 5
5709 9930 2
5712 9244 1
5712 9023 1
5727 8841 6
5769 9142 1
5769 9931 1
5769 9868 1
5782 9777 9
5782 9878 5
5782 8670 1
5782 9794 1
5783 9174 2
5783 9227 1
5783 8555 1
5783 9254 2
5783 9476 1
5783 8682 1
5783 9894 1
5798 9547 10
5798 9003 2
5798 9175 1
5798 8817 1
5799 9482 1
5799 8594 1
5799 9742 1
5799 9728 1
5801 9187 1
5801 9658 2
5801 9784 1
5801 9580 1
5801 9937 3
5819 9576 7
5819 8609 1
5829 9807 2
5829 9113 2
5829 9619 1
5829 9926 1
5829 9965 1
5840 8802 1
5840 9168 3
5840 8671 1
5840 9703 1
5840 9970 1
5846 9047 1
5846 8889 14
5854 8699 1
5854 9905 9
5854 9995 1
5862 8564 2
5862 9813 2
5862 9178 3
5862 9278 1
5878 9357 3
5878 9941 3
5879 9932 25
5921 9471 1
5923 9737 1
5929 9826 1
5929 8671 1
5929 9634 1
5929 9878 2
5947 9201 1
5947 9266 2
5947 9523 1
5947 9727 2
5954 9758 1
5954 9237 1
5954 9102 1
5954 9372 1
5961 9102 1
5961 9711 1
5973 8621 1
5973 9921 1
5973 8891 1
5973 9983 1
5973 8640 1
5973 9835 1
6013 9894 1
6013 9791 3
6013 8676 2
6013 9330 1
6017 8897 1
6017 9067 4
6017 8755 1
6017 9952 1
6017 8700 1
6017 9093 1
6019 9939 9
6019 9211 2
6022 8961 1
6022 8807 1
6022 9454 2
6029 8660 1
6029 9229 2
6029 9356 1
6029 9370 12
6029 8799 1
6029 9246 11
6029 9366 1
6053 9783 2
6054 9815 1
6054 9758 1
6054 9903 1
6054 8824 1
6057 9133 1
6057 8888 1
6081 9504 1
6081 9477 1
6081 9599 1
6081 8841 1
6091 8947 3
6091 9698 2
6091 9135 2
6091 9393 2
6091 9449 1
6093 8627 1
6093 9806 5
6093 8651 1
6093 9225 3
6093 9128 1
6093 9816 5
6093 9846 1
6103 9194 3
6103 9577 1
6103 9796 2
6114 9363 1
6119 8607 26
6120 9326 1
6120 9589 4
6147 9945 1
6147 9459 2
6147 8957 2
6147 9283 4
6147 9032 2
6147 9637 2
6147 9657 2
6158 9871 2
6158 8972 1
6162 9628 4
6162 8608 2
6162 9755 1
6172 9968 2
6178 9928 2
6178 9880 1
6179 8834 17
6179 9293 1
6179 8648 5
6179 9128 5
6184 9859 3
6184 9689 1
6194 9855 1
6194 9548 1
6194 8774 11
6194 9514 1
6194 9980 3
6206 9764 19
6206 9617 1
6206 9498 1
6206 9116 1
6206 9475 1
6212 9983 1
6212 9846 1
6219 9597 1
6219 8861 2
6219 9361 1
6221 8705 1
6221 9756 4
6221 8708 1
6221 9371 200
6226 9480 1
6226 8598 1
6233 8781 1
6233 9697 1
6233 8774 1
6233 9028 1
6233 9088 1
6242 9672 2
6242 8685 16
6263 9703 1
6263 8889 1
6263 8998 1
6263 9315 1
6263 9950 1
6263 9986 1
6263 9923 1
6263 8987 6
6264 8770 3
6270 9853 3
6270 9873 1
6270 8973 1
6270 9386 1
6274 9573 11
6274 8819 1
6274 9288 6
6274 9935 5
6280 8966 2
6288 9251 1
6293 9300 1
6293 9187 2
6293 8708 3
6299 9141 44
6299 8995 2
6299 9160 1
6299 9231 1
6299 9911 1
6302 9555 3
6302 8987 1
6302 9373 1
6302 8764 2
6302 9425 3
6302 9856 1
6328 8670 1
6328 9635 1
6328 9149 3
6356 8681 1
6356 9346 20
6356 9024 3
6356 9448 1
6356 9729 12
6358 8901 1
6358 8885 1
6358 9978 3
6362 8726 1
6364 9260 1
6364 8625 1
6364 8940 1
6364 8833 1
6364 9074 1
6364 9628 16
6364 8962 1
6364 8583 1
6371 9254 2
6371 9258 7
6371 9680 5
6371 9586 2
6371 9645 30
6402 9665 6
6402 9194 10
6402 9882 1
6408 9010 7
6408 9963 1
6408 8737 18
6408 9041 1
6408 9326 1
6408 8710 1
6428 9076 3
6428 8693 1
6432 9174 3
6432 9715 6
6438 9604 1
6438 9231 6
6438 9454 3
6438 8872 2
6438 9187 2
6438 9436 1
6444 8695 7
6444 9538 1
6444 9357 5
6444 9628 3
6466 9436 1
6466 9188 1
6466 9355 2
6486 9775 31
6486 9379 1
6496 8764 4
6496 9213 1
6496 9216 1
6496 9821 1
6496 8607 200
6499 9432 5
6499 8884 1
6499 9755 1
6499 9549 1
6504 9538 2
6504 9285 2
6543 9002 2
6543 9471 3
6551 9124 2
6551 9020 1
6551 8762 1
6551 9687 2
6555 8623 1
6555 9876 5
6562 8768 1
6562 9599 1
6562 9157 1
6570 9442 2
6570 9191 1
6570 9553 1
6587 9621 1
6587 8997 1
6587 8734 1
6587 9393 4
6597 9312 1
6597 9991 7
6597 9474 6
6597 8600 6
6597 8786 1
6597 8616 2
6597 9844 1
6597 8888 1
6597 9293 4
6597 9754 1
6614 9980 1
6614 8899 1
6614 8809 1
6614 9047 1
6620 9595 2
6620 9235 1
6620 8584 3
6620 9764 4
6620 8789 1
6620 8888 3
6620 8693 1
6620 8927 4
6620 9663 2
6627 9527 2
6627 8965 1
6627 9024 3
6627 9953 1
6633 8598 1
6633 9969 1
6637 9003 3
6639 9817 2
6639 9239 1
6639 9678 1
6639 9076 3
6645 8981 6
6645 8762 1
6645 9610 2
6645 9159 2
6659 9567 1
6659 9055 1
6672 9809 3
6672 8694 1
6674 8912 15
6681 9739 1
6681 8715 3
6681 9219 2
6681 9725 2
6681 9749 10
6687 9480 4
6687 9476 2
6687 9905 1
6694 9612 2
6694 8926 2
6694 8652 1
6694 8753 11
6694 8951 3
6694 9842 1
6698 9681 2
6698 8574 1
6698 9404 1
6727 9039 1
6727 9531 1
6727 8773 1
6728 8819 1
6728 9780 16
6728 9509 4
6753 9908 88
6753 8800 1
6753 9135 1
6755 9213 5
6755 8703 1
6755 9370 2
6755 9432 1
6760 9016 1
6760 9431 1
6760 9937 2
6760 9227 1
6760 9288 1
6760 9800 1
6767 9355 4
6773 9021 3
6773 9205 1
6773 9837 1
6788 9450 1
6788 8800 31
6788 9886 1
6804 9280 1
6804 9523 1
6804 9504 1
6804 9106 2
6805 8950 1
6815 8899 2
6815 9388 1
6815 9126 1
6815 9136 1
6826 9547 2
6826 9058 1
6826 9450 2
6826 9783 1
6831 9359 3
6831 9004 1
6840 8768 1
6840 9870 3
6855 8589 1
6867 9355 1
6867 9997 10
6867 9423 1
6867 9122 1
6867 9941 2
6887 9122 1
6887 9467 1
6887 9475 3
6915 8844 3
6917 8779 1
6917 8693 1
6917 9901 1
6917 9490 1
6917 9385 1
6917 9141 1
6917 9752 1
6922 9428 1
6922 9903 1
6924 9274 3
6924 9817 1
6924 9639 1
6929 8894 1
6932 9777 8
6932 9087 1
6932 9152 1
6948 8977 1
6948 9454 1
6948 9461 1
6948 8653 1
6948 8745 172
6948 9141 1
6948 9385 1
6948 9303 1
6962 9917 1
6973 9763 4
6973 9549 1
6973 9470 1
6978 9403 4
6978 9639 5
6978 9939 1
6978 9514 1
6978 9445 1
6992 8917 1
6992 9299 1
6992 9266 3
6992 9815 6
6992 9550 5
7001 9745 6
7021 9928 1
7021 9243 1
7021 9533 1
7021 9934 1
7021 9659 1
7021 8729 1
7027 9616 1
7027 8904 1
7027 9208 13
7037 9569 3
7037 9050 200
7037 9978 2
7037 8972 2
7037 9430 1
7037 8978 1
7037 9161 1
7055 8726 3
7055 9658 1
7055 9183 1
7055 9796 1
7055 9447 1
7055 8980 1
7055 9388 1
7055 8809 4
7055 9155 1
7055 9985 1
7055 8826 1
7063 9515 1
7063 9903 2
7063 8813 1
7063 9648 2
7063 9239 9
7063 9813 1
7086 9533 1
7086 8636 1
7086 9524 1
7086 9985 2
7106 8936 1
7106 9319 1
7106 8884 1
7106 9483 5
7111 9507 18
7111 8977 1
7111 8652 1
7111 9402 4
7111 9601 3
7111 9593 1
7124 8892 2
7124 8594 1
7124 9273 2
7124 9428 1
7134 9471 2
7134 8752 7
7134 9933 1
7134 8819 1
7134 8823 4
7134 9415 1
7134 8914 1
7134 9477 1
7134 9861 1
7137 9403 1
7137 9875 14
7142 9805 1
7143 8661 2
7159 9329 1
7159 8726 1
7159 9653 2
7167 8685 25
7177 9656 19
7177 9444 1
7177 9917 1
7178 8885 5
7178 9676 3
7178 9727 1
7178 8925 81
7178 9477 2
7178 9792 22
7178 9951 2
7191 8611 2
7191 9496 5
7195 9105 1
7195 8898 2
7198 9732 1
7198 9536 1
7198 9677 1
7198 8918 1
7198 9267 2
7207 9783 1
7207 8809 1
7207 9531 4
7215 9112 1
7215 8620 1
7215 9153 1
7215 9233 1
7217 9634 1
7217 9792 7
7217 9354 6
7217 9942 1
7245 9381 1
7245 9808 1
7245 9643 3
7245 9933 10
7245 8951 1
7245 9352 3
7253 8981 1
7269 9154 1
7269 9329 1
7269 9765 1
7278 9266 1
7300 9208 3
7302 9610 1
7302 9292 1
7302 9839 1
7304 9817 1
7304 9124 1
7304 9396 1
7304 9459 1
7325 9280 6
7343 9778 1
7343 9358 2
7343 9923 3
7343 8978 1
7343 9015 1
7363 8657 4
7363 9266 1
7363 9874 1
7363 9494 1
7370 9630 2
7370 9359 1
7377 8839 1
7377 9088 26
7377 9612 2
7377 9479 2
7377 9860 1
7377 9045 1
7377 9529 1
7377 9720 1
7377 9764 8
7392 9533 1
7392 8775 5
7392 8929 1
7396 8578 3
7396 8666 3
7396 8894 2
7396 8777 2
7396 9886 1
7396 8611 3
7396 8800 1
7400 8762 2
7400 8779 1
7400 9311 1
7424 8647 2
7424 9141 2
7424 9460 3
7424 9202 1
7424 9244 1
7424 9917 1
7452 8873 2
7452 9184 15
7452 9350 2
7452 8940 1
7452 9009 1
7455 9048 1
7455 8672 1
7455 9826 2
7459 9108 1
7459 8628 1
7459 9159 1
7459 9089 1
7459 9608 1
7459 8587 1
7468 8633 3
7468 9372 4
7468 8553 3
7468 9989 3
7468 9243 3
7468 8700 1
7474 9115 1
7474 9671 1
7474 8709 1
7474 8980 1
7481 9392 1
7481 9093 12
7481 8965 1
7496 9893 1
7496 8879 2
7496 9809 1
7496 9554 1
7499 8607 5
7499 9312 1
7499 9370 6
7499 9910 4
7505 9344 1
7506 8732 1
7506 8647 1
7506 9775 1
7534 9826 2
7534 9950 1
7534 9537 2
7534 9004 1
7538 9798 2
7538 9388 2
7539 9464 123
7539 9744 1
7542 9016 1
7542 9968 5
7542 9239 5
7542 9847 1
7560 8933 1
7560 8950 5
7560 9520 1
7560 9725 1
7560 9966 2
7560 8664 1
7560 9406 1
7563 8823 2
7563 9401 15
7563 9589 1
7582 9299 1
7582 9361 1
7582 9129 1
7582 9617 1
7582 9661 1
7586 9004 1
7586 9310 12
7586 9088 1
7586 9313 1
7586 8955 1
7624 8581 1
7624 8820 1
7624 9205 42
7624 9576 2
7624 8890 1
7624 8561 1
7624 8647 1
7624 9405 4
7643 9852 1
7678 9841 1
7678 8925 1
7678 8634 1
7678 9075 1
7678 9390 6
7689 9368 1
7689 9249 5
7723 9613 1
7732 9206 1
7732 8745 1
7732 9637 3
7732 9656 1
7738 9941 1
7738 8979 1
7738 9014 2
7738 9296 6
7738 9365 2
7738 8687 1
7738 9506 4
7780 8953 1
7780 9359 1
7780 9170 1
7780 9586 5
7780 9450 2
7781 9121 2
7781 9223 19
7781 9532 1
7781 8926 3
7781 9446 1
7791 8873 2
7791 8670 1
7791 9703 1
7791 9591 1
7791 8713 1
7791 9105 1
7791 9760 1
7791 9817 2
7791 8966 1
7791 9177 1
7802 9649 1
7802 9718 1
7807 9555 1
7807 9382 4
7807 9294 1
7807 9232 1
7807 9301 9
7807 9727 4
7807 9220 2
7807 8621 5
7807 8845 1
7807 9060 2
7807 9424 5
7816 9550 1
7816 9330 1
7816 9382 10
7816 9631 1
7816 8629 2
7816 9441 1
7816 9777 4
7816 9954 1
7817 8914 1
7817 8669 1
7817 9229 1
7857 9663 1
7857 9575 1
7857 8620 77
7857 9270 1
7874 8815 1
7874 8789 1
7875 9966 1
7875 8868 2
7875 9686 1
7875 8627 5
7875 8960 2
7875 9058 5
7875 9609 12
7875 8611 1
7875 8655 200
7875 8883 3
7875 8976 1
7875 9160 1
7875 9694 1
7880 9979 48
7880 9624 2
7880 9840 1
7880 9798 2
7904 9737 1
7924 9825 1
7938 8859 1
7948 8572 1
7948 9070 4
7948 9929 2
7952 8815 1
7964 8588 1
7964 9645 1
7964 8604 7
7964 9346 1
7975 8779 10
7975 8881 1
7975 9261 1
7976 9732 1
7998 9028 1
8003 9423 1
8003 9696 9
8003 8710 1
8003 8763 4
8003 9179 20
8027 8839 2
8027 9398 1
8027 8703 1
8027 9859 1
8027 9285 1
8028 9049 1
8064 9515 1
8064 9969 13
8064 9974 1
8064 9483 4
8064 9565 19
8074 8989 3
8074 9557 2
8074 9995 1
8074 8569 1
8079 9014 1
8079 8933 2
8079 8755 2
8079 9520 2
8079 9555 1
8082 9756 1
8082 9624 2
8088 9843 2
8088 9894 2
8088 9421 1
8088 9573 1
8088 9806 1
8117 8845 1
8117 9997 6
8117 9292 2
8117 9543 1
8119 8931 1
8119 9891 1
8119 9067 1
8122 9152 5
8122 9961 1
8122 9430 1
8130 9255 2
8130 9883 1
8130 9373 1
8137 9397 1
8137 8646 4
8137 8867 1
8137 9461 1
8137 8750 1
8137 9616 1
8168 9930 1
8168 9267 1
8168 9580 1
8168 9398 174
8168 9495 4
8168 8657 2
8168 9451 1
8168 9547 1
8168 9913 1
8173 9678 2
8173 9042 1
8173 9979 1
8173 9667 1
8185 9981 1
8193 9361 1
8193 9160 1
8193 8881 1
8193 8898 4
8193 9737 1
8198 8825 1
8198 9245 1
8198 8898 1
8198 9713 4
8235 8678 197
8235 9845 1
8235 9310 1
8235 9632 1
8235 9268 2
8235 9455 1
8240 9397 2
8240 8594 2
8240 8604 2
8240 9651 1
8258 9214 12
8270 9537 1
8270 8868 4
8275 9114 5
8275 9230 1
8275 9527 1
8280 8653 1
8280 8851 1
8280 9026 8
8319 8584 10
8319 9189 1
8319 9021 1
8319 8628 1
8319 8995 1
8319 9640 1
8325 8781 11
8325 9093 1
8325 9492 1
8325 8576 1
8325 8911 1
8325 9589 5
8326 9107 1
8349 8838 5
8349 8978 1
8349 9125 1
8349 9153 2
8349 9250 1
8356 9913 1
8367 9995 2
8367 9286 2
8367 9033 9
8367 9594 1
8367 9103 6
8367 9696 2
8367 8942 1
8367 9660 5
8367 9900 1
8376 8749 3
8376 9375 118
8385 9918 1
8385 9063 3
8385 9758 1
8385 9892 9
8449 9536 1
8449 8870 6
8449 9118 1
8449 8867 2
8449 9626 1
8449 9931 2
8451 8660 2
8451 9976 1
8451 9890 1
8451 9694 1
8451 9300 2
8459 9660 1
8459 9260 1
8466 9792 1
8466 8632 1
8466 9108 6
8482 8957 1
8482 9298 1
8504 9402 1
8504 8900 1
8509 9871 2
8509 8698 1
8509 9328 1
8509 9518 1
8516 8653 5
8516 8943 1
8516 9225 39
8528 9234 1
8528 8894 2
8528 9057 16
8528 9048 2
8528 9285 1
8529 9622 1
8529 9561 2
8529 8958 3
8529 9880 9
8529 9908 1
8529 8914 1
8529 9999 1
8531 9313 1
8531 9255 1
8533 9348 1
8533 9111 1
8534 9635 1
8534 9288 1
8534 8648 1
8534 9827 1
8534 8892 1
8534 9085 1
8535 9104 1
8535 8740 2
8535 8698 1
8535 9966 1
8543 9896 2
8543 9252 1
8552 9148 1
8552 8749 2
8552 9249 1
8552 9956 3
8552 9890 1
8554 9528 1
8554 9790 2
8554 9468 1
8554 9832 1
8554 9950 1
8556 9959 2
8556 9538 1
8556 8864 1
8556 9470 1
8556 9591 1
8556 8620 2
8556 9650 2
8557 9562 1
8557 8940 1
8558 8870 1
8558 9904 1
8559 8751 1
8559 8733 1
8562 9165 1
8562 9404 1
8563 9745 1
8563 9283 2
8563 9972 1
8563 9617 2
8563 8584 54
8563 8865 3
8563 8897 2
8563 9121 1
8563 9444 1
8563 9635 1
8565 9858 1
8565 8662 2
8566 9653 1
8566 9310 1
8566 9610 1
8567 9231 1
8567 8990 1
8567 9928 3
8567 8820 1
8568 9069 1
8568 9014 1
8568 9230 2
8568 8958 1
8568 9819 1
8568 9859 1
8569 9551 4
8569 9031 42
8570 9355 1
8570 8653 1
8570 9524 1
8570 9529 2
8570 9213 5
8570 9520 1
8571 9298 1
8571 8587 3
8571 9127 1
8571 9496 1
8572 8668 1
8573 9936 1
8573 8601 5
8573 9571 14
8575 8789 1
8575 9763 1
8575 8716 2
8575 9385 1
8576 9022 1
8577 9699 2
8578 8939 1
8580 9334 1
8580 8904 1
8580 8936 38
8580 9117 1
8580 9262 2
8582 9975 2
8584 9579 1
8585 8935 1
8585 9425 1
8585 9302 2
8585 9754 1
8585 8863 4
8585 9195 1
8586 9356 1
8586 9516 98
8586 9209 1
8586 9517 1
8586 9637 1
8586 9988 1
8586 8721 1
8587 8954 1
8587 8843 2
8590 8751 1
8591 9532 1
8591 9148 6
8592 9700 1
8593 9208 1
8593 9397 2
8593 9928 2
8594 8769 1
8595 9970 7
8596 9191 2
8596 9892 1
8596 9963 1
8597 9244 3
8597 9384 1
8597 9395 13
8597 9860 1
8597 9929 10
8597 9643 2
8597 9648 1
8598 8968 1
8599 8663 2
8600 8783 5
8601 9430 2
8601 9427 1
8601 9089 2
8603 8766 1
8603 8641 3
8603 8887 2
8605 9005 19
8605 8792 1
8605 9975 1
8606 9804 1
8608 8610 12
8610 9885 1
8610 9497 2
8610 8912 1
8611 9571 1
8612 9431 16
8612 8829 13
8612 9178 3
8612 9821 4
8612 8763 3
8613 9783 1
8613 9331 5
8613 8902 1
8613 9374 13
8614 9377 1
8614 9336 1
8614 9745 1
8614 8715 2
8614 8997 1
8614 9207 8
8614 8743 2
8614 9287 1
8615 8983 15
8617 8844 1
8617 8757 1
8617 9957 1
8619 9650 3
8621 8641 1
8622 9862 1
8624 9060 1
8624 8813 1
8624 9370 1
8624 9147 1
8624 9306 2
8624 8688 1
8624 8713 3
8624 9504 1
8625 8780 2
8627 8637 5
8627 8638 3
8629 8985 2
8631 9127 1
8631 9510 3
8631 9940 1
8631 9996 1
8631 9691 2
8632 8797 14
8632 8637 2
8636 8663 4
8637 9453 1
8637 9655 1
8637 9458 1
8637 9614 1
8638 8707 11
8638 8859 1
8638 8882 1
8638 9042 1
8641 9403 1
8641 9644 1
8641 9677 1
8643 9330 5
8643 9267 1
8643 9375 1
8644 8943 1
8644 8870 1
8644 9944 1
8645 8991 1
8645 9950 3
8645 9023 1
8645 9449 1
8645 9516 3
8645 9486 2
8645 9539 1
8645 9700 1
8648 8905 1
8649 8952 1
8649 9011 13
8649 8767 21
8650 9339 1
8650 9985 2
8650 9265 5
8650 8822 2
8650 9029 1
8650 9967 2
8651 8963 1
8652 8895 1
8654 8982 1
8654 8969 4
8655 9818 1
8656 8786 1
8656 8884 1
8656 9288 1
8656 9244 2
8656 8850 1
8656 9104 2
8656 9298 1
8657 8982 1
8658 9718 9
8658 9350 1
8659 9001 1
8659 8665 3
8660 8787 1
8661 9212 2
8662 9655 1
8663 9189 5
8663 8825 1
8663 9635 3
8663 9562 5
8665 8803 1
8666 8821 1
8667 8818 1
8668 9335 1
8668 9915 3
8668 9596 1
8668 9918 2
8669 8956 1
8670 8983 2
8673 9742 3
8673 9516 2
8674 9048 1
8674 9442 1
8675 9282 2
8675 8679 4
8675 9905 7
8675 9258 5
8675 9548 1
8676 8994 1
8677 8727 1
8678 8691 1
8680 9357 1
8680 9039 1
8680 9339 1
8681 8771 1
8683 9451 41
8683 9499 16
8683 9359 1
8684 9510 1
8684 9013 1
8684 9834 1
8684 9498 1
8689 9451 22
8689 9800 1
8690 9798 1
8690 9163 200
8690 9436 2
8691 8773 1
8691 8990 1
8691 9115 1
8692 9344 40
8692 9234 2
8692 9784 1
8692 9932 1
8693 8772 1
8694 9774 2
8694 8847 1
8695 9321 1
8696 9961 1
8696 9922 9
8699 9025 7
8701 9607 1
8701 9852 2
8701 9474 6
8701 9096 2
8701 9394 1
8702 8935 1
8704 9872 1
8704 8708 3
8704 9645 1
8704 9291 3
8706 8826 1
8706 9454 1
8706 9431 1
8707 9810 1
8707 8728 2
8708 8944 3
8711 8962 1
8711 9328 6
8711 9722 2
8711 9803 3
8712 9510 1
8712 9371 1
8712 8777 2
8712 8911 1
8712 9597 1
8714 9176 2
8714 8970 1
8714 8923 1
8716 8906 1
8716 8814 3
8717 9017 9
8717 9663 1
8717 8846 1
8717 9001 1
8717 9981 1
8718 9228 1
8719 8982 2
8719 9008 1
8720 9260 1
8720 8802 2
8720 9018 1
8720 9827 1
8723 9289 1
8725 8766 1
8726 8992 10
8727 9402 1
8728 9509 1
8728 9229 1
8730 9149 1
8730 9875 4
8730 9139 2
8730 9735 1
8731 9743 1
8731 9973 3
8731 9547 1
8731 9968 2
8731 9330 1
8731 9597 1
8731 9455 1
8731 9152 7
8731 9505 11
8731 8912 1
8731 9711 2
8731 8882 1
8733 9497 1
8733 9250 1
8733 9270 3
8733 9372 1
8733 9132 1
8733 9807 1
8734 8982 1
8736 9681 1
8736 9874 1
8737 8994 4
8738 9220 2
8740 8941 3
8741 9010 1
8741 8779 1
8744 9453 1
8744 9243 1
8746 9788 1
8747 9427 2
8747 9019 1
8747 9864 1
8747 9923 3
8748 8762 1
8749 9317 1
8751 9183 1
8751 9300 1
8751 9689 1
8751 9231 1
8751 9692 1
8754 8761 1
8756 9743 1
8756 9139 1
8756 8829 1
8756 8943 2
8756 9981 1
8757 8821 4
8758 8850 1
8758 8778 2
8758 9663 1
8758 9964 2
8758 8908 1
8759 9425 1
8759 8914 1
8759 9125 1
8759 9499 1
8759 8829 9
8759 8974 1
8760 9559 1
8762 9975 1
8765 9996 1
8765 9944 1
8765 9344 1
8766 9145 4
8766 9347 1
8766 9419 1
8766 9716 3
8766 9821 1
8767 9315 1
8767 9048 122
8767 9183 9
8767 9180 3
8767 9460 1
8767 8833 1
8768 8896 1
8769 9755 1
8769 9904 4
8769 9245 1
8769 9872 2
8771 9847 1
8771 8995 2
8771 9311 1
8772 9087 5
8776 8992 1
8783 9447 1
8783 8822 1
8783 8991 5
8783 9489 1
8784 9186 4
8784 8871 1
8784 9896 1
8787 9852 1
8787 9257 3
8787 9627 24
8788 9484 1
8788 9999 78
8788 9440 9
8789 8944 3
8792 8919 1
8792 9193 2
8792 9608 1
8792 9696 1
8793 9121 1
8794 9840 1
8795 9241 1
8795 9277 3
8797 9294 1
8797 9791 2
8797 8973 10
8797 9622 1
8798 8837 2
8801 8958 1
8803 9459 7
8803 9521 2
8803 9410 1
8803 8977 1
8803 9490 1
8803 9788 1
8803 8961 15
8803 8970 2
8804 9372 1
8804 8937 2
8804 9472 1
8804 9604 2
8804 9140 1
8804 9133 1
8804 9378 1
8805 9336 1
8805 8813 1
8806 8836 1
8810 9087 30
8810 9187 13
8810 9917 1
8810 9510 1
8811 9848 2
8812 9825 1
8812 9127 8
8814 8995 1
8814 9002 1
8814 9072 4
8815 8853 1
8816 9781 2
8816 9620 2
8816 9054 1
8818 9729 10
8818 8873 1
8818 9567 1
8818 9893 1
8819 8983 1
8821 9430 2
8821 9925 1
8821 9339 1
8821 9486 1
8823 9551 1
8825 8992 1
8826 9007 3
8830 9293 12
8830 8972 1
8830 9146 6
8831 9401 1
8831 9223 1
8831 9251 1
8831 9309 1
8833 9818 18
8834 9006 2
8835 8968 5
8836 9373 1
8836 9508 1
8836 8901 20
8838 8986 4
8840 9070 1
8840 9649 1
8840 9465 2
8841 8877 1
8842 9422 1
8842 9218 1
8842 9302 1
8842 9881 1
8843 9304 1
8846 9172 1
8846 8994 1
8847 9057 1
8847 9138 2
8847 9790 2
8848 8958 1
8848 8929 3
8848 9279 1
8849 9177 2
8849 9565 20
8849 9844 1
8849 9139 1
8849 9412 1
8849 9898 1
8852 8934 3
8852 9008 4
8853 9239 1
8855 9378 2
8855 9691 1
8855 9770 1
8855 8879 2
8855 9997 1
8856 9219 2
8856 9315 1
8858 9873 1
8859 8984 1
8860 9753 1
8861 9119 1
8862 9851 3
8862 9639 4
8862 8922 1
8862 8949 1
8863 8968 1
8867 8939 1
8867 9620 1
8875 8899 3
8876 9049 1
8877 9624 5
8877 9208 1
8877 8970 6
8877 9029 4
8877 9193 3
8877 9681 1
8877 9761 1
8877 9976 1
8877 9336 3
8878 9026 2
8878 9389 1
8878 9519 3
8879 8963 1
8881 9172 1
8886 8954 1
8887 9348 1
8890 8967 2
8892 8915 2
8893 9308 5
8893 9452 1
8895 9306 1
8895 9691 162
8895 9695 1
8895 9026 1
8895 9242 1
8896 9577 1
8896 9003 1
8903 9136 1
8905 9506 1
8905 9071 1
8906 9659 3
8907 9508 1
8907 9409 1
8907 9610 9
8908 9289 1
8909 8985 1
8910 9423 1
8910 9456 3
8910 9868 8
8910 9532 6
8913 9422 1
8915 9671 1
8915 9029 1
8915 9561 2
8915 9800 2
8915 9874 8
8915 9356 1
8916 9246 1
8916 9839 1
8916 9479 2
8916 8953 1
8918 9022 1
8918 8983 1
8921 9108 1
8921 9844 200
8924 9496 1
8924 9760 3
8924 9939 1
8928 9467 4
8930 8956 1
8931 8982 4
8932 9609 1
8933 9006 8
8934 9134 1
8934 8966 8
8934 9894 1
8934 9814 8
8936 9781 1
8936 8994 6
8938 9785 1
8938 9213 1
8938 9232 1
8939 9509 1
8939 9534 1
8939 9573 1
8941 9051 1
8944 9213 1
8944 9560 1
8946 9452 2
8949 9857 1
8952 9594 1
8952 9014 1
8952 9871 1
8954 9015 1
8954 9134 1
8954 9246 1
8956 9601 1
8956 9189 1
8959 9830 1
8960 9006 1
8962 9343 1
8963 9363 2
8964 9346 1
8964 9655 1
8965 9804 1
8967 9140 66
8967 9475 3
8967 9503 1
8967 9958 4
8968 9778 4
8968 9211 1
8968 9532 1
8969 9970 1
8969 9039 1
8975 9752 1
8977 9579 2
8979 9564 1
8982 9580 2
8982 9764 3
8982 9415 1
8982 9853 1
8983 9465 2
8983 9265 1
8983 9820 4
8983 9396 1
8984 9557 1
8984 9788 2
8985 9358 1
8985 9840 3
8985 9403 1
8985 9539 1
8986 9207 1
8986 9503 6
8986 9528 1
8986 9993 3
8986 9291 40
8986 9665 2
8988 9145 1
8988 9222 1
8992 9135 1
8992 9140 2
8992 9550 2
8993 9932 7
8993 9010 1
8994 9986 89
8994 9016 3
8994 9135 1
8994 9378 1
8996 9055 1
8996 9888 1
8996 9645 1
8998 9710 1
8999 9665 1
9002 9571 1
9003 9962 10
9005 9935 1
9005 9517 1
9005 9560 3
9006 9888 2
9007 9470 1
9007 9721 1
9008 9957 3
9008 9915 1
9008 9274 1
9011 9535 9
9018 9699 2
9022 9997 1
9022 9032 1
9022 9668 1
9025 9654 2
9025 9535 1
9025 9591 1
9033 9781 5
9039 9414 5
9047 9264 1
9054 9124 1
9054 9882 1
9054 9896 166
9054 9281 2
9054 9111 4
9054 9453 1
9069 9579 1
9074 9321 3
9078 9750 2
9081 9522 2
9085 9992 3
9086 9978 2
9086 9827 2
9086 9265 5
9098 9916 3
9098 9811 3
9102 9789 1
9103 9571 1
9114 9119 6
9119 9298 4
9119 9687 1
9119 9648 1
9119 9122 4
9119 9983 1
9121 9710 1
9122 9682 1
9124 9526 1
9127 9810 1
9127 9858 1
9130 9992 1
9135 9578 1
9136 9838 1
9143 9733 2
9152 9710 2
9156 9997 5
9156 9665 1
9156 9218 1
9156 9402 7
9156 9672 1
9160 9620 1
9172 9515 1
9172 9644 1
9180 9682 1
9185 9848 1
9185 9818 1
9188 9984 1
9195 9452 1
9195 9284 1
9200 9578 3
9218 9710 1
9234 9564 1
9262 9984 1
9264 9316 1
9264 9763 14
9271 9633 1
9282 9984 4
9284 9908 1
9285 9699 2
9289 9883 1
9289 9612 1
9301 9984 1
9308 9456 1
9309 9781 2
9323 9863 1
9338 9962 1
9342 9716 1
9343 9941 3
9343 9364 3
9343 9756 1
9343 9869 1
9345 9673 1
9347 9857 2
9363 9962 2
9399 9579 1
9399 9858 1
9405 9975 1
9408 9579 3
9413 9781 1
9427 9927 5
9436 9848 1
9441 9982 3
9468 9710 1
9468 9830 3
9474 9992 1
9482 9571 3
9486 9984 1
9488 9738 1
9494 9673 1
9512 9696 1
9517 9673 1
9517 9579 4
9522 9814 1
9536 9723 7
9551 9601 2
9559 9774 3
9562 9620 1
9564 9973 2
9571 9817 1
9571 9843 7
9571 9617 6
9578 9902 1
9578 9586 2
9582 9723 1
9587 9630 14
9587 9969 2
9587 9643 1
9593 9848 1
9596 9857 29
9604 9858 2
9673 9725 2
9673 9899 1
9682 9705 4
9682 9902 7
9706 9838 29
9710 9880 12
9711 9789 1
9723 9904 1
9723 9929 1
9723 9749 1
9753 9962 2
9781 9988 1
9789 9840 10
9802 9848 1
9804 9942 2
9804 9947 3
9815 9848 2
9825 9838 1
9830 9902 1
9841 9857 13
9848 9991 1
9858 9883 1
9871 9927 1
