3 8957 1
3 8786 1
3 9234 1
3 9315 1
3 8905 1
3 9987 1
3 8666 1
3 8918 1
22 8817 1
22 9102 1
22 9551 2
22 9996 3
31 9864 2
31 9315 1
31 9887 1
31 8956 1
31 8770 1
31 9808 10
65 9278 3
66 9060 2
75 8576 1
75 8758 5
75 9698 1
75 8711 1
78 8649 3
78 9061 1
78 8991 2
78 9403 2
78 9712 1
78 9799 2
78 9820 1
78 9169 1
87 9361 1
87 9774 1
87 9789 3
87 9987 1
93 9584 1
93 9709 14
93 9873 33
98 8822 2
98 8542 13
98 8749 2
98 9288 2
98 8849 1
102 9282 1
102 9265 5
102 9311 3
102 8578 1
102 9924 1
102 8818 2
102 9212 2
102 9708 1
126 9792 6
126 9030 1
128 8926 2
128 9097 1
128 9305 1
136 9997 2
136 9372 1
170 9318 1
182 8840 1
182 9907 1
182 9052 2
215 9619 1
217 8650 1
217 9225 2
217 9331 2
225 9648 2
225 9535 6
225 9635 1
225 9741 1
225 8727 1
225 9992 8
225 9287 2
225 9452 1
226 9470 4
226 9513 1
252 8915 1
260 9255 2
260 8828 1
261 9377 1
261 9662 1
261 9263 1
276 9937 1
276 9619 3
278 9046 1
278 8786 1
278 8676 1
278 9076 1
278 9180 6
278 9756 1
278 9851 2
283 8797 1
283 9714 1
283 9696 1
334 8596 6
334 9871 1
360 9618 1
360 9856 1
369 8561 2
369 8806 1
369 9802 1
369 9167 3
370 8744 1
370 9073 1
370 8737 1
377 9212 1
377 9198 1
377 9754 4
377 9505 2
377 9648 3
377 9361 2
385 9951 1
385 8618 7
385 8723 2
385 9164 1
389 8604 2
389 8758 1
389 9001 1
389 9550 1
389 9712 1
389 9166 1
392 8888 3
392 9533 1
392 9938 1
392 8836 1
392 8648 1
392 9267 1
392 8688 1
392 9959 1
394 9110 1
394 9839 1
394 9913 1
407 9830 1
407 9394 1
407 8780 1
407 9999 1
407 8576 1
407 8787 2
407 9191 3
407 9680 1
440 9292 1
440 9315 1
456 9803 4
456 8701 1
456 9679 1
470 8843 3
470 9812 1
471 9328 2
471 8636 1
471 8874 1
485 9771 7
485 8910 1
486 9304 1
486 8808 2
510 9935 1
510 9446 3
514 8828 1
514 8740 1
514 9230 3
514 9875 22
518 8854 1
518 9606 9
518 8776 1
518 9098 1
532 9465 1
532 8740 1
532 8894 4
532 9679 1
532 9126 1
532 9934 1
532 9140 1
537 8972 1
537 9437 1
537 9651 2
537 9230 1
537 9567 1
537 9726 1
537 8893 1
573 8956 2
592 9599 1
592 9611 3
592 8798 2
592 9237 16
592 9215 174
598 8557 1
598 9045 1
598 9249 3
598 9493 1
598 9748 1
606 9051 2
606 8566 1
606 8940 4
606 9910 4
621 9877 1
621 9104 1
621 9998 1
621 8657 3
621 9579 8
636 9986 1
636 9484 14
660 8596 2
660 8793 1
660 9737 3
660 9769 1
660 9711 1
661 8663 1
661 8622 1
661 9451 1
661 9869 1
661 9787 2
661 9596 2
661 9282 2
702 9601 4
702 8830 1
716 9580 1
716 8769 1
716 9936 13
738 9265 3
738 9505 1
738 9759 1
738 9924 1
738 9990 1
764 8791 5
764 8760 1
764 9551 12
786 9951 1
788 9665 2
788 9971 6
799 8883 1
799 9253 3
806 9271 2
806 8845 1
806 9793 1
813 8744 2
813 9104 4
813 9505 45
814 9243 1
814 9955 1
814 9896 2
814 8901 1
814 8557 2
817 9131 1
817 8649 2
817 9578 1
817 9843 1
820 8841 4
820 9159 2
821 8927 1
821 9711 3
821 9312 2
821 9543 1
828 9200 2
828 9199 32
828 9922 1
828 9954 2
838 8822 2
838 9500 2
838 9318 2
838 9899 11
841 9791 1
841 8824 8
841 8635 1
848 9072 1
848 9518 3
856 9406 1
856 9338 2
856 8599 1
856 8777 14
862 9953 2
871 9310 2
871 9501 1
871 9167 1
873 9652 1
886 9640 1
918 9728 2
918 8694 1
918 8764 1
918 9376 2
918 9400 1
918 9649 1
918 9971 1
918 9244 1
918 9658 2
930 8718 4
930 9245 1
930 9277 1
961 9233 2
961 8993 4
961 9908 4
961 8866 1
974 9374 1
974 9058 1
976 9926 1
976 9212 1
976 9953 4
976 9328 1
976 9477 3
976 9628 1
996 8995 1
997 9304 1
997 9235 1
997 9520 1
997 9691 2
1001 9407 3
1001 9710 1
1001 9868 44
1005 8736 1
1005 8962 3
1005 9828 1
1016 9780 2
1016 8824 1
1016 9388 1
1016 8817 1
1016 9321 1
1023 9216 1
1023 9862 1
1023 9703 8
1034 9467 1
1034 8644 1
1034 9342 5
1055 9489 30
1055 9279 1
1055 8970 1
1055 9696 1
1056 8923 1
1060 9211 7
1060 9967 1
1060 9674 14
1060 8561 1
1060 9758 2
1060 8558 2
1083 9774 1
1083 9444 2
1083 8951 1
1083 9524 1
1083 9018 1
1083 9658 1
1083 9771 6
1094 9725 1
1094 9165 1
1099 9394 1
1099 8584 1
1099 8666 1
1120 9149 1
1120 9098 3
1150 9474 3
1150 8561 8
1150 9536 1
1151 9377 1
1151 8726 1
1152 9303 1
1162 9529 1
1162 9829 9
1162 8593 4
1195 9000 1
1195 8882 1
1195 9225 1
1195 9764 7
1195 9785 1
1208 8676 1
1208 8797 3
1217 9200 1
1221 9666 1
1221 9845 14
1221 8793 1
1221 9438 6
1221 9436 1
1221 9824 1
1250 9159 1
1255 8677 13
1255 8949 2
1255 8832 32
1255 8914 1
1255 9620 1
1255 8694 1
1259 8690 1
1259 9444 1
1259 8638 1
1259 9161 3
1259 9358 2
1259 9932 2
1259 9146 1
1259 9674 1
1276 9897 1
1276 8937 2
1276 9936 1
1301 8887 1
1301 8974 1
1301 9924 1
1308 9469 1
1308 9433 1
1317 8719 1
1317 9316 1
1317 9823 1
1337 9407 2
1362 9583 1
1372 9291 1
1372 9898 1
1373 9603 1
1373 9743 8
1373 9692 1
1373 9139 1
1373 9297 9
1373 8982 1
1373 9156 1
1379 9883 1
1379 9062 1
1379 9430 1
1379 9753 1
1409 9293 2
1409 9180 2
1409 9221 7
1409 9858 1
1409 9383 4
1419 8951 1
1419 8905 2
1419 9730 1
1419 8810 6
1434 8547 3
1434 9325 2
1434 9684 1
1434 9821 2
1434 8622 1
1434 9233 3
1434 9999 1
1445 8923 1
1445 9047 1
1452 9859 3
1452 9406 1
1455 9972 1
1455 9787 1
1455 8738 1
1455 9784 19
1455 8701 1
1455 9731 1
1477 8698 1
1477 8840 1
1477 8796 1
1485 8817 1
1485 9061 3
1502 9845 3
1502 9790 1
1540 8872 1
1540 9436 1
1540 9864 4
1540 8587 1
1540 9204 2
1540 9387 1
1540 9916 3
1553 8819 1
1553 8909 1
1553 9518 2
1553 8926 1
1553 8718 1
1553 8894 1
1553 9052 1
1553 8947 1
1553 9586 1
1568 9571 1
1568 9224 1
1568 8927 1
1594 9529 1
1595 8760 6
1595 8992 1
1595 8639 25
1595 9052 1
1595 9486 1
1595 9794 1
1595 9808 1
1595 8653 1
1595 8627 3
1595 9042 2
1595 9060 1
1595 9529 1
1603 9193 1
1603 8626 3
1603 9567 21
1603 9606 1
1603 9633 1
1606 8758 1
1606 9139 3
1606 9254 1
1611 9667 4
1611 8807 1
1620 9328 1
1629 8694 1
1629 8620 1
1629 9211 1
1629 9721 1
1631 9433 1
1631 9086 1
1634 9891 1
1634 8594 2
1634 8676 1
1634 8662 1
1634 8939 1
1641 9732 1
1641 8638 1
1641 9200 1
1641 8807 1
1641 9035 1
1641 9150 1
1641 9249 1
1641 9450 1
1641 9655 1
1641 9093 24
1641 9426 2
1659 8688 1
1660 8908 1
1660 9231 2
1676 9426 3
1676 9854 1
1676 9837 1
1676 9910 1
1677 9682 1
1677 9574 1
1677 9461 1
1686 9179 1
1695 9486 6
1695 8824 1
1695 9026 13
1695 8801 1
1695 9745 1
1695 9460 1
1700 9050 1
1700 9101 1
1722 9532 1
1723 9011 14
1723 9076 4
1723 9035 1
1723 9697 25
1723 9698 3
1723 9767 1
1723 9818 1
1723 8681 1
1723 9578 1
1729 8683 1
1729 9684 3
1734 9324 1
1734 9633 11
1734 9102 1
1738 9041 2
1738 9617 2
1738 9513 1
1738 8921 1
1781 9319 2
1781 9278 2
1781 9288 6
1781 9847 1
1792 9599 1
1792 9939 1
1792 8708 1
1792 9454 2
1792 8937 1
1802 9200 2
1802 9145 1
1802 9400 1
1806 9746 4
1818 9249 1
1818 9032 3
1818 9191 32
1818 8828 3
1818 9624 2
1819 9631 73
1819 8862 1
1819 9907 1
1863 9937 1
1863 8774 3
1874 9866 1
1874 9020 1
1874 9921 2
1878 9193 1
1878 9444 1
1878 9812 1
1878 9101 1
1878 9640 2
1878 9825 16
1886 8854 1
1886 9444 1
1886 8650 1
1886 8706 1
1890 8776 1
1890 8596 1
1890 9692 1
1890 9530 1
1894 9918 1
1894 9550 1
1894 9244 1
1899 9140 2
1899 9234 1
1899 9706 1
1899 9072 1
1899 9658 1
1911 9802 4
1911 9867 1
1919 8817 1
1919 9043 1
1919 9070 15
1919 9452 10
1919 9479 10
1919 9423 1
1925 9468 1
1925 9403 1
1925 9456 1
1926 9818 1
1926 9127 1
1926 9475 9
1926 8653 3
1926 9233 14
1926 9018 1
1926 9674 1
1930 8935 1
1951 9699 1
1951 9040 36
1951 9207 1
1951 9460 1
1951 9217 1
1952 8856 1
1952 9179 1
1952 8871 8
1952 9914 3
1964 9180 6
1964 8856 5
1964 9190 10
1964 9866 24
1964 9611 1
1966 9280 1
1966 9398 2
1966 9141 1
1966 9678 3
1966 8976 2
1970 8649 25
1970 9058 1
1973 9428 10
1973 8925 9
1973 8994 1
1974 9979 1
1974 8741 2
1974 9290 1
1985 9063 3
1992 9856 1
1992 9071 20
1992 9087 1
1992 9891 1
2012 8872 1
2012 8974 2
2012 8909 2
2014 8574 5
2014 9979 1
2014 9330 3
2014 9751 1
2014 9916 1
2014 8799 1
2014 9911 2
2020 9086 1
2020 9549 1
2023 9771 1
2023 8565 2
2023 9033 1
2023 9469 200
2038 9586 4
2038 9347 1
2038 8657 2
2038 9264 6
2038 9433 2
2038 9972 1
2038 9442 1
2045 9737 1
2045 8728 10
2045 8634 1
2045 8641 1
2059 9686 1
2059 8828 8
2059 9673 1
2059 9088 2
2059 9919 1
2059 8757 1
2059 9521 1
2059 8829 1
2059 9985 1
2084 9170 1
2084 8593 1
2094 8836 1
2094 9952 1
2094 8669 2
2094 9443 1
2116 8979 1
2116 9484 1
2116 9928 1
2119 9571 3
2119 8819 1
2119 9343 3
2119 9479 7
2119 9739 5
2141 9525 4
2141 9706 2
2149 9447 1
2149 8907 2
2149 9414 2
2178 8695 2
2178 9699 2
2178 9288 1
2178 8820 1
2186 9802 10
2186 8652 1
2186 9980 1
2186 9253 1
2186 9838 3
2192 9097 1
2200 9680 2
2200 9557 1
2200 8758 1
2200 9767 1
2200 9465 1
2200 9309 1
2209 9805 1
2209 8963 1
2209 9051 1
2209 8636 1
2209 9506 1
2209 9710 1
2209 9076 1
2213 9936 1
2213 9818 1
2221 9857 18
2221 9234 3
2221 9306 26
2221 9294 4
2221 9684 1
2221 8640 2
2221 9094 1
2221 9862 3
2222 9591 1
2222 9491 1
2222 9493 5
2222 8937 7
2222 9654 1
2225 9081 6
2225 8989 1
2225 9273 1
2225 9141 1
2225 9539 1
2225 9771 1
2225 9838 1
2230 8873 2
2230 9094 1
2252 8616 1
2252 8808 9
2252 9963 6
2252 8982 1
2252 9046 1
2252 8698 1
2267 9601 10
2267 9004 1
2267 8769 1
2267 8840 1
2267 9720 1
2267 9826 1
2267 8962 4
2267 9763 1
2267 9968 15
2267 9534 1
2267 9560 2
2278 9888 1
2278 9991 4
2278 9926 1
2282 9949 1
2282 9364 8
2287 9580 1
2287 9060 1
2287 9947 8
2287 8860 1
2287 9662 1
2287 9704 2
2287 8714 1
2287 9512 2
2292 8856 1
2292 8869 1
2292 9935 1
2292 8714 1
2292 9321 2
2292 9507 1
2292 8964 2
2314 9544 1
2314 8883 1
2314 9401 2
2314 8815 1
2314 9370 1
2314 9651 3
2314 9195 1
2320 9563 1
2320 9407 1
2321 8818 1
2321 8876 2
2321 8577 1
2321 8782 1
2321 9384 200
2321 9863 2
2330 9187 1
2334 9674 7
2334 9391 1
2346 9785 4
2346 9310 1
2346 9481 2
2348 9060 1
2348 9443 1
2348 9482 3
2348 8749 1
2348 8806 2
2348 9092 1
2367 9319 1
2367 8616 1
2367 9906 1
2378 9955 1
2378 9589 1
2379 8656 1
2379 8580 1
2379 9737 1
2397 9134 1
2397 9549 3
2397 8774 1
2397 9518 1
2407 9557 3
2407 8901 2
2414 9918 2
2414 9416 2
2414 9634 3
2414 9843 2
2414 9081 2
2414 9664 2
2432 8872 8
2432 9588 200
2432 9927 1
2432 9553 2
2432 9165 3
2438 9376 4
2438 8907 1
2438 8883 23
2438 8991 1
2442 8762 3
2442 9294 1
2442 9891 2
2442 8728 4
2442 9250 6
2442 9746 6
2442 9828 1
2442 8604 15
2442 8841 1
2470 9330 1
2470 9758 1
2530 9987 2
2530 9486 20
2530 9026 1
2530 9387 1
2541 9161 2
2541 8701 1
2541 9736 1
2541 9279 1
2542 8787 1
2542 9344 1
2542 9246 1
2542 8708 1
2542 8821 3
2553 9393 1
2553 8768 2
2560 9158 1
2560 9817 1
2560 9963 1
2567 8648 1
2567 8808 1
2567 9651 1
2567 9932 3
2567 8948 1
2594 9492 1
2594 8796 42
2594 9400 5
2594 9845 2
2594 8970 2
2594 8616 3
2595 8706 1
2595 8850 1
2595 9730 1
2595 9868 1
2595 9952 3
2595 8894 1
2595 9491 4
2595 9709 1
2644 8663 4
2644 9717 1
2644 9236 1
2644 9898 1
2644 9298 8
2644 9628 2
2652 9106 8
2654 9951 1
2654 9302 2
2654 9330 2
2654 9451 3
2656 9159 1
2686 9146 1
2702 9330 1
2702 9223 3
2702 8606 1
2702 9190 1
2705 9906 3
2705 9482 17
2720 8897 25
2720 8943 1
2734 9800 1
2734 8731 1
2748 9074 2
2748 8570 1
2748 8933 1
2771 8832 1
2771 9974 1
2792 9744 1
2792 9707 2
2797 9101 1
2797 9156 1
2797 9489 200
2798 9245 1
2798 9992 1
2798 9235 1
2798 9237 1
2798 9589 2
2798 9635 1
2798 8860 1
2798 9596 1
2798 9997 1
2847 8628 1
2847 9556 3
2847 9989 5
2875 9620 3
2878 9020 1
2878 8673 3
2878 9263 1
2878 8551 1
2878 9058 1
2894 9764 1
2894 8877 1
2894 9429 1
2899 8999 1
2899 9401 1
2907 9817 1
2937 9946 1
2937 9172 1
2951 9759 11
2951 8578 1
2951 9475 1
3002 9804 3
3002 9216 1
3002 8603 1
3002 9061 1
3002 9620 3
3002 9267 1
3002 9627 1
3006 9211 1
3006 9896 4
3006 8995 19
3006 8957 1
3006 9627 2
3006 9956 7
3021 8593 9
3023 9295 2
3023 8746 6
3023 9064 10
3023 9131 2
3023 9955 1
3023 9110 1
3023 9693 4
3023 8832 37
3036 8957 3
3036 8824 2
3036 9858 1
3036 9093 11
3036 9523 1
3053 8726 1
3053 8596 1
3057 9695 1
3057 8558 2
3057 9019 1
3114 9922 1
3127 9535 2
3127 9289 1
3127 9873 1
3127 8795 2
3127 9978 1
3141 9870 7
3141 9259 1
3141 9809 1
3141 9106 4
3141 9615 1
3145 9167 1
3145 9620 1
3145 9075 1
3145 8967 1
3184 9271 2
3184 9590 6
3184 8940 1
3184 8732 1
3184 9231 1
3184 9433 1
3193 9817 1
3193 8633 1
3193 8762 10
3198 9629 1
3198 8849 1
3198 9997 1
3198 9127 1
3198 9340 1
3198 8727 125
3198 9858 1
3202 9554 17
3202 9868 1
3202 8684 1
3202 9131 2
3202 9175 1
3202 9680 1
3202 8592 1
3210 9367 1
3210 9488 3
3212 8875 1
3212 8803 1
3212 9229 2
3226 9226 1
3226 9016 1
3226 9877 1
3226 9950 2
3237 9204 1
3237 8659 1
3237 9137 9
3237 9553 1
3241 8627 1
3241 8649 1
3241 9373 1
3241 9371 1
3241 9421 1
3241 9533 1
3250 9825 2
3250 8908 5
3250 9891 3
3250 8803 3
3250 9839 1
3260 9818 7
3260 8882 1
3267 9123 1
3280 9421 1
3280 9370 1
3280 9493 2
3280 9750 1
3280 9794 2
3291 8902 1
3297 9198 2
3317 9031 1
3317 9680 1
3317 9868 2
3317 8939 2
3317 8926 1
3317 9603 1
3317 9462 1
3317 9791 1
3317 8779 1
3317 9029 3
3327 8737 1
3329 9871 1
3329 8574 3
3329 8778 1
3348 9311 1
3348 8700 1
3348 9550 1
3373 9578 3
3373 8834 1
3373 9720 1
3436 9725 1
3436 9731 1
3451 8548 1
3451 8892 1
3451 8690 1
3451 9397 2
3457 9959 3
3457 8656 2
3457 9398 1
3457 9668 2
3487 8777 1
3487 9657 3
3495 9179 2
3495 9374 3
3495 8940 1
3495 9380 2
3495 8579 2
3495 8584 1
3506 9490 3
3506 9618 8
3514 9184 1
3514 9183 8
3514 9816 1
3517 8868 1
3517 8923 13
3517 8768 1
3517 8893 1
3517 9792 7
3523 9127 1
3523 9374 1
3523 9225 1
3523 8564 1
3523 9158 9
3542 8998 6
3542 8736 2
3551 9681 3
3551 9678 1
3551 9073 1
3551 9598 22
3551 9821 4
3556 8991 6
3556 9713 1
3558 9507 1
3558 8617 3
3558 8653 1
3558 8754 3
3558 8824 1
3575 9653 1
3592 8699 1
3592 8867 2
3592 9099 1
3592 9046 1
3597 8686 1
3597 9254 2
3597 9849 1
3599 8612 4
3601 9603 3
3601 9170 1
3601 9402 1
3601 8686 119
3601 9855 1
3601 9365 1
3603 8761 1
3603 9968 1
3613 9198 1
3613 9931 1
3625 9753 1
3625 9262 1
3625 9897 1
3627 8810 6
3627 9303 1
3627 9506 4
3627 9638 1
3627 9657 1
3627 9751 3
3627 9695 19
3628 8907 1
3628 9624 1
3631 9194 1
3631 9246 1
3646 9158 1
3651 8847 2
3651 9780 1
3651 8801 1
3651 9608 2
3652 9961 1
3652 9137 1
3666 9703 1
3666 9280 1
3673 9996 1
3673 9030 1
3673 9802 3
3673 8594 2
3673 8863 1
3673 9577 1
3673 9837 1
3678 8969 1
3678 9566 1
3678 9050 1
3678 9200 1
3690 9305 1
3690 8918 2
3690 8765 1
3690 9274 2
3690 9045 1
3690 9292 1
3707 8596 1
3707 8671 1
3707 9233 1
3707 9122 1
3707 9729 1
3712 9438 2
3712 8580 2
3712 9365 1
3740 9379 1
3740 9840 5
3740 8775 28
3740 9301 1
3750 9378 16
3750 8941 2
3750 9420 1
3750 9865 1
3752 9594 2
3752 9763 1
3752 8600 4
3752 8950 1
3752 9305 1
3752 9454 2
3759 8913 1
3759 8970 11
3759 9069 1
3759 9741 8
3759 8660 1
3759 8570 3
3759 8972 1
3760 9665 2
3766 9450 11
3769 8887 1
3769 8941 1
3769 9766 1
3769 8884 1
3769 9000 1
3769 9188 3
3769 9873 1
3772 8937 1
3772 9916 1
3778 9506 2
3788 8935 1
3788 9146 1
3788 9230 2
3788 8699 6
3788 9150 1
3788 9074 1
3793 8962 1
3793 8556 2
3793 8644 3
3793 8746 2
3793 9947 1
3798 9542 2
3798 8790 61
3798 8957 3
3798 9297 1
3798 8719 1
3798 8688 2
3798 9151 2
3798 9589 1
3799 8673 1
3799 9060 67
3799 9915 2
3799 9315 1
3799 9861 1
3824 8736 1
3824 8770 1
3824 9545 1
3824 8743 2
3824 9918 1
3832 8912 2
3832 9340 2
3832 9485 1
3832 9583 3
3832 8612 2
3832 8951 1
3832 9205 1
3843 8685 1
3843 8694 13
3843 8943 2
3843 8930 1
3858 9043 1
3858 9802 2
3858 9613 1
3858 9982 4
3863 9331 1
3863 8603 1
3863 9835 2
3867 9564 1
3872 8875 1
3873 9608 1
3891 9999 9
3891 8832 1
3891 9775 1
3891 9832 8
3940 9822 1
3940 8836 2
3940 9024 2
3940 9739 9
3940 9297 1
3952 9682 1
3952 9946 1
3952 9992 1
3955 8897 2
3955 9714 1
3955 9381 1
3965 9583 4
3965 9051 1
3965 9457 1
3965 9229 2
3980 9446 1
3980 9666 1
3980 8807 12
3980 9621 1
3980 9784 1
3983 9968 2
3983 9376 5
3983 9156 8
3983 9769 1
3986 9627 3
3986 9259 2
3986 9706 1
4002 9709 7
4002 9813 53
4016 9740 5
4016 9146 1
4016 9679 1
4027 9649 1
4027 9846 1
4040 9535 5
4040 9651 1
4054 8776 1
4054 8786 1
4054 9340 1
4072 8591 1
4072 8835 1
4076 9990 1
4076 9024 1
4076 9130 1
4076 9530 1
4076 9813 1
4076 9522 1
4096 9850 1
4096 9226 1
4096 8639 1
4096 9018 1
4102 8853 1
4102 9182 1
4102 9756 1
4102 9585 1
4102 9826 1
4104 8835 1
4104 8652 3
4104 8905 1
4104 8772 1
4104 8578 1
4104 9438 5
4104 9654 1
4104 9773 5
4111 9750 1
4111 8624 2
4134 8928 2
4134 9293 4
4134 9521 1
4142 9898 1
4142 9207 1
4142 9712 1
4142 9535 1
4142 8875 1
4148 8563 1
4148 8630 1
4148 8764 1
4148 9633 1
4148 9064 1
4148 9886 1
4148 9869 1
4155 8875 2
4155 9584 4
4163 8934 1
4163 9224 1
4163 9754 1
4169 8647 1
4169 9214 1
4169 9462 6
4169 8778 1
4169 9298 1
4169 9742 4
4169 9043 1
4169 9378 1
4169 9662 5
4183 9703 1
4183 9807 1
4188 9875 1
4188 8785 20
4188 9182 1
4189 9980 3
4189 8602 1
4189 9072 1
4189 8801 1
4189 9578 1
4189 9779 1
4189 8981 1
4189 8881 1
4189 9729 1
4189 9542 1
4189 9845 1
4204 8740 1
4231 8811 2
4231 9578 1
4231 9843 1
4231 9204 1
4231 8969 4
4234 9873 1
4234 9422 140
4246 9812 1
4248 9809 1
4275 9187 1
4284 8681 13
4296 9853 2
4296 9395 1
4296 9492 1
4296 9530 1
4296 9015 1
4299 8896 4
4299 9791 6
4317 8646 3
4317 8822 76
4317 8807 1
4317 9253 3
4317 9726 1
4317 9644 2
4343 9242 3
4370 9180 1
4370 8841 1
4370 9928 1
4370 9059 18
4370 9786 1
4370 8920 1
4400 8835 2
4400 9330 1
4401 9868 3
4405 9801 2
4405 8563 1
4405 9835 1
4405 9492 6
4405 9673 9
4405 8685 1
4405 9805 2
4417 9058 7
4417 9401 1
4417 9856 2
4417 8605 1
4439 9691 1
4439 9063 1
4439 9617 1
4439 9413 1
4439 9991 1
4439 9139 1
4451 9118 1
4451 8981 31
4451 8949 11
4451 9286 1
4451 9810 3
4458 8974 1
4458 9469 1
4459 9225 2
4459 9371 2
4459 9428 1
4459 9680 14
4459 9026 1
4459 9344 1
4459 9427 5
4459 9829 1
4460 9001 1
4460 8908 2
4460 9563 1
4472 9099 1
4472 9866 1
4472 9075 5
4472 9699 1
4473 8557 39
4473 9524 17
4478 8901 2
4478 9241 2
4478 9210 3
4478 9958 16
4478 8847 2
4478 9522 1
4478 9872 1
4478 9036 1
4488 9745 1
4493 9721 2
4493 8737 1
4493 9507 64
4493 9376 1
4508 8553 1
4508 9603 2
4509 8695 1
4509 9844 1
4509 9414 1
4509 9363 1
4510 9830 3
4510 8584 7
4510 8982 7
4510 8551 7
4510 9040 2
4514 8937 1
4514 9570 2
4514 9896 1
4525 8897 1
4563 8663 3
4580 9029 1
4580 8608 5
4580 8741 1
4580 9716 2
4580 8585 1
4583 8599 1
4583 9454 1
4583 8871 33
4583 9052 1
4583 9488 4
4583 9565 3
4583 9613 2
4587 9442 1
4601 9695 2
4604 9324 1
4604 8990 1
4604 9799 1
4614 9313 1
4614 9455 1
4622 8542 1
4622 9089 2
4622 9294 10
4635 9290 5
4639 8969 2
4639 9275 7
4639 9609 2
4642 9044 1
4642 9357 101
4642 8596 1
4642 8690 2
4668 9640 1
4668 9138 4
4668 9063 1
4668 9051 1
4668 9521 1
4668 9826 1
4677 9698 1
4677 9004 1
4679 9715 1
4679 9929 1
4679 9318 4
4679 9716 2
4679 8558 4
4679 8630 1
4722 9146 1
4722 9481 2
4722 9721 2
4722 8563 8
4746 9915 1
4746 9856 2
4746 8563 3
4746 9471 4
4746 9998 1
4751 8630 1
4751 9536 1
4751 9101 2
4782 9724 14
4782 8603 1
4782 9529 1
4782 9793 6
4782 9161 1
4782 9714 2
4794 9675 1
4794 9106 1
4794 9565 1
4800 9183 7
4800 9929 1
4800 8651 1
4821 8657 7
4831 8936 1
4831 9649 2
4845 8640 19
4845 9775 1
4845 8674 2
4845 8548 1
4845 9211 1
4845 9129 1
4850 8732 2
4850 8893 1
4850 8906 2
4850 9759 1
4852 8930 1
4852 9280 11
4852 8743 2
4852 9325 3
4861 9963 1
4861 8550 1
4861 9533 2
4861 9949 2
4864 8553 1
4864 8582 1
4864 9218 2
4867 9949 1
4867 8992 2
4867 9067 1
4867 9114 1
4872 9223 1
4875 9830 1
4875 8954 1
4875 8577 1
4875 9897 2
4878 9337 1
4878 9671 2
4878 9544 1
4882 9805 23
4882 9402 7
4882 9490 2
4882 8930 1
4882 9712 1
4885 9242 1
4885 9274 1
4885 9430 7
4885 9829 1
4885 8566 1
4885 8972 2
4885 9046 1
4885 9309 2
4903 9568 1
4903 8907 1
4903 8954 7
4903 9715 1
4904 9456 2
4918 9106 2
4918 8731 1
4918 9279 3
4918 9494 6
4935 8954 1
4935 8714 2
4935 9196 1
4935 8564 1
4935 9736 1
4953 8637 1
4953 9665 35
4953 9811 1
4953 9491 2
4953 8910 1
4953 9717 6
4972 9485 2
4972 9562 1
4972 9064 1
4972 9461 1
4972 9790 1
4975 9789 1
4975 8772 1
4975 8984 2
4980 9311 1
4980 8936 1
4980 9938 8
4981 9808 3
4981 9693 1
4981 9707 1
4981 8652 2
4981 9689 1
4981 9692 1
4981 9870 1
4990 9773 4
4991 9562 1
4991 9635 1
4991 9459 3
4993 9194 1
4993 9226 1
4993 9671 2
4996 8547 1
4996 9380 2
4996 9773 1
4996 9178 1
5000 9737 2
5000 9939 1
5000 8887 1
5013 8662 1
5014 9974 1
5046 9239 1
5046 9532 1
5046 9727 1
5061 9295 2
5061 8964 1
5061 8765 1
5061 9835 22
5096 8926 24
5096 8884 4
5096 8818 1
5096 9184 1
5103 8906 1
5103 9807 1
5104 8694 1
5104 8585 1
5104 8840 2
5104 9777 1
5118 9469 1
5118 9450 1
5118 9958 1
5118 9145 1
5118 9729 7
5118 9252 1
5118 8868 1
5118 9863 2
5118 8821 1
5118 8874 1
5134 9835 1
5134 9651 1
5134 9767 1
5140 9750 1
5161 9495 1
5161 8883 9
5161 8973 1
5161 9367 2
5161 8647 4
5161 9646 3
5165 9479 1
5176 9282 84
5176 9461 15
5176 9459 1
5176 9736 1
5184 9590 1
5184 9875 2
5184 9212 10
5184 8607 6
5184 9413 1
5201 8651 1
5201 9042 1
5201 9501 3
5201 9941 1
5201 9634 1
5201 8945 7
5201 9335 1
5201 9622 5
5210 8681 3
5210 9059 1
5214 9383 5
5214 9087 1
5214 9294 1
5214 8648 1
5214 9685 2
5214 8871 1
5214 9021 1
5214 9247 1
5218 9717 1
5218 9667 1
5224 9662 1
5224 9485 1
5224 9730 116
5244 8676 1
5244 8683 1
5244 8754 1
5244 9556 1
5249 8760 1
5249 8897 2
5251 9867 13
5255 9258 1
5255 9427 1
5255 9518 1
5266 9000 1
5266 9618 1
5266 9945 1
5266 9985 1
5266 9067 1
5287 9494 3
5287 8668 1
5300 9129 1
5300 8926 2
5300 9338 1
5340 8690 1
5340 8550 4
5340 9035 1
5340 9675 1
5346 9849 1
5346 9926 1
5346 9011 1
5346 9109 1
5346 9193 1
5385 9229 1
5385 9719 1
5385 9773 1
5385 9822 3
5391 8779 1
5391 8997 1
5391 8656 1
5391 8901 1
5391 9040 1
5391 9444 1
5391 8788 1
5391 9704 1
5412 8795 2
5412 9468 2
5412 9471 1
5415 8819 1
5415 9854 1
5415 9617 1
5421 9715 1
5425 9728 1
5425 8663 4
5425 8815 2
5425 9717 1
5426 9865 1
5426 8990 3
5426 8623 3
5426 9119 1
5426 9557 2
5436 8786 1
5436 8684 1
5436 9289 1
5437 8870 1
5437 8997 1
5437 9599 1
5437 9678 1
5439 9708 1
5439 8793 1
5439 9585 2
5439 9421 200
5439 9312 7
5439 8764 2
5454 9236 7
5454 9396 1
5454 8682 6
5454 8881 1
5463 9420 1
5463 9430 1
5463 8596 2
5463 9374 1
5463 8745 1
5463 9282 2
5463 8613 1
5467 8941 3
5467 9563 2
5467 9743 1
5467 9099 17
5467 9217 1
5468 8648 1
5468 8850 1
5468 8644 1
5468 8792 11
5468 8864 3
5468 9572 1
5468 8995 1
5468 9009 2
5477 9290 1
5477 9278 1
5477 9699 5
5477 9799 1
5477 9921 5
5477 8867 1
5477 8886 2
5503 8843 1
5503 9828 1
5503 9414 1
5503 9543 1
5503 9206 1
5503 9423 1
5503 9919 2
5503 8649 3
5503 9075 17
5503 9428 3
5503 9972 2
5544 9004 1
5544 8998 5
5544 8624 1
5546 9668 1
5546 9078 1
5546 9549 1
5546 9643 2
5578 9876 1
5593 8924 1
5593 9357 1
5593 9810 1
5593 8967 1
5610 8576 3
5610 9469 3
5610 9603 6
5610 9809 1
5610 9189 3
5610 9005 1
5610 9069 1
5610 9545 4
5650 9877 1
5679 9395 1
5679 9997 2
5679 8618 2
5679 9337 1
5695 8876 4
5695 9517 2
5695 9229 1
5695 9914 1
5709 8935 1
5709 8867 2
5723 9388 5
5723 9936 1
5723 9629 1
5723 9152 4
5724 8892 1
5762 9888 3
5762 8873 1
5762 9908 1
5777 9580 1
5777 9423 2
5777 8660 1
5777 9138 1
5782 9505 1
5782 9525 1
5782 8897 1
5782 9246 2
5782 9716 4
5782 8913 1
5782 9243 2
5782 9718 1
5787 8907 28
5787 8547 1
5787 9200 1
5787 9032 1
5787 9975 2
5816 8770 15
5826 9456 1
5826 9779 48
5826 9801 7
5841 9748 1
5841 9754 4
5841 8684 1
5841 8585 26
5841 9072 1
5859 9196 1
5859 9446 1
5859 9225 1
5878 9500 1
5878 8666 1
5878 9216 1
5880 9938 9
5880 8915 1
5893 8708 1
5893 9942 2
5893 8928 4
5893 8787 2
5893 9257 4
5893 9302 3
5894 9443 1
5895 9290 1
5895 9519 83
5900 9071 3
5916 9104 2
5916 9580 1
5916 9641 1
5930 9557 1
5930 9850 19
5930 8886 1
5930 8566 4
5930 8732 1
5930 8963 1
5937 9114 1
5937 9549 1
5937 9791 1
5937 9851 1
5937 8894 4
5937 9182 1
5937 9206 2
5947 9653 1
5958 9216 1
5958 9305 2
5958 9019 12
5963 9475 1
5963 9872 1
5963 9045 1
5963 9742 1
5963 9919 3
5970 8641 1
5970 8819 4
5970 9203 1
5983 9476 2
5983 8824 5
5983 9109 1
5983 8579 1
5983 8950 1
5983 9753 1
5983 9050 6
5983 9457 1
6005 8613 1
6005 9426 3
6019 9252 28
6036 9899 3
6049 8863 1
6049 9774 1
6049 9526 4
6049 9631 1
6074 8731 1
6074 9911 1
6085 9468 3
6085 9847 1
6085 9303 1
6088 8669 2
6088 9422 2
6088 9738 1
6088 9025 3
6091 9986 1
6094 9738 2
6094 9634 6
6139 9770 6
6147 8822 1
6147 9574 1
6147 9686 1
6147 9942 1
6149 9861 4
6149 9563 1
6149 8605 1
6149 9775 1
6149 8792 1
6149 9168 4
6183 8907 1
6197 8845 9
6197 9583 1
6197 9058 1
6197 9429 1
6197 9995 1
6206 9839 3
6206 9927 1
6206 8548 1
6206 9778 1
6245 9967 1
6245 9996 1
6245 9406 2
6245 9595 19
6245 8758 1
6245 9295 1
6271 9255 4
6271 8780 4
6271 9638 7
6272 9599 3
6273 8828 1
6273 9726 1
6273 9650 4
6273 8745 3
6274 9221 1
6274 8952 1
6274 9477 1
6276 9707 1
6276 8556 1
6276 9457 6
6276 9820 1
6276 9164 2
6276 9292 2
6276 9823 1
6277 8926 4
6277 9744 1
6277 9780 1
6293 9241 1
6297 9652 5
6297 9803 1
6299 8984 13
6299 9923 1
6299 8829 1
6299 8884 1
6299 9868 6
6306 8630 8
6306 8669 1
6342 9215 2
6342 8601 1
6342 8936 1
6342 9159 1
6342 9932 1
6357 9184 1
6357 9429 2
6358 9372 2
6358 9719 1
6358 9011 2
6358 9046 1
6358 9572 1
6358 9287 39
6358 9543 10
6358 9800 1
6377 9599 14
6377 8574 1
6397 9577 1
6397 9945 2
6397 8841 6
6397 9224 1
6397 9621 2
6397 9853 3
6397 8899 1
6397 9285 1
6399 8807 2
6399 9801 1
6399 8685 3
6399 9412 1
6399 9606 1
6399 9118 3
6399 9057 2
6399 8603 5
6411 9392 1
6411 9285 1
6411 9324 2
6411 9409 1
6430 8592 1
6430 9063 1
6430 9072 2
6430 8843 3
6430 8755 1
6446 9218 23
6446 8670 1
6462 8860 4
6462 8622 1
6462 9250 2
6465 8933 1
6465 8584 1
6465 9729 1
6465 9826 4
6465 9585 11
6465 8856 1
6465 9103 1
6466 9539 6
6466 8647 1
6466 9239 4
6475 9615 2
6475 9395 17
6495 8588 1
6501 8718 4
6501 9443 1
6514 8577 1
6514 8891 1
6532 9243 2
6532 9949 33
6532 8723 3
6532 9009 1
6532 9525 1
6532 9971 1
6536 8682 1
6536 9718 1
6536 9016 1
6536 9808 1
6536 9041 1
6536 9196 10
6536 9506 5
6536 9945 1
6546 9360 3
6546 9398 15
6546 9970 1
6549 9629 1
6549 9634 1
6549 8782 1
6549 9412 10
6549 9422 1
6549 9737 3
6549 8866 16
6549 8843 1
6549 8964 1
6557 8775 1
6557 9596 22
6557 8599 1
6557 9277 6
6557 8882 1
6562 9536 1
6566 9043 6
6566 9667 1
6571 9337 3
6571 8718 2
6571 8999 18
6597 9878 11
6597 9429 13
6597 9131 1
6597 9273 1
6606 8635 1
6606 9282 2
6606 9505 3
6606 8821 1
6606 9470 5
6606 9629 1
6625 9427 1
6625 9118 3
6634 9883 1
6634 9797 1
6642 8892 2
6642 8623 2
6642 8912 1
6645 9455 1
6645 8809 1
6645 9306 1
6645 9476 6
6649 9803 13
6673 9853 3
6673 9442 139
6675 9460 6
6675 9543 1
6675 9280 1
6675 8745 2
6675 9146 5
6675 8793 3
6675 8853 4
6675 9800 2
6681 8682 2
6694 9945 2
6694 8891 1
6694 9574 1
6698 9667 4
6698 9277 1
6698 9443 1
6698 8601 2
6698 9619 6
6698 9615 2
6698 9855 4
6705 8910 3
6705 9312 1
6705 9666 12
6710 9282 22
6710 8913 1
6710 9635 1
6721 9401 1
6721 8743 1
6721 9606 1
6721 9644 1
6728 9982 1
6728 9267 1
6728 9895 1
6732 9933 1
6732 8991 1
6751 9566 1
6751 9936 1
6771 9956 15
6771 9236 1
6771 9595 1
6773 8982 1
6773 9347 3
6777 9695 1
6787 8714 4
6787 9553 1
6787 8902 2
6787 9076 1
6787 9413 4
6787 9417 1
6790 9707 2
6790 9738 2
6790 8990 1
6790 9479 1
6790 9862 10
6790 9853 2
6790 8902 3
6790 9576 1
6798 9857 2
6798 9009 1
6798 8911 8
6806 8607 1
6806 9751 1
6806 9187 1
6806 9482 1
6806 9995 1
6806 9956 1
6809 8764 1
6809 9427 2
6809 9180 1
6809 9583 1
6809 8686 1
6809 9763 1
6823 8954 1
6823 9871 2
6823 8700 1
6823 9533 1
6823 8869 1
6823 9331 1
6823 9590 9
6826 8834 1
6826 9215 1
6826 9426 2
6826 9074 4
6826 8651 1
6826 9092 46
6826 9539 3
6829 9307 2
6829 9931 1
6829 9247 11
6829 8790 3
6841 9689 3
6841 9223 2
6846 9941 3
6846 9787 5
6846 8547 1
6846 9061 1
6846 9876 1
6853 9764 1
6860 8791 5
6860 8574 5
6860 9356 1
6860 9584 2
6862 8856 1
6862 8914 45
6897 9615 2
6897 8770 2
6897 9247 1
6897 8557 1
6897 9475 1
6897 8854 90
6904 8700 1
6904 9588 1
6921 8843 1
6921 9995 1
6921 8608 17
6921 8962 1
6921 9459 1
6921 9973 1
6924 8556 10
6924 9580 1
6924 9740 1
6926 8791 1
6926 9374 1
6926 9682 1
6926 9931 1
6929 9556 2
6929 8604 2
6929 9377 7
6935 9923 1
6935 8909 1
6935 8915 1
6935 9285 2
6943 8904 1
6943 8994 4
6943 9000 3
6943 9324 10
6944 9526 1
6944 9646 1
6944 8796 2
6944 9328 1
6944 9456 4
6944 9918 59
6944 8706 22
6963 9253 1
6963 9378 29
6963 9455 1
6963 9529 1
6963 9482 1
6963 9665 4
6963 9134 1
6963 9657 1
6963 9682 1
6963 8795 1
6963 8999 1
6963 9177 1
6978 8640 2
6987 8670 1
6987 8891 10
6987 8564 1
6987 8876 1
6987 8928 3
6987 9709 4
7009 8901 1
7009 9141 1
7016 8626 3
7016 9968 1
7016 9751 8
7016 9347 1
7016 9818 2
7016 9393 3
7017 9745 1
7019 8876 1
7021 9184 2
7021 9568 1
7021 9665 1
7032 9976 2
7032 9801 1
7032 9075 1
7032 9748 12
7032 8933 1
7037 8594 1
7037 8849 2
7037 9978 1
7037 8956 2
7037 9026 3
7037 9701 1
7056 9357 1
7056 9177 1
7056 9355 1
7060 9741 1
7060 8587 2
7060 8924 1
7080 8557 2
7080 8570 3
7080 8778 1
7080 8863 1
7080 9084 1
7080 9675 2
7092 8976 1
7092 8768 1
7092 9130 1
7105 9266 1
7105 9287 1
7105 8934 1
7105 9198 5
7114 9790 1
7116 9908 1
7116 9169 1
7116 8699 1
7132 9980 1
7132 9365 1
7132 8647 23
7132 8809 1
7132 9851 3
7140 9137 8
7140 9641 1
7148 9250 1
7148 8993 1
7149 9554 1
7149 9920 1
7149 8866 1
7149 9801 2
7149 9462 1
7151 9391 1
7151 9191 1
7178 9044 2
7178 9653 3
7178 9997 2
7178 9013 2
7183 8633 9
7189 9164 124
7239 8768 1
7239 8941 2
7239 9599 1
7239 8811 7
7239 9032 1
7239 9073 2
7239 9979 3
7240 9624 1
7240 9396 1
7251 9250 6
7251 8738 4
7260 8765 1
7260 9770 2
7261 9830 1
7261 9727 1
7261 8977 1
7267 9264 2
7273 9739 4
7279 9767 1
7279 9156 1
7279 9866 3
7285 8777 1
7285 9214 1
7316 9324 16
7316 9059 64
7316 8682 1
7316 8908 2
7316 9456 2
7316 9488 1
7317 9718 1
7317 8668 1
7317 8817 8
7317 8854 1
7317 9420 1
7317 9152 2
7317 8911 8
7317 9469 1
7317 9450 19
7321 9029 2
7321 9205 1
7321 9529 1
7321 8873 1
7321 9152 1
7321 9325 1
7324 8582 1
7324 9278 3
7324 9377 1
7324 9759 1
7331 9521 1
7331 9071 1
7331 8719 1
7331 9402 5
7331 9728 1
7334 9612 2
7334 8970 3
7334 9051 10
7343 8821 2
7343 9501 1
7343 9713 1
7352 9087 1
7352 9202 4
7354 9781 1
7354 8782 1
7370 9282 1
7370 8769 3
7370 9883 1
7374 9154 1
7374 9668 1
7374 9811 4
7377 8868 1
7397 9587 1
7397 8728 17
7397 9554 3
7402 8868 4
7402 8676 1
7402 8947 1
7412 9391 2
7412 8711 3
7412 9929 3
7412 8829 1
7424 9191 6
7424 9716 1
7424 8977 1
7424 9093 4
7424 9542 1
7424 9123 3
7431 9945 1
7431 9452 1
7431 8606 1
7431 9976 2
7431 9461 1
7436 9114 7
7436 8899 1
7436 9267 1
7436 9361 2
7436 9907 1
7443 9550 1
7443 9031 1
7443 8746 2
7451 8732 88
7451 9302 1
7451 8642 2
7451 8897 1
7451 8979 1
7451 9388 1
7455 9277 1
7465 9289 1
7465 9437 4
7475 9732 2
7475 8548 1
7475 9001 1
7481 9922 5
7487 8769 1
7487 9804 1
7488 9316 200
7488 8608 1
7488 8635 1
7497 8976 1
7497 9771 14
7530 9907 1
7530 9033 1
7532 8939 1
7532 8955 3
7536 8712 11
7536 9751 2
7542 8550 1
7543 9830 1
7543 9358 1
7547 8893 1
7547 9816 1
7547 8913 1
7547 9274 2
7547 9898 1
7547 8580 2
7547 8905 1
7547 8872 5
7567 9177 1
7567 9301 1
7570 9355 1
7570 9617 1
7570 9961 6
7636 8760 5
7636 9243 4
7636 9310 1
7636 9603 1
7648 9804 3
7657 9847 2
7657 9958 1
7674 9824 1
7674 9897 1
7674 8984 1
7674 9386 3
7674 9203 1
7674 9320 1
7674 9521 200
7674 9975 3
7696 9036 8
7696 8576 5
7696 9446 1
7701 9745 4
7701 8992 1
7701 9252 1
7701 9749 1
7701 9927 4
7714 9295 1
7714 8834 1
7714 9084 2
7714 9199 1
7714 8582 3
7722 9648 1
7722 9987 2
7722 9245 1
7722 9652 2
7722 9519 2
7722 9321 1
7722 9889 2
7722 8950 4
7735 9233 1
7735 8808 5
7735 9870 53
7735 8798 25
7735 8660 2
7735 9262 1
7735 9940 1
7749 8811 1
7749 8591 1
7749 8868 1
7749 9044 1
7749 9328 1
7766 8646 2
7766 9316 1
7766 9878 1
7766 8608 2
7766 9487 1
7790 9318 1
7790 9824 1
7790 9623 6
7811 9050 2
7811 9800 1
7811 9823 15
7811 9991 1
7811 9216 3
7811 9313 1
7813 9122 1
7814 9188 16
7814 9242 2
7814 9501 1
7817 9763 1
7817 8872 1
7817 9853 1
7840 9703 2
7850 8700 1
7851 9433 1
7851 9727 2
7851 9512 2
7851 9820 1
7866 9678 2
7866 9888 2
7866 8646 1
7899 9206 1
7899 9487 1
7899 9081 1
7899 9594 1
7904 9906 18
7904 9517 2
7904 9655 1
7914 9692 1
7914 9691 1
7914 8908 1
7914 9029 2
7914 9821 2
7914 8945 1
7914 9031 1
7922 9759 8
7951 8743 2
7951 9164 7
7963 8882 1
7963 8957 1
7963 9306 1
7963 9271 1
7979 9695 1
7979 9936 1
7979 9954 1
7979 9088 2
7979 9872 3
7983 8726 1
7998 9042 1
7998 8553 1
7998 9104 2
7998 9178 1
8006 8782 200
8006 9849 1
8006 8939 2
8020 9309 6
8020 9856 1
8020 9470 1
8020 9275 1
8028 8542 1
8028 9154 3
8028 9423 1
8028 8865 1
8028 9601 2
8030 8939 1
8030 8566 4
8056 9717 1
8056 8564 2
8056 9412 1
8115 9009 5
8115 9535 3
8115 9920 1
8116 9778 1
8116 9081 13
8116 9096 1
8116 9255 1
8116 9233 1
8116 9303 1
8132 9325 1
8132 9888 1
8132 9687 1
8132 9732 1
8137 8830 1
8137 9286 1
8137 9797 1
8140 9511 1
8140 8737 8
8140 8797 1
8142 9154 1
8146 9477 1
8146 9532 11
8146 9708 4
8146 9154 3
8146 9914 3
8153 9091 1
8153 9939 1
8162 9460 4
8162 9244 1
8162 9084 1
8164 8635 1
8164 9313 70
8164 9822 1
8164 9207 1
8164 9224 1
8168 9140 1
8168 9744 2
8168 9816 1
8168 9775 1
8201 8576 1
8201 9016 3
8201 9039 3
8208 9289 1
8209 9374 2
8221 9320 1
8221 9477 1
8224 9790 1
8224 9924 5
8224 9920 4
8224 9698 1
8227 8789 1
8227 9904 3
8227 9673 1
8228 9280 3
8234 8779 1
8234 9750 7
8234 8754 1
8252 9216 1
8252 9815 1
8252 9168 1
8252 9413 1
8252 8777 2
8260 8924 1
8260 9557 1
8260 9194 1
8281 9833 6
8281 9264 1
8281 9746 3
8281 9915 4
8308 9685 2
8308 9686 1
8308 8648 1
8308 9517 12
8308 9786 2
8311 9184 1
8311 9620 13
8312 8699 2
8312 8745 1
8312 9319 4
8312 8997 1
8312 9009 1
8326 8941 1
8340 9924 1
8340 9991 1
8351 9954 1
8351 9507 1
8382 8685 6
8388 8652 3
8388 9707 1
8388 9955 1
8388 8695 1
8397 9721 2
8397 9601 7
8399 9779 1
8399 9980 1
8399 9081 1
8399 9817 2
8399 8973 4
8399 9889 1
8399 9978 1
8412 8591 5
8412 9849 2
8412 9863 5
8420 8798 1
8428 9442 1
8428 9364 1
8428 8896 1
8443 8565 1
8443 9205 1
8443 9383 1
8454 8740 10
8454 9693 1
8454 9609 1
8454 9096 1
8454 8877 1
8454 9935 1
8457 8836 1
8457 8955 1
8457 8856 1
8457 9749 20
8482 9132 4
8482 8561 3
8482 9920 8
8482 8635 1
8482 9087 1
8482 9243 1
8482 9290 1
8482 9392 3
8484 9030 1
8484 9876 12
8493 9556 1
8493 9304 1
8493 9535 2
8497 9409 1
8497 9867 1
8508 8668 1
8508 8984 1
8508 9644 1
8508 9020 1
8508 9188 1
8509 9189 1
8509 9367 1
8509 8835 1
8509 9015 2
8509 9865 2
8509 9255 1
8509 9568 1
8526 9794 2
8528 8913 5
8528 9420 1
8528 9512 1
8528 9664 1
8528 9357 1
8530 8565 3
8530 9643 1
8530 9989 1
8530 8862 1
8530 8963 1
8530 9335 1
8530 9967 23
8540 9494 1
8540 9290 1
8540 9525 1
8542 9893 1
8543 8646 1
8543 9097 1
8543 8849 2
8543 8952 1
8543 9207 1
8543 9640 2
8544 9191 5
8544 8764 2
8544 9444 9
8545 8870 30
8545 9057 1
8545 9557 1
8545 9587 1
8545 9941 1
8545 8864 7
8546 9225 1
8546 9777 1
8546 9009 1
8546 9176 2
8546 9373 4
8548 8813 1
8549 9587 4
8549 9024 1
8550 8987 1
8551 8702 1
8551 9155 2
8552 9828 1
8553 9003 1
8554 9495 1
8555 8909 1
8555 9767 1
8555 9817 4
8556 9155 2
8556 8823 1
8559 9585 1
8559 8744 1
8559 9371 1
8560 9908 6
8562 9067 1
8562 9697 3
8563 8903 3
8565 8679 2
8567 8673 1
8567 8830 1
8567 8933 2
8568 9123 1
8569 8740 1
8569 9687 1
8571 9692 2
8571 8642 1
8571 9510 40
8572 9708 1
8573 9118 1
8573 9612 2
8573 9854 19
8574 8848 2
8575 9031 1
8575 9403 2
8575 9611 1
8575 8963 2
8576 8705 1
8577 8590 7
8578 8595 1
8579 9120 4
8579 8903 1
8581 8681 1
8581 9741 1
8581 9474 8
8582 8885 17
8583 8726 2
8583 9519 1
8586 9789 1
8586 8676 1
8587 8645 1
8588 8756 1
8588 8980 2
8588 8878 1
8589 8803 1
8589 9097 1
8589 9129 4
8589 9057 1
8589 9486 1
8589 9515 1
8589 9715 1
8589 9719 2
8590 9805 1
8590 9916 1
8590 9316 1
8591 8890 1
8592 9155 2
8592 9012 1
8595 9505 1
8596 9256 1
8597 8970 1
8597 9611 1
8597 9070 1
8598 9052 3
8598 8727 1
8599 9983 5
8599 8898 2
8600 8916 1
8601 8839 1
8601 8851 1
8601 9003 2
8602 9115 1
8606 9352 2
8606 8802 1
8607 9656 1
8609 9051 4
8609 8909 3
8610 9484 1
8610 8706 7
8610 9138 1
8611 9036 2
8611 9871 5
8612 9115 2
8614 9268 3
8614 9063 1
8615 9737 1
8615 9401 1
8615 8633 2
8615 9168 1
8615 8670 1
8615 9766 1
8615 9883 1
8617 8978 1
8617 9147 1
8618 9483 1
8619 9691 1
8619 9598 2
8620 8658 4
8621 8914 200
8621 9000 1
8621 9412 1
8621 9277 1
8625 9013 2
8625 9937 1
8628 9893 1
8628 8784 1
8629 9188 1
8629 9312 1
8629 9956 1
8630 9008 1
8630 8800 1
8631 9047 1
8631 9170 1
8631 9492 1
8631 9653 4
8632 9033 1
8632 8674 1
8634 8692 2
8636 8675 1
8637 9265 1
8637 9692 7
8637 9195 1
8637 9651 27
8637 9876 1
8637 8673 1
8637 8873 2
8637 9096 1
8637 9655 2
8638 8804 2
8641 9981 3
8642 9065 1
8643 9720 1
8644 8693 2
8645 8918 1
8645 9370 2
8649 8944 1
8654 9550 1
8654 8990 1
8654 9571 2
8655 9778 1
8655 8954 1
8657 8724 2
8657 8861 1
8657 9359 15
8658 8906 1
8658 8712 1
8658 9175 19
8659 8880 1
8659 9983 2
8659 8932 1
8660 9208 2
8661 9190 3
8661 9791 2
8661 9421 1
8663 8919 1
8663 8983 1
8664 9998 1
8664 8822 2
8664 9311 1
8664 9764 3
8665 8688 3
8665 8908 1
8665 9679 57
8665 8992 1
8665 9435 2
8665 8698 2
8667 9139 9
8667 9417 11
8669 8750 4
8670 9503 3
8672 9869 6
8672 9857 1
8673 9765 10
8675 9562 2
8677 8707 1
8677 8880 4
8678 8892 3
8678 9340 1
8678 8862 2
8678 8686 1
8678 9491 1
8679 9730 2
8679 9704 2
8679 9785 1
8679 9869 2
8679 9781 1
8680 9494 1
8680 9285 1
8680 9298 1
8680 9224 1
8680 9526 11
8680 8870 1
8680 8906 1
8682 8724 11
8683 9008 11
8683 9498 1
8686 9028 1
8687 9948 5
8689 9666 1
8691 8762 1
8691 9671 2
8691 9923 1
8691 8984 1
8691 9344 7
8692 9001 6
8692 9257 2
8692 8736 1
8692 8923 2
8692 9802 1
8693 8714 19
8693 9565 1
8693 9814 2
8693 9219 3
8694 8717 1
8695 9900 21
8696 9811 1
8696 8777 15
8696 9675 2
8696 8892 5
8697 9018 1
8701 8922 2
8702 9998 4
8702 9837 1
8702 8881 1
8702 9835 3
8702 9215 4
8702 9740 1
8702 8789 1
8703 9839 1
8703 9950 2
8704 8941 1
8704 9495 20
8704 9941 1
8705 9057 1
8705 9177 1
8707 9731 4
8707 9119 2
8707 9631 2
8707 9025 1
8707 9959 2
8707 9322 2
8709 9320 1
8709 8935 1
8710 9365 1
8710 9319 17
8712 9006 39
8713 9190 1
8713 9979 1
8715 9075 1
8715 9264 1
8715 9585 1
8716 8772 1
8716 9728 2
8716 9122 2
8716 9318 1
8716 9648 1
8717 9135 1
8717 9718 1
8717 9438 2
8717 9032 1
8717 9210 1
8720 9613 1
8720 9650 1
8720 8989 1
8720 9110 1
8720 9859 2
8721 9911 1
8721 9248 3
8722 8860 2
8722 9337 1
8722 9711 2
8722 9947 28
8722 9976 1
8723 8730 1
8723 8958 9
8724 9123 8
8725 9728 1
8725 9809 3
8725 9973 1
8725 9230 2
8725 9497 1
8725 9756 1
8728 9893 4
8729 8865 1
8729 8979 1
8729 9298 1
8729 8780 1
8729 9450 1
8730 8943 2
8730 9067 1
8730 9196 1
8730 9943 1
8730 9596 1
8730 8912 1
8730 9021 1
8730 9388 1
8730 9825 10
8730 9489 12
8732 8960 1
8733 9739 1
8733 9895 1
8733 9721 2
8733 9887 1
8733 8938 1
8733 9416 1
8734 9016 2
8735 9530 1
8735 8972 1
8737 8748 1
8737 8917 16
8739 8979 1
8739 8761 1
8742 9746 1
8744 8988 1
8746 8753 1
8747 9832 1
8747 9481 1
8748 9921 1
8748 8761 1
8748 8865 1
8748 9183 1
8748 9748 2
8748 9520 1
8749 9276 1
8750 9158 2
8751 9623 12
8751 9942 70
8752 8967 7
8753 8984 3
8753 9534 1
8753 9242 4
8753 9872 10
8755 8903 1
8756 9383 2
8756 9495 1
8756 9378 1
8757 9841 1
8758 9605 6
8759 9491 1
8759 9237 4
8761 8968 2
8763 8921 4
8763 9743 4
8766 9823 1
8767 9182 1
8767 9485 6
8767 8905 9
8767 9266 200
8767 9787 10
8769 8814 1
8771 8901 2
8771 8795 1
8771 9685 1
8771 9857 1
8773 9182 2
8773 9203 1
8773 9590 1
8773 9367 1
8774 9757 11
8775 8903 1
8776 8848 2
8778 8848 11
8779 8898 4
8779 8852 16
8781 9919 1
8781 9999 1
8783 9498 1
8783 9757 2
8784 9491 8
8784 8865 1
8785 8916 1
8786 8980 7
8788 9483 13
8789 9432 1
8791 8857 1
8792 9841 2
8793 8839 2
8794 9678 1
8794 9513 4
8794 8997 1
8794 8923 1
8794 9435 1
8796 8946 5
8798 8975 2
8799 9540 1
8800 8821 3
8800 9252 1
8800 8862 2
8802 9166 9
8802 9237 1
8802 9542 2
8802 9738 2
8802 9986 1
8803 8812 5
8803 9006 1
8803 9439 1
8804 8993 1
8804 9381 1
8805 9044 2
8806 9966 1
8807 8814 1
8812 9393 1
8812 9193 2
8812 9749 2
8813 9254 2
8813 9279 1
8813 9929 1
8814 9939 1
8814 8891 14
8814 9295 1
8814 9904 1
8815 9027 1
8815 9006 1
8815 9831 8
8816 9748 11
8816 9089 1
8816 9898 1
8816 9413 4
8816 9846 2
8816 9286 1
8816 9259 1
8820 9592 1
8822 8838 2
8823 9489 2
8825 8853 2
8825 8998 1
8826 9933 6
8826 9064 1
8826 9083 1
8826 9864 6
8827 8936 1
8827 9746 1
8827 9047 1
8827 9467 1
8828 8861 1
8831 9149 1
8831 9999 1
8833 9614 1
8833 9790 1
8833 8927 1
8833 9325 1
8833 9444 1
8833 9221 5
8833 9170 1
8836 9900 1
8837 9954 2
8837 9571 1
8837 8997 1
8838 9520 2
8838 9245 4
8838 9990 1
8839 9536 1
8842 9586 1
8842 8997 2
8842 9523 2
8842 9830 3
8842 9951 1
8843 8846 27
8843 9962 2
8844 9578 1
8844 9477 66
8844 9906 1
8844 9648 1
8846 9140 1
8846 9176 4
8846 9484 2
8846 9614 1
8847 8858 12
8848 9710 1
8848 8993 1
8848 9763 1
8848 8867 5
8850 8855 2
8850 9115 1
8851 9292 13
8852 9753 1
8852 9241 2
8852 9537 15
8855 9560 1
8855 9097 4
8855 9286 1
8855 9840 1
8855 9358 1
8855 9489 1
8855 9833 2
8857 9229 1
8858 9262 2
8858 9379 1
8859 9532 8
8859 8976 4
8859 9497 28
8860 9147 1
8861 9515 2
8861 8963 2
8861 9990 2
8861 8886 2
8861 9553 1
8861 9812 2
8864 9892 2
8865 8953 1
8865 9186 1
8866 8895 6
8870 9027 2
8873 9540 6
8876 9765 1
8877 8975 1
8878 9040 1
8878 9456 3
8878 9570 1
8878 9568 1
8878 9980 1
8879 9210 1
8879 9257 1
8879 9127 1
8885 9519 1
8885 9638 1
8887 9256 1
8888 9012 2
8889 9805 2
8889 9784 1
8889 9729 3
8890 9596 1
8890 9161 1
8890 9929 3
8893 9415 1
8894 9478 1
8897 9977 1
8898 9223 1
8898 9394 12
8899 8903 3
8900 8928 4
8900 9766 1
8900 9895 1
8903 8967 1
8903 8971 1
8903 9109 1
8904 8960 1
8904 9124 1
8912 9600 5
8915 9022 1
8916 9856 28
8916 9921 1
8916 9371 1
8917 9914 1
8917 9570 6
8919 9319 1
8919 9942 9
8919 9127 1
8919 9650 1
8919 9716 3
8920 9439 1
8920 9142 1
8922 9104 4
8922 9629 2
8924 8980 1
8927 9007 1
8929 8945 1
8930 9065 1
8931 9840 200
8931 9434 4
8931 9583 27
8931 9941 1
8932 9395 1
8932 9172 3
8932 9923 1
8932 9200 8
8934 9276 1
8934 9498 1
8936 9006 1
8940 9048 1
8942 8972 1
8942 9039 12
8942 9494 2
8942 9534 1
8942 9691 3
8942 9953 17
8946 9682 8
8946 9943 1
8947 9600 1
8953 9654 1
8954 9690 2
8955 9028 2
8958 9005 3
8958 9427 2
8958 9668 3
8958 9248 1
8958 9347 1
8958 9741 1
8959 9438 11
8959 9855 54
8960 9291 1
8960 9234 2
8961 9872 2
8961 9309 4
8961 9686 1
8961 9587 8
8965 8976 2
8965 8994 25
8966 9520 1
8966 9779 2
8968 9343 4
8968 9423 17
8968 9403 1
8971 9276 8
8975 9175 1
8975 9877 1
8978 9713 1
8978 9614 2
8978 9249 1
8978 9619 4
8978 9726 1
8979 8988 1
8980 9265 1
8980 9187 3
8980 9916 1
8981 8986 2
8982 9439 1
8983 9072 2
8983 9413 3
8983 9223 1
8983 9476 5
8983 9279 1
8983 9412 1
8983 9468 125
8983 9137 2
8985 9587 2
8985 9725 1
8986 9608 1
8986 9958 1
8986 9134 2
8986 9342 1
8986 9758 1
8987 9906 2
8987 9947 1
8987 9393 1
8987 9681 1
8988 9878 1
8989 9120 1
8992 9256 1
8995 9256 1
8996 9749 1
8996 9978 1
8996 9386 2
8996 9510 2
9002 9907 1
9002 9380 2
9003 9708 4
9003 9495 1
9006 9247 1
9006 9970 1
9007 9678 1
9007 9204 4
9007 9282 1
9007 9652 1
9008 9801 1
9010 9556 3
9010 9384 1
9010 9500 1
9011 9841 2
9012 9881 2
9012 9098 1
9012 9373 1
9012 9501 1
9014 9088 1
9014 9852 1
9017 9916 1
9017 9409 3
9017 9451 1
9017 9510 2
9022 9814 1
9022 9809 1
9023 9207 3
9023 9926 1
9023 9218 1
9023 9490 3
9023 9844 6
9027 9644 2
9027 9103 2
9027 9790 2
9027 9847 1
9028 9641 1
9034 9165 1
9034 9926 2
9036 9317 1
9037 9667 1
9038 9970 1
9042 9464 1
9047 9410 1
9048 9821 1
9048 9513 12
9048 9595 1
9048 9526 1
9048 9097 1
9048 9887 1
9054 9882 2
9062 9142 2
9062 9984 3
9065 9402 4
9065 9304 1
9065 9572 1
9065 9611 1
9072 9171 1
9076 9155 1
9088 9528 200
9091 9702 5
9094 9439 2
9096 9892 7
9097 9984 1
9109 9540 3
9115 9606 4
9115 9811 1
9115 9980 1
9115 9562 1
9115 9149 1
9117 9566 1
9117 9846 2
9117 9221 4
9117 9996 19
9119 9186 1
9120 9457 1
9120 9619 1
9120 9360 1
9124 9401 1
9124 9576 10
9124 9815 1
9126 9147 2
9130 9276 2
9131 9528 3
9134 9432 2
9138 9841 2
9138 9208 1
9138 9458 2
9142 9441 1
9142 9437 1
9142 9231 1
9142 9418 1
9143 9733 1
9147 9933 15
9150 9948 4
9154 9540 2
9155 9775 3
9159 9983 1
9162 9943 1
9162 9950 4
9171 9922 1
9171 9372 3
9171 9888 1
9175 9984 8
9179 9900 3
9186 9274 1
9189 9498 1
9194 9432 1
9196 9432 11
9199 9410 4
9204 9503 1
9206 9276 5
9208 9549 1
9208 9234 1
9209 9672 1
9219 9977 1
9227 9988 2
9235 9540 1
9235 9841 1
9239 9885 1
9256 9322 1
9256 9577 1
9256 9622 3
9257 9983 1
9263 9765 1
9265 9600 1
9273 9478 2
9280 9690 1
9284 9917 3
9291 9359 1
9293 9948 2
9301 9981 173
9304 9879 1
9320 9432 1
9320 9431 1
9324 9464 1
9336 9461 3
9336 9974 1
9336 9671 1
9336 9386 1
9336 9699 1
9351 9841 1
9359 9887 1
9359 9854 1
9359 9886 1
9361 9690 2
9363 9483 1
9368 9869 1
9368 9933 3
9378 9984 1
9392 9983 1
9394 9962 1
9410 9590 1
9410 9801 1
9410 9934 1
9422 9439 1
9431 9822 2
9432 9911 1
9432 9441 1
9437 9966 1
9438 9962 1
9446 9690 2
9458 9714 2
9462 9600 4
9464 9927 1
9464 9951 4
9464 9991 1
9465 9966 3
9473 9582 1
9478 9566 3
9480 9607 1
9480 9673 1
9480 9830 27
9480 9886 1
9484 9690 1
9498 9682 1
9498 9955 2
9503 9843 1
9503 9985 1
9540 9601 3
9542 9702 1
9547 9762 2
9561 9836 1
9567 9885 1
9583 9981 3
9592 9675 2
9592 9840 1
9605 9952 1
9618 9757 5
9623 9841 2
9634 9893 1
9653 9690 1
9665 9984 2
9681 9984 4
9690 9878 200
9693 9885 1
9700 9899 1
9700 9706 2
9700 9814 1
9708 9841 1
9732 9765 1
9745 9981 8
9825 9841 1
9829 9966 3
9838 9948 2
9841 9973 1
9841 9923 35
9850 9900 1
9900 9998 1
