4 9787 1
27 9624 14
27 8970 6
27 8909 2
35 9575 1
35 9834 2
35 9606 6
35 9987 1
48 9469 1
48 8721 1
48 9264 1
48 9674 4
48 9936 1
48 8727 2
48 9262 1
56 9767 3
56 8760 1
56 9271 1
66 8694 1
66 9389 1
66 8710 1
66 9240 1
66 9750 4
66 9427 1
66 8708 1
66 8981 1
66 9069 2
85 9973 6
85 8761 1
88 9290 1
88 9083 2
88 9422 1
88 9771 2
96 9285 1
96 9687 1
96 9660 1
96 9238 2
96 9582 1
97 9566 1
97 8761 3
97 9062 2
97 9596 1
97 8732 5
97 9273 1
97 8991 1
97 9143 1
97 9450 1
97 9512 2
101 9743 3
101 8933 3
101 9231 1
101 9901 1
101 8617 1
101 9358 1
102 9187 13
102 9670 8
102 9426 1
111 9580 2
137 9467 63
137 9042 1
137 9773 1
137 9392 1
137 8618 1
137 9428 1
137 9115 2
137 9978 1
137 8676 1
149 9267 1
149 9450 1
149 9405 4
149 9433 2
149 8797 4
149 9146 1
149 9501 6
149 9032 1
153 9663 1
153 8685 1
153 8717 2
153 9064 2
153 9229 1
153 9873 1
157 8629 1
157 9875 16
157 8858 1
157 9772 1
157 9398 1
190 8881 1
190 9379 1
190 9451 1
195 9080 1
195 8594 1
195 9699 2
195 9681 1
204 8802 1
204 9206 7
204 9498 11
204 9776 6
204 9311 8
204 9692 1
210 9326 1
210 9583 80
210 8759 1
210 9267 1
235 8733 2
235 9176 1
235 9530 1
235 9615 10
235 8625 1
235 8658 2
235 9759 1
235 9969 1
235 9314 5
235 9677 3
250 9224 9
250 8610 17
265 9185 1
275 8582 1
275 9509 5
275 9639 1
275 8626 1
275 8893 1
282 8730 1
282 8604 4
282 8664 21
282 9909 1
301 9069 1
301 8869 1
301 9110 2
307 9031 1
307 9700 1
307 9553 8
307 9643 3
307 9353 200
307 9986 2
317 9959 1
317 9739 2
317 8971 1
317 9360 2
325 9312 2
325 8660 1
325 9487 1
334 9689 1
350 8927 3
350 9653 1
361 9252 34
361 9407 1
376 9099 1
376 9835 1
376 9058 2
376 9736 1
376 9555 1
376 9067 1
376 8949 2
376 8666 15
382 9092 2
382 9530 1
382 9751 1
382 8872 1
394 9896 2
394 8615 1
394 8827 1
412 9455 1
412 9507 24
413 5862 1
413 9350 1
413 9286 1
413 9698 1
413 9013 1
413 9389 1
413 9905 1
416 9767 2
416 9772 1
416 9129 1
416 9496 1
416 9687 23
424 9173 14
430 8574 1
430 9350 1
430 9264 3
432 9223 3
432 9073 2
432 9173 1
432 9104 1
432 9936 2
447 9543 1
447 8645 8
447 9379 1
447 9806 1
447 9893 2
447 8827 1
447 9146 1
460 9308 29
474 8897 1
474 9645 1
479 8626 4
479 9413 6
479 9185 1
479 9338 2
479 9627 1
479 9082 1
479 9301 6
503 9263 1
503 9783 1
503 9232 1
503 9405 1
509 8582 2
509 8813 9
509 9743 1
516 9771 1
516 8862 1
521 8964 1
521 9161 1
521 9342 1
521 9360 2
526 9402 1
526 9650 2
526 8784 1
526 8871 8
535 9987 1
535 9537 3
535 8894 1
547 9920 1
547 9924 4
547 9411 9
547 9631 1
550 9969 5
554 9304 1
554 9568 1
554 9719 2
554 9743 1
554 8743 1
554 9194 1
554 9257 1
554 9316 1
568 9413 1
568 9361 17
568 9724 3
581 842 1
581 8834 3
581 9064 1
581 9886 3
581 9431 1
581 9266 1
581 9075 1
581 9371 1
581 9846 3
585 8798 1
585 8851 1
585 9844 1
585 9967 1
585 8871 1
585 8995 13
585 9788 2
591 9536 1
591 8617 1
591 8616 6
591 8969 1
591 9273 3
591 9039 1
591 9179 3
591 9947 1
599 9977 1
599 9001 1
599 9973 1
611 9127 1
622 8934 4
643 9851 1
643 8705 2
645 9168 3
645 9194 1
645 9600 1
645 9436 1
645 9047 1
656 9026 1
656 9428 1
656 9763 4
663 9333 1
663 9846 1
663 9486 1
663 9815 1
663 9646 1
663 9392 2
672 8718 1
672 9004 2
672 9188 2
676 8660 1
676 8689 1
676 9270 1
681 9997 1
681 8737 1
681 8599 1
681 8989 1
681 9867 1
681 9314 1
681 9796 2
701 8839 15
701 8611 1
701 9421 1
708 9701 1
708 9306 1
708 8595 1
708 8897 32
708 9197 5
708 9624 1
715 9323 1
715 9465 1
715 9361 2
715 9437 1
715 9347 2
715 9393 1
715 9192 2
715 9413 1
738 9948 3
738 9605 1
750 8839 2
750 8800 2
750 9613 2
750 9158 2
753 9512 1
760 9153 2
760 9536 11
760 8916 2
777 9580 1
777 8775 1
777 9458 3
784 9796 3
784 9966 2
784 8664 1
784 9939 2
784 9430 1
784 9605 1
784 8903 8
784 9146 1
784 8755 1
784 9929 1
785 9381 1
785 8860 2
788 9155 2
788 9294 27
799 8868 2
799 8596 11
799 9269 4
799 9821 5
799 8807 2
799 9365 1
799 9338 1
799 9893 1
799 9274 1
809 8945 1
809 9715 1
809 9510 6
823 8657 1
823 9203 1
823 9337 3
823 9422 1
842 9346 1
842 9529 4
863 9784 1
880 9131 2
880 8829 1
892 8727 1
892 9337 1
892 9985 1
900 8809 2
900 9505 2
900 9283 1
900 9489 1
900 9602 1
900 9737 1
904 9254 10
904 8637 1
904 9145 1
904 9755 1
904 9173 1
904 9230 4
908 9622 4
908 9771 2
908 9229 1
908 9482 1
908 9859 1
908 8845 1
908 9432 1
908 9715 1
909 9037 1
909 9029 1
909 9121 1
909 9344 2
909 9103 2
909 9307 2
909 9743 1
922 9303 9
922 8962 11
922 9458 1
922 9487 1
925 8588 2
925 9566 1
925 8801 4
925 9234 2
925 9235 1
932 9967 1
932 9169 1
953 8996 1
963 9065 4
963 9325 4
963 9558 1
963 9821 3
972 9146 1
972 8987 1
972 9246 2
972 9530 3
972 8850 1
972 9092 42
989 9880 1
989 9825 3
994 8714 7
994 8603 1
994 9251 1
994 9424 9
1019 9342 1
1019 9405 1
1019 9250 1
1034 8729 1
1034 8877 1
1037 8720 2
1037 8838 1
1037 9761 1
1037 9825 1
1037 9555 2
1055 8915 1
1067 9566 1
1067 9207 1
1067 9340 2
1067 9310 1
1067 9387 2
1067 9994 1
1083 8714 1
1083 9042 1
1083 9211 8
1085 8813 2
1085 8572 2
1085 8767 2
1085 9861 2
1125 9148 1
1125 9311 1
1125 9992 1
1150 9275 1
1150 8921 2
1150 9959 1
1166 9835 1
1166 8850 1
1166 9739 1
1166 8707 2
1167 9847 3
1167 9849 1
1241 9229 1
1241 9709 2
1241 8589 2
1241 8881 2
1241 9571 3
1245 8610 2
1245 9644 2
1248 9650 2
1272 9457 13
1272 9290 1
1272 9261 4
1313 8619 1
1313 9072 1
1313 9935 5
1313 9431 1
1313 9533 1
1313 9992 1
1313 8883 2
1313 8907 2
1317 9789 1
1317 8916 7
1317 9250 1
1317 8929 3
1317 9667 1
1317 8842 2
1317 9484 1
1317 9628 60
1317 9839 1
1325 9786 1
1325 8890 1
1325 8849 1
1325 8685 1
1325 9865 1
1327 9195 1
1327 9360 7
1327 8607 1
1327 8714 1
1327 9524 1
1327 9724 1
1327 9284 1
1341 9689 1
1341 8689 1
1341 9759 1
1359 9234 1
1359 8695 2
1359 9870 3
1364 9741 1
1364 8614 5
1364 8801 1
1364 9315 1
1364 9210 1
1364 9607 1
1374 9178 1
1374 9499 1
1374 9772 1
1387 9013 11
1387 9199 1
1387 9986 76
1387 9179 1
1387 9784 9
1389 9203 2
1389 9598 1
1389 9683 1
1389 8734 1
1396 9006 1
1396 9116 1
1396 9733 1
1396 9037 3
1396 9768 77
1396 9835 1
1396 9967 2
1397 9171 1
1397 9017 2
1397 9931 1
1413 9310 2
1413 9719 3
1413 8737 1
1413 9981 2
1413 8608 1
1413 8625 1
1416 8777 1
1416 8632 1
1416 9553 1
1416 9637 1
1416 8794 5
1416 9787 7
1422 9950 1
1422 8608 1
1422 8970 2
1430 9302 2
1430 9034 2
1430 9632 2
1432 9012 3
1441 9484 1
1441 8777 4
1441 9134 3
1441 9135 2
1459 9793 1
1459 8798 1
1459 8616 1
1474 9353 12
1474 9149 3
1474 8678 2
1474 8762 37
1474 9742 1
1474 9977 1
1476 9050 2
1489 9731 5
1489 8929 1
1522 8705 2
1522 9983 1
1522 9693 1
1522 9767 39
1522 9829 1
1543 9607 1
1554 9608 4
1554 9481 1
1557 9303 6
1557 9760 1
1557 8873 1
1557 9628 2
1557 9774 1
1576 9431 1
1576 9793 1
1578 9187 1
1578 9509 1
1578 9742 1
1578 9849 43
1578 8968 3
1607 8814 29
1607 9594 1
1607 9598 1
1607 8750 1
1607 9603 1
1607 8658 19
1607 9233 1
1611 8847 2
1611 9351 1
1611 9095 12
1621 9428 1
1621 8967 3
1623 8581 4
1623 8594 1
1623 8775 1
1623 9666 1
1623 8898 1
1623 9622 1
1623 8631 1
1623 9112 1
1623 9464 1
1623 9564 1
1623 9838 1
1668 9622 3
1668 8764 1
1668 9270 2
1668 9617 2
1668 9224 21
1668 9643 2
1670 9711 1
1670 8717 5
1670 9141 2
1670 9285 5
1670 9636 1
1676 9196 1
1676 8763 3
1676 9579 4
1676 8752 1
1676 8878 1
1676 9221 2
1676 9264 3
1684 9026 106
1684 9454 1
1691 8916 10
1691 9208 3
1691 8702 3
1697 9494 1
1697 9151 1
1697 9466 1
1697 9629 4
1697 9945 1
1697 9965 3
1703 9861 5
1703 9281 2
1703 8780 2
1703 9316 2
1703 9556 1
1703 8755 1
1703 9887 4
1703 9961 5
1709 9307 1
1709 8581 36
1720 8572 2
1720 9014 3
1724 9318 1
1724 8957 1
1724 8736 5
1724 9333 1
1724 9634 1
1728 9992 5
1729 8839 2
1729 9165 1
1729 9896 1
1729 8743 1
1729 9725 1
1729 9727 8
1729 9740 10
1729 9809 1
1729 9202 1
1738 8878 2
1738 8740 4
1738 9859 1
1738 8779 95
1758 9821 2
1758 9880 1
1767 9559 1
1767 9139 3
1774 8853 1
1774 9041 1
1783 9345 1
1783 9051 1
1783 9924 1
1783 8588 1
1792 9801 1
1792 9254 2
1792 9412 1
1795 9967 1
1800 9990 2
1800 8731 1
1800 9125 1
1800 9551 1
1800 9926 149
1813 9509 1
1813 9817 2
1820 8995 3
1820 9985 2
1820 8989 60
1820 9534 12
1837 9776 1
1837 9666 1
1837 8809 1
1837 9608 2
1839 9682 2
1857 8944 52
1857 9797 1
1857 9281 1
1857 8860 3
1857 9543 1
1857 9615 2
1857 9947 67
1877 8858 1
1877 9524 1
1877 9819 1
1887 9084 1
1887 9677 1
1887 8625 1
1889 9703 1
1889 9034 1
1889 9805 2
1908 9666 1
1908 9359 1
1927 8584 1
1927 9909 1
1927 9108 1
1927 9723 2
1930 9860 1
1930 8714 7
1930 8787 14
1930 9154 52
1930 9673 2
1934 9710 3
1934 8653 21
1934 9428 1
1934 9622 1
1934 9670 1
1943 9072 2
1943 8893 1
1943 8763 1
1958 8959 1
1958 9859 2
1958 9198 70
1959 8813 1
1959 9896 1
1969 8564 2
1969 9153 1
1969 9509 1
1989 9591 10
1989 8853 4
1995 9054 1
1995 9164 1
1995 8729 2
2012 9381 1
2012 9985 2
2012 8714 7
2012 9178 1
2035 9636 2
2035 8614 1
2035 8695 2
2039 9603 1
2039 8780 1
2039 9099 9
2039 9393 1
2039 9627 1
2075 9486 3
2075 9605 1
2075 8795 1
2075 9986 1
2081 9925 3
2081 9499 2
2081 9599 1
2081 9603 1
2084 8901 4
2084 8978 1
2084 9371 1
2084 8993 6
2084 9079 1
2084 9139 2
2084 8816 1
2105 9741 9
2105 9440 1
2105 9312 6
2108 9213 1
2108 8777 2
2108 8859 3
2122 9020 1
2122 9557 2
2144 9769 1
2144 8881 1
2152 8722 1
2152 8915 1
2152 9698 1
2163 8586 1
2163 9536 1
2163 8995 1
2163 9815 1
2163 9856 1
2168 8658 1
2168 9663 6
2168 8695 1
2168 9050 1
2196 9063 1
2196 9479 1
2196 9591 2
2196 8826 2
2196 9518 1
2196 8706 1
2196 9224 1
2196 8593 24
2196 9844 1
2196 8838 2
2196 9594 2
2196 9090 2
2198 8964 1
2198 9312 2
2198 8746 1
2198 8576 1
2198 9596 1
2198 9920 1
2198 9751 2
2198 9982 2
2232 8939 1
2232 9581 1
2235 9644 1
2246 9512 19
2246 9414 1
2246 8618 1
2246 9911 4
2273 8727 1
2273 9915 1
2273 9952 1
2279 9105 1
2284 9772 3
2284 8689 1
2284 9128 1
2284 9175 2
2284 9565 2
2284 8906 1
2295 8716 1
2295 9437 6
2295 8759 5
2306 9952 2
2306 9204 1
2323 9084 1
2323 9851 2
2323 8964 4
2325 9731 1
2325 9803 1
2327 8999 4
2327 8743 1
2327 9365 15
2327 9827 2
2327 9308 1
2329 8612 3
2329 9591 1
2329 8780 1
2329 9409 1
2329 9558 1
2329 9598 1
2345 9485 1
2345 9553 1
2345 9948 1
2345 9110 5
2345 8941 1
2348 9331 1
2348 9365 2
2348 8777 2
2348 9676 1
2348 9926 1
2348 8676 3
2348 9004 1
2348 9147 2
2348 9766 1
2351 9337 4
2351 9703 2
2351 9593 1
2368 9288 1
2368 9537 1
2368 9895 1
2368 9037 1
2368 8981 1
2368 9127 1
2368 8887 200
2370 9024 5
2370 9257 1
2376 9819 1
2376 8660 1
2400 8729 1
2400 9516 2
2400 8968 2
2400 8694 1
2400 8815 1
2400 8818 1
2400 9243 9
2410 9058 1
2410 9260 2
2413 9061 1
2413 9403 2
2413 9003 3
2414 9195 1
2416 8909 39
2416 9015 1
2416 9063 1
2416 9599 2
2416 9113 2
2441 8964 6
2442 9873 3
2442 9990 7
2469 8874 1
2469 8955 1
2475 8871 8
2475 9318 1
2475 9051 1
2475 9918 13
2475 8800 2
2483 9982 11
2490 9252 1
2490 8624 1
2490 9551 1
2490 9910 4
2506 8709 2
2506 8817 1
2506 9242 1
2506 9819 1
2506 9795 5
2506 8611 2
2506 9321 1
2506 9482 1
2509 9937 2
2509 9178 1
2509 9202 1
2509 9998 1
2509 8732 1
2509 9636 1
2509 9823 1
2509 8632 1
2509 8757 2
2509 8765 1
2509 9826 1
2509 9126 1
2535 9968 1
2536 8733 6
2536 9289 2
2536 9566 1
2536 9740 4
2538 8607 1
2538 9778 1
2538 8765 1
2545 9271 1
2552 9908 1
2552 8950 13
2552 9498 6
2552 8612 3
2554 9484 1
2554 9125 1
2554 9409 1
2564 9407 2
2564 9517 1
2564 8872 1
2566 9861 4
2566 8959 1
2566 9293 1
2566 8760 2
2566 9010 1
2575 9038 1
2575 9648 1
2579 8689 1
2579 9760 3
2579 8800 2
2599 9773 21
2599 9430 2
2608 9160 1
2608 9238 1
2608 9856 1
2608 8878 1
2608 9581 1
2609 9414 1
2609 9887 2
2609 9488 1
2609 9530 1
2609 9965 2
2609 9036 16
2614 8583 1
2614 8664 1
2619 8959 2
2619 9330 1
2619 8833 1
2619 9230 1
2637 9288 1
2637 9465 1
2654 9095 1
2663 8576 2
2663 9590 45
2699 9489 1
2699 8566 1
2699 9646 1
2700 9154 1
2700 9254 1
2704 9761 129
2704 9923 1
2708 8801 4
2708 8874 2
2708 8712 1
2708 8894 7
2721 8614 2
2721 9189 1
2721 9029 1
2721 9656 1
2721 9866 4
2722 8737 1
2748 8635 1
2749 9251 1
2749 9018 1
2749 9327 3
2749 9407 1
2749 9827 4
2749 9113 8
2749 8848 1
2750 9667 3
2750 9847 1
2750 9176 1
2750 8736 1
2750 9122 4
2750 8802 1
2750 8898 1
2785 8824 1
2785 9232 66
2789 8922 4
2789 9206 1
2789 9997 3
2789 8819 1
2789 9239 22
2789 9860 1
2789 9983 1
2791 8584 1
2791 9968 3
2798 9754 1
2798 8909 7
2798 8703 1
2798 9392 1
2798 9164 4
2814 8881 1
2814 8741 2
2814 8850 1
2814 9815 1
2814 9870 1
2830 9472 1
2830 8573 1
2830 9676 1
2859 9356 1
2859 9952 1
2859 9464 2
2859 9432 1
2859 9598 1
2864 9122 1
2864 9997 2
2867 9277 1
2867 9053 7
2867 8677 1
2867 9154 1
2867 9155 1
2875 9881 2
2875 9403 1
2875 9968 1
2875 8998 1
2877 9621 1
2877 9266 2
2878 9430 7
2878 9362 1
2878 9723 1
2878 9527 1
2878 8992 1
2878 9950 1
2878 9954 6
2882 9328 1
2882 8688 1
2882 9525 3
2882 9917 3
2890 9083 1
2890 9760 1
2890 9845 1
2890 9038 1
2890 9467 1
2890 9117 5
2890 9306 3
2895 8743 5
2895 9276 1
2901 9396 8
2901 9535 1
2901 9985 4
2915 9125 1
2915 8653 40
2915 8846 1
2919 9358 1
2919 9330 1
2919 9355 1
2933 9844 3
2933 8896 2
2946 9324 2
2946 9168 7
2946 9960 1
2951 9534 1
2961 9970 1
2961 9086 3
2961 9074 2
2961 9290 1
2961 9406 6
2961 9433 2
2971 9826 1
2971 9409 1
2971 9440 3
2971 9621 1
2971 9767 4
2971 8988 2
2971 9139 5
2971 9864 1
2971 8743 6
2971 9619 2
2972 8785 1
2972 8917 1
2972 9769 1
2990 9420 1
2990 9143 2
2990 9017 1
2990 9336 1
2990 9608 1
2990 9053 1
3023 8885 1
3023 9061 1
3023 8637 1
3023 9336 1
3038 9516 1
3038 8848 2
3038 9496 1
3038 9879 2
3038 9554 49
3060 9344 1
3084 9090 5
3084 9606 3
3087 9966 2
3087 9331 1
3087 9501 1
3097 9578 2
3097 8818 2
3097 8877 1
3097 9534 1
3097 8635 1
3097 9768 1
3100 8896 16
3102 9073 2
3102 8759 3
3102 8868 1
3109 9432 1
3109 8968 1
3109 8825 1
3119 9491 1
3119 9423 2
3119 9628 1
3119 8829 1
3126 9109 1
3126 8706 7
3126 9198 1
3126 9745 1
3126 9563 1
3126 9603 14
3135 8693 1
3135 9235 1
3135 9031 1
3135 8995 1
3135 9080 1
3135 9663 1
3137 8589 1
3137 9020 1
3137 9973 1
3137 9860 1
3137 9563 1
3137 9368 1
3140 8996 1
3140 9348 1
3140 9735 1
3140 9205 1
3140 9930 1
3140 9457 8
3140 8790 1
3167 9091 1
3176 9652 1
3176 8896 2
3176 9330 1
3182 9190 2
3182 9361 4
3182 8780 143
3190 8868 2
3190 9865 1
3190 9215 1
3191 9437 1
3191 9082 1
3195 8780 1
3195 9252 1
3197 9278 1
3197 8964 1
3197 9525 1
3197 9776 12
3213 9781 1
3213 9699 14
3236 8936 2
3236 8925 2
3236 9810 1
3236 8815 3
3236 9388 1
3247 9178 1
3247 9030 1
3247 9493 1
3248 9334 1
3248 8799 1
3248 9636 3
3248 8645 1
3248 9055 2
3256 9592 3
3256 9600 10
3256 9802 1
3256 8783 5
3256 9278 1
3256 9549 2
3281 8934 1
3281 9048 14
3281 9310 1
3281 8581 1
3281 9130 2
3281 9137 2
3281 9231 1
3284 8730 1
3284 9413 1
3284 8755 1
3284 9602 1
3284 8967 1
3284 9005 1
3284 9622 1
3284 9876 1
3287 9311 2
3287 9523 1
3287 9599 2
3294 9536 3
3294 9124 4
3294 9021 9
3294 9445 7
3297 8898 6
3303 9845 1
3303 9548 1
3303 9981 1
3309 9215 1
3309 8755 1
3309 9455 1
3309 9847 3
3338 9454 1
3338 8733 1
3349 9431 3
3356 9934 1
3356 9350 1
3363 9018 1
3363 9175 2
3363 9569 1
3366 9549 7
3366 9269 1
3366 9869 5
3366 8632 1
3381 9607 1
3381 8660 6
3381 8894 3
3381 8716 1
3381 8936 1
3381 8805 5
3384 9508 1
3384 9864 26
3395 9406 3
3395 9194 1
3397 9127 1
3397 8745 2
3397 8891 200
3397 9400 1
3410 9554 1
3410 9260 2
3430 8819 6
3430 8987 1
3434 9406 3
3434 9260 4
3434 9677 1
3434 9196 1
3434 9954 1
3446 9737 1
3446 9244 1
3446 9448 1
3453 9140 1
3453 8910 1
3474 9714 2
3474 8743 1
3474 9875 1
3474 9078 2
3474 9711 1
3475 9519 2
3475 9189 2
3475 9615 3
3475 9795 1
3479 9205 1
3507 8752 1
3507 9452 1
3507 9479 1
3509 8667 1
3509 9249 22
3509 8638 11
3509 9510 3
3509 8615 4
3509 8767 1
3509 8621 2
3509 9295 1
3509 9620 1
3515 9122 1
3515 9632 1
3515 9099 1
3515 9145 1
3515 9775 2
3515 9423 2
3520 9617 1
3520 8846 1
3520 8859 3
3528 9461 1
3528 9620 1
3528 9232 1
3528 9389 1
3531 8827 8
3531 8745 2
3531 9364 1
3536 8733 4
3536 9356 1
3536 9243 1
3536 9663 2
3536 8619 1
3536 8846 1
3549 8674 7
3549 9642 2
3549 9062 5
3549 9213 2
3549 9505 1
3549 8621 1
3549 9887 3
3559 9192 5
3559 9443 1
3559 8907 1
3559 9213 2
3559 9149 4
3559 9305 3
3596 8648 10
3596 9901 5
3596 8839 1
3596 9780 12
3600 9473 11
3600 9511 3
3600 9982 1
3600 9198 1
3621 8980 1
3621 8650 1
3621 8975 1
3621 9621 3
3621 9927 4
3621 9218 13
3621 9362 2
3626 9383 1
3626 8836 1
3626 8877 5
3632 9061 1
3632 8662 1
3634 9019 2
3634 9485 1
3634 9832 109
3636 9014 1
3639 8657 2
3639 9188 1
3639 8626 1
3639 8903 1
3654 9501 1
3654 9273 4
3677 9035 1
3677 9079 2
3693 9420 1
3693 8963 2
3704 9674 1
3704 9286 1
3704 9161 3
3715 9203 1
3715 9469 5
3720 9278 1
3720 9721 1
3720 9355 3
3720 9266 1
3720 9402 1
3729 9725 2
3740 9967 1
3747 9788 1
3747 8752 11
3747 9997 4
3747 9067 1
3791 9751 1
3791 8902 12
3791 9526 1
3807 9715 1
3807 9600 1
3829 8638 5
3829 9819 1
3829 8702 9
3829 9064 6
3829 9853 1
3829 9541 1
3829 9879 1
3829 9949 2
3846 9053 1
3846 8596 1
3846 9334 3
3846 9473 4
3846 9597 1
3855 9048 1
3866 9959 1
3866 8988 1
3866 8938 1
3866 8851 1
3866 9300 1
3866 9616 2
3875 9523 2
3875 9170 4
3875 9407 12
3879 9103 1
3890 8585 1
3890 9365 2
3890 9101 1
3890 9324 2
3890 8878 1
3890 9124 1
3897 6876 1
3897 8873 1
3897 9441 1
3904 9284 3
3904 9007 2
3904 9948 1
3904 9141 1
3904 9667 3
3904 8769 1
3904 8849 1
3904 9657 3
3945 9477 1
3945 9607 1
3945 8877 1
3945 9825 1
3945 8924 1
3945 8932 4
3945 8845 1
3945 9467 1
3945 9488 1
3945 9502 1
3963 9124 1
3963 9696 2
3963 8574 12
3979 9799 1
3979 9584 9
3979 9778 1
3979 9269 1
3990 9151 2
3990 9055 1
3994 8932 1
3994 9551 1
3994 9977 1
3994 9188 1
3994 9823 1
4004 8693 2
4004 9336 1
4004 8585 3
4004 9001 3
4004 9171 1
4008 9108 200
4008 9311 20
4008 9257 1
4008 9444 2
4008 9481 5
4008 9199 1
4008 9511 1
4011 9268 1
4011 9508 82
4011 8925 2
4011 9597 7
4011 9164 1
4014 9473 1
4020 9617 1
4020 9559 1
4020 8653 1
4044 8639 1
4044 8788 9
4044 8706 14
4044 9212 3
4056 8922 2
4056 9419 1
4056 9813 3
4059 8755 1
4059 9266 1
4066 9432 1
4066 9709 1
4071 9738 1
4086 8845 4
4086 9135 1
4086 9657 1
4086 9883 1
4099 9328 1
4099 9419 1
4099 9701 2
4099 9786 3
4099 9742 3
4104 8944 1
4104 9568 2
4104 9084 1
4105 8637 2
4105 9667 1
4111 8710 1
4111 9652 1
4121 8896 1
4121 8797 3
4121 8689 1
4121 9770 1
4121 9935 1
4121 8965 1
4121 9379 1
4121 9001 4
4132 9006 1
4132 8574 1
4132 9544 3
4145 8994 1
4145 8835 1
4150 9403 1
4150 8581 7
4150 8740 1
4150 9124 1
4150 9128 1
4150 8939 1
4150 9206 1
4150 9895 2
4150 9958 2
4159 9126 1
4159 8662 2
4159 8757 1
4160 9461 1
4160 9316 2
4164 9073 2
4168 9796 1
4168 8766 1
4168 8624 1
4168 9418 1
4168 9684 2
4173 8598 1
4173 9500 1
4220 9916 1
4220 9013 1
4220 9639 2
4226 9503 1
4226 8658 1
4226 9387 1
4226 9651 1
4226 9805 2
4226 8698 1
4226 9849 1
4239 9135 1
4239 9613 1
4239 9813 1
4239 8566 3
4239 9083 1
4240 9169 2
4240 8845 1
4240 9141 1
4240 9867 9
4240 9254 2
4240 8849 3
4240 8746 1
4240 8769 1
4248 9027 1
4248 9961 3
4248 9826 1
4249 9109 2
4249 9218 1
4249 9069 2
4249 9412 2
4249 9167 1
4250 9350 3
4250 8652 1
4250 9188 1
4250 9168 6
4250 9752 1
4250 8635 1
4250 9513 1
4257 8964 1
4257 9228 1
4265 9207 14
4273 8784 1
4273 9838 2
4273 8599 1
4273 9861 1
4273 9489 1
4273 9762 2
4276 8797 3
4276 9754 1
4276 9727 1
4276 9966 11
4277 8710 1
4311 9673 1
4311 8890 4
4311 8917 1
4311 8638 3
4314 8727 7
4317 9313 1
4317 9533 1
4317 9824 1
4317 9411 1
4317 8834 6
4330 9621 1
4330 9625 1
4355 8674 1
4359 9086 1
4362 9645 1
4362 8618 1
4362 8935 1
4363 8838 1
4363 9022 2
4363 9145 3
4363 9948 1
4363 9747 1
4367 9689 1
4367 9160 2
4367 9661 1
4367 9787 2
4367 9750 1
4368 8780 1
4368 9479 7
4368 9681 3
4370 9838 2
4370 9062 1
4379 9252 1
4379 9607 5
4379 8839 1
4379 9128 1
4379 9218 1
4379 9582 4
4379 9684 1
4379 8576 1
4379 9041 1
4406 9155 9
4406 9015 1
4406 9012 3
4406 9096 1
4406 9236 2
4417 8874 28
4417 9426 1
4417 9970 2
4417 9401 2
4423 8651 1
4423 8716 6
4431 8848 7
4439 8661 1
4439 8901 1
4439 9215 1
4447 9769 1
4447 9719 6
4447 9766 1
4447 9183 1
4447 9216 1
4447 9770 3
4447 8979 1
4447 9008 1
4447 9957 1
4449 8827 2
4465 9327 1
4465 8824 1
4465 8878 1
4465 9372 1
4465 9364 1
4465 9934 1
4472 9558 7
4480 9623 1
4480 9942 2
4480 8978 1
4489 9043 1
4489 9884 21
4489 9084 1
4489 9664 1
4508 8902 2
4508 9887 1
4508 9062 2
4508 8759 1
4508 9656 2
4508 8732 6
4508 9556 1
4519 9065 1
4519 8670 1
4531 8734 3
4531 8851 1
4531 9312 1
4531 9889 1
4531 9559 1
4541 8894 30
4541 8883 1
4541 9065 1
4541 8813 1
4541 8922 1
4541 9677 1
4541 9875 1
4541 9916 1
4550 9403 1
4550 9004 2
4550 9584 2
4550 9726 3
4550 9935 1
4550 9293 1
4551 9078 3
4551 8975 1
4551 9759 1
4551 8683 5
4551 9411 1
4568 8564 4
4568 9021 1
4568 9213 1
4568 9792 1
4568 9389 1
4569 8971 12
4569 9631 3
4569 9388 1
4569 9026 1
4569 9063 1
4569 9522 1
4573 8740 2
4573 9067 9
4573 9879 1
4573 9557 1
4573 9978 2
4582 9513 1
4582 9859 1
4584 8637 1
4584 8712 8
4584 9018 1
4584 9395 1
4584 8745 1
4584 8984 1
4584 8609 1
4584 8833 7
4584 8969 9
4594 9450 38
4594 8698 91
4602 8768 2
4602 9399 200
4602 9681 1
4602 9565 13
4602 9946 1
4602 8673 2
4602 8693 1
4602 9965 2
4602 8813 1
4602 9786 24
4604 8639 1
4604 9300 1
4616 8693 1
4616 9116 2
4616 8617 1
4616 9063 1
4616 9637 1
4616 9344 4
4616 9399 9
4616 9444 17
4626 8805 1
4643 9738 2
4643 9793 9
4643 9817 1
4646 8609 1
4646 9244 1
4646 9297 1
4650 8969 1
4650 9886 1
4650 9313 2
4650 8730 22
4650 9760 21
4663 8694 3
4663 9148 1
4663 9420 1
4663 9462 1
4663 9834 1
4663 9835 3
4668 9624 1
4668 8768 2
4675 9116 1
4675 9913 1
4675 8667 2
4688 8883 4
4688 8938 1
4688 8945 1
4688 9700 1
4695 9931 2
4705 9887 1
4705 9527 15
4739 9369 2
4739 9917 4
4739 8858 1
4742 9277 6
4742 9362 1
4742 9050 1
4769 9006 2
4769 9591 1
4775 8897 2
4775 9192 1
4775 9994 8
4775 9516 10
4829 9306 1
4829 9905 4
4829 8837 3
4836 8619 1
4836 9442 1
4836 9494 1
4836 9683 1
4845 8708 1
4845 9037 1
4845 9845 3
4860 9841 1
4860 9121 1
4864 9231 1
4864 8611 1
4864 9864 1
4864 9563 1
4864 9761 1
4864 9846 1
4864 9081 54
4864 9658 1
4869 8929 2
4869 9077 1
4869 9889 1
4869 8674 32
4869 9346 1
4869 9670 1
4874 8887 1
4874 9674 1
4890 9639 2
4890 9733 2
4890 9731 6
4890 9118 5
4909 8674 1
4909 9726 2
4909 9158 1
4909 9130 1
4909 9210 1
4909 9559 1
4909 9143 2
4923 9347 1
4923 8657 1
4923 9627 3
4923 9402 1
4928 9910 1
4930 8977 1
4930 9200 10
4930 8750 11
4931 9747 2
4931 8629 1
4931 9327 1
4931 9586 2
4934 9740 1
4934 9661 1
4953 9098 1
4953 9198 2
4953 8761 1
4953 9740 1
4953 8674 1
4957 8846 1
4957 9233 1
4957 9351 1
4962 8657 1
4962 9823 60
4984 9270 3
4986 8582 1
4986 9051 1
4986 8657 10
4986 9790 11
4989 9862 2
4989 9617 4
4989 9799 2
4996 8949 1
4996 9931 2
5004 8962 1
5004 8598 3
5007 8802 12
5007 8907 1
5007 9842 1
5007 8758 4
5007 9321 1
5012 9183 1
5012 9486 1
5012 9538 1
5012 9645 2
5025 8678 27
5034 8910 7
5034 9786 1
5037 9031 1
5055 8833 2
5055 9129 1
5076 9485 13
5076 9194 2
5076 9213 4
5076 9948 2
5081 8794 3
5081 9571 1
5081 8959 1
5081 9498 2
5081 9328 12
5085 9422 1
5085 8791 2
5085 8683 2
5085 9186 1
5085 8824 1
5085 8861 1
5095 9768 1
5095 9019 2
5095 9440 9
5102 9137 1
5102 9879 1
5102 8876 1
5102 9316 1
5102 9466 2
5102 9267 2
5121 8837 1
5121 9887 1
5121 9176 1
5128 9584 3
5128 8586 1
5129 9865 2
5129 9151 1
5151 8964 1
5151 9455 1
5151 9714 5
5151 9767 2
5152 9848 2
5152 9153 6
5152 8674 2
5152 8843 3
5165 9290 2
5165 9631 1
5167 8757 4
5167 9165 1
5167 9703 1
5167 9061 4
5167 9251 8
5167 9827 1
5185 9464 1
5185 9736 1
5216 9745 2
5216 9038 1
5216 9946 22
5223 9086 4
5223 8756 1
5223 9633 1
5223 9721 2
5235 9692 2
5235 9541 1
5253 9507 2
5273 9927 13
5273 9092 3
5273 8836 3
5273 8962 1
5277 9500 1
5277 8962 5
5277 9140 1
5277 8614 1
5277 9834 7
5277 9538 2
5277 8722 1
5289 8695 1
5289 8739 1
5289 9847 1
5289 9978 1
5289 9059 5
5289 9457 1
5289 9818 2
5295 9631 2
5295 9614 3
5318 8661 1
5318 8718 1
5318 8957 1
5322 9759 2
5322 8707 2
5326 9572 4
5329 9925 5
5357 9679 1
5357 9226 1
5365 9286 4
5365 9235 1
5365 9101 1
5365 9111 1
5370 9246 1
5370 9869 4
5370 9169 1
5370 9115 3
5378 9334 6
5378 9543 1
5382 8585 3
5382 8617 1
5382 9252 4
5382 9362 1
5382 8584 1
5382 8760 1
5382 8829 1
5382 8952 1
5382 9350 2
5382 9383 2
5382 9307 1
5382 9660 3
5382 9735 3
5403 9731 1
5403 8626 1
5403 8693 1
5403 8949 1
5409 9498 1
5409 8727 1
5409 8607 3
5417 9773 4
5427 9110 1
5427 9289 1
5427 9065 3
5427 9784 1
5427 9451 1
5427 9773 1
5427 9918 1
5439 9197 1
5439 9842 8
5439 8584 4
5439 8661 11
5460 8656 200
5460 8702 1
5460 9586 6
5460 8927 1
5460 8951 1
5464 9741 2
5464 9801 1
5504 9426 1
5504 8797 3
5527 9325 1
5527 8745 1
5527 8594 8
5527 9167 1
5527 9858 1
5528 9241 1
5528 9005 2
5528 9940 1
5539 9817 3
5539 9273 19
5539 9514 1
5544 8704 7
5544 9250 1
5544 8916 1
5544 9514 2
5544 9401 5
5544 9803 1
5544 8750 1
5544 8920 1
5544 8933 8
5544 9185 1
5544 9326 3
5544 9726 1
5555 9873 74
5562 9441 2
5575 9056 1
5579 8634 1
5579 8838 1
5588 8827 5
5588 9436 1
5588 9600 1
5588 9328 2
5588 9956 1
5588 9246 1
5588 8991 1
5588 9399 5
5623 8991 1
5623 8647 1
5626 9084 3
5626 9619 3
5626 9280 1
5630 9747 1
5630 9330 1
5630 9393 1
5630 9308 1
5630 8589 1
5630 9695 15
5630 9970 4
5635 9233 1
5635 9905 1
5635 9202 1
5645 9268 1
5645 9443 1
5645 9618 1
5648 8906 6
5648 9441 2
5648 9586 1
5652 8565 1
5652 8785 1
5652 9498 1
5660 9958 200
5660 9755 1
5660 9303 1
5660 8970 1
5698 9973 1
5698 9010 1
5698 9536 1
5711 9158 1
5711 8678 1
5711 9015 1
5717 9187 3
5736 8753 1
5736 9817 1
5736 9022 2
5736 8704 2
5736 8720 1
5737 9063 5
5737 9925 1
5738 9388 2
5738 8708 19
5738 9421 1
5738 9078 1
5740 9432 21
5740 9195 1
5749 8980 123
5751 9307 1
5751 9252 1
5759 8993 1
5759 9876 1
5759 9538 1
5789 9660 1
5789 8629 2
5794 9229 7
5794 9735 3
5794 9478 5
5799 8588 1
5799 9366 13
5799 9747 1
5799 9920 16
5799 8584 1
5806 9943 2
5806 9662 1
5827 9455 1
5827 9555 1
5829 9502 1
5862 8817 2
5862 9155 1
5863 9696 1
5863 9270 1
5866 9423 1
5877 9204 1
5882 9380 1
5883 9627 1
5883 8936 1
5883 8920 2
5883 9851 2
5887 9412 3
5887 9653 2
5887 9058 1
5905 9458 1
5905 9233 1
5905 9290 1
5905 9481 1
5905 8885 1
5905 9091 6
5905 9906 6
5907 9260 1
5907 9564 2
5907 9736 1
5915 9961 1
5915 8814 1
5922 9580 1
5944 8656 1
5982 8941 1
6005 9260 1
6005 9834 1
6008 8819 2
6040 9908 3
6040 8680 1
6040 9059 2
6040 9183 1
6040 9946 1
6042 9920 1
6042 9667 1
6042 9077 1
6042 9340 1
6042 9658 1
6050 9600 1
6050 9137 1
6050 9022 3
6050 9460 7
6050 8837 1
6050 9193 1
6054 9473 9
6054 9910 4
6054 8805 1
6054 9771 1
6054 9460 1
6054 8998 1
6055 9110 3
6055 9202 1
6055 9358 1
6055 8593 1
6055 9689 3
6058 9224 2
6058 9480 1
6058 9140 2
6058 9381 1
6058 9770 4
6058 9869 1
6059 8662 7
6059 9574 3
6059 9726 1
6059 8607 2
6059 8910 1
6059 9074 1
6077 8647 6
6077 8664 1
6077 8753 1
6077 8741 2
6077 9964 109
6077 9344 1
6082 9749 1
6082 8766 1
6082 9324 1
6085 9280 2
6090 9075 1
6090 9329 1
6090 9327 4
6124 9911 14
6139 9672 1
6139 8996 1
6139 9752 1
6146 9195 1
6146 9808 1
6146 8955 3
6146 9031 1
6146 9580 1
6152 9464 17
6152 9461 1
6152 9682 2
6164 9264 2
6164 8795 2
6164 9077 1
6164 9649 1
6171 9015 1
6171 8983 6
6171 9079 1
6189 9194 21
6189 9537 2
6203 8635 1
6203 8739 1
6208 9261 1
6208 8934 2
6209 9879 1
6209 8791 1
6209 8613 1
6211 9108 2
6211 8779 1
6211 9001 1
6211 9853 1
6211 8996 4
6211 9349 1
6211 9873 3
6211 8988 18
6215 9419 1
6215 9042 1
6215 9642 1
6215 8631 3
6215 9331 1
6245 9452 2
6245 9633 1
6245 8788 4
6252 9301 7
6252 9406 1
6264 9751 2
6264 9842 2
6275 9926 1
6297 9135 3
6297 9911 2
6297 9109 1
6306 9234 3
6306 8709 1
6324 9802 2
6324 9983 7
6352 8842 1
6352 9496 1
6369 9493 3
6369 9789 1
6398 9021 1
6398 8614 2
6405 9966 1
6421 8647 2
6421 9466 3
6421 9353 1
6421 9896 5
6421 9501 1
6421 8582 1
6421 8847 2
6421 9147 1
6427 9010 2
6427 8680 3
6427 8897 2
6427 9438 1
6430 8740 1
6430 9609 1
6430 8746 1
6430 9147 1
6430 9244 2
6430 9179 1
6430 9809 1
6440 9330 1
6440 9856 2
6440 9581 1
6440 9227 1
6440 9639 1
6440 9967 1
6461 9079 5
6461 9369 1
6461 9454 3
6461 9544 1
6461 9164 1
6476 9912 4
6476 9848 3
6476 9435 9
6476 9594 1
6476 9609 2
6481 9126 2
6484 9218 21
6484 8583 1
6484 8604 1
6485 9009 1
6485 9262 1
6498 9496 1
6498 9620 2
6498 9494 2
6498 8777 1
6498 8815 4
6498 9043 3
6498 8645 9
6498 8683 1
6498 8737 8
6516 9402 1
6516 9338 2
6525 9340 40
6542 9005 3
6557 9442 1
6566 9566 8
6566 9508 1
6566 8860 2
6574 9651 1
6574 9101 1
6581 9574 1
6581 9966 1
6581 9998 1
6581 9183 1
6581 9841 1
6581 8618 1
6581 9229 1
6598 8921 1
6598 9733 2
6598 9076 1
6606 9572 2
6613 9542 1
6613 8739 2
6613 9586 1
6613 9301 2
6614 9300 1
6614 9193 2
6614 9749 23
6619 9810 2
6619 8787 1
6619 9645 1
6624 9739 1
6624 9466 1
6624 9568 1
6650 8691 2
6650 8847 1
6650 9438 1
6650 9518 1
6650 9917 1
6650 8752 2
6650 8819 1
6650 9119 1
6650 9494 1
6650 9141 2
6656 8707 1
6656 9444 1
6656 8746 1
6656 9235 3
6656 9036 2
6678 9629 3
6678 9396 1
6678 8565 1
6680 9356 27
6680 9768 1
6691 9784 1
6691 9571 1
6691 9803 1
6691 8703 1
6691 9889 7
6693 8863 1
6693 9583 1
6693 9996 2
6702 8657 2
6702 9948 1
6702 9138 1
6711 8603 5
6711 9482 1
6711 8817 1
6715 8598 1
6715 9719 1
6715 9163 1
6723 9160 1
6723 9881 2
6723 9303 2
6723 9342 1
6723 9908 3
6728 9364 17
6732 8737 11
6732 9563 1
6732 9795 1
6732 8585 1
6732 9207 2
6774 9626 1
6774 9192 1
6774 9022 2
6782 9274 1
6782 9425 1
6782 9769 1
6782 9969 1
6798 8589 4
6798 9438 1
6830 9913 3
6830 9509 11
6830 9488 3
6830 9747 85
6836 8610 1
6836 9075 2
6836 9693 1
6836 9006 2
6836 8753 10
6837 9200 5
6853 9297 1
6853 8911 1
6853 9479 3
6853 8688 4
6854 9113 1
6854 8825 1
6854 9149 2
6854 9421 2
6876 9524 1
6876 9692 2
6876 9469 2
6876 9549 1
6883 9528 1
6883 8874 11
6883 9450 4
6883 8977 1
6905 9990 3
6905 9886 1
6918 8691 1
6918 8712 21
6918 8617 1
6918 8656 1
6924 8919 1
6924 9195 1
6924 9478 1
6924 9149 1
6924 9294 1
6924 9825 2
6924 9165 1
6924 9841 3
6926 9540 1
6926 9169 2
6926 9884 1
6930 9659 1
6930 9625 1
6930 9530 3
6934 9568 19
6934 8927 1
6934 9072 31
6934 8599 1
6937 9210 1
6937 9698 132
6938 9420 1
6938 9020 5
6938 9318 7
6945 9653 3
6945 9636 1
6945 9656 2
6953 9947 2
6953 8869 3
6953 9561 1
6956 9117 4
6962 9379 1
6962 9581 1
6962 8801 1
6962 9171 1
6962 9369 1
6965 8666 1
6975 9076 3
6975 8752 1
6988 9096 1
6988 9484 1
6988 9508 1
6988 9658 1
6988 9842 8
6988 9920 2
6991 9069 1
6991 9536 1
6991 9293 3
6991 9696 3
6991 9869 1
6991 9876 2
6991 8732 2
6991 9275 37
7010 9207 1
7010 9664 3
7010 9754 2
7013 8829 5
7013 9448 1
7029 9271 1
7029 9431 3
7029 9629 1
7092 9169 26
7092 8634 5
7092 9901 1
7092 9865 1
7092 9590 2
7097 9083 1
7097 8915 4
7097 8896 2
7097 9226 1
7097 9007 5
7100 9284 1
7100 9759 1
7100 8764 1
7100 9029 2
7100 9325 1
7112 9072 1
7112 9778 1
7112 8839 9
7112 9522 1
7112 8982 1
7112 8708 6
7112 8979 1
7112 9486 1
7140 9950 2
7145 9823 5
7148 9936 3
7148 9630 1
7164 8650 3
7164 9193 1
7166 9599 1
7166 9745 3
7166 8906 2
7166 9696 1
7169 8752 1
7171 9272 1
7171 9238 1
7171 9026 1
7171 9241 1
7171 8994 6
7171 9505 1
7171 9848 1
7173 8871 1
7173 8784 3
7173 9614 1
7173 9801 80
7175 9842 1
7175 8863 1
7205 9267 3
7205 9211 1
7205 9719 25
7211 9461 4
7211 9413 7
7211 9856 4
7227 9014 1
7227 9513 1
7227 8696 2
7244 9978 1
7250 8613 1
7250 8787 1
7250 9040 1
7250 9465 1
7250 9561 1
7250 9095 1
7250 9600 1
7250 9143 3
7267 9304 1
7267 9577 1
7273 9084 1
7273 9961 5
7297 9788 1
7297 8791 1
7308 9338 2
7309 9013 8
7309 9152 1
7309 9249 1
7309 9455 1
7313 9062 1
7318 9961 1
7318 9007 1
7323 9073 1
7323 8901 1
7323 9326 1
7323 9583 1
7323 8603 1
7323 9780 2
7323 9990 2
7333 9104 24
7333 9289 1
7351 9141 1
7352 9561 1
7352 9137 4
7352 9329 1
7352 9708 3
7353 9345 2
7353 9577 1
7353 8666 4
7353 8858 1
7353 8775 5
7353 9799 1
7353 9219 3
7353 9693 2
7353 9739 4
7353 9249 1
7353 9430 11
7370 9005 2
7370 8830 3
7370 9372 2
7370 9903 1
7388 9131 4
7388 9853 1
7391 8618 1
7391 9597 3
7391 9189 2
7391 9620 2
7391 9634 1
7391 9529 23
7391 9659 1
7401 9054 1
7401 9241 2
7423 9175 1
7423 8697 1
7429 8625 5
7429 9810 4
7431 9189 1
7431 9596 1
7431 9200 1
7431 9423 3
7431 8615 6
7431 8691 8
7431 9054 1
7458 9139 1
7458 9983 3
7458 9353 1
7479 9678 1
7479 8936 1
7498 9835 1
7498 9893 1
7498 8768 200
7498 9288 2
7525 8813 1
7525 9160 3
7525 9188 1
7525 9672 1
7526 8949 1
7526 9715 2
7526 8614 1
7526 9787 24
7526 9056 1
7526 9592 1
7526 9808 1
7526 9219 1
7526 9703 1
7531 9513 3
7531 9131 1
7531 8963 1
7533 9542 1
7533 9711 1
7533 8583 2
7575 8626 1
7575 8756 1
7575 9613 1
7578 8769 1
7578 9112 1
7578 9721 1
7578 9738 1
7591 9701 2
7591 9651 2
7600 9158 1
7600 9039 1
7607 9021 6
7607 9152 2
7607 9548 4
7607 9783 3
7607 9032 1
7638 8673 1
7638 9711 1
7638 8925 1
7638 9105 1
7644 9627 1
7644 9160 5
7644 9196 2
7659 9400 2
7659 9841 1
7659 8894 19
7659 8934 7
7659 8969 1
7678 9117 145
7678 9081 3
7694 9672 2
7694 9781 24
7694 9554 1
7694 8565 33
7694 9405 1
7694 9751 1
7694 8612 5
7694 8917 1
7703 8604 1
7703 8932 5
7703 9456 1
7707 8763 1
7707 9205 1
7707 9883 1
7717 9334 1
7717 9131 1
7717 9484 1
7717 9649 1
7717 9388 2
7717 9602 1
7717 9441 3
7717 9818 1
7728 9064 1
7728 9512 1
7728 8694 1
7728 9176 1
7728 9579 1
7736 9829 1
7737 9813 6
7737 8767 3
7737 9075 1
7743 8868 1
7743 9190 1
7753 8667 5
7764 8596 8
7764 8868 1
7764 9190 1
7764 9250 2
7764 9622 22
7764 8799 1
7778 9968 7
7778 9063 1
7792 9021 1
7797 8716 1
7797 9982 1
7797 8805 4
7797 9692 1
7797 9960 1
7804 9309 1
7804 9310 18
7810 9727 2
7810 9790 2
7810 9037 1
7810 9796 2
7810 9286 1
7837 8765 1
7837 9347 3
7837 9454 1
7860 9334 1
7860 8994 1
7860 8797 1
7860 8965 18
7860 8911 1
7860 9618 2
7877 9865 3
7877 9835 1
7877 9081 2
7877 9277 33
7877 9281 1
7877 9383 1
7881 9583 2
7881 9009 1
7881 9036 11
7881 9939 1
7881 8564 3
7881 9651 3
7881 9783 1
7881 9788 1
7884 9750 1
7884 9499 1
7884 9773 1
7884 9832 1
7884 9242 1
7894 8877 2
7894 9960 12
7894 9733 1
7910 8689 2
7910 8746 1
7910 9593 1
7910 8651 2
7924 9806 4
7944 8919 1
7944 9302 1
7944 9990 1
7944 9328 1
7973 9371 2
7984 9228 2
7984 9988 5
7995 9700 1
8022 9684 1
8022 9802 1
8022 9964 1
8069 9270 2
8069 9990 1
8069 9438 1
8069 9131 1
8072 9329 1
8072 9594 1
8072 8885 2
8072 9213 1
8072 9241 1
8072 9544 2
8072 9935 2
8078 9393 1
8078 8607 2
8078 9309 1
8078 9355 2
8078 9542 5
8078 9414 1
8085 9891 6
8104 9324 1
8104 9507 5
8104 9074 1
8104 9987 3
8104 8891 1
8104 9903 1
8109 8741 1
8109 9215 1
8109 9152 3
8109 9908 1
8109 9186 1
8125 8720 2
8125 9269 1
8125 8722 2
8127 8816 1
8127 9196 1
8127 8710 1
8127 9384 1
8138 9236 1
8141 9895 1
8141 9436 1
8141 9477 12
8173 9632 1
8173 9477 1
8173 8595 32
8173 9739 1
8179 9514 1
8181 8750 1
8181 9365 12
8190 9599 7
8190 9314 2
8190 9228 1
8190 9084 1
8190 9487 1
8190 9622 1
8190 8890 1
8190 9450 1
8191 9466 1
8191 9645 3
8191 9762 1
8200 9652 2
8200 9275 1
8200 9585 2
8200 8971 4
8200 9664 4
8202 9022 1
8202 9790 1
8202 9693 1
8202 8591 1
8206 9403 1
8207 9186 1
8207 9513 4
8207 8968 2
8207 9988 1
8241 8994 9
8241 9422 1
8241 9727 1
8241 9396 3
8241 9437 2
8241 9781 1
8243 9075 3
8243 8573 1
8243 9119 5
8271 9493 1
8271 9755 1
8273 9193 1
8274 9986 1
8274 9392 1
8274 8778 3
8274 9442 4
8277 8861 1
8277 8944 1
8277 9755 1
8277 8781 8
8277 9626 1
8282 8944 1
8282 9003 9
8282 9134 2
8282 9165 1
8291 9125 1
8291 9021 1
8291 8876 1
8291 9808 1
8322 8691 1
8322 9712 1
8322 9772 1
8322 9653 2
8338 9859 2
8354 8988 1
8354 9246 1
8367 9796 3
8367 8983 3
8367 9103 1
8371 9030 1
8371 9808 4
8371 9860 1
8371 9027 1
8371 9312 1
8373 8749 1
8373 8941 2
8373 8790 10
8373 9018 194
8373 9650 2
8389 9081 1
8389 8830 3
8389 9009 1
8391 8763 1
8391 9533 2
8391 9061 1
8391 8720 1
8391 9574 1
8396 8939 1
8396 9841 1
8413 9940 1
8418 9167 3
8418 9406 1
8418 9419 1
8418 9585 64
8418 9366 1
8418 9867 28
8419 9425 2
8419 8782 3
8419 9632 1
8420 9523 1
8420 9522 1
8420 9829 1
8420 9574 2
8420 9913 1
8421 9774 3
8421 9004 1
8422 8922 6
8422 9688 28
8422 9480 1
8422 9821 1
8428 9327 1
8428 8732 2
8428 8919 1
8443 9271 1
8461 9886 1
8461 8753 1
8461 9970 1
8461 8760 3
8461 9165 1
8461 9430 1
8461 9272 1
8461 9847 1
8469 8874 1
8469 9584 3
8481 8952 1
8481 9261 1
8485 8993 1
8485 9739 5
8485 8607 1
8488 9580 1
8488 9903 11
8488 9030 1
8488 9862 8
8488 9424 1
8515 8963 1
8515 9815 2
8515 9086 1
8520 9845 1
8520 9708 1
8520 8996 1
8520 9540 1
8528 8731 1
8528 9825 1
8528 9695 1
8528 8993 8
8528 9093 1
8549 9216 8
8549 8927 1
8549 9623 2
8549 9881 5
8552 9349 1
8552 9749 1
8556 9406 1
8556 9918 1
8556 9616 1
8557 9109 14
8557 9478 1
8557 9395 1
8557 9969 1
8558 9014 1
8558 9896 1
8558 9091 1
8560 9255 1
8560 8901 1
8560 9939 3
8563 9364 1
8563 9458 1
8563 9056 41
8563 9957 2
8563 8826 1
8564 8569 4
8564 8681 1
8565 8633 1
8567 9792 1
8567 9741 1
8568 9368 2
8568 9549 2
8568 9997 2
8568 9118 3
8568 9240 1
8569 9021 1
8569 9343 1
8569 8639 2
8569 9345 14
8569 8762 1
8570 9947 3
8570 9343 2
8570 9072 1
8571 9348 1
8571 8967 2
8571 9884 1
8571 9518 1
8572 9587 1
8574 8684 2
8574 8686 1
8575 9358 1
8575 8835 2
8575 8933 55
8577 9791 1
8577 9806 1
8577 9496 1
8577 9609 1
8577 8997 2
8577 9056 1
8577 9893 1
8578 9040 1
8578 9637 2
8579 9457 8
8579 8782 1
8579 9714 1
8579 9867 71
8579 9307 3
8579 9998 1
8580 9280 2
8581 8928 1
8584 8751 1
8585 9439 6
8587 9527 1
8587 9977 4
8587 9204 2
8587 9368 1
8587 9389 1
8587 9433 7
8587 9461 2
8587 9678 1
8588 9539 5
8589 8804 6
8590 8705 1
8590 8757 1
8590 9419 1
8590 9202 1
8590 9714 1
8591 8856 6
8592 9362 1
8592 9509 1
8592 9745 6
8592 9980 2
8592 8860 2
8592 9626 2
8592 8731 3
8594 8840 2
8597 8960 1
8598 8803 2
8598 8748 1
8598 8744 9
8600 9464 1
8600 9554 1
8601 8753 1
8601 9559 2
8601 8694 3
8601 8883 14
8601 9315 2
8601 9912 1
8602 9645 10
8602 8782 1
8602 8733 1
8602 9909 1
8602 8709 17
8602 9781 1
8602 9138 2
8603 9550 1
8605 9199 1
8605 8779 7
8606 9008 200
8606 9423 1
8606 8988 1
8606 9745 3
8606 9844 2
8607 8654 1
8609 8754 4
8610 8687 1
8611 9587 1
8615 9352 10
8616 8773 3
8619 8844 1
8619 8792 1
8620 9422 1
8620 9305 1
8622 9126 3
8622 9205 4
8622 9940 2
8622 9148 15
8623 9018 1
8623 9659 1
8623 8798 2
8623 9309 1
8627 9207 2
8627 8984 8
8628 9564 3
8628 9621 1
8628 9752 1
8630 9420 1
8630 9221 1
8630 9824 2
8631 9807 2
8633 9481 1
8633 9212 2
8633 9775 3
8634 8640 3
8634 9539 1
8636 8736 1
8636 9722 1
8637 8943 1
8639 8828 2
8640 8696 1
8641 9561 1
8641 9968 1
8641 8841 4
8642 8941 2
8642 9148 1
8642 9040 2
8642 9099 1
8642 9942 1
8643 8779 2
8643 9230 1
8643 8850 1
8643 9784 1
8644 9054 2
8644 9228 1
8644 9679 1
8644 8650 1
8645 9807 4
8646 9632 1
8646 9111 1
8646 9431 1
8646 9104 1
8648 8728 2
8649 9750 1
8649 9210 1
8650 8889 10
8651 9011 1
8652 9720 1
8653 9640 4
8653 8856 1
8654 9817 2
8654 9524 1
8655 9541 1
8655 9502 1
8656 9253 1
8658 8675 1
8659 8784 2
8659 8933 1
8659 9169 1
8659 9749 1
8659 9227 1
8660 8724 1
8661 8866 1
8662 9057 21
8662 9550 1
8663 9121 1
8663 9806 1
8664 9550 1
8665 9199 1
8665 9998 3
8667 8886 4
8668 9489 2
8668 9802 1
8668 8830 1
8668 9678 4
8668 8718 1
8668 9122 2
8668 9688 5
8669 9864 1
8669 9590 1
8669 8851 1
8671 9845 1
8671 8989 2
8671 9886 4
8672 9522 2
8672 9844 14
8672 8718 1
8672 9355 1
8672 9401 3
8672 9435 1
8672 8890 1
8672 9204 1
8672 9932 3
8673 8786 1
8673 8682 2
8675 8759 2
8675 9565 1
8675 9650 1
8679 9331 1
8679 8979 1
8679 9285 1
8680 8786 1
8681 9803 3
8681 9410 1
8682 9263 2
8682 9445 5
8683 8719 1
8684 8704 1
8684 9118 2
8684 9464 3
8684 9074 1
8684 9873 1
8684 9272 1
8684 9614 3
8685 9669 1
8686 9443 1
8686 9517 7
8687 9302 3
8687 8807 1
8687 9048 1
8687 9130 1
8687 9313 1
8687 9901 1
8688 9253 1
8690 9427 2
8690 9774 1
8690 8959 2
8690 9766 1
8691 9779 1
8692 9012 1
8692 9356 39
8697 9550 1
8698 8904 1
8699 9543 1
8699 9268 3
8699 9460 3
8700 9651 1
8700 9105 1
8701 9410 1
8701 8944 1
8701 9295 2
8701 9501 2
8710 8889 1
8711 9343 4
8713 9578 1
8713 8975 2
8714 9757 2
8715 9175 2
8715 8729 1
8717 9811 1
8719 9161 1
8719 8982 1
8719 9152 1
8719 9862 2
8720 9550 5
8721 9779 1
8721 8786 1
8723 9302 1
8723 8741 1
8724 9848 1
8724 9776 1
8725 9450 2
8725 9790 3
8725 8901 1
8726 8805 1
8726 9858 1
8726 9845 11
8728 8816 2
8728 9733 4
8728 9551 2
8728 9905 2
8729 9049 3
8730 8867 1
8731 9779 24
8733 9588 7
8734 8940 1
8735 8766 1
8738 9003 1
8738 9348 1
8740 8884 1
8742 9083 1
8742 9349 1
8744 9331 1
8744 8907 1
8744 9080 1
8744 8934 39
8744 9379 200
8744 9519 6
8747 9649 3
8747 9998 3
8748 9585 1
8749 8844 1
8750 9352 1
8751 9325 2
8751 9403 1
8751 9473 4
8751 8924 2
8753 8990 11
8754 9131 1
8754 9065 1
8756 8904 1
8758 9669 1
8761 9807 1
8761 8905 1
8762 9253 1
8767 8771 2
8767 9253 8
8770 8915 1
8770 9302 2
8772 9333 1
8772 9208 1
8773 9488 4
8773 8874 1
8774 9616 1
8774 9414 1
8774 8982 1
8774 8846 2
8775 8786 1
8776 9502 1
8776 9077 1
8776 9688 1
8776 8782 2
8776 9578 7
8778 8856 4
8779 9291 1
8781 8892 3
8784 8966 1
8785 9439 1
8786 9161 2
8786 9080 1
8786 9883 20
8786 9064 1
8786 9980 1
8787 8966 1
8789 9623 1
8792 9398 1
8792 9818 1
8792 9853 2
8793 9543 7
8793 9128 4
8793 9444 3
8794 9265 1
8794 9439 32
8795 9483 2
8796 9960 1
8796 9042 3
8796 9679 1
8804 8813 5
8804 9761 1
8804 9345 1
8806 9795 1
8806 9988 2
8806 9163 1
8806 8891 1
8806 9889 5
8806 9288 2
8806 9427 1
8808 8901 1
8808 9500 1
8808 9529 1
8808 9263 1
8808 9633 2
8810 9406 1
8810 9359 1
8811 9349 1
8811 9950 1
8811 8980 1
8811 9351 1
8811 9934 1
8812 9189 1
8812 9956 3
8818 9025 3
8820 9083 2
8820 9043 2
8821 9067 1
8821 9500 1
8821 9418 1
8821 9255 1
8821 9275 1
8822 8826 2
8822 9981 4
8823 9055 1
8823 9238 3
8826 9777 1
8828 9078 2
8828 9277 1
8831 9137 1
8831 9701 1
8832 9709 1
8832 8838 2
8832 9073 2
8840 9110 1
8840 9006 1
8840 9412 16
8843 8899 1
8843 9057 1
8844 8911 7
8844 9175 1
8844 9290 1
8844 8848 2
8844 9721 2
8844 9200 1
8852 9489 1
8852 9380 2
8852 9662 1
8853 8943 1
8854 9549 1
8854 8977 1
8855 9030 3
8855 9553 1
8855 9896 2
8855 8876 1
8855 9131 1
8855 9569 1
8855 9655 1
8856 8951 1
8856 9966 1
8856 9533 1
8857 9853 1
8860 8912 1
8861 8889 1
8864 9311 1
8864 9280 1
8865 9294 1
8865 9163 1
8866 8984 2
8866 9556 1
8867 9093 3
8867 9073 14
8867 9286 1
8867 9346 1
8867 9572 13
8868 9265 1
8870 9862 1
8870 9516 5
8870 9499 11
8872 8930 1
8875 9244 3
8879 9041 1
8879 9112 1
8880 9620 29
8882 9486 14
8882 9371 1
8882 9880 1
8884 8909 1
8884 9040 2
8886 9615 1
8886 9053 1
8886 9563 1
8886 9160 1
8888 9786 2
8888 9421 1
8888 9510 4
8888 9111 2
8888 9678 1
8889 9348 1
8892 9420 5
8895 9578 1
8895 9101 3
8895 9996 1
8895 9009 1
8895 9445 1
8895 9579 1
8895 9518 2
8897 9028 1
8899 9372 1
8899 9650 2
8899 8991 1
8899 9942 2
8900 9660 4
8900 8952 1
8900 9410 1
8900 9999 1
8902 9654 2
8904 9682 4
8904 9558 2
8904 9952 2
8904 9095 1
8904 8997 1
8904 9304 3
8904 9343 1
8905 8981 1
8905 9140 1
8905 9153 1
8905 9293 1
8905 9340 1
8908 9859 1
8908 8950 3
8908 9127 3
8909 9922 1
8910 9370 4
8912 9864 1
8912 9359 1
8912 9400 1
8912 9797 1
8912 9949 1
8913 9205 1
8913 9572 1
8913 9596 1
8914 9183 1
8914 9633 1
8914 9436 2
8915 9376 71
8918 9585 1
8918 8980 9
8918 9216 1
8920 9049 1
8921 9123 2
8923 8945 2
8923 9543 3
8923 9806 1
8926 8983 2
8928 8967 1
8928 9403 1
8930 9238 1
8931 9122 1
8932 8940 1
8935 9044 8
8936 9720 1
8937 9108 2
8937 9234 2
8937 8984 1
8937 9927 1
8940 9648 30
8941 9049 1
8942 9752 4
8942 9864 1
8943 9858 2
8946 9041 1
8946 9577 1
8946 9642 1
8947 9035 1
8947 9763 1
8947 9689 4
8947 9771 1
8947 9918 3
8947 9733 4
8948 9348 17
8948 9565 1
8955 8966 1
8960 9349 1
8960 9569 1
8965 9539 2
8966 9198 1
8966 9656 1
8966 9021 1
8970 9654 1
8981 9816 20
8982 9855 1
8990 9027 1
8990 9791 1
8990 9168 3
8990 9398 1
8992 9449 2
8994 9044 2
9002 9635 1
9005 9807 2
9011 9019 1
9011 9629 1
9011 9278 1
9011 9954 1
9011 9731 1
9012 9049 1
9025 9646 1
9025 9712 1
9025 9792 1
9028 9372 1
9028 9626 2
9028 9658 2
9028 9392 2
9028 9457 1
9028 9791 1
9033 9296 5
9034 9550 1
9037 9483 2
9044 9444 2
9044 9625 1
9044 9661 2
9044 9891 1
9049 9602 3
9049 9614 1
9049 9304 1
9049 9561 1
9049 9891 1
9051 9697 2
9053 9429 1
9054 9352 1
9067 9811 1
9076 9811 1
9089 9694 1
9091 9265 2
9101 9352 1
9104 9376 1
9105 9640 200
9108 9720 1
9123 9232 1
9125 9539 3
9130 9429 1
9137 9855 2
9138 9587 200
9145 9807 1
9145 9253 2
9170 9439 2
9172 9372 5
9172 9526 6
9174 9258 1
9187 9995 200
9189 9291 1
9196 9588 2
9197 9588 2
9228 9587 1
9241 9253 1
9241 9265 1
9243 9253 1
9243 9640 1
9247 9380 1
9247 9841 1
9247 9395 4
9253 9809 1
9260 9291 1
9261 9669 3
9265 9924 1
9267 9807 11
9276 9449 1
9278 9611 1
9286 9429 1
9288 9429 3
9291 9727 1
9297 9779 1
9302 9546 5
9303 9855 1
9305 9777 3
9314 9429 1
9326 9863 8
9343 9483 1
9352 9592 2
9352 9666 1
9357 9394 1
9370 9983 4
9370 9867 1
9370 9999 1
9384 9429 1
9395 9734 1
9396 9734 2
9396 9811 5
9407 9995 1
9418 9654 5
9428 9449 2
9429 9725 5
9433 9690 8
9439 9661 1
9446 9570 1
9451 9546 2
9456 9894 1
9467 9550 1
9510 9779 1
9523 9807 1
9535 9807 1
9539 9569 1
9542 9611 3
9546 9930 10
9550 9826 1
9553 9811 1
9553 9922 1
9577 9779 8
9583 9779 1
9587 9915 3
9587 9663 1
9588 9695 1
9589 9850 1
9591 9863 2
9593 9863 1
9606 9757 1
9611 9805 10
9616 9640 1
9630 9989 1
9669 9763 154
9690 9939 3
9697 9958 1
9734 9761 12
9778 9995 1
9797 9894 1
