13 8645 1
13 8766 1
13 9094 1
13 9075 1
13 9222 1
18 9820 1
18 9505 3
18 9749 74
19 9517 3
19 9129 2
19 9822 1
21 8958 1
21 8663 1
21 9806 1
21 9658 2
69 9914 1
69 9818 1
69 9552 6
69 9834 6
81 9086 1
81 9566 1
81 9618 2
93 9834 1
93 8817 1
93 9576 4
95 9667 1
95 9988 1
95 9255 1
105 9535 1
105 8598 1
105 9176 2
107 9063 1
107 9337 1
120 8909 1
120 9580 71
149 9964 17
149 9943 2
149 8614 1
149 8959 1
150 9309 1
150 9344 1
150 9876 2
150 9643 1
153 8739 4
153 8719 1
153 9667 1
159 8694 3
159 9921 1
159 8902 4
159 8965 1
159 9170 2
159 8658 1
159 9509 1
159 9572 1
177 8574 15
184 8940 1
184 9354 3
184 9659 1
185 9219 1
185 9277 2
185 9604 1
186 9405 2
186 9936 1
189 9111 21
189 8997 1
189 9932 2
192 8618 1
192 9445 2
192 9383 1
197 9504 2
197 8810 1
197 8831 1
197 9215 1
216 8664 1
216 8942 1
217 9698 1
217 9868 1
224 8901 1
224 8653 1
224 8683 1
224 9874 1
224 9814 1
224 9549 1
224 9295 1
231 9549 1
231 9003 1
231 9175 1
231 9629 1
231 9775 1
231 8614 1
231 9287 2
244 9800 1
244 8599 1
244 9392 1
258 9603 1
258 9925 1
258 8940 1
267 8911 8
268 9272 6
268 9824 1
268 9390 1
283 8813 2
283 9243 1
283 8970 1
283 9252 1
284 9306 1
293 8839 1
297 9204 1
297 9716 2
297 8978 1
304 9929 4
304 9334 1
304 9796 2
305 9856 1
305 9765 1
305 8714 1
305 9146 5
305 9666 1
321 9916 1
321 9575 1
321 9820 3
342 6564 1
342 9029 5
342 8929 1
342 8594 10
344 9752 1
344 9807 2
357 8797 3
357 9023 1
357 8921 1
357 9671 1
357 9336 1
357 9481 1
357 8607 1
379 8663 1
379 8797 5
379 8923 1
379 9678 1
400 8896 2
400 8889 1
400 9334 1
400 9915 2
406 8851 1
406 8780 1
412 8660 2
412 9117 21
412 9933 1
412 8730 1
412 9006 12
421 9839 1
421 8721 2
439 9601 2
439 9797 3
439 8724 1
439 8759 1
455 9163 2
455 9423 1
455 8561 1
455 9596 8
455 8709 1
461 8763 2
461 8777 1
461 9329 1
461 9750 1
477 8799 2
477 8821 1
477 9915 14
477 9628 2
477 9434 1
477 9640 1
479 8565 1
479 8909 1
479 9654 1
479 9859 1
479 9031 2
479 9731 1
479 8737 1
485 9476 1
485 8598 4
485 9189 1
485 8795 1
485 8851 4
485 9555 200
485 9158 1
486 8645 1
486 9296 1
490 8626 1
490 9245 1
493 9461 1
493 9138 1
493 9095 1
511 9140 186
512 8555 1
512 8751 1
512 9569 12
525 8875 1
525 8616 2
525 9684 7
528 9845 2
528 9060 1
528 9169 2
528 9248 1
528 9916 1
534 8980 2
534 8895 1
554 9175 1
554 9142 1
554 9685 2
554 8993 1
554 9354 2
554 9830 21
554 9863 3
585 9195 1
585 8961 1
585 9006 1
603 8543 1
603 8832 1
604 8713 9
604 8664 1
604 9025 1
604 9140 1
604 9735 1
606 9138 1
618 9159 1
618 8629 12
618 8777 1
619 9796 4
619 8648 1
619 8671 1
619 9677 1
619 8748 4
628 8550 1
628 9858 1
628 8734 1
656 8883 43
656 9650 1
656 8639 1
656 9769 1
656 8829 2
656 9037 117
656 8647 3
656 9066 1
656 9752 2
665 8873 3
665 8784 2
665 9737 8
665 9960 1
666 8681 1
694 9003 1
704 9071 1
704 8929 1
716 8722 1
716 9561 1
716 9019 1
716 9568 1
718 9463 1
718 9999 1
731 8573 2
731 8599 10
731 9529 1
732 9444 1
732 8692 1
732 9553 1
735 9258 2
735 9626 4
735 8624 1
735 9389 1
735 9829 2
740 9011 5
740 8874 1
740 9253 3
740 9568 1
740 9286 6
756 8616 2
756 9951 1
772 9692 1
772 9077 1
772 9620 3
772 9889 2
783 9760 3
783 9029 2
783 8584 1
783 9592 4
798 9158 1
807 9198 2
807 8840 1
807 9379 1
812 8624 1
812 9636 2
817 9257 2
817 8546 10
817 8543 1
817 8709 1
817 9609 1
822 8909 1
822 9524 1
826 9347 2
826 8945 1
826 8672 1
826 9282 1
826 9935 1
833 9869 1
833 9539 1
839 9476 1
839 8980 1
839 9559 1
839 9065 2
839 9710 2
839 9830 1
861 9875 68
861 9123 1
869 9257 10
869 9006 2
869 8980 1
869 9657 1
869 9401 1
878 9780 3
878 9022 1
878 9796 1
878 9198 7
878 8792 24
878 9029 4
879 8672 1
879 9430 1
879 9318 34
886 9817 2
886 8885 2
886 9469 1
886 9104 2
886 9296 1
886 9711 1
908 9672 6
923 9409 4
923 8972 1
933 9586 1
933 8605 1
933 9291 1
933 9356 4
933 9763 1
934 9356 1
934 8780 1
936 8545 1
936 8810 27
936 9101 24
936 9637 1
936 9900 1
954 9826 3
954 8969 1
954 9011 3
954 9127 1
954 9537 1
954 9637 2
954 8923 2
954 9943 1
954 8884 7
980 9765 1
980 8901 1
980 9672 5
980 8690 1
994 8674 4
994 9215 1
994 9357 1
994 9565 1
1016 9720 1
1016 8565 2
1016 9155 2
1016 9143 1
1016 9148 1
1016 8885 3
1016 9099 1
1016 9369 12
1020 9123 1
1020 9246 3
1020 9301 4
1020 9999 5
1020 9435 1
1020 8748 2
1032 8894 5
1032 9026 1
1032 9458 1
1032 9558 1
1040 9522 2
1040 9505 2
1040 9538 10
1045 9558 1
1045 8882 23
1047 9239 1
1047 9641 1
1047 9301 1
1052 9627 1
1052 9811 2
1052 9727 5
1052 9767 1
1054 9458 33
1054 9160 1
1054 9707 1
1054 8639 1
1054 9526 8
1063 9188 2
1063 8698 1
1063 9480 1
1083 9677 1
1083 9165 1
1083 9793 1
1096 9146 1
1096 8746 1
1096 9478 1
1100 9769 25
1100 8612 1
1100 9724 2
1100 8574 2
1100 8561 1
1100 9532 1
1128 8667 1
1128 9177 16
1128 9852 1
1128 8858 3
1128 9247 1
1128 9608 1
1138 9435 18
1138 8586 2
1138 9176 2
1138 9997 1
1151 9064 3
1151 9177 2
1151 9368 3
1151 9601 1
1151 9650 1
1151 9094 5
1151 9447 1
1163 8793 1
1163 9400 1
1163 9022 5
1163 9168 5
1163 8845 3
1163 8891 1
1163 8949 5
1173 9545 1
1185 9456 6
1185 9573 1
1206 9278 1
1206 8693 16
1206 9270 1
1206 9555 1
1226 9762 1
1226 9180 3
1226 9955 1
1232 8679 9
1232 8848 1
1232 9106 1
1232 8723 1
1232 9174 1
1250 8996 1
1250 8799 1
1257 9200 1
1257 9181 1
1257 9349 2
1257 8741 1
1257 9147 1
1264 9699 2
1264 9942 11
1264 9298 1
1264 9144 9
1264 9909 5
1264 8559 14
1294 9467 2
1294 8840 1
1294 8774 1
1294 8919 2
1301 9202 2
1301 9876 3
1301 9258 1
1301 9929 1
1301 8713 1
1301 9392 2
1318 9135 1
1318 9079 1
1318 9011 2
1318 9393 1
1325 9413 1
1325 8680 1
1327 9042 2
1327 9440 3
1327 9426 5
1327 8574 18
1327 9548 1
1348 9355 3
1348 8942 1
1348 9464 2
1348 9768 2
1348 9603 1
1348 9738 1
1348 9737 13
1350 8777 1
1350 9139 1
1350 9594 1
1350 9414 1
1356 9308 1
1366 9322 1
1366 8600 1
1386 9008 12
1386 9889 1
1386 9609 4
1386 8717 3
1386 9516 1
1390 9117 11
1390 9253 1
1390 9597 1
1390 9628 1
1390 8977 6
1390 8741 4
1390 9169 1
1390 9528 1
1390 9897 2
1390 8815 1
1390 9888 1
1400 9885 1
1400 9647 1
1409 9366 1
1409 9639 21
1409 8543 1
1409 9483 54
1409 9622 2
1427 8624 1
1431 8651 2
1431 8802 1
1431 9711 1
1441 9853 1
1441 9142 1
1441 8879 1
1441 8967 1
1441 9620 1
1441 9278 3
1449 8655 62
1449 8731 1
1449 9611 2
1468 9123 2
1468 9782 1
1468 8656 5
1507 9211 1
1507 8651 7
1507 9181 6
1516 8982 1
1516 8614 1
1516 9115 1
1516 8679 1
1516 9910 1
1516 9435 1
1516 9797 3
1520 9876 4
1520 8901 1
1520 9267 1
1521 8827 1
1521 9355 5
1533 9559 1
1533 9975 1
1533 9868 1
1533 9111 1
1533 9554 1
1534 8840 55
1534 9391 2
1534 9558 1
1534 9582 2
1534 9736 13
1534 8547 2
1534 8710 37
1545 9835 1
1545 9001 6
1545 9015 1
1551 9155 2
1551 9949 1
1551 8722 3
1551 9191 7
1557 9031 1
1557 8911 5
1557 9000 3
1557 9174 2
1557 9779 3
1557 9940 105
1565 9171 1
1571 9668 1
1571 8690 1
1571 8756 1
1571 9411 5
1578 9497 1
1578 9824 1
1581 9125 1
1581 8731 2
1581 9882 2
1581 9159 1
1603 8893 2
1603 8631 1
1603 8610 8
1603 9762 1
1606 8967 14
1606 9454 1
1613 9881 3
1613 8998 5
1613 8967 1
1613 9544 1
1613 8684 1
1613 9524 2
1613 9535 2
1613 8807 1
1639 9210 1
1639 9055 1
1639 9358 1
1639 9910 1
1639 9928 1
1641 9582 1
1658 8639 1
1658 9521 1
1658 9683 1
1670 9287 1
1670 9075 1
1680 9283 1
1680 9005 1
1680 9129 1
1680 9534 2
1680 9603 4
1703 9088 3
1703 9391 2
1703 9447 1
1703 9523 1
1707 9139 5
1707 8590 1
1707 9770 1
1717 9304 1
1720 9181 1
1720 8942 1
1720 9212 1
1720 8871 20
1720 9664 1
1720 9064 1
1720 9473 1
1720 9674 2
1753 9103 200
1753 9059 18
1753 8980 1
1753 9222 1
1769 9835 1
1769 9344 2
1769 9433 1
1769 8893 1
1769 9304 12
1769 9886 39
1790 9392 1
1790 8962 1
1791 9896 1
1791 8929 1
1791 9908 4
1791 8693 1
1791 9750 1
1791 8777 31
1791 9768 2
1804 9267 1
1804 9936 1
1804 8908 5
1804 9227 1
1804 9154 1
1804 9607 2
1804 9148 1
1829 9607 1
1829 9094 3
1829 8757 1
1829 9667 1
1839 8710 5
1861 8780 1
1861 9062 1
1861 9551 1
1880 8721 2
1894 9090 2
1894 9176 7
1894 9326 1
1894 8599 1
1894 9807 3
1894 9951 1
1894 9147 1
1894 9955 1
1894 9701 1
1894 9513 1
1898 9022 1
1898 9841 1
1898 9240 85
1898 9378 1
1907 9499 2
1907 8598 2
1907 9630 3
1907 8738 1
1907 9298 1
1907 9841 1
1929 9911 2
1929 9267 1
1929 8584 2
1929 8716 1
1942 8751 1
1957 9155 4
1957 9749 1
1957 9684 1
1957 8590 1
1957 9975 1
1968 8551 21
1968 9512 200
1994 8870 2
1994 9391 1
1994 8833 1
1994 9692 1
2023 9291 6
2023 8643 2
2036 8889 1
2036 8835 2
2036 9404 1
2048 9413 4
2048 9637 1
2051 8801 1
2051 8875 2
2051 9236 2
2062 9434 1
2062 8848 2
2062 9653 1
2062 9810 2
2071 9650 6
2071 9806 1
2071 8708 1
2071 8801 5
2071 9266 8
2071 9758 1
2083 9708 1
2083 9662 3
2131 9786 4
2131 8692 1
2131 8660 1
2131 8594 1
2131 8950 1
2131 9538 1
2131 8730 1
2163 8891 1
2163 8935 1
2163 9078 1
2165 9522 2
2165 9781 2
2165 9473 1
2181 9812 1
2182 9504 1
2182 9456 1
2182 8956 1
2222 9619 2
2222 9803 1
2235 9271 2
2235 8662 1
2235 9695 1
2260 9120 3
2260 9738 1
2260 8908 7
2260 9327 1
2260 8891 1
2260 9671 3
2260 9752 1
2260 9664 1
2260 9860 1
2263 9623 4
2273 8625 1
2273 8873 2
2287 9342 1
2287 9071 1
2287 9396 7
2287 9650 9
2289 9656 1
2289 9228 1
2302 9544 2
2302 8627 3
2302 9484 11
2302 9592 1
2302 9208 2
2302 9278 1
2302 8696 30
2302 9367 1
2303 9270 1
2303 9926 1
2303 9175 1
2303 9283 1
2303 9345 2
2303 9489 4
2303 9738 1
2303 9929 5
2319 9423 1
2319 8655 1
2319 8662 2
2319 9434 1
2319 9284 1
2319 9668 1
2319 8674 1
2319 9939 1
2325 8950 1
2325 9801 2
2341 9779 1
2341 8687 3
2341 8740 1
2341 9327 1
2341 8692 1
2341 8722 1
2341 9071 1
2341 9613 200
2341 9253 1
2341 9552 5
2342 9343 1
2342 9309 1
2348 9245 6
2348 9951 1
2348 8998 2
2348 9140 2
2350 9392 1
2350 9436 2
2350 9405 1
2350 9995 10
2350 9746 1
2352 8805 85
2352 9854 1
2352 8752 1
2355 8842 1
2368 9728 4
2368 8759 49
2368 9901 5
2374 9524 1
2374 9356 7
2374 9413 1
2374 8687 3
2374 9306 1
2386 9760 1
2386 8633 1
2386 9060 2
2386 9759 2
2386 9834 2
2386 9211 2
2410 9159 4
2410 9195 200
2412 9521 1
2412 9869 1
2412 9283 5
2419 8737 6
2421 9056 5
2421 9498 2
2421 9774 1
2421 8647 1
2425 9127 1
2425 9015 1
2425 9160 3
2460 9125 1
2460 8820 3
2460 8758 1
2460 9320 1
2460 9795 1
2460 9882 1
2482 9819 1
2482 9793 1
2505 9089 1
2505 8969 1
2505 9326 1
2505 9629 1
2507 9748 1
2507 9254 3
2507 8794 1
2518 8709 2
2518 9475 2
2518 8929 1
2518 9700 2
2536 9208 7
2536 9519 1
2536 8632 1
2536 9111 1
2537 9512 5
2537 9381 1
2537 9668 1
2540 8875 1
2540 9077 2
2540 9089 1
2580 9144 1
2580 9073 2
2592 9222 2
2592 9372 11
2592 8967 1
2594 9257 1
2618 8853 1
2618 8705 7
2618 9252 3
2628 8828 1
2628 9373 1
2628 9162 1
2628 9957 1
2628 9712 1
2628 8817 1
2628 9333 1
2628 9755 1
2639 8805 1
2639 9215 1
2663 9211 1
2663 9199 1
2669 9157 1
2669 9980 1
2669 9990 1
2669 9187 1
2679 9037 2
2679 9157 1
2686 8763 1
2686 9551 1
2686 9454 1
2724 9580 2
2724 8758 1
2725 9805 1
2725 8738 3
2736 9059 1
2736 9245 1
2736 9604 1
2750 9251 1
2750 9586 10
2757 9324 1
2759 9340 1
2759 9293 1
2765 8882 1
2765 9332 3
2765 8904 2
2765 9511 54
2773 9930 1
2773 9043 1
2781 9657 1
2781 9370 39
2782 8712 1
2782 9718 4
2782 9171 1
2782 9666 1
2782 9328 6
2782 9437 1
2783 9847 1
2783 9238 1
2815 8847 1
2815 9908 1
2815 9683 1
2815 9773 1
2815 9806 1
2824 9622 2
2824 8653 1
2824 9696 1
2837 8658 11
2837 9452 1
2837 8615 5
2844 9885 3
2844 8636 5
2844 9396 1
2844 8753 1
2849 9356 4
2849 9499 1
2849 8741 1
2849 9672 1
2849 9377 1
2849 9699 1
2858 8687 1
2858 9639 4
2858 9863 1
2858 9509 2
2858 9881 1
2870 9006 1
2870 8765 1
2870 8785 67
2870 8991 2
2870 8653 3
2870 8550 1
2877 9740 1
2877 8902 1
2877 9102 11
2877 9377 2
2877 9380 1
2877 9938 4
2906 8546 1
2914 9233 1
2914 9900 2
2914 9708 2
2918 9366 1
2918 8556 1
2918 9088 1
2920 9826 2
2920 8789 1
2920 9209 3
2922 8566 1
2922 9547 1
2922 8919 1
2922 9368 3
2922 9501 1
2922 9896 1
2922 9500 1
2926 9921 3
2926 9239 1
2930 9288 2
2930 9142 1
2930 9739 2
2933 9970 1
2933 9719 1
2933 9750 4
2933 8571 1
2933 9729 156
2940 8810 1
2953 8873 1
2953 9629 2
2953 9143 1
2960 9703 1
2960 9042 1
2960 9079 1
3004 9158 1
3004 9344 5
3004 9400 1
3004 9916 6
3004 8915 1
3004 9020 1
3004 9923 1
3015 9872 1
3015 8749 2
3015 8835 1
3018 9217 34
3028 9588 1
3028 9322 1
3028 8847 2
3028 9106 2
3028 8928 2
3028 9038 1
3029 9166 5
3029 9810 8
3029 9185 1
3044 9405 6
3044 9776 3
3044 9411 1
3044 8567 1
3058 8954 1
3058 9601 14
3087 9289 1
3087 9319 2
3087 9696 2
3087 9511 3
3087 9320 1
3097 9726 1
3097 9188 1
3097 9877 1
3101 8937 1
3101 8749 12
3101 9303 1
3101 9575 1
3114 9317 1
3114 9887 1
3114 8978 2
3114 8662 4
3123 8584 7
3123 8603 1
3123 9635 1
3123 9917 1
3139 8722 1
3139 9345 1
3147 9187 1
3147 9166 1
3147 8650 2
3147 9945 3
3151 9852 7
3151 8557 3
3151 8645 1
3151 8839 15
3151 9481 5
3160 9671 1
3160 8895 1
3160 9508 1
3160 9996 2
3160 9706 1
3160 9984 3
3163 9288 1
3163 8720 1
3163 8958 1
3163 9819 4
3163 9909 45
3170 9962 8
3170 8591 1
3173 8717 33
3173 8803 1
3173 9915 1
3178 8935 1
3178 8548 3
3178 8655 69
3178 8819 1
3178 9664 1
3206 9839 1
3218 8889 1
3218 9186 2
3229 9998 3
3229 9967 1
3234 9619 7
3234 8744 1
3234 9718 2
3234 8642 1
3234 9702 2
3234 8612 1
3234 9682 2
3244 8651 1
3244 9305 2
3244 9901 1
3244 9302 1
3262 9539 1
3262 9061 1
3262 9267 2
3262 9427 1
3287 9856 2
3287 9498 1
3287 9673 2
3287 9033 2
3287 9680 1
3289 9576 5
3289 9076 1
3308 9082 1
3308 9371 1
3308 9383 7
3315 9202 2
3315 9911 3
3315 9847 1
3315 8553 1
3315 9284 3
3324 8856 1
3324 8566 1
3324 8685 2
3324 9005 1
3328 8952 3
3328 9445 1
3328 9329 1
3328 9885 5
3356 9807 1
3356 8856 1
3356 8982 1
3356 9553 1
3360 9757 1
3360 9399 11
3366 8967 1
3377 9172 1
3377 9615 1
3392 9481 3
3392 9763 1
3392 9385 1
3392 9322 1
3392 9978 1
3392 8894 1
3392 9405 2
3392 9564 1
3400 8908 1
3400 9043 1
3402 9499 1
3402 9091 6
3419 9099 1
3419 9957 1
3419 9694 2
3419 9897 1
3442 9293 1
3442 8707 2
3442 9129 1
3442 9376 11
3442 9886 1
3442 9227 7
3442 9748 2
3461 8797 2
3461 8592 1
3461 9165 1
3461 9322 1
3461 9724 3
3466 9334 1
3466 8943 1
3467 9570 1
3467 8669 1
3467 8546 1
3467 8797 1
3468 9401 2
3480 8915 1
3480 9773 3
3500 8959 142
3500 9891 1
3500 9767 1
3500 8681 1
3500 8869 1
3500 9757 7
3506 9182 2
3506 9915 2
3511 9830 1
3511 8603 1
3511 8864 1
3526 8774 2
3526 8664 1
3526 9995 1
3527 9475 2
3527 9137 1
3549 8861 4
3549 9616 3
3549 9058 6
3549 9299 1
3553 8651 2
3553 8962 1
3553 8788 1
3553 8901 1
3567 9964 18
3581 9105 2
3581 9919 3
3581 8700 1
3583 9183 1
3583 9828 1
3583 8646 1
3583 8952 1
3583 9941 4
3592 9023 2
3592 9121 5
3592 9525 1
3592 9793 2
3592 9804 1
3593 9411 1
3593 8951 3
3593 8655 200
3593 8734 1
3593 9845 2
3598 9719 18
3598 9214 2
3598 9287 1
3627 9026 1
3627 8856 3
3627 9970 1
3633 9290 1
3633 8935 10
3633 9825 2
3641 9682 2
3641 9147 3
3641 9332 4
3641 8821 1
3641 9958 1
3641 8581 6
3641 8950 1
3641 9960 2
3643 8552 1
3643 8694 1
3643 9419 1
3643 9495 4
3645 9286 1
3645 9636 1
3646 9357 6
3646 9512 3
3646 9935 1
3646 9296 3
3646 9564 2
3646 9981 2
3646 9472 1
3646 8792 1
3646 9033 6
3646 9667 1
3646 9950 1
3646 9444 9
3656 9523 2
3656 9283 7
3656 9173 3
3656 9440 1
3656 8607 1
3673 9176 4
3673 8737 1
3673 9280 1
3673 9374 1
3687 9101 1
3687 9171 1
3693 9697 10
3693 8721 1
3693 9276 1
3693 9859 1
3693 8677 1
3693 9549 1
3693 8864 1
3699 8862 2
3699 9570 4
3699 9988 1
3702 9817 1
3702 9292 1
3702 9949 4
3702 8688 4
3705 9255 1
3720 8664 2
3744 8676 1
3744 9943 1
3744 8686 1
3744 8546 4
3744 9104 1
3744 9349 10
3762 8687 1
3762 9373 4
3762 9467 3
3762 9445 1
3762 8817 1
3762 9860 1
3762 8605 3
3762 9675 1
3766 9599 2
3766 9612 4
3766 8981 22
3766 9101 1
3766 9700 3
3788 9519 3
3789 9662 2
3789 8752 1
3789 9692 1
3804 9301 2
3804 9714 1
3804 9497 2
3819 9031 1
3826 8956 1
3826 8618 1
3832 9720 2
3832 9729 1
3832 9070 2
3832 8684 1
3832 9998 1
3832 8752 2
3841 9137 1
3841 9414 1
3846 9243 1
3846 9542 1
3846 9897 5
3846 9519 1
3854 8600 1
3854 9702 3
3854 9461 1
3871 8939 5
3871 8774 1
3871 8726 1
3871 9519 4
3871 9723 2
3871 8620 1
3871 8702 1
3878 9693 1
3878 9975 1
3887 8827 1
3887 9306 1
3887 8681 1
3887 8993 1
3887 9393 1
3887 9428 1
3903 9015 1
3903 9378 1
3903 8784 1
3903 9830 5
3903 8694 1
3947 8683 1
3947 9726 1
3947 9024 1
3986 9570 1
3986 9763 2
3986 9804 1
3986 8793 2
3990 9358 1
3990 9447 2
3990 8915 1
3991 9414 3
3991 9442 5
3991 9620 2
3991 9998 1
3991 9673 1
3991 9147 1
3991 9418 1
4014 8843 2
4014 9212 1
4014 9155 1
4014 9442 1
4014 9971 1
4022 9218 2
4022 9149 7
4022 9421 1
4022 9835 1
4023 9012 1
4023 9645 8
4036 9586 1
4036 9243 1
4048 9814 52
4048 9210 2
4050 8575 1
4050 8992 3
4050 9218 1
4072 9411 14
4072 9139 1
4072 9704 2
4072 8851 1
4072 9906 7
4074 9436 1
4074 8656 24
4092 8746 1
4092 8909 1
4092 9797 1
4092 8830 1
4092 9442 1
4092 9967 2
4122 9666 2
4122 8717 1
4122 9239 1
4149 9707 1
4149 9476 2
4149 9103 3
4166 8656 3
4166 9526 1
4166 9061 4
4166 9197 1
4166 9327 1
4166 9742 3
4166 9776 1
4197 8946 1
4197 8967 2
4203 8901 10
4203 9718 1
4203 8555 1
4206 9906 1
4206 9336 1
4206 9220 1
4206 8627 1
4206 9619 1
4206 9627 6
4206 9813 1
4219 9083 1
4219 9693 2
4219 9599 1
4219 8833 3
4219 9229 9
4225 8712 1
4225 8992 1
4225 8619 2
4225 8624 2
4237 9935 1
4237 9418 1
4253 8815 1
4255 8718 1
4255 8684 1
4255 9451 1
4255 9726 2
4255 9728 3
4256 8718 3
4256 9819 1
4256 9127 2
4257 9551 17
4257 9403 2
4257 8753 1
4284 9492 1
4284 8551 1
4284 9684 2
4285 8746 1
4285 9157 1
4285 9163 1
4285 9129 1
4285 9101 3
4285 9105 1
4285 9212 5
4297 9608 1
4297 9061 2
4297 9190 7
4351 8980 1
4351 9652 3
4354 9513 21
4365 9653 2
4365 9055 1
4365 9872 1
4368 9023 2
4368 8667 1
4368 9292 1
4368 9337 5
4376 9347 6
4376 9393 9
4401 8945 2
4401 8870 2
4403 9378 1
4403 9019 1
4403 9525 1
4419 9495 1
4444 9208 1
4444 9658 2
4444 9217 1
4448 9318 1
4448 9467 1
4448 9790 1
4457 8668 2
4457 9950 1
4457 8746 1
4457 8978 1
4457 9551 2
4457 8554 4
4457 8904 1
4457 9413 2
4465 9093 1
4465 9913 1
4493 8658 1
4493 9756 1
4495 9123 1
4495 9495 15
4495 8819 1
4495 9296 1
4495 9168 1
4495 9550 1
4495 8918 1
4495 9037 1
4497 8795 1
4497 9182 1
4497 9619 1
4497 9663 1
4497 8761 42
4497 9469 1
4497 9820 1
4497 9885 1
4513 9667 1
4513 8555 2
4513 8681 1
4513 9323 1
4530 9867 27
4530 9641 15
4530 9019 2
4530 8765 1
4544 8657 1
4544 8566 1
4544 8793 1
4544 9663 6
4554 8901 1
4554 9822 5
4554 9109 1
4555 9042 1
4561 9333 1
4561 9847 7
4561 9038 2
4561 9135 1
4563 9369 5
4563 8981 1
4563 9636 1
4575 9609 4
4575 9708 1
4575 9580 200
4575 8820 2
4575 9996 4
4595 9216 3
4595 8581 3
4607 9464 7
4607 8821 1
4607 9874 1
4607 9549 1
4607 9032 2
4617 8885 1
4617 8915 1
4617 9332 1
4617 9032 9
4617 8584 1
4617 9214 1
4617 9493 25
4617 9152 1
4617 9324 2
4617 9566 1
4617 9058 3
4617 9878 1
4617 9584 1
4626 8737 1
4636 8853 1
4642 8712 1
4642 8548 1
4642 9521 4
4642 8646 1
4659 9331 1
4661 9099 1
4661 9782 1
4661 8557 2
4661 9478 2
4661 9188 4
4661 9578 1
4674 8978 3
4683 8845 3
4683 9022 2
4687 8607 1
4687 8896 1
4687 9291 1
4705 9000 1
4705 9246 1
4705 8873 1
4732 9417 1
4732 9918 12
4732 9115 1
4732 9554 1
4732 8670 3
4732 9939 3
4732 8821 1
4732 9062 1
4732 9458 1
4733 9306 1
4733 9358 3
4733 8681 1
4733 8916 1
4733 9547 1
4733 9180 1
4733 9092 1
4733 9319 2
4741 9236 8
4741 8660 2
4741 9544 3
4744 8939 1
4744 8700 3
4744 9552 1
4744 8708 2
4744 8893 4
4744 8705 1
4745 8667 41
4747 9162 1
4747 8549 2
4747 9217 5
4776 8647 1
4776 9256 3
4776 8599 1
4776 9759 2
4781 9936 1
4781 8782 57
4781 8802 1
4781 9666 3
4785 8719 1
4785 8805 6
4809 8610 1
4809 9739 48
4809 9043 1
4809 8707 4
4809 9732 1
4820 8608 2
4820 8690 1
4820 8851 1
4820 9542 1
4820 9742 1
4820 9918 12
4834 8556 1
4834 8793 1
4834 9272 1
4834 9809 3
4849 9649 2
4849 9801 2
4849 9344 1
4850 9706 1
4850 8763 1
4850 9057 1
4856 9882 2
4856 9012 2
4856 9043 12
4856 9812 3
4856 8935 1
4856 9163 6
4856 9369 1
4856 9635 2
4856 9271 4
4858 9999 2
4858 8785 1
4858 9775 2
4870 9006 1
4870 9076 1
4870 9489 1
4870 9703 1
4870 9202 1
4870 9261 1
4870 9352 1
4870 9682 1
4874 9372 1
4874 9171 1
4874 9454 33
4874 8544 1
4874 9827 1
4882 8650 1
4882 8845 6
4882 8862 1
4882 9347 2
4895 9043 1
4895 9201 1
4895 9550 4
4903 9128 1
4903 9261 4
4903 9859 3
4903 9999 1
4920 9215 1
4932 8646 2
4932 8755 1
4932 9502 1
4932 8740 1
4932 9262 5
4934 9668 1
4934 9663 2
4940 8683 1
4940 9606 1
4943 9272 2
4943 9754 3
4943 8956 1
4943 8614 3
4943 8684 1
4943 9296 3
4943 9577 1
4943 8731 1
4943 8960 2
4943 9498 1
4949 9366 1
4949 8829 1
4949 9982 1
4949 9464 1
4949 9629 1
4950 8712 1
4950 8993 3
4950 9544 1
4961 9771 1
4961 8870 2
4961 9413 140
4961 9941 1
4961 9162 6
4961 9248 1
4961 8894 1
4961 9935 1
4961 8807 1
4961 9456 3
4965 9505 1
4965 9340 7
5023 9400 1
5023 9218 1
5023 8965 1
5023 8772 1
5023 8939 1
5023 9716 1
5023 9735 2
5026 8618 11
5026 8737 1
5026 9760 1
5026 9319 1
5026 9998 1
5056 9904 2
5056 9427 2
5056 8575 1
5074 9531 1
5074 8591 52
5074 8744 1
5074 9942 2
5074 9112 1
5074 9796 1
5074 9779 1
5074 9907 20
5091 9374 2
5091 8556 1
5091 9047 1
5091 9738 3
5099 8761 1
5099 8996 4
5099 8554 2
5099 9568 1
5103 9774 1
5103 9926 2
5103 8884 2
5103 9671 1
5103 9336 2
5103 9178 1
5108 9403 1
5108 8626 6
5108 8669 1
5108 9260 1
5108 9134 1
5108 9838 3
5108 8904 1
5108 9478 1
5108 9649 1
5109 8897 1
5109 8919 1
5109 8560 1
5109 8840 3
5109 9532 1
5168 9980 1
5168 9779 7
5168 8843 2
5169 8888 1
5169 9774 1
5201 9475 1
5201 9065 1
5201 8672 2
5201 9509 1
5201 9088 1
5209 9962 1
5209 8657 1
5216 9207 7
5245 9541 1
5245 9073 1
5245 9756 2
5245 9885 2
5245 9913 1
5245 9335 1
5249 9988 1
5249 8597 1
5249 8660 1
5249 9128 1
5295 8916 1
5295 9076 3
5295 9219 1
5295 8597 1
5330 8858 4
5330 8928 2
5330 9284 1
5330 9473 1
5331 8714 6
5331 8809 1
5340 8851 3
5340 9819 1
5368 8614 3
5368 9755 26
5379 9795 1
5379 8658 1
5379 9236 47
5379 9483 1
5379 9522 2
5382 9245 4
5384 8642 1
5384 9067 1
5384 9233 28
5384 9582 1
5418 9303 10
5418 9604 1
5418 9888 1
5418 8954 12
5418 9038 1
5418 9212 1
5418 8838 2
5418 9948 2
5448 8785 2
5448 9845 2
5448 8603 1
5448 9154 1
5456 9876 1
5456 8643 2
5456 9865 2
5465 8890 1
5465 9822 1
5465 8884 1
5465 8763 1
5465 9243 1
5465 9370 1
5481 9055 1
5481 9643 2
5481 8670 1
5481 9982 1
5495 9967 2
5495 9214 1
5495 8803 2
5495 8910 1
5495 9615 2
5495 9216 1
5503 9541 1
5503 9272 2
5503 9400 1
5512 8870 1
5512 9502 1
5512 9936 1
5512 9334 1
5512 9317 2
5512 9439 4
5518 9565 1
5549 9113 1
5555 8888 2
5555 8964 1
5565 9290 1
5565 9901 2
5565 9318 4
5567 9762 1
5567 9647 1
5567 9948 3
5583 9795 1
5583 8839 1
5583 9063 1
5599 8793 1
5599 9336 4
5599 8816 2
5599 9512 1
5599 9772 1
5612 8884 1
5612 9260 4
5612 8710 3
5612 9921 1
5612 9897 1
5612 9508 1
5612 8821 1
5635 9031 1
5635 9107 3
5635 9262 3
5648 9349 3
5648 9635 1
5648 9626 1
5656 8994 2
5656 8757 1
5656 9405 3
5657 9298 1
5657 9718 1
5660 9428 3
5660 8992 1
5660 9921 2
5661 9370 2
5661 8822 2
5661 9902 2
5661 9309 1
5661 9478 4
5664 9790 1
5664 8833 2
5664 9980 4
5664 9476 1
5665 8634 28
5665 8768 1
5665 9111 1
5665 9128 2
5665 9495 1
5677 8748 1
5677 8734 1
5677 9107 2
5677 9311 1
5677 9916 40
5677 8885 1
5677 9136 1
5677 9421 3
5677 9146 1
5677 9254 3
5683 8882 1
5683 8626 3
5683 9712 14
5683 9978 1
5691 8557 1
5725 8890 1
5725 9482 1
5725 9396 1
5725 9769 2
5725 9117 3
5726 8746 8
5726 9765 1
5726 9827 1
5726 8940 1
5726 9493 1
5726 9482 1
5726 9877 1
5726 9832 4
5726 9518 1
5728 9504 2
5728 9872 2
5733 9372 2
5733 9399 22
5733 9008 1
5733 9493 29
5734 9333 1
5734 9759 1
5734 9184 1
5737 9190 1
5737 8545 3
5737 8838 1
5737 9746 2
5737 8584 2
5737 9688 5
5737 9938 1
5737 9289 5
5747 9548 1
5749 9839 1
5749 8561 1
5766 9475 1
5766 8759 4
5766 8564 1
5766 9238 4
5796 8597 13
5796 8830 8
5802 9278 4
5802 8560 75
5802 9427 4
5803 9685 1
5803 9455 1
5803 9001 3
5803 9258 1
5803 9198 1
5803 9892 2
5822 8866 1
5822 9109 21
5822 9914 1
5822 9559 1
5822 9801 46
5837 8653 2
5837 9173 1
5837 9214 1
5837 9459 2
5837 9288 1
5837 8580 3
5851 9335 2
5855 9369 1
5855 8991 5
5855 9854 3
5855 9891 2
5881 9639 1
5881 9534 1
5881 9894 7
5909 8961 5
5909 8633 1
5909 8700 1
5909 9559 7
5911 8550 10
5911 9538 1
5944 9209 1
5944 8860 1
5947 9654 4
5978 8597 1
5978 9171 2
5978 9424 1
5978 8545 1
5978 9199 1
5994 9090 15
5994 9324 1
6001 9111 19
6001 9580 2
6001 9104 200
6001 8844 1
6001 9197 1
6001 9544 1
6001 9697 1
6001 8578 1
6001 8894 1
6001 9342 1
6026 9515 1
6033 9086 1
6033 9246 7
6034 9856 1
6034 9070 1
6034 9381 2
6048 9066 11
6048 9069 2
6048 9654 124
6063 9669 2
6063 8985 1
6063 9826 2
6066 9763 4
6066 8545 1
6066 9239 1
6066 9199 9
6066 8779 2
6066 9121 3
6066 9177 8
6067 8950 1
6067 9886 1
6067 9581 8
6085 9737 1
6085 8670 1
6092 9938 2
6092 8908 3
6092 9021 5
6092 9093 1
6092 9542 1
6115 9400 16
6119 9380 1
6119 9157 1
6119 8755 2
6119 9197 3
6119 9260 2
6150 9175 5
6150 9584 3
6150 9184 1
6150 9349 10
6150 9432 1
6150 9560 1
6150 9599 26
6152 9902 1
6152 8735 1
6152 9307 64
6179 9738 1
6179 9618 1
6179 9559 1
6179 9592 1
6179 9403 1
6197 9319 200
6197 9260 1
6197 9481 1
6203 9146 1
6203 9655 1
6203 9021 2
6203 9372 1
6203 9919 1
6209 8799 1
6209 9568 1
6209 9740 6
6209 8645 2
6209 9575 1
6209 8719 1
6209 8726 1
6217 9396 1
6217 8552 1
6217 9065 1
6312 9805 19
6336 8722 1
6336 9219 6
6336 9906 1
6336 8756 1
6336 8911 4
6337 9998 1
6337 9366 3
6340 8870 1
6340 8759 13
6340 8939 1
6340 8796 2
6348 9884 1
6348 9688 1
6348 9432 1
6348 9548 1
6348 8939 1
6348 9754 2
6348 9887 1
6351 9239 1
6351 8616 1
6351 9075 7
6351 9523 1
6351 9825 5
6351 8998 2
6363 9971 1
6363 9290 1
6367 8752 1
6367 9817 1
6367 9908 1
6388 9524 1
6388 8718 1
6388 9813 1
6388 9565 1
6390 9909 1
6390 8882 4
6390 9641 1
6397 9787 1
6397 8672 1
6397 9884 1
6397 8599 1
6397 9322 1
6397 8916 5
6397 9125 1
6404 8692 1
6404 9719 19
6409 8771 2
6413 9773 1
6413 8829 1
6413 9847 1
6425 8799 1
6425 9697 1
6425 8782 1
6425 8557 1
6425 8648 4
6425 8791 3
6429 9948 1
6429 9825 1
6429 8970 2
6429 9860 2
6429 9419 1
6450 9020 1
6450 9186 1
6450 9834 1
6450 9867 4
6450 8625 1
6450 8912 1
6450 9472 1
6462 9896 1
6465 9134 1
6465 9401 10
6465 9748 6
6465 9042 1
6465 9978 7
6471 9166 2
6475 8801 1
6475 8858 3
6475 9630 1
6475 9662 3
6475 9888 1
6475 9918 1
6475 9922 4
6490 9619 1
6496 9871 1
6504 9103 2
6504 8642 2
6515 9168 7
6515 8829 3
6524 8791 1
6524 8619 11
6524 8803 1
6524 8961 2
6547 8705 1
6547 9331 2
6547 9627 1
6547 9211 2
6547 8561 1
6564 9011 1
6564 8626 3
6564 9849 1
6578 9707 1
6578 9423 3
6612 9229 1
6612 9437 1
6612 9213 1
6614 9102 1
6614 8782 1
6614 9955 2
6614 9768 1
6618 8788 2
6618 9874 1
6618 9139 2
6648 9539 1
6648 9000 1
6648 9157 4
6660 9960 21
6660 9997 1
6660 8707 1
6660 9096 1
6660 9671 27
6664 9421 1
6664 8921 1
6664 9475 1
6664 9609 2
6665 8769 53
6665 8853 1
6665 9535 1
6713 9337 1
6713 9674 1
6713 9984 1
6713 8578 2
6713 9683 2
6713 9881 3
6713 9430 1
6717 9393 1
6717 8669 1
6717 8844 1
6729 9692 78
6729 9925 2
6740 9349 1
6740 8977 7
6774 9824 16
6774 9729 1
6779 8645 1
6784 9217 1
6784 8921 1
6784 9201 1
6784 8784 1
6805 9199 1
6805 9958 3
6811 8860 1
6811 8977 1
6811 9200 11
6812 9123 1
6812 9404 3
6812 9914 1
6812 9926 9
6817 9500 200
6817 9923 3
6817 8871 1
6825 9810 1
6825 8819 1
6843 9444 1
6843 9495 3
6843 9676 1
6848 9601 6
6848 9679 4
6849 8543 7
6849 9202 3
6849 9423 2
6849 8791 8
6849 8951 1
6849 8608 2
6849 8915 10
6849 8590 2
6871 8546 1
6871 8553 2
6877 9659 2
6877 8816 1
6882 9390 1
6882 9317 2
6882 8700 1
6895 9885 1
6895 9191 1
6895 9948 1
6895 8548 2
6903 8650 1
6903 9149 6
6903 8823 2
6903 9479 1
6908 8553 7
6908 9545 1
6908 9336 3
6908 9551 1
6910 9909 1
6910 9734 1
6910 9760 2
6915 9385 1
6915 8845 1
6915 8565 5
6915 8813 6
6915 9357 1
6916 8711 1
6930 8566 2
6930 9597 2
6930 9658 1
6940 8680 1
6940 8726 1
6942 9082 5
6942 9391 2
6942 9828 4
6944 9889 2
6944 8779 6
6960 9630 2
6960 9096 5
6960 9865 1
7002 8935 1
7002 9455 1
7009 9000 1
7014 9169 1
7014 8954 2
7014 9385 4
7016 9326 1
7016 9675 1
7016 8802 1
7020 9335 6
7020 9264 1
7020 9804 1
7020 9406 1
7021 9075 3
7021 8724 3
7021 9121 1
7021 9502 2
7021 9580 2
7027 9104 1
7027 8994 1
7054 8992 1
7054 9695 1
7054 9012 3
7076 8759 1
7076 9891 1
7076 9218 1
7080 9332 8
7080 9501 3
7083 9776 1
7083 8976 1
7084 9907 1
7084 9732 1
7084 8962 1
7107 9326 1
7107 9829 1
7108 9900 1
7108 8607 1
7108 8590 1
7108 9103 8
7108 9668 1
7110 9389 1
7110 9550 1
7110 9969 6
7110 9994 2
7110 9581 2
7116 9079 1
7116 9971 1
7116 9545 1
7117 9426 7
7117 9242 2
7117 9561 1
7117 8571 1
7118 9581 1
7121 8564 1
7121 8758 7
7121 8996 4
7149 8803 1
7149 9732 1
7149 8921 1
7153 8613 1
7153 8586 5
7153 8630 1
7187 9916 2
7187 8885 1
7190 9092 2
7190 8929 1
7190 8978 1
7190 9768 3
7190 9331 2
7190 9835 2
7190 9904 1
7202 9092 1
7202 9289 1
7204 9981 1
7204 8586 1
7204 8734 9
7204 8544 4
7204 8654 1
7204 9063 1
7204 9264 1
7204 9896 1
7224 9342 1
7224 8965 1
7242 8779 1
7242 9004 4
7242 9005 1
7242 9202 1
7242 8752 1
7242 9647 1
7242 9816 2
7242 9838 1
7242 8640 1
7257 9295 1
7257 9927 1
7259 8848 1
7259 9550 2
7263 8558 5
7278 9187 3
7280 8726 1
7280 8708 1
7280 9976 1
7280 8748 4
7280 9173 1
7280 8823 2
7280 9207 3
7287 8962 1
7287 9184 1
7287 9811 123
7301 9176 1
7307 9134 1
7307 8632 1
7307 8842 2
7307 9933 1
7310 8912 1
7310 8669 1
7310 9529 1
7333 8707 1
7333 8734 2
7333 8662 7
7333 9174 2
7333 8714 2
7333 9731 4
7333 9994 1
7347 9278 1
7347 9257 1
7347 8893 1
7347 9004 1
7347 9190 3
7347 9317 4
7347 9144 1
7347 9178 7
7348 9240 20
7348 8766 1
7348 8956 5
7348 8788 13
7348 8984 1
7350 8828 8
7373 8994 12
7403 8991 22
7403 9577 1
7403 9604 1
7403 9653 1
7403 9096 2
7411 8634 1
7411 9467 2
7411 8822 1
7436 9962 1
7436 9006 1
7436 9291 1
7436 8633 9
7436 8739 1
7447 8861 1
7447 8871 2
7447 9170 1
7447 9213 1
7447 8702 4
7463 8997 1
7487 8752 2
7487 9676 1
7512 9922 5
7512 9970 6
7512 8613 1
7512 8718 23
7529 9714 49
7529 8572 1
7529 8716 5
7541 9754 1
7541 9790 3
7541 8603 2
7541 8730 1
7541 8626 105
7545 9555 2
7545 8768 1
7545 9191 1
7545 8795 1
7545 8888 4
7546 8853 7
7546 9107 1
7546 9352 1
7546 9371 1
7546 9628 1
7546 8919 1
7546 9528 1
7546 9209 1
7546 9124 1
7559 9389 1
7564 9946 1
7564 8807 1
7564 9982 1
7564 9463 1
7564 9800 2
7564 9630 36
7573 8544 3
7573 8908 1
7579 9404 1
7579 8686 2
7579 8827 1
7579 9219 4
7579 9714 3
7590 9215 1
7590 9332 1
7599 8790 1
7599 8879 1
7599 9762 9
7599 9060 1
7599 8791 2
7599 9845 2
7631 9641 1
7631 9292 1
7631 9963 6
7634 9671 1
7634 9482 3
7634 9618 1
7634 8618 1
7634 9099 3
7634 9801 2
7634 9260 2
7634 8612 1
7634 9655 3
7645 9412 1
7645 8797 1
7645 9229 2
7645 8772 2
7645 8875 1
7645 8958 1
7645 9014 1
7645 9303 1
7653 8640 1
7653 9398 1
7653 9182 1
7670 9177 1
7670 9357 3
7682 9095 1
7682 9611 1
7682 9451 1
7682 9912 1
7692 9773 15
7692 9417 2
7701 8587 1
7701 9708 4
7701 8596 3
7701 8807 1
7713 9124 1
7713 9492 1
7713 8578 3
7713 9056 1
7715 9008 1
7715 8613 1
7715 9064 4
7715 9542 1
7715 9781 1
7719 8607 1
7719 9832 1
7720 8761 15
7720 8896 1
7730 9335 1
7730 8869 1
7730 9606 2
7736 9031 4
7736 9566 3
7739 9096 1
7739 9031 4
7739 8856 1
7760 9020 1
7760 8822 1
7760 9168 1
7760 9838 1
7760 9962 1
7763 9306 2
7763 8587 2
7763 9626 1
7773 9577 96
7774 9594 1
7774 8581 2
7774 8917 1
7774 9582 3
7774 9531 21
7774 8954 1
7774 8776 1
7774 9707 2
7810 9110 1
7810 9518 2
7810 8688 3
7810 8861 3
7810 9264 4
7810 8960 1
7810 9128 1
7810 8883 1
7810 9677 1
7810 9168 1
7810 9508 1
7814 9493 2
7814 9581 2
7814 9302 1
7814 8667 17
7814 8726 9
7814 9452 2
7828 9595 1
7845 9033 11
7845 9371 4
7845 9553 1
7849 9569 38
7849 9331 6
7849 9428 1
7852 9316 2
7852 8961 1
7869 9356 1
7869 9082 1
7897 9277 2
7897 9025 1
7897 8567 1
7897 9597 1
7897 9933 1
7897 8705 1
7897 9276 1
7903 8708 2
7903 9912 1
7903 8851 1
7906 9822 2
7909 9663 3
7909 9025 12
7909 9531 1
7921 8992 1
7922 8726 1
7922 9273 3
7926 9561 1
7926 8633 1
7926 8985 1
7926 8916 8
7926 9135 3
7926 9158 2
7926 9302 1
7926 9377 1
7929 8797 1
7929 9703 1
7929 9162 10
7929 9504 1
7929 9878 22
7969 8734 200
7969 9910 6
7969 9886 1
7969 8612 1
7969 9000 1
7969 9134 4
7969 8549 6
7969 9282 1
7969 9929 2
7974 8586 1
7974 9169 12
7974 9564 3
7974 9716 1
7974 9986 8
8014 9975 1
8014 8725 1
8014 8919 2
8031 8693 2
8031 8768 1
8031 8832 12
8031 8663 1
8031 9343 4
8037 9762 1
8040 9481 1
8047 9201 1
8047 8720 11
8047 8768 1
8055 9480 1
8055 8685 1
8055 9818 1
8055 8771 1
8055 9456 1
8055 9868 4
8064 9276 5
8064 8840 4
8068 9555 2
8068 9942 1
8068 8581 53
8068 9517 29
8068 9874 6
8069 8553 3
8069 9345 6
8069 9124 1
8070 9240 200
8070 9963 5
8070 8594 1
8070 9134 2
8070 9256 1
8085 9284 6
8085 9277 1
8085 9351 1
8123 9079 1
8132 9254 1
8132 9800 1
8136 9896 1
8136 8909 1
8136 9499 3
8142 9233 1
8142 9980 1
8142 9812 50
8159 9321 5
8168 9354 1
8174 9242 3
8174 9700 2
8174 9828 1
8174 9094 1
8174 9672 1
8177 8587 2
8177 9706 1
8185 8921 3
8185 9663 1
8185 8746 1
8185 8960 9
8185 9892 2
8185 9316 1
8185 9482 6
8185 9719 1
8189 9484 1
8189 9790 1
8189 9995 98
8189 8718 5
8189 9811 4
8189 9483 1
8189 8921 1
8189 9680 1
8189 9969 3
8189 9863 2
8189 9321 1
8189 9795 2
8203 9877 1
8203 9997 1
8203 9003 1
8203 9884 1
8207 8769 132
8207 8810 2
8246 9946 1
8246 9774 2
8246 9464 2
8246 9816 200
8246 9976 7
8254 9662 2
8254 9978 1
8256 9852 1
8256 8676 2
8256 9105 4
8256 9586 1
8256 9884 6
8256 8634 1
8256 9333 7
8262 9308 1
8262 9844 3
8275 8961 11
8275 9762 1
8275 9086 4
8276 9430 1
8276 8828 1
8276 9596 2
8279 9528 2
8279 8712 9
8279 9843 3
8286 8654 1
8291 8795 1
8291 9011 1
8317 9778 3
8317 9847 3
8330 9301 1
8330 9887 1
8333 9521 1
8376 9189 3
8376 9305 2
8390 8690 2
8390 8630 28
8390 8669 3
8390 9669 1
8408 8942 4
8408 9950 1
8430 9070 2
8446 9663 1
8446 9809 2
8446 9836 2
8449 9916 1
8449 8871 1
8449 9368 1
8449 9116 5
8451 8738 1
8451 8721 1
8453 9559 1
8453 9062 4
8453 9463 1
8456 9091 5
8456 9427 1
8456 9841 1
8456 8984 1
8456 9328 1
8460 9451 1
8460 8668 2
8482 8658 2
8482 8659 4
8482 9843 2
8488 9247 1
8496 9882 1
8496 8619 1
8496 9031 6
8509 8738 1
8509 9524 1
8509 9026 1
8509 9280 1
8509 8897 1
8509 9159 1
8509 9547 1
8523 9482 1
8523 9537 2
8523 9436 1
8525 9292 1
8525 9555 1
8525 9818 1
8534 8815 2
8534 9311 1
8545 8955 1
8548 9153 2
8548 8936 200
8549 9747 2
8550 8866 1
8551 8955 1
8551 8898 1
8552 8932 1
8552 8933 4
8553 9048 1
8553 8706 1
8554 9598 1
8556 9410 1
8558 8583 1
8559 9108 1
8560 8787 1
8560 8623 4
8562 8697 1
8562 8957 1
8563 9676 1
8563 9160 8
8563 9463 3
8564 9375 12
8565 8606 1
8566 8934 4
8567 9028 12
8567 8675 3
8568 9935 1
8568 9187 1
8569 9981 3
8569 9664 5
8569 8642 1
8569 9572 1
8569 9189 1
8570 9225 1
8571 9408 1
8571 8593 2
8572 8637 1
8573 8814 1
8573 9477 1
8573 8989 2
8574 8621 1
8574 8745 1
8575 8850 3
8576 9535 1
8577 8898 1
8579 8660 1
8580 9041 1
8580 9028 3
8582 9941 1
8582 9458 1
8582 8688 3
8583 9019 1
8583 9553 3
8583 8714 49
8583 9703 2
8584 9080 1
8585 8813 3
8585 8901 1
8585 9290 11
8585 9659 1
8585 9772 1
8585 9577 1
8586 8866 1
8587 8925 1
8587 8754 1
8588 9813 6
8588 9459 19
8588 9237 1
8588 9656 26
8589 9152 5
8589 9432 1
8592 8899 1
8592 9364 6
8593 9094 1
8593 9708 3
8593 9129 1
8593 8838 12
8593 8677 8
8595 9525 1
8596 8764 2
8596 8666 1
8600 8854 1
8600 9789 4
8601 9194 1
8602 8740 2
8602 9925 9
8602 8785 1
8603 8898 2
8604 8648 1
8604 8705 5
8604 9620 1
8604 9889 1
8604 9693 3
8605 8637 1
8605 8876 1
8606 9225 1
8606 9207 2
8608 8704 1
8609 8721 17
8609 9172 2
8609 9492 4
8609 9220 1
8609 9500 1
8609 9699 1
8609 9680 1
8609 9025 1
8609 9688 1
8609 9736 1
8610 8762 1
8611 8872 2
8611 9427 1
8613 8863 2
8613 9081 1
8615 8745 2
8615 9360 2
8616 9153 15
8616 9002 2
8617 9004 1
8617 9615 6
8619 8936 6
8621 9909 1
8621 9584 1
8621 9499 1
8622 9770 1
8622 8680 1
8622 9434 3
8622 9616 1
8623 8657 12
8623 9548 1
8623 8999 23
8623 9026 1
8623 9433 2
8624 8925 6
8625 9048 1
8625 9068 1
8625 8800 1
8627 9126 2
8627 8750 1
8628 9950 1
8628 9697 2
8628 9409 1
8628 9782 1
8630 9462 1
8631 9883 1
8632 8825 5
8635 8866 1
8635 8790 1
8635 9030 1
8635 8760 6
8636 9753 3
8637 9305 1
8637 9767 1
8637 9323 1
8637 9526 6
8637 8679 1
8637 9856 2
8638 8971 2
8639 8773 1
8640 8764 1
8640 8887 1
8641 9726 1
8641 8659 1
8641 8791 2
8641 9162 1
8641 8671 3
8642 8973 1
8643 8767 3
8644 8843 1
8644 9066 2
8644 9124 1
8644 9676 1
8644 9047 4
8644 9093 4
8644 9182 1
8644 9894 1
8646 8804 1
8648 8880 2
8649 9283 1
8649 9405 1
8649 9440 1
8649 9092 1
8650 9087 1
8651 8742 2
8652 8831 2
8652 9014 91
8652 9995 1
8652 9245 1
8652 9560 1
8652 9257 1
8652 9329 1
8654 8854 1
8657 9034 1
8659 9363 1
8661 8748 1
8661 8897 1
8661 9554 1
8661 9426 1
8663 9510 2
8665 9707 3
8665 9829 1
8665 9886 6
8665 9101 2
8666 8737 1
8666 9545 1
8666 9287 4
8666 9311 1
8666 8698 7
8666 8864 1
8666 9357 2
8666 9497 9
8666 9928 1
8666 9528 1
8667 9855 1
8668 8825 1
8670 9924 1
8671 8743 2
8673 9037 2
8673 9216 2
8673 9113 1
8673 9071 4
8673 9008 1
8673 8951 1
8674 8867 5
8674 9054 1
8675 9322 3
8675 9740 1
8675 9829 1
8675 8884 3
8676 9118 1
8676 9514 1
8676 9438 1
8678 9737 1
8678 9511 2
8679 8936 1
8680 8728 1
8682 9242 1
8682 9852 2
8683 8979 15
8683 9126 2
8684 8812 1
8686 8859 1
8687 9944 1
8687 9866 1
8689 8803 5
8689 9608 1
8689 9927 3
8689 8794 4
8689 9876 1
8691 9609 1
8691 9252 1
8692 8814 1
8693 9036 2
8694 9048 1
8695 9711 1
8695 8972 2
8695 9298 4
8697 9167 1
8697 9896 19
8697 8872 1
8698 9017 2
8699 9659 11
8699 9037 1
8699 9086 1
8699 9513 1
8699 8713 1
8701 9939 2
8701 9076 1
8701 9595 1
8701 9782 12
8701 9020 1
8702 9013 3
8703 9187 1
8704 9655 7
8706 9682 1
8706 9258 1
8707 8743 2
8708 8920 1
8711 9364 1
8711 9035 13
8711 8733 197
8713 8727 1
8715 9511 3
8715 9532 1
8715 8724 7
8715 9273 1
8716 8922 1
8717 9133 1
8717 9036 1
8717 9621 1
8718 8914 4
8719 8903 2
8719 9048 1
8720 8944 1
8721 8787 10
8721 9642 1
8722 8760 4
8723 8925 1
8723 9231 1
8725 8866 2
8726 8936 2
8728 8831 2
8728 9403 3
8728 9612 1
8729 9500 1
8729 9069 1
8729 9301 2
8729 9769 1
8729 9946 1
8731 8922 1
8732 8972 2
8733 9684 2
8733 8789 1
8733 8848 2
8733 9781 26
8733 9537 4
8733 9270 1
8733 9332 3
8733 9019 2
8733 9138 1
8733 9919 3
8733 9181 2
8733 9675 16
8735 9072 1
8736 9376 1
8736 9616 2
8736 9188 13
8736 9995 1
8736 8792 1
8736 9050 1
8736 9398 6
8736 9440 1
8736 9990 1
8740 8987 14
8740 9119 1
8741 8808 1
8742 9472 1
8742 8862 1
8742 9986 2
8742 9659 1
8743 9682 1
8743 9243 1
8743 9479 1
8743 9533 1
8744 8778 1
8745 9542 1
8745 9611 1
8745 9692 1
8745 9607 1
8747 9508 1
8749 9002 1
8750 9277 1
8750 9469 1
8750 9297 7
8750 9805 1
8750 9957 1
8753 9514 2
8754 9738 1
8754 9800 2
8754 8918 2
8754 8796 1
8754 9984 2
8755 8907 1
8756 8941 1
8756 9013 1
8758 9410 32
8760 9525 1
8760 9236 1
8760 9677 1
8761 8887 1
8762 9902 1
8764 9270 1
8764 9421 1
8765 8865 3
8766 8846 1
8768 9360 1
8769 8886 1
8769 8922 1
8770 9683 1
8770 9923 1
8773 9502 1
8773 9202 2
8773 9237 1
8774 9387 1
8774 9360 2
8775 9775 1
8775 9515 1
8776 9644 1
8776 9408 4
8777 9638 200
8778 9607 1
8778 9595 1
8779 8903 1
8781 9522 2
8783 9124 1
8783 9552 2
8783 9622 1
8783 9439 3
8783 9827 1
8783 9969 1
8785 9045 1
8786 8906 1
8787 9517 4
8787 8890 1
8787 9549 4
8788 8849 1
8790 9875 1
8790 9109 12
8790 9955 1
8790 9107 1
8790 8872 14
8790 9316 1
8790 9504 1
8796 8854 1
8798 9727 1
8799 8973 1
8800 9534 1
8802 8855 1
8804 9297 1
8804 9238 2
8804 9188 2
8804 9264 1
8804 9484 1
8804 9970 2
8806 9678 2
8806 8889 4
8808 9324 4
8808 9442 1
8808 9539 1
8808 9678 1
8808 9786 3
8809 8849 1
8809 9490 1
8811 9843 3
8811 9050 2
8812 8862 1
8812 9047 1
8812 9273 1
8812 9694 1
8812 8827 1
8812 9459 136
8814 9701 1
8818 9213 1
8824 9813 1
8824 9418 3
8825 9320 1
8825 9183 4
8826 8918 1
8826 8847 2
8827 8846 1
8827 9562 1
8829 9883 1
8830 8892 4
8831 9959 1
8834 9240 1
8834 9727 27
8835 8938 8
8836 9881 1
8836 9197 4
8836 9138 1
8836 9942 1
8837 9057 1
8837 9404 1
8837 9843 1
8837 9455 1
8837 9806 3
8841 9500 1
8843 9017 1
8846 9521 1
8846 9449 4
8846 9826 2
8846 9047 1
8846 9573 2
8848 8920 4
8849 9102 1
8849 9116 1
8850 8896 1
8850 9345 1
8850 9077 1
8850 9719 4
8851 9153 1
8852 8923 3
8852 9204 1
8852 9423 1
8853 9013 1
8854 9900 1
8855 9029 3
8855 9413 25
8855 9067 6
8857 9824 1
8857 9844 2
8857 9817 1
8857 9113 1
8857 9484 3
8857 9852 2
8859 9101 1
8859 9811 1
8859 9232 1
8859 9479 4
8861 9375 1
8861 8930 1
8863 9385 3
8863 8981 1
8865 9752 2
8866 9906 2
8866 9309 3
8866 9529 1
8866 9858 20
8866 8875 4
8867 9344 1
8867 9770 1
8867 9809 1
8867 9994 1
8867 9595 7
8867 9767 1
8867 9697 13
8868 9253 15
8868 9273 1
8869 9364 1
8870 9049 2
8871 8878 6
8874 9562 1
8876 9949 18
8876 9183 2
8877 9055 1
8877 9333 1
8877 9497 109
8877 9875 1
8878 9351 1
8879 8934 6
8879 8925 1
8880 9939 1
8880 9603 1
8881 9204 1
8881 9628 1
8883 8987 1
8884 9514 8
8884 9638 1
8885 8938 1
8886 9908 1
8887 9677 3
8887 9649 108
8887 9704 3
8888 9108 1
8888 9018 1
8889 9638 1
8889 9080 1
8890 9009 1
8891 9039 1
8892 9076 1
8892 8949 1
8892 9916 1
8892 9166 1
8894 9660 1
8897 9054 1
8900 9573 1
8902 9013 1
8903 9716 4
8903 9383 1
8903 9147 1
8903 9299 2
8903 9246 2
8903 9390 5
8903 9702 1
8905 8962 1
8905 9588 5
8906 9135 1
8906 9377 1
8906 9829 2
8906 9820 1
8906 9355 1
8910 9364 1
8913 9917 2
8914 9769 1
8914 8943 1
8914 9734 4
8916 9035 1
8917 9080 1
8917 9363 1
8917 9661 4
8920 9653 2
8920 9984 1
8922 9385 1
8924 9135 1
8924 9229 1
8924 9105 2
8924 9065 1
8924 9904 2
8925 9565 1
8926 9698 1
8926 9170 2
8927 9232 1
8927 9472 1
8927 9163 1
8927 9463 1
8927 9112 1
8929 8930 1
8930 9343 1
8930 9657 2
8930 9786 3
8931 9832 1
8932 8982 3
8934 9504 2
8934 9719 1
8934 9117 3
8934 9276 1
8934 9775 4
8935 9034 1
8936 9948 1
8936 9447 1
8936 9216 1
8936 9839 2
8936 9797 1
8936 9951 1
8936 9012 2
8936 9962 1
8937 9039 1
8938 9710 1
8940 9153 1
8941 9695 1
8941 9779 4
8941 9243 1
8941 9166 1
8941 9684 1
8942 9363 1
8945 8966 115
8946 9036 1
8947 9107 3
8948 9705 1
8948 9173 11
8948 9368 1
8949 8975 1
8950 9051 1
8952 9131 1
8953 9627 3
8953 9444 2
8953 9685 2
8955 9165 1
8955 9537 44
8955 9859 1
8957 9558 2
8957 9537 3
8961 8975 9
8963 9270 1
8963 9378 1
8963 9594 1
8966 9528 1
8966 9750 2
8968 9123 1
8969 9441 1
8971 9048 2
8971 8986 1
8972 9364 1
8974 9531 2
8974 9297 1
8975 9538 19
8975 9078 1
8975 9877 1
8975 9248 3
8975 9787 3
8976 9589 1
8976 9448 1
8978 8979 1
8979 9524 1
8979 9168 1
8979 9383 4
8979 9434 2
8979 9293 1
8979 9943 1
8983 9290 1
8983 9685 2
8983 9136 3
8983 9604 1
8984 9462 1
8986 9213 1
8986 9613 39
8987 9970 1
8987 9814 1
8988 9172 2
8988 9186 2
8988 9227 8
8988 9286 4
8988 9869 1
8989 9429 1
8990 9541 1
8990 9288 3
8994 9510 1
8995 9291 1
8999 9448 1
9000 9441 1
9002 9800 1
9002 9095 1
9004 9621 1
9007 9019 1
9007 9354 1
9007 9454 2
9009 9967 2
9010 9522 2
9010 9260 1
9010 9735 4
9010 9647 1
9010 9373 1
9010 9986 6
9011 9087 2
9011 9934 1
9013 9055 16
9013 9853 1
9013 9958 1
9016 9708 4
9017 9403 1
9017 9770 5
9018 9308 1
9018 9623 12
9021 9145 1
9023 9338 1
9027 9078 1
9027 9172 3
9028 9111 1
9028 9822 1
9028 9809 3
9029 9035 1
9030 9752 1
9030 9949 1
9034 9809 1
9034 9184 4
9034 9335 3
9034 9839 7
9034 9844 11
9034 9705 1
9035 9414 1
9035 9323 1
9035 9685 1
9035 9225 1
9037 9589 1
9038 9153 1
9038 9638 2
9039 9336 3
9039 9853 1
9039 9084 1
9039 9200 1
9040 9395 3
9040 9084 114
9041 9889 1
9041 9424 1
9044 9125 2
9044 9412 1
9044 9740 1
9045 9849 1
9045 9492 1
9045 9698 1
9046 9706 1
9047 9051 2
9048 9542 1
9048 9257 1
9048 9918 3
9048 9292 1
9048 9327 9
9049 9155 2
9049 9058 1
9049 9911 1
9049 9395 1
9051 9769 3
9051 9641 3
9051 9874 2
9052 9871 1
9052 9613 1
9052 9187 1
9052 9433 1
9052 9781 1
9053 9117 1
9053 9576 1
9054 9449 41
9054 9060 1
9054 9099 2
9055 9477 3
9059 9556 2
9059 9338 1
9061 9087 7
9062 9562 2
9062 9638 8
9064 9753 8
9071 9638 5
9072 9736 3
9072 9727 1
9072 9922 2
9080 9828 1
9080 9564 1
9081 9561 3
9081 9723 200
9081 9234 1
9081 9326 1
9081 9981 2
9087 9116 1
9087 9358 1
9087 9867 2
9087 9980 2
9090 9514 1
9093 9944 6
9096 9153 1
9098 9587 1
9103 9119 1
9106 9231 1
9108 9434 1
9108 9347 6
9108 9608 1
9111 9866 1
9113 9360 1
9114 9413 1
9114 9218 1
9115 9644 7
9115 9490 1
9116 9153 8
9117 9150 1
9118 9240 1
9118 9711 4
9118 9311 1
9118 9723 4
9118 9964 1
9119 9594 1
9128 9621 1
9128 9360 1
9130 9849 1
9130 9376 1
9131 9373 2
9131 9305 2
9133 9588 1
9133 9825 1
9133 9464 1
9134 9410 24
9141 9189 4
9141 9358 1
9141 9480 1
9141 9696 1
9145 9232 1
9145 9858 5
9145 9927 7
9152 9598 1
9153 9885 1
9153 9349 5
9153 9705 4
9153 9658 2
9153 9476 26
9153 9803 1
9153 9875 1
9154 9610 1
9163 9477 1
9164 9802 75
9168 9661 1
9170 9438 11
9171 9934 6
9172 9972 1
9180 9360 1
9183 9353 1
9186 9410 2
9208 9815 1
9214 9589 1
9220 9644 3
9231 9701 1
9237 9621 1
9242 9660 3
9263 9751 2
9272 9375 1
9299 9313 1
9304 9959 1
9307 9855 1
9338 9383 1
9338 9652 1
9338 9838 1
9340 9638 1
9350 9465 1
9360 9498 1
9360 9723 1
9360 9445 2
9360 9561 1
9363 9504 1
9364 9680 1
9364 9569 1
9364 9699 1
9375 9411 1
9385 9590 1
9385 9408 1
9387 9417 1
9387 9426 1
9387 9740 1
9399 9490 1
9406 9799 7
9408 9696 1
9408 9712 2
9408 9871 1
9409 9866 1
9410 9793 1
9410 9865 1
9417 9556 9
9418 9448 1
9420 9916 1
9448 9635 1
9448 9758 2
9449 9934 1
9461 9621 1
9462 9872 39
9462 9911 4
9469 9959 2
9485 9812 1
9485 9639 3
9490 9872 3
9507 9588 2
9507 9673 1
9555 9589 1
9556 9949 2
9559 9621 2
9566 9815 4
9568 9972 18
9570 9815 1
9573 9866 1
9582 9789 2
9592 9747 1
9594 9924 9
9598 9622 1
9606 9861 3
9621 9749 1
9621 9726 4
9621 9765 3
9638 9865 1
9642 9787 9
9660 9869 1
9691 9937 14
9710 9747 10
9720 9753 1
9721 9893 1
9722 9920 1
9727 9924 4
9767 9789 2
9787 9944 6
9815 9976 1
9839 9883 1
9848 9993 3
9911 9944 3
9917 9934 1
9972 9999 1
