0 9086 2
0 8732 1
0 9143 1
0 8966 6
2 9745 1
2 9836 1
2 8913 1
2 9580 1
2 9805 1
2 9978 1
6 9721 5
6 9459 1
6 9876 1
6 8568 1
6 9001 1
6 8789 1
10 8715 1
10 9190 1
10 8701 1
23 8828 1
23 9520 1
23 8666 1
23 9095 8
33 8803 3
33 9905 2
44 9621 1
44 9724 1
46 9635 1
46 9284 1
46 9702 1
74 8617 23
74 8680 1
74 8719 31
74 9992 1
88 8596 2
88 9963 1
88 9365 1
88 9911 1
97 9211 2
97 8986 2
97 8957 1
97 9252 1
97 9227 1
97 9425 2
134 9240 29
134 9510 2
135 8769 1
135 8583 4
135 9156 1
136 9193 2
136 9243 1
136 9864 1
140 9381 1
140 9863 1
140 9190 1
140 9455 1
140 9473 1
163 9760 9
163 9188 3
163 9411 11
180 9193 2
180 9409 5
210 9161 1
210 9744 1
210 8635 45
210 9089 1
210 9185 1
210 9336 2
210 9081 2
210 9708 6
218 9636 3
218 9558 2
218 9104 1
218 9631 1
219 9190 1
241 8860 14
241 9739 1
241 8718 1
241 9449 1
241 9930 1
255 9154 2
255 9527 1
264 8640 1
264 9318 1
264 8729 1
264 9688 2
264 9587 2
275 8937 2
275 9077 1
275 9609 145
310 9618 2
323 9453 1
323 9948 18
323 8793 1
340 8808 1
340 9387 1
340 8687 2
357 8907 1
357 9063 1
357 8685 1
357 8938 2
357 9423 1
374 9449 1
374 9690 1
374 9941 2
381 9671 1
381 9945 1
389 9095 13
389 9194 2
391 9590 1
391 9719 2
391 9771 1
408 8733 2
408 8749 16
408 9180 1
408 9196 1
411 9327 1
425 8771 1
425 9631 3
474 9899 2
474 9252 1
483 9227 2
483 9102 2
483 9657 1
483 8689 1
498 9050 1
498 9016 1
498 8660 1
507 8828 2
507 8679 1
507 9992 4
507 8837 3
507 8913 3
518 8846 2
518 9493 1
518 9920 10
538 9696 1
551 8791 1
551 9176 1
551 9967 4
554 9487 1
554 8664 1
554 9473 1
554 9337 1
554 9718 1
558 9695 1
558 9824 2
558 8753 10
569 9748 3
569 9823 1
569 8996 3
578 9156 1
578 9130 2
578 9336 1
581 9574 7
581 8775 3
581 9918 2
581 9944 2
584 8732 4
584 9243 1
584 9456 1
584 9726 1
584 9461 1
584 9836 3
584 8829 1
586 8912 1
586 9157 1
586 9162 1
588 9652 1
588 8803 4
588 9762 1
588 9842 1
588 8795 1
588 9771 2
608 8556 2
608 8742 3
608 9963 1
608 8671 3
608 8898 1
608 9436 1
621 9474 1
621 8722 1
621 9750 1
621 9197 1
666 9383 1
666 8795 1
666 9418 8
666 9642 1
666 9182 1
673 9565 1
673 9215 1
673 9499 2
673 8848 1
678 9701 1
678 8830 1
678 9178 29
678 9449 2
681 9801 6
681 9418 4
681 8859 1
681 8904 1
681 8558 1
681 9385 1
681 9615 2
681 8946 3
681 9527 5
681 9894 2
700 9326 1
707 9207 1
707 8613 3
707 9261 1
718 9567 1
718 9088 5
718 9337 1
718 9588 1
718 9215 4
718 9595 1
719 9538 1
719 9583 3
719 8718 1
719 9874 5
719 9981 1
726 9668 2
726 9850 1
726 8956 21
726 9287 1
739 8856 1
739 9350 1
739 8608 31
739 9676 1
739 9822 1
739 9742 5
741 9373 1
741 9482 1
747 9706 1
747 8756 1
747 9670 1
755 9265 1
755 9982 8
755 9552 1
755 8669 1
755 9112 200
755 9325 1
765 8646 1
765 8581 1
765 8640 1
795 9986 1
795 9381 1
795 9618 1
795 9735 2
798 9376 1
798 8811 8
798 9825 2
798 8755 1
798 9045 5
798 9619 2
798 9634 1
813 8816 8
813 9094 1
813 8679 1
853 9253 1
853 9320 1
853 9742 2
853 9531 7
853 8581 3
853 8615 2
853 9489 15
853 9816 1
853 9847 2
856 9620 3
856 9387 1
856 9766 4
869 8703 1
876 8770 2
876 9743 2
876 9345 1
884 8589 1
884 9428 1
900 8577 1
900 9731 5
900 9706 2
924 8671 3
924 9591 1
941 9879 1
960 9070 1
960 9114 4
960 9156 1
991 8732 4
991 9317 1
991 9611 1
992 8892 1
992 8995 1
1001 8557 2
1001 8652 2
1001 9178 18
1001 9356 5
1001 9396 2
1001 8670 3
1016 9214 1
1016 9655 1
1016 9751 1
1025 9929 3
1025 9683 1
1025 9504 2
1048 8953 1
1048 8619 1
1048 9327 2
1050 9780 17
1050 9825 1
1098 9016 2
1098 9577 1
1098 9407 1
1119 8665 2
1119 9294 1
1139 9649 4
1139 9360 1
1140 8694 1
1140 8564 1
1150 9058 2
1150 9615 1
1150 9897 3
1150 9645 1
1173 8683 1
1173 9699 1
1176 9202 1
1176 8709 1
1185 9365 3
1185 8655 5
1185 8736 1
1185 9582 2
1198 8615 6
1198 8622 1
1198 9109 1
1198 9636 2
1198 9834 2
1198 9067 1
1202 9834 1
1202 8745 1
1202 9530 1
1202 9709 6
1217 8974 1
1217 9170 1
1217 9854 1
1234 8900 4
1234 8867 17
1234 8569 1
1234 9034 1
1234 9325 1
1234 9174 2
1234 9354 1
1260 9800 1
1262 9930 1
1262 8614 1
1264 9173 1
1264 9456 1
1269 9614 1
1269 8787 1
1269 9028 3
1269 9062 2
1269 9321 1
1269 9704 1
1286 8931 1
1286 9099 4
1286 9235 1
1286 9348 1
1294 8709 1
1294 8934 1
1294 8856 1
1294 9698 3
1294 9913 3
1294 8907 6
1294 9115 1
1294 9921 1
1303 8983 1
1303 9652 1
1303 9806 1
1307 9123 1
1307 8806 1
1307 9030 1
1307 9452 1
1320 8962 2
1320 9897 1
1320 9324 11
1322 8591 3
1322 8601 2
1346 9573 1
1346 8576 3
1346 8744 2
1346 9575 1
1346 9552 1
1356 9121 1
1356 8940 1
1389 9351 1
1389 8973 1
1395 9295 1
1395 9425 1
1410 8912 2
1410 9008 2
1410 9615 2
1410 8559 3
1410 8591 3
1410 8870 3
1410 9040 1
1440 9280 1
1445 9403 1
1445 8648 1
1445 8828 5
1447 8956 1
1447 8628 1
1447 9302 1
1454 8961 1
1464 9123 1
1464 9590 1
1464 9833 1
1464 9868 6
1464 8712 5
1464 9742 1
1465 9910 2
1465 8580 2
1465 9054 1
1465 8899 1
1465 9179 2
1465 8816 1
1465 9526 1
1475 8765 1
1475 9683 1
1475 8640 2
1476 9370 1
1476 9241 2
1476 8865 2
1476 9516 1
1493 9377 1
1500 9780 1
1500 9593 2
1500 9788 1
1500 8923 6
1500 9369 3
1504 9195 1
1504 9452 2
1504 9688 1
1504 8971 1
1504 9064 1
1504 8977 1
1504 8978 1
1522 9705 4
1522 9469 1
1536 9626 66
1536 8667 1
1536 9036 1
1538 9799 1
1538 9187 1
1538 9416 1
1539 9694 1
1539 8728 1
1539 8961 1
1539 9306 1
1550 8736 1
1550 9855 1
1550 8979 1
1550 9898 1
1550 8575 1
1550 9126 1
1550 9388 6
1589 8641 1
1589 9578 1
1602 8572 5
1602 9569 1
1602 9826 1
1621 9438 1
1621 9470 1
1621 9009 1
1635 9442 1
1635 9419 1
1641 9239 1
1641 9675 1
1641 9123 1
1641 9717 2
1641 9502 1
1641 9614 1
1658 9743 1
1658 8564 1
1658 9619 1
1658 9720 3
1658 9451 3
1658 9952 1
1658 9389 7
1675 9211 2
1675 9253 2
1675 9693 1
1680 8628 1
1680 8589 1
1693 8655 1
1693 9936 2
1693 8773 60
1693 9635 1
1693 9146 62
1703 9612 2
1703 8654 2
1712 9231 1
1712 9108 1
1712 9178 2
1726 9182 1
1726 9048 2
1726 9909 1
1726 9651 2
1739 9405 1
1757 8752 1
1757 8634 1
1757 8977 1
1757 9164 3
1757 9974 1
1757 9180 1
1758 9925 1
1758 9686 10
1781 9268 1
1781 9228 200
1788 9765 4
1788 9944 2
1797 9423 2
1797 9044 2
1797 9126 3
1828 8849 38
1828 8827 2
1828 8625 8
1828 9813 1
1828 9270 1
1828 9495 5
1828 8968 1
1828 9774 1
1851 9158 1
1851 9867 1
1862 8923 3
1862 9325 4
1862 9185 2
1862 9721 42
1866 9073 1
1866 9574 1
1866 9584 1
1866 9688 2
1878 9469 2
1878 9485 2
1878 8995 2
1878 8862 1
1878 9088 1
1878 9514 1
1878 9765 1
1880 9061 5
1880 9307 8
1880 9800 4
1883 8773 4
1883 9097 1
1883 9488 2
1883 9617 2
1897 9722 1
1897 9546 1
1897 9210 3
1908 9400 1
1908 9734 1
1908 9199 1
1908 9434 1
1908 8964 2
1908 8886 1
1908 9061 1
1913 9054 1
1913 9643 5
1915 9565 1
1915 9541 1
1915 9751 1
1915 9981 1
1915 9717 1
1920 9703 3
1934 9937 16
1934 8890 1
1934 9646 1
1934 8998 2
1934 8808 1
1934 8957 1
1935 9548 1
1935 8759 2
1935 9096 1
1935 9215 1
1935 9536 1
1938 8959 1
1938 9910 1
1938 8942 2
1938 9107 2
1938 9638 1
1942 8779 1
1942 9857 1
1942 8664 1
1942 9581 1
1942 9990 1
1942 8820 4
1948 9916 1
1948 8793 1
1948 8978 1
1948 9553 2
1948 9275 4
1948 8904 1
1948 8993 1
1992 8771 1
1992 9526 2
1992 9893 3
1992 9199 19
1992 9987 2
2010 9016 1
2010 8572 1
2036 9092 5
2036 8709 1
2036 9377 1
2057 8837 1
2057 9035 1
2057 9691 2
2057 9863 1
2057 9980 1
2057 8881 2
2060 9137 1
2060 9668 1
2060 9110 4
2060 9936 1
2076 9672 1
2076 9101 1
2084 9883 3
2084 9072 1
2084 9102 1
2084 8745 1
2084 9024 4
2084 9706 1
2099 9239 1
2099 8797 1
2099 9143 1
2099 9316 1
2103 8789 1
2103 8995 1
2103 9880 1
2103 9944 4
2103 8625 1
2106 9242 1
2106 8718 1
2106 9033 1
2106 9705 4
2127 8633 1
2127 8867 7
2127 9530 3
2127 9326 1
2131 8904 2
2131 9075 1
2131 9878 1
2131 9971 1
2138 8837 1
2138 8780 3
2138 8835 4
2138 9368 1
2138 9453 1
2138 9775 2
2138 9639 1
2142 9049 1
2142 9981 1
2142 9015 1
2142 9917 1
2142 9793 2
2147 9482 4
2147 8699 1
2147 9484 1
2148 9359 8
2148 9777 2
2148 9751 1
2148 9019 1
2148 9083 8
2148 9845 1
2159 9720 1
2159 9923 2
2166 9936 1
2166 9119 1
2166 9976 9
2170 9993 4
2170 8647 2
2170 8796 1
2170 8765 2
2173 9791 1
2173 8559 30
2173 9624 1
2173 8980 1
2173 9409 2
2173 9580 2
2173 9581 3
2182 9024 1
2186 9142 1
2186 8736 1
2194 8817 1
2194 8985 4
2194 9067 1
2194 8583 9
2198 8712 2
2198 9145 1
2198 8811 1
2211 8647 1
2211 9972 1
2211 8941 1
2211 9504 1
2211 9653 1
2211 9860 5
2251 9283 4
2251 9468 1
2251 9755 1
2277 9988 1
2277 9212 9
2277 9885 1
2294 8901 1
2294 9174 1
2294 9405 1
2294 9818 1
2294 8882 1
2294 9952 3
2296 9541 1
2296 8985 1
2296 9540 9
2306 9077 1
2306 9663 1
2313 9826 15
2313 9196 1
2313 8938 2
2313 8734 1
2313 9865 3
2317 9291 1
2317 9697 1
2317 9720 1
2317 8904 1
2317 9390 19
2317 8955 1
2317 9242 2
2317 8857 6
2317 9370 1
2358 8907 1
2358 8847 1
2358 8724 1
2359 8750 1
2359 8891 1
2368 9376 1
2401 8646 2
2401 8747 1
2401 9724 1
2401 9030 1
2402 9945 200
2402 9345 1
2402 9487 2
2402 8834 3
2402 9523 5
2405 9304 1
2420 9419 1
2420 9731 10
2420 9270 1
2420 9628 1
2420 8579 9
2420 8735 2
2420 9450 1
2439 8827 1
2439 9541 1
2439 9865 29
2441 8746 1
2441 9317 1
2441 8916 2
2441 9195 4
2448 9388 2
2448 8978 1
2448 8922 1
2455 8866 1
2455 9137 1
2458 9534 1
2458 8895 1
2458 9058 2
2458 8678 1
2458 9497 5
2458 9735 1
2458 9997 2
2464 9281 1
2464 9786 2
2467 8865 1
2467 8656 1
2511 8836 1
2511 8756 1
2511 9194 2
2511 9026 1
2511 9193 1
2527 9314 1
2527 8941 1
2527 9986 2
2527 9046 1
2527 9020 1
2527 8615 1
2527 9048 2
2527 9221 5
2533 8810 1
2533 9371 2
2549 8829 1
2549 9798 1
2549 9403 3
2549 9421 2
2558 9980 1
2558 8603 1
2562 8830 4
2562 9579 1
2592 9541 1
2592 9986 12
2596 8896 1
2596 9761 1
2596 8869 1
2596 8784 2
2596 8927 4
2596 8674 1
2596 9548 1
2597 9787 2
2597 8650 2
2597 8847 4
2597 9642 2
2607 9377 1
2607 9380 1
2609 9973 2
2609 8690 1
2609 8995 3
2609 9859 5
2609 9986 1
2609 8953 1
2609 9585 8
2609 8871 1
2609 8983 1
2609 9590 1
2619 8906 2
2619 9162 1
2619 9405 8
2633 9174 1
2633 9512 1
2633 9708 8
2633 9809 1
2656 9509 1
2660 9879 1
2660 9733 8
2660 9982 2
2683 8633 5
2683 8750 1
2683 9569 21
2683 8773 3
2683 8834 1
2688 8955 1
2688 9390 1
2688 9511 1
2688 9795 10
2688 9491 1
2719 9809 1
2719 9990 2
2727 8835 2
2727 9306 1
2727 9652 1
2736 8968 1
2736 9190 2
2755 9006 3
2755 8773 8
2763 8678 1
2763 8750 2
2763 9111 10
2763 8934 1
2763 9690 2
2763 9739 1
2763 8716 45
2763 9497 1
2766 8762 13
2766 8927 1
2766 8889 1
2767 9726 2
2767 9315 1
2767 9474 1
2788 8625 1
2788 8717 4
2788 9206 2
2795 9028 6
2795 9595 1
2795 9868 2
2795 9244 1
2795 8912 1
2795 9521 1
2795 9854 1
2795 9084 1
2795 9102 2
2811 8742 7
2811 8646 2
2811 8706 2
2811 9333 1
2813 8811 1
2830 9831 1
2830 9588 3
2838 8806 1
2838 8893 1
2838 9446 1
2838 9693 1
2838 9000 1
2838 9249 1
2838 9509 2
2855 9058 2
2855 9100 1
2855 9563 1
2855 9891 1
2855 8669 2
2855 9042 3
2857 8909 2
2857 8829 1
2857 9110 2
2857 9019 19
2857 9569 1
2863 8915 1
2863 8731 2
2863 9330 37
2863 8665 1
2863 8867 2
2863 9243 2
2863 9917 2
2887 9755 1
2887 8993 28
2887 9420 1
2887 8577 1
2887 9748 3
2897 9659 9
2897 9976 1
2902 9020 1
2903 9528 1
2908 9101 1
2908 9416 1
2908 9050 3
2920 9054 8
2920 8952 1
2920 9085 2
2920 9816 1
2933 9776 1
2933 8996 1
2933 9003 1
2933 9686 1
2955 9118 1
2955 8942 3
2955 9885 1
2955 9903 4
2956 8742 1
2956 8906 2
2956 9049 6
2978 9467 1
2983 8848 1
2983 9940 3
2983 9168 3
2983 8984 3
2985 9750 1
2985 8923 9
2985 9549 1
2985 8913 5
2985 9820 1
2996 8942 3
2996 9104 2
3090 9593 1
3090 9640 2
3090 8721 2
3090 8766 1
3090 9256 6
3100 9856 8
3100 8734 117
3114 8804 1
3114 9356 1
3114 9641 1
3114 8619 1
3114 9389 2
3114 8608 1
3128 8874 3
3128 8584 4
3128 9318 1
3142 8878 1
3142 9304 3
3146 9226 2
3146 9037 1
3147 9442 6
3147 9006 1
3153 8927 1
3153 9322 1
3153 9797 1
3153 9820 1
3153 9575 3
3173 9241 1
3173 9027 1
3173 9099 3
3173 9598 2
3173 9143 1
3173 9891 1
3173 9437 1
3173 9963 1
3174 9073 2
3174 9553 2
3174 9690 11
3175 8610 1
3175 8744 1
3175 9377 1
3175 9039 1
3175 9876 1
3175 8817 4
3196 8656 1
3196 9512 1
3196 9649 8
3231 9842 1
3231 9694 5
3235 9088 2
3235 8957 2
3252 9993 1
3256 9939 1
3256 9451 6
3256 8795 1
3256 8821 1
3261 9086 1
3261 9218 1
3280 8990 2
3280 9333 1
3280 8596 1
3280 9177 1
3280 9381 1
3280 9984 1
3289 8952 1
3289 9219 1
3289 9835 1
3295 9111 1
3306 9193 1
3306 9117 1
3306 9478 2
3306 9573 7
3311 9268 1
3314 9252 1
3314 9499 1
3314 9795 1
3317 9249 3
3317 9411 22
3317 9154 1
3317 9182 1
3317 9649 1
3317 8647 1
3320 9083 1
3320 9781 1
3320 9380 1
3320 9468 1
3320 8784 1
3328 8886 1
3345 8890 1
3345 9739 2
3345 9779 1
3345 9651 1
3354 8680 1
3359 9783 2
3359 9239 1
3359 8837 5
3359 9344 2
3359 9415 2
3359 9446 1
3359 9503 2
3383 8762 9
3383 8664 1
3383 9929 1
3383 9980 1
3384 9618 1
3384 9891 1
3385 8830 2
3391 9287 2
3391 9055 2
3391 9881 1
3405 8993 1
3405 9284 1
3406 8966 1
3406 9775 1
3410 9187 1
3410 9488 1
3410 8769 7
3415 8811 2
3415 9830 2
3421 9308 2
3421 8599 1
3421 8686 1
3421 8923 1
3432 9702 1
3432 9659 1
3444 8975 1
3444 9779 2
3455 9624 2
3455 9673 4
3455 8787 200
3455 9267 3
3455 9830 1
3455 8909 1
3455 9060 1
3455 9359 1
3455 9693 1
3496 9910 1
3496 9985 1
3510 9555 1
3510 9983 1
3510 9287 3
3510 9927 1
3510 9906 1
3510 9813 1
3511 9464 2
3511 9363 1
3511 9419 1
3511 8979 2
3520 9592 3
3520 9401 1
3534 9222 1
3534 9380 1
3534 9707 18
3534 9800 1
3534 9166 1
3534 9776 2
3534 9780 1
3537 8750 2
3537 9687 1
3537 9205 1
3537 9634 2
3537 9860 2
3537 9117 1
3537 9478 1
3537 9001 2
3548 9099 1
3548 8871 2
3551 9080 2
3551 9280 1
3566 9097 1
3566 9965 1
3577 9169 1
3577 9316 18
3577 9985 1
3586 8874 1
3586 8569 30
3586 8911 1
3586 8953 3
3586 9459 1
3634 8556 1
3634 9916 1
3634 8702 1
3634 8633 1
3634 8972 1
3634 9053 3
3639 9583 11
3639 9701 1
3639 9579 200
3639 9834 1
3640 9984 1
3651 9337 1
3651 9016 1
3651 8564 1
3651 8871 1
3651 9464 3
3651 8986 1
3651 9308 3
3682 9407 27
3682 9847 3
3682 9119 105
3682 9806 1
3692 9083 3
3709 8927 1
3709 9559 1
3709 9167 2
3709 9444 2
3722 9423 1
3722 9720 1
3722 9858 1
3722 9463 1
3725 9235 1
3765 9927 1
3765 9356 1
3765 9291 2
3765 9211 1
3774 9089 1
3774 8866 1
3774 9342 1
3778 9424 2
3778 9043 1
3778 9860 2
3778 9269 1
3791 8768 1
3791 9965 1
3791 9940 2
3791 9291 1
3791 9538 1
3816 9157 1
3816 9210 1
3816 9664 3
3816 9693 2
3816 9609 4
3821 9522 2
3821 9870 5
3821 9376 1
3821 8848 1
3835 9523 1
3839 9297 7
3839 8768 1
3839 9394 1
3839 9136 1
3839 9574 1
3839 9167 5
3839 9797 1
3854 8619 2
3854 8842 2
3854 9475 2
3854 9303 1
3854 9598 1
3859 8856 4
3864 8755 3
3869 8940 1
3869 8849 2
3877 9012 1
3880 9766 4
3880 8702 1
3880 9056 1
3880 9745 1
3880 9046 1
3895 9470 1
3901 9164 1
3901 9697 1
3906 8719 2
3906 9799 13
3908 9484 1
3908 9783 1
3908 9969 7
3920 9940 1
3920 9774 1
3921 9963 3
3921 9724 9
3921 8994 9
3921 9767 1
3924 9337 1
3924 8618 1
3924 8757 1
3924 9906 1
3942 9234 5
3942 9081 4
3953 9527 1
3958 8892 1
3958 8966 1
3958 9314 1
3970 9087 1
3991 8867 1
3991 9429 6
3991 8702 1
3991 9037 2
3991 9094 1
3991 8817 3
3991 9026 1
4013 8690 1
4013 9297 1
4013 9882 2
4019 8587 2
4019 9546 19
4036 9055 2
4036 9059 1
4036 8737 2
4036 9271 1
4036 9520 3
4037 8913 1
4037 8716 1
4037 9188 1
4037 9199 3
4037 9658 6
4046 9383 1
4046 9522 1
4047 8702 3
4047 8728 1
4047 9760 1
4051 8769 1
4051 8812 3
4051 9045 3
4051 9725 3
4057 8577 1
4057 8829 43
4057 9065 1
4057 9085 1
4059 9628 1
4059 8692 1
4075 9930 1
4075 8696 1
4075 9056 1
4092 8788 1
4092 9765 1
4092 9866 1
4099 9978 1
4115 9932 1
4115 9175 1
4119 8735 3
4119 9878 1
4136 9308 1
4136 8577 2
4136 9699 6
4136 9024 1
4136 9077 1
4136 9470 1
4136 9622 1
4136 9946 1
4153 8825 5
4158 9722 1
4158 9442 1
4158 9350 1
4158 8997 1
4158 8727 1
4175 9899 3
4175 8880 1
4175 8721 1
4175 9351 1
4195 8731 1
4195 9040 1
4195 9687 1
4195 9305 40
4198 9480 1
4198 9733 1
4198 9540 1
4198 8859 15
4198 9758 5
4208 9234 1
4208 8694 1
4208 9036 2
4208 9722 3
4242 9715 1
4242 8715 5
4242 9970 1
4242 8966 1
4242 9396 1
4242 9638 4
4242 9098 1
4254 8664 2
4254 9974 1
4254 9112 2
4254 9461 1
4255 8913 2
4255 9372 2
4255 8618 1
4255 9253 1
4258 8863 1
4258 9475 1
4258 9752 2
4282 8780 1
4282 8659 3
4282 8557 1
4282 8811 1
4282 9740 4
4282 9782 1
4282 9970 1
4295 9144 26
4295 9285 1
4316 4838 1
4317 9038 4
4317 9948 3
4324 9688 2
4324 9760 1
4324 9544 3
4347 9297 4
4347 9758 1
4347 9089 1
4347 9316 1
4347 9420 1
4347 9942 2
4347 8562 4
4354 9528 1
4354 8890 2
4354 9194 1
4354 9360 16
4354 8722 3
4354 9861 1
4371 8891 1
4371 9241 1
4371 8729 1
4371 9242 1
4375 9831 1
4375 9592 1
4375 9901 1
4385 9000 1
4385 9257 1
4385 8797 7
4390 9535 1
4396 8987 4
4396 9406 1
4396 9592 1
4396 9047 1
4396 9350 1
4396 9744 2
4409 8717 1
4409 8655 3
4409 9237 1
4409 9452 1
4409 9097 1
4409 8775 1
4409 9064 1
4409 9083 1
4409 9924 2
4431 8823 1
4431 9107 2
4450 9017 3
4450 9034 1
4462 9961 7
4462 9490 2
4462 9830 8
4464 9415 1
4464 8575 1
4464 8922 2
4487 9088 1
4488 8732 1
4488 9688 1
4488 8633 1
4493 9035 1
4493 8775 1
4493 9218 1
4493 8821 1
4493 8764 1
4493 9864 2
4493 8759 1
4493 9325 1
4496 8660 5
4496 9385 2
4496 9978 1
4496 9092 1
4496 9528 1
4502 9740 35
4502 9797 2
4502 9893 1
4502 8660 4
4502 9195 2
4502 8649 1
4502 9398 5
4507 9852 1
4507 8997 1
4507 8874 1
4507 9246 1
4507 9436 6
4507 8842 1
4508 8962 1
4508 8812 9
4508 9737 1
4510 9921 3
4510 8877 1
4511 9109 1
4511 9329 1
4511 8769 2
4511 9231 1
4511 9374 2
4511 8806 1
4511 9145 1
4511 9762 1
4511 9879 4
4515 9914 1
4524 9184 7
4524 9468 1
4524 8719 1
4524 9628 1
4531 9146 2
4531 8706 1
4531 9772 2
4535 8828 1
4535 9226 1
4535 9467 2
4535 9640 3
4535 9658 1
4546 8891 4
4546 9145 1
4546 9349 2
4546 9876 1
4550 8563 1
4550 9630 13
4550 8686 4
4550 9879 1
4550 8625 1
4550 9859 2
4551 8980 1
4551 9590 3
4551 9920 1
4554 9252 2
4554 9347 1
4554 9696 2
4559 8931 2
4559 9261 1
4559 9348 1
4559 9277 1
4559 9554 1
4559 9038 4
4588 9288 2
4588 9363 1
4588 9710 1
4588 9618 1
4588 9744 4
4588 9805 1
4594 9881 1
4594 8892 1
4594 9121 1
4594 8769 1
4594 9780 1
4594 9712 1
4597 9125 3
4597 9173 1
4597 9929 2
4597 9974 1
4608 8780 1
4608 9534 2
4614 9210 1
4614 9388 1
4614 9014 1
4614 9406 1
4619 8994 1
4619 9497 1
4619 8780 1
4619 8838 2
4619 8652 1
4619 9603 1
4619 9805 4
4624 9825 1
4624 8890 1
4624 9428 4
4625 8962 1
4625 8755 3
4625 8808 2
4625 9743 1
4625 9863 1
4625 9715 1
4625 9885 1
4625 9920 3
4625 9078 3
4625 9438 1
4626 9936 1
4626 8853 1
4626 9206 1
4626 9785 6
4626 8967 1
4626 9855 1
4652 8857 1
4652 8958 1
4654 8580 4
4654 9256 6
4656 8850 2
4656 8711 6
4656 9671 2
4656 8823 5
4656 9388 1
4656 9895 9
4670 9878 200
4670 9410 1
4672 9324 4
4703 8648 1
4703 9422 1
4703 8698 1
4704 9611 4
4704 9891 7
4704 9307 2
4704 9039 1
4715 9799 1
4715 9085 1
4715 9393 1
4715 9927 1
4715 9772 1
4718 9546 1
4718 9832 1
4742 8660 1
4742 9281 1
4742 9264 1
4742 8584 3
4744 9921 1
4744 8719 2
4744 9323 1
4744 9006 1
4744 9284 5
4744 8637 1
4744 9861 2
4744 9555 1
4744 8856 3
4757 8775 1
4757 8747 1
4807 9397 6
4807 9220 1
4838 9488 1
4847 9039 1
4847 9821 1
4874 9012 6
4874 9823 2
4874 9491 10
4874 9940 2
4910 9863 2
4910 9391 9
4910 8698 2
4915 9211 8
4915 9261 1
4915 9456 6
4915 8863 1
4915 9686 1
4915 9490 1
4915 9905 1
4915 9676 4
4915 9754 1
4939 9277 1
4939 9202 1
4939 9415 4
4961 9044 1
4961 9320 1
4996 9765 1
4996 9109 1
4996 9440 10
4996 9451 1
4996 9680 1
4996 9988 1
5000 8899 1
5000 8762 1
5000 9258 1
5000 9624 3
5006 9327 1
5006 9511 1
5007 9407 2
5007 8788 1
5007 9062 1
5008 9630 1
5017 8927 1
5030 8918 1
5030 9694 13
5034 9758 2
5034 9814 1
5040 9211 2
5040 9841 1
5040 9237 1
5040 9893 1
5049 9707 200
5049 8808 3
5049 9240 1
5061 9078 1
5061 9185 1
5061 9589 4
5061 9673 1
5067 8862 1
5067 9746 1
5079 9011 1
5079 9613 4
5079 9412 1
5079 9031 2
5079 9698 1
5081 9100 1
5081 9319 1
5081 8672 1
5082 9937 24
5082 9480 1
5082 9485 8
5082 9670 18
5086 8736 1
5086 9374 1
5086 8870 6
5086 9089 1
5086 9377 1
5106 9437 1
5106 8917 1
5106 8978 1
5106 9087 1
5108 8599 1
5108 8775 1
5108 8967 2
5108 9600 2
5108 9100 2
5116 9882 2
5116 9027 4
5126 9337 1
5126 9730 1
5126 8954 1
5126 9421 1
5126 9536 1
5126 9058 48
5144 9664 1
5149 8701 1
5149 9089 1
5149 9370 1
5172 9132 6
5172 9612 1
5172 9668 1
5172 9450 1
5172 9978 1
5172 8646 8
5172 8696 1
5172 8803 1
5172 8609 1
5172 9826 1
5174 8972 14
5174 9360 1
5181 9745 8
5181 9030 1
5181 9326 3
5181 9222 1
5191 8934 1
5191 9000 1
5191 9397 1
5191 9342 3
5191 9423 1
5191 9137 2
5193 9316 1
5193 9695 1
5202 9020 1
5202 9304 3
5202 9476 30
5202 9624 1
5202 9406 1
5216 9727 1
5219 9516 2
5219 9572 1
5225 9779 11
5225 8819 15
5225 8970 2
5225 9459 2
5225 9766 3
5225 9205 1
5225 9801 8
5225 8793 1
5225 9226 13
5243 8795 3
5243 8796 1
5243 8834 17
5243 9531 1
5267 9579 3
5267 8557 2
5267 9630 3
5267 9266 1
5267 9356 3
5285 9442 2
5285 8640 1
5285 9893 1
5285 9144 6
5285 8956 1
5285 8976 1
5289 9005 1
5289 9009 2
5292 9155 6
5292 9782 1
5292 9846 10
5292 8907 1
5292 9328 1
5292 9387 2
5292 8931 1
5292 9133 1
5292 9553 2
5296 9134 2
5296 9294 4
5304 9033 3
5306 9190 2
5306 9905 1
5306 9726 1
5306 8985 3
5306 9521 1
5335 9579 1
5335 9704 1
5339 9397 2
5339 8796 1
5339 8814 1
5339 8863 1
5347 9923 1
5347 9347 1
5347 9372 1
5352 9489 21
5354 9505 1
5354 9653 1
5357 8863 1
5357 8773 2
5357 8851 1
5357 9649 1
5357 9359 1
5357 8868 1
5357 9412 3
5357 9636 2
5360 8913 1
5364 9603 1
5364 9766 23
5364 9884 1
5365 9095 115
5369 8685 1
5369 8819 1
5369 9019 1
5369 9281 2
5369 9455 1
5369 9155 1
5402 8977 1
5417 8952 1
5417 9480 1
5433 8753 28
5433 9743 2
5433 8564 1
5433 8996 1
5433 9368 1
5433 9110 1
5433 9531 1
5433 9330 1
5440 8568 3
5440 9255 1
5450 8685 2
5450 8773 1
5450 9980 1
5450 8586 1
5450 8762 10
5450 8968 1
5450 8972 1
5450 9444 3
5450 9565 1
5450 8756 4
5450 9558 1
5457 9942 4
5457 8865 2
5457 9866 1
5457 9914 1
5457 9073 1
5466 9038 2
5466 9120 1
5468 9642 1
5468 9406 1
5468 8791 2
5468 9617 1
5473 9902 2
5473 8622 2
5473 8715 1
5479 9385 6
5508 8603 1
5508 9055 1
5510 9902 3
5510 9827 9
5525 9372 1
5555 8879 1
5555 8923 1
5555 9390 1
5555 9118 2
5555 9703 2
5555 9898 6
5575 9118 2
5575 9327 15
5575 9916 1
5575 8719 1
5575 8742 1
5575 9002 1
5575 9016 1
5575 9831 1
5578 9848 5
5594 9308 1
5594 8701 1
5594 9073 1
5594 9279 2
5594 9169 1
5598 9553 2
5598 9623 1
5603 8626 5
5603 9076 1
5603 8654 1
5603 9476 1
5603 9739 11
5603 9874 1
5603 9027 1
5603 9004 1
5608 8820 1
5608 9187 1
5608 9023 3
5608 9836 1
5616 8834 1
5616 9484 8
5643 9719 1
5643 9882 1
5643 8671 3
5648 9619 1
5660 9249 1
5660 9308 6
5660 9366 1
5660 9613 1
5660 9280 1
5660 9340 3
5660 9394 2
5660 9871 1
5668 9158 1
5668 9188 2
5668 9450 18
5668 8764 2
5683 9578 2
5696 9326 6
5733 9793 1
5733 9385 1
5733 9772 1
5733 8901 1
5734 9132 1
5734 9921 1
5734 9257 2
5734 9509 1
5734 8800 1
5734 9720 1
5741 9538 2
5741 9014 3
5760 9291 1
5760 8635 1
5775 8845 1
5775 8931 1
5775 8741 22
5775 9156 2
5775 9532 2
5777 9589 2
5777 8793 1
5777 9024 2
5777 8808 1
5777 9614 2
5777 8746 1
5777 9187 1
5777 9739 20
5789 8678 2
5789 8682 13
5789 9575 4
5792 9625 5
5792 9913 48
5792 9136 1
5792 9143 1
5792 9629 3
5792 9394 1
5792 9761 1
5811 9982 1
5811 8741 1
5811 9629 6
5819 9469 4
5819 8955 2
5819 9227 2
5819 9787 1
5841 9867 1
5841 9612 2
5841 8879 2
5841 9046 1
5841 9701 1
5864 8797 1
5864 8711 3
5864 9006 12
5877 9271 7
5877 9338 1
5877 9756 1
5897 9659 2
5897 9754 4
5897 9548 2
5897 8980 8
5904 9832 6
5917 9285 2
5926 9427 1
5926 9089 79
5926 9423 1
5926 9567 1
5926 9288 1
5926 9327 1
5930 9023 5
5930 9523 1
5933 9997 1
5935 8744 1
5935 8810 2
5935 9226 3
5935 9453 3
5938 8953 1
5938 8988 1
5938 9928 2
5938 9088 1
5938 8586 1
5946 9391 6
5946 8903 5
5946 9260 1
5946 9349 36
5958 9834 1
5958 9493 2
5975 8654 1
5975 8878 1
5975 8682 1
5975 9132 1
5975 9582 6
6006 8816 1
6006 8781 5
6006 9763 1
6006 9864 1
6006 9916 1
6010 9779 1
6010 9118 1
6010 9559 3
6010 9854 2
6010 8586 1
6010 8737 5
6010 9111 1
6010 9170 2
6010 9374 1
6010 9993 57
6037 9727 1
6037 9977 1
6037 8702 1
6037 9063 1
6038 9249 1
6038 9354 1
6042 9374 23
6047 9702 1
6047 8802 1
6047 8933 2
6047 9567 2
6047 9076 1
6053 9960 2
6053 8757 1
6053 8810 16
6053 9886 1
6096 8699 1
6096 9707 1
6096 8717 3
6096 9727 31
6099 8649 1
6099 8694 2
6099 8918 2
6100 9821 2
6100 8999 1
6100 9481 1
6100 8569 1
6113 9476 4
6113 9275 2
6113 9375 1
6118 8753 2
6118 9110 1
6118 9404 1
6118 8893 4
6118 9053 1
6118 8786 2
6118 9846 2
6132 9646 4
6133 8765 1
6133 9824 1
6133 8889 1
6136 9275 1
6136 8733 1
6136 8741 1
6136 9643 1
6136 9541 1
6155 9676 4
6155 8791 1
6174 8915 3
6179 9119 1
6179 8576 1
6179 8850 2
6206 8968 1
6206 9588 1
6206 9108 1
6206 9718 2
6206 8857 1
6225 9516 1
6229 8830 2
6229 9691 7
6229 9857 2
6229 9360 1
6229 8721 1
6229 9733 1
6229 8895 1
6229 9613 2
6240 9528 2
6240 9393 9
6254 8696 1
6254 9939 1
6254 9707 2
6254 8787 1
6254 9630 3
6254 9925 12
6269 9125 1
6269 9406 1
6269 9918 1
6269 8706 2
6269 9353 1
6297 8954 3
6297 9105 4
6309 8842 1
6315 9321 2
6315 8699 1
6315 9393 8
6315 8589 1
6318 8995 1
6318 9194 1
6318 9758 1
6318 9867 2
6318 9314 1
6320 9154 11
6320 9371 1
6320 8667 1
6338 8825 1
6338 9813 3
6338 8701 3
6338 9641 1
6340 9374 1
6340 8790 3
6340 9188 1
6340 9429 6
6340 9783 1
6340 8849 2
6351 9051 1
6351 8697 3
6360 9009 1
6367 9622 1
6367 9717 1
6372 9927 1
6372 8623 1
6372 8940 4
6372 8702 3
6372 9371 1
6376 8773 1
6376 8802 1
6376 8954 1
6376 9841 1
6377 8695 1
6377 8736 2
6377 9541 4
6377 9878 7
6377 9410 1
6377 8587 1
6377 8973 2
6377 9202 1
6377 9446 1
6377 9685 4
6377 9833 1
6386 9371 2
6386 9499 1
6386 9287 5
6386 8678 1
6389 9692 4
6389 8804 1
6389 9246 1
6390 9740 3
6390 9096 3
6390 9584 1
6390 8695 1
6398 9941 1
6398 8752 3
6398 8845 1
6398 9092 1
6398 9916 1
6400 9015 1
6400 9496 1
6400 9743 1
6411 9638 1
6412 9510 1
6412 9580 1
6412 9264 1
6412 9308 5
6412 9836 1
6412 8652 1
6412 8610 1
6416 9295 7
6416 8992 3
6417 8821 15
6424 8803 1
6424 9125 3
6424 8609 2
6446 8601 1
6446 9855 1
6446 8757 3
6446 9578 7
6446 9410 3
6446 8587 1
6446 9442 1
6448 9555 1
6448 9583 1
6448 8990 2
6455 9412 9
6467 8771 2
6467 8868 2
6467 9744 1
6467 9824 2
6472 9658 1
6472 8800 1
6472 9387 1
6472 9475 2
6472 8878 3
6472 9526 1
6472 9721 1
6473 8749 1
6473 9626 1
6475 9072 1
6475 8715 1
6475 8649 1
6509 9342 4
6509 8762 1
6509 9118 1
6509 9752 2
6509 9673 1
6519 9369 5
6519 9051 3
6519 9054 2
6519 9484 1
6519 9210 1
6529 9068 1
6529 9884 1
6529 8860 4
6529 8689 1
6529 8891 1
6558 9212 7
6558 8945 1
6558 9687 1
6566 9228 1
6566 9484 32
6575 9082 11
6575 8766 1
6575 8931 1
6598 9051 1
6598 9178 2
6598 8781 1
6598 9557 10
6598 8903 1
6598 9174 1
6598 8998 1
6598 9363 1
6603 8842 1
6603 8583 1
6603 8990 2
6603 9704 1
6603 9397 2
6615 9112 1
6615 8780 1
6621 9882 2
6621 8837 2
6624 9123 1
6624 9848 1
6638 9493 6
6638 8962 1
6638 9888 5
6640 9733 12
6640 9912 1
6651 9785 1
6651 9505 7
6651 9583 1
6652 8589 2
6652 8701 1
6652 8836 23
6652 9244 24
6652 9288 1
6655 9360 2
6655 9746 8
6661 8934 3
6693 9944 2
6693 9003 2
6693 9568 2
6696 8610 1
6700 8579 1
6700 8609 3
6700 9700 3
6700 9797 3
6700 8665 6
6700 9084 12
6700 8786 19
6700 9024 200
6700 9115 1
6700 9710 1
6700 9155 7
6700 9780 1
6703 8696 1
6703 9983 1
6708 9463 1
6708 9685 7
6708 8974 8
6708 8613 1
6711 9595 1
6711 8906 1
6711 9563 2
6711 9636 1
6711 9068 16
6719 9438 1
6719 8711 2
6723 8880 1
6723 8670 3
6723 9937 1
6724 9730 1
6742 8660 1
6742 9039 1
6742 9909 1
6748 8898 7
6748 9188 3
6748 9415 1
6748 9427 1
6748 9070 2
6751 9767 5
6751 9857 6
6758 8697 2
6758 8729 1
6758 9212 1
6758 9535 2
6775 9600 1
6775 8791 4
6775 9898 1
6775 8779 1
6775 9108 1
6799 9176 1
6799 9234 3
6832 8660 2
6832 9568 2
6832 9846 2
6840 9385 1
6840 8915 1
6841 8795 16
6841 8752 1
6841 8961 1
6841 9834 6
6841 9639 1
6849 8744 1
6849 9393 1
6849 9444 2
6861 9398 2
6861 9637 4
6861 9880 5
6861 9948 1
6863 9801 16
6863 9281 3
6864 8729 2
6864 9415 3
6864 8563 1
6864 9261 1
6864 8917 1
6864 9000 1
6864 9589 1
6864 9184 2
6864 9898 1
6864 9263 1
6871 9568 1
6871 8988 5
6871 9818 3
6889 8568 5
6889 8666 8
6889 9512 2
6889 9671 2
6889 9852 5
6912 9118 1
6912 9616 2
6912 9675 1
6912 8741 1
6912 9168 74
6912 9630 1
6912 9646 5
6928 9709 1
6928 8930 1
6928 8744 2
6958 9180 32
6958 8941 1
6958 8959 11
6958 9913 1
6965 8938 1
6999 8680 1
6999 9266 1
6999 8901 1
6999 9961 14
7006 8842 14
7006 9643 9
7006 9064 1
7006 9315 1
7006 9678 2
7015 9712 1
7015 9763 1
7015 9793 1
7015 8617 2
7017 9638 6
7017 9777 6
7042 9376 1
7042 9098 1
7042 9590 3
7042 9200 5
7055 9360 1
7055 8877 1
7055 8606 2
7055 8930 3
7055 8623 3
7055 9424 1
7055 8770 2
7056 8779 1
7056 8601 2
7056 8814 1
7056 8608 1
7056 8580 1
7056 9257 9
7056 9578 2
7056 9655 2
7057 8729 31
7057 9867 16
7057 9983 1
7094 8586 1
7095 9928 16
7095 9973 11
7098 8860 1
7098 9854 1
7098 9361 1
7098 9620 1
7098 9719 1
7109 9859 1
7109 9760 1
7109 9042 2
7109 9475 1
7109 9068 1
7109 9592 1
7109 8827 1
7124 8994 1
7124 9177 3
7125 9881 1
7125 8906 1
7153 9038 6
7153 9080 1
7153 8614 1
7173 8734 1
7173 8866 1
7173 9301 1
7173 9799 1
7173 9584 3
7181 9962 1
7197 8683 38
7197 9921 1
7217 8884 1
7217 8934 1
7220 8910 2
7220 9401 1
7220 8874 1
7222 8610 1
7222 9883 2
7230 9786 1
7240 9928 10
7240 9154 4
7240 9834 1
7240 8825 1
7251 9196 1
7251 9911 4
7251 9329 2
7251 9761 2
7252 8784 1
7252 9062 1
7252 8863 1
7252 9532 1
7252 8925 1
7252 9998 1
7252 8581 3
7252 9136 1
7259 9381 1
7264 9639 1
7271 8930 1
7271 9626 1
7271 9281 1
7273 9365 7
7281 9575 3
7281 8754 16
7281 8971 2
7281 9911 1
7281 9059 1
7286 8860 1
7286 9473 2
7286 9514 1
7304 9546 31
7304 9038 1
7304 9115 1
7304 9621 1
7304 8821 1
7304 9661 1
7304 9668 1
7304 9870 33
7311 9317 1
7311 9018 2
7311 9939 1
7313 9048 1
7313 8679 1
7313 9221 7
7313 9223 5
7313 9294 1
7313 9487 1
7313 8563 1
7313 8925 1
7316 9338 1
7316 8771 2
7316 8846 1
7328 9421 2
7329 8797 1
7344 9438 1
7344 8975 1
7344 9226 1
7344 9730 3
7344 9487 2
7347 9722 4
7347 9375 1
7355 8672 1
7355 8778 1
7355 9011 9
7355 9112 1
7355 9176 1
7380 8847 1
7380 9060 1
7380 9604 1
7380 8637 1
7380 9554 1
7380 9925 1
7396 9652 12
7396 9563 2
7411 9049 1
7412 9000 1
7412 9026 1
7417 9642 1
7417 9365 1
7417 9412 69
7417 8977 1
7417 9751 1
7422 8976 1
7422 8853 1
7422 8971 1
7422 9264 1
7422 9691 1
7459 8742 3
7459 9243 1
7459 9756 2
7459 9762 1
7459 9998 1
7461 9942 1
7461 8789 1
7461 9455 4
7461 9715 5
7461 9845 1
7464 9479 5
7464 9863 1
7464 8837 1
7464 8589 1
7464 9037 1
7464 9845 1
7464 8845 1
7464 9055 8
7464 8568 2
7469 9215 10
7469 8942 2
7469 9488 1
7469 9631 2
7469 9708 1
7469 9126 1
7469 9132 82
7469 9750 71
7498 9842 1
7508 8994 7
7508 9429 1
7508 9880 2
7508 8596 1
7508 9788 1
7515 8596 1
7515 8802 1
7533 9102 1
7533 9593 2
7533 8825 1
7533 8819 1
7533 9721 1
7536 9008 1
7543 8859 3
7543 9748 1
7545 9685 2
7545 9710 1
7550 9214 13
7550 9240 5
7550 9735 1
7550 8800 1
7550 8988 1
7550 9017 1
7550 9329 1
7579 8755 1
7579 9569 1
7579 9063 10
7579 9774 200
7579 9858 1
7588 9023 2
7588 8734 22
7588 9574 1
7588 9997 1
7592 9158 2
7592 9910 1
7592 8680 1
7592 8705 1
7595 9858 1
7595 8910 1
7595 9420 1
7612 9774 1
7612 9771 3
7612 9179 1
7624 9870 1
7624 9891 1
7624 9111 4
7624 9850 3
7631 9664 1
7637 9407 22
7637 9397 1
7637 9881 1
7644 9223 1
7646 9212 1
7646 9654 1
7649 9940 3
7649 9117 4
7649 9098 4
7649 9791 1
7649 8677 1
7660 9708 1
7660 9911 1
7696 9197 1
7696 9114 2
7696 9353 1
7696 8716 1
7696 9345 1
7696 9277 1
7697 9248 1
7697 8558 1
7697 9263 4
7697 9814 2
7697 9987 4
7697 8623 1
7697 9888 1
7702 9175 16
7702 8840 1
7702 8946 2
7702 9015 5
7702 9730 1
7714 8946 1
7714 9109 7
7714 9168 1
7714 9228 1
7714 8818 1
7714 9072 1
7714 9144 1
7728 8641 1
7728 9901 1
7728 8717 1
7739 9929 2
7739 8634 5
7739 9396 1
7747 9604 14
7774 9030 2
7774 8625 1
7774 8797 1
7774 8913 1
7774 9003 1
7774 9697 2
7784 9073 2
7784 9394 1
7784 8784 1
7784 9504 25
7784 9227 1
7784 9915 1
7786 9603 1
7786 8978 1
7786 8925 1
7786 9969 1
7786 9930 2
7792 9748 1
7792 9222 1
7792 8671 1
7792 9737 1
7792 9793 1
7792 8973 1
7801 9053 6
7801 9974 3
7801 8626 2
7801 9801 10
7816 8998 1
7816 9793 3
7816 9100 1
7816 9075 1
7820 9037 1
7820 9185 16
7820 9497 2
7820 8562 1
7820 9580 1
7834 9712 1
7834 9691 1
7834 9903 18
7834 8757 1
7834 9011 1
7834 9344 57
7834 9998 3
7837 9018 6
7853 9746 1
7853 8752 1
7853 9279 13
7867 9283 2
7867 9521 1
7867 9755 1
7867 9962 1
7870 8999 4
7870 9241 2
7879 9727 7
7879 8961 1
7879 9585 18
7879 9219 1
7886 9331 4
7951 9493 2
7951 9345 1
7951 9663 1
7951 8933 1
7951 9791 1
7968 8896 1
7968 8992 2
7968 9321 1
7968 9248 2
7968 9810 1
7984 8821 1
7984 9860 1
7984 8750 2
8014 9004 1
8014 9469 3
8014 9561 2
8014 8846 1
8016 9622 1
8016 8692 1
8016 9312 1
8019 8756 2
8019 8911 1
8019 9429 1
8028 8670 1
8028 9189 1
8028 9787 1
8028 8896 2
8047 9885 1
8047 9222 1
8047 8654 1
8072 8731 1
8072 8937 1
8077 9933 7
8077 8617 1
8082 9702 1
8082 8786 2
8082 9554 1
8082 8933 1
8082 8754 2
8086 9787 1
8086 9991 1
8091 9350 1
8091 9317 1
8091 9164 3
8091 9581 1
8091 9813 2
8091 8772 1
8091 8557 1
8091 9094 1
8101 9743 1
8101 9716 1
8104 9536 3
8104 9744 1
8104 9719 1
8104 9200 1
8104 8742 1
8104 8753 1
8104 9331 1
8104 8650 23
8104 9125 1
8105 9902 2
8105 9437 1
8110 9280 1
8110 9114 4
8110 9720 1
8110 9400 1
8127 9629 2
8128 9634 6
8135 9133 82
8135 9847 1
8135 8754 1
8135 8963 1
8142 9080 8
8142 9098 1
8142 9450 1
8142 8712 1
8142 9333 1
8142 8865 1
8142 9161 1
8142 8775 1
8162 9917 2
8162 9318 26
8162 9581 1
8162 9158 2
8162 9756 2
8162 9461 1
8162 9008 1
8162 9082 1
8167 9502 1
8167 8833 1
8167 9202 1
8194 8768 2
8194 8556 200
8194 8880 6
8199 8970 1
8199 9475 1
8216 9256 1
8216 9014 1
8216 9028 4
8216 9960 1
8226 8699 59
8226 8573 3
8234 8892 2
8234 9823 1
8255 8786 1
8255 9105 1
8255 8915 1
8255 9146 2
8313 9081 1
8326 8804 8
8326 9972 1
8326 9179 101
8326 9405 6
8326 8680 98
8326 9050 4
8326 9493 2
8326 9532 95
8326 9861 2
8326 8682 2
8326 9155 1
8326 9268 1
8343 9924 1
8343 8683 1
8343 8964 5
8343 9858 1
8346 8575 1
8346 9795 1
8346 9992 3
8353 9930 5
8353 8756 2
8353 9231 1
8373 8634 1
8373 9694 2
8378 9846 1
8378 9429 1
8378 9390 1
8378 9404 3
8378 9567 2
8389 9040 1
8389 8859 1
8389 8787 1
8389 9663 1
8389 9664 1
8392 9155 8
8392 9554 1
8392 9659 1
8392 9875 3
8396 9756 2
8396 9879 13
8396 9978 5
8398 9722 1
8398 8804 1
8398 8603 1
8412 9210 1
8412 9195 1
8412 9731 12
8422 8711 4
8422 9366 1
8422 9422 1
8429 8660 1
8429 9897 1
8429 9128 1
8435 9391 2
8445 9695 9
8445 9002 21
8455 9418 1
8455 9087 2
8468 9391 1
8476 9324 1
8476 8576 1
8494 9321 1
8494 8613 2
8494 9962 12
8494 9781 1
8496 9424 2
8496 9514 1
8506 9257 1
8506 9406 1
8506 9878 2
8506 8886 3
8506 9795 1
8524 8911 1
8529 9137 1
8529 9848 2
8529 8984 1
8529 9590 1
8529 9683 1
8529 9798 29
8533 9920 1
8533 9048 1
8533 9824 1
8533 8749 2
8533 8800 12
8533 9120 1
8533 9297 1
8533 9535 1
8533 9842 1
8533 9932 1
8533 9942 1
8536 8750 1
8536 8650 1
8536 8711 2
8536 8941 1
8536 9347 2
8536 9528 1
8538 9045 23
8538 8557 5
8538 8881 1
8538 9640 6
8538 9745 1
8539 8626 1
8539 9385 1
8539 9726 1
8541 9613 1
8541 9317 1
8541 9549 4
8541 9642 1
8541 9020 1
8541 9097 11
8542 9269 1
8542 8843 1
8546 8955 1
8547 8698 1
8547 9442 1
8547 9698 2
8547 8712 2
8547 9012 2
8552 9798 1
8552 9120 1
8552 9134 2
8552 9337 4
8555 9502 1
8555 9783 2
8555 9936 1
8555 8690 1
8558 9768 2
8558 8944 128
8559 9032 2
8560 8930 4
8560 8806 1
8560 8823 1
8560 9100 1
8560 9810 2
8560 8836 1
8560 9270 1
8561 9545 1
8561 9623 1
8561 9333 1
8561 9495 1
8561 9616 1
8564 9362 11
8565 9937 1
8565 9168 3
8565 9675 1
8566 9110 1
8566 8915 1
8567 8933 1
8567 9028 7
8567 8635 1
8567 8890 4
8570 9960 1
8570 9425 1
8570 9288 1
8571 9023 1
8571 9043 10
8571 9903 1
8571 9042 1
8571 9915 1
8571 9128 1
8572 8700 1
8572 8738 1
8573 8855 1
8573 8629 1
8573 9127 1
8573 8725 1
8574 9401 1
8574 9651 2
8574 8760 1
8574 8983 4
8576 9399 28
8577 8926 1
8578 9360 8
8578 9634 10
8578 9166 2
8578 9130 1
8581 8844 2
8582 8617 1
8582 9663 2
8582 8986 2
8583 9605 1
8585 9197 1
8585 8770 2
8585 9248 1
8585 9304 1
8586 8632 1
8587 8920 1
8588 9881 2
8588 9407 5
8588 9725 1
8588 9573 1
8588 9189 1
8589 9995 2
8590 9678 1
8590 9593 6
8591 8888 1
8592 9800 10
8593 8656 1
8593 9646 1
8593 9870 1
8593 9373 1
8594 9725 2
8595 8845 4
8595 9400 17
8595 8911 1
8597 9297 1
8597 9520 1
8597 8878 1
8597 9884 5
8598 9132 4
8598 9816 2
8599 9679 1
8600 9754 1
8600 9222 17
8600 8906 1
8601 9607 2
8601 8663 3
8602 9297 2
8602 9359 3
8602 9558 1
8602 9821 1
8604 9595 2
8604 9391 1
8604 9899 1
8605 9521 4
8605 9143 1
8605 9092 2
8605 9697 2
8605 9822 1
8605 8606 1
8605 8899 10
8606 9152 4
8607 9484 1
8607 9540 1
8608 8832 1
8611 9557 1
8611 9661 3
8611 9523 1
8611 9866 1
8611 8692 1
8611 8628 1
8611 9965 8
8612 8626 32
8612 8975 1
8612 9284 1
8616 8984 8
8616 8996 2
8620 8957 1
8620 8960 1
8620 9716 1
8620 9758 4
8620 8732 1
8620 9361 1
8621 8869 1
8621 8975 1
8622 8989 18
8624 8828 4
8626 9152 1
8626 8691 1
8627 9848 2
8629 9917 1
8629 8983 2
8629 9878 1
8630 9761 3
8630 8722 1
8630 8825 5
8630 9035 13
8630 9255 1
8630 9696 1
8630 9621 1
8631 8968 3
8632 9104 1
8632 9156 1
8632 9301 14
8632 9322 1
8632 9545 1
8634 8713 2
8636 9092 1
8636 8729 2
8636 8790 1
8637 8855 1
8638 9349 2
8639 9716 1
8639 9261 1
8641 9079 1
8641 8782 199
8642 9988 2
8642 9028 2
8642 9427 1
8643 9725 2
8643 9587 1
8643 9814 1
8644 8965 6
8644 8799 1
8644 8991 1
8644 8700 5
8645 9787 17
8645 9604 1
8650 9447 1
8650 9872 3
8651 9136 1
8651 9065 1
8652 8777 1
8653 9526 1
8653 8979 2
8653 9582 3
8653 9220 1
8655 9022 4
8655 9815 2
8657 8889 1
8657 9505 1
8657 9314 1
8658 9598 4
8658 9703 1
8658 8884 11
8658 9109 1
8658 9468 1
8658 9620 1
8658 9633 1
8659 8921 1
8659 8905 1
8661 9924 1
8661 9303 2
8661 9755 2
8661 9502 11
8662 9285 19
8662 9004 1
8663 8856 1
8663 9777 1
8663 9243 1
8663 8752 3
8663 8912 1
8663 9402 1
8663 9647 6
8667 9547 1
8668 9980 1
8673 9845 3
8674 9605 1
8675 8722 1
8675 9856 9
8675 9452 16
8675 9671 1
8675 9223 1
8676 9294 1
8676 8705 1
8676 9710 1
8676 9000 1
8676 9054 1
8677 8969 1
8678 8924 1
8679 8929 6
8679 8936 1
8681 8781 1
8681 9611 2
8681 8866 2
8681 9353 3
8682 9608 1
8683 9447 1
8684 9540 1
8686 9486 2
8686 8767 14
8687 9768 1
8688 9453 1
8688 9604 72
8688 9368 1
8688 9600 2
8690 9022 1
8690 9074 1
8691 9444 11
8691 9026 1
8691 8702 4
8691 8870 1
8691 9734 1
8691 8827 1
8691 9302 1
8691 8733 2
8691 9031 2
8691 9383 1
8692 8861 1
8693 9221 1
8693 9218 1
8695 9272 1
8696 8858 2
8696 9052 1
8697 8738 4
8700 9170 1
8700 9056 1
8703 8883 1
8703 8704 7
8704 9050 2
8705 8920 1
8707 9202 2
8708 9567 1
8708 8893 1
8709 9462 7
8710 9044 1
8710 9619 1
8710 9857 1
8710 8999 1
8712 9254 1
8713 8816 1
8713 9170 1
8713 9928 1
8714 8963 4
8714 9760 1
8714 9365 3
8714 8778 1
8714 9485 1
8717 9272 1
8720 8964 2
8720 8918 1
8722 9010 1
8723 8772 1
8723 9246 5
8723 9318 4
8724 8929 1
8725 8746 2
8725 9555 1
8726 9128 1
8727 9501 6
8730 9481 1
8730 9920 1
8730 9739 1
8730 9405 1
8731 9172 1
8731 8932 2
8738 9230 5
8739 9886 26
8739 8896 1
8739 9244 1
8739 9874 3
8739 9577 1
8740 8884 2
8740 9591 2
8740 9863 1
8740 9376 3
8740 9707 1
8741 9309 1
8743 9459 1
8743 9549 1
8744 9872 1
8747 9608 2
8747 9392 1
8748 8812 2
8748 9672 1
8749 9217 14
8751 8894 3
8758 9173 1
8760 9309 1
8760 8861 4
8761 8967 1
8761 9312 1
8763 9305 2
8763 9635 1
8765 8935 3
8767 8810 1
8768 8864 7
8769 8864 1
8772 8928 1
8772 9853 1
8774 8867 1
8774 9929 1
8774 9002 1
8774 9004 1
8774 9205 1
8774 9223 1
8774 9561 1
8774 9351 3
8776 9542 3
8776 9670 1
8776 8812 4
8776 9030 9
8776 9221 1
8776 9712 1
8776 8962 1
8777 9168 5
8777 9461 1
8777 9982 1
8777 8930 1
8778 8950 1
8779 8921 1
8782 9287 2
8782 9645 1
8783 9016 1
8783 9214 2
8783 9585 2
8785 9463 1
8785 8862 1
8785 9249 1
8785 9418 19
8788 9525 2
8789 8809 4
8790 8929 3
8792 9169 1
8792 9859 1
8792 9189 1
8794 9653 8
8794 9490 1
8794 9612 1
8795 9556 1
8798 9786 16
8798 9320 5
8798 8818 1
8799 9077 2
8799 9635 1
8799 9269 1
8799 9476 1
8800 9274 1
8801 9502 6
8801 9321 1
8803 8885 1
8803 9447 3
8804 8832 1
8805 8984 1
8805 9924 1
8805 9059 7
8805 9380 4
8807 9930 3
8809 9086 3
8809 9304 24
8809 9306 2
8809 9830 1
8809 9781 1
8813 9062 9
8813 8886 2
8813 8860 1
8813 9239 1
8815 9330 1
8816 9996 1
8822 9422 1
8822 8986 1
8822 9436 1
8824 9990 1
8824 9084 2
8824 9991 1
8824 9161 2
8826 9786 2
8826 8838 5
8831 9750 1
8832 9249 1
8832 9961 2
8832 9002 2
8832 9239 1
8832 8963 1
8834 8924 2
8835 8932 1
8835 9052 7
8838 8839 2
8839 9671 1
8839 9121 3
8841 9895 1
8842 8989 1
8844 8958 2
8846 8873 1
8849 8920 5
8850 9605 3
8850 9447 1
8851 9570 2
8852 9347 1
8852 9561 1
8852 9675 2
8852 9266 1
8854 9196 1
8854 9884 1
8854 9882 1
8854 8967 1
8854 9099 2
8854 9060 1
8855 9464 13
8855 8896 1
8855 9536 4
8855 9841 1
8855 9557 1
8858 9604 1
8858 9654 9
8858 9086 1
8861 9331 1
8861 9906 1
8863 9021 1
8864 9932 3
8864 8916 3
8864 9283 1
8864 9654 3
8868 8876 1
8869 8965 1
8870 9995 1
8872 9323 1
8872 8960 1
8872 9489 1
8872 9941 1
8873 9285 1
8873 9946 3
8873 9464 2
8875 9917 1
8875 9552 5
8876 9990 15
8877 9152 1
8877 8935 2
8879 9057 2
8883 9865 13
8883 9338 1
8883 9591 4
8884 8932 1
8885 9678 1
8885 9028 1
8886 9103 1
8887 9061 1
8887 9341 1
8888 9898 8
8888 9260 1
8890 8943 2
8892 9447 1
8892 9849 1
8894 9895 2
8895 9057 2
8897 9344 11
8897 9973 10
8898 8939 2
8900 9399 2
8901 9254 5
8902 9143 8
8902 9142 1
8905 9317 1
8905 8987 1
8905 9267 1
8905 9565 8
8907 9071 6
8908 9397 1
8908 9157 9
8913 9958 3
8914 9340 2
8914 9658 2
8914 9271 1
8917 9684 2
8919 9637 3
8920 9589 1
8920 9848 3
8921 9075 5
8921 9822 1
8924 9519 2
8924 9809 1
8924 9633 1
8925 9309 1
8925 9022 7
8926 9704 2
8926 9369 2
8926 9370 2
8927 9131 1
8928 9381 1
8928 9085 1
8928 9827 1
8929 9488 83
8929 8952 1
8929 9035 3
8929 9164 1
8930 9362 1
8932 9265 2
8932 9363 65
8932 9593 2
8934 8949 8
8935 9425 1
8936 9297 1
8936 9476 3
8936 9242 2
8939 9080 1
8939 9984 2
8939 9603 1
8939 9775 2
8939 9082 200
8939 9193 1
8943 9535 1
8943 9237 14
8943 8970 1
8943 9617 1
8943 9910 1
8944 9013 1
8946 9022 1
8947 9871 22
8947 9043 1
8948 9514 2
8949 9730 2
8949 9565 2
8950 9242 1
8951 9006 1
8951 9067 2
8951 9657 1
8951 9440 3
8958 9392 1
8965 9717 1
8965 9385 1
8965 9936 5
8965 9340 1
8965 9737 1
8968 9605 1
8969 9997 3
8969 9850 1
8973 9995 4
8974 9769 13
8981 9587 1
8982 9416 1
8987 9501 1
8989 9295 6
8990 9399 1
8991 9527 1
8991 9166 2
8991 9110 18
8991 8997 1
8991 8998 1
8991 9480 1
8991 9184 1
8991 9481 1
8997 9753 9
8997 9525 8
8998 9052 1
9000 9071 1
9001 9815 1
9005 9091 3
9007 9558 4
9007 9174 1
9007 9883 2
9010 9960 1
9010 9813 1
9010 9702 1
9013 9131 1
9017 9447 2
9022 9045 1
9022 9375 1
9022 9582 3
9022 9549 1
9022 9785 1
9025 9748 9
9025 9894 1
9029 9107 1
9029 9158 4
9029 9416 1
9029 9972 6
9032 9647 1
9035 9556 1
9041 9898 1
9041 9947 24
9043 9608 1
9049 9131 1
9051 9278 3
9052 9928 1
9052 9973 4
9057 9403 1
9066 9782 1
9066 9522 3
9066 9499 1
9066 9319 1
9068 9254 2
9069 9383 1
9074 9559 1
9077 9547 1
9079 9783 1
9079 9842 1
9080 9684 30
9090 9538 5
9090 9373 3
9090 9173 2
9090 9695 6
9090 9868 1
9091 9419 1
9091 9545 1
9093 9961 1
9103 9166 1
9103 9175 1
9106 9618 1
9106 9320 1
9113 9558 1
9116 9832 2
9117 9274 1
9122 9130 2
9123 9309 2
9124 9694 1
9124 9611 1
9124 9734 17
9127 9371 19
9127 9182 1
9127 9223 1
9127 9767 3
9127 9902 1
9129 9522 1
9136 9447 1
9142 9872 1
9145 9274 1
9149 9457 2
9154 9853 1
9160 9741 2
9171 9216 1
9172 9235 1
9191 9908 1
9200 9804 1
9203 9414 1
9205 9362 1
9239 9753 5
9241 9872 1
9254 9861 1
9254 9474 1
9263 9525 3
9265 9501 1
9269 9996 3
9272 9946 1
9274 9901 2
9274 9434 1
9274 9505 1
9274 9863 7
9275 9309 1
9278 9969 1
9309 9520 1
9318 9889 3
9319 9665 1
9323 9556 1
9328 9570 1
9330 9430 1
9335 9667 2
9338 9462 1
9339 9417 3
9344 9447 5
9345 9996 3
9347 9515 1
9348 9679 1
9348 9853 2
9355 9403 3
9364 9862 1
9392 9511 1
9399 9914 1
9399 9927 1
9411 9753 1
9424 9462 1
9430 9921 1
9430 9888 1
9430 9450 2
9430 9700 2
9434 9768 1
9436 9804 1
9446 9447 1
9447 9673 2
9447 9932 1
9447 9977 1
9454 9695 1
9455 9958 1
9462 9937 7
9486 9865 2
9486 9503 1
9492 9773 2
9501 9980 1
9501 9788 2
9501 9912 1
9515 9765 1
9515 9868 1
9515 9763 1
9515 9809 1
9515 9914 1
9516 9608 2
9525 9918 1
9526 9889 5
9547 9572 1
9556 9615 1
9561 9768 1
9569 9665 1
9570 9818 2
9578 9605 1
9584 9769 3
9595 9768 1
9608 9833 4
9657 9958 4
9665 9894 1
9665 9888 2
9666 9896 1
9675 9872 2
9679 9721 7
9679 9937 14
9679 9986 1
9679 9856 13
9684 9984 1
9703 9711 1
9711 9909 1
9726 9889 1
9753 9905 1
9812 9938 1
9815 9933 1
9837 9937 1
9849 9884 1
9897 9958 1
