21 9289 1
21 8951 4
21 9159 1
21 9357 1
30 9292 1
37 9295 4
37 9485 3
37 9337 1
37 8623 1
37 9827 1
37 9857 4
38 9017 1
38 9234 2
38 8998 1
38 9514 2
38 9503 16
38 9580 1
38 8619 1
38 9158 1
48 8914 1
56 8625 24
56 9105 1
57 8638 2
57 9608 1
57 8764 1
57 9559 1
57 9836 1
62 8628 1
62 8793 1
62 9107 1
62 9643 1
62 9921 1
70 9064 3
71 9756 1
84 9062 1
84 8851 3
84 9416 1
84 9901 1
84 9807 40
84 8830 4
109 8800 2
109 8794 5
109 9602 1
109 9030 2
113 9672 1
113 8587 1
113 9128 2
113 9933 5
113 9145 2
126 8686 1
126 9150 1
126 9564 5
126 8958 8
141 8759 1
141 8710 2
141 8851 1
141 9416 1
141 9142 1
141 9503 1
176 8968 1
176 9231 1
193 9690 1
193 8713 2
193 9508 2
193 8840 1
203 8749 1
203 9006 2
203 9462 2
210 8837 1
210 9149 1
216 9549 1
216 9399 1
216 9590 22
216 9666 3
216 9451 1
220 9315 3
220 9291 3
220 9581 1
226 9441 1
226 9987 2
226 9947 3
226 8684 6
226 9437 1
226 9524 1
254 9694 1
271 9435 1
271 9440 1
271 9663 6
271 9476 7
282 9966 2
295 9505 1
295 9508 2
295 9688 4
295 9369 1
321 9352 1
321 8575 2
321 9431 3
321 9783 2
321 9971 6
325 9164 1
325 9195 1
325 9263 1
325 9426 8
333 9791 7
333 9409 1
335 8857 4
335 9561 2
352 8651 1
352 8923 1
352 9170 1
368 9052 1
368 9149 1
368 9442 1
383 9319 15
383 9633 2
383 9718 2
383 9284 4
383 8723 1
383 9621 8
388 8611 1
394 9830 2
394 9148 1
394 9079 2
394 9784 1
401 8773 14
401 9540 12
401 9940 1
401 9166 1
401 9598 1
401 9285 3
401 9839 1
403 9996 1
403 8745 5
403 8791 1
409 9874 1
409 9420 12
409 9270 1
409 9458 1
409 9251 2
409 9522 1
409 8838 1
409 9499 4
409 9760 1
424 8784 1
424 8786 1
426 9797 2
426 8745 2
426 8587 1
432 8800 1
438 9151 10
438 9393 1
438 8574 1
438 8987 1
438 9828 1
439 9434 1
439 9901 2
447 9502 1
447 9537 1
447 9592 27
457 9747 1
457 9136 1
464 9765 2
465 9239 1
465 9840 1
465 9370 4
465 9151 1
465 9205 1
469 8904 2
469 8695 1
469 8923 1
479 8857 2
479 8588 1
479 9216 20
481 9390 7
481 9583 1
491 9563 1
525 8845 1
525 9401 4
525 9575 1
525 9597 3
565 9763 2
565 9962 3
565 8698 1
565 8607 5
565 9051 99
568 9484 1
568 9496 3
577 8869 1
577 9678 1
577 8579 3
577 9631 1
577 9488 1
577 8923 1
577 9965 1
585 8895 1
585 9013 1
587 9087 94
587 9823 3
601 9299 2
601 9052 1
601 9519 10
608 9896 1
608 9446 4
608 9626 1
608 9498 5
620 8988 1
620 9225 1
640 9243 1
640 8933 1
640 8643 2
640 9145 14
640 9538 1
649 8965 1
649 8987 2
649 9050 1
649 9327 1
678 9015 2
678 9028 12
678 9073 1
678 8696 1
678 9066 1
678 8657 1
678 8718 1
678 9421 1
679 9606 6
679 9934 1
679 9778 1
679 9581 1
680 8585 1
683 9756 1
683 9086 16
683 9180 1
683 9327 1
683 8827 1
685 9231 2
685 9315 1
689 9823 2
689 8753 3
695 8891 3
695 8755 2
695 8601 1
695 8642 1
695 8688 1
695 9127 1
695 8818 2
726 9465 1
726 9375 1
748 8622 1
748 9653 1
748 8609 1
748 8656 1
748 9189 1
748 9440 2
781 8662 13
781 9280 1
781 9792 1
781 9270 1
807 8648 1
807 9358 1
807 9091 1
807 8794 1
807 8876 2
809 8749 12
809 9762 1
820 9855 2
820 9687 1
826 9425 1
826 8633 1
826 9109 9
826 9239 4
826 9484 3
827 9513 1
827 8933 1
832 8935 1
840 8739 1
853 9051 1
853 9286 18
853 9648 1
853 9056 6
853 9918 1
866 8657 1
866 8668 7
866 9374 6
866 9933 1
866 9536 1
869 9493 1
869 9982 1
869 8751 1
869 9503 1
869 9380 1
873 8745 1
873 8582 1
873 9085 1
873 9205 1
873 9291 2
873 9130 1
873 9681 1
873 9210 4
882 9695 2
882 9091 1
882 9210 1
903 9233 1
903 9451 2
903 9758 1
903 9769 1
903 9915 4
917 8587 2
917 8920 2
917 9255 1
917 8869 2
942 8712 1
942 9370 2
942 8687 3
963 9133 5
973 9798 1
973 9633 1
973 9505 24
973 9034 4
973 9403 18
978 9562 1
978 8831 2
978 9538 1
978 9900 200
983 8838 2
983 8589 1
983 8939 3
983 9153 1
983 9015 1
983 9183 1
987 9448 1
987 9378 2
987 9816 6
987 9752 4
992 9561 2
992 9563 1
992 9294 28
992 9571 1
993 9087 1
993 9090 1
999 9511 3
999 8585 1
999 8914 1
1011 8636 2
1011 9544 1
1011 9719 1
1011 9218 73
1042 9740 2
1042 9960 1
1042 8770 3
1042 9535 1
1042 8952 1
1042 9586 2
1046 9044 1
1046 8930 1
1046 9569 1
1051 9589 1
1051 8931 2
1051 9120 2
1064 9013 1
1077 9942 2
1077 8701 1
1077 8878 1
1085 8672 3
1085 8594 1
1085 8662 2
1085 8880 1
1104 9136 2
1104 9120 1
1104 9598 1
1104 8904 6
1104 9414 1
1108 8722 1
1108 8672 1
1108 8726 40
1112 9740 8
1112 9122 2
1112 9286 25
1139 9468 3
1145 8889 1
1145 8567 6
1145 9936 1
1145 9025 1
1175 9168 1
1175 9699 12
1182 9751 1
1182 8982 1
1182 9629 1
1187 9985 1
1187 8810 4
1187 9604 2
1187 9107 1
1200 9354 5
1200 9643 2
1200 9416 3
1200 9887 1
1205 8568 3
1205 9017 1
1205 8585 1
1205 8806 4
1205 9177 1
1205 8735 20
1205 9954 1
1214 9379 1
1214 8701 1
1214 9644 2
1214 9992 1
1217 9913 1
1217 9814 9
1217 9450 1
1217 9627 1
1217 9727 3
1229 9080 1
1229 9379 1
1229 9464 1
1233 9213 1
1233 8809 1
1233 9405 1
1233 9714 31
1292 9960 1
1292 9414 1
1292 9651 1
1332 9637 1
1332 9241 1
1336 9557 5
1339 9239 1
1339 9328 4
1339 9031 1
1339 9271 1
1348 8863 15
1348 9524 1
1348 9484 8
1348 9868 1
1348 8597 2
1356 8619 1
1356 9626 1
1356 9828 1
1356 8707 1
1375 9950 3
1375 9219 1
1379 8885 1
1379 8730 1
1379 9985 2
1379 9509 1
1386 9354 1
1386 9213 5
1393 9921 9
1409 9707 1
1409 9564 1
1409 9189 2
1409 9225 1
1409 9573 1
1409 9272 5
1409 9955 1
1409 8633 1
1409 9130 1
1409 9792 1
1409 9439 1
1409 9653 2
1426 8963 1
1426 9027 34
1426 9462 32
1426 9590 1
1426 8617 1
1426 8632 1
1426 9633 23
1431 9286 1
1431 9856 1
1432 8594 1
1432 9984 1
1455 8865 3
1455 9421 1
1475 9176 52
1475 8609 1
1475 8739 1
1475 9354 1
1475 9729 1
1492 9636 2
1492 8894 2
1494 9477 1
1523 8770 1
1523 9642 1
1523 9688 2
1523 9372 1
1524 8790 1
1524 9693 1
1524 9792 2
1531 8585 1
1531 9722 5
1531 9914 1
1531 8640 9
1531 9547 1
1531 9867 1
1538 9808 1
1538 9688 1
1538 8646 1
1538 8737 2
1538 9427 2
1538 9636 1
1549 9873 1
1549 8613 1
1549 9480 1
1549 9679 4
1549 8949 1
1549 8570 5
1549 8856 4
1549 9282 7
1549 9735 3
1554 8667 1
1554 9164 1
1554 9389 8
1554 8872 1
1554 8593 1
1554 8801 1
1554 9201 1
1566 9794 1
1566 8733 1
1566 9883 1
1567 8725 2
1567 9420 1
1568 9196 1
1576 9438 1
1576 9037 1
1576 8939 1
1581 9705 1
1581 9465 5
1581 9994 4
1581 8900 1
1581 9733 1
1581 9739 3
1581 9747 1
1591 9918 1
1591 9076 20
1591 9303 5
1591 9699 1
1591 8698 1
1591 8831 1
1591 9509 1
1593 8998 21
1601 9700 1
1601 9798 1
1601 9445 1
1601 9690 1
1601 8858 1
1617 9692 2
1617 8570 1
1617 9192 6
1617 8622 2
1617 9730 2
1627 9372 1
1627 9656 1
1645 9249 1
1645 9823 14
1645 9946 1
1645 9312 1
1645 9790 1
1650 8602 1
1650 9374 1
1650 9841 1
1650 9597 1
1650 9917 1
1650 9603 1
1652 8840 2
1668 9751 1
1670 9417 6
1670 9139 1
1670 9158 1
1670 8621 1
1670 9781 6
1670 8831 1
1670 9485 1
1670 9562 2
1673 9218 1
1673 9111 1
1673 9740 16
1673 9037 7
1673 9177 1
1673 9244 1
1673 9339 8
1673 9039 1
1678 9151 2
1678 9902 1
1678 9988 1
1699 8759 2
1699 9177 6
1699 9756 1
1699 9247 1
1699 9942 1
1703 9105 1
1715 9244 2
1716 9420 1
1716 9361 1
1718 8696 1
1718 8923 200
1718 9552 1
1720 8894 1
1720 9463 1
1720 9614 1
1732 8584 1
1732 9885 2
1732 8635 68
1732 8936 2
1732 8952 5
1766 8669 1
1766 9830 2
1780 8722 3
1780 8998 2
1787 9798 1
1787 9777 1
1787 9571 5
1788 9423 1
1815 9672 1
1815 9348 4
1825 9103 6
1825 9573 9
1825 9286 1
1825 9711 3
1832 9592 1
1837 9515 1
1837 9573 1
1838 9307 4
1838 8826 1
1840 8900 1
1840 9864 7
1840 9316 1
1842 9369 2
1848 9276 1
1848 8593 1
1848 8712 1
1848 8822 1
1848 9634 1
1848 9522 3
1853 9192 3
1853 9851 2
1855 8595 6
1855 9860 1
1861 8876 1
1861 9999 1
1867 8673 3
1867 9536 3
1878 9782 1
1878 8867 3
1878 8826 46
1878 8830 14
1878 9067 17
1878 9260 2
1878 9354 1
1878 9856 4
1878 9876 9
1878 9994 1
1881 9627 10
1881 9674 3
1881 9832 1
1881 9035 9
1881 9729 3
1881 8750 1
1884 9681 9
1884 8826 11
1884 9614 3
1884 9114 1
1884 9968 13
1884 9414 2
1884 9385 1
1884 9962 2
1922 9873 1
1922 8646 1
1928 9496 1
1928 9781 15
1934 8906 1
1934 9285 1
1934 8809 1
1934 9354 1
1934 9295 1
1952 9650 1
1952 9673 1
1952 8634 1
1952 9690 1
1952 8967 1
1952 9332 12
1952 8865 3
1952 9405 1
1952 9640 1
1952 8705 2
1952 9495 3
1968 9717 2
1968 8735 1
1968 8773 10
1968 8620 4
1968 9914 4
1968 9950 1
1968 9919 2
1975 9478 1
1975 9188 2
1984 8607 3
1984 8646 1
1984 9195 1
1989 9983 1
1989 8755 1
1989 9593 1
1989 8688 8
1989 9333 11
2014 9059 5
2014 8613 1
2014 8842 4
2019 8616 2
2019 9575 1
2019 9951 1
2019 9365 1
2019 9558 3
2019 9023 3
2019 9168 1
2019 8659 1
2033 9335 2
2033 9933 1
2033 9950 4
2035 9013 1
2035 8594 1
2035 9197 1
2059 9812 1
2059 9247 1
2059 8922 15
2059 9747 1
2059 9572 200
2059 9574 1
2069 9463 2
2069 9009 6
2069 9108 1
2069 9972 200
2069 9356 3
2069 9849 1
2069 9941 1
2081 8592 2
2081 9276 1
2082 9343 3
2082 9043 1
2082 8649 5
2082 8890 2
2082 8974 1
2086 8879 1
2086 9595 1
2086 9962 1
2096 8970 1
2096 9542 1
2128 9133 1
2137 9327 3
2137 9140 6
2137 9353 11
2137 8833 2
2137 9845 1
2137 9159 1
2137 9671 7
2153 9324 1
2155 9825 1
2158 9076 6
2158 8637 12
2158 8677 6
2158 8818 2
2158 8943 2
2158 9108 1
2158 9872 1
2194 9165 4
2194 9841 2
2196 8677 1
2196 9008 1
2196 9934 1
2196 8763 1
2196 9457 1
2196 9740 1
2197 9841 111
2197 9061 1
2197 9151 1
2199 9426 1
2199 9365 1
2199 8572 1
2199 9257 2
2199 9996 2
2206 9603 1
2206 8900 1
2206 9511 1
2206 9161 1
2206 8884 1
2206 9608 1
2238 9473 2
2238 8666 1
2238 9346 2
2238 9720 1
2238 8806 8
2238 9580 4
2252 9508 2
2252 9420 2
2252 9960 1
2252 8696 1
2252 9369 1
2252 8681 6
2252 9340 1
2252 9474 2
2252 9819 8
2252 9231 1
2252 9279 1
2256 9148 2
2260 8674 4
2260 9752 1
2260 9811 2
2260 8566 1
2260 8693 1
2263 9116 1
2263 8878 200
2263 9443 1
2263 9441 1
2272 9178 1
2272 8984 1
2279 9507 1
2279 8753 1
2279 9152 2
2279 9580 3
2279 9889 6
2281 8951 2
2281 9597 1
2287 9352 1
2287 9003 4
2287 9371 2
2287 9982 1
2287 8927 1
2287 9018 1
2294 9703 1
2294 9559 2
2294 9867 1
2294 9583 9
2294 9304 1
2294 9311 1
2294 9907 6
2310 8784 60
2310 9067 27
2310 9897 2
2321 8565 2
2321 8916 8
2321 8946 1
2321 9220 1
2353 9348 1
2353 8783 1
2353 9747 1
2353 8933 8
2368 9940 1
2368 8952 1
2368 8620 1
2368 9703 1
2375 8618 13
2375 9042 3
2376 9076 1
2376 8585 1
2376 8625 1
2387 8821 1
2387 8643 1
2387 9643 2
2400 9420 8
2400 9014 1
2400 9926 1
2400 8961 10
2402 8595 1
2402 8592 1
2412 9627 4
2412 9887 1
2412 9313 25
2431 9623 3
2431 9445 1
2475 9932 5
2475 9338 3
2475 9140 1
2475 9321 1
2479 9052 2
2479 9646 7
2479 9331 3
2479 9814 20
2479 9264 3
2479 9209 1
2479 9374 1
2479 9199 1
2482 9232 1
2482 9152 1
2482 9080 1
2520 9387 1
2520 9172 2
2547 9894 2
2547 9251 5
2554 9409 1
2554 9537 1
2554 9730 1
2554 9814 1
2554 9384 1
2558 9774 13
2558 8621 1
2558 9887 1
2558 9056 1
2558 9201 5
2558 9945 7
2561 9247 2
2561 9169 3
2567 9003 3
2578 9721 7
2578 9465 2
2599 9101 6
2609 8861 1
2609 8886 3
2612 9267 1
2612 9769 1
2613 9122 1
2613 8714 1
2613 9263 1
2613 9811 1
2613 9808 24
2613 8844 2
2616 8910 1
2616 9999 2
2616 9447 1
2616 9322 1
2616 8928 1
2616 8749 1
2616 9648 1
2616 9701 3
2633 9948 70
2636 9693 1
2636 9390 1
2636 9628 1
2636 9998 2
2637 8577 1
2637 8568 1
2637 9828 1
2637 9458 1
2655 9128 1
2658 8895 1
2658 8974 1
2658 9709 1
2676 9413 1
2676 9492 2
2692 9605 7
2692 9711 1
2692 8616 3
2715 8893 1
2715 9960 10
2715 9535 16
2722 9339 9
2722 8619 1
2722 9307 1
2727 9952 2
2727 9070 2
2727 9724 1
2727 8601 1
2741 9646 1
2741 8976 1
2749 9681 1
2749 8972 1
2757 9606 1
2757 9739 1
2757 9544 2
2757 9701 1
2757 9379 1
2757 8919 1
2757 8583 1
2757 9697 1
2762 8968 1
2765 9859 1
2765 9449 1
2776 8584 3
2776 9784 1
2776 8588 4
2776 8616 1
2776 9650 1
2776 8772 1
2776 9114 1
2776 9422 1
2776 9230 3
2793 9650 1
2793 9023 1
2793 9505 2
2803 9030 4
2803 9095 1
2803 9410 1
2803 8965 1
2803 9985 1
2803 9209 1
2807 9309 1
2807 9404 1
2807 9422 5
2842 9647 1
2842 9744 4
2842 8802 2
2842 9679 1
2842 9701 5
2842 9757 2
2846 9551 4
2846 8668 3
2846 8792 1
2846 9610 1
2846 9983 5
2870 9992 1
2870 9187 2
2870 9376 15
2888 9248 1
2888 9052 1
2888 9931 1
2888 9019 1
2888 9093 3
2888 9032 1
2897 9153 1
2897 9357 1
2897 9480 1
2897 9633 1
2897 9376 1
2897 9609 2
2897 9793 5
2897 9243 1
2906 8789 3
2906 9565 1
2906 9689 1
2906 9830 1
2915 9305 3
2915 8576 2
2956 9946 1
2956 9964 1
2956 8805 3
2956 9203 1
2963 9110 1
2963 9132 1
2963 9413 1
2963 9619 1
2968 9163 1
2968 8784 1
2988 9234 4
2988 8634 2
2988 8710 4
2988 9468 22
2988 9604 1
2989 9604 3
2989 8791 2
2989 9618 2
2989 9650 1
2996 9655 2
2996 9699 1
3012 8884 1
3012 9065 1
3018 8864 1
3018 9897 1
3018 8579 1
3018 9083 2
3021 8736 1
3021 8579 1
3021 8793 1
3021 8847 12
3021 9331 1
3021 9141 1
3023 9648 1
3023 9950 1
3023 8919 1
3028 8653 1
3028 9047 3
3031 9874 1
3031 9118 1
3031 9541 1
3031 9626 2
3053 8722 1
3069 9947 1
3080 9906 1
3080 8864 21
3080 9868 8
3081 9920 4
3081 8653 23
3081 8894 17
3095 9171 1
3095 9062 2
3095 9684 1
3095 9361 5
3095 9029 1
3095 9151 1
3095 9346 1
3095 9601 1
3095 9814 2
3097 8700 1
3097 9760 1
3097 8919 2
3097 9551 1
3097 9293 2
3097 9002 10
3102 9166 2
3102 9389 1
3102 8861 3
3102 9650 11
3106 9707 1
3106 9662 1
3106 9415 1
3106 9288 23
3106 8863 4
3106 9808 2
3116 8723 1
3116 9921 1
3116 8673 3
3118 9697 1
3118 9041 7
3118 9313 4
3118 8982 35
3118 9005 1
3118 9951 1
3137 8622 1
3137 8677 3
3137 8726 1
3137 9332 1
3166 9697 4
3166 8642 1
3166 8940 2
3169 9849 8
3174 9023 1
3174 9427 1
3174 9784 5
3174 9187 1
3205 9171 1
3205 8907 3
3205 8865 3
3205 9679 1
3211 8618 1
3211 9988 54
3211 9484 1
3211 9343 1
3211 9380 1
3236 8641 1
3236 8812 1
3248 8719 6
3248 9294 1
3248 8693 1
3248 9171 1
3248 9174 1
3248 9673 2
3269 9995 1
3269 9159 1
3269 9164 1
3269 9593 1
3272 8631 9
3272 8620 6
3272 9035 4
3272 9441 1
3276 9460 1
3276 9140 1
3276 9268 2
3276 9053 1
3276 9230 2
3276 9387 1
3276 9631 1
3276 9795 1
3290 9422 6
3290 8640 2
3290 9748 8
3300 9655 1
3300 8812 3
3300 9905 1
3300 9057 3
3300 8888 2
3300 8965 2
3300 9113 1
3300 9128 2
3304 9930 2
3304 9482 4
3322 8749 2
3327 8576 1
3327 8707 2
3327 8713 5
3327 8895 2
3327 9863 1
3338 8695 1
3338 9095 1
3338 9477 1
3342 8637 1
3342 8617 1
3342 9499 2
3342 8679 1
3342 9333 1
3342 9760 1
3342 8677 1
3342 9552 4
3342 9095 15
3342 9315 7
3359 8666 74
3359 9322 7
3370 8867 2
3370 9309 8
3370 8675 2
3370 9138 2
3370 9161 25
3379 9947 1
3405 9492 1
3405 9894 1
3405 9989 2
3405 9733 1
3405 9066 2
3419 8902 1
3419 8692 1
3423 9996 11
3423 9765 1
3423 9936 1
3423 9268 1
3430 8821 1
3430 8589 1
3431 9680 1
3434 9980 6
3434 8725 1
3434 8653 1
3434 9059 1
3445 9110 1
3455 9145 2
3455 9298 1
3455 8935 1
3455 8958 7
3455 8577 1
3455 9352 1
3457 9105 7
3457 9138 17
3457 9651 2
3457 8899 1
3457 9553 1
3475 9183 1
3475 9510 1
3475 9442 2
3475 9674 1
3475 9982 1
3479 9439 2
3479 9389 1
3479 9894 1
3521 9449 6
3521 8737 5
3521 9993 2
3528 9089 1
3528 9131 1
3528 9913 2
3536 8852 1
3536 9423 4
3536 9463 45
3539 9894 2
3586 9636 1
3586 9970 1
3603 9769 5
3603 8571 1
3603 8948 1
3603 9667 1
3654 8797 1
3654 8718 1
3654 8708 2
3660 8738 1
3660 9984 1
3660 9063 3
3660 9544 1
3660 8615 1
3660 9318 2
3660 9401 2
3660 9255 1
3682 9724 1
3682 9450 1
3682 9089 1
3691 9294 1
3691 8824 1
3691 9455 1
3692 9666 2
3692 9050 167
3703 9984 34
3703 9295 1
3703 9642 1
3703 9447 1
3718 8714 1
3718 9552 3
3718 8572 1
3765 8695 1
3765 9686 7
3765 9714 2
3765 9995 1
3772 9581 1
3772 9178 1
3787 8796 1
3787 9030 2
3787 9957 1
3787 9406 5
3787 9293 1
3787 9586 2
3787 9698 1
3791 9256 2
3791 9291 1
3791 9827 1
3796 8670 31
3815 9113 1
3815 8729 200
3815 9116 1
3815 9684 1
3815 9904 37
3828 9076 3
3828 8616 1
3828 9427 1
3828 9547 1
3831 9617 1
3831 8720 1
3831 8789 1
3831 9649 1
3831 9570 5
3831 8802 3
3833 9531 1
3833 9492 4
3833 9919 32
3833 8863 2
3833 9041 2
3833 8571 7
3833 9150 1
3838 9273 1
3838 9902 1
3838 8686 5
3838 9559 1
3838 9918 2
3838 9300 1
3838 8951 1
3838 8987 1
3838 9957 6
3850 8730 1
3850 8635 2
3850 9873 1
3856 9571 1
3856 9331 2
3865 9292 1
3865 8815 1
3865 8826 1
3865 9110 1
3865 9273 3
3865 9382 1
3865 9492 1
3865 9872 23
3866 9907 1
3866 9070 1
3866 8885 2
3881 9778 1
3881 9595 1
3881 8738 4
3881 9199 1
3890 9298 1
3890 9466 2
3895 9048 5
3895 8800 1
3897 9899 2
3897 8681 2
3897 8995 1
3897 9849 1
3904 9133 2
3904 8598 1
3904 9432 1
3920 9496 4
3920 9890 10
3933 8805 1
3933 8929 24
3933 9535 1
3933 9683 120
3933 9940 1
3952 9326 2
3952 9414 3
3952 8637 1
3952 9664 1
3957 8850 27
3957 9615 4
3957 8640 2
3960 8800 1
3960 9382 2
3960 9300 1
3960 9269 1
3960 9952 6
3971 8940 1
3971 8633 1
3971 9543 1
3971 9756 4
3971 8988 2
3971 8646 1
3971 8679 1
3973 9062 1
3973 9030 8
3973 9721 2
3973 9920 3
3980 8618 1
3980 8906 1
3980 9337 1
3980 9741 1
3988 9489 1
3988 9700 2
3988 8941 1
4001 9057 2
4001 9788 1
4001 9167 1
4001 9099 1
4001 9499 1
4001 9959 1
4007 9414 1
4007 9014 2
4007 9597 1
4020 9451 2
4020 8641 1
4031 9312 1
4031 8596 2
4045 9137 1
4045 9076 4
4045 9600 1
4052 9250 1
4052 9763 1
4052 9825 13
4069 9954 1
4069 9356 1
4069 9617 6
4071 9643 2
4071 9149 2
4086 8708 1
4086 9963 2
4086 9153 1
4086 8922 1
4098 8879 1
4098 9170 1
4098 9933 1
4098 9232 1
4098 9738 1
4098 9498 2
4134 8829 2
4134 9524 1
4134 9523 1
4134 8878 1
4134 9563 8
4134 8813 15
4134 9560 1
4134 9637 1
4158 9145 1
4158 9096 2
4162 9770 4
4162 9133 2
4162 9326 1
4186 9323 2
4186 9544 18
4187 8975 1
4187 8569 1
4187 8751 1
4187 8849 2
4197 9561 1
4197 9671 1
4199 9241 7
4199 8906 1
4199 9475 1
4199 8722 1
4231 9169 2
4231 8976 1
4231 9109 1
4231 9839 1
4236 9857 1
4236 9803 1
4236 9996 1
4236 8581 1
4239 9409 1
4239 9757 1
4246 9308 1
4246 8813 2
4246 9474 6
4246 9562 1
4246 8673 2
4246 9428 1
4246 9106 2
4262 9800 1
4262 9524 15
4262 9587 1
4262 8830 1
4262 8859 1
4262 8979 1
4262 9358 1
4271 8755 1
4271 9116 12
4271 8674 1
4271 9423 1
4271 9547 2
4271 9048 3
4271 9912 1
4300 9485 2
4300 8696 1
4311 9428 1
4311 9947 3
4316 8631 3
4316 8976 2
4316 9567 1
4316 8892 1
4316 8988 1
4316 9625 1
4332 9839 1
4332 9256 3
4332 9314 1
4332 9340 3
4346 9239 3
4346 9217 1
4346 9619 1
4346 8617 1
4346 9430 2
4356 8579 1
4356 8584 1
4356 9249 6
4356 9596 4
4356 8583 2
4356 8613 1
4356 9340 1
4356 8710 2
4356 9386 4
4361 9647 1
4361 9437 10
4362 9583 15
4362 9332 1
4362 9442 2
4379 9015 10
4379 8967 1
4379 8892 6
4379 9625 2
4379 9760 2
4379 9365 1
4382 8975 2
4382 9430 1
4382 9955 4
4382 8999 1
4382 9652 1
4390 9673 2
4390 9217 1
4390 9474 1
4390 9686 1
4390 9952 1
4396 9063 2
4396 9599 1
4410 9827 3
4410 9525 1
4410 9832 1
4421 8824 7
4421 9508 1
4435 9268 4
4435 9377 1
4435 9352 1
4439 9376 3
4439 9375 1
4439 9064 3
4439 8881 11
4443 8735 1
4443 8676 1
4443 9060 3
4443 9381 2
4446 9876 1
4446 8730 3
4446 9109 5
4487 9629 1
4487 8920 1
4487 9611 3
4487 9859 1
4489 9505 3
4489 9288 4
4497 8810 1
4497 9477 1
4497 8584 1
4497 8873 1
4497 9250 2
4499 9420 2
4501 8614 1
4501 9739 7
4501 9647 5
4501 9705 10
4511 8730 1
4512 9145 36
4512 9388 1
4512 8880 1
4512 9634 3
4517 9312 1
4517 9800 1
4518 8956 1
4518 9136 2
4522 9196 5
4522 9073 154
4522 9789 8
4522 9910 1
4523 9048 2
4523 9230 2
4523 9496 2
4523 9667 3
4523 9775 1
4523 8978 1
4523 9415 3
4523 9989 1
4555 9833 5
4555 9727 1
4559 8707 27
4559 9047 3
4573 8889 4
4573 9571 1
4573 9957 1
4573 8970 5
4593 9626 1
4593 9719 1
4593 9911 1
4593 9914 1
4594 8625 1
4594 9891 1
4594 9502 1
4594 8941 1
4594 9829 1
4594 8736 1
4594 9672 1
4597 8672 2
4597 9002 2
4599 9264 2
4599 9841 1
4600 9845 1
4646 9408 1
4646 9450 8
4646 8858 1
4646 9788 1
4648 8827 1
4648 8866 1
4648 9225 1
4648 9388 1
4648 9292 1
4648 9875 1
4648 9967 2
4655 9829 1
4655 8943 1
4655 9963 1
4667 9165 2
4667 9168 1
4667 8686 1
4667 9344 1
4667 9709 1
4669 9327 2
4669 9156 2
4669 9934 1
4670 8705 13
4670 9692 3
4696 9025 1
4696 9887 1
4696 9291 1
4717 9208 10
4717 8710 1
4717 8691 1
4717 9293 1
4717 9508 1
4717 9675 4
4726 9634 1
4726 8974 1
4726 9499 1
4726 9932 1
4726 8871 2
4728 8767 1
4728 8783 1
4731 8827 2
4731 9267 1
4731 8817 1
4731 9282 1
4731 9014 2
4731 9750 2
4731 8685 1
4731 9114 1
4740 8831 1
4740 9513 2
4742 9896 18
4742 9764 1
4757 8614 6
4757 9159 3
4757 8601 3
4757 9644 36
4774 9086 1
4781 8767 2
4781 8750 1
4781 9667 1
4781 9220 1
4781 8945 1
4794 8726 1
4800 8635 4
4809 9569 11
4809 9643 1
4809 9941 7
4809 8763 1
4809 9319 1
4828 9344 1
4828 8827 1
4828 8928 1
4828 9225 1
4828 9954 1
4828 8753 1
4828 9322 1
4831 9120 1
4831 8786 2
4831 9885 4
4838 9860 2
4838 9260 7
4855 9276 1
4855 8631 1
4855 9299 1
4855 9971 1
4860 8697 1
4860 8870 1
4860 9619 1
4860 8657 2
4860 8616 1
4860 9527 1
4860 9990 1
4871 8975 1
4871 9875 2
4871 9028 1
4871 9901 1
4890 9210 2
4890 8600 4
4890 9018 1
4890 9540 1
4890 8614 2
4890 8697 1
4890 9304 1
4907 9083 1
4907 8688 1
4907 9542 1
4907 9070 1
4908 8992 2
4908 9396 3
4908 9618 1
4908 9217 1
4908 9434 4
4908 8828 1
4908 9649 1
4908 8608 1
4908 8852 1
4928 8869 2
4928 9111 1
4928 9338 1
4928 8984 3
4944 9448 2
4944 8779 1
4944 8912 1
4955 9988 1
4955 9209 1
4969 8876 1
4969 9877 1
4973 9645 1
4973 9707 3
4973 9793 1
5020 9513 2
5026 9041 1
5026 8596 1
5026 9336 2
5026 8931 9
5026 9638 1
5026 9766 1
5030 9655 1
5030 9099 1
5038 9425 60
5038 9712 1
5041 9021 1
5041 9570 45
5041 8829 1
5042 9109 1
5042 9790 1
5042 9994 4
5042 8968 2
5042 9314 1
5042 9525 1
5046 9148 2
5046 9789 98
5046 9316 1
5046 8723 4
5046 8736 4
5046 9931 4
5079 9661 1
5079 9232 2
5084 9592 2
5084 9044 7
5084 9591 3
5088 9390 1
5109 9099 2
5109 8910 8
5113 8617 8
5113 9588 4
5118 9255 1
5118 8589 129
5118 9381 1
5118 9569 1
5167 9018 5
5167 9142 3
5167 8572 2
5167 9564 1
5167 8575 4
5167 8865 2
5167 9108 1
5194 8673 3
5194 9019 2
5194 8608 1
5194 8861 5
5215 9337 1
5215 9349 1
5215 8643 1
5215 8691 1
5215 8590 3
5215 9396 3
5227 8693 1
5227 9440 1
5227 9515 1
5232 8632 2
5232 9181 1
5246 9594 1
5246 8636 1
5277 9118 1
5277 8992 1
5284 8581 5
5284 9931 1
5291 9269 1
5291 9674 16
5303 8944 15
5303 9187 2
5303 8714 1
5304 9343 2
5304 9564 1
5304 9670 1
5304 9822 1
5314 9216 1
5314 8719 1
5314 9714 1
5318 9142 1
5318 8662 1
5318 9400 1
5320 9066 1
5320 9146 1
5320 9476 1
5330 9688 7
5330 8893 1
5330 9664 2
5330 9655 10
5334 9348 1
5341 8796 1
5341 9964 1
5341 9232 1
5357 9089 1
5357 9575 2
5357 9951 1
5357 9989 2
5357 9915 1
5357 8907 1
5357 8930 1
5357 9155 1
5380 9083 38
5380 9297 1
5406 8600 1
5406 8692 7
5406 9447 1
5406 8830 1
5406 9914 1
5406 9445 2
5406 8733 1
5406 9872 2
5406 8567 9
5406 9623 1
5411 9316 6
5411 8581 1
5439 8904 1
5439 9501 1
5439 9554 1
5439 9610 1
5441 9940 2
5460 9217 1
5460 9538 2
5460 8852 1
5460 8685 1
5460 9043 2
5460 9087 1
5463 8809 4
5463 9587 1
5463 9876 1
5466 8959 1
5466 8611 1
5466 8880 1
5469 8621 1
5484 8867 58
5484 8944 1
5484 8945 1
5509 9018 1
5509 9273 1
5509 9950 7
5528 8867 1
5528 9563 1
5528 9723 1
5528 8659 2
5528 9524 1
5528 9599 1
5528 9012 3
5528 9833 1
5533 9869 20
5575 9335 4
5575 9439 4
5575 8837 1
5576 9251 1
5576 9503 1
5576 8894 2
5576 8907 1
5576 9019 2
5579 8685 1
5579 8984 3
5579 9906 12
5579 9256 1
5600 8999 1
5600 9249 1
5600 9604 1
5600 8793 5
5612 9170 2
5612 8566 3
5612 9690 3
5612 9780 1
5619 8651 1
5619 9209 1
5622 9441 1
5628 8903 2
5628 9749 2
5629 8650 2
5629 9869 1
5666 9270 1
5666 8654 2
5666 9426 1
5667 9737 3
5671 9634 2
5671 9926 2
5671 9940 2
5671 8565 1
5671 8834 1
5671 9019 1
5671 9338 1
5671 9419 5
5671 9999 5
5705 9138 14
5705 9339 3
5713 9305 1
5713 9934 1
5713 9283 1
5713 9984 1
5720 8966 1
5720 8893 1
5720 8928 1
5720 9795 12
5720 8856 5
5720 8847 5
5720 9570 1
5728 8701 1
5740 8615 2
5740 9425 27
5740 9312 3
5740 9629 1
5740 9995 1
5740 8975 1
5740 9609 22
5752 9473 1
5752 8965 2
5752 9666 1
5752 9819 1
5752 9844 1
5752 9233 1
5752 9568 1
5763 8620 1
5763 9637 4
5763 9712 1
5765 8881 1
5765 8697 1
5765 9980 1
5765 9428 3
5767 8905 1
5767 9153 1
5772 9762 1
5772 9600 1
5772 9618 1
5772 9196 1
5780 8982 1
5780 9019 2
5780 9080 1
5780 9777 1
5780 9220 1
5780 9031 1
5780 9336 1
5780 9750 1
5792 9413 1
5792 9437 2
5792 9086 2
5794 9404 1
5794 9474 1
5827 8998 1
5827 8914 1
5827 8873 8
5827 9695 1
5841 8592 1
5843 9415 67
5843 8959 1
5843 9249 3
5843 9538 3
5854 9089 6
5854 9127 1
5871 9763 3
5871 9063 1
5871 9693 1
5877 9384 1
5877 9192 2
5877 9844 1
5877 8587 1
5877 9032 2
5877 9164 2
5877 9795 2
5877 9172 2
5877 9280 1
5896 9731 2
5896 9488 1
5896 9057 1
5896 9284 1
5910 8702 1
5910 8833 1
5910 9286 1
5910 9631 2
5910 9306 3
5921 9686 1
5921 8794 1
5921 9243 1
5921 8967 1
5921 9053 2
5949 9218 1
5949 9947 6
5949 9166 2
5949 9425 1
5958 9432 1
5958 9271 1
5958 9642 1
5958 8762 73
5958 9313 5
5958 9234 1
5958 8790 3
5959 8764 1
5959 9288 1
5959 9447 1
5959 9952 2
5959 9369 2
5959 8772 4
5959 8922 1
5973 9482 1
6006 8847 1
6006 8830 1
6006 8673 1
6006 9621 1
6015 9511 1
6015 8967 1
6015 8799 1
6015 9718 4
6015 9748 1
6026 9319 15
6026 8810 1
6026 9694 1
6026 9774 2
6026 9889 1
6027 9498 1
6027 9322 2
6027 9181 1
6027 8679 3
6072 9025 2
6072 9772 1
6072 8899 2
6072 8968 1
6072 9537 3
6072 9085 6
6076 9591 1
6076 9595 5
6076 9675 7
6077 9690 1
6077 9244 1
6077 9763 1
6090 9205 3
6146 8583 1
6146 8687 1
6146 9549 1
6146 8656 3
6146 9453 2
6146 8764 1
6146 8959 1
6146 9248 1
6146 9345 1
6147 9020 3
6164 9638 1
6164 9232 1
6164 9373 1
6164 9859 1
6185 9723 1
6185 9035 1
6185 9371 3
6189 9460 2
6189 8675 100
6189 9782 2
6189 9435 1
6189 9680 3
6193 8591 1
6193 9373 1
6193 9526 1
6199 9861 2
6199 9168 1
6204 8710 1
6204 9521 1
6204 8648 1
6204 9176 2
6204 9964 1
6264 9291 27
6270 8842 2
6270 8949 1
6270 9535 28
6270 9590 1
6273 8840 1
6273 9213 1
6273 8866 1
6288 8907 1
6288 8888 1
6288 9322 1
6288 9687 1
6288 9785 2
6288 9283 1
6289 9032 1
6299 9409 1
6299 9258 1
6318 9623 1
6318 9349 58
6348 9123 1
6348 8782 1
6348 9113 2
6348 9637 1
6348 8928 1
6355 8602 1
6355 9523 1
6355 8682 1
6355 8989 1
6355 9570 1
6355 8911 1
6357 9197 1
6357 8812 5
6357 9495 6
6357 9625 1
6357 9132 5
6357 9589 4
6357 9600 2
6357 8712 1
6360 8812 7
6360 9086 1
6377 9892 7
6377 8923 1
6377 9253 1
6377 9711 2
6382 9859 1
6382 8949 7
6394 9965 2
6394 8891 1
6394 9399 2
6413 9206 4
6413 9292 4
6415 8769 1
6415 8695 2
6415 9242 5
6415 8821 1
6421 9403 2
6421 8670 1
6421 9772 1
6423 8770 3
6423 9718 1
6423 9016 6
6423 9738 1
6467 8670 1
6467 9446 1
6467 8863 1
6467 9008 11
6467 9110 1
6467 9463 3
6479 9406 1
6479 8867 11
6479 8872 1
6479 9037 1
6479 9124 1
6479 9370 1
6485 8903 1
6485 9688 1
6492 9784 1
6492 9542 1
6492 8851 1
6492 8906 1
6495 8893 1
6495 9776 1
6495 9790 1
6497 8951 1
6497 8789 3
6498 9638 2
6498 9525 2
6498 9857 2
6498 9021 1
6498 9453 6
6498 9409 2
6498 9243 1
6513 9342 1
6513 9192 1
6513 9247 1
6532 9525 21
6532 8668 2
6532 9419 1
6532 8842 1
6532 9356 11
6532 8666 1
6535 9919 1
6535 9448 1
6538 9282 4
6548 9826 1
6548 8602 1
6548 8961 2
6555 9377 1
6555 9832 5
6555 8602 1
6555 9609 1
6555 9840 1
6555 9967 1
6555 9671 1
6555 9856 1
6555 9177 1
6555 9547 1
6555 9663 200
6566 8705 2
6566 8852 4
6566 9010 1
6566 9020 1
6566 9137 4
6603 9182 2
6603 9764 1
6603 8879 1
6603 9248 1
6603 9589 5
6603 8867 1
6603 9206 1
6603 9963 111
6615 9644 4
6615 8702 1
6624 9345 1
6624 8737 1
6624 9083 8
6634 8790 1
6634 9914 2
6634 9165 2
6634 9502 1
6634 9225 1
6634 9365 1
6634 9543 2
6642 9047 2
6642 9987 2
6645 9680 2
6654 9645 1
6656 9047 1
6656 8572 1
6659 8852 1
6659 9767 1
6662 9999 1
6662 8679 2
6662 9321 1
6662 9358 1
6662 9953 1
6674 9437 1
6674 9885 3
6674 9267 1
6674 9123 1
6674 9826 2
6681 9405 1
6681 9455 1
6681 9981 3
6681 8822 1
6681 9587 1
6681 8748 1
6681 9321 2
6681 9589 8
6682 8889 1
6682 9965 2
6731 9557 1
6731 9070 1
6731 8577 1
6731 9415 1
6744 9252 1
6761 9733 1
6761 9623 1
6761 8594 1
6761 9423 2
6761 9277 2
6761 9329 2
6763 9959 1
6763 9987 3
6763 9712 1
6763 9378 2
6763 9700 1
6763 8948 3
6763 9124 1
6763 9613 3
6766 9012 1
6766 9213 3
6766 9946 1
6771 9522 7
6771 8902 1
6780 8657 5
6780 9012 2
6780 9152 1
6780 9609 3
6780 9356 4
6780 9519 1
6780 9797 1
6780 9701 4
6780 9953 1
6780 9844 1
6785 8939 1
6790 9195 2
6830 9336 1
6830 9613 1
6830 9220 1
6830 9122 1
6836 9342 1
6836 8764 1
6836 9659 1
6836 8681 3
6836 9551 1
6836 9910 1
6843 8805 5
6843 9326 1
6843 9318 1
6852 9065 3
6852 9008 1
6854 9313 1
6860 9329 1
6860 9836 7
6860 8635 5
6860 8719 2
6860 9851 1
6867 9817 2
6867 9670 1
6867 9156 1
6867 8759 1
6867 9416 1
6867 9945 2
6871 9990 1
6871 8708 1
6871 8715 1
6876 9930 1
6876 9257 8
6887 9857 1
6887 8686 1
6887 9085 7
6892 9613 2
6892 8654 1
6892 9380 4
6892 9493 1
6894 8834 1
6894 9297 1
6894 9060 1
6894 9683 1
6896 8806 1
6896 8640 1
6896 8984 2
6896 9649 1
6896 9188 4
6896 9756 1
6903 8979 1
6903 9601 1
6903 9915 6
6903 8568 1
6903 8629 1
6912 8794 10
6912 8642 1
6912 9840 1
6912 9041 2
6913 9989 1
6913 9453 1
6924 9856 2
6924 8935 1
6926 9613 2
6926 9646 2
6926 9273 1
6928 8659 1
6928 8653 2
6928 9778 1
6928 9823 1
6928 9044 1
6928 9373 1
6928 9816 1
6928 9910 1
6928 9439 1
6928 9559 1
6928 9253 1
6928 9712 1
6933 9318 7
6933 9496 5
6933 9261 1
6933 9613 5
6933 9674 2
6940 9365 1
6940 8920 1
6940 9638 1
6940 8646 2
6940 9013 1
6940 9873 23
6940 8638 1
6940 8903 1
6940 9422 1
6940 9746 1
6940 9840 13
6946 9613 1
6951 8773 1
6951 9295 1
6951 9563 3
6960 9697 14
6960 9003 4
6960 9825 1
6960 9960 1
6963 8669 5
6963 9122 1
6963 9196 1
6963 9664 1
6963 9336 1
6963 9724 1
6963 9992 1
6986 9048 3
6986 9030 1
6986 9703 1
6986 9124 1
6986 9968 1
6988 8633 1
6988 8660 1
6988 9118 1
6998 9270 24
6998 8802 4
7006 9066 1
7006 9419 3
7006 8636 1
7006 9717 1
7006 9064 4
7006 9362 1
7006 9781 1
7006 9947 1
7008 9111 1
7008 9526 1
7008 9041 2
7008 8956 2
7008 8690 200
7008 9980 1
7010 8825 3
7010 9073 1
7010 8797 80
7036 9009 1
7044 8569 8
7072 8931 1
7073 8970 3
7073 9464 1
7073 8574 1
7073 9618 1
7073 9920 1
7077 9357 1
7077 9205 1
7077 8968 1
7084 8642 3
7084 9037 1
7117 9225 1
7117 9659 13
7117 9608 1
7117 9981 1
7117 9353 1
7120 8813 5
7120 8879 1
7120 9860 1
7120 9640 9
7120 9897 1
7126 9906 1
7126 9206 1
7126 9572 7
7126 9899 15
7180 9286 1
7180 8889 1
7199 9778 6
7199 9784 4
7199 9833 2
7199 9247 1
7199 9306 8
7199 9241 1
7199 9599 1
7199 9590 2
7203 9183 8
7209 9409 1
7209 8755 6
7209 9057 1
7219 9687 200
7219 8738 1
7219 9728 1
7219 9885 1
7220 8863 1
7220 8786 1
7221 8910 1
7221 9445 2
7229 9652 1
7229 9316 1
7229 9399 1
7229 9663 80
7265 9332 1
7265 9760 1
7265 9810 1
7273 8685 1
7273 8815 1
7273 8691 1
7273 8631 2
7273 9481 1
7294 9767 3
7294 9541 1
7294 9855 1
7309 9375 2
7309 9918 2
7309 9941 1
7309 9276 2
7309 9606 1
7310 9962 1
7319 9692 1
7330 8629 2
7330 8809 2
7330 9020 1
7330 9926 1
7337 8826 1
7337 9645 3
7343 9197 1
7351 9729 1
7353 9536 3
7353 8928 4
7353 9163 20
7353 9826 2
7353 9328 1
7362 9473 1
7362 9253 1
7365 9933 1
7376 9005 5
7376 8991 1
7376 9051 1
7376 9502 4
7376 9557 1
7394 8847 1
7394 9889 1
7394 9741 5
7394 9457 2
7394 9628 7
7395 9283 1
7395 9675 2
7395 9900 1
7395 8621 1
7395 8633 6
7410 8649 1
7410 9605 4
7428 9101 1
7428 8697 5
7458 9730 1
7458 8567 7
7458 9021 1
7464 9523 3
7485 9807 1
7498 9473 1
7498 8849 1
7498 8657 3
7498 9951 2
7498 9988 1
7500 9943 1
7506 9559 2
7506 9610 1
7506 9846 4
7506 9752 7
7514 9332 3
7514 9700 2
7545 8995 16
7545 9588 1
7545 8905 7
7571 9150 1
7571 9549 1
7574 9764 1
7574 8659 1
7574 8889 2
7574 9285 2
7575 9070 1
7575 9720 1
7575 9731 1
7589 9314 1
7595 8929 2
7595 9849 1
7595 8739 85
7595 8598 3
7595 8963 3
7595 9791 1
7595 9861 1
7596 9875 1
7596 9943 1
7605 8958 8
7605 9663 1
7605 9595 4
7605 9217 5
7620 8988 27
7620 9776 2
7634 9826 1
7634 9131 1
7634 8773 1
7634 9889 4
7634 9744 1
7634 9166 1
7644 9323 1
7644 9907 1
7667 9009 1
7667 9480 5
7667 8584 1
7667 8714 1
7667 9234 2
7675 9241 1
7675 9857 1
7675 9017 1
7675 9434 4
7684 9554 1
7684 8806 1
7684 9458 1
7684 9797 2
7684 8870 1
7684 9992 1
7684 9495 1
7684 9455 1
7684 9468 2
7684 8888 2
7690 9793 16
7699 8859 2
7699 8584 1
7699 9163 3
7699 9170 1
7699 9464 1
7699 9401 3
7699 9896 1
7707 9241 2
7707 9717 22
7707 9780 3
7707 9603 1
7707 9596 3
7720 9386 1
7720 8637 3
7720 9958 1
7724 9535 1
7724 9684 1
7724 9039 2
7724 9404 1
7724 9814 19
7737 9770 1
7737 9064 5
7737 9746 1
7739 8825 4
7739 9382 1
7739 9833 1
7739 9602 3
7744 8574 2
7744 8770 1
7744 9208 1
7744 9229 1
7745 9552 4
7745 9035 1
7745 9998 1
7745 8847 1
7764 8825 1
7784 9143 1
7784 9139 1
7784 9304 1
7784 9601 1
7784 8959 1
7784 9628 3
7784 9849 2
7784 8767 4
7796 9116 2
7797 9454 7
7797 9863 1
7797 8629 1
7797 8812 2
7797 9113 1
7821 9543 1
7821 9080 1
7821 9230 1
7821 9829 1
7821 9305 3
7821 8881 2
7821 8937 1
7822 8608 1
7830 9737 3
7830 8871 2
7834 8619 2
7834 9864 4
7849 9279 3
7849 9901 7
7849 9406 1
7858 9752 4
7858 9767 2
7858 9480 41
7858 9962 9
7858 9602 1
7858 9863 1
7858 8643 4
7858 8943 3
7859 8650 1
7859 8767 1
7881 8702 19
7881 9523 1
7881 9803 1
7881 9981 4
7904 8676 1
7904 9993 1
7926 8628 1
7926 8648 5
7930 8712 2
7930 8625 1
7930 8929 5
7937 9757 1
7937 8657 1
7937 8738 1
7937 9031 2
7937 9052 2
7937 9919 1
7937 9980 2
7937 8989 1
7944 9272 16
7944 9558 1
7944 9358 2
7944 9567 2
7959 9901 1
7959 9241 2
7959 9056 5
7978 9971 1
7989 9825 1
7990 9586 5
7990 9382 1
8007 9314 9
8007 9242 1
8007 9305 2
8007 9378 1
8007 9510 7
8016 9604 1
8016 8629 2
8016 9887 1
8016 9899 11
8016 8596 1
8016 9042 1
8026 9894 1
8026 9165 47
8034 8851 20
8034 8598 2
8034 8668 7
8041 8987 2
8041 9661 1
8041 9158 1
8041 9480 8
8049 8872 1
8049 8595 3
8050 9636 1
8050 8929 1
8050 8969 2
8050 9830 1
8050 8667 1
8050 9337 1
8050 9357 2
8050 9432 5
8050 8920 1
8053 9729 1
8053 9651 1
8053 9785 2
8053 8654 1
8078 9400 1
8078 9139 1
8078 9587 1
8079 9664 2
8079 8838 1
8079 8890 2
8079 8956 1
8086 9825 5
8086 9028 3
8086 9111 1
8089 8967 1
8089 8634 1
8089 8810 7
8089 9680 1
8089 8669 5
8089 9342 1
8089 9695 1
8089 9176 1
8089 9802 2
8104 9645 2
8104 9647 4
8110 8784 2
8110 9829 1
8150 9234 1
8150 9493 1
8150 9501 1
8150 9797 1
8150 9807 3
8150 9900 1
8173 9169 1
8173 8696 4
8173 9159 1
8173 9565 1
8173 8759 4
8175 9284 1
8175 8651 1
8175 9219 1
8190 9119 3
8190 9935 1
8190 9904 1
8190 9171 4
8190 9751 9
8194 9406 1
8194 9731 2
8200 9800 8
8200 9664 1
8215 9136 1
8215 9714 1
8215 9509 1
8215 9285 2
8215 9528 1
8215 9983 4
8230 9028 2
8230 9473 1
8230 9365 6
8230 9143 1
8230 9611 6
8230 9758 1
8230 9946 7
8239 9206 1
8240 9044 1
8240 9611 2
8240 9170 1
8240 9432 1
8240 9785 4
8248 9455 2
8248 9017 1
8250 9177 1
8250 9154 1
8250 8613 1
8250 8782 1
8250 8914 1
8258 9106 2
8258 8773 2
8282 8660 5
8282 9544 2
8283 9149 3
8283 9575 1
8285 9096 1
8286 8640 7
8286 9869 1
8291 9962 1
8291 8792 1
8293 8666 5
8293 8623 1
8293 8762 1
8293 9670 1
8293 8684 1
8305 9380 1
8305 8574 5
8322 9727 1
8323 9133 5
8323 8862 6
8323 9740 1
8344 8633 6
8371 9984 3
8371 8565 1
8371 9031 1
8371 9633 2
8371 9016 1
8374 9143 2
8374 8798 1
8374 9446 1
8374 9932 21
8374 9948 1
8391 8676 1
8391 9113 1
8412 8935 1
8412 9132 1
8412 9705 1
8412 9755 1
8428 9971 1
8428 8782 1
8428 8969 19
8429 8815 1
8429 9567 2
8429 9646 1
8438 9557 4
8438 9048 1
8438 9241 1
8438 9651 1
8438 8755 1
8438 8838 1
8438 9393 1
8438 9614 6
8438 8607 1
8449 9494 3
8449 9744 1
8449 8593 7
8449 8995 1
8449 8600 1
8449 9270 2
8449 9454 61
8452 9964 1
8465 8718 1
8465 9592 1
8465 8736 2
8465 9335 1
8501 9306 2
8502 8566 1
8502 8725 1
8502 9244 1
8502 9565 1
8502 9777 1
8509 9427 3
8509 9618 1
8515 8763 1
8521 9545 1
8521 9123 4
8521 9161 1
8521 8588 6
8521 9294 1
8521 9047 1
8521 9264 1
8545 8818 1
8545 8593 1
8545 8902 1
8545 9379 12
8546 9243 1
8546 9294 1
8546 9678 1
8552 8885 1
8552 9130 1
8555 9883 1
8560 9877 30
8560 9180 2
8561 9405 1
8561 9138 1
8561 9942 1
8561 8992 1
8561 9488 4
8564 9196 2
8564 9082 1
8564 9968 1
8566 8917 1
8566 8761 1
8567 8855 1
8569 8771 1
8570 9682 2
8573 9042 1
8573 9233 1
8573 8690 1
8573 8769 1
8573 9573 1
8578 9172 3
8578 9195 1
8578 9123 1
8578 8615 1
8579 8917 1
8580 9767 1
8580 9656 2
8580 9593 3
8580 9510 2
8580 8866 1
8581 9224 1
8582 8746 2
8582 8758 1
8582 9924 1
8582 9884 1
8584 8664 2
8586 9306 3
8586 9681 2
8587 9001 1
8588 8908 1
8591 9301 1
8591 8804 1
8591 8778 2
8592 9092 1
8595 9924 1
8598 9022 1
8599 9572 3
8599 9216 1
8599 9482 1
8599 8745 1
8599 9335 1
8599 9698 1
8599 9203 6
8599 9331 1
8599 9553 2
8599 8618 3
8600 8846 1
8602 9033 8
8602 8683 1
8603 8862 2
8603 9272 1
8603 9750 4
8603 9662 38
8604 9443 1
8604 9146 7
8605 9623 1
8606 8708 1
8606 9277 1
8608 8711 3
8609 8771 1
8610 9528 9
8610 8800 1
8612 9662 3
8612 9860 2
8612 9242 1
8612 8872 3
8612 9103 14
8612 8904 2
8612 9263 54
8614 8887 1
8617 9843 4
8621 8925 1
8622 9026 1
8622 8711 1
8622 9024 2
8623 8932 3
8624 9099 4
8624 9013 1
8624 9025 1
8624 9061 2
8624 9867 1
8625 8997 3
8626 9709 10
8626 8636 2
8626 9273 1
8626 9329 1
8626 9543 2
8626 8669 59
8627 9846 1
8627 8675 4
8628 9657 20
8628 9071 1
8629 8754 1
8630 9105 13
8630 9750 2
8630 8715 1
8630 8772 1
8630 9678 4
8632 8639 1
8632 8724 1
8634 8761 1
8635 9630 5
8639 8869 1
8639 9528 1
8641 9884 2
8641 8724 1
8642 8732 1
8643 8647 3
8644 9176 1
8644 9681 2
8645 9674 1
8645 9593 1
8645 9936 1
8647 8930 2
8647 8700 2
8649 9815 2
8649 9055 1
8650 8814 1
8651 8724 1
8651 9853 1
8652 9972 1
8652 9264 1
8652 8968 1
8652 9892 1
8653 8938 3
8655 9912 6
8655 9526 1
8655 9568 1
8655 9770 1
8655 8799 3
8658 9008 3
8660 9097 5
8660 8678 2
8661 8905 5
8661 8796 1
8661 8944 1
8661 9267 1
8662 8754 8
8663 9930 1
8663 9415 1
8663 9722 4
8663 8991 2
8663 8856 1
8663 9444 6
8664 9501 1
8664 9971 2
8664 9993 3
8664 8850 5
8664 8686 1
8664 8792 1
8664 9661 1
8665 9460 1
8666 8926 5
8667 8836 1
8670 8973 2
8670 8848 8
8671 9123 5
8671 8933 1
8672 8760 1
8674 9011 3
8674 8887 4
8674 9878 1
8676 8777 2
8678 8976 1
8678 9552 2
8678 9709 2
8678 9554 1
8680 8827 1
8681 8832 3
8682 8839 1
8683 9642 1
8683 9563 1
8683 9082 1
8683 9885 1
8683 9905 3
8689 9410 1
8689 8934 4
8689 9603 3
8689 8893 1
8691 8896 1
8692 8883 2
8694 9964 1
8695 8741 2
8698 9026 1
8699 9061 1
8699 9188 1
8701 8926 2
8702 9366 1
8703 8982 24
8703 9396 1
8703 9045 3
8704 9271 2
8704 9781 2
8704 9128 17
8705 8883 1
8706 8721 1
8707 8980 1
8709 9772 8
8709 8828 1
8710 8732 2
8711 9386 1
8711 9735 1
8711 8969 2
8711 9296 5
8715 8868 8
8716 9361 5
8716 9621 1
8716 9558 4
8717 8745 1
8717 9340 1
8720 8926 1
8720 9677 1
8721 9945 3
8721 9450 4
8721 9489 2
8721 9839 2
8724 9492 3
8724 9825 2
8724 9683 1
8724 9686 1
8724 8920 1
8724 8976 2
8724 9110 1
8724 9711 2
8725 8760 2
8726 8962 1
8727 8797 13
8728 8907 5
8728 9438 1
8731 9096 2
8732 8992 1
8732 9575 1
8734 9192 4
8734 9825 1
8734 9132 8
8734 9386 21
8737 9033 1
8739 9865 11
8740 8866 1
8740 9229 5
8740 9343 2
8741 9496 14
8741 9251 1
8741 9863 1
8741 9131 10
8742 9257 1
8742 8906 1
8742 9415 2
8742 9758 1
8742 9962 1
8742 9009 1
8743 9189 1
8743 9420 2
8744 9158 1
8744 8818 1
8744 9289 1
8746 9899 1
8746 9647 3
8746 9094 1
8746 8872 1
8746 9476 3
8746 9935 1
8746 8750 1
8747 9586 1
8747 9782 31
8747 9891 1
8748 8926 26
8748 8883 1
8748 8854 1
8750 9759 19
8751 9893 1
8752 8990 2
8754 9025 5
8754 8856 2
8754 8798 4
8754 8878 2
8754 9511 4
8756 9053 1
8756 9659 2
8757 9587 3
8757 8822 1
8757 9823 3
8758 9148 1
8758 9234 1
8758 8872 15
8758 9361 1
8758 9480 5
8760 9731 2
8760 9152 1
8761 9029 5
8762 9274 1
8762 8908 1
8765 9443 1
8765 8965 1
8766 9208 1
8766 9921 1
8768 8806 2
8768 8795 5
8769 9517 1
8774 9570 1
8774 9259 1
8775 9581 1
8775 9143 4
8775 9409 1
8775 9444 29
8776 9523 4
8776 9255 1
8776 9303 1
8777 9369 4
8777 8961 16
8777 9189 1
8777 9103 1
8777 9606 1
8777 9905 1
8778 9482 1
8778 9299 2
8780 8873 1
8780 9812 1
8781 9169 4
8781 9495 1
8781 9009 1
8781 9041 3
8782 8896 1
8782 8814 1
8782 8807 1
8785 8804 2
8785 9055 2
8785 9726 12
8787 9780 1
8787 9045 1
8788 9948 1
8788 8956 1
8788 8934 2
8789 9084 2
8794 8811 1
8798 9893 1
8800 8853 31
8801 9098 1
8802 8896 1
8803 8850 1
8803 8954 1
8803 9696 1
8803 9990 1
8804 9474 1
8804 9777 2
8804 9460 2
8807 9377 1
8807 9388 5
8808 9051 1
8808 9289 1
8811 9596 1
8812 9068 9
8814 9146 1
8814 9276 1
8814 9600 10
8814 9521 1
8814 9375 1
8814 9915 1
8815 9976 4
8816 9252 1
8817 9517 2
8819 9643 1
8819 9868 5
8819 8845 4
8820 9797 1
8820 9082 2
8823 9996 1
8823 9913 1
8823 9788 1
8825 9903 2
8825 8985 1
8826 8997 2
8827 9893 4
8829 8913 2
8830 9878 3
8832 9998 1
8832 9901 1
8832 9680 7
8833 9100 1
8834 8843 2
8835 9488 2
8836 9005 2
8839 8974 1
8839 9551 4
8839 9874 1
8841 9481 27
8841 9623 5
8843 9644 1
8843 9832 1
8845 9245 1
8845 9726 1
8846 9106 1
8846 9298 8
8846 9351 1
8848 8969 1
8848 9155 1
8848 9309 2
8849 9657 2
8850 9245 1
8850 9815 1
8853 9106 4
8854 9154 1
8855 9208 1
8855 9749 1
8857 9036 4
8858 9046 1
8860 9872 6
8860 9723 1
8860 9845 3
8861 9038 3
8864 9078 1
8868 8951 1
8868 9608 2
8870 9100 26
8870 9078 1
8873 8926 2
8874 9751 1
8875 9263 2
8875 9737 121
8875 9372 1
8875 8966 1
8875 9163 1
8876 9081 1
8877 9172 1
8877 9408 3
8877 9917 1
8878 9893 1
8879 8960 11
8880 8960 1
8881 8901 3
8882 9386 1
8882 8933 4
8882 9079 1
8882 9525 1
8882 8905 2
8883 8975 3
8883 9384 1
8883 9981 1
8883 9419 1
8883 9755 4
8883 8889 1
8883 9598 1
8887 9178 3
8891 9657 1
8894 9290 1
8896 9629 22
8896 9099 1
8897 9444 1
8898 9344 4
8898 9858 1
8901 9863 4
8901 9568 3
8901 9119 1
8901 9249 1
8901 9312 7
8904 8957 4
8908 9385 1
8909 9426 2
8909 9311 2
8911 8996 1
8912 9391 1
8913 9331 1
8913 8942 5
8913 9073 1
8913 9119 1
8913 9816 1
8915 9964 1
8917 9953 1
8917 9437 4
8917 9671 1
8917 9687 2
8917 9017 1
8917 9883 2
8918 9656 1
8918 9090 1
8918 9346 1
8921 9893 1
8921 9100 22
8924 9142 2
8925 9353 1
8925 8999 1
8925 9751 1
8925 9093 3
8925 9114 2
8925 9342 1
8926 9538 12
8926 9769 1
8926 8982 1
8926 9233 5
8926 9298 3
8926 9963 1
8926 9014 1
8932 9747 1
8935 9098 2
8935 9725 1
8936 8986 200
8938 9052 1
8938 9723 3
8938 9615 1
8938 9955 1
8939 9726 1
8942 9506 1
8945 9068 55
8946 8996 1
8947 9930 1
8947 9473 1
8950 8960 1
8953 9711 3
8953 9832 3
8954 9366 1
8955 9604 1
8955 9971 1
8955 9438 15
8957 9746 1
8957 9256 1
8957 9393 1
8960 9899 1
8960 9735 1
8962 9066 1
8962 9551 23
8962 9912 1
8962 9694 3
8962 9167 1
8962 9649 1
8963 9471 2
8964 9970 2
8964 9536 3
8964 9070 1
8964 9780 1
8967 9725 2
8971 9802 1
8971 9032 1
8973 9933 11
8973 9527 1
8977 9600 2
8977 9744 1
8978 9682 1
8979 9506 1
8980 9230 1
8980 9239 1
8980 9930 1
8981 9183 1
8982 9274 1
8983 9744 1
8983 9282 2
8983 9521 1
8985 9897 14
8985 9846 1
8986 9689 8
8986 9389 1
8989 9801 1
8990 9014 1
8990 9010 2
8991 9224 2
8993 9917 1
8993 9120 2
8994 9332 1
8996 9090 1
8996 9767 1
8996 9260 9
8997 9430 2
8997 9623 1
8998 9236 1
8999 9677 6
9000 9515 3
9001 9839 1
9001 9670 3
9004 9373 3
9004 9387 1
9004 9755 1
9004 9798 7
9006 9301 2
9007 9065 2
9007 9816 1
9007 9396 2
9011 9718 1
9015 9893 1
9019 9290 1
9022 9252 1
9022 9722 1
9023 9223 3
9024 9574 14
9026 9377 1
9026 9271 1
9026 9413 1
9026 9899 1
9033 9741 5
9033 9405 1
9036 9845 1
9036 9063 2
9036 9778 1
9038 9300 1
9040 9063 4
9040 9438 1
9046 9597 23
9046 9178 1
9046 9091 1
9046 9374 1
9049 9653 1
9049 9154 1
9054 9549 2
9054 9475 2
9054 9335 1
9054 9443 1
9055 9062 9
9058 9948 23
9058 9558 1
9059 9098 2
9062 9098 1
9062 9878 1
9062 9236 1
9065 9245 3
9067 9418 2
9068 9345 1
9068 9323 5
9069 9142 1
9069 9756 2
9069 9918 11
9071 9419 1
9071 9741 2
9072 9610 1
9072 9860 1
9074 9177 3
9074 9730 1
9074 9770 1
9075 9208 1
9075 9828 2
9077 9339 7
9077 9959 1
9077 9478 2
9078 9867 6
9078 9683 1
9078 9349 22
9078 9371 5
9079 9290 8
9081 9784 2
9088 9860 1
9088 9269 1
9090 9471 1
9094 9391 2
9097 9101 1
9098 9422 1
9098 9625 1
9098 9564 1
9100 9333 1
9100 9811 1
9106 9224 1
9115 9624 1
9125 9539 2
9132 9893 1
9137 9469 1
9140 9677 1
9141 9977 1
9146 9924 1
9148 9245 40
9168 9843 2
9202 9541 1
9202 9892 10
9203 9236 1
9208 9363 5
9214 9948 1
9214 9855 2
9216 9418 1
9220 9843 3
9223 9762 1
9223 9911 4
9224 9860 1
9224 9591 1
9236 9800 1
9236 9696 2
9245 9763 4
9245 9741 1
9245 9968 11
9245 9351 1
9245 9390 2
9246 9880 1
9246 9500 5
9248 9471 1
9253 9682 1
9261 9483 1
9272 9924 1
9274 9307 1
9274 9906 2
9277 9469 1
9280 9483 9
9283 9853 1
9290 9717 200
9297 9391 1
9300 9977 1
9301 9637 1
9301 9679 1
9301 9505 1
9301 9751 1
9301 9642 1
9303 9483 1
9312 9500 2
9339 9517 3
9356 9366 1
9366 9764 1
9366 9485 1
9366 9926 5
9374 9976 1
9393 9878 5
9410 9878 1
9418 9560 1
9429 9504 1
9430 9585 1
9432 9878 2
9443 9843 1
9443 9726 1
9449 9880 1
9460 9865 3
9466 9487 2
9471 9513 1
9475 9815 21
9476 9884 3
9483 9872 1
9487 9945 3
9487 9666 1
9489 9976 1
9506 9737 3
9514 9976 1
9517 9913 1
9540 9924 1
9560 9726 1
9579 9892 2
9584 9879 5
9601 9682 2
9648 9865 1
9657 9802 1
9657 9772 1
9657 9935 1
9672 9878 4
9677 9811 1
9678 9878 1
9682 9689 1
9725 9902 1
9726 9791 1
9738 9939 1
9742 9969 1
9746 9843 1
9748 9815 1
9759 9775 5
9765 9924 1
9801 9985 2
9810 9815 1
9815 9912 8
9817 9893 29
9819 9977 1
9829 9884 1
9873 9878 35
9884 9996 1
9909 9961 9
9953 9977 16
9977 9982 2
