5 9242 2
5 9893 1
5 8749 1
5 9714 1
5 8573 1
5 9107 5
45 9457 1
48 9592 9
48 8893 2
48 9041 5
69 9188 3
69 9103 1
69 9927 1
69 9062 1
69 9619 1
74 9648 1
74 8999 1
74 9659 1
74 9842 10
74 9486 1
88 9110 1
88 9293 2
88 9051 1
88 9669 1
104 8902 1
108 9543 1
108 8844 1
109 9019 1
109 8676 5
109 9176 8
109 9197 1
109 9859 1
113 9659 1
113 9698 1
113 9218 4
113 9291 1
114 9047 3
114 9311 1
114 9329 2
114 8618 1
114 9901 5
114 9970 1
121 9333 12
121 9776 1
121 9034 1
121 9821 3
121 9973 2
123 8979 1
123 9819 7
140 9072 1
140 9986 4
140 9467 6
140 9692 1
147 9613 2
147 9469 4
150 9068 1
150 9959 55
150 8971 9
157 9960 1
157 9160 1
157 9741 1
181 9115 1
181 9260 6
181 8717 7
181 9830 1
181 9612 1
181 9048 1
181 9367 1
181 8974 4
181 9159 5
181 9299 1
181 9419 1
192 9471 4
192 9137 2
192 9564 2
200 8694 1
200 9113 1
200 9062 1
200 8617 1
200 9351 1
203 9848 3
206 9244 1
206 8687 2
206 9447 1
214 9751 1
233 8677 23
233 9544 1
233 9929 2
235 9868 4
235 9081 1
235 9446 1
265 8951 1
265 8755 1
265 9329 1
273 9459 1
273 9655 1
273 8804 1
273 9144 1
309 8573 2
309 8989 1
309 9452 1
309 9622 1
309 9734 1
309 9196 2
314 8771 1
334 9070 1
334 8659 1
334 9260 4
334 9178 12
348 9139 1
348 9794 1
348 8842 1
348 8766 2
350 9301 1
350 8819 1
350 8803 8
383 9715 1
383 8988 4
383 9355 1
383 8760 1
383 9399 4
383 9896 55
383 8812 1
385 9531 6
385 9786 4
385 9028 2
385 9091 1
385 8878 1
398 9047 1
398 9861 11
400 8951 1
400 9977 1
400 9864 2
400 8608 2
400 9806 7
404 8626 2
415 8662 3
415 9168 1
415 9377 1
415 9419 4
415 8922 2
439 9456 19
455 9015 4
461 9098 1
461 9413 3
461 9233 30
489 8638 7
489 8727 2
489 9273 1
489 8628 1
489 9200 1
489 9913 1
502 9705 1
502 9402 1
502 9515 3
503 9874 1
503 9669 23
506 8951 1
516 9813 1
516 9602 2
516 9096 1
516 9478 2
516 9270 5
516 9907 1
516 9685 1
522 8686 1
522 9243 1
522 9298 1
522 8990 1
526 9162 1
526 8903 3
526 9906 1
527 9358 1
527 8997 1
527 9879 1
528 8773 1
528 9814 1
528 9274 1
554 9885 4
569 9595 1
569 9070 1
569 9854 3
571 8584 1
571 9689 10
571 8708 1
571 9106 200
571 9421 6
571 9681 2
571 9682 2
571 9058 2
571 9517 1
577 8715 1
577 8894 1
577 9005 1
577 9901 1
596 9889 1
596 9261 1
596 9860 1
596 8796 1
596 9233 1
599 9644 2
606 8742 2
606 9396 3
606 9423 1
606 9960 1
606 9494 3
606 9105 2
606 9722 3
606 9889 1
606 8627 1
606 8903 1
606 9023 1
606 9726 3
606 9968 3
606 9247 5
606 9439 1
606 8797 1
606 9583 1
611 8620 13
611 9968 2
612 8646 3
612 9966 2
629 9659 1
630 9635 1
630 9852 14
630 9110 2
630 9006 1
633 8672 1
663 8734 2
663 9307 4
663 9284 8
663 8584 1
681 9645 1
681 9431 1
681 8626 1
689 8776 5
703 9819 2
703 9077 2
703 9590 1
715 9695 2
715 9370 1
715 9229 1
717 9223 11
738 9185 5
738 8620 3
738 9476 1
741 9151 1
770 9742 1
770 9530 1
805 9097 1
805 8811 2
813 8746 1
813 9106 1
813 9352 1
813 9937 1
813 9794 1
815 8686 1
815 9511 5
815 8621 1
815 9520 7
815 9579 24
815 9646 3
825 8574 1
828 9108 1
828 9564 2
846 9266 4
846 8756 2
853 9935 1
853 8945 1
856 9560 1
857 8566 1
857 9140 1
866 9082 10
866 9931 6
866 9631 2
866 9313 2
866 8787 1
866 9608 1
866 9757 1
866 8572 3
906 8826 1
906 9252 2
908 9176 26
908 8688 1
908 8786 2
910 8657 1
910 9484 1
910 9224 1
910 9278 1
910 9167 1
929 9496 2
929 9753 2
942 9283 7
971 9414 1
971 9460 1
971 9927 9
989 9766 1
1013 9773 3
1013 9418 2
1013 9010 2
1017 9240 4
1043 9261 2
1043 9648 2
1045 8982 1
1045 9104 1
1045 8669 2
1045 8791 2
1045 9285 1
1051 8870 3
1051 9978 1
1051 8736 1
1051 9463 2
1051 8771 2
1051 8947 1
1058 8616 2
1058 8630 12
1060 8685 1
1060 9859 1
1060 9020 1
1060 9720 1
1060 9143 22
1071 8909 1
1071 8757 1
1071 9093 2
1071 9673 1
1080 8595 11
1080 9704 1
1087 9075 2
1087 9023 1
1088 9909 2
1088 8940 1
1088 9911 1
1143 9876 1
1143 8645 1
1143 8790 1
1143 9579 1
1143 8611 1
1143 9293 1
1143 9075 1
1147 9059 1
1147 8611 2
1147 9875 8
1199 9523 1
1199 9949 1
1199 8684 1
1199 9620 3
1240 9081 1
1240 8792 1
1250 9758 2
1250 9913 6
1250 9053 2
1250 9275 3
1250 9760 2
1250 9807 1
1264 9481 1
1264 9652 1
1269 9697 2
1269 8592 1
1269 8974 1
1269 9392 1
1276 9131 3
1276 9862 2
1292 9877 2
1292 9139 1
1292 9694 1
1292 9066 1
1292 8716 1
1304 9947 1
1304 8744 1
1304 8817 1
1304 9798 8
1313 9522 1
1313 9343 1
1313 8699 1
1313 8916 3
1313 9355 1
1326 8993 1
1326 9932 1
1356 9365 1
1356 8650 1
1356 9370 1
1356 8757 1
1356 9492 1
1356 9463 1
1356 9705 2
1356 9735 3
1359 9287 6
1359 9399 1
1359 9802 1
1374 9301 5
1374 9534 1
1374 9631 1
1375 9779 1
1375 9425 1
1378 8927 1
1378 9806 1
1378 9185 1
1378 9695 1
1378 8597 1
1378 8729 1
1380 9249 2
1380 9170 1
1387 8926 1
1387 9891 1
1387 9179 1
1387 9505 1
1419 9544 13
1419 9842 1
1429 9735 1
1429 9640 1
1429 9404 1
1429 9691 1
1429 9748 1
1429 9350 7
1429 9542 6
1430 9929 2
1430 8676 1
1430 8684 2
1436 8782 19
1436 9300 6
1436 9414 1
1436 9565 1
1449 9649 1
1449 9524 4
1467 9836 1
1467 9928 1
1467 9120 1
1467 9287 2
1467 9075 1
1473 9987 2
1474 8782 1
1474 9431 1
1474 9661 1
1474 9737 3
1513 9136 1
1514 8828 1
1514 9487 1
1514 8826 1
1514 9842 1
1514 9690 1
1543 9505 1
1567 8760 1
1567 8733 1
1571 8858 11
1576 9073 1
1576 9690 4
1576 8625 1
1600 8628 1
1600 8637 1
1600 9292 1
1600 9646 1
1600 9875 1
1600 9887 3
1600 9597 1
1600 9901 1
1600 9373 137
1607 9569 1
1607 9534 1
1607 8635 1
1607 8803 3
1607 9973 4
1607 8725 2
1607 8831 1
1607 9051 1
1607 9805 1
1607 9333 1
1607 9106 1
1607 8691 1
1607 8577 6
1621 8805 1
1621 9942 1
1621 9533 2
1636 8716 2
1636 9092 1
1653 9188 2
1653 9612 1
1653 9730 3
1674 9482 1
1681 8797 1
1681 8746 1
1681 9634 1
1681 8625 1
1681 9753 1
1681 9659 1
1688 8895 6
1688 9639 1
1695 9579 1
1720 8894 1
1720 9602 1
1763 8805 13
1763 9613 3
1763 9985 1
1774 9888 52
1774 9456 26
1774 9471 3
1774 9745 4
1783 8634 1
1783 8889 2
1783 9373 2
1783 9734 1
1783 9465 3
1799 8633 7
1799 9480 6
1799 9986 1
1799 9633 1
1826 9401 5
1826 9591 7
1826 9626 33
1829 8741 2
1829 9218 3
1829 8966 1
1829 8697 15
1854 9417 1
1854 9164 1
1854 9545 1
1854 9553 3
1854 9222 2
1858 8744 1
1858 9797 3
1871 9600 1
1871 9305 50
1871 9536 1
1871 9924 1
1872 9319 1
1872 9327 1
1872 9949 1
1872 9644 1
1876 9114 2
1876 9242 1
1876 9563 1
1884 9814 1
1884 8612 3
1884 8666 5
1910 8831 1
1910 9966 1
1910 8783 1
1910 9522 2
1910 9676 1
1915 8733 1
1915 9974 3
1915 9649 1
1916 8628 4
1916 9048 1
1916 9095 1
1916 9358 4
1926 9809 1
1926 8717 3
1956 9218 1
1956 9404 1
1956 9069 1
1956 9028 1
1970 8818 1
1970 9904 1
1975 9712 1
1975 8991 1
1975 8840 1
1995 9393 1
1995 9799 1
1995 9441 1
1995 9538 1
1995 8646 1
2007 9767 1
2007 9914 1
2007 9166 5
2009 9690 1
2009 9341 1
2030 8630 1
2030 9281 1
2038 8935 1
2038 8855 4
2038 9533 1
2038 8770 4
2038 8681 1
2038 9990 1
2046 9829 1
2046 9171 1
2052 9405 8
2072 9707 1
2072 9420 16
2072 9571 8
2072 8621 1
2072 9866 1
2072 8674 4
2072 9843 10
2072 8734 1
2072 8745 1
2072 9776 1
2072 9949 1
2081 9349 1
2087 8910 1
2087 9661 1
2091 8895 2
2091 8573 2
2091 8599 1
2091 8618 6
2091 8718 8
2104 9543 2
2104 9768 23
2107 9864 1
2107 9185 3
2115 9465 8
2115 8773 1
2115 9572 1
2154 9486 1
2154 9647 4
2154 9455 5
2154 8737 1
2154 9307 1
2154 8741 41
2176 9936 1
2182 9001 1
2182 9180 4
2182 9360 2
2182 9809 3
2182 9425 2
2182 9386 1
2182 8956 1
2182 9126 17
2190 8694 1
2190 8904 1
2247 9630 8
2247 9891 3
2247 8863 2
2247 8996 6
2247 9341 1
2247 8716 2
2247 9095 1
2247 9580 1
2247 9996 1
2264 8608 157
2264 9820 1
2264 9919 3
2275 9655 5
2284 9058 1
2284 9475 1
2284 9742 1
2284 9228 1
2284 9340 5
2306 8737 58
2306 9191 1
2306 8723 2
2306 9142 2
2310 9518 1
2310 9939 1
2335 9384 2
2346 8859 1
2346 9303 1
2346 8829 1
2354 8616 3
2354 9397 1
2354 9236 2
2354 9396 4
2354 9218 1
2357 8760 1
2357 9381 5
2357 8740 3
2357 9433 13
2357 8725 1
2357 9682 1
2365 8918 1
2365 9069 1
2365 9287 1
2366 9577 1
2366 9085 1
2366 9990 1
2366 9175 1
2366 9267 1
2366 8983 1
2368 8737 1
2368 9941 2
2368 9995 3
2368 9665 1
2370 9121 1
2370 9534 1
2370 8695 12
2370 8803 1
2370 9629 2
2370 9382 1
2370 9702 1
2372 9958 1
2391 9568 2
2391 9661 1
2391 9707 1
2391 9861 1
2391 9567 2
2392 9312 1
2392 9819 1
2406 9593 5
2408 9137 2
2408 8587 1
2408 8777 2
2408 8849 1
2415 8737 1
2421 9919 1
2431 8890 1
2452 9136 1
2452 9200 1
2452 9510 1
2473 9805 1
2492 9110 2
2492 9185 1
2492 8998 1
2492 9385 1
2492 8743 1
2492 9612 3
2492 9849 2
2499 9460 1
2499 9157 19
2499 9712 71
2499 9510 37
2499 8706 1
2499 9871 9
2505 8927 4
2505 8811 1
2538 9799 1
2538 8644 2
2547 9840 1
2547 9969 1
2547 9114 3
2547 9705 2
2547 9430 2
2547 9434 19
2564 8583 1
2564 9515 1
2564 9055 1
2564 9947 1
2564 9467 2
2570 9414 1
2570 8612 1
2570 8569 1
2570 8596 3
2572 8671 6
2572 8799 1
2572 9751 1
2572 8635 2
2596 8866 1
2596 8897 2
2596 9140 1
2596 9523 1
2599 9031 1
2599 9850 1
2599 8769 1
2599 8662 1
2599 9444 4
2599 9467 1
2599 9568 1
2600 8755 1
2601 8691 4
2601 9936 2
2601 8917 1
2601 9033 10
2617 9907 1
2617 9437 2
2619 9401 4
2619 8760 1
2620 9169 2
2620 9472 1
2620 9396 3
2620 8886 2
2620 9797 1
2620 9269 2
2620 9898 2
2620 9838 11
2621 9327 6
2621 8615 1
2621 9925 1
2639 9724 1
2639 9154 1
2639 9149 1
2639 8583 2
2663 8704 115
2663 9356 5
2664 8650 1
2664 8831 4
2664 9818 1
2664 9910 4
2664 9585 200
2674 8918 2
2674 8866 2
2678 9439 2
2678 9073 1
2678 9086 1
2678 9097 3
2721 9959 2
2721 9467 1
2721 8601 1
2721 8852 2
2721 9084 1
2721 8918 1
2721 9533 4
2721 9607 1
2722 9209 35
2724 9672 71
2724 9511 1
2724 9698 1
2730 8943 1
2730 8839 1
2739 9304 1
2739 9257 1
2739 9310 1
2746 9218 2
2746 8849 3
2746 9318 1
2746 9977 1
2762 9864 1
2762 9291 1
2762 9480 12
2762 9376 1
2762 9144 2
2762 9329 15
2780 9845 1
2792 9947 1
2792 8609 9
2792 9640 1
2815 9516 5
2815 9384 1
2815 9419 1
2815 9568 1
2815 9879 24
2815 9612 1
2815 9641 3
2815 9127 1
2815 9239 1
2815 9345 1
2815 9936 1
2833 8617 1
2833 8673 1
2833 8998 11
2833 8935 2
2837 8574 1
2837 9243 1
2837 9209 1
2837 9433 1
2844 8775 1
2856 9648 1
2856 9850 1
2856 9864 2
2856 9167 1
2858 9165 1
2858 8606 1
2858 9341 1
2858 9879 1
2858 9111 1
2858 9697 2
2858 9653 2
2860 9501 1
2860 8844 2
2893 8941 2
2893 9211 1
2893 9577 1
2918 8604 3
2918 9693 2
2918 9490 1
2918 8979 1
2918 9297 1
2918 8792 5
2918 8845 1
2918 9418 1
2919 9124 1
2919 9129 5
2919 9187 1
2929 9359 1
2929 8673 2
2929 9568 2
2936 9159 2
2936 8633 1
2936 9635 1
2945 9001 1
2945 9405 2
2945 8730 1
2945 9747 1
2979 8601 1
2979 8998 1
2980 8849 3
3010 9372 1
3010 9261 1
3010 8658 1
3010 9559 1
3020 8233 2
3020 9697 1
3020 8718 1
3020 9521 8
3020 8964 2
3028 9307 1
3028 8718 1
3028 9047 4
3034 9655 2
3034 9068 8
3051 9066 4
3051 9074 1
3051 8616 5
3051 9722 6
3075 9707 1
3075 9291 3
3075 8760 6
3075 9848 2
3075 9241 1
3075 9440 4
3080 8941 2
3080 9452 90
3084 8849 2
3084 9170 3
3084 9072 1
3089 8727 1
3089 9014 1
3089 9805 1
3089 9928 1
3095 9834 1
3095 9545 1
3095 9708 1
3095 8805 1
3121 8945 2
3121 9498 1
3121 9809 1
3121 9359 45
3123 9123 1
3123 9494 8
3123 8974 1
3123 9655 1
3123 9827 1
3123 9889 2
3123 9726 7
3123 9204 13
3128 9200 30
3128 9613 3
3128 9692 1
3134 9611 1
3143 9564 1
3143 8972 4
3182 9838 2
3182 9219 1
3185 8881 3
3185 8996 1
3185 9492 1
3202 9381 15
3202 9326 1
3202 9564 2
3210 9756 2
3210 8826 1
3210 9561 1
3210 9715 2
3215 9909 12
3215 9273 1
3215 9763 1
3215 9782 13
3236 9448 1
3236 9515 1
3236 9647 1
3236 8818 2
3255 8975 1
3255 8815 5
3255 9137 5
3269 8738 1
3269 8839 4
3269 9866 8
3269 8772 2
3269 9159 1
3269 9244 1
3269 9537 1
3275 9900 9
3275 9233 2
3275 8785 1
3275 9014 7
3318 8669 2
3318 9483 2
3318 9808 1
3318 9897 3
3320 8962 1
3320 8880 1
3320 9266 1
3320 9694 1
3325 9314 1
3325 9419 1
3325 8888 3
3342 9393 1
3342 9469 1
3342 9891 1
3348 8812 4
3348 9624 2
3348 9699 1
3348 9398 7
3349 9152 2
3353 8965 43
3353 8729 2
3387 8856 1
3387 8831 1
3390 8933 1
3390 8622 2
3390 8812 1
3390 8580 1
3390 8769 4
3390 9420 1
3390 9855 3
3390 9963 4
3395 9836 2
3395 8909 1
3395 9885 5
3417 9982 7
3417 8902 20
3417 8712 1
3430 8859 1
3436 8676 1
3436 9485 1
3436 9734 3
3436 9912 1
3447 9051 1
3447 9639 1
3447 8790 5
3447 9703 1
3447 9810 1
3453 9647 2
3453 9392 2
3453 9522 1
3453 8634 2
3453 8635 1
3453 9025 2
3453 9356 2
3453 9015 1
3454 9031 1
3454 9644 1
3454 9187 1
3454 8659 1
3461 9070 1
3461 9379 4
3470 8845 2
3474 9303 5
3474 8705 5
3474 8903 17
3480 9715 3
3480 8620 5
3480 9080 1
3481 9572 1
3501 9260 1
3501 8573 9
3501 8663 1
3501 8800 1
3511 8958 1
3511 9332 3
3511 9742 1
3528 9310 1
3528 9345 1
3528 8972 1
3528 8956 13
3528 9818 1
3528 9419 11
3528 9619 2
3528 9764 3
3528 9862 1
3529 9490 1
3529 8916 2
3550 9883 43
3550 9911 8
3550 9959 1
3550 8988 46
3550 9245 1
3550 8669 1
3550 9277 1
3550 9608 2
3552 8658 4
3557 9153 1
3557 9162 1
3557 9732 3
3557 8829 7
3557 8618 4
3557 8776 7
3557 9738 1
3557 9929 1
3563 9139 1
3563 9632 3
3572 8761 2
3572 9698 48
3572 9551 20
3580 8771 13
3580 9219 1
3580 8927 1
3593 9979 1
3596 9455 1
3596 9624 1
3596 9652 1
3596 8754 1
3596 9303 1
3596 9438 3
3596 9665 1
3605 9098 1
3605 8943 1
3623 9153 2
3623 8797 1
3623 8995 1
3623 9427 1
3623 9115 2
3623 9159 1
3623 9306 1
3626 9424 1
3626 9278 14
3626 9088 1
3626 9657 3
3644 9652 110
3644 8746 2
3644 9767 4
3644 9205 1
3644 9900 4
3649 8592 4
3649 8782 3
3661 9640 32
3661 9433 1
3661 8961 1
3674 8963 1
3674 9307 4
3679 8755 19
3679 9977 1
3679 9897 1
3688 8907 2
3688 9263 7
3688 9642 2
3699 9592 1
3699 8915 2
3699 9116 2
3709 8668 1
3709 8967 2
3709 9878 2
3709 9095 3
3709 9242 3
3720 9725 1
3720 9454 8
3720 8864 2
3762 9941 1
3781 8570 1
3791 9421 1
3791 8993 1
3791 8916 2
3791 8893 1
3791 9701 3
3791 9717 1
3797 9109 1
3797 8937 1
3797 8940 2
3814 8881 1
3814 9498 1
3814 9714 1
3835 9530 1
3835 8595 3
3835 8610 1
3835 9020 1
3835 8606 1
3835 9291 1
3835 9836 1
3838 9434 8
3838 9708 1
3838 8990 1
3838 9068 2
3857 9483 3
3857 9537 1
3857 9217 1
3857 9658 1
3857 8716 1
3857 9822 2
3857 9250 2
3859 8638 2
3859 8865 1
3859 9187 13
3859 8715 6
3859 8915 1
3861 9531 1
3863 9523 1
3863 8855 1
3866 8684 1
3866 9600 2
3866 9788 1
3866 9752 1
3866 9813 2
3866 9191 1
3873 8732 1
3873 8680 1
3873 9600 2
3886 8604 1
3886 9441 5
3886 9001 1
3890 9922 1
3890 9396 4
3890 9191 1
3890 9250 2
3890 8825 1
3893 9261 1
3893 8796 19
3893 8745 2
3893 9419 2
3893 8948 1
3893 9655 1
3893 9847 2
3894 9271 1
3894 8956 7
3894 8948 1
3894 8954 1
3894 9818 1
3902 9262 1
3904 9618 12
3904 9806 1
3904 9414 1
3904 9577 1
3904 9207 1
3904 8732 1
3905 8587 1
3905 9874 4
3911 8920 3
3911 8570 1
3911 9604 1
3911 9694 1
3911 8589 2
3917 9354 1
3917 8988 2
3946 8920 3
3946 8845 2
3946 9024 2
3964 8835 1
3964 8873 2
3975 9939 1
3975 9517 3
3991 9210 1
3991 9318 1
3991 9642 1
3991 8639 1
3991 9338 1
3991 8963 1
3991 9618 1
3999 9303 1
3999 9881 2
3999 9048 2
3999 9372 3
4052 8978 1
4052 9427 2
4059 8791 1
4059 9399 16
4059 9611 1
4059 9395 2
4059 9086 1
4059 9829 1
4059 9102 1
4059 9494 1
4059 9559 59
4078 9193 1
4081 8965 1
4081 9204 3
4081 9137 3
4081 8999 27
4081 8783 2
4081 9160 1
4081 9192 4
4081 9914 20
4082 8866 2
4082 8934 2
4104 8805 26
4124 9098 1
4124 8671 12
4124 9908 1
4125 9545 1
4125 8786 1
4125 8805 1
4125 9293 1
4125 9891 1
4127 9027 4
4127 8834 1
4127 9213 1
4127 8905 4
4127 9593 1
4131 9451 10
4131 9347 113
4131 9313 1
4133 9683 22
4133 9278 8
4143 8886 1
4143 8800 1
4145 9209 4
4167 8874 11
4179 8786 1
4179 9757 1
4179 8798 1
4179 9160 7
4206 8890 1
4206 9937 21
4206 9136 2
4206 9218 1
4206 9485 1
4206 9818 1
4206 9082 2
4210 9572 2
4210 9418 7
4239 9329 3
4239 8641 1
4239 9913 2
4239 8912 4
4239 9256 1
4239 9444 8
4239 9592 1
4292 9779 6
4292 9674 2
4292 8767 1
4299 8622 3
4300 9008 1
4300 9423 3
4300 8627 2
4300 9349 1
4300 9397 29
4300 9477 1
4300 9410 1
4300 9824 1
4300 9697 2
4300 9892 1
4300 9939 2
4329 8967 1
4329 9163 1
4329 9484 2
4345 9963 1
4345 9734 2
4345 8704 2
4345 9044 1
4345 9487 1
4346 9617 46
4346 8777 1
4346 8933 1
4348 9561 1
4348 9940 5
4348 8825 13
4348 8824 2
4348 9920 2
4359 8594 2
4363 9813 1
4368 9188 3
4368 9969 4
4368 8996 1
4368 9120 1
4383 8641 5
4383 8856 1
4383 9108 1
4383 9679 1
4383 9950 1
4386 9787 1
4391 9572 5
4391 9432 5
4391 9007 1
4391 9117 2
4391 9787 1
4395 9617 1
4395 9957 3
4395 8659 1
4395 9600 1
4395 8866 1
4395 8809 2
4398 9816 1
4402 8855 13
4402 9959 1
4425 9622 1
4425 9087 17
4425 8995 1
4425 9484 10
4434 8712 1
4434 8617 1
4434 9255 1
4434 9333 1
4439 9304 1
4439 8815 1
4439 9709 1
4464 8641 1
4464 9204 1
4464 8585 1
4464 8879 10
4464 9927 1
4464 9931 15
4496 9776 1
4503 8877 3
4503 9759 5
4503 8589 2
4503 8687 17
4503 9952 1
4514 9798 1
4514 8867 2
4538 9228 1
4568 9600 1
4568 8706 1
4568 9232 5
4580 8606 1
4580 9006 6
4580 9176 1
4580 9855 1
4580 9604 4
4580 9749 1
4580 8610 2
4586 9787 1
4586 8948 1
4586 9748 1
4586 9000 1
4586 9737 1
4586 9871 1
4586 8888 1
4586 9193 22
4594 8654 1
4594 9826 107
4594 8642 1
4600 9789 53
4600 9766 1
4622 9597 1
4622 9633 1
4622 9529 1
4622 9792 1
4636 9266 1
4636 9119 1
4636 9883 1
4636 9074 1
4636 8746 2
4636 8839 1
4636 9044 1
4647 9286 1
4647 8661 1
4647 9725 1
4647 9809 2
4658 9037 1
4658 9439 1
4658 9623 2
4658 9266 5
4676 9002 4
4676 9430 3
4676 8644 2
4676 9236 1
4707 8922 4
4707 8638 1
4707 9483 2
4707 9598 2
4714 9113 9
4714 9224 1
4714 9385 12
4716 8712 2
4716 9630 1
4716 9784 1
4727 9567 1
4730 9153 1
4730 8722 1
4730 9827 1
4738 9510 29
4738 8639 1
4738 9151 1
4755 9097 1
4773 9597 1
4775 8617 2
4775 9884 1
4778 9579 1
4778 9667 3
4778 9637 2
4778 8763 2
4778 9908 2
4780 9242 1
4780 9147 3
4780 9116 1
4796 9421 1
4796 9168 1
4796 8572 7
4796 9037 1
4796 9201 1
4796 9717 1
4796 9308 1
4796 9460 1
4799 9531 1
4801 8839 1
4801 8785 1
4801 8788 1
4801 9441 1
4805 9136 2
4805 9841 6
4805 9803 1
4809 9726 1
4809 9162 2
4809 8671 11
4809 9058 3
4818 8905 1
4818 9352 1
4865 9665 1
4865 9634 3
4865 9224 2
4868 9283 1
4868 8727 1
4868 9856 2
4868 8879 1
4868 9252 1
4868 9422 7
4881 9766 4
4892 8725 1
4892 9826 6
4892 9850 1
4892 9131 1
4892 9947 2
4902 9800 1
4902 9070 2
4902 9971 1
4907 8673 1
4907 8681 10
4907 9299 1
4907 9338 1
4908 9952 3
4908 9577 45
4908 8879 68
4910 9487 8
4910 8958 2
4910 9596 1
4933 9607 15
4934 9922 7
4955 8668 1
4955 9866 1
4955 8708 1
4955 9209 38
4959 8967 4
4959 9741 1
4959 9107 12
4959 9483 1
4959 9954 9
4959 8876 2
4959 9633 3
4959 9102 3
4959 9549 11
4959 9864 1
4970 8990 2
4970 9052 9
4986 9928 1
4986 8680 2
4986 9679 1
4986 9961 1
4996 8604 3
4996 8729 1
4996 8863 2
4996 9583 1
4996 9634 6
4996 8674 1
4996 9993 1
5015 9349 1
5015 9175 1
5015 8787 1
5015 9425 1
5017 9273 2
5017 9971 1
5017 9980 1
5017 8939 1
5027 9676 1
5027 9343 3
5096 9193 6
5096 9759 1
5096 8566 2
5096 9720 26
5096 9163 1
5096 9464 1
5096 9494 11
5096 9559 1
5096 9585 1
5096 8792 1
5096 8973 2
5100 9243 1
5100 9958 1
5100 9875 3
5100 9405 1
5103 9382 1
5103 8663 1
5103 9383 1
5103 9898 1
5103 9641 1
5103 8597 11
5103 8788 1
5107 8737 1
5107 8685 5
5107 9232 1
5107 9143 2
5107 9008 1
5107 8652 8
5107 9482 1
5113 9410 1
5113 9210 3
5122 9932 11
5122 8980 40
5122 9430 1
5127 8709 6
5127 9475 1
5127 9478 1
5127 9822 1
5130 8948 1
5130 8949 1
5130 9310 2
5140 8933 1
5140 8685 11
5145 9150 16
5145 9808 1
5146 8735 21
5146 9260 1
5146 8966 1
5146 9053 1
5146 9150 2
5146 9268 1
5164 9021 2
5177 9094 4
5187 9998 2
5190 9300 2
5190 9599 3
5190 9294 1
5190 8666 5
5190 8694 1
5190 8701 1
5190 8587 1
5200 9422 1
5200 9995 1
5200 8921 3
5200 9245 1
5200 9578 1
5249 8740 2
5249 9709 2
5249 9701 1
5249 9216 5
5249 9255 1
5250 9936 2
5250 9596 13
5250 9598 1
5250 9222 1
5250 9367 1
5250 8923 1
5250 9104 1
5250 9393 1
5253 8717 1
5253 9863 5
5253 8923 3
5253 9074 2
5253 8922 47
5253 9337 1
5258 9381 4
5258 8585 12
5258 8780 1
5260 9523 16
5260 9185 2
5270 9167 3
5270 9065 1
5270 9978 1
5289 9878 1
5289 9340 1
5289 9889 2
5289 9538 1
5291 9420 1
5291 9510 1
5291 8567 1
5291 9297 1
5291 9455 1
5294 9183 3
5294 9990 3
5294 9647 1
5294 9852 1
5294 9966 4
5294 8589 1
5294 9977 8
5294 9773 1
5296 9803 3
5296 8777 1
5298 9294 1
5298 9503 2
5298 8856 1
5298 9647 1
5298 9866 1
5302 9314 32
5337 9211 2
5337 8614 6
5365 8998 2
5365 9475 1
5365 9639 3
5365 9679 1
5365 9448 3
5365 9983 1
5365 8871 2
5379 9216 1
5379 9983 2
5384 9226 1
5384 8779 1
5384 9312 3
5384 9461 1
5403 8569 1
5403 8894 1
5403 9434 3
5403 9055 1
5406 9249 1
5442 9338 1
5442 9688 17
5490 9968 1
5496 9365 1
5496 9163 1
5497 9568 16
5497 8799 3
5497 8637 4
5497 8641 1
5511 9308 1
5511 9273 1
5511 9780 5
5513 9694 1
5513 9963 19
5513 8628 2
5513 9875 2
5513 9895 1
5513 9738 2
5513 8834 1
5513 8962 1
5513 9409 1
5513 9482 3
5513 9631 65
5550 8994 3
5550 9203 1
5550 9352 3
5550 9515 4
5550 9210 10
5550 9747 9
5550 9617 1
5562 9319 1
5562 9950 1
5562 8646 7
5562 9242 1
5562 8864 11
5562 8961 1
5562 8880 4
5562 9980 1
5563 8666 5
5563 8840 1
5563 8923 11
5563 9683 2
5563 9764 21
5563 9800 6
5593 8978 1
5593 9294 7
5593 9354 2
5593 9632 1
5593 8828 2
5593 9776 1
5593 9085 10
5593 9179 1
5600 9524 1
5606 8828 2
5606 9171 1
5606 9294 1
5606 9027 2
5606 9854 8
5630 9073 200
5630 9147 1
5630 8614 2
5630 8893 5
5632 9051 13
5632 9725 1
5632 9936 1
5632 9566 1
5632 8729 3
5632 9884 1
5632 8863 1
5643 8644 1
5643 9386 2
5648 9433 14
5649 8672 1
5649 9087 1
5660 8767 1
5660 9540 1
5662 8842 1
5662 8779 3
5662 9236 1
5662 8873 1
5662 9819 1
5681 9408 1
5681 9356 1
5681 9092 2
5681 9350 1
5681 9788 1
5685 9000 1
5685 9437 1
5685 9619 2
5685 8625 2
5685 9667 11
5687 8688 1
5687 9060 1
5687 9052 1
5688 9704 1
5688 8585 1
5688 8774 2
5688 9305 2
5688 9514 1
5688 9476 2
5688 8588 1
5688 9772 3
5704 9359 1
5704 9912 1
5704 9240 1
5704 9885 43
5724 8728 1
5724 9000 1
5724 9199 18
5732 9261 1
5736 9069 1
5736 9960 1
5736 9117 1
5755 9614 2
5755 8772 1
5755 9477 15
5760 8639 1
5760 9602 1
5760 8724 1
5760 8830 1
5760 9739 2
5780 8573 1
5780 9861 1
5780 8733 2
5791 9104 1
5791 9293 6
5791 8744 3
5791 9932 1
5794 9160 1
5794 8738 2
5794 8803 2
5794 9870 3
5794 8799 5
5794 9700 1
5825 8916 1
5825 8935 1
5825 9496 1
5825 9549 1
5825 8773 1
5849 9297 8
5849 9511 4
5849 8636 3
5849 8648 1
5849 9007 1
5854 8972 1
5854 9692 1
5859 8990 1
5859 9131 1
5859 9009 20
5859 9684 1
5859 8980 1
5859 9451 1
5859 9987 1
5859 9652 1
5859 8652 2
5865 9563 1
5865 9877 1
5871 8956 1
5871 8616 14
5871 9616 1
5871 9937 1
5879 9180 1
5879 9244 1
5891 9160 1
5891 9887 1
5913 9153 2
5913 8669 2
5913 9319 5
5913 8982 1
5913 9303 1
5916 8979 1
5916 9971 1
5916 9517 2
5917 9632 4
5917 8812 1
5917 8833 18
5927 9187 1
5927 9794 2
5927 9186 1
5928 9037 4
5928 9657 1
5928 9750 1
5928 8774 2
5928 9175 4
5937 8596 1
5937 9712 46
5937 9023 1
5954 9202 1
5960 9684 2
5974 9323 1
5974 8744 1
5984 9703 2
5994 8570 1
5994 9614 1
5994 9821 1
5996 9310 2
5996 9541 1
5996 9648 1
5996 9884 1
5996 8638 1
5996 9264 17
6006 8826 1
6006 9191 1
6026 9047 3
6026 8639 1
6026 9452 17
6032 8576 1
6032 8859 2
6032 8889 1
6039 9900 2
6039 9687 1
6039 8688 1
6051 9043 1
6051 9065 2
6056 9931 2
6056 9235 1
6056 9951 1
6056 9862 1
6056 9617 200
6056 8878 1
6056 9268 1
6056 8784 1
6056 9096 1
6059 8570 1
6059 9235 1
6059 9672 7
6059 9826 2
6073 9821 1
6073 9416 1
6073 8847 1
6073 8888 1
6073 9213 37
6073 9464 3
6073 8654 1
6073 9121 1
6073 9264 3
6075 8705 1
6075 8695 2
6075 9091 1
6082 9442 1
6082 9192 8
6085 8871 4
6085 9813 1
6088 8831 1
6088 9883 2
6095 8825 1
6095 9926 3
6095 9241 1
6095 8611 4
6095 8740 10
6108 8826 1
6108 9900 1
6108 9221 1
6115 9110 2
6117 8840 1
6117 9795 1
6117 9820 6
6118 8831 1
6118 9583 1
6118 9669 2
6118 8877 1
6123 9442 4
6139 9510 2
6139 9240 2
6142 9578 1
6142 9350 1
6142 8798 2
6142 8881 1
6142 9072 1
6142 9157 1
6142 9780 2
6142 9454 59
6153 8894 2
6153 8663 109
6153 9757 2
6153 9057 4
6153 9514 1
6162 9121 1
6162 9074 2
6167 9441 3
6167 9196 1
6169 9952 4
6169 9305 2
6177 9878 5
6177 9059 1
6187 9432 1
6187 8840 1
6187 9666 1
6203 9150 3
6203 8880 1
6203 9283 3
6203 9313 6
6203 9694 4
6204 9263 2
6204 9696 1
6204 9616 1
6208 8754 1
6208 9561 2
6208 8763 1
6208 9130 1
6209 8756 3
6209 8930 1
6209 8579 2
6209 8713 1
6209 9617 25
6209 9315 1
6226 9998 10
6226 9080 1
6226 9196 3
6269 9388 1
6292 9928 1
6305 8897 1
6305 9101 1
6305 9326 1
6305 8949 2
6305 9120 1
6305 9039 3
6305 9001 1
6305 9021 1
6311 8939 1
6311 9262 2
6311 9307 1
6311 8806 2
6326 9224 1
6326 9741 4
6355 9895 2
6380 8914 4
6380 9057 3
6380 9904 1
6380 9144 1
6380 8796 1
6380 9019 1
6380 8601 2
6380 9893 3
6381 9573 1
6381 9008 1
6384 8922 1
6384 9167 1
6384 9931 1
6384 8742 1
6384 8948 13
6397 8945 2
6397 8770 1
6429 8999 1
6429 9217 2
6429 9124 1
6429 9028 3
6429 9165 2
6429 9756 5
6429 9048 1
6429 9123 16
6429 9910 1
6429 9951 4
6438 8713 1
6438 8917 1
6438 9782 1
6438 8594 2
6438 9708 2
6450 9251 1
6450 9167 1
6450 9623 1
6452 8612 1
6452 9416 1
6468 9816 1
6468 9070 1
6468 9427 1
6468 9215 1
6468 8993 1
6482 8730 1
6482 9163 1
6482 9211 5
6482 9221 15
6482 9726 2
6482 9803 1
6482 9294 1
6485 9966 1
6485 9404 1
6494 8606 12
6494 9797 1
6494 9274 3
6494 9661 1
6494 9367 2
6494 9560 1
6501 9010 1
6501 9398 27
6501 9053 2
6501 9165 1
6501 9876 1
6510 8580 1
6510 9254 1
6516 9748 19
6516 9419 2
6516 8725 2
6516 9371 1
6516 9926 3
6548 8845 1
6548 8628 1
6548 9854 1
6548 9998 1
6548 9003 5
6550 9395 2
6558 9672 1
6558 8680 1
6558 8907 1
6558 8937 21
6558 8708 1
6570 9414 1
6570 9224 1
6570 8858 3
6570 9151 2
6570 9609 1
6574 8718 2
6574 9356 1
6574 8974 1
6574 9092 1
6574 8723 1
6574 8806 1
6574 9409 1
6574 9520 1
6574 9232 4
6574 9421 1
6578 9215 1
6578 8569 1
6578 9180 4
6578 9314 1
6611 9270 1
6612 9883 2
6612 9843 2
6612 8767 1
6612 9160 4
6612 9531 6
6612 8595 3
6614 9123 6
6614 9454 1
6614 9911 1
6614 9770 1
6614 8842 1
6614 9318 3
6614 9907 1
6618 8672 1
6631 9372 8
6631 8630 2
6631 8757 1
6631 9995 3
6631 8701 2
6631 8903 2
6631 8608 1
6631 9105 2
6631 9522 3
6631 9758 1
6635 9448 1
6635 9689 8
6635 8833 2
6635 9748 8
6635 8772 1
6648 8917 1
6648 8980 1
6648 9898 1
6648 9651 1
6648 9789 2
6655 9014 1
6655 9583 1
6655 9693 1
6655 9531 3
6662 9602 10
6662 9822 1
6662 8867 1
6662 9173 1
6662 9735 3
6668 9095 2
6668 8666 1
6669 8776 1
6669 9228 1
6669 9007 4
6672 9150 1
6672 9879 1
6672 8869 7
6675 8815 1
6702 9615 2
6702 8790 2
6702 8785 1
6702 9759 3
6724 9608 2
6724 9995 1
6724 9052 2
6724 9629 3
6731 9704 1
6731 9645 4
6731 9949 2
6731 8897 18
6731 9320 1
6735 8914 1
6747 8635 3
6747 9488 1
6747 8886 1
6747 9604 1
6757 9814 101
6757 8686 2
6774 8983 1
6774 8744 1
6774 8611 1
6774 9210 1
6774 9306 2
6774 9359 1
6774 9978 3
6774 9820 38
6774 9384 2
6774 9327 1
6774 9830 3
6786 8754 1
6797 9205 1
6797 9696 1
6797 9867 1
6825 9982 1
6825 8662 5
6831 9268 1
6831 9041 1
6831 9786 2
6831 8826 1
6831 9106 1
6833 9196 1
6833 8804 1
6833 9373 9
6833 9010 4
6833 9979 1
6835 8664 1
6835 9186 4
6849 9939 28
6849 9887 1
6849 9315 1
6849 9609 2
6849 9616 1
6849 9241 1
6858 8754 2
6858 9592 1
6858 9245 1
6858 9292 2
6876 8876 1
6876 9012 1
6876 9389 2
6892 9998 4
6892 8879 8
6892 9260 8
6892 8606 4
6892 8634 1
6892 9108 7
6892 9259 1
6914 8864 1
6914 9296 1
6914 9126 1
6914 9152 2
6914 8975 2
6924 9622 2
6924 9131 1
6924 9299 1
6924 9807 3
6924 9043 1
6940 9555 1
6943 9948 1
6943 8799 1
6943 8930 6
6958 8847 2
6958 9372 1
6958 9486 2
6958 9569 3
6962 9516 1
6962 9294 3
6962 9533 9
6962 8693 1
6965 9454 14
6965 9060 1
6965 9165 3
6965 9654 12
6972 9946 1
6979 9631 1
6979 8926 1
6979 9692 1
6979 8813 1
6979 9036 1
6984 9990 8
6984 9170 1
6984 8852 1
6989 8572 1
6989 8672 2
6989 9297 1
6989 8688 1
6989 9243 2
6989 8594 3
6989 9178 81
6989 9911 1
7016 9751 2
7016 8694 1
7033 9127 1
7033 8962 1
7033 8988 12
7065 8635 1
7065 9217 4
7080 9673 1
7080 9745 1
7080 8628 1
7080 8696 1
7080 9339 6
7125 9247 1
7125 8686 9
7125 9498 1
7135 8815 3
7135 9298 9
7135 9954 2
7153 9117 1
7153 9544 5
7153 8735 1
7153 8743 2
7153 8989 2
7153 9757 2
7166 9124 3
7166 9085 1
7166 9193 1
7166 9268 35
7166 9784 1
7166 9986 1
7176 9123 2
7176 9689 3
7176 9756 1
7176 9985 1
7204 9624 2
7204 9830 2
7204 8865 4
7204 9130 1
7204 9883 1
7204 9969 2
7223 9820 1
7223 9226 1
7223 9311 1
7223 9271 24
7232 9590 1
7232 9976 1
7238 9674 4
7243 9147 1
7243 9024 9
7243 9396 1
7243 9490 1
7246 9693 22
7246 9094 1
7278 9320 1
7278 9629 1
7278 9901 1
7278 9789 2
7278 9178 1
7278 9635 1
7299 9044 1
7310 8948 1
7310 9561 2
7310 8963 2
7310 9285 2
7310 9249 1
7310 9591 1
7313 9427 5
7313 8691 11
7313 9308 2
7313 9642 1
7313 9926 2
7313 9798 8
7316 8601 2
7316 8903 1
7316 9868 1
7316 8749 13
7316 9784 1
7316 9514 1
7316 9728 1
7316 8937 1
7319 9480 1
7319 9996 16
7323 9806 1
7323 8651 2
7323 9408 5
7323 8634 1
7330 9767 1
7330 9022 1
7330 9084 1
7330 9942 1
7342 9494 1
7367 9204 2
7385 9616 1
7385 9881 1
7385 9365 7
7385 9539 1
7385 9409 1
7385 9511 2
7397 9646 2
7397 9566 1
7397 8737 4
7397 9713 1
7397 9867 1
7397 9457 1
7416 8972 1
7416 8881 1
7424 8883 1
7424 8625 53
7424 8775 1
7425 8772 1
7425 9142 1
7425 9779 2
7425 9620 1
7443 8806 1
7443 9012 1
7443 9295 2
7443 9395 8
7443 9149 3
7443 9269 190
7443 9105 2
7444 9868 1
7444 8838 1
7444 9935 2
7444 8904 70
7444 9370 1
7444 9411 5
7444 9830 1
7479 9295 1
7479 8579 7
7480 9667 22
7480 8848 1
7480 9226 2
7480 9275 3
7480 9728 1
7485 9599 23
7485 9874 2
7485 8694 1
7485 9399 1
7485 9410 2
7494 8926 2
7494 9901 1
7494 8577 2
7494 8712 41
7499 9653 1
7499 9448 34
7502 9354 1
7502 9139 1
7502 9712 1
7504 9448 1
7504 9211 1
7504 9518 2
7504 9789 1
7504 9799 1
7514 9367 1
7514 8676 13
7514 8979 1
7525 9536 2
7525 8828 1
7525 9867 11
7525 9405 1
7525 8817 1
7525 9912 3
7525 9521 1
7531 9520 1
7531 9143 1
7531 9154 1
7531 8740 1
7570 9900 1
7587 8904 2
7587 9249 1
7596 9313 2
7596 8772 1
7596 8658 1
7596 9631 1
7596 9012 1
7596 8782 1
7596 9025 1
7596 9490 1
7623 8746 1
7623 9094 1
7626 9373 2
7626 9261 5
7626 8704 1
7628 9213 1
7628 9677 3
7628 9814 1
7636 9306 28
7638 8774 4
7638 8761 3
7638 9724 3
7640 9753 3
7640 8784 1
7666 8691 1
7666 8786 1
7666 9093 1
7666 9178 1
7666 9319 1
7666 9677 1
7666 8637 1
7666 8937 1
7666 8697 2
7666 9039 3
7670 8855 1
7670 9686 1
7670 9841 8
7673 8761 1
7673 8723 1
7681 9895 2
7681 8742 1
7681 8898 1
7694 8881 1
7694 8949 5
7694 8663 1
7694 8774 1
7694 9942 1
7694 9516 1
7709 9959 1
7709 9260 1
7720 9081 3
7720 9300 1
7720 8956 2
7720 9516 1
7728 8757 1
7728 9032 1
7728 9646 1
7728 9836 1
7742 8769 2
7742 9243 3
7742 9707 2
7746 9351 1
7746 9845 1
7747 9821 1
7747 9968 4
7750 9301 12
7750 9619 9
7750 8862 1
7750 9416 2
7750 9985 1
7750 8642 9
7750 8749 9
7750 8995 1
7750 9611 9
7752 8783 1
7752 9597 2
7752 9715 1
7752 9840 1
7752 8672 1
7752 9109 60
7771 9224 1
7771 9849 32
7771 8866 1
7771 9799 11
7771 8612 1
7771 9025 1
7771 8920 2
7774 9438 1
7774 9211 1
7774 9423 1
7774 9867 2
7778 9942 3
7778 9841 3
7778 8728 1
7778 9990 2
7778 8838 1
7778 9123 1
7778 9473 1
7781 8746 1
7784 9116 10
7784 9153 3
7784 9466 4
7784 8668 1
7784 9442 4
7798 9000 2
7808 8934 1
7828 9889 1
7828 8874 3
7828 9592 7
7828 8815 6
7828 9983 3
7831 8799 1
7831 9940 1
7831 9018 1
7831 9072 1
7831 9147 1
7831 9599 2
7837 8671 3
7837 9002 19
7837 9166 1
7837 9768 1
7838 9766 3
7838 8923 1
7838 9925 7
7838 8738 1
7838 9229 1
7838 9319 1
7854 9958 1
7854 9908 1
7854 8658 1
7871 9188 1
7871 9715 1
7889 9994 1
7889 8728 1
7889 8982 38
7889 8615 1
7909 9779 1
7909 8883 1
7909 9003 1
7909 9083 1
7909 9571 1
7913 8615 1
7913 9404 1
7913 9323 4
7913 9928 4
7913 9076 1
7913 9199 1
7913 9913 14
7915 9747 8
7915 9256 1
7915 9756 1
7917 9455 7
7917 8630 1
7917 9772 1
7917 9516 1
7917 8767 1
7917 9524 3
7919 9498 1
7966 8664 10
7966 8727 1
7966 9438 3
7966 9760 1
7966 9898 1
7970 9142 1
7970 8802 1
7972 9337 1
7972 9862 3
7972 9104 1
7972 8840 1
7972 9162 1
7972 9881 1
7982 9127 3
7982 8749 8
7996 9724 1
7996 9529 2
7996 9423 4
7996 9119 1
8010 9694 1
8010 8824 1
8010 9651 1
8010 9006 4
8019 9024 1
8019 9730 1
8019 9297 1
8019 8838 3
8019 9371 6
8019 8620 1
8019 9848 5
8019 9593 4
8019 9485 1
8019 9874 3
8019 9076 1
8019 9537 1
8026 8607 1
8026 9066 1
8026 9293 1
8026 9529 87
8026 9802 1
8026 9889 1
8041 9681 5
8045 9121 1
8045 9439 1
8065 8912 1
8065 8930 5
8065 9505 1
8065 9597 1
8065 9693 2
8088 9599 1
8088 8669 1
8088 9005 2
8088 9150 1
8098 9014 60
8102 9488 3
8109 8651 1
8109 9201 1
8109 9410 1
8109 8862 1
8109 9540 1
8109 9466 4
8161 9918 3
8161 9009 1
8161 9157 2
8161 9614 3
8166 9221 4
8166 9351 1
8166 8903 1
8166 9551 1
8166 9753 1
8166 9821 1
8166 9217 33
8166 9657 7
8166 8596 1
8166 9767 16
8188 9752 2
8188 9101 2
8188 8612 1
8188 9039 3
8188 8736 4
8188 9262 1
8188 9553 1
8200 9094 1
8200 9503 2
8200 9281 10
8200 8756 1
8200 9695 1
8202 9469 2
8202 9217 1
8202 9840 1
8202 8783 19
8202 8667 1
8202 9484 1
8202 9392 1
8206 9741 2
8206 9109 3
8208 8671 1
8208 9022 4
8210 9539 1
8210 9267 3
8210 9856 2
8228 9210 15
8233 9379 1
8233 9031 1
8243 9926 1
8243 8777 1
8243 8566 3
8243 9259 1
8243 9843 2
8248 8567 2
8248 9493 2
8248 9720 1
8257 8745 1
8257 8980 1
8270 9393 1
8270 9103 2
8270 9984 2
8270 9051 1
8270 9633 1
8279 9088 2
8279 9770 1
8290 9946 1
8290 8583 2
8290 9956 2
8290 9281 1
8290 9816 1
8301 9424 2
8301 9724 1
8305 9983 1
8305 8607 2
8305 8770 1
8305 8962 1
8310 8996 1
8310 9296 1
8310 9393 1
8312 9906 6
8312 9250 1
8312 9478 1
8312 8844 1
8312 8858 1
8323 9789 7
8324 9688 4
8324 9315 2
8326 9982 2
8326 8585 1
8326 8630 1
8326 9649 3
8326 9432 2
8326 9679 4
8330 9931 15
8330 9313 1
8330 9771 1
8330 9572 1
8330 9810 1
8330 8709 1
8330 9808 1
8335 9957 1
8336 9226 8
8336 9940 1
8345 9371 2
8345 9691 1
8345 9844 1
8355 9640 14
8355 9003 1
8355 8895 1
8355 8902 5
8355 9066 1
8367 9086 1
8367 8633 1
8367 8763 1
8367 8681 1
8367 9852 1
8367 9771 2
8388 9221 1
8388 9250 1
8388 9840 1
8391 9399 1
8391 8684 1
8391 8905 1
8391 9228 2
8391 9800 1
8391 9377 3
8401 9154 1
8401 8790 66
8401 8701 1
8401 8834 1
8401 9099 2
8401 9108 1
8417 9813 2
8431 9020 2
8431 9018 4
8431 9451 1
8431 9520 1
8431 9585 3
8431 9792 1
8433 9514 1
8433 8914 1
8439 9446 35
8439 9102 2
8439 9111 1
8439 9371 1
8439 8862 2
8442 8572 1
8442 9732 5
8442 9848 1
8445 9994 1
8445 8576 1
8445 9269 1
8461 9059 1
8461 9505 102
8461 9493 1
8461 9081 2
8466 9844 9
8466 8864 2
8466 9254 22
8466 9843 3
8466 8680 1
8498 9801 1
8498 8662 5
8498 9343 3
8498 9611 24
8498 8883 1
8524 9242 1
8524 9968 2
8524 9533 1
8524 9537 1
8524 8999 9
8534 8881 1
8534 9768 1
8534 8687 2
8534 8695 2
8534 9077 1
8534 9249 2
8534 9275 3
8534 9303 1
8534 9347 9
8534 8979 1
8534 9311 9
8534 9577 45
8538 9969 1
8538 8641 1
8539 9068 1
8539 8902 7
8540 9511 1
8540 9494 1
8542 9062 1
8542 8927 1
8542 9347 1
8545 9978 1
8545 9268 22
8545 9809 2
8545 8667 1
8546 9111 1
8546 8907 2
8546 8966 1
8546 9099 1
8546 8687 1
8546 9772 1
8549 8997 1
8549 8754 1
8549 8874 1
8550 9792 1
8550 8965 2
8553 9535 1
8554 9124 7
8554 8847 2
8557 9841 11
8557 9111 1
8558 9306 1
8558 8663 4
8558 9215 1
8559 9008 1
8559 9103 1
8559 9732 1
8561 9644 3
8561 8907 1
8561 9777 2
8563 9012 2
8563 9725 5
8565 9180 1
8565 8913 3
8565 9684 19
8566 8568 1
8566 9061 1
8567 8976 1
8568 9283 1
8568 9175 4
8568 9918 1
8568 9663 1
8568 9179 1
8568 8818 1
8568 9813 1
8568 9732 2
8568 9397 3
8568 9689 1
8569 8613 1
8570 8794 1
8570 9042 1
8571 9848 1
8571 8673 1
8571 9115 1
8571 9860 1
8571 9376 1
8572 8758 1
8574 9056 1
8575 8823 1
8575 8857 1
8576 9656 1
8578 8705 1
8578 9675 2
8578 9910 1
8578 9389 1
8578 9124 3
8579 8726 1
8580 8932 3
8581 9807 1
8582 8876 1
8582 9906 1
8582 8657 1
8582 9113 2
8582 9870 1
8584 8827 1
8584 9638 1
8586 9889 12
8586 9637 2
8586 8917 4
8586 8728 1
8588 8739 1
8588 8857 1
8588 8765 1
8590 9121 1
8591 9464 1
8591 8596 1
8591 8910 1
8591 9083 4
8593 9483 2
8598 9786 1
8598 9085 1
8598 9139 1
8598 9518 158
8598 9027 1
8598 9036 1
8599 8942 3
8599 9030 1
8600 9487 1
8600 9685 3
8600 8817 1
8602 9935 1
8602 8943 1
8602 8933 13
8602 9223 1
8602 9707 1
8602 9536 1
8603 9522 1
8603 9771 1
8604 9783 1
8605 9631 3
8605 9354 1
8605 8607 2
8607 9234 3
8610 9061 1
8610 8832 12
8611 9112 1
8611 8753 2
8612 9174 17
8613 8821 3
8613 9708 4
8613 9310 1
8613 9598 3
8613 8856 1
8613 9803 2
8613 9919 1
8613 9431 1
8613 8774 1
8614 8768 1
8614 8822 1
8617 9706 1
8617 8932 1
8617 9817 1
8619 9691 1
8619 9286 3
8621 9135 2
8621 9258 1
8622 8647 5
8622 8846 1
8623 9431 1
8623 8787 8
8623 9239 1
8623 9397 1
8623 9741 2
8624 9025 1
8624 9249 1
8624 8779 1
8624 9421 1
8624 8839 1
8624 9058 2
8624 9163 2
8624 9620 1
8624 8713 1
8624 9502 1
8624 9675 2
8625 8854 1
8626 9038 2
8627 8689 1
8627 8762 69
8627 8929 1
8627 8647 1
8629 9438 1
8629 8734 1
8629 9382 2
8629 9624 1
8631 9567 1
8631 9010 1
8631 9381 1
8632 9996 1
8632 9529 2
8632 9998 1
8633 8944 1
8633 8861 15
8634 8655 1
8635 8953 2
8636 8882 2
8636 9017 1
8638 9832 1
8640 9802 5
8640 9114 1
8641 9054 1
8642 8901 1
8643 9684 1
8643 9059 1
8643 9683 1
8645 9348 2
8645 8950 43
8645 8653 2
8647 9799 1
8647 9168 3
8647 9634 1
8649 8829 1
8649 8766 2
8650 9112 3
8650 9588 1
8651 8857 2
8651 8678 1
8653 9676 1
8653 9411 1
8653 9850 2
8655 9713 1
8655 9702 2
8655 8756 1
8655 8813 1
8655 9518 21
8656 9653 2
8656 9685 2
8656 9036 1
8656 9104 1
8656 8920 1
8656 8967 1
8657 9449 2
8659 9064 1
8659 9839 1
8659 8976 3
8660 8880 1
8660 9475 1
8661 8854 1
8661 9796 9
8661 9288 1
8664 9581 3
8664 8843 1
8665 9396 1
8667 9138 2
8670 9166 1
8670 8897 2
8670 9175 1
8670 8713 2
8670 9877 3
8670 9595 1
8670 9709 1
8670 8978 1
8670 9365 1
8671 9706 1
8675 9127 11
8676 9026 1
8677 8892 1
8677 8868 16
8678 9692 3
8678 8912 1
8679 9607 1
8679 9051 1
8679 9663 2
8679 8870 1
8681 8950 2
8681 8932 4
8682 8864 5
8682 9235 1
8682 9726 3
8683 9725 1
8683 9941 1
8683 9728 2
8683 9775 1
8683 8699 1
8683 9541 1
8684 8758 1
8685 9079 2
8689 9295 2
8690 9639 3
8690 9370 2
8690 9630 3
8690 9697 4
8691 9133 1
8692 9515 1
8692 9413 1
8693 8976 1
8696 9141 3
8698 8730 3
8698 9323 3
8698 9469 2
8698 8831 1
8698 8941 2
8698 9478 1
8698 9881 1
8698 9544 5
8698 9613 1
8699 9902 4
8700 9845 1
8700 8819 5
8702 9883 6
8702 9541 1
8702 9775 2
8703 9973 1
8703 9041 3
8703 9032 2
8703 9674 1
8703 9751 2
8707 8786 1
8707 8877 3
8707 9097 1
8707 9101 1
8708 8887 16
8709 8854 1
8710 9356 2
8710 9323 3
8710 9463 1
8711 9459 11
8711 9211 1
8711 9117 1
8711 9651 5
8711 8897 5
8712 9122 1
8714 9377 1
8714 9488 20
8714 8718 1
8715 9054 1
8716 9004 1
8717 8985 2
8717 9029 4
8719 9543 1
8719 9360 5
8719 9868 1
8720 8894 31
8720 9497 1
8721 9427 2
8721 9641 1
8722 8950 1
8724 9988 3
8726 8769 3
8726 9097 1
8726 9420 1
8726 8755 1
8726 9333 1
8726 9702 1
8730 9603 1
8731 9422 2
8731 9371 1
8731 9895 1
8731 9935 1
8732 8759 1
8734 9133 3
8735 9581 1
8735 8936 3
8736 9407 1
8737 9079 1
8738 8977 2
8739 9385 10
8739 9103 1
8739 9297 1
8741 9348 200
8743 8977 1
8743 8807 1
8744 9435 2
8747 9920 9
8747 9116 1
8747 8983 4
8747 9699 2
8748 9164 1
8750 9708 1
8750 9424 3
8750 8918 3
8750 9482 1
8750 9493 1
8750 9960 1
8750 9152 1
8750 9946 1
8751 9492 1
8751 9543 3
8752 9977 2
8752 9009 1
8753 8904 1
8753 9824 1
8753 9060 1
8755 8850 1
8758 9667 1
8758 9810 1
8758 9223 1
8760 9280 1
8761 9638 1
8761 8857 1
8762 9019 1
8762 9595 1
8762 9622 1
8762 9974 1
8763 8885 1
8764 9136 1
8764 9409 1
8764 9316 1
8764 9543 1
8764 9008 3
8764 9973 1
8765 9676 1
8765 9284 1
8765 9838 1
8765 9201 1
8765 8809 1
8765 9824 1
8765 9931 2
8766 9570 1
8768 8913 1
8768 9283 1
8768 9263 1
8768 9154 1
8770 9394 1
8772 9588 1
8778 9596 1
8778 9807 2
8780 8969 5
8780 8781 1
8781 8829 1
8781 9531 1
8781 9021 1
8781 9402 1
8781 9777 27
8782 8892 1
8788 9061 2
8789 9204 3
8789 9236 1
8789 9693 1
8793 9759 3
8793 8886 4
8793 9663 6
8794 9571 1
8794 9129 2
8794 9920 1
8794 9192 1
8794 9782 2
8795 8798 2
8795 9906 1
8796 9132 1
8796 9785 4
8796 8801 2
8796 9234 1
8800 9016 1
8801 9896 2
8802 8810 1
8802 9100 1
8803 8985 1
8804 8977 3
8804 8843 3
8804 8944 6
8807 9877 5
8807 9987 1
8808 9107 1
8808 9173 1
8808 9569 3
8809 9506 8
8810 9751 6
8810 8926 1
8813 8953 1
8814 9875 1
8816 9385 2
8816 9003 1
8816 9316 2
8816 9304 1
8816 9750 1
8816 9961 1
8817 9435 1
8818 9394 2
8818 9013 1
8819 8969 1
8820 8824 7
8820 9829 1
8820 9863 1
8821 8911 1
8821 9288 2
8822 9541 1
8822 9292 1
8822 9555 29
8823 9856 1
8823 9795 3
8825 9238 1
8827 9408 1
8827 8867 8
8828 9122 1
8829 9011 4
8829 8946 1
8830 8959 3
8832 8864 1
8832 9223 1
8832 8833 2
8832 8951 1
8832 9654 37
8832 9705 1
8832 9958 2
8833 8911 19
8835 9833 1
8835 9660 2
8835 9138 5
8836 9367 15
8837 9316 1
8837 9467 1
8838 8969 1
8839 8911 2
8839 8925 1
8841 9745 2
8843 8974 2
8843 9651 1
8843 9928 1
8844 9546 1
8845 8908 1
8846 8980 1
8847 9506 1
8850 9946 22
8850 9698 1
8850 9681 1
8850 9203 1
8850 9770 1
8850 9408 5
8851 9442 1
8853 9283 1
8853 9472 13
8854 9397 1
8854 9249 2
8854 9666 19
8854 8974 1
8854 8898 1
8854 9634 1
8854 9826 1
8854 9370 1
8855 8977 1
8855 8942 1
8856 8919 1
8857 8989 2
8857 9580 2
8857 8933 1
8859 9064 2
8860 8935 1
8860 9033 2
8860 9648 3
8860 9747 1
8861 9077 1
8861 8941 4
8865 8970 1
8868 9958 1
8868 8952 1
8868 8934 1
8868 9954 9
8869 8882 2
8870 9988 2
8872 9630 1
8872 9201 1
8872 9476 1
8875 9695 4
8875 9022 1
8876 9133 56
8879 9426 1
8882 8963 1
8882 9687 2
8882 9170 6
8882 9895 1
8882 9501 2
8883 8969 10
8884 9563 1
8884 9480 39
8885 9143 1
8887 9339 1
8890 8957 5
8891 9918 1
8892 9455 2
8892 9918 1
8892 9573 1
8894 9588 2
8895 8968 2
8896 9805 2
8896 9446 1
8899 9976 1
8899 9993 1
8900 9455 2
8901 9081 1
8901 9775 1
8901 9684 1
8901 8989 1
8901 9066 4
8901 9658 5
8901 9713 1
8901 9886 3
8902 9078 5
8904 8924 2
8905 9238 1
8906 9240 1
8908 9551 5
8910 9527 1
8911 9780 5
8911 9950 3
8913 8981 3
8913 9783 24
8917 9128 1
8918 9833 19
8919 9994 1
8921 9038 1
8924 8941 6
8924 8989 1
8924 9323 1
8924 9047 1
8924 9579 1
8925 9937 1
8925 9300 1
8925 9593 1
8925 9324 1
8928 9440 1
8929 9994 13
8929 9580 1
8929 9834 17
8929 9982 1
8931 9688 10
8931 9110 2
8932 9229 1
8932 9065 2
8932 9958 1
8932 9566 1
8932 9624 1
8936 9871 2
8936 9043 8
8936 9922 1
8936 9503 1
8936 9956 1
8938 9399 1
8938 9441 1
8938 9296 1
8939 9394 1
8939 9078 2
8942 9488 1
8942 9681 1
8942 9261 1
8944 9626 2
8944 8991 1
8946 9152 2
8946 9788 1
8946 9852 2
8950 9446 1
8950 9648 1
8952 9527 2
8953 8997 1
8954 9016 1
8955 9497 3
8955 9883 1
8955 9614 10
8957 9611 1
8957 9261 7
8957 9569 1
8957 8975 1
8957 9136 1
8959 9469 1
8960 9501 1
8962 9184 1
8963 9778 1
8964 9428 6
8966 9280 3
8966 8969 1
8968 9758 1
8969 9091 1
8969 9787 12
8969 9168 1
8970 9009 5
8970 9036 1
8970 9418 1
8972 9857 4
8973 9880 64
8974 9141 1
8976 9590 1
8976 9725 1
8977 9607 2
8977 9424 5
8979 9122 1
8981 9382 5
8981 9849 2
8984 9758 2
8985 9098 10
8985 9984 1
8986 9672 1
8987 9758 1
8989 9348 3
8991 9783 3
8992 9913 1
8993 9054 1
8994 9141 1
8994 9581 1
8999 9079 1
9004 9531 1
9004 9611 3
9004 9569 1
9004 9854 1
9004 9314 1
9004 9304 1
9006 9988 1
9012 9650 2
9013 9048 1
9013 9485 1
9013 9263 1
9013 9748 1
9016 9060 1
9016 9626 7
9016 9695 1
9016 9355 1
9016 9037 5
9016 9960 1
9017 9703 1
9017 9401 1
9020 9394 4
9021 9280 1
9021 9449 1
9026 9082 8
9026 9257 1
9026 9423 1
9026 9464 1
9026 9651 1
9029 9582 1
9029 9251 1
9030 9997 1
9032 9348 4
9032 9078 8
9034 9174 2
9035 9786 1
9035 9888 15
9036 9038 1
9038 9131 1
9038 9456 1
9038 9957 1
9040 9667 1
9040 9978 2
9040 9163 2
9040 9333 15
9040 9267 2
9040 9929 3
9040 9904 1
9041 9078 1
9042 9389 2
9042 9098 5
9042 9213 1
9042 9271 3
9045 9199 1
9046 9875 1
9046 9164 2
9046 9752 2
9049 9866 1
9050 9988 3
9050 9449 1
9050 9258 1
9054 9705 1
9054 9749 1
9055 9880 1
9056 9683 7
9056 9176 2
9056 9860 1
9061 9878 2
9063 9256 1
9064 9176 15
9064 9293 2
9067 9203 69
9067 9323 1
9067 9480 2
9067 9391 1
9071 9239 1
9071 9632 1
9073 9128 1
9078 9170 2
9079 9929 1
9079 9127 3
9079 9970 2
9083 9125 4
9084 9344 1
9086 9280 1
9089 9512 3
9089 9247 1
9089 9422 97
9090 9752 1
9090 9326 1
9090 9764 1
9090 9571 2
9090 9681 1
9097 9988 1
9100 9952 5
9100 9270 1
9101 9988 2
9101 9650 1
9102 9839 3
9111 9132 1
9112 9207 8
9112 9377 2
9117 9656 1
9118 9430 1
9118 9922 9
9125 9771 4
9125 9626 1
9125 9284 1
9129 9174 2
9129 9839 1
9132 9966 1
9132 9667 1
9132 9806 3
9132 9979 2
9132 9701 2
9133 9776 6
9133 9609 11
9134 9854 1
9138 9779 1
9138 9566 1
9138 9457 1
9140 9934 1
9141 9531 1
9141 9979 1
9146 9909 1
9146 9926 8
9147 9656 2
9149 9570 9
9153 9796 1
9157 9660 1
9162 9527 1
9171 9198 1
9174 9275 1
9174 9739 1
9174 9908 2
9182 9605 2
9184 9360 1
9184 9928 2
9184 9860 1
9184 9982 1
9188 9832 5
9197 9833 2
9203 9778 1
9203 9825 1
9215 9387 5
9234 9472 14
9235 9638 1
9236 9839 3
9238 9685 1
9238 9598 1
9238 9395 1
9244 9258 2
9251 9435 5
9254 9603 1
9258 9651 1
9258 9465 2
9258 9497 2
9259 9988 2
9262 9581 1
9265 9853 1
9280 9578 1
9283 9880 200
9288 9876 1
9291 9778 2
9298 9857 6
9301 9435 1
9316 9344 1
9318 9546 5
9326 9387 4
9338 9817 1
9340 9603 4
9341 9988 2
9348 9884 2
9348 9700 1
9349 9660 1
9354 9934 3
9358 9588 1
9372 9656 1
9375 9885 2
9375 9909 3
9383 9407 1
9383 9778 3
9384 9796 2
9386 9828 1
9387 9539 2
9387 9545 1
9387 9755 2
9387 9758 4
9387 9941 4
9394 9973 1
9394 9779 1
9407 9645 1
9426 9502 19
9428 9847 1
9428 9637 6
9428 9687 2
9434 9832 1
9435 9947 2
9437 9638 2
9437 9817 1
9444 9934 1
9444 9525 12
9447 9783 2
9453 9761 1
9459 9546 8
9461 9833 5
9488 9527 1
9491 9788 5
9494 9828 2
9496 9525 1
9506 9797 3
9527 9666 2
9529 9656 1
9532 9790 1
9534 9902 1
9542 9839 1
9546 9918 1
9559 9988 16
9560 9581 3
9561 9706 1
9564 9825 1
9570 9887 1
9573 9839 1
9581 9739 1
9581 9786 1
9591 9988 1
9618 9783 1
9638 9702 1
9639 9727 1
9644 9727 1
9645 9880 2
9656 9827 1
9656 9961 10
9656 9677 3
9656 9799 8
9702 9783 1
9704 9785 2
9706 9751 1
9745 9778 1
9756 9833 1
9758 9988 1
9778 9956 1
9785 9995 3
9801 9839 1
9801 9880 1
9824 9828 1
9828 9993 5
9839 9963 1
9839 9866 1
