4 9793 1
4 8609 6
4 8655 3
4 8795 1
4 8977 1
4 9045 1
5 8541 1
5 8594 1
5 9007 1
5 9691 19
5 9325 1
5 8857 1
5 8906 2
16 9395 1
16 9306 1
16 8867 1
16 9187 2
30 8727 1
34 8794 1
34 9139 1
34 9366 1
34 8942 4
34 9079 1
34 9668 4
34 9793 1
34 9851 1
37 8809 1
37 9514 1
37 9704 1
37 9802 1
37 9841 1
41 9291 1
57 8522 2
57 9527 1
57 9760 2
68 8789 1
78 9189 4
93 9845 1
93 9400 2
93 8584 1
93 9313 1
103 9462 2
103 9266 2
103 9650 1
103 9781 1
111 9699 1
111 8705 1
112 8954 1
141 9658 1
141 8543 1
141 9719 2
147 9582 1
147 8881 1
147 9492 1
147 9054 1
147 9416 1
147 9662 8
157 8547 6
157 9849 4
157 9302 1
157 8582 2
157 9692 3
157 9726 4
163 9426 1
163 8895 1
163 9063 1
171 9410 4
172 8826 1
172 8849 9
172 8652 1
172 8830 2
172 9090 2
179 8902 1
179 8855 1
191 8898 1
191 9465 2
197 9803 42
197 8890 8
197 9762 4
197 8805 2
197 9497 1
197 9600 1
201 9849 2
201 9441 1
201 8740 1
201 9924 3
201 9385 1
201 9744 1
205 8949 6
215 8691 5
215 9249 1
215 9293 1
215 9613 1
215 9614 1
231 9253 2
231 9424 43
231 9157 1
231 8934 1
231 9838 3
233 9847 4
233 8628 8
233 9072 1
244 9962 1
244 9761 9
244 9862 1
244 8672 1
244 8898 1
244 9940 16
249 9276 3
249 9413 1
249 9118 1
249 9226 2
249 9720 5
264 9818 2
264 9882 1
264 8720 1
264 9719 3
264 8712 1
264 9159 1
275 8743 1
275 8789 1
275 8846 1
281 8603 13
281 8775 1
281 9001 2
281 8617 4
281 8961 3
281 9013 1
281 9463 19
281 8906 1
281 9213 1
281 9231 2
281 9706 1
287 8604 2
287 9930 5
301 9755 1
301 9436 1
301 9888 1
301 9867 1
320 9441 1
320 9516 1
320 8850 1
320 8699 3
320 9426 1
335 9244 2
335 8637 62
353 9063 23
353 9783 1
353 9232 1
353 9114 1
361 9395 4
377 9924 1
383 9478 1
383 9452 3
383 9727 1
383 9521 10
383 9676 3
398 8586 1
398 9186 3
398 8708 4
402 9751 1
402 8680 1
402 9561 2
402 9996 1
402 9895 1
402 9399 9
402 8947 1
403 9155 4
405 8579 1
405 9105 1
421 9838 1
421 9636 14
421 8970 1
421 9438 1
421 9468 3
421 9610 7
443 9308 1
443 8809 1
455 9371 1
455 8974 2
455 9075 2
455 9233 6
455 9814 1
468 9839 1
468 9844 1
468 9845 3
469 8626 2
469 8774 7
469 8919 2
469 8873 2
469 9928 1
469 8659 1
469 9203 1
477 8583 2
477 8901 1
491 9475 1
491 9741 1
491 9429 1
491 9062 1
492 9388 1
492 9010 1
492 9236 5
495 8689 1
495 9582 59
495 9387 1
495 9645 1
495 9997 1
495 9252 6
495 8940 1
503 9097 1
503 9646 1
503 9267 2
516 8655 2
516 8784 1
554 8764 1
554 8744 1
565 9738 1
565 9807 1
565 9530 1
565 9585 1
572 9634 3
572 9410 1
572 9785 13
582 8948 4
582 8922 1
582 9106 1
582 9188 2
582 9588 1
582 8997 3
587 9167 1
587 9649 1
598 9526 2
598 9274 62
598 8748 1
598 9005 2
608 9633 2
608 8529 1
635 9159 4
635 9380 1
635 8525 4
635 9795 2
635 8924 1
644 9468 3
644 8978 1
644 9521 1
644 9396 1
646 9833 1
646 9824 1
646 8826 1
650 9799 1
653 9968 1
653 9452 23
674 9093 1
674 9328 2
682 9147 16
682 8579 2
682 9673 1
685 8559 1
685 8637 1
711 9521 1
711 9064 3
711 9993 1
711 9405 1
721 9942 1
721 9111 1
721 9089 1
721 9010 1
721 8623 7
721 8853 1
729 8826 1
730 9747 1
730 8837 1
730 9098 1
730 9326 1
730 9546 1
735 9113 2
735 9762 1
740 9179 1
740 9609 1
740 9107 6
740 9690 2
740 9920 3
749 9059 1
749 8653 1
749 8969 1
752 8595 2
752 9460 2
752 8727 1
752 9805 1
752 8836 1
752 9233 2
752 9768 1
752 9815 1
752 9759 1
772 9927 1
772 9463 4
772 9865 6
772 9971 1
772 9979 26
776 9660 2
776 9328 1
776 9769 1
776 9142 1
776 8775 1
776 9456 1
783 9724 2
783 8605 1
783 9614 3
783 9049 4
783 9951 1
783 9594 2
785 9325 1
785 9831 1
785 9212 2
785 9598 6
787 9006 2
787 9906 6
787 8882 2
787 8970 2
793 9087 1
793 8895 1
793 9274 1
793 8585 1
794 9210 1
794 9136 22
794 9150 1
794 8908 1
794 9673 4
794 8535 3
794 8953 1
797 8876 1
797 9150 1
797 9678 1
797 9271 1
797 9682 6
820 8647 1
820 9557 1
820 9839 3
836 9481 4
836 9885 1
836 8991 2
836 9657 3
836 9931 3
852 9812 5
863 8950 1
863 9089 1
863 9448 9
863 9935 1
863 9723 2
877 9700 1
880 8690 1
880 9299 1
880 9361 1
880 9977 2
912 8734 1
915 8539 1
915 9386 1
915 9689 1
923 8670 1
923 9548 9
923 8686 1
937 9931 1
937 8751 1
939 8771 2
939 8677 1
939 9674 1
943 9989 1
943 9840 1
943 9565 3
943 9887 1
948 9426 16
948 8543 1
948 9372 1
948 9673 1
948 8537 1
948 8635 2
948 9615 1
954 9171 1
954 9378 1
972 9587 1
972 9530 1
972 9500 1
975 8636 1
975 9574 1
975 9751 1
975 8863 1
975 9395 1
978 8529 1
989 8872 1
989 9258 2
1027 9118 1
1027 8703 3
1027 9987 1
1051 9927 56
1062 8660 1
1062 9007 1
1063 9566 7
1063 9860 3
1063 8894 3
1074 9012 8
1074 9430 1
1074 9854 1
1074 8541 1
1074 9135 5
1074 9771 1
1076 9634 1
1076 8656 11
1076 9719 2
1076 9143 1
1076 8646 1
1076 8934 1
1076 9966 1
1085 9790 5
1085 9658 1
1090 8779 1
1090 9741 1
1090 8989 1
1090 9001 2
1090 9240 3
1090 9506 1
1090 9891 1
1090 9740 1
1090 9881 1
1098 8828 17
1098 8817 1
1098 9071 1
1098 9835 1
1098 9847 6
1115 9392 2
1115 9059 1
1115 9302 1
1123 8775 29
1123 9933 2
1123 9345 1
1146 8714 1
1146 8829 1
1146 9851 1
1146 9273 1
1151 9540 1
1151 9597 2
1159 9229 1
1159 9334 2
1159 8774 33
1167 9590 1
1167 9035 1
1167 8702 8
1167 8830 2
1167 9371 1
1174 8824 1
1174 8974 1
1210 9679 6
1210 9039 1
1210 8780 1
1241 9499 2
1241 8788 5
1241 9339 1
1245 8895 3
1245 8731 24
1245 9499 2
1245 9888 2
1246 9326 2
1246 9106 1
1246 9723 1
1246 9841 1
1248 8983 1
1248 9162 2
1248 8626 1
1253 8714 2
1253 9383 1
1258 9523 1
1271 9884 1
1271 9946 56
1273 9845 1
1273 8539 1
1273 8908 2
1273 9854 1
1307 8951 3
1307 9848 1
1310 9605 1
1310 9667 1
1317 9299 1
1317 8846 1
1317 9890 1
1326 9267 2
1326 9020 1
1334 9110 1
1334 9325 1
1334 9590 3
1334 9801 3
1334 9833 1
1338 9918 3
1340 9456 1
1340 9901 1
1340 9002 1
1342 8646 5
1354 9187 1
1354 9848 1
1354 8628 1
1360 9673 2
1360 8775 1
1360 9638 1
1387 9884 1
1387 9259 1
1414 8764 1
1414 9017 1
1430 8595 30
1430 9394 4
1430 9958 2
1430 8563 1
1430 8891 1
1430 9464 1
1430 9781 4
1430 8993 1
1430 9507 12
1447 9960 1
1447 9414 1
1475 9574 1
1475 9958 1
1475 9486 1
1475 9264 1
1475 9385 3
1494 9039 1
1494 9668 2
1494 9095 5
1504 9727 3
1504 9357 1
1504 9798 8
1504 8743 1
1504 9576 2
1511 9748 8
1514 8900 1
1520 9893 3
1520 8968 1
1520 8998 1
1520 9210 4
1520 9675 7
1520 8959 1
1530 8863 1
1530 9432 2
1530 8556 1
1530 9588 4
1531 9332 1
1531 9268 1
1534 8748 9
1534 9664 76
1534 8832 2
1534 9141 4
1534 9259 1
1534 9284 7
1534 8854 1
1559 9189 1
1559 8730 1
1559 9358 1
1563 9079 1
1563 9893 1
1563 9074 1
1563 9657 6
1563 8900 1
1563 9209 1
1563 9792 1
1563 9483 2
1563 8705 1
1563 9264 5
1563 9727 1
1575 8924 65
1577 9193 1
1577 8669 1
1577 8882 1
1577 9485 1
1588 9010 1
1588 9528 3
1601 8701 1
1601 9744 1
1601 8604 1
1602 9106 1
1602 8823 4
1602 9107 1
1612 8974 2
1612 9331 2
1612 8715 2
1612 9505 1
1612 9646 1
1612 9972 1
1612 8821 1
1612 9171 1
1612 9679 1
1612 9194 2
1633 9465 2
1635 9469 1
1635 9150 4
1645 8935 1
1645 8836 1
1645 9659 1
1645 9406 1
1649 9284 25
1649 8676 1
1649 9050 5
1649 9577 1
1658 9098 1
1658 9741 1
1660 9824 1
1660 9224 3
1705 9990 1
1705 9987 2
1705 8779 2
1705 9643 2
1705 9032 2
1705 9175 2
1709 9944 21
1709 8617 1
1711 9594 1
1711 8627 1
1727 9208 1
1727 9610 2
1727 9409 1
1731 9386 2
1731 9715 1
1734 8712 2
1734 9728 1
1734 9996 1
1734 8841 1
1734 9590 4
1746 9432 36
1746 9636 1
1746 8568 1
1746 8666 1
1756 9424 1
1756 8523 1
1756 9167 1
1756 9367 1
1786 8942 1
1786 8907 5
1786 9444 3
1786 9613 1
1786 9818 1
1786 9994 1
1808 8647 1
1808 9274 1
1808 9276 1
1813 9871 5
1813 8605 1
1813 9079 1
1813 9731 4
1813 8890 9
1818 9463 2
1827 8587 2
1827 8638 17
1827 9687 1
1827 9113 4
1827 9135 1
1845 8563 1
1845 9038 4
1865 9051 1
1865 9729 1
1865 9719 1
1865 8861 2
1865 9995 1
1891 9437 16
1891 9647 1
1891 9911 1
1893 8604 3
1893 9559 21
1893 8524 4
1893 9002 3
1893 8788 1
1893 9814 1
1908 9552 1
1908 8526 1
1908 9119 1
1908 9154 1
1908 9764 8
1912 9100 1
1912 9762 1
1912 9801 6
1945 9947 7
1945 9669 1
1945 8771 1
1945 9566 7
1952 8872 1
1972 9236 1
1972 9639 1
1972 9699 1
1972 9984 1
1982 8781 2
1982 9185 1
1982 9680 1
1986 9935 4
1991 8742 1
1991 9718 3
1991 9796 3
1991 9433 1
1991 9321 1
1991 9527 1
1991 9587 1
2018 9352 1
2018 8656 1
2019 8948 1
2019 9348 1
2021 9763 1
2021 9820 1
2026 9813 1
2026 9786 6
2026 9975 4
2043 8927 1
2043 8696 1
2048 8544 2
2048 8623 2
2048 9886 1
2048 9179 1
2048 8920 1
2048 9537 1
2050 9978 1
2050 9463 3
2054 9565 46
2054 8742 2
2054 9012 1
2055 8714 1
2055 9478 1
2055 9547 2
2058 9151 9
2058 9050 5
2058 9017 6
2058 9487 2
2058 8933 1
2064 9997 1
2064 9698 29
2064 8642 1
2064 9882 2
2071 8824 4
2071 9901 2
2085 8584 1
2085 8939 1
2086 8763 3
2086 9157 1
2086 8759 8
2086 8560 1
2086 9093 1
2090 9895 5
2094 8541 1
2094 9130 1
2094 9300 2
2094 8737 1
2094 9203 1
2094 9985 1
2094 9015 2
2094 9377 1
2099 9669 10
2099 8968 1
2126 8660 4
2126 9104 1
2131 9822 3
2131 9479 1
2137 9329 1
2137 9808 4
2137 9045 1
2137 9993 1
2177 9445 1
2177 9072 1
2177 9103 2
2182 9155 3
2182 8523 1
2182 9211 1
2182 8982 1
2182 9252 1
2182 8901 1
2182 9054 1
2182 8827 13
2183 9562 1
2193 8881 1
2193 9559 1
2193 8856 3
2193 9291 1
2193 9940 4
2201 8742 2
2201 9451 1
2201 9672 2
2201 9639 1
2201 8693 3
2203 8713 1
2203 8704 2
2206 8643 2
2206 9437 1
2206 9261 1
2210 9266 1
2210 9400 1
2210 9509 1
2210 9681 1
2210 8745 3
2219 9183 1
2219 8939 4
2239 9272 12
2239 8562 1
2239 9172 2
2239 8816 1
2239 9675 1
2239 9803 3
2245 9672 2
2245 9105 1
2245 9940 2
2247 9053 3
2247 9739 1
2247 9515 1
2247 9757 1
2247 8982 1
2247 9288 1
2247 9983 2
2257 8688 3
2257 9331 1
2260 8763 1
2260 8870 1
2260 9484 1
2283 9765 4
2283 8755 2
2283 8989 1
2283 9338 3
2294 8689 1
2294 8697 3
2294 9618 2
2320 9619 1
2320 8949 2
2320 9419 1
2320 9770 1
2338 9194 4
2351 9760 5
2351 9229 1
2351 9826 3
2351 9707 1
2353 9191 5
2353 8635 1
2365 9297 1
2365 9202 1
2365 9120 1
2365 9921 41
2365 9687 1
2365 9150 2
2365 9356 1
2365 9468 1
2370 9074 1
2370 8594 1
2370 9422 15
2370 8673 1
2370 8702 1
2370 9540 1
2392 9551 1
2392 9981 1
2392 8965 1
2392 9178 1
2404 9388 1
2404 8917 8
2405 9456 1
2405 9764 3
2405 8946 5
2405 9475 2
2407 9475 4
2407 9157 1
2407 8555 2
2414 8892 1
2414 8841 2
2414 9963 6
2414 9324 2
2417 9208 2
2417 9486 1
2417 9506 1
2456 9868 1
2456 8621 1
2456 8839 2
2456 9141 4
2456 9978 2
2456 9569 3
2461 9230 1
2461 9639 1
2461 8753 1
2461 9502 1
2475 9707 2
2475 9242 1
2475 9102 1
2475 8761 37
2475 8608 1
2475 9208 1
2478 9496 1
2478 9294 1
2478 8717 1
2478 9051 4
2478 9139 1
2478 9635 3
2478 8524 1
2478 9831 1
2556 9850 1
2556 8836 34
2556 9873 1
2556 8887 1
2556 8689 1
2556 8602 1
2556 9579 1
2582 9700 1
2582 9025 2
2582 9185 1
2582 8781 1
2582 9652 1
2582 9793 3
2582 8794 1
2582 9849 3
2596 9352 1
2596 9781 6
2596 8890 6
2596 9533 1
2602 9413 1
2602 8947 1
2602 8731 1
2602 9972 3
2614 9149 1
2626 9527 1
2626 9594 1
2626 9095 67
2626 8723 1
2626 8966 1
2628 9736 1
2628 9300 2
2630 9995 1
2640 9213 1
2640 9469 7
2640 9793 2
2640 9486 4
2640 8815 2
2640 9149 1
2654 9638 2
2654 8888 37
2654 9240 2
2654 9355 4
2664 8969 1
2664 9095 44
2664 9960 1
2664 8763 2
2683 8646 2
2683 8587 1
2683 9408 1
2724 8742 3
2724 9535 1
2724 9326 1
2724 9450 14
2724 8961 1
2738 9226 1
2738 9881 1
2738 9009 3
2738 8752 1
2738 9983 1
2742 9770 2
2742 8939 2
2742 9518 1
2742 9856 1
2742 9917 2
2743 8779 1
2743 9168 1
2743 9596 7
2743 9380 1
2743 9067 1
2754 9769 1
2754 9817 1
2754 9233 3
2754 9264 20
2754 8663 1
2754 9015 2
2754 9330 1
2754 9441 2
2761 9354 1
2761 8829 1
2776 8703 3
2776 8947 1
2776 9628 1
2799 9313 1
2799 9354 13
2799 9049 1
2799 9681 2
2799 9798 4
2799 9918 1
2800 8940 1
2800 9782 2
2805 8877 2
2805 9537 1
2805 8765 1
2805 9497 9
2819 8541 3
2819 8894 3
2819 9217 1
2850 9224 1
2850 9598 4
2850 9716 3
2850 8762 1
2867 8793 1
2867 9217 1
2869 9433 1
2869 9062 1
2894 8748 1
2894 9994 1
2894 9090 6
2894 9339 1
2894 9441 2
2905 9662 136
2905 9822 1
2905 9394 2
2907 8693 8
2907 8794 1
2907 9315 1
2927 8543 1
2927 9540 7
2927 9584 8
2927 9458 1
2930 8901 1
2930 8773 4
2933 9216 2
2933 9577 1
2933 9102 2
2935 8747 1
2935 8905 1
2940 9645 1
2942 9396 1
2952 8679 1
2963 9743 1
2971 8718 50
2971 9132 1
2971 8573 1
2971 9700 2
2973 8616 1
2973 9518 1
2973 9550 1
2973 9538 1
2973 9682 5
2995 9151 1
2995 9759 1
2995 9161 1
3011 9880 1
3011 8604 1
3011 9233 1
3011 9185 1
3011 9979 3
3011 9515 1
3013 9236 1
3013 9691 1
3013 9618 1
3013 8593 2
3013 9065 1
3013 9641 1
3021 9799 2
3021 9788 2
3021 9189 3
3021 9621 9
3021 9952 1
3028 9337 1
3028 9750 4
3028 9514 1
3028 9531 1
3028 9783 1
3028 9020 1
3028 9190 1
3028 9929 7
3034 9481 1
3039 8884 1
3039 9717 1
3039 8592 1
3039 9178 1
3039 9428 1
3047 8958 1
3047 9462 1
3047 9675 1
3050 8717 2
3050 8869 1
3050 8878 200
3052 9621 1
3052 8949 1
3052 9332 1
3058 8946 1
3058 9785 6
3058 8621 1
3058 9628 1
3058 9766 4
3095 9613 1
3095 9114 1
3095 9765 2
3095 9862 1
3095 9039 2
3095 9725 43
3099 9132 1
3099 9356 8
3099 8826 1
3099 8942 1
3104 9302 1
3104 9951 1
3116 9605 1
3116 9331 1
3122 9933 1
3137 9310 6
3137 9446 1
3137 9709 200
3149 9773 1
3149 8946 1
3149 9012 3
3149 9097 1
3149 9736 7
3149 9439 2
3149 9971 1
3155 9124 1
3155 8676 1
3155 9377 1
3155 9955 1
3155 9520 1
3182 9266 9
3182 9839 1
3210 9212 1
3210 9547 4
3210 9802 1
3210 9500 1
3225 8774 1
3225 9133 1
3226 8747 6
3229 8950 1
3229 9342 1
3229 9614 1
3229 9650 1
3229 8901 1
3229 8935 2
3229 9393 2
3239 9642 1
3239 9171 2
3239 9295 1
3246 9295 1
3246 8872 2
3246 8752 3
3246 9619 1
3250 9565 1
3259 9679 2
3259 9492 1
3269 8701 1
3269 9659 1
3284 9857 1
3285 8583 1
3285 8702 4
3285 9084 1
3290 8953 1
3290 8821 1
3290 9770 6
3293 8776 1
3293 8744 2
3293 8594 3
3293 9645 4
3293 9817 1
3297 9372 2
3297 8609 2
3297 8658 1
3297 9769 1
3297 8698 3
3297 9818 2
3299 9145 25
3299 9840 1
3299 8662 2
3299 8974 10
3299 9418 2
3306 9727 5
3312 9755 1
3312 8751 1
3312 9190 1
3312 8638 1
3328 9670 1
3328 8700 1
3328 9589 2
3328 9764 2
3328 9473 2
3330 9284 1
3330 9005 3
3330 9802 1
3338 9213 1
3338 8576 2
3341 9574 1
3356 9185 5
3356 9168 1
3356 8952 1
3357 9546 1
3357 9729 1
3357 9786 4
3357 9821 2
3358 8734 1
3358 8688 1
3358 9183 2
3362 9837 1
3362 9893 4
3362 9307 1
3374 9332 5
3374 8684 2
3374 8850 1
3389 9216 2
3389 9128 1
3406 9185 9
3406 9634 1
3406 9594 1
3406 9965 12
3406 8771 1
3421 9642 1
3421 8713 1
3421 9862 4
3453 8795 1
3453 9460 4
3458 8878 1
3458 9452 1
3458 8714 3
3458 9422 1
3458 9574 1
3458 9750 1
3477 8556 2
3477 9542 3
3477 9380 1
3514 9456 1
3514 8611 141
3514 9502 1
3514 9623 1
3514 8912 11
3518 9468 1
3518 9359 1
3518 9908 1
3522 9446 1
3522 9025 37
3533 9809 12
3533 8525 1
3533 9954 4
3533 8694 4
3533 8871 1
3534 9891 1
3534 9633 1
3534 8824 4
3534 9612 1
3539 9230 1
3539 8832 2
3545 9496 1
3545 8653 6
3545 9367 1
3545 9434 2
3545 8977 6
3545 9219 1
3553 9427 2
3569 9193 10
3569 8531 5
3569 8891 6
3569 9735 1
3580 9509 1
3600 9357 1
3600 9865 9
3600 8892 1
3600 9000 2
3600 9633 3
3607 8756 1
3607 9532 2
3607 9618 1
3607 8691 55
3607 9800 1
3612 8579 1
3612 9876 1
3627 9067 1
3628 8543 1
3628 9705 1
3628 9753 2
3628 9822 1
3667 8653 12
3667 8948 1
3667 9517 2
3667 9042 3
3667 8620 2
3667 8699 2
3667 9368 3
3667 9716 1
3680 9006 12
3680 8759 1
3680 8958 2
3680 9399 1
3693 8555 1
3693 9029 2
3693 9083 1
3693 9845 1
3695 9628 10
3695 8765 1
3695 9504 15
3695 8888 3
3695 9683 2
3712 9934 1
3712 8584 1
3712 9468 1
3712 8994 2
3712 9855 1
3712 9088 2
3712 9303 5
3717 8947 2
3717 9753 1
3736 9963 6
3736 9347 2
3736 8783 1
3736 9899 20
3765 8893 1
3786 8539 1
3786 8830 1
3786 9729 8
3786 9755 11
3796 9202 1
3796 9223 3
3796 9391 3
3812 9952 1
3817 9643 1
3817 8531 1
3817 9187 2
3817 9271 1
3817 8922 1
3839 8941 2
3839 8629 5
3839 9175 1
3839 9299 1
3839 8816 1
3839 9171 6
3840 9331 1
3840 8653 1
3840 9087 2
3840 9217 1
3840 9995 1
3840 9370 10
3840 9510 1
3840 9760 3
3840 9846 1
3840 9904 1
3843 8626 6
3843 9923 2
3843 9229 6
3843 8655 1
3852 8829 1
3852 8935 1
3852 8598 1
3852 8656 1
3852 8938 1
3852 9294 1
3852 9916 1
3857 9157 2
3857 9633 20
3857 9724 1
3858 9651 1
3874 9821 2
3874 9615 1
3874 8835 1
3874 9438 1
3874 8697 1
3874 9803 1
3874 9368 1
3874 9478 1
3876 9112 1
3876 9664 1
3876 9448 8
3876 8799 1
3888 9452 2
3888 9748 6
3888 8642 1
3888 8903 2
3896 8629 1
3896 9133 2
3896 9998 1
3898 9085 1
3898 9528 13
3898 9800 1
3898 8888 3
3898 9120 10
3898 9263 2
3918 9084 1
3918 9525 1
3918 8891 1
3918 9467 3
3918 9701 1
3918 9796 7
3929 8799 3
3929 9982 1
3947 9707 1
3947 9985 1
3955 9051 1
3955 8565 2
3955 9581 1
3955 9713 1
3955 9751 2
3999 9365 1
3999 9030 3
3999 9933 1
3999 9141 3
3999 9587 1
4003 9432 1
4003 9356 1
4003 9417 1
4010 9926 1
4034 9015 1
4034 8669 2
4034 8952 2
4034 9415 2
4034 9805 1
4034 8783 1
4034 9604 1
4040 9550 1
4040 8920 6
4040 9218 2
4066 8853 1
4066 9921 2
4066 9799 7
4111 9161 4
4111 8902 1
4111 9739 4
4113 8676 1
4113 9325 1
4113 9567 2
4155 9987 1
4155 9721 10
4155 8653 2
4155 8678 1
4168 8964 1
4168 9828 1
4168 8850 1
4168 9873 1
4168 9944 2
4172 9075 3
4183 9562 1
4183 9587 1
4183 9020 1
4183 9381 1
4183 8605 1
4191 8647 1
4191 9692 9
4191 8650 1
4191 8828 2
4191 8837 3
4191 9954 1
4191 8884 4
4191 9514 4
4191 8928 1
4191 9552 1
4191 9939 1
4203 9413 1
4203 9230 2
4203 9532 1
4213 9619 1
4213 9181 2
4224 8522 1
4224 8756 1
4224 8828 1
4232 9778 2
4232 8607 1
4232 9353 1
4232 9359 2
4232 9755 2
4232 9775 1
4232 8961 1
4232 9363 2
4235 8570 1
4235 9064 2
4236 9035 1
4249 8906 1
4249 9740 1
4249 8924 1
4249 8718 1
4249 8817 9
4249 9855 1
4264 9500 2
4264 8525 2
4264 9208 3
4264 8577 8
4264 8883 1
4264 9546 9
4264 9629 2
4264 8527 2
4264 8680 17
4264 9886 27
4264 9085 11
4264 9419 2
4282 9303 6
4282 9779 2
4282 9261 4
4282 9579 7
4282 9606 12
4282 8861 1
4282 9083 12
4282 9690 7
4282 9231 1
4282 9913 2
4282 8620 1
4282 9532 1
4288 8551 2
4288 9906 1
4288 8745 2
4301 9402 1
4301 8881 9
4301 8744 9
4301 9266 1
4301 9962 1
4301 9139 3
4301 8535 1
4301 8734 1
4301 8809 1
4301 8561 3
4301 9524 1
4301 9872 5
4311 9006 4
4311 8565 1
4311 9635 2
4311 8799 2
4311 8927 1
4311 9219 1
4313 9462 1
4313 9509 1
4313 9353 1
4315 8896 1
4315 8891 3
4315 9730 4
4315 8879 5
4315 9014 1
4315 9623 2
4317 9142 1
4317 8708 1
4317 9194 1
4317 8559 1
4317 8978 1
4319 9579 2
4319 9984 2
4319 9342 1
4322 9520 18
4322 9172 2
4335 9518 1
4335 9930 1
4335 9937 1
4335 9965 1
4335 8558 8
4335 9010 14
4335 8703 1
4335 9656 1
4350 9310 91
4350 9534 2
4350 9564 4
4350 9921 1
4350 8633 2
4350 8876 1
4355 8527 1
4355 8896 3
4355 8595 1
4355 9728 2
4355 9742 1
4355 9782 2
4394 9487 2
4403 9191 1
4414 9240 1
4414 9456 1
4414 9278 1
4414 9470 2
4414 9873 1
4414 8802 1
4427 9724 1
4427 9326 14
4428 9939 1
4428 9417 1
4428 9009 13
4428 9110 1
4429 8577 5
4429 8716 1
4429 8633 3
4429 9436 1
4429 9902 3
4429 9936 1
4431 9078 42
4431 9029 1
4431 9963 14
4431 9297 1
4431 8953 1
4431 8635 1
4431 8551 1
4432 9025 2
4432 9760 2
4433 9818 1
4433 9030 1
4433 9464 1
4433 9490 3
4433 9074 2
4433 9882 1
4433 9377 1
4433 9647 2
4433 9006 2
4433 9372 2
4433 9795 1
4442 9960 1
4442 9550 7
4444 9191 2
4444 9667 1
4444 9571 2
4449 9648 9
4449 9959 3
4449 8781 1
4452 9744 3
4452 9275 1
4452 9771 1
4452 9526 1
4452 9687 1
4452 9139 12
4456 8708 3
4456 9581 17
4456 8855 7
4456 9229 1
4456 9529 1
4456 8547 1
4456 9783 5
4464 9186 4
4464 8892 3
4464 9760 1
4464 9029 2
4464 9456 1
4474 8742 1
4474 8706 1
4474 9579 1
4474 9055 1
4474 8650 2
4487 8780 2
4487 9275 2
4487 9835 1
4487 8731 1
4492 8954 1
4492 9186 2
4492 9088 1
4492 9529 34
4492 9159 1
4492 8717 4
4522 8561 4
4522 9210 20
4522 9301 1
4522 9769 4
4522 9029 3
4522 9790 46
4522 9935 1
4538 9126 1
4559 9450 3
4559 9766 3
4559 8615 1
4587 8834 1
4587 8562 23
4587 9963 3
4593 9894 3
4593 9211 2
4593 9481 1
4594 8864 1
4594 9192 1
4619 9436 1
4619 9728 1
4624 8977 1
4624 8529 3
4624 9094 1
4624 9775 1
4625 9581 1
4625 9425 1
4634 8714 1
4634 9479 2
4634 9594 1
4634 8727 1
4634 8953 1
4634 9575 2
4634 8778 3
4634 9483 1
4662 9521 1
4679 8965 3
4679 8679 1
4679 8916 1
4679 9299 7
4680 9666 2
4680 9095 2
4689 9917 17
4689 8759 1
4689 9063 2
4689 8600 24
4707 9514 1
4707 9022 2
4707 8560 1
4719 8626 1
4719 8969 3
4719 8658 1
4719 9885 20
4728 9807 1
4728 9013 1
4737 9835 1
4737 9482 1
4750 9792 2
4750 8773 2
4750 8942 2
4750 9177 1
4750 9930 3
4753 9365 1
4753 9872 1
4753 9640 2
4753 9996 3
4783 9768 1
4783 9872 1
4788 9680 3
4788 9525 15
4793 8678 2
4793 9656 2
4793 9680 1
4793 9119 1
4793 9465 1
4793 9574 1
4795 8696 1
4813 8848 1
4813 9805 1
4818 8977 3
4818 8670 200
4818 8827 1
4818 9511 1
4830 8841 3
4830 8965 2
4830 9966 3
4849 8895 2
4849 8832 1
4850 8662 1
4850 9365 1
4852 9761 1
4857 8794 2
4857 9171 1
4857 8624 4
4857 9546 1
4872 9072 1
4872 9308 5
4872 9337 1
4872 9437 1
4872 9244 1
4872 9603 1
4892 8690 1
4902 9849 1
4902 9391 1
4902 8678 1
4902 9418 2
4902 9490 47
4929 9927 1
4929 9997 1
4934 9302 3
4934 8673 1
4934 9272 2
4934 9807 1
4934 9927 3
4934 9559 1
4934 8733 1
4934 9644 1
4937 9963 1
4941 9125 1
4941 9503 1
4944 9651 1
4944 9882 1
4944 8853 1
4949 8869 16
4949 9839 12
4950 9258 20
4950 8683 1
4950 9392 1
4950 9908 1
4950 8586 1
4950 8755 1
4950 8669 1
4950 9575 2
5000 9523 1
5000 9330 4
5000 9779 2
5000 8962 4
5000 8964 9
5000 9563 4
5018 8587 1
5018 8637 1
5018 9022 2
5018 9507 1
5018 8647 11
5018 9400 1
5022 9551 1
5022 9409 9
5022 9030 1
5028 9762 1
5028 9954 2
5028 8718 2
5028 8877 1
5028 9040 1
5028 9202 1
5030 9300 3
5030 9514 5
5030 9354 1
5030 8837 1
5030 9513 1
5030 9660 1
5030 9143 1
5030 9295 19
5030 9901 2
5030 8537 1
5030 9145 1
5039 9651 2
5039 9689 2
5039 9918 1
5039 8531 2
5039 8839 30
5039 9933 3
5039 9113 3
5039 9346 1
5039 8700 1
5069 9563 2
5069 9672 1
5069 9857 200
5070 9971 1
5070 9569 1
5070 8677 5
5070 9525 5
5089 9948 1
5089 9208 1
5089 9110 5
5089 8864 1
5093 9090 1
5093 9902 1
5094 9013 2
5094 9760 7
5094 9623 1
5094 9646 1
5094 9738 1
5094 9187 2
5094 9725 1
5094 9418 1
5114 9405 13
5114 8690 1
5129 9349 1
5129 9899 6
5129 8745 2
5129 8764 7
5129 9960 1
5157 9920 2
5158 9530 1
5158 9561 2
5171 9275 1
5171 9850 2
5186 9100 2
5186 8529 2
5186 9192 1
5186 9593 1
5186 9389 1
5186 9429 5
5194 9583 2
5221 8826 1
5221 9651 4
5221 9690 2
5229 8627 1
5229 9812 4
5229 9784 1
5229 9769 1
5237 9795 1
5237 9939 1
5237 9662 1
5237 9001 2
5240 9844 1
5240 8607 1
5240 8912 1
5240 9996 2
5240 9074 1
5240 9249 1
5240 8701 1
5240 9349 1
5240 9548 1
5276 8604 1
5276 9926 2
5276 8662 1
5286 8774 1
5286 9097 3
5286 9734 1
5291 9634 1
5291 9751 2
5305 9355 1
5305 9648 3
5305 9831 1
5305 9894 1
5305 9746 1
5305 8704 2
5305 8723 1
5305 9086 1
5332 9050 2
5332 9307 1
5348 9430 2
5351 9299 1
5351 9490 1
5351 8525 9
5351 9226 2
5351 9448 8
5356 9796 1
5356 9557 1
5356 8867 1
5356 9272 2
5356 9423 1
5356 9531 14
5369 9347 1
5369 8544 2
5372 9087 3
5372 9449 11
5398 9086 1
5398 9582 2
5403 9562 1
5403 9862 1
5403 9007 2
5403 9799 4
5403 9778 4
5403 9812 1
5406 9481 1
5406 9828 1
5406 9042 2
5406 9320 1
5415 8815 1
5415 8696 1
5415 9424 1
5415 9533 1
5415 9799 3
5415 9324 80
5415 8935 1
5415 9571 1
5415 9893 1
5419 9436 7
5419 9569 1
5419 9368 1
5419 9500 1
5419 9136 1
5419 9809 4
5426 9217 4
5426 9352 1
5426 9179 1
5437 8954 1
5437 8834 1
5437 9424 2
5440 9045 1
5443 9212 1
5443 9570 2
5443 9951 1
5443 9146 1
5443 9813 2
5450 8764 1
5450 8945 4
5450 9829 2
5450 9542 1
5458 8780 1
5458 8912 29
5458 8841 1
5458 8887 4
5458 9233 1
5478 8527 1
5478 9041 1
5478 9089 2
5483 8989 7
5483 9189 7
5483 8640 1
5483 8719 2
5483 9428 1
5483 8592 1
5500 8740 1
5500 8628 1
5500 9937 1
5500 9939 26
5510 8740 1
5510 8686 1
5510 9930 1
5517 8869 1
5517 8616 2
5517 8691 2
5524 8882 2
5524 9284 1
5524 8715 1
5524 8860 2
5541 8636 1
5541 9105 6
5541 8650 3
5541 8858 1
5541 8708 1
5541 8716 1
5541 9268 2
5541 8789 1
5541 9381 1
5548 8565 2
5548 9912 1
5548 9970 1
5554 9349 1
5572 8582 3
5572 9917 1
5572 8805 6
5572 9225 1
5572 9665 1
5584 9410 1
5584 9495 1
5584 8737 1
5584 9476 1
5590 8919 2
5590 9394 7
5598 9495 1
5598 8595 14
5598 8821 200
5598 9764 1
5598 8547 1
5598 8628 5
5598 9459 1
5627 8935 1
5627 8551 15
5627 8781 1
5628 9506 2
5658 9642 1
5658 8624 1
5658 9128 1
5658 9482 1
5658 9802 6
5658 8873 1
5658 9409 3
5663 9302 3
5663 8634 1
5663 8643 7
5663 9808 1
5663 8549 2
5677 9812 2
5677 8784 3
5677 9462 1
5677 9965 1
5691 8998 2
5691 9747 7
5707 9962 1
5707 8690 2
5707 9013 1
5707 9636 2
5707 9664 3
5734 8652 2
5734 8810 4
5734 9419 1
5734 9439 1
5734 9297 1
5740 9160 1
5740 9860 1
5740 9959 1
5740 9128 1
5740 8740 1
5740 9864 1
5740 9273 1
5740 9416 1
5748 9406 2
5748 8646 2
5748 8836 4
5748 9253 1
5749 9821 4
5749 9763 3
5754 9345 1
5754 9984 36
5754 9160 1
5754 9112 2
5758 8933 1
5758 8589 9
5777 9978 3
5777 9203 2
5779 9062 1
5779 9497 1
5779 8765 2
5779 9936 5
5779 9046 2
5779 9959 4
5779 9030 2
5785 9396 1
5785 9074 1
5785 9535 1
5789 9659 14
5789 9926 1
5800 8869 1
5800 9822 1
5800 8670 4
5800 9550 1
5800 9010 11
5800 9439 1
5803 9098 1
5803 9561 1
5803 9788 1
5886 9728 6
5886 9487 3
5899 8928 1
5899 8829 1
5899 8577 12
5903 9808 1
5903 9927 5
5903 9929 6
5915 9254 1
5922 9486 2
5926 9401 1
5926 9041 7
5926 9303 21
5926 9315 3
5962 8676 1
5963 8816 1
5963 9100 3
5963 9813 1
5966 8904 3
5966 9689 1
5966 9937 27
5966 8922 1
6026 9779 1
6026 9306 1
6047 9981 2
6047 9712 1
6047 9704 5
6047 9277 2
6047 9194 1
6047 9680 1
6047 9765 1
6047 8609 3
6047 9606 1
6047 9626 7
6066 8529 1
6066 9437 1
6066 9612 1
6066 8696 2
6066 9846 6
6066 8720 1
6066 9800 1
6084 9388 2
6084 9565 1
6084 9985 1
6084 9571 6
6123 9666 3
6142 8584 1
6142 9888 1
6142 9162 2
6151 9567 1
6162 8780 1
6162 9656 3
6162 8858 3
6162 9040 3
6162 9589 1
6162 9469 5
6162 9998 2
6162 9103 1
6162 9450 1
6163 8730 32
6163 8924 2
6163 9373 1
6166 9597 2
6166 8884 1
6194 9630 5
6194 9300 1
6194 9945 4
6283 8839 1
6283 8946 1
6283 9920 1
6283 9837 2
6283 9962 1
6283 9505 1
6285 9540 1
6285 9514 1
6285 9890 1
6285 8544 2
6285 8908 2
6285 9459 1
6285 9516 1
6285 9605 1
6289 9887 2
6289 9275 1
6304 9444 2
6304 9734 5
6304 8881 1
6304 8903 1
6304 8711 1
6324 9513 1
6324 8832 1
6338 9354 1
6338 8544 1
6338 9392 12
6350 9218 4
6350 9881 2
6350 9768 1
6352 8946 3
6352 9090 1
6352 8564 3
6354 9321 1
6354 8527 1
6354 8570 10
6400 9438 1
6401 8604 1
6401 9259 2
6401 9742 1
6401 8660 7
6401 8706 1
6401 8755 2
6401 8951 1
6403 9385 4
6403 9530 2
6403 9667 1
6403 9946 2
6403 8688 108
6437 9994 6
6437 9758 1
6437 9388 2
6438 9826 13
6438 9126 2
6438 8821 1
6438 8906 2
6438 9633 1
6438 9781 1
6438 8583 1
6438 9758 2
6462 9566 1
6466 9355 1
6466 8763 1
6466 8977 3
6466 9998 2
6466 9334 1
6466 9445 1
6472 8837 2
6472 9719 1
6472 9140 1
6479 8542 1
6488 9873 2
6488 9632 1
6488 8683 1
6491 9771 1
6491 8698 4
6491 9687 1
6496 9069 1
6496 9876 1
6496 9548 1
6496 8928 2
6496 8762 2
6496 8649 1
6509 9524 1
6509 8991 8
6509 9849 1
6516 9881 3
6516 8946 1
6522 9746 1
6522 8742 1
6522 9119 3
6522 9917 1
6522 9022 1
6522 9281 1
6526 8564 1
6526 9293 2
6526 9851 1
6526 9924 3
6539 9051 1
6543 9759 1
6543 9610 1
6544 9399 1
6544 9365 1
6558 9712 7
6558 9285 1
6564 9301 62
6564 9087 4
6564 9569 5
6595 9190 2
6595 9288 1
6595 8949 1
6605 9641 1
6605 9743 1
6629 8968 1
6629 8649 1
6629 9142 2
6629 9126 1
6629 9155 1
6629 9862 1
6629 9905 1
6629 8558 1
6629 8589 26
6629 9261 4
6637 9576 1
6644 8815 2
6644 9371 1
6644 9304 1
6644 9676 1
6644 8972 1
6644 9711 1
6648 8737 35
6648 9905 11
6648 9727 1
6648 8560 1
6648 9359 1
6648 9740 4
6648 8856 1
6655 8961 1
6655 9356 1
6655 8523 2
6655 8907 4
6655 9433 8
6655 9724 28
6660 9600 1
6660 8592 1
6660 9235 1
6660 9303 4
6660 9934 1
6660 9827 1
6664 9740 1
6664 9529 1
6664 9726 4
6669 9768 7
6669 9264 1
6669 9105 8
6669 9759 1
6698 9059 6
6698 9313 1
6707 9583 1
6707 8860 1
6707 8857 7
6718 9895 45
6718 9285 1
6718 9858 4
6718 9870 4
6728 9152 1
6728 9826 1
6728 9706 1
6738 9422 8
6738 9469 2
6738 9444 5
6738 9630 8
6757 8912 1
6757 9529 2
6757 9721 1
6771 8879 1
6771 8711 1
6771 9186 1
6771 9851 1
6771 9815 1
6771 9871 1
6798 8799 28
6798 9516 16
6798 9790 3
6837 9952 1
6841 9668 1
6841 9984 1
6844 8966 1
6844 9294 2
6844 8595 3
6844 9588 2
6844 9854 1
6844 9272 11
6844 9683 1
6850 9313 1
6850 9725 1
6850 9427 200
6856 9972 1
6856 8917 3
6863 9045 1
6863 9492 19
6863 9711 1
6863 9046 1
6864 8628 7
6864 9940 1
6864 9320 1
6864 9202 1
6864 9615 1
6864 9936 10
6864 9386 2
6895 9354 1
6917 9759 2
6917 8587 1
6917 8695 1
6955 8560 3
6955 8823 2
6955 9698 1
6955 9894 7
6957 9827 4
6957 9378 1
6957 9710 1
6957 9995 1
6957 8611 2
6966 9593 1
6966 9847 17
6966 9035 1
6966 9912 1
6980 8663 3
6980 9088 2
6980 9159 1
6989 8562 2
6989 9865 1
6989 8621 4
6989 9670 3
7003 9160 1
7003 9730 1
7003 8573 50
7015 9231 1
7015 9514 25
7015 9478 6
7020 9353 1
7030 9489 1
7030 8562 5
7030 8617 7
7030 8824 25
7030 8551 1
7030 9807 1
7040 9041 1
7053 9650 1
7053 8598 1
7053 9244 1
7063 8603 1
7063 9046 2
7063 9143 1
7065 9876 1
7087 9414 1
7087 9249 7
7087 9276 1
7087 9629 4
7087 9005 1
7087 9230 2
7096 9515 2
7096 8835 11
7096 9067 1
7096 9020 1
7096 9551 1
7099 8938 2
7099 9284 1
7099 9401 1
7099 9959 1
7127 8795 1
7127 9612 1
7127 8720 1
7127 9492 3
7127 9742 1
7127 9824 1
7127 8978 3
7127 9405 1
7128 9633 1
7128 9347 7
7128 9503 1
7128 9986 1
7128 9458 1
7128 9354 1
7128 9642 7
7128 9958 3
7131 9268 2
7131 9706 1
7131 9482 1
7135 8629 1
7135 8753 1
7135 9715 1
7135 8679 6
7156 9656 1
7156 9281 4
7167 9692 1
7167 8828 3
7189 9690 1
7189 9876 3
7189 9993 1
7189 9075 3
7189 9258 1
7205 9120 2
7205 9972 200
7205 9629 2
7205 9864 200
7205 9948 2
7209 8600 1
7209 9729 1
7230 9288 1
7230 9516 2
7230 9757 2
7237 8784 2
7237 8997 5
7237 8991 2
7237 9945 1
7242 9272 16
7242 9923 1
7242 9761 1
7266 9310 3
7266 8541 1
7266 8793 1
7266 9547 1
7266 9740 1
7266 8684 1
7266 9055 2
7270 8525 1
7270 9547 28
7270 8871 1
7270 8949 1
7270 8670 1
7270 9970 1
7273 8623 7
7273 9589 1
7273 9798 2
7273 9185 1
7273 8861 1
7273 9135 4
7280 9284 1
7280 9913 1
7280 9918 1
7280 8879 7
7283 8965 1
7283 9626 3
7283 9605 2
7283 9744 1
7283 9603 1
7287 8968 1
7287 9639 4
7287 8647 1
7287 9610 1
7287 9479 1
7287 8624 4
7287 9026 1
7289 9223 1
7289 8883 1
7295 9417 4
7295 9735 1
7295 9114 3
7295 9820 1
7312 8895 1
7312 9689 1
7312 8539 1
7312 9236 15
7312 9224 2
7312 9260 3
7318 8860 1
7318 8713 20
7323 9069 1
7323 8904 1
7323 8941 1
7323 9100 1
7324 9563 1
7324 9189 1
7324 9860 1
7324 8734 7
7324 9517 2
7353 8893 1
7353 9871 1
7353 8848 10
7353 9427 1
7359 8600 3
7359 9677 1
7359 8605 1
7359 9185 4
7390 9567 1
7390 9837 1
7390 9990 2
7408 9839 1
7408 8704 1
7408 8764 1
7408 9167 1
7408 9231 5
7408 9301 1
7408 9332 10
7408 9698 1
7408 9739 1
7408 8674 2
7408 8919 1
7408 8881 4
7408 9954 11
7419 9041 1
7419 8543 2
7419 8616 5
7419 8974 22
7419 9763 1
7434 9521 1
7434 9069 5
7435 9665 1
7435 8586 1
7435 8876 3
7435 8913 1
7435 9364 1
7455 9497 1
7455 8686 1
7455 9844 1
7486 9376 3
7486 9658 3
7486 8697 1
7486 9669 1
7489 9711 3
7489 9813 2
7500 9725 1
7500 9917 1
7500 9019 1
7500 9378 1
7500 9783 1
7500 9902 1
7500 9541 2
7501 9958 1
7506 9887 1
7506 9604 2
7506 8951 2
7506 8608 2
7509 8715 1
7509 9792 1
7509 9390 22
7509 9718 1
7509 9887 5
7509 9066 1
7509 8623 1
7530 9840 1
7532 8642 1
7532 8898 1
7532 9550 1
7532 8711 1
7532 9059 1
7532 9948 11
7532 9747 1
7532 9986 1
7536 8802 5
7536 9496 1
7537 8650 1
7555 9236 1
7555 9920 2
7557 8780 2
7557 8966 1
7576 9485 1
7578 9933 100
7586 9105 1
7586 9913 1
7590 9541 1
7590 8694 1
7590 9391 3
7590 9829 1
7592 9719 2
7592 9067 1
7592 9692 2
7592 9308 12
7592 9667 2
7592 9868 1
7593 9975 1
7593 8525 3
7593 8870 1
7596 9363 9
7596 8861 1
7596 9597 2
7596 9515 4
7612 9274 1
7612 9361 2
7612 9235 1
7612 8695 2
7612 9565 1
7612 8863 19
7612 9564 1
7620 9642 1
7620 9748 2
7629 9847 7
7629 9517 1
7632 8524 2
7632 9710 1
7632 9415 4
7650 8621 1
7650 9873 3
7650 9171 1
7658 9621 1
7658 9467 1
7658 9593 1
7658 9913 1
7673 9408 1
7673 8542 1
7673 9352 1
7677 8941 1
7677 9930 1
7677 8896 1
7677 8917 17
7680 9510 2
7687 8706 5
7687 9577 1
7687 9387 7
7702 9273 4
7702 9801 5
7702 9670 1
7723 9628 1
7723 9910 31
7723 8563 1
7723 9097 1
7737 9300 1
7737 9856 1
7737 9152 1
7737 9718 1
7737 9784 5
7740 9575 1
7752 9030 2
7752 9337 2
7752 9626 1
7752 9570 1
7765 8920 1
7765 9128 1
7765 9167 3
7765 9691 9
7765 9746 5
7770 9401 12
7770 8595 1
7770 8689 1
7770 9106 1
7770 9640 1
7813 8587 2
7816 9400 1
7816 9067 1
7816 9191 9
7816 9271 1
7831 8744 1
7831 9160 1
7847 9373 1
7847 8839 1
7847 9459 2
7847 9085 1
7847 8640 1
7847 9113 1
7847 9146 1
7858 8983 3
7858 9188 1
7886 9583 1
7886 9605 1
7889 8972 1
7889 9470 1
7889 8605 1
7889 9934 2
7889 9462 1
7889 9932 1
7889 9622 1
7898 9114 6
7898 8539 1
7898 9582 1
7898 9594 1
7898 9681 3
7898 8948 2
7905 8939 2
7905 8793 2
7913 9451 1
7913 9685 1
7913 9126 1
7913 9660 1
7913 9083 47
7925 9449 1
7925 9731 2
7925 9906 3
7937 9475 1
7937 8927 1
7937 8544 4
7937 9126 1
7942 8694 2
7942 9990 1
7942 8781 3
7942 8789 1
7943 9575 46
7950 9672 5
7950 9570 1
7950 9622 1
7950 9266 1
7950 9513 1
7950 9589 4
7984 9942 1
7984 8884 1
7984 9846 5
7984 9339 1
7984 9009 1
7984 9575 1
7984 9062 1
7984 9870 4
7994 8858 1
7997 9002 1
7997 9736 1
7997 9845 3
7997 9905 3
8004 8823 1
8004 9899 1
8019 9084 3
8019 9648 1
8048 8853 1
8048 9142 2
8083 9064 1
8083 9281 3
8083 9396 1
8083 9873 1
8088 9619 3
8088 9216 1
8091 9520 1
8091 9808 1
8096 9103 1
8096 8527 7
8096 9701 3
8096 9666 1
8096 9736 1
8098 9637 1
8098 9665 2
8098 9510 1
8114 8672 1
8114 9183 9
8114 9520 1
8114 9596 1
8116 8701 1
8116 8993 1
8116 9254 1
8118 9189 1
8118 9329 7
8118 9705 1
8121 9793 1
8123 8895 5
8123 9459 2
8123 9921 1
8138 9271 3
8144 9449 1
8144 9261 1
8146 9543 1
8146 8848 1
8146 9381 7
8146 9779 3
8154 9298 1
8164 9979 4
8164 9637 1
8164 8706 70
8164 9947 1
8176 9071 1
8176 9564 1
8176 9705 1
8176 9263 4
8185 9344 1
8185 9326 1
8185 8693 9
8185 9211 1
8185 9997 2
8185 8893 1
8185 9370 1
8185 9928 1
8191 8691 1
8191 9730 1
8199 9181 1
8199 9000 1
8199 9235 2
8224 9415 1
8224 8677 3
8224 9552 1
8224 8774 1
8240 9290 1
8240 8900 3
8240 9526 1
8252 9766 1
8261 9320 1
8261 9779 1
8261 8559 7
8273 9155 2
8273 9445 1
8299 9711 1
8299 9738 1
8299 9216 1
8299 9965 1
8301 9064 1
8301 9136 3
8303 9584 1
8303 9868 1
8303 9559 1
8303 9856 7
8303 8696 10
8303 9192 1
8322 9009 1
8322 9738 2
8327 8541 2
8327 9211 1
8327 9439 1
8327 9118 1
8327 9376 3
8377 9193 1
8377 8849 3
8377 8947 1
8382 9005 1
8382 8643 1
8382 9132 1
8382 9469 1
8384 9570 4
8384 9491 1
8396 9111 1
8396 9609 4
8396 9677 1
8402 8646 1
8402 9548 1
8402 8903 1
8402 9574 5
8402 9609 1
8411 8535 2
8425 9386 1
8425 9630 1
8425 9678 1
8427 9856 4
8427 9934 1
8431 8951 1
8432 9735 1
8432 9559 2
8447 9144 1
8467 9459 2
8467 9597 1
8467 8966 1
8467 9836 1
8467 9309 1
8476 9755 1
8476 9144 1
8476 9926 1
8476 9807 1
8476 8537 1
8476 8895 1
8478 9329 1
8478 9836 1
8478 9355 1
8478 9623 2
8478 8840 1
8487 9871 2
8487 8701 2
8487 9111 1
8487 9633 1
8487 8584 1
8487 8997 1
8487 9674 4
8487 8765 1
8494 8558 1
8494 8938 1
8505 8759 1
8505 8962 2
8505 9217 2
8505 9538 21
8505 8558 3
8505 9357 2
8516 9943 1
8516 9734 1
8516 9618 1
8522 8540 6
8522 8632 1
8528 9184 2
8528 8530 200
8529 9034 5
8529 9201 2
8530 9422 24
8530 8602 6
8530 9019 14
8532 9320 1
8532 9876 1
8533 8833 1
8533 9271 4
8534 9768 1
8534 8747 1
8534 9712 1
8536 9058 1
8537 9220 1
8537 8710 1
8538 9144 3
8538 8698 1
8538 8732 1
8538 8964 6
8538 8577 1
8538 9032 1
8538 9504 7
8538 8805 1
8538 9643 4
8538 9955 1
8540 9187 1
8540 8971 6
8540 9619 1
8540 9628 1
8540 9822 4
8540 8966 38
8540 9610 1
8540 8840 1
8540 8876 1
8540 9356 1
8540 9682 27
8540 8576 1
8543 9027 2
8545 9047 200
8545 9857 1
8546 9085 1
8548 9673 1
8548 9876 1
8548 9576 1
8548 9691 1
8548 8893 5
8548 9357 1
8548 8627 1
8548 8872 2
8548 9676 4
8548 9855 1
8550 8678 49
8550 9020 3
8550 8564 1
8550 9541 1
8550 9041 1
8551 8800 1
8552 9841 2
8552 9433 1
8552 9147 1
8552 9372 3
8552 9532 1
8553 9548 1
8553 9186 1
8554 9151 1
8554 9120 1
8554 9881 1
8554 9065 1
8555 9068 1
8556 8590 2
8556 8992 2
8557 8810 12
8557 9678 1
8557 8933 7
8557 9511 2
8558 9737 1
8558 8979 2
8558 8868 1
8561 8909 1
8561 9077 2
8563 9545 2
8563 8918 1
8564 8735 1
8564 8661 6
8565 8886 3
8566 8951 1
8566 9905 2
8566 8703 1
8566 9685 1
8567 9954 1
8568 8999 1
8568 8736 1
8568 9077 1
8568 8675 2
8569 8848 3
8569 9618 1
8569 9378 1
8569 9966 1
8569 9460 4
8570 8618 2
8570 8710 1
8571 8872 1
8572 9313 3
8572 9679 1
8572 9323 1
8572 9685 4
8573 8664 1
8574 8989 1
8574 9181 1
8574 8680 1
8574 8913 1
8575 8763 1
8575 9743 1
8578 9445 1
8578 9210 1
8579 9554 3
8580 9062 1
8581 9371 1
8581 9321 1
8582 8865 2
8582 8897 1
8586 8801 49
8588 9090 3
8589 8911 2
8589 8838 1
8590 9178 1
8590 8837 30
8590 9460 1
8591 8871 2
8591 9095 5
8591 9487 1
8591 9838 1
8591 8802 2
8591 9465 6
8592 8926 1
8593 9305 24
8593 9863 1
8594 9737 1
8596 9951 3
8596 8858 1
8596 9111 1
8596 9430 1
8597 9355 1
8597 9836 1
8599 9193 4
8599 8998 1
8601 8752 1
8601 9047 3
8601 9720 1
8601 9177 4
8603 8671 1
8606 9965 1
8606 8982 1
8606 9203 1
8606 8933 1
8606 9531 4
8606 8680 15
8606 9130 1
8606 9235 1
8607 8613 2
8608 9117 1
8610 8802 1
8610 9717 1
8610 8871 1
8610 9328 1
8610 9649 13
8610 9871 1
8611 8728 1
8612 9503 4
8612 9537 4
8612 8621 1
8612 9828 1
8612 9652 4
8613 8616 1
8613 9105 1
8613 9260 4
8613 9605 1
8613 9910 1
8614 8841 1
8614 9026 2
8614 9944 77
8614 8954 2
8615 8767 1
8616 8984 1
8616 8631 1
8618 9030 4
8618 9188 1
8618 9444 2
8618 9947 1
8618 9451 1
8619 8986 1
8619 8843 1
8620 8791 1
8621 9023 1
8622 9144 1
8622 9253 2
8624 8798 1
8625 9740 5
8625 9908 4
8625 8683 2
8625 9047 33
8626 8932 9
8627 8967 1
8627 9941 4
8629 8739 3
8629 8667 1
8630 8892 2
8630 8835 3
8630 9937 1
8631 9460 1
8631 9232 10
8632 8737 1
8632 9565 1
8632 9026 1
8632 9125 1
8632 9701 1
8634 8822 2
8636 8926 2
8636 8874 1
8638 8955 1
8638 9076 1
8639 9492 1
8641 9675 1
8641 9410 1
8641 9736 2
8641 8869 3
8642 8757 1
8643 8955 1
8644 9705 1
8644 9731 1
8644 8887 1
8644 9291 1
8644 9447 2
8645 9843 5
8645 9523 1
8645 8854 1
8645 9000 1
8645 8934 2
8645 9484 1
8648 9525 2
8648 9179 1
8648 9840 1
8649 9028 1
8649 8758 1
8651 9529 1
8651 8860 1
8651 9726 1
8651 9814 2
8651 9583 1
8652 9791 1
8654 9432 1
8654 9452 2
8657 9275 1
8657 9656 2
8657 9979 1
8657 9348 4
8658 9031 1
8659 8664 1
8659 8769 6
8660 9909 1
8661 8689 1
8661 8723 2
8661 9475 1
8663 8914 1
8664 9574 1
8664 8790 1
8664 9893 1
8665 9373 2
8666 8831 2
8667 8766 1
8668 9873 1
8670 8750 1
8671 9218 1
8671 9284 10
8671 9308 1
8671 8699 1
8671 9410 2
8671 9948 1
8671 9102 2
8672 8995 1
8674 9442 3
8674 8812 1
8675 8732 1
8675 9884 3
8675 9975 1
8676 8709 2
8679 8735 1
8681 9836 1
8681 9779 1
8681 9824 2
8682 9452 1
8682 8835 2
8682 8917 1
8682 9510 2
8682 9089 1
8682 9833 1
8682 9168 2
8682 9632 2
8685 8723 6
8685 9385 1
8687 9100 1
8687 9639 47
8687 9932 1
8687 9419 1
8688 8926 1
8689 8921 4
8690 8999 1
8691 8811 1
8692 9942 1
8692 9032 1
8692 9683 1
8692 8919 1
8692 9116 1
8692 9630 2
8692 9679 1
8694 9247 1
8695 8859 1
8697 8736 1
8700 8909 4
8706 8746 1
8707 9597 2
8707 8720 1
8707 8905 5
8709 9722 2
8709 8971 1
8709 9434 9
8710 9368 1
8710 9622 1
8710 8903 10
8710 8840 4
8710 9308 4
8710 9444 1
8710 9812 3
8713 8967 1
8714 9617 2
8715 8862 1
8716 8847 2
8716 8862 1
8717 8973 1
8719 8925 1
8719 8897 1
8721 9809 1
8721 8779 1
8721 9722 2
8722 8907 1
8722 9699 9
8722 8882 1
8722 9704 1
8722 9638 5
8722 9813 4
8722 9827 1
8722 9838 1
8724 8730 2
8724 9130 1
8724 9347 29
8725 9361 1
8725 9062 2
8725 9413 1
8725 9504 1
8726 9223 128
8726 9007 1
8726 9306 32
8726 8793 1
8726 9097 1
8726 9523 2
8727 9027 2
8727 8937 1
8728 9666 1
8728 9679 1
8728 8776 2
8728 8872 1
8729 9393 2
8729 9059 1
8729 9584 1
8732 9703 1
8732 8845 1
8733 8746 1
8734 8988 1
8735 9483 1
8735 9717 1
8735 8832 1
8735 8883 2
8735 9932 3
8736 9432 1
8736 9136 2
8736 8842 1
8736 9208 2
8736 9395 1
8738 9320 2
8738 8950 10
8738 9337 1
8738 9388 3
8739 9151 3
8740 8859 7
8741 9161 1
8741 9015 1
8741 9856 1
8741 9042 1
8743 8980 1
8746 8790 1
8746 9439 1
8746 9598 10
8746 9704 1
8746 9130 1
8746 9323 2
8747 8852 1
8748 8814 1
8749 9660 2
8749 9499 2
8749 9562 1
8750 9644 1
8750 8959 2
8750 9232 6
8751 9737 1
8752 9283 1
8754 9385 3
8754 9886 1
8755 8803 1
8757 9947 1
8757 9212 6
8757 9352 1
8757 9890 2
8757 9491 4
8757 9155 1
8758 9673 1
8758 9609 9
8760 9775 50
8760 9986 1
8760 9323 1
8760 9005 1
8760 9259 1
8761 9021 1
8766 8812 1
8767 8927 1
8767 8802 1
8767 8940 16
8767 9084 6
8767 9930 2
8767 8898 1
8767 9916 1
8768 9997 7
8768 9313 1
8768 9962 1
8768 8873 1
8769 8983 1
8769 9770 1
8769 9875 1
8770 9649 1
8770 9294 1
8770 8858 2
8770 9671 6
8772 9971 1
8772 9613 7
8772 9678 1
8772 9710 1
8773 9023 1
8774 8995 1
8776 8999 2
8777 9606 2
8777 9911 2
8777 8919 1
8777 9731 1
8780 8791 1
8782 8788 16
8782 9352 35
8785 9947 1
8786 8830 2
8786 9390 11
8786 9615 1
8787 8844 1
8787 8801 2
8787 8886 1
8790 9200 1
8791 9510 1
8792 9778 7
8792 9017 1
8792 9619 1
8796 9281 1
8797 9448 1
8797 9346 1
8797 9385 1
8797 9644 1
8797 8913 1
8797 9013 2
8797 8829 11
8797 9120 1
8797 9242 1
8798 9072 1
8798 9387 1
8798 9936 2
8798 9133 1
8798 9212 1
8801 9207 1
8801 9587 1
8801 9426 1
8801 9548 1
8803 8863 1
8804 9660 1
8804 9981 3
8805 9033 1
8806 8880 3
8807 9538 1
8807 9355 1
8807 9671 1
8808 9062 1
8808 8916 1
8808 9066 1
8808 9855 2
8808 9864 2
8810 9663 1
8810 8925 1
8811 9367 1
8811 9306 1
8811 9491 1
8811 9895 1
8811 9132 1
8811 9910 1
8812 9507 1
8812 9868 1
8812 9935 1
8812 8994 1
8812 9479 7
8812 9628 1
8812 9878 2
8813 9820 2
8814 9984 3
8814 9798 4
8814 9460 4
8815 8984 2
8818 9636 1
8818 9840 2
8818 8969 7
8818 9891 1
8819 8900 1
8819 9741 1
8819 9038 1
8819 8894 1
8819 9717 7
8820 9242 5
8820 9392 6
8820 9400 1
8822 9563 2
8822 9820 1
8822 9728 1
8822 9792 5
8825 9533 1
8825 9962 7
8830 8980 1
8831 9259 2
8831 9050 1
8831 9942 1
8833 8909 3
8835 9791 1
8838 9309 1
8838 9966 4
8838 9190 5
8838 9094 1
8838 9963 1
8838 9278 2
8839 8988 9
8840 9907 1
8842 8967 2
8843 9550 5
8843 9093 2
8843 9735 1
8843 8945 1
8843 9116 1
8843 9290 1
8843 9994 1
8844 9193 4
8844 9635 1
8845 9487 1
8845 9155 7
8845 8922 1
8847 9584 1
8847 9635 2
8847 8993 1
8847 9334 1
8847 9660 1
8848 8889 1
8848 9027 1
8851 9026 1
8852 9147 2
8854 8960 1
8855 9018 1
8856 9545 1
8859 8938 1
8859 9301 1
8859 9437 1
8862 9334 1
8862 9712 1
8866 9383 1
8866 9860 2
8867 9008 1
8867 8914 1
8868 9533 1
8868 8935 1
8868 9339 1
8874 9323 2
8874 9758 21
8874 9557 3
8875 9854 1
8878 8986 1
8880 9763 1
8880 9933 2
8885 9971 1
8886 9790 1
8889 8928 1
8889 9151 1
8889 9446 1
8889 9315 1
8892 9572 4
8896 9554 1
8897 8983 2
8897 9087 2
8899 9002 1
8899 9016 1
8902 9283 1
8905 8923 2
8905 9008 1
8909 9217 1
8909 9621 1
8909 9700 4
8909 9742 2
8910 9112 5
8911 9387 1
8911 8945 1
8911 9015 3
8911 9053 7
8911 9098 3
8911 9254 2
8911 9361 2
8911 9664 59
8911 9294 1
8914 9765 3
8914 9104 3
8915 9833 2
8915 9179 2
8915 9943 1
8918 9742 1
8918 9297 16
8918 9363 7
8918 9190 1
8921 9308 1
8921 9288 1
8921 9927 4
8925 9911 1
8925 9590 2
8925 9784 2
8925 9978 1
8925 9202 1
8925 9383 2
8925 9144 1
8926 9882 1
8926 9039 3
8926 9394 1
8928 8956 1
8929 9467 1
8929 9905 13
8930 9803 1
8930 9254 1
8930 9698 1
8931 9850 1
8931 9153 2
8931 9390 1
8932 9945 1
8932 9716 2
8932 9451 17
8936 9908 3
8936 9225 1
8936 9722 2
8936 9975 2
8936 9118 1
8936 9826 27
8937 9254 3
8941 8944 2
8943 9116 2
8943 9307 2
8943 9011 1
8944 9606 2
8946 9791 3
8953 9117 1
8955 9473 1
8956 9051 37
8957 9309 1
8957 9049 2
8957 9533 13
8957 9765 1
8957 9946 3
8959 8995 38
8960 9361 1
8963 9425 3
8963 9802 4
8963 9345 2
8967 9490 18
8967 9705 2
8967 9069 3
8967 9309 9
8967 9310 46
8972 9599 1
8973 9376 1
8973 9427 1
8973 9978 2
8975 8987 2
8975 8999 4
8976 9641 12
8979 9432 1
8980 8991 1
8980 9065 1
8980 9674 1
8981 9576 5
8982 8984 1
8984 9720 1
8984 9225 3
8985 9518 1
8986 9760 1
8986 9884 21
8987 9495 5
8990 9423 200
8992 9046 1
8993 9442 1
8995 9511 1
8995 9409 1
8996 9441 1
8996 9527 1
8998 9572 1
8999 9111 1
8999 9155 1
8999 9257 2
8999 9672 1
9003 9213 2
9003 9009 1
9003 9285 1
9003 9535 1
9003 9451 2
9004 9563 1
9004 9814 1
9004 9019 1
9004 9904 1
9007 9791 2
9008 9879 1
9018 9793 1
9018 9062 10
9021 9864 11
9023 9525 1
9023 9225 1
9023 9065 5
9023 9464 1
9023 9854 1
9023 9358 2
9023 9621 1
9023 9753 1
9024 9741 2
9024 9304 2
9027 9035 1
9027 9366 1
9028 9996 2
9028 9632 68
9028 9872 1
9028 9087 1
9028 9346 2
9031 9509 8
9033 9878 2
9033 9157 1
9034 9515 1
9034 9260 1
9034 9367 1
9036 9183 1
9036 9764 1
9036 9803 1
9037 9293 1
9037 9245 2
9044 9690 1
9044 9084 1
9047 9617 1
9053 9077 2
9066 9737 1
9076 9908 1
9076 9229 1
9077 9821 1
9077 9923 3
9079 9286 1
9088 9201 1
9089 9442 1
9093 9655 1
9101 9239 1
9103 9472 1
9117 9315 1
9117 9470 1
9117 9944 2
9117 9958 1
9117 9865 4
9123 9801 1
9123 9634 1
9133 9442 2
9160 9909 1
9172 9708 1
9184 9596 1
9200 9691 1
9201 9972 1
9201 9638 1
9201 9490 1
9201 9470 21
9201 9637 2
9209 9663 3
9247 9445 1
9247 9394 1
9268 9560 1
9269 9318 1
9272 9941 1
9277 9754 1
9283 9331 1
9283 9858 1
9286 9358 1
9286 9858 2
9305 9464 3
9305 9895 1
9315 9791 1
9319 9566 1
9331 9883 1
9366 9480 1
9416 9703 1
9424 9655 3
9425 9655 3
9453 9919 1
9465 9686 1
9480 9844 1
9496 9572 1
9503 9560 5
9523 9754 1
9530 9545 1
9534 9737 1
9536 9753 1
9542 9863 1
9545 9828 1
9551 9907 1
9555 9625 2
9572 9576 4
9572 9632 2
9572 9659 2
9585 9737 1
9638 9967 1
9648 9791 1
9651 9791 1
9663 9848 1
9699 9791 5
9709 9791 1
9750 9863 1
9791 9932 2
9791 9972 1
9859 9980 7
9866 9953 1
9879 9941 1
9906 9909 1
9907 9959 11
