0 9336 1
0 9339 1
0 9694 1
0 9007 10
0 9868 1
0 8746 2
2 8735 1
2 9785 1
2 9534 1
24 9126 1
24 9674 1
24 9960 1
32 9311 12
32 9669 7
32 8647 3
32 9167 1
32 9048 1
32 9581 2
39 9690 1
39 9708 1
39 8722 1
39 8880 15
39 9477 1
46 9893 1
46 8966 2
52 9132 4
52 8592 1
52 8812 2
52 9189 1
52 9950 2
64 9755 2
64 9915 1
64 8843 1
64 8975 1
64 9548 1
64 8813 2
74 9809 1
74 8770 5
74 9494 1
74 9067 2
83 9644 2
83 9516 1
84 9257 1
84 9393 2
84 9762 1
102 8980 1
102 8859 1
102 8934 1
102 9979 1
121 9632 8
139 9610 1
139 9644 6
139 9670 3
156 8799 1
156 9899 9
156 9158 2
156 9217 2
156 9299 1
177 8745 1
177 9353 1
177 9805 1
181 9765 2
181 8972 1
181 9181 1
181 9519 1
182 9931 95
182 8833 2
182 9541 5
195 9595 2
195 8818 1
195 9544 2
195 9602 1
195 9789 1
195 9688 2
199 9252 1
199 9118 7
199 9101 5
199 9379 1
200 9928 1
202 8998 2
202 9796 1
202 9826 1
204 9835 1
204 9888 1
204 9614 1
204 8975 1
210 9011 1
210 9955 1
210 9114 1
210 9331 1
215 9115 1
215 9934 1
215 8896 1
215 9813 3
215 8693 2
215 9711 2
215 9560 1
215 9803 2
215 9977 1
219 9087 1
219 9225 1
219 8915 1
219 9058 2
219 9283 1
219 9441 1
219 8961 2
219 9020 1
222 9373 1
222 9481 1
222 9752 1
237 9526 2
237 9163 1
239 9581 1
239 9869 1
247 8663 1
247 9700 1
247 9283 1
247 9532 5
247 9667 3
249 9851 1
256 8698 1
256 8959 1
258 8893 1
258 9259 1
258 9518 4
258 8650 3
263 9890 3
278 9488 1
278 9733 2
278 9751 1
278 8859 3
278 9349 1
278 9466 2
278 9693 2
279 9649 1
279 9876 2
279 8638 8
279 9519 1
279 8958 2
279 9510 1
292 9791 2
292 8912 1
292 9076 1
292 9108 3
292 9162 2
292 9494 1
292 8978 1
294 8842 1
294 9304 4
294 9620 1
295 9565 30
295 8637 1
295 8794 3
295 9772 1
301 9577 5
301 9384 3
301 9868 1
330 9791 4
330 8794 1
330 9553 1
330 9451 1
330 9662 1
330 9908 3
330 9969 4
330 9856 4
330 8980 1
330 9819 1
330 9872 1
354 8630 1
354 8633 1
354 8827 1
355 9797 1
355 9346 2
375 8782 5
375 9641 1
375 9662 1
391 9986 1
391 9392 2
391 8698 1
403 9579 1
403 9680 2
406 9847 1
423 9457 1
423 8873 1
423 9390 1
428 9623 3
428 9974 1
432 9666 1
439 8610 1
439 9602 1
439 9071 1
439 8574 1
439 9546 2
439 8660 1
443 9557 1
458 8855 1
472 9272 2
472 9954 1
474 9445 1
482 9109 1
482 9523 1
482 9895 1
492 9245 3
492 9470 3
492 9372 1
492 9099 1
501 8735 2
510 9175 1
510 8583 1
510 9685 1
522 8603 3
522 8652 3
522 9848 1
522 8674 1
523 9458 1
523 8629 1
523 8841 1
525 9954 1
525 8655 2
546 8577 2
559 9171 1
559 8656 1
559 9718 4
565 9868 1
565 9760 2
567 9240 13
567 8982 1
567 9570 2
567 8958 1
567 9402 1
567 9588 1
567 9214 1
567 9842 2
567 9560 1
568 9718 1
568 9300 1
568 9590 2
578 9320 1
578 9505 1
578 9040 2
578 9690 1
578 8845 5
578 9302 35
578 9315 2
578 9649 1
582 8691 6
582 9597 1
582 8665 7
582 8968 1
582 8952 1
584 8636 2
584 8848 1
584 9556 1
584 9683 2
584 8941 1
593 8780 4
593 9173 12
593 9115 1
593 9280 9
634 9786 2
634 9492 3
661 8770 1
661 8853 1
679 9345 1
689 9889 2
689 9070 1
689 8619 26
689 9386 7
689 9758 1
691 8985 1
691 9593 3
691 9986 11
691 9628 2
691 8629 1
691 9886 2
691 9887 1
703 9955 1
703 8671 5
703 9034 3
714 9146 3
714 9092 1
714 8886 2
714 9971 1
717 9669 6
717 9195 1
721 9621 1
721 8874 1
737 8892 2
737 8631 1
737 8669 1
743 9905 13
743 9197 1
743 9874 65
743 9984 1
755 8969 1
755 9470 1
755 9124 4
756 9287 1
756 9010 1
756 9376 1
756 9865 1
756 9873 3
765 9736 13
765 9212 1
765 8892 3
767 8904 1
776 9651 2
776 9015 1
776 9391 13
776 9807 2
793 8915 5
806 9909 1
806 9792 1
806 9596 2
838 8630 1
838 9100 2
857 8792 2
857 9499 4
857 9290 6
857 9291 4
873 9991 1
873 9274 1
873 9519 1
873 9693 1
873 9276 2
873 9415 1
873 9749 4
873 9826 1
873 9862 1
880 9016 1
880 9732 1
880 9901 1
886 8688 1
886 9360 1
890 8902 1
890 9873 17
890 9407 1
893 8774 1
893 9114 1
893 9643 3
893 8924 3
894 9485 1
900 8666 1
900 9959 1
900 8751 3
900 8781 1
900 8591 1
913 9067 1
913 9649 1
913 9398 1
913 9769 1
913 9524 1
913 9389 1
913 9683 2
918 8851 26
918 9595 16
918 9661 1
931 9736 1
931 9909 21
932 9418 1
932 9820 1
935 8826 1
935 8629 1
935 9338 6
937 9475 2
941 9703 1
941 9924 2
941 9835 2
941 9659 1
946 9059 1
946 8736 2
946 8924 4
946 9817 1
946 9249 3
956 8591 1
956 8597 1
956 9298 1
956 8980 2
956 9229 1
956 8996 1
958 9281 1
958 9802 1
958 9986 5
958 8705 1
958 9782 4
996 9532 1
996 9394 1
1001 9444 1
1001 9959 1
1001 9850 1
1001 9961 1
1004 9420 1
1004 9854 1
1004 8656 3
1010 9383 1
1010 9672 1
1010 8780 1
1010 9063 1
1010 9308 5
1010 8797 1
1010 9162 1
1031 9406 1
1041 8915 1
1041 8677 1
1041 9769 1
1043 9297 3
1043 9425 1
1043 9617 1
1047 9060 1
1062 9774 67
1072 8603 1
1072 8705 1
1072 9330 1
1072 8840 1
1072 9451 1
1072 9773 1
1072 8848 6
1072 9077 1
1072 9909 1
1073 8887 1
1073 9939 1
1073 9740 1
1080 9346 1
1080 9511 1
1080 9173 9
1084 9068 1
1084 9245 1
1084 8875 1
1091 9977 3
1095 9442 3
1095 9474 1
1113 9889 1
1113 9658 1
1113 9382 1
1113 9479 1
1125 9749 1
1132 9512 1
1132 8737 1
1132 9297 1
1132 9574 141
1148 9357 1
1148 9713 4
1173 9650 6
1173 8661 1
1173 9339 2
1176 9847 1
1176 9849 34
1176 8639 1
1176 8605 2
1176 8892 1
1176 9163 1
1176 9762 3
1176 9091 1
1176 8761 1
1176 8815 1
1176 9368 13
1176 9795 1
1176 9817 1
1201 9048 1
1201 9636 2
1207 8874 1
1207 9901 2
1207 9000 1
1223 8667 3
1223 9320 1
1223 9960 1
1226 9155 4
1226 9849 1
1226 8899 1
1234 9235 1
1234 9013 16
1237 8969 2
1237 9101 1
1237 9213 1
1237 9671 2
1240 9475 1
1282 9131 5
1289 9884 1
1289 9539 13
1289 8613 1
1299 9482 1
1299 9295 4
1299 9959 3
1313 9595 14
1313 9096 1
1313 8761 7
1313 9335 2
1313 9964 6
1313 9648 4
1313 9708 1
1313 9471 3
1336 9135 2
1336 8650 2
1336 8820 1
1336 9131 3
1344 8631 1
1344 9913 1
1344 9257 41
1344 8889 1
1344 9663 1
1380 9662 3
1380 9579 1
1386 8727 1
1386 9823 1
1404 9189 1
1404 9375 1
1404 9414 1
1409 8855 1
1409 9366 3
1409 8625 24
1428 8828 1
1428 9568 1
1428 9545 1
1428 9363 1
1428 9836 1
1428 9840 1
1430 9233 2
1430 9130 2
1430 8836 1
1430 8998 1
1430 8999 2
1447 8666 1
1447 9817 1
1447 9098 2
1451 8677 2
1451 8661 25
1451 8968 1
1451 9951 1
1451 9899 47
1467 9775 2
1467 9840 1
1467 8716 4
1467 8983 3
1473 8629 1
1473 9277 5
1479 9417 2
1479 8771 1
1479 9202 1
1479 9424 1
1479 8749 4
1479 9040 1
1479 9445 1
1483 8640 1
1483 9097 1
1483 9126 1
1483 9784 1
1483 8687 1
1483 9487 9
1483 9926 83
1483 9432 3
1483 9789 1
1485 9876 1
1485 9156 1
1485 8803 1
1485 9710 3
1490 9260 1
1492 9627 4
1492 8989 1
1492 9485 1
1492 9563 2
1495 8639 1
1495 9797 2
1509 9149 1
1509 9204 8
1509 9527 2
1509 9191 1
1509 9330 1
1509 9772 1
1509 9375 2
1514 9287 1
1514 9966 4
1514 9385 1
1514 9527 1
1514 9146 3
1514 9890 1
1517 8746 1
1517 9357 12
1517 9880 1
1517 9077 1
1517 9565 5
1517 9408 3
1532 8902 3
1532 9156 1
1532 9427 6
1532 9807 1
1537 9956 1
1537 8578 3
1560 9177 1
1561 9359 1
1561 8690 1
1561 9165 1
1561 8801 1
1561 9427 24
1561 9503 1
1561 9588 6
1575 9318 7
1641 9005 20
1641 8638 1
1641 8816 2
1642 9194 1
1642 9280 6
1653 8767 1
1653 9044 2
1653 9596 7
1658 9327 1
1658 9448 1
1664 8603 9
1664 9107 1
1664 9527 8
1664 9817 1
1666 9989 1
1666 8873 1
1684 9786 3
1684 9268 1
1684 8803 1
1690 9835 1
1690 9876 1
1690 8814 2
1690 9282 1
1692 9033 1
1692 9791 1
1692 9128 1
1692 9559 1
1710 9910 1
1710 9647 2
1710 9233 5
1710 9805 2
1710 9577 1
1710 9887 1
1710 9531 3
1710 9864 1
1710 9957 1
1738 8684 2
1738 8752 1
1738 8962 10
1738 9738 1
1738 9873 2
1738 9764 1
1749 8976 3
1749 8968 1
1749 9261 1
1749 9821 1
1749 8779 3
1749 8739 7
1749 9872 1
1780 9977 1
1780 9867 1
1780 9416 6
1781 8877 1
1781 9848 1
1781 9802 1
1781 8965 2
1781 9946 1
1781 8737 1
1784 9964 2
1784 9385 1
1784 8961 1
1784 9741 1
1784 9765 1
1798 9591 1
1798 9998 11
1835 9402 1
1835 9921 1
1835 9870 5
1863 8836 50
1863 9291 1
1863 9896 1
1863 9651 1
1863 8926 1
1863 9287 1
1870 9432 1
1870 9191 1
1870 8999 1
1870 9718 1
1870 9196 2
1870 9236 1
1870 9208 1
1870 9538 1
1870 9557 2
1873 9914 2
1873 9173 1
1873 8761 1
1873 9266 1
1873 9520 4
1873 8848 20
1880 8703 184
1897 9750 1
1897 9332 8
1900 9840 1
1900 8803 1
1900 9386 1
1901 8614 3
1901 9072 1
1901 8763 5
1901 9913 2
1902 9766 1
1902 8861 5
1902 8784 1
1903 9267 1
1903 9114 8
1912 9901 1
1912 9010 1
1912 9272 1
1912 9955 4
1918 9573 2
1918 9617 8
1930 8999 1
1930 9401 20
1930 9675 2
1930 9663 1
1947 9208 1
1947 8688 2
1947 9330 2
1948 9035 1
1948 9048 1
1950 8726 1
1950 9499 1
1950 9524 1
1973 9788 1
1973 8841 1
1973 9137 2
1973 9630 1
1973 8658 31
1973 9725 1
1975 9067 3
1975 9529 1
1975 8903 2
1975 9403 6
1975 9562 1
1989 9487 1
1989 9295 1
1989 9928 2
1989 9616 1
1989 9819 1
1989 9576 1
1998 8672 2
1998 9276 1
1998 9885 1
1998 9666 2
1998 9852 1
1998 8852 1
1998 9301 1
2024 8958 4
2024 9177 1
2024 8642 1
2028 9017 5
2090 9426 10
2116 9185 2
2116 9282 1
2151 9056 2
2151 8727 4
2151 8751 1
2151 9333 1
2151 9683 3
2151 9864 5
2151 9111 11
2151 9664 1
2165 9867 1
2165 9411 1
2165 8802 10
2165 9249 1
2165 9910 1
2167 9128 1
2167 8682 3
2167 8813 1
2167 9076 1
2167 9458 2
2167 9704 2
2186 9317 1
2186 9315 1
2186 9088 3
2187 9566 1
2187 9041 1
2192 9473 1
2192 9885 4
2192 8983 1
2192 9031 1
2192 9296 1
2192 9330 1
2192 9086 1
2192 9347 10
2192 9806 1
2192 9875 1
2192 8750 6
2192 8586 1
2192 9221 1
2200 9066 1
2200 8769 1
2200 9641 1
2213 9516 4
2213 9001 1
2213 8675 1
2213 9977 1
2213 8654 2
2259 9231 3
2259 9172 1
2260 8926 2
2260 8594 2
2260 9915 1
2272 8646 1
2272 8757 1
2272 9775 1
2287 9629 3
2287 9354 1
2287 9927 5
2287 9729 1
2289 9261 1
2289 9447 1
2289 9466 2
2289 8983 1
2289 9026 1
2289 9204 1
2326 8898 1
2326 9444 1
2326 9703 5
2337 9669 1
2337 9955 4
2337 9327 2
2370 9691 2
2370 9327 1
2405 9915 1
2405 8854 2
2405 9189 1
2405 9505 3
2405 9681 1
2421 9478 4
2421 8775 1
2421 9834 1
2421 9426 2
2423 9240 1
2423 9700 3
2423 8858 1
2423 8925 1
2441 8965 2
2441 8737 2
2441 9392 1
2474 9361 6
2474 9672 1
2488 8728 1
2488 9163 1
2488 9066 1
2488 8717 1
2488 9994 1
2488 9329 1
2509 8663 1
2509 9616 16
2509 9238 2
2510 9923 2
2515 8740 6
2515 9623 4
2515 8722 1
2515 8738 3
2515 9448 4
2516 9505 2
2516 8826 2
2516 9511 3
2516 9736 1
2516 9930 2
2528 9590 1
2528 8691 9
2531 8805 2
2542 9357 1
2542 8916 1
2542 9086 4
2542 9799 2
2577 9653 3
2577 9565 2
2577 9474 4
2577 8705 1
2599 9800 1
2599 9619 1
2599 9710 1
2599 9442 1
2599 9859 1
2599 8743 1
2632 8773 15
2632 9504 2
2632 9230 2
2632 9896 2
2632 9946 1
2633 8643 1
2633 9559 2
2634 9915 1
2634 8787 2
2634 9659 1
2647 9119 2
2647 9512 1
2647 9998 1
2647 9411 1
2647 9566 1
2650 8857 2
2656 8885 2
2656 9221 1
2656 9943 1
2656 9752 1
2656 9719 5
2659 8574 1
2659 8618 3
2659 8647 1
2664 9847 1
2665 8983 1
2665 8962 1
2665 9413 1
2665 9660 1
2684 8880 2
2684 9692 22
2690 8683 1
2690 8651 2
2690 9856 1
2690 9427 1
2691 9886 1
2691 9863 1
2716 9461 2
2723 9851 1
2730 9883 3
2730 9716 1
2730 8982 8
2730 9216 1
2734 8985 2
2734 8836 1
2734 9800 1
2734 8908 1
2734 9076 13
2734 9331 1
2736 9873 1
2736 8641 1
2736 8848 1
2736 9976 1
2751 9862 13
2772 9317 1
2772 9235 7
2774 9930 1
2774 9070 3
2774 8643 1
2774 8696 2
2774 8984 4
2809 9091 2
2809 9229 1
2809 9400 1
2809 8683 1
2809 8861 1
2809 8936 1
2809 9892 20
2816 9420 25
2816 9402 1
2816 9015 1
2816 8651 1
2816 8675 1
2816 9352 4
2828 9181 1
2828 8667 4
2828 8689 1
2828 9119 2
2828 9397 19
2836 9570 1
2836 9592 2
2836 9892 1
2836 9482 1
2838 8633 6
2838 9046 3
2844 9597 1
2844 8580 2
2844 8653 1
2844 9318 1
2849 9571 1
2874 9782 1
2874 9624 1
2883 8740 1
2883 8876 1
2883 9599 146
2887 9463 6
2887 9795 1
2887 8671 1
2887 9324 1
2898 8818 1
2898 9934 2
2905 9876 1
2905 9730 3
2912 9738 1
2912 9825 14
2912 9451 1
2912 9568 3
2916 8717 1
2916 9950 3
2916 8866 3
2916 9779 2
2916 9005 1
2917 9541 2
2917 9986 1
2917 9769 1
2917 9956 8
2917 9837 2
2940 9820 3
2940 8627 1
2940 9686 1
2940 9708 1
2940 9971 4
2940 8691 1
2940 9337 39
2940 9484 1
2952 8747 6
2952 8685 1
2952 8597 1
2952 9035 9
2966 9539 8
2966 9563 1
2966 9252 1
2966 8689 4
2983 9353 1
2983 9240 2
2983 9402 43
2991 8780 1
2994 9950 1
2994 9285 2
2994 8741 1
2994 9357 2
2994 9489 1
2994 9810 10
2994 9952 19
2999 9774 1
2999 9512 3
2999 8878 1
3009 9737 8
3009 9843 1
3023 8993 1
3023 9684 1
3023 8782 3
3023 9888 1
3028 9046 1
3028 9007 1
3028 9063 1
3032 9988 4
3032 8594 1
3032 9274 1
3041 9276 1
3041 9487 3
3041 8784 1
3041 9848 2
3041 8989 1
3062 9931 1
3062 9805 1
3073 9814 2
3073 9484 6
3073 9785 1
3073 8968 1
3073 9043 1
3076 9226 12
3076 9591 1
3076 8907 1
3076 9230 2
3076 9589 1
3104 8611 1
3104 8619 1
3104 8838 2
3104 9107 1
3104 9621 1
3104 9372 1
3104 9557 1
3104 9620 20
3122 9788 1
3128 9584 2
3128 8608 1
3128 8989 1
3128 9562 1
3128 9432 4
3128 9144 1
3128 9647 1
3128 9317 5
3132 9957 1
3133 9163 3
3133 9461 2
3133 9738 3
3139 8620 3
3139 8589 1
3139 9648 1
3154 9006 6
3154 9360 1
3159 9789 5
3159 9046 3
3159 8676 3
3159 9974 1
3162 9899 1
3162 9539 4
3162 8822 13
3162 8611 1
3177 8768 2
3177 9216 1
3177 9664 1
3177 9760 1
3177 9788 1
3190 8779 1
3190 8768 1
3190 9066 2
3190 9255 1
3190 9486 2
3190 8916 1
3190 8984 1
3190 9324 1
3190 9952 2
3190 9908 2
3192 9283 1
3192 9592 1
3192 9799 1
3192 8626 1
3192 9611 2
3192 8712 1
3192 9146 2
3195 9020 1
3195 9850 3
3196 8876 1
3198 8622 4
3198 9602 11
3202 9890 1
3202 8672 6
3216 8801 1
3216 9307 1
3220 9758 1
3220 8645 1
3220 9788 44
3248 9205 17
3248 8842 3
3254 9831 1
3254 8920 1
3254 9738 1
3258 9641 1
3258 9951 1
3278 9667 2
3278 9647 4
3278 9929 1
3278 9504 4
3314 9370 1
3314 8686 3
3314 9783 1
3315 8667 1
3315 9900 2
3315 9984 1
3315 9255 22
3315 9982 1
3336 9671 1
3336 9087 2
3336 8731 1
3336 8574 2
3338 9000 2
3338 8920 1
3404 9181 1
3422 8578 1
3422 8728 1
3422 9424 1
3465 9575 1
3477 8665 1
3477 8943 1
3511 8922 1
3511 9008 1
3511 9526 1
3511 9340 1
3511 9424 2
3511 9772 1
3511 8948 1
3511 9479 1
3511 8714 10
3511 9766 1
3533 9955 5
3533 9583 2
3533 8762 1
3541 9345 4
3541 9653 2
3541 8805 1
3541 8921 2
3541 9039 3
3558 9122 7
3558 8815 6
3558 9067 1
3558 9498 4
3558 8665 3
3558 8689 2
3576 9950 1
3576 8720 3
3576 9261 1
3576 9988 1
3578 8836 1
3578 9934 11
3578 8746 200
3578 8769 1
3578 9439 1
3584 9583 1
3584 8629 2
3584 8702 1
3585 9873 1
3585 9638 1
3585 8654 1
3585 8843 1
3585 9351 2
3585 9415 1
3602 9027 1
3602 9280 1
3602 9462 1
3602 9335 1
3602 9390 1
3605 9168 2
3614 9197 12
3614 9001 2
3615 9327 5
3630 8885 3
3630 9419 1
3630 9646 1
3633 9393 1
3633 9771 1
3643 9165 10
3643 8915 6
3643 9294 2
3652 8696 3
3656 8727 10
3656 9941 5
3656 9235 1
3673 8976 1
3673 9758 1
3694 8757 2
3694 9755 1
3695 8907 2
3695 8823 183
3695 9842 1
3727 8901 1
3727 9638 1
3754 9236 1
3754 9138 1
3754 9348 2
3769 9084 1
3769 8589 1
3769 9377 1
3769 8998 2
3769 9323 6
3769 9593 157
3769 9629 1
3801 9516 2
3805 9631 2
3805 9326 3
3805 9975 1
3806 9107 24
3806 9924 1
3843 9556 2
3843 8791 3
3843 9323 1
3848 9821 1
3848 9099 1
3862 8906 1
3862 9171 1
3862 9875 1
3866 9547 3
3866 8597 1
3866 8757 1
3866 9719 1
3866 9804 2
3866 8820 4
3866 9027 1
3866 9591 1
3875 9755 2
3875 8967 1
3875 9333 1
3875 9417 8
3924 9090 3
3924 9552 1
3924 8771 1
3924 9246 1
3943 9596 1
3943 8806 3
3943 9583 2
3951 8975 1
3951 9592 1
3951 9379 4
3951 8742 130
3964 8586 1
3964 9588 1
3964 8738 6
3964 8786 5
3964 9394 1
3964 9102 1
3966 9823 1
3966 9284 2
3966 8663 1
3966 9293 1
3966 9377 43
3969 9246 7
3969 8622 55
3969 9230 1
3969 8878 3
3969 9100 5
3969 9340 1
3969 9775 1
3977 9766 1
3977 9910 6
3977 9519 1
3977 9683 1
3977 9164 2
3977 8690 200
3977 9030 1
3977 9276 1
3980 8587 3
3980 9090 140
3981 9284 1
3981 8982 29
3981 8592 1
3981 8684 7
3981 9619 6
3985 8631 1
3985 9783 3
3985 8600 1
3990 9692 1
3990 8654 1
3990 8793 3
3990 9608 4
3994 8608 1
3994 9140 1
3994 9392 1
3994 8971 2
4021 9876 2
4021 9560 1
4021 8583 1
4021 9774 1
4021 9793 1
4021 9925 1
4021 9680 14
4024 9580 3
4024 8891 3
4024 8822 1
4024 9681 1
4040 8971 6
4040 8851 2
4064 9985 2
4064 8805 1
4064 9869 1
4074 9418 1
4107 8858 1
4107 9368 1
4107 9204 1
4107 9400 1
4107 9377 1
4107 9140 10
4107 9195 1
4122 9656 1
4122 8934 4
4122 8736 3
4122 9022 1
4122 9550 1
4122 9009 1
4144 9525 2
4144 8738 1
4144 9377 1
4144 8594 9
4144 9589 3
4185 9581 1
4185 9877 2
4203 8976 1
4221 9750 2
4221 9794 1
4221 8612 13
4231 9451 1
4231 9370 1
4231 9469 1
4233 8756 1
4233 8590 1
4233 8619 1
4233 9632 1
4236 9891 2
4236 8854 1
4265 8908 7
4265 8888 1
4265 9040 1
4265 9923 200
4265 8662 1
4265 9323 1
4265 8873 1
4265 9461 3
4269 9913 3
4269 8831 1
4269 8854 1
4269 9613 1
4269 9525 1
4269 9653 1
4280 9044 6
4280 8906 1
4280 9934 8
4280 9966 1
4300 8926 1
4300 9298 1
4300 9613 1
4300 9656 1
4300 9646 3
4300 8939 1
4304 9687 5
4304 9982 6
4304 9211 1
4304 9684 1
4333 9451 1
4333 8652 1
4333 9426 1
4348 9683 1
4348 9282 5
4348 9834 2
4361 8771 1
4361 8899 1
4361 9547 1
4361 9139 1
4361 9445 1
4365 9470 2
4373 8948 1
4373 9136 2
4373 8580 1
4373 9863 1
4391 9005 1
4391 9646 1
4391 9297 1
4391 9717 1
4397 9343 1
4397 8995 1
4397 9229 1
4417 9261 1
4417 9657 1
4437 9644 4
4437 9016 8
4437 9581 5
4443 8967 1
4443 9846 1
4443 8722 4
4443 9260 1
4443 9631 8
4443 9891 1
4455 9655 1
4455 9894 1
4455 9847 1
4471 8668 1
4471 9225 1
4471 9566 2
4471 9721 1
4471 9944 3
4471 9096 3
4471 9341 1
4471 9984 42
4471 9285 1
4471 9846 1
4487 9310 1
4487 9785 5
4487 9579 2
4487 9880 46
4487 9971 1
4487 9073 1
4487 9590 2
4529 9629 1
4531 9354 2
4531 9246 16
4535 9943 1
4535 8630 1
4535 9090 1
4544 8603 1
4544 9090 1
4544 8822 1
4546 8605 1
4546 8848 1
4546 9200 1
4546 9425 1
4546 9467 1
4546 9549 1
4548 9415 7
4548 9391 1
4566 8655 1
4566 9080 1
4566 9880 4
4577 9194 1
4577 9359 1
4577 9755 1
4577 9840 2
4577 9372 4
4592 9363 6
4592 9909 2
4609 8908 1
4609 9630 2
4622 9427 1
4622 9165 1
4622 9854 1
4631 8724 1
4631 9764 1
4631 8749 4
4631 9725 2
4631 9843 4
4638 8916 1
4638 8998 1
4638 8698 1
4638 9205 2
4638 9780 1
4638 9870 1
4638 8941 3
4638 8686 2
4638 9202 1
4640 9486 1
4640 8762 2
4650 9492 1
4659 9580 1
4659 9348 1
4659 9736 1
4695 9802 1
4695 9034 1
4695 8987 1
4695 9183 1
4709 9478 10
4709 9457 2
4709 9095 2
4709 9158 1
4715 9804 1
4715 9244 1
4715 9627 2
4715 9649 1
4715 9986 3
4729 8782 1
4729 9893 1
4733 9896 1
4738 8710 5
4738 9399 4
4738 9908 2
4738 9952 1
4738 9183 1
4757 9227 2
4757 8802 1
4757 8905 1
4757 8966 1
4757 9184 1
4757 9943 1
4763 8702 1
4763 8985 2
4768 8665 1
4768 8979 2
4768 8969 1
4775 9856 1
4775 9179 10
4775 9346 4
4800 9041 5
4800 9043 1
4800 9437 2
4800 9586 1
4801 9034 4
4801 9696 1
4807 9213 1
4847 9875 1
4847 9414 3
4847 8743 2
4847 9300 1
4870 9897 1
4870 8577 2
4870 8669 1
4886 9777 1
4886 9624 1
4886 8578 1
4886 9318 2
4886 8647 2
4889 9031 7
4889 9605 1
4889 8758 1
4890 9492 1
4890 9837 1
4949 8654 1
4949 9043 1
4949 8705 2
4949 9769 1
4949 8703 1
4951 9547 1
4951 9470 1
4951 9925 1
4951 9966 29
4974 8622 1
4974 9656 63
4983 8797 1
4983 8660 4
4983 9207 1
4983 9822 1
4990 9328 1
4990 9914 3
4990 8859 1
4990 9553 1
5001 9685 1
5001 8891 1
5001 9408 1
5001 9717 2
5001 8682 2
5001 9610 1
5006 9674 1
5006 9343 1
5006 9889 10
5022 8671 4
5022 9138 1
5022 9554 2
5022 9300 1
5022 9843 1
5022 9261 2
5024 9175 2
5024 8936 3
5030 9343 1
5030 8793 4
5031 9649 1
5032 9388 1
5032 9404 1
5038 9002 2
5038 9238 1
5038 9031 157
5038 9442 8
5043 9307 1
5043 9589 1
5043 9930 1
5048 9144 6
5048 9393 2
5048 9653 1
5048 8693 4
5048 8855 3
5048 9089 2
5057 9582 2
5058 8716 1
5082 9326 1
5082 8779 31
5082 9211 1
5082 9894 14
5091 8740 3
5091 9013 8
5091 9025 1
5091 9267 1
5091 9421 2
5091 8871 2
5091 9003 1
5091 8671 1
5095 9802 2
5095 8745 2
5095 9199 1
5124 9101 1
5124 9655 2
5124 9690 10
5124 9132 2
5124 9832 7
5124 9877 3
5136 8675 1
5145 8637 2
5146 8622 1
5146 9621 12
5146 9834 1
5146 8652 2
5146 9287 1
5146 9752 3
5146 9874 1
5163 8826 4
5163 9361 1
5163 9700 1
5210 9128 1
5210 9400 1
5210 9554 1
5242 9727 1
5242 9787 2
5247 8610 1
5247 9399 1
5253 9943 3
5253 9144 1
5271 9762 4
5271 9418 2
5271 8651 1
5271 8639 1
5275 8645 1
5275 9366 1
5282 9307 1
5282 9796 3
5299 9504 1
5302 9011 1
5302 9085 5
5302 9362 1
5302 9457 8
5310 8627 1
5310 9044 2
5310 9346 2
5310 9642 1
5310 9979 8
5310 9027 1
5310 9679 1
5310 9619 1
5353 8901 1
5361 9149 1
5361 9137 1
5367 9361 2
5367 9122 1
5367 9784 1
5371 9624 3
5371 8861 1
5371 9949 1
5371 8588 2
5371 8652 1
5371 9535 1
5371 8695 3
5371 9574 1
5371 9750 1
5371 9690 6
5371 8716 3
5381 9486 1
5381 9479 3
5381 9517 1
5381 9196 11
5388 9160 2
5388 9861 1
5388 9025 2
5388 9208 1
5388 9101 1
5388 8578 1
5388 9692 1
5394 9401 5
5394 8640 1
5394 9613 1
5398 8576 1
5400 9263 2
5407 9530 5
5407 9359 1
5407 8899 50
5407 9894 2
5407 8976 1
5413 9616 5
5413 9493 2
5413 8813 1
5413 9518 2
5413 9500 1
5413 9575 1
5413 9994 1
5413 9401 1
5423 9765 3
5423 9973 2
5423 9885 1
5441 8816 1
5441 9542 2
5442 8717 1
5442 8684 1
5447 8619 1
5447 9969 5
5448 9478 8
5448 8979 1
5448 9002 4
5448 9130 10
5448 9900 3
5454 9915 2
5454 8904 1
5454 9623 1
5455 9795 1
5455 9893 1
5455 9668 1
5455 9362 2
5455 8626 2
5467 9331 1
5467 9686 1
5469 9122 4
5485 8720 1
5485 9091 1
5485 9413 2
5485 9828 1
5503 9874 2
5503 9089 3
5503 9895 1
5503 9308 1
5503 9311 1
5521 8716 1
5521 9197 2
5541 9755 1
5541 8681 1
5541 9893 1
5542 9549 1
5542 9488 1
5555 9427 1
5555 9248 1
5555 8728 1
5557 9168 1
5566 8580 1
5584 9440 1
5584 8860 1
5584 8927 2
5584 9640 10
5585 9045 6
5585 9136 2
5585 9820 2
5587 9347 5
5587 8714 1
5587 9178 4
5587 9312 1
5593 8921 3
5593 9445 1
5593 8663 1
5593 9717 1
5593 9457 1
5631 8747 200
5631 8977 2
5637 9311 2
5637 9737 2
5638 9002 6
5638 8710 1
5638 9072 5
5645 8877 1
5645 9084 2
5645 9800 1
5645 9391 5
5645 9593 1
5656 9660 1
5656 8741 3
5656 9505 16
5660 9397 2
5660 9212 1
5660 9716 1
5660 9789 2
5660 9194 1
5687 9066 1
5687 9363 1
5687 9656 1
5713 9272 4
5713 9574 1
5713 9663 1
5713 9259 17
5719 8660 1
5719 9864 5
5719 9347 1
5726 9338 2
5726 9482 1
5726 9595 1
5726 9947 1
5726 9794 1
5726 8892 1
5726 9425 1
5726 9494 2
5726 9751 3
5735 9931 1
5735 9035 2
5735 9179 1
5735 9964 1
5741 8818 2
5741 9648 1
5741 9711 1
5742 9563 1
5743 9138 1
5743 9982 1
5743 9482 1
5743 8824 2
5743 9943 2
5743 8735 2
5743 8801 9
5743 8917 1
5752 8636 1
5752 9801 1
5752 9398 2
5758 8815 3
5758 9240 1
5758 9434 1
5758 9884 1
5758 9234 1
5758 9403 141
5762 9343 14
5762 9774 1
5762 8917 14
5762 9248 1
5762 9897 2
5762 8817 2
5784 9306 3
5784 9233 1
5784 9124 1
5784 8916 2
5784 8753 1
5784 9345 2
5796 9982 1
5796 9888 4
5796 9040 2
5796 9373 1
5800 9367 1
5800 9797 1
5800 8784 1
5800 8828 4
5800 9109 1
5801 9640 1
5801 9831 1
5813 9605 1
5813 9026 1
5813 8870 61
5813 9679 1
5822 9644 1
5822 9602 1
5840 8929 1
5840 9893 2
5840 9097 1
5846 9655 1
5846 8637 1
5846 9363 2
5846 9088 24
5867 9044 1
5867 9538 1
5867 9710 2
5867 9339 1
5867 8625 1
5867 8756 2
5867 9409 1
5867 8676 1
5867 9575 11
5867 9582 2
5877 9786 4
5877 9521 2
5877 9417 1
5877 9535 1
5877 9694 1
5889 9939 4
5889 9013 16
5889 8759 6
5889 9168 8
5896 9357 2
5898 9345 1
5898 9196 3
5898 8614 2
5899 9751 2
5899 9290 3
5901 9295 3
5901 8734 2
5901 9306 1
5906 8600 1
5910 9408 1
5910 9025 1
5912 9916 15
5912 8636 6
5949 9254 1
5949 8622 1
5949 9149 1
5951 9874 2
5951 9001 1
5951 8906 3
5967 9349 1
5973 8676 1
5973 9683 3
5973 9787 1
5973 9510 2
5974 9297 8
5974 9823 3
5974 9339 4
5974 9933 1
5984 8878 1
5984 9175 1
5984 9291 10
5985 8927 18
5985 9299 1
6015 8833 2
6015 8806 13
6015 9577 1
6020 9851 1
6020 8985 17
6020 9471 1
6020 9469 1
6020 9040 1
6020 8609 1
6020 9083 1
6020 9362 26
6030 9227 1
6032 9331 2
6032 9672 56
6032 8597 17
6032 9418 1
6032 9639 1
6032 9814 11
6032 9839 2
6035 9553 1
6035 8621 1
6035 8647 1
6035 8876 3
6035 9034 2
6041 9924 1
6041 8603 2
6041 9728 1
6066 9080 1
6066 9584 2
6066 9647 1
6090 8959 1
6090 9200 1
6131 9531 1
6131 8576 3
6135 8875 2
6139 9287 3
6141 8794 2
6141 9929 2
6141 9167 2
6141 9800 1
6141 9806 1
6148 8684 1
6148 9099 2
6149 9750 1
6149 9805 1
6149 8975 2
6149 9203 2
6149 9486 1
6159 9832 1
6159 9413 1
6159 9521 4
6159 9171 1
6162 8889 1
6162 9804 1
6180 8690 1
6180 9266 3
6180 9043 1
6180 9033 1
6180 8985 1
6180 9212 5
6180 9328 3
6182 9006 10
6182 9155 1
6184 9461 16
6184 9941 1
6184 8693 3
6184 9544 1
6184 9231 24
6193 9291 1
6193 8889 1
6193 9202 1
6193 9921 2
6193 9994 2
6216 8876 1
6216 8943 1
6216 9969 3
6216 9386 2
6216 9094 42
6216 9354 2
6230 9974 10
6237 9628 1
6237 8869 2
6237 8831 1
6237 9666 36
6238 8873 3
6238 8902 1
6238 9051 1
6238 9614 1
6240 9146 1
6240 9717 2
6240 8759 3
6240 8984 2
6240 8655 1
6240 9976 1
6240 8948 3
6240 9547 1
6241 8817 2
6241 9913 1
6241 9512 1
6245 8733 1
6245 9326 1
6245 9581 2
6246 8756 12
6246 9936 1
6246 8864 1
6246 9690 44
6246 9852 1
6256 9353 20
6272 9026 2
6272 9177 1
6272 9439 1
6272 9754 1
6285 9868 1
6285 9503 1
6285 9655 1
6285 8786 1
6290 9549 2
6290 8586 1
6290 9128 1
6290 9312 1
6294 9492 1
6294 9351 1
6294 9030 1
6294 9619 20
6294 8895 1
6294 9091 5
6294 9366 4
6294 8694 1
6299 8885 1
6299 9084 1
6299 9093 2
6300 9828 1
6300 9420 1
6318 8843 1
6318 9579 1
6318 9626 2
6318 9740 2
6324 8661 1
6324 9466 1
6324 9200 1
6342 9227 1
6354 8866 1
6354 9156 2
6354 9207 1
6357 9309 4
6357 9346 1
6357 9485 3
6357 9238 1
6357 9713 1
6357 8695 5
6405 9889 3
6425 8598 1
6427 9011 1
6427 9941 1
6427 9949 1
6473 9259 1
6473 8797 3
6473 8683 1
6473 9011 1
6473 8715 2
6473 8961 1
6473 9066 1
6478 9538 4
6478 9269 1
6478 9985 4
6483 9437 3
6483 9442 1
6483 8971 1
6483 9529 3
6483 9827 1
6488 8949 7
6488 9126 3
6488 9263 1
6488 9470 3
6502 9532 2
6502 9947 1
6507 9015 7
6507 9280 2
6507 9901 200
6507 9385 6
6507 9337 1
6507 9883 1
6507 9330 1
6512 8847 4
6512 9079 1
6512 9254 1
6512 9283 1
6526 8849 3
6526 8906 1
6526 8605 1
6526 9613 2
6530 9128 2
6530 9232 1
6530 9727 1
6540 8847 2
6540 9463 1
6544 9207 5
6545 8614 1
6545 9382 1
6545 9451 1
6545 8943 2
6545 9626 5
6546 8983 1
6546 9361 2
6546 9579 1
6546 8901 10
6546 9991 1
6561 9749 3
6561 8736 1
6561 9402 1
6561 9499 1
6561 8965 3
6567 9416 2
6567 8908 1
6567 9011 1
6569 9382 1
6569 8656 13
6569 8888 1
6569 9928 1
6586 9424 2
6586 9140 1
6586 9071 1
6586 9383 1
6595 8696 32
6595 8870 1
6622 8578 7
6622 8887 1
6631 9988 1
6649 8646 2
6649 8934 1
6649 8941 1
6649 9285 2
6649 9782 1
6649 9631 1
6649 9160 5
6697 9625 4
6697 9577 3
6706 9516 1
6706 9961 1
6722 8976 1
6722 9051 2
6722 9247 7
6722 9368 1
6722 9753 6
6722 8724 1
6722 8949 2
6722 9475 1
6722 9587 6
6757 9628 1
6757 9662 1
6757 9167 1
6757 9708 1
6773 9469 1
6773 8687 1
6773 8859 1
6774 8901 1
6774 9655 1
6774 9869 1
6774 9447 1
6774 8877 1
6774 9628 1
6777 9299 3
6777 8609 1
6777 8642 1
6777 9798 4
6789 8860 3
6789 8633 5
6789 9944 1
6792 9205 1
6805 9156 3
6805 9870 1
6805 8898 1
6819 8668 1
6819 9396 1
6819 9610 1
6819 9490 2
6821 9583 1
6821 8853 1
6821 8903 1
6821 8605 2
6821 9565 1
6830 8836 1
6830 9056 1
6830 9631 1
6857 8848 1
6857 8773 2
6857 9385 1
6857 9657 2
6857 9750 1
6860 9649 16
6860 8668 18
6864 8774 1
6864 9850 1
6864 9046 1
6864 9588 15
6864 9753 4
6867 9352 2
6867 9073 1
6885 8892 5
6892 9052 2
6892 8646 8
6926 9408 1
6926 9118 7
6926 9129 1
6926 9586 3
6928 9538 4
6928 8863 1
6928 9068 1
6942 9929 1
6942 8627 2
6942 9281 2
6945 8640 1
6945 9151 1
6945 9525 1
6945 9728 1
6945 9574 2
6957 9382 2
6957 9171 1
6957 9493 2
6957 9773 1
6957 9517 3
6957 9926 1
6967 9691 3
6968 9762 3
6968 8612 2
6968 9354 4
6968 9397 1
6968 8982 1
6969 9469 2
6969 9226 1
6969 9715 1
6969 9228 1
6969 9765 1
6969 9390 5
6969 8751 1
6969 9333 1
6981 9280 1
6981 9353 2
6981 9661 1
6981 9087 1
6981 9109 1
6981 9929 1
6984 9751 1
6984 8632 1
6984 8985 2
6984 9625 1
6984 9780 4
6984 8695 7
6984 9856 1
7000 8820 1
7000 9359 5
7000 9544 2
7014 9797 1
7014 8667 11
7014 8845 3
7014 9711 1
7014 8787 1
7014 8847 1
7026 9745 1
7026 9619 1
7026 8598 11
7028 8600 1
7028 9541 5
7028 9916 200
7042 8677 2
7042 8979 5
7042 9105 3
7042 9177 8
7068 8756 3
7068 8864 4
7068 8893 1
7078 9753 1
7078 9765 1
7078 8995 1
7078 9616 1
7087 9571 10
7091 9861 1
7091 9277 3
7091 9471 1
7091 9345 1
7113 9613 10
7113 9927 2
7113 9092 14
7113 9492 3
7114 9633 1
7114 8929 1
7114 9872 1
7137 9236 1
7137 9529 1
7137 8885 1
7137 9264 6
7137 9440 4
7144 8984 2
7144 9413 1
7144 9028 2
7144 9190 1
7157 9349 5
7157 8587 1
7157 9979 1
7157 9460 1
7157 9704 1
7160 8971 1
7160 9156 3
7160 9200 1
7160 9796 1
7160 9088 1
7160 9532 1
7160 9041 1
7160 8663 2
7160 8736 1
7160 9284 1
7160 9556 2
7160 9655 1
7163 9086 1
7163 8634 2
7163 9930 48
7163 9890 1
7163 9500 1
7168 9650 1
7168 9031 1
7168 9931 1
7176 8740 1
7176 9266 2
7176 9756 1
7176 8831 1
7176 9028 89
7176 9864 1
7176 8884 1
7183 8655 1
7183 9895 1
7183 9409 129
7183 9320 1
7192 9582 1
7204 9140 1
7204 8726 80
7215 9766 1
7215 8890 5
7215 9711 1
7219 9388 1
7219 9359 1
7240 8754 1
7240 9743 2
7240 9889 3
7240 9529 2
7240 9714 2
7240 9733 1
7240 9160 2
7240 9868 1
7241 8658 1
7241 8841 1
7241 9576 3
7241 9653 1
7241 9346 2
7241 8903 1
7241 9107 1
7271 9503 4
7271 9282 1
7271 9069 1
7271 9093 1
7271 9482 3
7271 8577 1
7275 9492 1
7275 8754 1
7285 8978 2
7285 9073 3
7285 9216 1
7285 8929 2
7285 9060 1
7285 9927 8
7305 8794 2
7305 9696 1
7305 9429 1
7309 9306 3
7309 9017 1
7309 9393 2
7309 9259 1
7309 9716 1
7315 9649 1
7320 9398 1
7320 8912 1
7335 8799 2
7335 9878 4
7353 9787 1
7353 9152 1
7355 9233 2
7355 8587 2
7355 9091 1
7355 8682 1
7355 9041 4
7355 9137 2
7355 9824 10
7355 8896 2
7355 9526 1
7417 8638 6
7417 9627 7
7417 8903 1
7417 9550 3
7417 9830 2
7423 9779 1
7448 9003 2
7484 9496 3
7487 8751 6
7487 9152 1
7487 9859 1
7487 9041 1
7487 9069 3
7488 9283 12
7488 9301 15
7488 9541 1
7488 9478 1
7488 9487 1
7505 9715 8
7505 9157 4
7505 9290 9
7505 9813 1
7514 9804 1
7514 8673 1
7514 8627 4
7514 9463 1
7514 8694 14
7514 8967 1
7515 9627 1
7515 9266 1
7515 8620 1
7515 9821 4
7515 9226 4
7515 9625 2
7520 8949 3
7520 9976 2
7520 8756 1
7520 9743 1
7520 9785 2
7538 9009 1
7538 9019 1
7538 8575 1
7538 8641 1
7538 8752 2
7538 8905 1
7538 9855 1
7539 8735 1
7539 8758 2
7539 8861 1
7539 9880 1
7542 9137 25
7542 9940 1
7542 9451 2
7542 9420 1
7542 8756 1
7542 9700 1
7542 8917 1
7542 9376 1
7542 9771 1
7542 8675 10
7545 9102 1
7545 9704 1
7549 9125 2
7549 9830 1
7549 9244 6
7549 8919 10
7549 9212 1
7549 9668 9
7552 9525 1
7552 9328 2
7552 9848 2
7556 9632 7
7556 9345 2
7556 8999 4
7556 9656 1
7556 9824 1
7559 9129 2
7559 8918 7
7559 9463 1
7577 9575 1
7577 9838 4
7584 9751 1
7584 9033 4
7584 9056 6
7584 9912 1
7587 8814 1
7587 9419 1
7587 9876 2
7589 8621 7
7589 9592 1
7593 8924 1
7593 9260 3
7593 9553 1
7593 9975 2
7593 9526 1
7594 8731 1
7594 9203 1
7594 9884 1
7602 8805 1
7602 9787 1
7602 9933 1
7602 9791 5
7602 9233 1
7603 9986 1
7604 9233 3
7610 9947 1
7610 8860 3
7610 8896 3
7618 9136 1
7618 8828 1
7623 8864 1
7623 9196 1
7623 8658 1
7623 9294 2
7623 9180 1
7636 9837 1
7636 8712 1
7636 8758 1
7636 8948 1
7642 9814 1
7642 8687 2
7642 9756 2
7647 9213 1
7647 9045 11
7647 9000 1
7647 9862 1
7663 9026 1
7663 9190 2
7663 8754 1
7663 9044 4
7663 9165 1
7663 9798 1
7663 9935 1
7703 8603 1
7703 9151 1
7716 8751 1
7716 9605 1
7719 9544 4
7719 8763 1
7726 9826 2
7726 8608 1
7727 8939 1
7727 9136 3
7727 9560 3
7727 8702 1
7727 9518 1
7727 9595 2
7741 8603 3
7741 8982 1
7741 8685 1
7741 9192 1
7748 9868 1
7748 8668 1
7748 8714 6
7748 8762 1
7748 8685 17
7748 8799 1
7748 9434 1
7750 8698 1
7750 9397 5
7755 8876 1
7755 9284 1
7755 9444 1
7755 9245 2
7758 9474 1
7759 9481 1
7759 8625 5
7759 8912 6
7759 9388 39
7759 9458 1
7759 9521 1
7767 8583 1
7767 8610 2
7786 8794 1
7786 9675 1
7786 9676 21
7786 9802 1
7786 9835 1
7794 9795 44
7794 8943 7
7794 9764 14
7802 8896 1
7802 9756 1
7802 9083 1
7802 9511 4
7802 8770 1
7822 9469 1
7822 9773 12
7839 8836 2
7839 9546 1
7839 9261 2
7839 9387 1
7839 9010 1
7843 8614 22
7843 9940 1
7844 9291 1
7844 8773 2
7844 8761 2
7844 9357 3
7844 9568 2
7844 9205 1
7855 9484 2
7855 9771 3
7855 9008 8
7857 9152 1
7857 8963 1
7866 9663 1
7866 9739 1
7866 9006 1
7871 9019 1
7871 8866 2
7885 8858 1
7885 8857 2
7891 9861 1
7891 9178 1
7892 8878 1
7892 8962 2
7892 9336 1
7892 9069 1
7892 9254 1
7905 8978 1
7905 9180 2
7905 8818 4
7917 9691 1
7917 9934 2
7917 8898 2
7917 9226 1
7917 9559 5
7929 9850 2
7929 8642 1
7929 9467 1
7929 9936 3
7929 9640 1
7929 8746 1
7929 9211 3
7929 9296 1
7939 9914 1
7939 9084 15
7939 9779 7
7939 8880 1
7939 8936 1
7951 9694 2
7951 9022 2
7958 9119 1
7958 9252 1
7967 8841 1
7967 9900 2
7989 9786 1
7989 8966 10
8022 9140 1
8022 9127 10
8036 9138 3
8036 8673 1
8036 9191 1
8036 9525 1
8036 9745 2
8036 9624 1
8049 8598 19
8049 9309 1
8056 9692 3
8056 9760 1
8056 9836 2
8056 8815 1
8056 8871 1
8056 9261 1
8056 9126 1
8056 8588 1
8065 9411 2
8065 9175 1
8066 8853 1
8066 9115 2
8066 8726 1
8066 8841 9
8067 9287 1
8067 8592 3
8067 9273 1
8067 8792 49
8084 9568 1
8084 9096 1
8089 9119 1
8107 9229 8
8107 8677 5
8107 9804 1
8107 9674 1
8130 9850 1
8130 9246 2
8130 9124 8
8130 9844 1
8135 9843 1
8135 9717 5
8135 8944 1
8135 9084 3
8135 8631 1
8135 9045 1
8150 8637 3
8154 9971 3
8170 9737 1
8170 9905 1
8179 8633 1
8179 8980 1
8179 8767 1
8179 9056 1
8179 9070 2
8179 8640 1
8193 9583 1
8193 8860 13
8193 9402 1
8193 9488 1
8193 9510 1
8193 8927 1
8193 9799 4
8193 9285 2
8193 9854 1
8193 9410 1
8194 9649 1
8194 9824 42
8194 8869 1
8194 8639 3
8194 9592 1
8194 9846 1
8202 8929 3
8202 9532 5
8202 9614 1
8202 9266 1
8205 9349 14
8205 9383 6
8205 9488 1
8205 9310 2
8205 9897 1
8216 9019 1
8216 9121 1
8235 9413 1
8235 9432 23
8235 9367 1
8235 9538 1
8235 9650 1
8235 9861 1
8235 9936 2
8235 9993 3
8247 9347 1
8247 9126 8
8247 8681 1
8247 9952 200
8247 9434 1
8247 9274 1
8247 9878 1
8265 9727 1
8265 9971 1
8265 9803 2
8282 9387 2
8282 8575 2
8282 8666 1
8282 9733 1
8286 9718 1
8286 8906 31
8286 8924 1
8286 9822 3
8286 9129 1
8288 9400 1
8288 8674 1
8288 8958 1
8292 9793 1
8292 9667 2
8292 9809 1
8292 9832 1
8308 8917 1
8308 9870 4
8308 9844 1
8308 9823 1
8308 9931 7
8308 9214 1
8313 8944 3
8313 8598 1
8313 8908 1
8313 8904 6
8313 9291 1
8313 9298 1
8313 9691 1
8317 9716 13
8317 9285 1
8317 9205 2
8317 9245 4
8317 9309 1
8317 8827 1
8317 8774 1
8319 9754 1
8319 9676 4
8335 9312 1
8335 8743 2
8345 9080 1
8345 8647 1
8345 8688 2
8346 9651 1
8346 9754 1
8346 9597 3
8363 9227 1
8363 9644 1
8372 9131 1
8372 9331 1
8372 9009 27
8372 9376 2
8372 8746 1
8375 8833 3
8375 9019 2
8375 9537 5
8382 8614 1
8382 8715 1
8382 8741 1
8382 9048 1
8382 9713 4
8382 9080 6
8412 8641 1
8412 9573 1
8412 9328 1
8412 9722 10
8415 9885 1
8415 9580 2
8415 8590 1
8415 8613 1
8421 9852 8
8432 9249 5
8432 8880 1
8432 9591 1
8432 8634 1
8432 8660 3
8432 9352 1
8432 9739 3
8432 9669 1
8442 9180 1
8442 8987 1
8442 9570 1
8442 9774 4
8442 9801 56
8444 9015 1
8444 9411 200
8444 9225 1
8467 8698 1
8467 9058 1
8467 9715 2
8483 9227 1
8483 8764 1
8484 8824 1
8489 9596 1
8496 9249 1
8523 9093 2
8523 8674 2
8523 9273 4
8523 9119 1
8523 8589 6
8523 9244 1
8523 9006 1
8523 9875 1
8530 8693 1
8530 9745 2
8544 9080 1
8544 9129 1
8544 9315 1
8555 8770 2
8555 8848 1
8555 9611 1
8555 9828 1
8555 9926 1
8555 8887 4
8555 8779 1
8556 8645 1
8556 9196 1
8556 9556 1
8556 8977 5
8557 9105 1
8565 9152 1
8565 9202 2
8565 9045 1
8565 9404 1
8565 9624 1
8565 9440 4
8565 8716 1
8565 9720 6
8567 9420 1
8567 9523 1
8567 8915 1
8567 8845 1
8571 9420 1
8575 8894 2
8575 9818 1
8577 8730 1
8577 9042 3
8578 8659 1
8579 9098 1
8579 9847 1
8579 8918 2
8581 9010 2
8581 9234 1
8581 9511 3
8581 9026 3
8581 9873 57
8581 9766 25
8582 9729 1
8583 8910 1
8584 8704 1
8584 8790 1
8585 9162 1
8585 9867 1
8585 9956 1
8587 9055 1
8587 9449 3
8588 8883 1
8589 8795 1
8590 9024 1
8591 8744 4
8591 9459 1
8593 8674 1
8593 9524 3
8593 9529 3
8593 9273 2
8595 9981 2
8596 9764 3
8596 9941 1
8596 9522 3
8596 9111 1
8598 8719 1
8599 8671 1
8599 8887 1
8599 9017 12
8599 9208 1
8599 9498 1
8600 9495 4
8600 9004 1
8601 9597 1
8601 8685 1
8601 9030 1
8602 9119 2
8602 9135 2
8604 9330 1
8604 8791 70
8605 8856 1
8606 9439 1
8606 9138 1
8606 9030 1
8606 9121 2
8607 9437 1
8607 9318 4
8607 9733 1
8610 9018 1
8611 8865 64
8611 8923 1
8611 8707 8
8614 8867 1
8615 9925 3
8615 8714 1
8615 8703 1
8615 9367 1
8615 9923 3
8616 8995 2
8616 8742 1
8616 9115 3
8617 9331 1
8617 9589 1
8617 9343 2
8620 8950 1
8620 8796 1
8621 8954 1
8621 9996 4
8623 9839 2
8623 9000 1
8623 8891 1
8623 9547 1
8624 8989 1
8624 9442 1
8626 8778 1
8626 9906 2
8628 8857 21
8628 8987 3
8629 8795 5
8631 8964 4
8632 8931 1
8633 8850 4
8634 8865 1
8634 8942 1
8635 9191 1
8635 9052 4
8635 9347 1
8635 9913 4
8638 8679 103
8643 9778 1
8644 8939 2
8644 9151 6
8644 9387 1
8646 8723 1
8648 8782 2
8649 8666 3
8649 9352 1
8649 9918 1
8649 8759 1
8649 8813 4
8649 8853 1
8649 9989 1
8650 9665 2
8657 9187 1
8657 9891 2
8657 9079 5
8658 8955 1
8659 9534 8
8659 9847 1
8662 8729 1
8662 8719 1
8664 8771 3
8664 9523 11
8664 9855 1
8666 9024 1
8666 8721 1
8667 9514 1
8667 8723 4
8668 9452 1
8669 9508 1
8670 9722 1
8670 9982 1
8671 8766 1
8672 8940 1
8672 8807 2
8672 9812 2
8673 9904 3
8673 8709 1
8673 8862 1
8674 9188 1
8675 8954 1
8677 8825 1
8678 9846 3
8678 8745 1
8679 9377 8
8679 9121 1
8679 9520 2
8680 9391 2
8680 9304 1
8680 9780 2
8681 8807 1
8683 8928 3
8683 9446 1
8686 9036 1
8686 9021 1
8687 8821 4
8688 8909 1
8688 9533 1
8688 8704 1
8689 9023 3
8690 8807 3
8692 9458 1
8694 9778 1
8695 8755 5
8695 8713 1
8696 9678 1
8697 9230 5
8697 9284 1
8697 9268 3
8699 9137 35
8699 8747 3
8699 9696 1
8700 9949 15
8700 8784 6
8701 9122 1
8701 8880 1
8701 9651 14
8703 8706 1
8704 9794 1
8706 9333 1
8706 9820 1
8706 8750 1
8707 9257 139
8707 9447 2
8707 9605 1
8708 8883 1
8708 9818 1
8709 9255 1
8709 9481 2
8709 9760 1
8709 9793 1
8710 9024 1
8711 9678 1
8712 8956 12
8712 9018 1
8713 9259 1
8713 9481 1
8713 8824 4
8713 9664 1
8715 9134 1
8715 9110 1
8717 8940 1
8718 9522 2
8718 9863 3
8718 8876 2
8718 9249 6
8718 9587 1
8718 9851 2
8719 9849 7
8720 8914 1
8721 9668 4
8722 8955 46
8723 8851 1
8723 9063 2
8723 9602 1
8723 9001 1
8723 9786 1
8723 9467 1
8723 9832 1
8725 8802 2
8725 9352 3
8725 8728 1
8727 8868 1
8729 9822 1
8729 9146 1
8729 9680 1
8729 9315 1
8731 8795 1
8732 9199 7
8732 9590 6
8732 9503 1
8733 8990 2
8735 9495 1
8737 8804 1
8737 9449 1
8738 9615 1
8739 9906 1
8740 8821 5
8741 8900 3
8742 9673 1
8742 9250 4
8743 8776 2
8744 9178 1
8744 9013 1
8744 9535 1
8744 9409 7
8744 9611 11
8747 9250 1
8748 8853 1
8748 9394 3
8748 9658 22
8748 9264 17
8749 8988 1
8749 9113 1
8750 9018 1
8752 8829 1
8753 8800 2
8754 8932 19
8755 8852 11
8755 9552 1
8755 9921 10
8755 9537 1
8755 9108 1
8755 9584 1
8757 8819 1
8757 8865 1
8760 8987 1
8760 9070 13
8760 9324 3
8760 9493 2
8761 8883 4
8763 9209 2
8764 8809 25
8765 9998 1
8766 9168 4
8766 9974 1
8766 9477 1
8766 9424 3
8766 8851 2
8766 9687 5
8767 8846 1
8767 9601 3
8768 8955 1
8772 9664 1
8772 9172 1
8772 9077 10
8772 9838 128
8773 9495 1
8774 8846 3
8775 8808 1
8776 9933 1
8777 9830 4
8777 9463 1
8777 9493 1
8777 9132 1
8778 9217 1
8778 9717 3
8778 9527 1
8778 9762 1
8778 9940 1
8778 9658 2
8779 9612 2
8780 9790 3
8781 8932 2
8781 8800 8
8782 8932 1
8783 9745 1
8783 8920 1
8783 9329 5
8783 9757 1
8785 9307 1
8787 8832 2
8787 8938 10
8788 9429 17
8789 9391 1
8789 9553 1
8789 9957 2
8789 9351 1
8790 9927 2
8790 9631 1
8791 8955 1
8792 9987 3
8794 8844 1
8795 9409 2
8795 9008 3
8796 9498 1
8796 9269 3
8796 9003 1
8797 8940 1
8798 9562 1
8799 8973 1
8800 9688 1
8802 9037 1
8804 8842 1
8804 8962 5
8804 9015 1
8804 9034 1
8805 9250 4
8807 8827 1
8807 9531 1
8807 9890 1
8807 9964 2
8807 9326 2
8808 9043 1
8809 8851 1
8810 9717 1
8810 9035 3
8810 9517 4
8810 9632 10
8810 9786 1
8811 9771 3
8811 8998 1
8812 9578 2
8814 9150 2
8814 9014 1
8816 9038 1
8817 8819 2
8819 9469 1
8819 9238 2
8820 8945 1
8821 9226 1
8821 9624 4
8823 8850 1
8823 8844 1
8825 9158 2
8828 9110 1
8829 9132 5
8829 9784 1
8829 9503 10
8830 9205 1
8832 8925 1
8832 9494 2
8832 9066 2
8832 9391 1
8832 9015 1
8833 8909 2
8833 9996 1
8834 9105 1
8835 8966 2
8837 9182 1
8837 9621 2
8838 9906 2
8838 9064 1
8838 8897 1
8839 9653 2
8839 9273 43
8840 8850 1
8840 8940 1
8843 9038 3
8843 8990 1
8844 9642 1
8844 9641 7
8844 9510 5
8844 9584 1
8844 9228 1
8844 9293 1
8846 8890 2
8849 9514 1
8850 9035 3
8850 9408 3
8850 8877 2
8852 8940 1
8852 9446 1
8852 9023 2
8852 8933 3
8855 9037 3
8856 9326 1
8856 9254 1
8856 9516 3
8856 9630 2
8856 9625 8
8856 8984 1
8856 9828 1
8858 9612 1
8862 9460 1
8862 8962 1
8865 8993 1
8865 9571 2
8865 9675 2
8866 9491 1
8867 9348 1
8867 9892 1
8867 9475 2
8868 9661 1
8868 9825 1
8868 9862 1
8869 9042 1
8871 9707 8
8872 9977 2
8872 9599 2
8872 9722 1
8872 9163 1
8875 8914 1
8877 9508 1
8879 9608 2
8879 9320 3
8879 9421 1
8881 9774 1
8881 9806 2
8881 9912 2
8881 8886 5
8881 9031 1
8881 9791 1
8882 9419 3
8882 9294 2
8882 9072 7
8882 9307 1
8882 9924 4
8883 9056 1
8883 9377 1
8883 8939 1
8883 9703 1
8883 8895 1
8883 9643 1
8886 9106 1
8886 9042 2
8887 9431 1
8888 9134 1
8889 8931 5
8890 9987 6
8894 9017 3
8894 9389 1
8894 9775 1
8897 9667 1
8897 9727 3
8897 9754 1
8901 9250 24
8902 8992 1
8903 9064 2
8907 9601 5
8910 9726 1
8910 9451 1
8910 9975 2
8911 9389 1
8911 9308 3
8911 8977 1
8911 9124 1
8911 9221 1
8911 9772 8
8911 8963 1
8913 9842 1
8913 9336 1
8914 9685 12
8914 9614 2
8914 9486 1
8914 9939 1
8917 8986 1
8919 9812 1
8920 9981 1
8921 8986 1
8922 9768 12
8923 9710 1
8923 9118 1
8923 8972 1
8923 9460 1
8926 9578 2
8927 9748 1
8928 9935 2
8930 9814 1
8931 9335 2
8931 9710 1
8931 9840 1
8931 9792 4
8931 9248 2
8931 9821 1
8931 9973 1
8932 9092 1
8932 9539 1
8932 9552 1
8933 9773 1
8933 8941 6
8933 9368 16
8933 9955 1
8935 9478 3
8936 9014 1
8936 9057 2
8937 9437 1
8937 8948 1
8937 9058 143
8937 9518 1
8937 9537 4
8937 9691 1
8937 9865 2
8937 9187 2
8938 9477 1
8938 9164 1
8938 9825 3
8940 9228 1
8941 9201 1
8942 9520 1
8942 9668 2
8942 9836 2
8944 9431 1
8944 9508 1
8946 9421 3
8947 9985 2
8947 9549 1
8950 9389 9
8950 9730 1
8950 9462 1
8951 9268 1
8952 9472 1
8953 9003 8
8953 9700 2
8953 9704 1
8954 9959 1
8954 9098 1
8954 9931 1
8954 9660 1
8954 9797 1
8954 9985 8
8954 9580 1
8955 9426 1
8955 9474 1
8957 8971 8
8957 9139 1
8957 9437 1
8957 9809 1
8957 9969 1
8959 9106 1
8960 9830 1
8964 9721 1
8964 9739 1
8965 9037 1
8965 9514 6
8970 9669 2
8971 9452 4
8973 9775 3
8973 9720 3
8973 9914 1
8974 9670 1
8974 9792 1
8976 9452 1
8979 9452 2
8981 9324 1
8981 9650 1
8986 9165 2
8987 9047 1
8990 9850 1
8990 9732 1
8991 9954 1
8991 9641 3
8991 9228 1
8991 9386 1
8992 9545 1
8992 9944 1
8994 9918 1
8997 9385 2
8997 9297 1
9002 9113 1
9004 9341 1
9004 9824 2
9012 9825 1
9014 9839 1
9016 9987 1
9021 9044 2
9023 9213 1
9025 9778 1
9029 9691 1
9032 9441 2
9032 9912 1
9032 9060 1
9032 9750 2
9033 9145 1
9037 9548 1
9039 9371 1
9042 9796 2
9042 9562 1
9042 9869 1
9047 9118 2
9049 9757 2
9049 9260 1
9049 9370 1
9049 9574 1
9049 9296 2
9050 9248 14
9050 9414 12
9050 9916 1
9050 9376 1
9051 9612 4
9053 9221 1
9054 9074 1
9054 9478 8
9055 9247 1
9057 9956 1
9057 9126 2
9057 9951 1
9058 9747 1
9064 9839 1
9064 9257 1
9064 9441 1
9067 9508 1
9068 9707 1
9072 9768 1
9074 9491 2
9081 9844 1
9081 9348 1
9081 9884 1
9081 9896 1
9081 9993 4
9085 9601 1
9087 9678 1
9092 9612 1
9093 9508 2
9094 9188 3
9095 9145 1
9106 9807 1
9106 9713 1
9106 9393 1
9106 9396 3
9106 9954 7
9109 9446 1
9110 9231 29
9110 9462 5
9110 9831 1
9110 9255 1
9113 9527 1
9113 9610 2
9113 9235 1
9130 9996 1
9133 9307 1
9133 9182 30
9133 9252 1
9138 9250 1
9145 9473 1
9148 9636 1
9150 9708 1
9150 9721 1
9150 9859 1
9151 9707 1
9186 9222 1
9188 9394 1
9188 9221 1
9188 9810 1
9188 9950 2
9189 9514 2
9191 9678 1
9197 9508 2
9200 9459 9
9201 9213 1
9201 9340 7
9201 9573 1
9201 9636 1
9209 9382 1
9209 9834 1
9210 9852 1
9210 9259 1
9224 9378 1
9225 9906 1
9227 9665 1
9238 9395 1
9250 9784 1
9250 9338 1
9255 9818 1
9258 9811 5
9267 9678 4
9274 9371 1
9277 9747 1
9284 9981 2
9293 9431 2
9299 9778 1
9302 9790 3
9306 9453 1
9310 9612 3
9311 9491 3
9333 9601 1
9335 9491 1
9336 9665 3
9350 9456 1
9371 9534 1
9371 9626 2
9371 9516 1
9375 9904 1
9379 9987 3
9388 9508 6
9390 9770 3
9395 9729 1
9395 9726 1
9396 9431 1
9399 9673 3
9404 9748 3
9419 9768 2
9423 9608 1
9431 9671 146
9439 9508 2
9446 9798 1
9447 9601 1
9449 9544 1
9449 9595 1
9450 9453 1
9452 9856 2
9459 9693 1
9459 9764 1
9461 9578 1
9464 9585 1
9469 9495 1
9472 9822 3
9495 9855 1
9495 9620 2
9495 9527 1
9495 9633 1
9496 9778 1
9514 9522 3
9514 9846 1
9522 9996 6
9528 9668 2
9533 9639 1
9533 9893 1
9546 9612 11
9549 9707 5
9555 9816 1
9562 9904 1
9571 9987 17
9578 9843 1
9578 9589 1
9578 9756 1
9603 9697 1
9606 9678 3
9612 9842 1
9615 9925 1
9630 9990 2
9639 9778 1
9642 9665 4
9653 9673 2
9657 9904 1
9665 9803 1
9705 9709 1
9714 9812 1
9718 9906 5
9719 9981 3
9748 9859 1
9748 9883 1
9768 9771 1
9779 9981 1
9784 9790 1
9810 9990 1
9826 9904 1
9918 9990 1
9949 9987 3
