0 9240 2
0 9535 2
2 9111 1
2 9900 160
2 8904 1
2 9339 2
4 9744 1
4 9561 1
4 8589 19
4 8844 1
5 9426 1
5 8966 1
5 9668 1
5 9401 1
5 9609 1
11 9274 3
11 9286 1
11 9474 1
11 9935 3
14 8651 1
14 8698 5
14 9415 3
14 8732 1
25 9078 1
25 9002 16
25 9692 1
25 9710 1
29 8861 1
29 9414 3
29 9346 1
29 9334 1
33 9252 2
33 9350 1
34 8776 1
34 9937 1
34 8870 2
34 9228 1
34 9726 3
35 9143 1
36 9262 3
36 8624 1
36 9986 4
37 9320 1
37 8925 1
37 9211 5
37 9305 1
37 9497 1
42 9661 1
42 9745 122
42 8642 1
42 8743 1
42 8609 1
42 9398 146
43 8692 3
43 9403 4
43 8955 1
52 9432 110
52 9582 9
52 9328 1
52 9346 1
60 9612 3
60 8777 1
66 8578 2
66 9464 1
66 9957 1
71 9621 3
71 9648 24
71 9217 1
71 9529 1
71 9918 2
75 9705 2
75 9059 1
77 9164 1
77 8631 1
77 8703 1
77 8825 1
77 9462 10
78 9232 1
78 9574 1
78 9655 2
86 9581 1
86 9721 1
86 9978 1
86 8789 7
88 9633 1
88 8894 1
88 9756 1
88 9862 1
100 8911 1
100 9002 1
100 9142 1
102 9363 1
114 9205 2
114 9156 1
115 8747 1
115 9665 1
115 8661 3
115 9692 1
115 9190 11
116 9613 1
116 9670 2
120 9114 1
126 9562 1
126 9118 4
126 9664 2
126 9705 1
126 9890 2
129 9757 1
129 9722 3
131 9022 8
131 8811 1
131 8584 1
136 8835 1
136 9190 1
136 8657 5
136 9546 1
136 9563 1
141 8926 1
141 9804 2
141 8883 2
141 9315 1
141 9508 1
141 9049 1
141 9473 1
147 8598 2
147 9635 2
147 9780 1
157 8849 1
157 8659 1
157 9428 1
157 8938 2
157 9558 2
166 9024 2
166 9190 1
166 9722 1
166 9018 2
166 9174 1
166 9435 23
172 9833 10
172 8609 2
172 9789 1
172 9873 3
172 9212 1
189 9590 1
189 8909 2
189 9201 4
190 9096 6
190 9070 22
190 8873 1
190 9457 1
190 9852 1
190 8813 1
190 9152 1
190 9714 1
191 8952 1
191 9918 2
191 8933 1
197 8888 1
197 8587 4
197 8665 1
197 9716 1
198 9894 1
199 8735 1
199 9933 43
201 9649 1
201 8813 1
201 8687 1
201 9232 1
201 9088 3
201 9762 1
201 9325 1
201 9863 1
206 8869 2
206 8688 1
206 9813 1
209 8638 1
215 9879 3
215 9307 4
215 9728 1
215 8878 1
222 9095 6
222 9277 4
222 9309 2
224 8685 1
228 9171 2
228 9718 1
228 9306 1
228 9711 1
228 9861 5
229 9147 1
229 9678 1
231 8805 4
231 8586 1
231 9260 1
231 9466 1
232 9872 3
232 9277 1
232 9034 1
232 9729 1
233 9254 2
238 8909 1
238 8878 1
238 9969 5
238 9532 2
238 9842 1
238 8852 1
238 8821 1
242 8926 4
242 9944 1
242 8604 1
242 9315 1
242 9848 1
244 9156 1
244 9079 1
244 9974 1
244 9982 1
246 8743 1
246 9854 4
247 9144 1
247 8709 1
265 9811 1
265 9986 2
265 8601 1
265 9348 1
265 9187 1
265 8760 1
265 8603 2
271 9221 1
271 9530 5
271 9022 1
271 9712 2
272 8667 1
272 8913 2
272 9255 1
272 8904 1
273 9618 1
278 9003 1
278 8916 1
278 9984 1
278 9120 1
287 9020 1
287 8759 1
290 9182 1
290 8861 1
290 9645 4
290 9669 1
290 8728 1
290 8999 1
290 9948 1
300 8607 3
300 8842 1
300 8836 1
300 9666 2
303 8910 1
303 9521 147
303 8862 1
312 9193 1
312 9184 4
312 9320 5
312 9419 1
315 9013 4
315 9553 1
315 9610 2
320 9068 10
320 9160 1
320 9390 2
320 9198 3
320 9061 2
320 9544 1
320 9581 1
325 8795 1
325 9007 9
325 9508 1
328 9957 1
328 9731 3
328 9489 1
328 8923 1
328 9478 2
328 9713 10
328 9725 1
328 8594 72
333 9701 7
333 8747 2
333 8841 62
333 8929 1
333 8910 1
333 9651 2
338 8606 1
338 9440 1
341 9385 1
341 9355 2
341 9712 8
351 9087 1
351 9670 1
351 9347 1
354 9102 1
354 9876 2
357 9997 1
357 8760 1
357 9174 1
357 8774 1
368 9050 2
368 9348 1
368 9037 2
371 9606 6
371 8585 1
371 8936 1
371 9504 4
371 9577 1
371 9810 108
379 8987 2
379 8843 16
380 9470 1
380 9577 2
380 8917 7
380 9004 1
380 9280 1
380 9861 1
382 9969 3
386 9165 1
386 9880 1
386 8766 1
386 8928 1
386 9278 5
386 9782 7
387 9628 2
390 8684 4
390 8805 1
390 8987 1
390 9773 8
390 9802 2
396 9691 1
396 9066 1
404 9446 1
404 9029 10
404 9618 2
404 8950 1
404 9701 1
411 9227 1
411 9705 1
427 8742 13
427 9694 7
427 9648 1
435 8744 1
435 9229 1
435 9234 2
435 8912 1
435 8919 1
443 9853 1
443 9665 1
443 9904 1
454 8935 1
454 9434 1
454 9547 1
454 8932 3
454 9254 1
458 9434 6
458 9262 2
458 9681 1
458 9540 6
458 9642 10
458 9413 3
476 8672 4
476 9426 5
476 8707 1
476 9480 1
476 9966 13
495 9199 1
495 9678 1
495 9998 1
502 8583 1
502 8630 3
502 9785 1
502 8721 1
502 9030 21
502 9388 3
511 9533 5
511 9853 2
511 8769 1
511 9789 3
516 8951 1
516 9150 1
516 9873 4
520 9529 17
520 9555 1
520 9712 1
520 8590 21
521 8808 1
521 8583 1
521 8589 1
521 9437 1
523 9453 1
523 9416 2
525 9861 13
525 9159 3
525 9278 5
525 9332 1
525 9592 1
526 9232 2
532 8967 1
532 8840 2
532 8862 2
532 9991 1
539 9187 1
539 9961 7
539 9451 1
540 9702 1
540 9221 1
548 9751 1
548 9984 2
550 9671 1
550 9732 1
550 8863 2
550 8950 2
550 9189 1
550 9005 1
556 8933 5
556 9735 1
556 9816 1
556 8837 1
556 9580 2
556 8868 1
560 9538 1
560 9551 1
561 9247 2
575 9844 1
575 9095 1
591 9570 1
595 9485 1
595 9010 2
595 9332 10
595 9868 1
599 8819 1
599 9423 5
599 9048 1
599 8778 1
599 9416 1
599 9610 1
599 8638 2
599 9186 2
599 9272 1
613 9756 1
618 8723 1
618 9276 4
647 8804 4
647 9283 1
647 8579 1
647 8746 10
647 9799 2
662 8744 1
662 8604 3
662 8796 1
662 8967 1
662 9528 1
663 9339 1
663 8582 1
663 9478 3
664 9362 7
664 9432 3
664 8935 5
664 9381 1
669 9807 1
669 9023 1
669 9454 1
669 9576 1
669 9771 32
672 9201 2
672 8661 1
672 8951 1
672 8860 7
672 9948 1
672 9163 1
672 9589 1
672 8758 1
672 9563 1
672 8735 1
672 8749 6
673 9665 1
673 9457 3
673 8808 1
673 9051 2
675 9479 4
675 9924 1
675 9873 24
675 9738 1
677 9276 1
677 8927 5
677 9345 1
677 9925 5
682 9538 1
682 9140 1
682 9598 2
685 9752 1
686 9256 2
686 9922 1
686 9279 1
687 9670 3
696 8883 1
696 9529 2
696 8780 117
696 8834 1
696 9176 1
696 9877 1
700 8850 1
700 9771 1
700 8961 1
700 9365 1
700 9837 2
700 9686 1
700 9865 1
704 9795 1
704 8585 1
704 9200 1
704 9649 76
704 9184 1
704 9254 1
704 9990 1
704 8868 1
704 9998 1
712 9428 15
712 8879 1
716 8737 1
716 9528 3
717 9397 1
732 8770 1
732 9619 1
732 9038 3
737 9363 2
737 9286 2
737 9881 116
737 8723 1
737 9392 2
737 9412 1
737 9422 1
744 9494 1
744 9867 1
744 9850 1
744 8885 1
753 9976 1
753 9851 1
753 9455 1
759 8752 1
759 8999 1
759 8578 1
761 8900 1
761 9260 1
761 9570 1
766 9902 1
766 8593 2
766 8840 1
766 8904 4
766 8605 7
766 9734 1
779 8657 1
783 9246 3
783 9455 1
783 8637 1
783 9736 3
784 8871 1
784 8756 10
784 9497 1
784 9489 1
785 9210 2
785 9650 1
785 9225 1
785 8808 2
785 8953 3
785 9600 4
785 9602 2
785 8620 1
785 9263 1
795 9227 1
795 9909 17
804 9987 1
804 9668 3
804 9692 1
812 9162 1
812 9160 12
813 8947 1
817 8840 29
817 9062 6
817 9454 1
821 8810 1
821 9254 3
821 9495 1
821 9578 1
821 8860 3
832 9180 2
832 9275 1
832 9290 3
832 8804 1
843 9866 1
846 9182 1
846 8785 1
846 9606 1
846 8663 1
846 9001 1
848 9570 5
848 9053 1
860 9464 7
863 9495 3
863 9199 1
863 9881 1
866 9389 1
866 8816 1
866 9385 1
866 8751 1
866 9079 2
866 9221 3
866 9048 2
876 8961 2
876 9384 2
876 9920 1
876 9467 3
876 9496 2
876 8758 1
884 8810 1
884 9826 1
884 9910 1
893 8911 1
908 9003 2
908 9533 1
909 8947 2
909 8694 17
909 8797 2
921 9265 1
921 8878 1
921 9386 1
921 9933 1
921 9137 1
921 9262 3
921 9591 4
928 8771 1
928 9010 3
928 9024 2
935 8653 1
935 9528 5
935 9786 1
935 9937 1
935 8764 1
935 8647 1
936 9463 1
936 9851 1
936 9477 1
936 8998 4
936 8871 1
936 8661 1
936 9225 2
936 9526 1
940 9189 1
940 9354 1
940 9198 1
940 8906 46
940 9585 1
940 9295 50
940 9673 1
940 9867 1
946 8916 1
946 9198 97
946 9613 20
946 9859 1
946 9915 1
946 8750 1
946 9669 11
946 9790 2
964 8912 9
964 9537 1
976 9573 1
979 9703 1
979 9708 1
979 9181 1
979 9988 1
984 9506 1
984 9001 1
984 9530 1
984 9159 1
991 9277 1
991 8704 1
991 8786 8
991 9113 1
1011 8952 1
1011 9153 3
1011 9178 2
1011 8966 3
1011 9039 2
1018 8703 4
1018 9025 1
1021 9297 1
1021 9644 1
1021 8936 1
1021 9271 11
1021 9855 1
1031 8820 1
1031 8735 1
1031 8926 1
1031 9162 1
1031 9853 5
1031 9507 2
1031 8663 1
1034 9664 1
1038 9037 3
1038 9068 3
1038 9074 1
1043 9034 1
1043 8978 1
1043 8940 1
1043 9441 1
1043 8876 2
1044 9477 1
1044 9612 1
1044 8658 2
1058 9046 15
1058 9163 1
1058 9585 1
1063 9270 3
1063 9164 1
1063 9377 3
1063 9424 4
1063 9432 5
1079 8685 2
1079 9938 1
1100 8856 4
1100 9055 1
1100 9233 2
1100 9858 2
1100 9958 2
1100 9976 1
1103 9618 1
1103 8590 1
1104 9855 1
1104 9297 1
1104 9332 5
1108 8987 2
1108 9840 1
1108 8703 1
1108 9533 1
1111 9307 7
1141 9475 1
1141 9504 3
1147 9745 22
1147 9955 1
1149 8912 1
1157 9933 1
1157 8720 1
1157 8935 1
1157 9414 6
1157 9862 1
1157 9598 2
1158 8580 54
1158 9031 2
1158 8905 8
1158 9806 1
1158 9201 1
1158 8800 4
1158 9185 1
1161 9384 1
1161 9725 5
1161 9445 6
1161 9774 2
1162 9945 62
1162 8690 1
1162 9284 1
1162 8613 1
1167 8847 3
1167 9316 3
1167 9051 31
1167 8613 1
1175 8913 2
1175 9809 1
1175 8961 2
1179 8786 1
1179 8865 1
1179 8619 1
1179 9857 1
1179 8672 1
1179 8726 1
1181 9328 3
1204 9162 2
1216 8778 1
1216 9677 1
1216 9887 1
1218 9793 1
1218 9725 1
1218 9547 1
1218 9291 1
1237 9319 1
1237 9861 2
1237 9042 3
1237 9759 1
1238 9897 2
1243 9441 2
1243 8875 2
1243 8835 1
1243 9200 1
1260 8731 5
1260 9176 3
1261 9017 1
1261 8602 1
1261 8980 3
1262 9743 6
1262 9263 4
1262 8696 2
1262 9510 1
1265 9397 1
1265 9623 1
1276 9837 1
1276 9539 1
1279 8923 11
1279 9976 1
1294 8764 3
1294 8811 1
1294 9744 5
1296 9115 5
1305 8587 1
1305 9046 1
1309 9009 1
1311 8948 1
1311 9102 1
1311 9906 7
1318 8664 1
1318 8835 1
1318 8838 16
1318 9118 1
1318 9426 2
1318 9512 1
1320 9581 1
1320 8817 1
1320 9339 1
1320 9665 2
1336 9010 1
1336 8701 1
1371 5624 1
1371 9335 2
1371 9837 1
1371 8661 1
1371 9726 4
1371 9369 1
1388 9025 8
1388 9224 2
1388 9174 2
1388 9732 4
1392 9633 4
1392 8731 2
1392 8968 1
1392 9791 3
1392 9162 2
1392 9831 1
1392 8994 1
1398 8592 1
1398 9698 1
1398 9608 1
1398 8955 1
1398 9671 1
1410 9225 1
1410 8915 2
1410 9107 1
1425 9139 1
1428 9102 1
1428 9123 4
1428 9463 1
1428 9796 2
1428 9950 4
1437 8928 1
1437 9558 1
1437 9793 200
1437 8634 1
1437 8979 1
1440 9705 1
1440 9804 1
1440 9813 1
1445 9880 1
1445 8929 1
1445 9739 33
1445 8580 1
1449 9125 1
1449 9419 1
1449 9766 1
1449 9927 4
1449 8643 1
1455 9993 3
1460 8646 1
1460 9390 1
1460 8749 1
1460 9902 1
1460 8638 1
1460 8732 4
1460 8958 1
1460 9906 2
1471 8790 2
1471 9271 2
1471 9698 1
1488 8602 1
1488 9020 1
1488 9619 1
1488 8667 1
1496 9645 1
1496 9851 1
1496 9759 5
1504 9122 1
1504 8968 1
1504 9850 1
1504 9886 11
1508 8972 2
1508 9166 4
1508 8621 1
1508 8634 1
1513 9342 2
1517 8713 3
1517 9785 1
1517 9290 1
1518 8876 8
1518 8881 1
1522 9715 1
1522 9770 1
1522 9986 3
1522 9701 1
1525 9667 6
1525 9009 1
1525 9421 1
1525 9840 1
1544 9556 1
1544 9719 1
1547 9190 2
1547 9178 6
1547 9802 2
1547 8660 1
1547 9258 2
1547 8667 3
1552 9533 8
1552 8769 2
1552 9474 1
1552 9778 1
1552 8911 11
1552 9683 1
1553 9348 1
1567 9733 1
1567 8952 1
1567 8678 1
1567 9385 1
1567 9436 3
1567 8886 1
1567 9365 1
1575 9015 5
1575 9306 1
1575 9816 1
1579 9322 1
1579 9822 3
1579 9850 2
1579 8748 1
1579 9648 1
1582 8625 1
1582 8908 2
1582 9615 1
1603 9739 1
1603 9168 1
1603 9364 1
1603 9450 1
1607 9130 78
1607 9997 1
1607 9708 1
1607 9805 1
1613 8764 1
1613 9698 3
1613 9824 2
1615 8581 2
1615 8790 1
1615 8655 5
1615 8773 1
1615 9658 3
1630 9154 1
1630 8933 1
1630 9461 2
1630 9677 1
1651 9744 1
1655 9904 3
1655 8981 5
1655 9422 1
1655 9553 2
1655 8832 2
1655 9223 1
1672 9708 1
1672 8838 1
1672 9604 12
1672 9354 1
1690 9877 1
1690 9642 1
1690 8579 1
1690 9083 1
1690 9556 1
1690 9579 2
1692 9530 1
1692 8577 2
1713 9869 3
1713 9070 1
1713 9745 2
1713 9809 1
1734 9798 1
1734 8863 4
1734 9858 2
1734 9333 2
1734 9113 2
1734 9348 1
1734 9653 1
1734 9681 2
1734 8972 1
1757 8863 1
1757 9106 3
1757 9468 2
1758 9691 1
1758 9645 1
1758 9605 15
1758 8836 72
1758 8997 1
1758 9110 1
1758 9545 1
1764 9442 1
1764 8870 1
1768 8972 2
1768 9587 2
1769 8577 1
1792 9048 1
1792 9227 6
1792 9492 1
1792 9707 1
1793 8637 1
1793 9003 5
1793 9171 1
1793 8764 1
1793 9313 5
1793 9847 1
1816 9387 6
1816 8893 1
1816 9311 1
1816 9173 2
1824 9442 80
1825 9532 1
1825 9653 1
1825 9894 1
1825 9743 1
1825 9786 2
1857 8775 1
1857 8924 1
1859 8831 1
1859 9004 1
1884 9910 1
1899 9144 1
1899 9667 4
1899 9888 1
1899 8615 2
1899 8765 1
1917 9201 1
1917 8778 1
1917 8991 2
1917 9799 87
1917 9328 2
1917 9664 1
1917 9249 1
1917 8932 1
1917 9988 1
1917 9403 1
1917 9680 2
1923 9212 1
1923 9141 4
1923 9451 1
1923 9780 3
1943 9852 1
1943 9713 2
1943 9609 1
1943 9708 3
1959 9255 1
1959 9017 1
1959 8610 1
1959 8722 1
1959 9923 1
1969 9809 1
1969 8897 4
1969 9847 2
1981 8821 6
1981 9054 1
1981 8902 1
1984 9414 4
1984 8703 2
1984 9252 1
1984 9386 2
1985 8726 5
1999 9903 2
1999 9689 1
1999 9833 2
2028 9341 1
2028 9959 9
2034 9446 2
2034 9300 1
2034 9225 3
2034 9341 6
2034 8727 1
2034 9806 1
2041 9772 2
2041 8649 1
2041 9252 6
2041 8641 4
2041 9527 1
2041 8749 1
2041 8913 5
2041 9841 1
2041 8801 16
2041 8688 1
2041 9814 1
2046 9915 2
2046 9654 22
2046 8711 3
2046 9042 2
2046 9001 2
2054 9732 1
2054 8929 1
2054 9853 2
2067 9772 1
2084 9399 1
2087 8653 1
2087 8621 1
2090 9265 4
2090 9432 1
2090 9504 1
2094 8631 1
2121 9185 17
2121 9613 1
2121 9298 8
2121 9457 1
2124 8856 1
2126 9897 3
2126 9373 16
2126 9014 2
2126 9859 2
2128 9074 1
2128 9711 1
2128 9095 5
2128 9707 1
2128 9743 1
2128 8610 1
2128 8919 1
2130 9452 3
2130 9733 1
2137 9935 2
2138 8594 1
2138 8618 4
2138 8654 1
2138 8760 1
2144 9230 8
2144 9585 1
2144 9289 1
2144 9335 6
2144 8588 1
2144 8702 1
2144 8847 1
2144 9035 1
2147 9605 2
2147 8925 3
2147 8865 5
2147 9887 1
2147 9516 1
2151 8630 1
2151 9048 1
2151 9031 4
2151 9913 2
2151 9470 1
2151 8692 1
2151 9117 4
2151 9900 2
2159 9398 1
2159 9023 2
2159 9506 1
2159 9876 1
2159 8661 2
2159 8795 1
2159 9122 1
2159 9373 1
2159 9856 56
2168 9156 2
2168 9345 1
2168 8639 1
2168 8928 1
2168 9474 1
2170 9662 2
2170 9798 1
2172 9289 3
2172 9184 1
2172 9491 1
2182 9174 1
2182 9736 2
2186 9631 1
2194 9615 1
2194 9496 1
2194 9450 1
2194 9814 1
2194 9345 1
2199 8905 1
2199 9034 1
2199 9924 1
2199 9405 1
2204 9202 4
2204 8950 1
2204 9197 5
2234 8649 1
2234 9898 6
2234 8905 2
2234 9551 1
2236 8802 1
2236 9787 1
2247 8984 2
2247 8926 1
2247 8962 1
2247 9035 2
2247 9165 1
2247 9930 1
2247 8627 3
2247 9010 1
2247 9089 1
2248 9240 2
2248 8636 1
2248 9521 1
2248 9846 1
2252 8935 1
2252 9387 1
2252 9393 1
2263 9610 3
2273 8629 1
2273 9246 1
2273 8820 1
2275 8587 1
2275 8720 1
2275 9023 1
2275 9041 1
2294 9594 3
2294 8982 1
2294 8665 3
2294 9842 1
2294 8684 4
2294 9560 1
2302 8673 1
2302 8654 1
2302 9070 1
2302 9613 1
2319 8857 7
2319 9139 2
2319 9144 2
2319 9682 2
2319 9778 1
2319 9307 1
2328 9845 1
2328 9954 1
2332 8893 1
2342 9421 1
2357 9394 2
2357 9726 1
2375 9383 1
2375 9487 1
2375 9507 1
2375 9926 1
2378 8743 3
2378 8796 15
2378 8998 5
2378 9495 3
2386 8580 1
2386 9926 1
2386 8623 1
2386 8998 73
2386 9272 2
2386 8901 6
2386 9147 2
2390 9362 1
2390 9756 1
2390 9277 1
2390 9722 3
2390 8620 1
2406 9698 1
2406 9455 1
2406 9485 4
2406 9887 3
2406 9588 2
2410 8924 6
2410 9188 2
2420 8619 4
2420 9537 1
2420 9107 6
2420 9419 3
2420 8906 13
2420 9098 1
2420 9139 2
2421 9227 5
2421 9701 1
2421 8647 1
2421 9881 1
2421 9907 1
2421 8986 1
2421 9475 1
2421 9735 1
2421 9894 1
2429 8768 1
2429 9689 2
2429 9233 5
2429 9947 2
2429 8876 1
2429 9211 1
2430 8702 10
2439 9605 1
2439 9627 1
2439 9181 4
2464 9462 2
2486 8619 2
2486 9731 1
2486 8971 1
2486 9960 1
2489 9195 1
2489 9708 1
2489 8646 19
2489 9561 1
2489 9779 2
2515 8632 4
2515 9941 1
2516 8842 1
2516 9034 1
2516 9374 1
2516 9479 1
2516 9002 1
2516 8996 10
2521 8840 1
2521 8601 1
2521 9138 1
2521 9308 1
2521 9378 5
2521 9512 5
2554 8692 1
2554 9715 1
2554 9386 1
2554 8861 2
2554 9300 1
2554 9453 7
2557 8893 1
2557 9623 1
2557 8694 1
2557 8885 2
2557 9153 13
2557 9066 1
2557 9038 8
2557 9604 2
2562 8802 14
2562 9739 1
2565 8638 4
2565 9172 1
2565 9867 2
2565 8957 1
2565 8735 101
2565 9357 1
2565 9994 1
2569 9924 2
2569 9340 1
2578 9872 1
2578 9005 1
2579 8618 12
2588 9120 1
2612 9898 2
2612 9234 1
2612 8605 1
2612 8690 7
2612 9473 24
2612 9945 1
2613 9269 1
2613 9035 1
2613 8731 6
2617 9605 2
2617 8655 26
2670 9600 1
2670 9509 4
2670 9655 1
2670 9594 1
2670 9950 1
2670 9326 14
2697 9258 1
2699 8819 3
2699 9791 2
2699 9072 14
2699 9735 2
2699 9844 2
2699 9050 2
2699 9830 2
2701 9730 1
2701 8723 2
2701 9872 1
2727 8773 1
2727 8997 1
2727 9926 1
2728 9498 2
2728 9247 1
2728 9396 1
2731 9143 1
2735 8841 3
2735 9418 1
2737 9520 1
2737 9811 3
2737 9098 1
2737 9181 17
2737 9755 1
2737 9618 1
2759 9379 7
2759 9791 1
2759 8850 1
2762 8706 1
2762 9645 2
2762 9476 2
2763 8728 2
2763 9923 1
2763 9518 1
2769 9787 1
2769 9932 1
2771 9052 1
2771 9797 1
2798 8810 1
2798 9115 1
2798 9038 1
2798 9480 1
2798 9753 3
2798 9822 3
2798 8836 3
2799 9334 3
2799 8938 1
2799 9648 5
2799 8759 1
2799 9120 17
2799 9322 12
2799 9169 2
2799 9652 2
2799 9784 1
2799 9958 1
2802 8858 1
2802 9252 3
2802 9106 1
2802 9962 2
2802 9379 1
2802 9102 1
2802 9314 2
2822 8730 2
2822 8701 3
2822 9168 1
2822 9897 1
2853 8748 1
2853 8607 1
2853 9420 1
2853 9718 1
2853 8588 2
2858 9510 1
2858 8682 1
2866 8638 1
2866 8805 1
2866 8664 1
2866 9374 2
2870 9893 3
2870 9822 1
2870 8699 1
2872 8586 3
2872 8998 1
2872 9312 1
2873 9721 1
2873 9515 2
2873 9169 1
2873 9188 1
2873 9335 1
2908 9272 1
2941 8726 5
2941 8747 1
2986 9716 1
2986 9923 1
2990 9698 2
2990 9545 1
2990 9722 1
2990 9004 3
2990 9898 10
2996 9753 1
2996 9621 2
2997 8957 4
3010 9869 2
3019 9295 1
3022 8826 2
3022 9495 1
3022 9187 1
3022 9283 1
3029 9423 35
3029 9147 1
3029 8894 1
3031 9954 3
3031 8659 1
3031 8951 5
3032 9435 2
3032 9566 2
3032 9590 1
3064 9724 1
3064 9027 1
3064 8744 1
3064 9876 1
3074 9041 82
3074 9384 1
3074 9721 2
3074 8646 1
3074 9594 1
3087 9799 2
3087 8861 8
3087 9751 1
3087 9498 1
3087 9715 1
3087 9302 1
3087 8750 1
3087 8981 1
3087 9985 13
3087 8985 2
3094 9954 1
3094 9586 1
3094 9854 2
3094 8772 1
3094 9138 1
3094 9377 1
3094 9711 1
3105 8787 1
3105 8902 3
3105 9638 2
3105 8640 1
3105 8696 1
3105 8770 1
3105 9767 1
3116 9876 32
3116 8631 1
3116 9530 1
3116 9978 1
3131 9105 1
3131 8692 2
3174 9493 1
3174 9117 1
3174 9728 1
3174 9515 34
3179 9696 15
3179 9937 3
3187 8642 1
3187 9855 1
3187 9683 1
3192 8888 92
3192 9912 1
3192 9164 1
3192 9547 1
3192 9818 2
3199 9590 1
3199 9452 1
3206 9036 5
3206 8607 1
3247 9837 2
3247 9274 1
3247 9546 1
3247 9813 1
3247 8669 1
3247 9399 1
3248 9556 1
3248 9799 1
3248 8843 2
3248 9210 2
3248 8982 1
3267 9648 1
3267 9049 2
3267 9409 2
3288 9992 1
3288 9579 3
3288 9825 4
3288 9627 1
3289 8721 9
3289 9357 1
3289 9533 5
3297 8813 2
3297 9031 3
3310 9726 2
3310 9670 5
3310 8734 1
3316 9721 2
3316 9294 82
3316 8769 1
3316 9649 2
3336 8821 1
3336 8889 1
3342 8957 1
3342 8601 1
3342 9497 1
3353 8933 3
3359 9465 1
3360 9161 17
3360 9712 1
3360 9743 1
3361 8795 1
3366 9727 1
3366 9907 2
3366 9755 1
3366 8979 1
3366 9595 1
3366 9944 1
3375 8834 4
3375 9839 2
3376 9256 3
3376 9852 1
3376 8651 3
3376 9709 1
3424 9888 1
3424 9054 3
3424 9285 5
3428 9907 1
3428 9300 1
3436 9309 1
3436 9733 1
3436 8619 33
3436 8793 1
3436 9562 1
3443 9143 3
3443 9756 1
3443 9474 2
3443 9298 1
3443 9856 1
3443 8953 2
3443 9124 1
3443 9777 1
3443 9803 1
3450 9649 1
3450 9997 1
3450 8967 1
3450 8811 1
3450 9068 1
3450 9594 4
3450 9658 1
3457 8916 1
3457 9945 1
3496 8919 2
3498 9793 1
3498 9619 3
3511 8826 4
3515 9847 2
3517 9763 1
3517 8869 3
3517 9075 1
3517 9750 2
3517 9157 1
3539 9020 1
3539 9844 4
3546 9228 1
3546 8698 1
3546 9638 1
3562 9002 1
3562 8591 1
3585 8943 10
3585 9391 1
3593 9300 1
3593 8637 1
3593 9278 1
3593 9273 1
3593 8858 1
3593 9544 3
3607 9721 1
3607 8584 2
3607 8886 1
3607 9793 6
3607 9900 1
3607 9421 13
3635 8746 4
3635 9387 1
3635 9985 1
3660 9772 1
3660 8761 1
3689 9335 1
3689 9326 1
3689 8848 2
3689 9631 1
3689 9702 2
3691 9566 2
3691 9888 2
3691 9118 1
3691 9256 1
3691 9521 1
3691 9728 1
3695 9422 1
3695 8667 1
3695 8846 2
3695 9009 1
3695 8963 1
3695 9435 2
3700 9252 1
3700 9988 1
3700 8913 1
3704 9037 1
3704 9574 53
3704 8650 1
3704 9650 1
3728 8593 1
3728 8797 2
3728 9320 2
3728 9929 1
3728 8587 4
3728 8761 1
3728 8961 1
3728 9553 1
3728 9810 1
3728 9959 1
3732 9214 200
3732 9704 1
3732 9116 1
3732 8916 4
3734 9886 1
3734 9766 1
3734 8593 1
3740 9026 2
3750 9726 1
3750 9582 1
3750 8711 2
3750 8694 1
3750 9173 2
3750 9137 1
3754 9771 1
3754 8628 15
3754 9235 1
3756 9867 1
3756 9195 1
3756 9625 3
3756 9105 4
3756 9645 1
3763 9867 1
3763 8813 1
3763 8952 1
3766 9388 3
3766 8893 2
3766 9504 2
3766 9574 1
3766 9140 1
3799 9124 1
3799 9276 1
3799 8786 4
3806 9309 4
3806 9732 5
3806 9738 31
3806 9913 1
3806 9234 1
3806 9807 1
3812 9362 6
3817 8747 1
3817 9487 1
3817 8653 1
3817 9535 2
3827 9143 2
3827 8581 1
3827 8829 6
3827 9550 1
3828 8750 1
3831 9645 9
3831 9289 1
3831 9030 1
3831 9748 1
3833 9504 7
3833 9424 1
3833 9116 1
3847 8603 1
3847 9492 1
3847 8834 1
3847 9592 1
3847 9879 1
3847 9941 2
3847 9045 1
3847 9464 4
3854 8698 1
3854 9111 1
3855 9382 3
3855 8779 1
3855 8594 4
3855 9170 1
3856 8598 3
3856 9695 1
3856 9052 84
3863 8618 1
3863 8856 1
3863 9230 2
3868 8876 2
3868 9074 2
3868 9721 2
3873 9781 1
3873 9805 1
3873 8673 1
3880 9262 1
3880 9187 3
3880 9675 3
3882 8780 1
3890 9886 1
3910 9286 1
3910 9436 1
3910 9088 1
3917 9857 2
3917 9628 2
3935 9009 1
3935 8926 2
3942 8712 2
3942 8817 1
3942 9881 1
3943 9861 3
3946 8924 1
3946 8606 1
3956 9059 7
3956 9287 1
3956 9258 2
3956 9538 3
3962 8855 1
3962 9531 1
3967 9262 4
3967 9623 1
4009 9623 1
4009 9938 1
4009 8818 3
4009 9255 1
4009 9711 2
4009 9438 2
4009 9879 2
4009 8677 1
4012 8963 1
4012 9220 1
4044 9928 1
4044 9095 1
4044 9334 1
4050 9642 1
4050 8601 1
4050 9787 6
4050 9947 1
4051 8786 1
4051 9676 2
4051 8940 9
4054 8927 1
4054 9294 1
4054 8936 2
4054 9401 4
4054 9115 1
4054 9654 4
4054 8855 1
4054 9680 9
4054 8734 1
4054 9333 1
4054 9350 8
4083 9409 6
4085 9199 1
4085 9893 1
4085 9045 3
4085 8592 1
4085 9077 2
4085 9863 1
4089 9711 17
4089 9074 1
4089 8843 2
4089 9388 6
4089 8951 1
4089 8777 1
4094 9910 1
4094 8817 1
4094 9851 4
4124 8779 1
4124 9360 6
4127 9273 3
4127 9079 1
4127 9156 8
4127 9962 1
4127 9464 1
4127 8587 1
4127 9098 1
4127 9125 4
4129 9354 3
4129 9265 3
4132 9976 2
4132 9075 1
4132 9318 1
4132 9494 1
4147 8967 4
4147 9360 1
4147 9426 1
4150 9054 1
4150 9960 1
4150 8948 1
4155 8935 3
4155 9478 1
4155 8690 1
4168 9288 1
4168 9531 2
4168 9703 1
4168 9418 1
4168 9920 1
4168 9704 1
4180 8808 1
4180 8816 4
4180 9289 1
4180 9614 1
4189 9578 3
4189 9760 1
4189 9869 1
4212 8936 2
4212 9814 2
4212 9927 1
4212 9322 5
4229 9062 109
4229 9830 1
4229 8593 1
4233 9017 1
4233 8956 2
4233 9785 1
4245 9830 1
4245 9738 1
4245 9909 1
4245 8591 2
4246 9252 3
4246 9894 3
4246 9813 6
4246 9890 3
4246 9217 1
4266 8958 1
4274 9750 2
4274 9074 1
4274 8703 2
4274 8734 1
4274 9210 1
4279 8775 1
4313 8852 1
4313 9881 1
4313 9418 1
4313 9661 6
4313 9506 1
4313 9773 1
4313 8963 2
4313 9931 1
4321 8900 4
4321 9309 2
4321 9510 1
4321 8842 1
4321 8878 2
4330 9086 1
4339 8987 1
4339 9613 31
4346 8886 1
4346 8656 2
4346 9122 4
4351 8605 5
4351 9036 4
4351 9512 1
4351 9880 1
4351 8720 4
4351 9280 1
4351 9864 2
4355 9791 1
4355 8657 2
4369 9435 1
4369 9999 1
4393 9412 11
4393 9564 1
4395 8773 1
4395 9807 9
4395 8897 5
4395 8905 1
4395 9556 1
4454 8685 2
4454 9944 5
4461 9364 1
4461 8805 4
4461 9048 1
4461 8802 1
4461 8685 6
4496 9197 1
4496 9695 6
4496 9781 3
4502 9026 2
4502 9233 1
4502 8672 11
4502 8628 1
4502 8804 3
4508 9092 1
4509 9234 2
4509 8848 1
4509 9149 1
4510 9644 2
4510 9920 12
4510 9777 1
4553 9350 2
4553 9015 1
4553 9052 1
4553 9420 7
4560 9247 2
4560 9681 1
4576 9909 1
4576 9787 1
4576 9938 1
4576 9202 1
4579 9678 9
4579 9249 1
4597 9623 5
4614 9055 1
4614 9493 1
4614 9198 1
4614 9686 1
4627 9775 7
4654 9054 1
4654 9378 3
4654 9704 6
4657 8600 2
4657 9655 1
4657 8938 1
4657 9022 2
4657 9314 1
4657 9494 1
4657 8660 1
4657 8986 1
4663 9649 2
4663 9207 7
4663 8978 1
4663 8629 1
4663 8685 1
4697 8666 6
4697 9100 1
4697 9115 1
4697 9635 1
4700 9089 1
4700 9311 3
4709 9784 1
4709 8786 1
4718 8941 2
4718 8681 1
4725 9829 2
4725 9680 1
4725 9342 1
4725 8868 2
4725 9935 1
4732 9550 3
4732 9212 1
4734 9132 2
4734 9373 1
4747 9906 2
4747 9950 1
4753 9208 6
4753 9556 1
4753 8827 6
4753 9399 1
4753 9098 1
4759 8925 3
4759 9662 1
4759 8801 6
4759 9198 3
4764 9625 1
4773 8663 3
4773 9564 1
4773 8861 2
4776 8911 3
4776 8604 1
4776 9050 1
4776 9192 2
4776 9294 1
4776 9347 1
4776 9446 1
4783 9750 1
4796 9335 1
4796 9510 3
4796 9675 1
4796 9763 3
4796 9229 2
4804 9778 1
4804 8706 2
4804 9729 1
4837 9966 11
4837 9203 3
4837 9142 1
4837 9696 3
4837 9903 2
4838 8627 1
4838 8746 1
4851 8999 2
4851 9436 11
4851 9833 1
4851 8602 1
4851 9329 2
4851 9166 8
4851 9440 1
4883 8935 5
4898 9532 1
4898 9929 2
4898 8650 7
4898 8831 1
4906 9000 1
4906 8846 1
4906 9040 1
4918 8761 4
4918 9285 1
4918 9060 8
4918 9409 1
4918 9566 1
4918 9833 1
4918 9000 2
4918 9364 1
4918 9552 1
4939 9900 18
4939 8998 1
4939 8963 1
4939 9858 1
4939 8918 1
4939 9654 2
4957 9166 1
4957 9461 1
4957 8614 1
4957 9055 20
4957 9316 1
4989 8773 1
4989 8742 1
4989 9342 21
4990 8905 10
4990 8864 1
4990 8614 1
4990 9072 1
4990 9135 1
4990 9182 2
4990 9862 10
4997 8701 1
4997 8730 1
4997 9333 2
4997 9130 2
4997 9348 1
5000 9053 3
5000 8611 1
5000 8916 3
5000 8945 3
5000 9294 3
5000 9661 1
5014 9289 8
5014 9539 1
5014 9276 1
5014 9865 1
5014 9877 1
5021 9123 1
5023 8723 1
5023 9346 1
5023 8893 1
5023 9107 1
5023 8941 7
5023 9382 5
5062 9115 10
5068 8978 1
5068 9615 2
5068 9775 1
5103 9893 2
5103 9918 1
5103 9621 1
5103 9730 11
5104 9798 1
5104 9786 1
5104 9143 1
5106 8757 1
5106 8643 2
5106 9022 1
5119 9753 1
5119 9278 4
5119 9844 1
5119 8864 1
5130 9957 2
5130 9424 1
5130 9715 1
5133 9752 1
5133 9451 2
5133 8658 31
5133 9393 1
5133 9531 1
5133 9986 4
5133 8886 1
5133 9750 1
5137 8689 2
5137 8603 10
5137 8716 1
5137 9144 1
5149 8950 3
5149 9150 3
5160 9691 2
5160 9941 1
5160 9802 1
5160 8587 1
5160 8871 2
5160 9163 1
5160 9496 1
5160 9642 1
5160 9845 1
5163 9964 2
5163 8978 1
5165 9007 2
5165 8881 1
5165 9678 4
5169 8621 2
5169 9079 3
5169 8981 1
5177 8687 1
5177 8630 1
5184 9026 1
5184 8766 1
5202 8604 2
5202 8835 1
5202 9405 1
5202 9060 1
5206 8837 1
5206 9168 1
5206 9763 1
5227 8615 1
5227 9869 3
5227 9691 1
5232 9401 2
5232 9610 1
5236 9985 3
5236 8701 2
5236 8772 1
5236 9214 1
5236 9476 200
5236 9778 1
5299 9969 10
5299 9691 3
5299 9100 4
5299 8945 1
5299 9325 1
5299 9479 1
5308 9868 3
5308 9270 5
5331 9258 3
5331 9976 3
5331 9420 1
5331 8588 1
5331 8915 3
5331 9023 1
5339 8918 1
5339 9755 1
5340 8643 1
5340 9892 1
5340 9858 1
5340 9875 1
5343 9507 3
5343 9584 4
5343 9774 20
5349 9040 2
5349 8774 127
5349 9062 10
5349 9964 1
5373 8897 1
5373 8941 2
5375 8936 2
5375 9287 6
5375 8927 1
5381 8745 1
5381 9695 3
5381 8673 8
5381 8827 2
5381 9929 1
5387 9169 1
5387 8786 1
5387 9910 2
5387 9584 3
5398 9780 2
5398 8827 2
5398 9956 1
5398 8663 1
5398 9307 2
5398 9464 6
5398 9808 3
5398 8582 1
5398 9735 1
5422 9095 1
5428 9686 2
5428 8863 2
5428 8609 1
5466 8586 2
5466 9509 3
5469 8836 1
5469 8701 15
5469 8829 1
5469 9839 1
5469 9930 2
5469 9415 42
5472 9149 3
5472 9288 1
5472 9577 3
5472 9799 1
5472 9667 1
5478 9839 1
5478 8925 1
5478 9929 4
5478 8883 1
5486 8711 1
5486 9479 1
5486 9671 1
5486 8726 8
5486 9329 1
5486 9180 1
5501 8600 7
5501 8748 1
5501 9913 3
5516 9308 2
5516 9831 1
5522 9377 3
5522 9598 1
5522 9232 2
5522 9374 1
5532 9850 2
5532 8961 1
5532 9117 3
5532 9969 9
5532 9086 1
5555 9292 1
5555 9263 1
5555 8852 1
5555 8924 4
5555 9762 22
5556 8589 1
5560 9141 1
5560 9360 12
5560 8639 1
5560 9826 1
5560 9856 1
5560 9135 1
5560 9831 2
5560 9230 1
5563 9502 1
5563 8666 2
5563 8640 1
5563 9363 2
5563 9306 2
5563 9948 1
5563 8699 1
5563 9203 2
5565 9223 2
5565 9415 1
5584 9437 1
5584 9897 1
5584 9997 1
5594 9030 2
5594 9936 3
5594 8914 4
5624 9297 1
5629 9940 1
5629 9430 1
5629 9281 1
5646 8929 2
5646 8704 1
5646 8834 1
5646 8874 1
5651 8633 2
5651 9302 1
5651 9753 1
5660 9010 2
5660 9061 2
5660 8592 1
5660 8865 2
5661 9106 2
5661 9421 1
5661 9567 1
5681 9023 1
5681 9130 1
5681 9292 7
5681 9653 5
5705 8946 2
5705 9440 1
5705 9027 1
5711 9710 3
5711 8872 2
5711 9135 1
5711 9180 1
5711 9967 6
5711 9893 13
5726 9157 1
5726 9555 2
5763 8727 3
5773 9374 2
5773 8909 1
5773 9452 1
5784 9130 1
5784 9207 2
5784 9255 1
5784 8730 5
5784 9962 1
5784 8683 2
5841 9474 1
5842 9287 1
5842 9475 21
5846 9422 1
5846 9937 3
5846 9394 6
5846 8744 10
5857 8803 1
5857 9761 1
5857 8704 2
5863 9731 16
5863 9796 1
5863 8771 1
5863 9453 1
5904 9109 1
5904 8626 6
5904 8923 8
5920 8901 7
5920 8745 1
5920 9414 1
5923 9623 1
5923 9268 2
5923 8893 1
5938 8955 2
5938 9182 1
5938 9900 1
5938 9904 2
5938 8900 19
5938 9893 1
5971 9707 1
5971 8977 4
5985 9051 4
5985 9220 5
5985 9515 2
5985 8968 1
5985 9467 1
5994 9256 1
5994 9244 1
5994 9135 1
5994 9568 1
5994 9751 1
5995 8776 1
5995 9978 1
6018 9811 1
6018 8919 1
6041 9544 3
6041 9485 4
6041 8636 1
6041 8848 2
6047 9775 1
6047 8625 1
6047 9517 116
6061 8863 1
6061 8731 1
6061 9078 1
6065 9510 2
6065 9877 4
6065 8929 3
6065 8913 2
6065 8776 1
6065 9003 1
6079 9288 2
6090 8956 2
6090 9038 1
6090 9671 1
6090 9110 1
6090 9930 1
6126 9719 2
6127 9744 1
6127 8597 1
6127 9017 1
6138 9802 1
6138 9087 11
6138 9994 1
6143 9846 1
6143 8579 23
6143 9725 14
6144 8619 1
6144 8770 2
6145 8766 3
6145 9662 1
6146 9851 1
6146 9885 8
6146 9391 1
6169 8768 1
6169 8706 4
6169 9837 1
6169 9912 2
6183 8878 1
6183 9046 1
6183 9088 7
6183 9381 30
6183 9606 1
6189 8654 1
6189 9570 15
6189 8725 1
6189 8759 2
6189 9256 2
6189 9394 1
6189 9491 2
6213 9898 1
6213 8723 4
6213 8803 1
6213 8681 1
6234 8941 1
6234 8666 1
6260 9649 1
6260 9164 1
6282 8869 3
6282 9734 3
6282 8687 1
6282 8956 3
6282 9284 1
6291 8636 1
6291 8994 1
6291 9465 1
6301 9147 4
6301 8852 5
6301 9550 1
6301 9886 1
6301 8632 1
6303 9565 1
6303 9096 2
6307 9432 1
6307 9962 9
6308 9877 1
6308 8577 7
6308 9583 1
6317 9161 1
6317 8678 3
6317 9261 1
6317 9480 1
6317 9896 6
6335 9475 1
6339 9474 8
6339 8862 1
6339 9928 3
6344 9169 2
6351 9445 3
6351 9034 1
6351 9200 4
6351 8576 2
6357 9318 1
6357 8872 1
6361 8591 1
6361 8590 2
6361 8908 1
6361 9195 1
6378 9316 2
6378 8626 6
6378 9992 3
6378 9782 1
6378 9907 1
6385 9535 1
6385 9846 1
6385 9863 2
6385 9987 1
6385 9802 1
6385 8730 1
6385 8744 1
6385 8808 1
6385 8756 2
6399 9473 1
6399 9589 4
6399 9332 3
6399 9678 91
6399 8742 1
6399 8578 1
6399 9413 1
6399 9668 3
6416 9013 1
6416 9414 1
6423 9461 1
6423 8938 1
6423 9272 1
6423 9313 10
6423 8611 1
6423 8888 1
6441 9722 1
6441 8704 1
6441 9166 7
6448 9068 1
6448 9507 49
6448 9957 6
6448 8787 1
6448 9138 1
6448 9902 28
6453 8778 2
6453 8889 1
6453 9396 4
6453 9138 1
6453 9369 4
6453 9467 3
6453 8623 1
6453 9480 1
6453 8810 2
6462 9714 5
6462 8946 1
6462 9470 10
6462 9892 44
6462 9967 2
6504 8699 1
6504 8760 3
6504 9107 3
6504 9592 1
6504 9762 2
6504 8785 6
6513 8687 133
6513 9315 1
6513 9100 1
6513 9295 7
6513 9844 1
6527 9347 2
6527 8914 1
6527 8909 1
6527 8584 1
6527 9386 3
6527 8623 1
6527 8991 1
6533 9661 1
6533 9710 8
6533 9396 1
6533 9826 4
6533 8947 1
6541 9203 1
6541 8702 40
6541 8958 27
6555 8972 1
6555 8665 3
6555 8639 1
6555 9875 3
6555 8855 1
6555 9027 3
6562 9604 1
6562 8585 1
6577 9382 1
6577 9359 1
6577 9492 1
6577 9561 1
6577 9956 2
6577 8692 1
6577 9154 1
6593 9873 1
6593 9694 1
6593 8857 1
6598 9362 1
6598 8646 1
6598 9451 1
6598 9633 1
6598 8716 3
6598 8677 19
6598 9506 1
6598 9970 10
6602 8759 1
6602 8817 3
6602 9673 1
6602 8865 1
6602 9902 1
6602 9014 2
6622 8641 4
6622 9195 1
6622 9941 1
6625 8881 1
6633 9694 10
6634 9785 5
6634 9680 1
6634 9537 1
6642 9437 1
6642 9954 1
6643 8663 1
6643 9993 6
6651 9064 1
6651 9745 1
6651 8942 1
6652 9418 8
6652 9183 1
6661 8938 1
6661 8980 1
6661 9618 31
6661 8830 1
6661 9297 1
6661 9631 2
6661 9885 1
6683 8583 17
6683 8985 1
6683 9462 1
6701 9341 1
6701 9797 2
6701 9947 1
6701 9249 2
6701 9833 1
6701 8795 3
6703 9275 1
6703 9165 1
6726 9140 2
6726 8951 1
6726 8932 1
6726 9346 1
6733 9752 3
6738 9781 20
6738 8911 1
6738 9760 4
6738 9255 1
6738 8910 1
6750 9027 1
6750 9803 1
6750 8649 2
6750 9928 95
6765 9628 1
6765 9007 1
6765 9162 1
6765 9761 2
6767 8991 1
6767 8780 1
6775 9336 199
6775 9382 1
6775 9399 1
6780 8772 1
6780 9070 1
6780 9803 1
6780 8914 1
6780 9152 29
6780 9987 2
6782 9038 1
6782 9046 1
6786 8881 2
6786 8597 1
6786 8746 4
6786 8897 2
6786 9283 1
6786 9254 1
6786 9493 1
6786 9825 2
6795 9553 6
6795 8600 1
6797 8761 12
6797 9029 1
6797 9938 1
6801 9152 2
6814 8994 1
6814 9414 1
6814 9797 15
6814 9774 1
6814 8743 2
6814 9754 2
6821 9256 1
6821 9493 1
6827 8584 1
6856 9627 3
6856 8850 4
6856 9246 1
6862 9225 1
6883 8694 1
6883 9095 2
6883 9466 13
6883 9915 2
6892 9347 6
6892 8914 1
6892 9172 1
6892 9969 1
6895 9024 1
6895 9145 1
6895 9329 1
6895 9489 3
6897 8605 1
6897 8885 1
6897 9064 1
6897 9654 1
6903 9383 1
6903 9200 1
6903 8996 2
6938 9086 1
6947 8611 1
6947 9750 2
6947 9378 1
6947 9579 1
6951 8800 1
6951 9093 1
6951 8609 1
6951 9771 2
6951 9153 1
6951 9826 5
6951 9955 7
6956 9174 1
6956 8863 8
6956 9362 1
6975 9393 1
6975 8980 1
6975 9077 2
6975 9586 4
6975 9752 3
6977 8963 1
6977 8597 1
6977 9682 1
6980 8657 1
6980 9094 1
6980 9292 8
6993 8884 1
6993 9186 118
6993 9496 1
6993 9789 1
7065 9601 2
7065 9505 1
7077 9714 1
7077 9498 1
7077 9928 1
7081 8962 1
7081 8732 1
7081 9571 1
7081 9060 1
7081 9606 1
7081 9859 1
7081 9880 20
7096 9001 1
7096 9544 1
7096 9902 1
7096 9419 1
7096 9608 2
7102 8811 1
7102 9113 1
7106 9677 1
7106 9727 1
7125 8903 7
7125 9840 2
7136 9189 1
7136 8725 2
7136 9114 200
7165 9202 1
7165 9853 9
7165 9046 2
7165 9518 1
7165 9625 2
7165 8581 1
7165 8793 1
7165 9681 1
7165 9804 2
7181 8751 1
7181 9947 3
7181 9088 2
7181 9295 1
7181 8621 1
7181 9201 1
7181 8963 6
7181 8966 1
7181 9066 1
7181 9319 1
7181 9397 1
7181 9830 59
7181 9936 15
7181 8711 1
7181 8962 1
7183 9924 9
7183 9362 1
7183 9605 2
7183 9527 3
7183 9568 15
7183 9580 16
7212 9279 1
7228 8795 7
7228 8971 2
7228 8712 2
7228 9308 1
7228 9784 1
7235 9571 1
7235 9020 4
7235 9757 4
7241 9189 1
7241 9927 1
7246 8897 1
7256 9224 7
7256 9966 1
7256 8741 10
7256 9829 1
7260 9180 5
7260 9248 1
7260 9436 2
7260 9595 1
7260 9868 1
7284 9595 3
7299 9848 1
7310 9072 1
7312 9976 1
7312 9411 1
7332 8603 1
7332 9574 1
7332 8633 1
7340 8610 1
7340 8875 1
7356 8583 1
7356 8797 1
7356 9015 1
7356 9363 6
7363 9159 1
7374 9935 1
7374 9545 1
7374 9581 1
7374 9713 1
7374 9959 1
7381 8581 49
7381 9168 1
7381 9772 2
7381 9207 1
7390 9792 3
7390 8771 9
7390 9775 1
7390 9401 1
7390 9247 1
7390 9842 2
7404 8636 1
7404 8726 1
7404 8748 10
7404 9350 1
7404 9926 1
7404 9493 1
7404 9106 1
7425 8621 3
7425 9854 1
7449 9445 1
7449 8768 1
7461 9562 1
7461 9024 1
7461 8771 2
7469 8732 1
7469 9373 1
7527 8731 3
7527 9872 2
7527 9824 1
7527 9287 23
7561 9752 1
7561 9438 2
7575 9947 1
7590 9602 1
7590 8667 2
7590 8578 1
7590 9064 6
7590 9854 2
7599 9442 1
7599 9731 1
7600 9064 1
7600 9255 2
7606 8586 1
7606 9089 1
7606 8684 1
7606 9212 1
7606 9665 1
7606 9847 1
7606 9193 2
7606 9754 2
7606 9922 6
7623 9931 1
7623 8707 2
7626 9623 12
7626 8707 21
7626 9291 2
7657 9024 1
7657 9132 2
7671 8844 1
7671 8979 1
7671 8592 1
7671 8582 2
7690 8832 1
7690 9532 1
7706 9424 12
7706 8600 2
7706 9311 1
7706 8769 1
7706 9045 1
7706 8902 1
7706 9463 1
7706 9491 1
7706 9106 2
7706 8737 1
7722 9658 2
7722 8598 1
7726 9436 2
7726 9582 1
7726 9810 1
7726 9385 3
7739 9605 1
7739 9050 1
7739 9163 5
7739 9145 1
7739 8825 1
7740 9197 1
7763 8908 1
7773 9305 1
7773 9509 1
7783 8803 1
7783 8872 1
7783 8625 3
7783 9591 1
7783 8581 1
7796 8861 1
7796 9881 2
7796 9571 1
7798 8625 7
7798 9987 1
7798 9565 1
7798 9325 1
7817 8981 1
7817 8641 2
7817 8826 1
7822 9913 1
7822 9115 1
7822 9719 1
7822 8703 1
7822 9383 4
7845 9355 1
7845 8941 1
7845 9710 1
7859 9326 1
7859 9333 2
7859 9845 1
7859 9248 1
7859 9922 2
7874 9528 1
7874 9009 2
7874 8848 1
7874 9809 6
7874 8699 4
7874 8817 1
7874 8779 1
7874 9109 2
7874 9172 1
7874 9477 1
7883 9202 7
7883 8855 2
7915 9220 22
7919 9291 1
7919 8803 2
7919 9990 2
7921 9384 1
7921 9197 1
7921 9576 1
7921 8906 2
7934 8789 1
7934 9207 1
7934 9452 5
7934 8967 3
7945 9475 1
7945 9412 1
7945 9565 9
7959 9278 15
7959 9109 1
7959 9664 1
7959 9116 1
7969 9847 1
7969 9931 1
7969 9573 1
7987 9774 1
7987 9667 1
7999 9466 1
7999 9031 1
7999 9565 1
7999 9825 1
7999 9920 151
8004 9521 1
8004 9412 1
8004 9275 2
8004 9165 5
8020 8829 1
8020 9254 1
8032 9422 34
8035 9114 1
8058 9020 8
8058 8837 2
8058 9900 1
8058 8844 2
8072 9053 1
8072 9671 1
8072 9315 1
8072 8847 1
8098 9609 1
8098 9009 1
8098 9411 6
8098 9863 1
8098 9767 1
8098 9984 2
8098 8633 3
8098 9695 1
8098 8718 1
8101 9270 200
8101 8827 2
8101 8957 1
8101 9718 6
8123 9223 1
8123 8932 6
8123 8837 2
8123 9092 1
8123 9188 1
8145 9014 1
8145 9430 3
8145 9840 2
8158 9869 2
8158 9434 1
8158 8690 1
8158 8605 1
8158 9756 2
8158 9798 3
8185 8642 2
8185 8689 9
8185 9093 2
8205 8624 4
8205 9822 1
8215 9437 2
8215 9232 1
8215 8918 4
8219 8777 3
8219 9583 1
8243 8721 1
8243 9037 1
8243 9743 1
8243 9644 14
8247 9961 7
8247 8709 1
8247 8651 3
8271 9859 1
8271 8830 1
8271 8808 1
8271 9411 2
8284 9887 1
8284 9967 1
8284 9715 1
8284 9885 1
8284 9041 2
8295 9356 1
8295 8607 2
8295 8737 1
8300 9272 1
8300 8614 1
8300 9042 1
8300 9759 1
8300 9379 1
8300 9852 3
8313 9289 1
8363 8811 23
8363 8787 2
8377 8774 1
8377 9232 7
8377 9367 4
8377 9384 1
8386 8858 1
8386 9830 3
8386 9990 1
8386 8640 3
8398 9653 1
8398 9446 1
8398 8863 1
8398 9354 1
8398 9561 1
8408 8713 4
8408 9337 2
8408 9393 1
8408 9013 1
8408 9123 1
8410 9987 1
8410 8837 2
8410 8900 1
8411 9405 1
8411 8666 2
8413 9333 1
8413 9913 1
8413 9319 2
8428 8632 1
8428 9578 1
8428 9560 1
8428 9612 1
8430 9941 2
8430 9904 1
8430 9986 1
8430 9182 6
8430 9754 2
8430 8819 1
8448 9627 2
8448 9601 2
8448 8696 2
8448 8933 2
8448 9762 9
8448 8728 3
8448 9578 2
8448 9936 1
8450 9384 2
8450 9633 1
8451 9170 1
8470 9784 4
8470 9645 1
8470 8757 1
8481 9328 1
8481 9060 1
8481 8768 1
8481 8801 1
8481 8775 1
8481 9153 1
8481 9442 1
8488 9268 1
8515 9547 1
8515 9623 5
8515 8601 1
8515 9261 2
8516 8683 2
8516 8757 1
8516 8917 2
8546 8611 1
8552 8864 1
8552 8892 5
8555 9369 1
8555 9285 1
8558 8751 1
8558 9540 2
8560 8858 3
8560 9113 1
8560 8841 1
8560 9329 1
8564 8915 2
8569 8660 5
8569 9970 2
8569 9318 1
8569 9704 8
8569 8721 10
8569 9313 1
8570 8885 1
8570 9360 1
8570 9039 2
8570 9703 12
8570 9808 1
8572 8980 1
8572 9561 1
8572 8669 1
8572 9811 1
8572 9992 1
8572 8732 2
8572 9756 1
8572 8730 1
8572 9184 1
8574 9805 1
8574 9570 1
8574 9061 1
8574 9976 1
8574 9804 1
8580 9063 2
8580 9408 2
8585 9697 2
8591 9946 1
8594 8973 1
8595 9334 2
8595 8842 6
8595 8713 4
8595 9274 2
8595 9940 140
8596 9500 1
8596 9652 1
8596 8789 1
8596 8834 2
8599 8953 1
8599 9770 4
8602 9883 1
8602 8755 1
8604 9456 1
8608 9729 1
8608 9098 13
8608 9862 1
8608 9286 2
8608 9879 1
8610 9456 3
8612 9807 1
8612 8748 2
8616 8795 3
8616 9465 1
8616 9178 31
8617 9247 1
8617 8982 1
8617 9053 1
8617 9268 1
8617 9160 2
8617 9205 2
8622 9841 1
8622 9430 3
8626 9717 2
8626 8753 2
8628 8717 1
8628 9953 1
8629 9259 1
8630 8708 1
8635 9743 1
8635 9505 1
8635 9600 1
8635 8711 3
8635 9114 1
8635 9994 1
8635 8678 1
8635 9440 3
8637 9765 1
8640 9697 15
8642 8740 2
8644 9743 1
8644 8649 11
8645 9948 1
8645 9885 7
8645 9035 9
8648 9485 1
8648 9707 1
8648 9477 2
8648 9161 1
8648 9888 1
8652 9122 2
8652 9452 1
8652 8871 3
8652 8713 30
8652 9116 11
8653 8686 1
8656 9697 8
8660 9939 1
8662 8689 1
8662 8687 1
8662 9515 3
8662 8911 2
8664 9737 1
8666 9459 1
8668 9377 1
8668 9910 1
8668 9036 1
8668 9763 1
8669 9616 6
8670 9018 2
8671 8869 5
8671 9623 1
8671 9240 2
8672 8753 1
8673 8715 1
8674 9638 3
8675 9773 2
8675 8738 1
8675 8873 3
8675 8903 1
8675 9662 1
8676 9441 2
8676 8872 1
8676 9573 1
8679 8967 1
8679 9397 1
8679 9577 1
8679 9961 3
8680 8847 2
8680 9391 1
8680 8878 2
8680 8962 4
8680 9244 2
8684 9484 1
8686 8915 2
8686 9676 1
8690 9908 1
8691 9779 1
8691 9805 1
8691 9567 5
8693 9003 1
8695 9333 1
8695 9364 1
8695 8844 5
8695 9145 2
8695 9233 3
8695 9441 24
8696 8753 2
8697 9176 6
8697 9360 1
8700 9467 1
8705 9190 1
8705 8889 1
8705 9029 3
8705 8745 2
8708 8998 1
8708 9997 2
8709 9746 2
8710 9341 1
8710 9268 3
8713 9484 1
8713 8755 8
8714 9864 1
8714 8901 1
8714 8945 1
8714 9498 1
8714 9111 1
8715 9142 1
8715 8757 1
8715 9855 1
8715 8883 1
8716 8733 1
8717 9759 1
8717 9318 1
8717 9051 3
8717 9683 1
8717 9651 1
8719 9613 1
8722 8851 1
8724 8917 10
8724 9933 6
8724 9312 1
8724 9015 2
8724 9880 1
8727 9293 5
8728 9884 1
8729 8737 2
8729 9468 1
8733 9383 2
8733 9605 1
8733 9731 1
8733 9102 1
8733 8991 2
8733 9704 2
8733 9589 3
8733 9601 7
8736 8996 64
8736 9455 2
8736 9867 1
8739 9498 1
8739 9485 1
8740 8894 3
8740 9903 1
8740 9423 9
8741 9241 1
8741 9977 1
8746 9832 14
8748 9299 2
8749 9934 2
8749 9259 1
8750 9942 1
8751 9934 2
8752 9063 3
8753 8892 1
8753 9163 1
8753 9290 1
8754 9440 1
8754 9806 2
8754 9416 2
8754 9378 1
8754 9937 1
8754 9591 1
8754 9608 1
8755 9307 1
8755 9849 7
8756 8762 2
8758 8973 2
8762 9808 1
8763 9363 2
8763 9306 1
8763 9793 1
8763 9811 1
8764 9065 6
8765 9299 1
8765 8794 11
8767 9198 1
8767 9277 9
8767 9064 1
8768 9836 1
8772 9672 1
8777 9946 3
8778 9456 1
8778 8792 7
8778 9883 1
8780 9827 1
8781 9206 1
8782 9124 1
8782 9508 1
8783 9568 2
8783 9816 1
8784 9859 1
8784 9772 18
8787 9484 1
8788 9379 2
8788 9854 1
8788 9898 1
8788 9288 3
8788 9479 1
8788 9766 1
8790 9979 4
8791 8952 4
8791 9816 1
8791 8858 1
8791 9388 2
8792 8874 1
8792 9192 1
8792 9702 1
8793 9832 1
8794 8855 3
8794 8817 2
8794 9031 1
8794 9897 1
8797 8907 11
8798 9876 2
8802 9317 5
8803 9980 21
8804 9832 4
8809 8887 8
8815 9362 1
8815 9732 16
8815 9328 1
8818 9746 2
8819 9541 1
8826 9980 1
8839 9264 1
8841 9259 2
8850 9484 1
8852 9449 3
8856 9908 2
8859 9817 2
8860 9953 1
8865 9503 2
8869 9815 1
8877 9398 2
8877 9025 8
8877 8884 6
8877 9298 1
8883 9472 16
8884 9630 7
8886 9995 2
8905 9076 1
8907 9217 1
8907 9780 4
8907 9445 21
8913 8973 6
8918 9737 2
8925 9317 5
8926 9158 1
8928 9241 1
8932 9317 4
8936 9076 2
8946 8988 2
8948 8990 2
8950 9717 1
8953 9697 2
8964 9769 1
8966 9977 1
8973 9605 1
8974 9521 2
8974 9405 2
8974 9182 4
8987 9838 1
8988 9050 1
8988 9341 1
8988 9652 1
8990 9106 2
8990 9153 1
8990 9018 8
8990 9841 1
8993 9826 1
8999 9832 28
9000 9242 2
9012 9879 1
9013 9942 4
9014 9158 1
9015 9953 1
9026 9404 8
9037 9934 1
9045 9484 1
9055 9459 1
9061 9317 1
9062 9836 1
9063 9422 1
9063 9347 1
9063 9686 1
9063 9092 3
9065 9079 4
9071 9139 1
9071 9201 54
9071 9363 1
9071 9518 1
9071 9193 3
9071 9337 2
9072 9953 1
9075 9737 1
9075 9375 2
9076 9601 1
9076 9507 1
9076 9430 3
9077 9742 1
9078 9433 1
9083 9980 1
9083 9449 2
9092 9934 8
9094 9908 1
9094 9949 1
9100 9908 1
9103 9800 7
9113 9541 2
9115 9626 2
9118 9293 5
9125 9717 2
9132 9870 1
9139 9737 1
9140 9358 1
9141 9836 1
9141 9241 1
9149 9242 1
9154 9299 11
9158 9785 1
9158 9822 1
9165 9838 2
9167 9889 2
9170 9939 2
9171 9908 1
9172 9815 5
9175 9410 2
9176 9525 5
9183 9541 1
9201 9456 1
9206 9375 1
9206 9460 1
9208 9408 4
9211 9832 6
9211 9836 6
9224 9408 6
9228 9949 2
9232 9503 1
9235 9942 28
9240 9593 1
9241 9863 4
9241 9937 1
9241 9927 1
9241 9682 1
9241 9423 4
9242 9892 1
9242 9390 1
9242 9924 2
9244 9697 2
9250 9878 1
9253 9860 3
9258 9836 1
9259 9275 92
9259 9582 1
9260 9934 1
9273 9616 1
9281 9838 2
9283 9679 2
9283 9884 1
9293 9364 1
9299 9790 1
9303 9732 1
9303 9529 1
9311 9616 1
9314 9939 12
9317 9558 3
9317 9752 1
9318 9827 2
9328 9911 2
9358 9829 4
9359 9417 21
9375 9728 1
9375 9638 1
9386 9431 1
9389 9456 1
9393 9417 2
9396 9946 1
9404 9560 1
9405 9630 1
9411 9836 1
9417 9487 5
9424 9449 2
9428 9616 1
9431 9577 2
9431 9714 1
9431 9564 1
9433 9600 1
9434 9979 1
9436 9838 1
9437 9980 1
9446 9953 10
9456 9903 3
9456 9650 13
9456 9896 1
9456 9694 1
9459 9633 1
9460 9993 2
9460 9760 1
9462 9953 2
9470 9836 49
9472 9537 3
9472 9713 1
9472 9584 3
9480 9911 1
9482 9686 4
9483 9741 1
9484 9509 1
9484 9799 1
9492 9599 3
9500 9742 1
9502 9946 2
9502 9503 1
9502 9827 1
9503 9898 1
9503 9872 2
9503 9848 2
9505 9883 1
9507 9908 1
9516 9679 5
9525 9920 1
9525 9926 1
9525 9731 1
9525 9847 3
9526 9911 2
9539 9911 1
9541 9806 15
9541 9552 2
9546 9980 1
9546 9832 2
9562 9979 6
9564 9977 1
9571 9946 1
9576 9679 1
9602 9870 1
9612 9911 24
9612 9977 4
9625 9697 1
9666 9827 2
9666 9911 1
9672 9703 2
9673 9832 2
9694 9908 4
9697 9730 3
9713 9765 1
9737 9959 1
9744 9953 6
9750 9946 1
9779 9908 4
9791 9980 1
9814 9980 1
9818 9980 1
9827 9866 1
9846 9939 1
9856 9995 1
9857 9883 3
9866 9949 1
9884 9992 1
9918 9953 2
9928 9953 1
9933 9934 1
9933 9980 2
9939 9956 10
