9 8529 1
9 9037 2
9 9571 1
9 9030 1
9 8897 3
9 9257 1
9 9973 1
9 9717 1
9 9960 2
28 9953 1
28 9226 1
28 9377 3
43 8651 1
43 9382 1
43 9803 1
45 8676 4
45 8841 1
45 9485 53
45 9567 1
49 9877 2
49 9900 1
49 9834 2
49 9946 1
56 9721 1
56 8849 1
56 9763 18
93 9797 1
93 9732 1
98 9214 1
98 9863 1
98 9485 1
98 8756 1
98 9552 1
98 9195 2
107 9691 1
107 9620 1
107 9563 61
107 9915 3
111 9534 1
111 9673 1
111 8878 1
112 9775 1
112 9480 2
112 9238 1
112 8558 2
112 9643 1
119 9229 2
119 9371 5
129 9938 1
129 9711 1
130 9117 6
130 9291 1
142 9194 2
149 9772 1
149 8761 3
149 9261 1
163 9548 1
163 8560 1
206 9372 1
206 9413 1
206 8590 1
220 8752 69
220 8804 23
220 9076 1
220 9646 1
220 9040 1
220 9123 1
220 9383 1
220 9516 1
220 9791 1
220 8780 3
220 9679 1
220 9308 1
220 9852 2
222 9398 1
222 8671 1
222 9835 1
222 8638 1
222 9318 1
222 9543 1
222 9555 1
225 9855 1
227 8807 2
227 9405 2
227 9010 1
227 9339 1
227 9774 4
234 8774 1
234 9317 1
234 9136 43
234 9281 3
251 9632 6
251 8733 1
251 8534 14
251 9254 19
316 8773 1
316 9759 4
316 8551 1
322 8529 2
322 9912 5
327 9417 1
327 9245 4
327 8555 6
327 8683 7
327 8838 1
327 8918 1
327 9600 2
342 8897 2
342 8643 1
342 9299 1
342 9638 3
344 9871 1
366 9187 3
366 9390 1
369 9092 1
369 9596 1
377 9223 1
377 9624 2
377 8660 1
377 8877 1
377 9293 3
392 9658 1
392 8602 1
392 8609 13
392 9112 1
392 9667 1
392 9874 1
392 9515 1
392 9859 1
415 9587 2
415 9563 33
418 8646 1
449 9738 1
451 9671 2
451 8674 1
451 9056 1
451 9283 1
451 9526 1
451 9797 2
461 8880 1
461 9834 1
472 9304 2
477 9347 23
477 8969 1
477 9118 1
477 9979 1
477 8844 1
477 9865 1
477 8648 1
477 8765 3
477 8788 1
477 9084 1
477 9352 2
477 9510 1
488 9458 4
490 8527 1
490 8708 1
490 9784 8
490 8543 1
490 9033 1
490 9375 1
493 9327 2
493 8922 1
499 8632 1
499 9178 1
499 8551 2
499 9006 1
499 9694 1
499 9823 1
499 9649 4
507 9019 1
523 9381 2
523 9412 2
552 9494 10
552 8787 1
552 9405 2
552 9719 4
578 9992 8
597 9264 33
608 8950 1
608 9812 163
609 8577 1
609 9625 1
609 8535 1
609 8735 1
609 9496 1
609 8728 2
609 8780 99
609 9237 11
609 9995 1
609 9672 2
611 9954 2
611 8589 1
611 9801 1
611 9588 1
612 9052 1
612 8793 1
612 9949 1
612 9917 13
612 9186 5
612 8828 1
612 8689 1
616 9595 1
616 9185 2
616 9372 1
616 9069 14
617 9491 1
618 9451 1
618 9160 1
618 9304 3
618 9824 4
618 9071 2
618 9147 1
618 9410 1
618 9487 1
618 9785 3
618 9525 1
635 9466 1
635 9281 19
635 9876 1
656 9396 2
656 8874 1
656 9324 1
656 9835 1
656 8557 2
656 8841 2
656 9210 38
656 8952 1
664 9457 21
664 9078 3
664 9258 2
664 9117 3
664 9416 5
672 9918 1
679 8717 1
679 9426 1
679 9328 4
679 9627 14
679 9263 2
679 9370 1
688 9327 1
697 8949 1
697 9120 1
697 9732 1
713 9599 2
713 9421 1
713 9209 1
719 9997 1
719 9155 1
719 9142 1
719 9506 1
719 9773 9
722 9097 1
734 8884 1
734 9229 1
734 8620 1
734 8789 2
741 8888 1
741 8668 1
741 9041 5
741 9773 2
741 9948 1
741 9497 1
741 8716 8
743 9479 1
743 8836 1
746 9833 1
746 9837 1
815 9957 1
815 8572 1
815 9717 5
815 9044 1
816 9577 1
824 9776 1
824 9347 2
832 9401 24
832 9627 4
832 8618 5
832 9955 13
832 9404 6
832 9802 1
852 8887 1
852 9591 6
882 8741 1
882 9796 21
885 8948 1
889 9076 1
889 9000 1
889 9739 1
894 9072 2
913 9095 1
913 8804 1
921 9773 2
921 8736 2
921 8921 2
923 9251 126
923 9330 4
923 9451 1
923 9732 1
923 8926 1
923 9911 1
923 9942 1
924 9381 1
924 9796 32
924 9910 1
925 9984 1
925 9612 7
927 8956 2
927 9080 1
927 9449 1
927 9755 1
932 9138 1
935 9566 1
936 8625 2
936 9352 5
936 9917 1
943 8560 5
943 9522 1
943 8581 1
943 8857 1
943 9356 3
943 8573 13
952 8558 1
952 8903 2
952 8823 1
952 9382 3
952 9576 1
953 8812 1
953 9713 14
953 9805 200
958 9021 1
958 8736 1
958 8767 1
958 9842 20
958 8727 2
970 9436 2
970 9012 3
970 9059 1
970 8902 1
970 9349 1
976 8839 1
976 9141 1
976 9143 6
976 9228 1
976 8599 1
976 8679 1
976 9268 2
976 9348 1
982 8950 2
982 9571 1
982 9578 1
982 8856 2
983 9067 1
983 9296 1
983 9219 2
987 8704 2
987 9456 28
987 9495 2
991 9816 1
1005 9239 1
1005 8917 1
1020 8881 1
1020 9261 9
1020 9734 1
1020 9219 8
1020 9616 1
1028 9921 1
1038 9876 1
1038 8938 1
1038 9761 1
1038 9040 6
1038 9185 1
1038 9502 1
1038 9620 1
1038 9866 1
1040 9099 2
1040 9097 1
1041 8984 2
1041 9417 1
1041 9791 1
1041 9341 1
1041 9075 1
1050 9800 3
1050 9345 1
1050 9483 1
1056 9817 1
1056 9591 3
1062 8543 14
1062 9828 1
1062 8840 1
1062 8684 93
1065 8550 29
1065 8609 1
1065 8779 1
1065 9426 2
1065 9719 1
1112 9375 1
1118 9942 1
1118 8892 1
1121 9096 5
1121 9401 8
1121 9290 1
1121 9622 4
1121 9915 1
1121 9624 1
1121 9808 1
1128 9592 9
1128 9839 2
1128 9444 3
1128 9616 1
1128 9784 1
1128 9682 1
1151 9059 1
1151 8883 1
1151 9016 19
1151 9861 1
1151 8859 6
1164 8799 1
1185 9779 1
1194 9814 1
1194 9286 11
1194 9311 1
1196 9902 1
1199 8962 1
1199 8585 2
1202 9049 1
1202 8863 1
1202 9295 2
1202 9963 4
1205 8994 1
1205 9977 2
1205 9431 1
1211 9992 1
1211 8631 1
1230 8567 1
1230 9365 2
1230 9523 1
1250 9514 1
1250 8691 1
1250 9707 1
1250 9814 1
1306 8636 1
1306 8667 4
1306 9581 1
1306 9452 30
1306 8600 2
1306 9282 1
1326 8667 1
1326 9492 2
1326 9473 3
1326 9158 13
1326 9270 1
1326 8682 2
1326 9696 3
1326 9741 9
1326 9809 1
1326 9935 1
1327 8919 1
1327 9180 1
1327 9617 1
1327 9663 1
1327 9135 1
1327 9449 1
1327 9535 4
1327 9292 1
1327 9922 1
1327 8890 5
1327 8707 1
1343 9324 1
1343 9390 1
1343 9854 1
1343 8684 1
1343 8552 1
1343 9123 1
1343 9842 2
1343 9950 1
1352 8585 1
1352 8649 1
1355 8875 7
1355 9117 10
1355 9336 2
1356 9705 1
1356 9564 1
1356 9633 1
1356 9268 1
1356 8540 1
1370 9632 1
1370 8671 2
1370 8903 9
1370 9838 1
1371 9345 1
1371 8609 2
1371 8638 2
1371 9484 1
1379 9041 1
1379 9011 1
1379 9387 1
1391 8968 1
1392 9978 2
1392 8534 7
1392 8721 1
1392 9016 1
1400 9992 1
1400 9518 2
1406 8632 2
1406 9582 2
1406 9402 4
1406 9735 2
1410 8737 2
1410 9092 1
1410 9794 1
1410 9984 1
1410 8659 1
1443 9329 1
1443 9233 1
1443 8818 1
1443 8841 1
1443 9601 1
1450 9852 1
1450 9355 1
1450 9326 1
1450 9531 5
1457 9570 1
1457 8626 1
1457 8676 1
1457 9840 1
1470 9824 1
1470 9126 1
1470 9912 1
1470 8732 1
1475 9493 8
1475 8683 2
1475 9673 2
1479 9640 1
1479 8827 1
1519 9865 1
1519 8940 1
1519 9629 1
1519 9733 5
1519 9790 3
1519 9953 4
1535 9532 1
1535 9218 1
1535 9363 184
1535 9396 1
1535 9516 6
1551 9081 2
1551 8659 2
1551 9267 1
1551 9508 1
1564 8945 1
1564 9512 4
1564 9729 3
1564 9891 1
1564 8747 1
1564 9161 1
1564 9390 1
1564 8625 5
1564 9451 1
1565 9911 1
1565 9471 1
1565 9503 1
1568 8902 1
1568 9151 2
1568 9829 1
1568 9866 1
1568 8845 1
1570 9668 2
1570 8743 1
1594 8769 1
1594 8566 2
1598 9817 1
1598 8868 1
1598 9404 3
1598 9706 1
1598 8978 33
1608 9249 1
1608 8825 1
1608 8568 1
1608 9813 1
1608 8984 3
1608 9583 2
1612 9921 1
1612 8617 2
1621 9229 1
1621 8822 3
1621 8707 3
1621 9173 1
1621 9401 3
1621 8601 1
1627 9091 1
1627 8787 29
1627 9951 1
1631 8566 1
1631 9497 1
1631 8629 1
1631 9995 20
1633 8610 2
1633 9207 1
1633 9602 2
1633 9929 1
1633 8779 1
1633 9552 4
1644 9840 1
1644 9862 46
1644 8534 2
1644 9702 1
1655 8685 4
1655 9456 1
1655 9721 3
1655 9514 5
1655 9064 1
1655 9194 1
1655 9276 1
1664 9185 2
1664 9546 2
1668 9205 1
1668 9696 12
1668 8963 1
1668 9028 1
1668 9699 2
1670 9097 1
1674 8856 1
1674 8738 3
1674 9833 4
1691 8571 8
1691 8718 1
1691 9599 1
1691 8548 1
1691 9539 1
1691 8765 1
1691 9874 1
1691 9894 1
1694 9691 2
1694 9387 1
1697 9453 1
1697 9631 2
1697 9979 1
1710 8865 1
1710 9014 1
1710 8992 3
1727 9108 1
1733 9841 9
1733 9266 2
1752 9310 1
1752 8547 2
1752 9996 1
1758 8576 2
1758 9355 2
1758 8738 1
1758 9783 1
1784 9403 4
1784 8788 1
1785 8602 1
1785 8968 1
1785 9014 5
1792 8994 1
1792 8803 1
1792 9012 1
1792 9628 4
1792 9163 1
1796 9114 1
1805 9217 1
1805 9085 1
1821 8777 2
1821 9599 1
1821 9878 1
1821 9958 1
1825 8638 1
1825 9832 3
1825 9983 4
1825 8727 2
1825 9096 2
1825 9364 1
1829 8865 1
1829 9061 1
1829 9149 2
1829 9776 28
1849 9995 1
1859 9889 1
1859 8733 2
1859 9696 1
1866 8829 2
1866 9535 5
1868 9270 1
1868 8613 1
1868 9839 2
1878 9990 1
1878 9053 1
1878 9922 1
1884 9325 1
1884 9204 1
1884 9187 2
1890 9782 3
1890 9958 3
1890 9494 1
1890 9916 1
1904 8750 1
1904 9370 1
1904 9796 2
1904 9449 1
1917 8831 2
1917 8893 1
1934 9682 1
1934 9416 4
1934 8594 1
1934 9733 2
1934 9460 1
1934 9550 1
1948 9719 1
1948 9154 3
1948 9294 1
1948 9891 5
1948 9958 4
1948 9397 1
1948 8974 1
1949 9224 1
1949 9946 1
1949 9984 7
1955 9396 1
1955 8869 2
1955 9115 1
1955 8706 1
1955 9453 12
1955 9812 1
1974 9323 1
1974 9670 4
1974 8732 1
1991 9822 1
1991 9512 9
2000 9168 1
2001 8875 2
2001 8948 1
2001 9857 1
2001 8676 2
2002 9975 1
2002 9580 5
2002 9570 1
2002 9911 2
2002 9932 28
2002 8760 1
2002 9078 1
2002 9195 1
2008 9496 1
2008 8801 1
2020 9579 1
2020 9754 1
2020 9255 2
2020 9303 3
2020 8900 1
2027 8956 2
2027 8593 1
2027 8674 7
2027 9166 1
2027 9701 5
2056 5458 8
2056 9341 8
2056 8568 1
2056 8803 1
2061 8589 4
2061 8793 1
2061 9288 1
2061 9981 3
2079 9977 1
2079 9761 4
2079 9852 1
2079 9967 1
2082 9117 15
2082 9112 1
2082 8625 3
2082 9661 1
2106 9332 5
2106 8854 2
2109 8942 1
2109 8567 1
2109 9770 3
2111 9379 171
2111 9606 2
2124 9240 1
2124 8787 2
2124 8952 1
2124 9992 1
2124 9453 1
2124 9813 1
2125 9534 7
2127 9136 1
2127 9308 12
2127 9316 1
2127 9453 1
2127 8949 1
2127 8953 1
2128 8576 5
2184 9816 1
2184 9946 1
2184 9961 4
2186 9417 1
2186 9755 17
2186 9783 1
2186 9929 1
2211 8614 1
2211 8942 1
2211 9310 1
2211 8824 1
2211 9147 1
2211 8763 1
2211 8793 40
2212 9143 1
2219 9909 1
2219 9566 1
2219 8825 3
2219 8690 14
2219 9568 1
2236 8704 1
2236 8958 1
2236 9792 1
2236 9585 14
2236 8550 1
2236 8672 1
2236 8756 2
2236 9095 1
2247 9876 2
2247 9948 1
2259 9248 2
2259 9798 2
2259 9358 1
2259 8892 3
2259 9386 28
2259 8741 3
2259 9713 1
2272 9050 1
2272 9865 5
2281 9865 2
2281 9997 12
2286 9818 1
2286 9069 5
2286 9261 4
2286 9242 1
2296 9596 16
2296 8576 19
2296 9133 4
2296 9665 1
2296 9663 1
2296 9772 1
2307 9826 1
2307 8600 1
2307 9298 1
2308 9431 1
2310 8675 5
2310 8992 1
2310 9032 2
2311 8808 1
2311 8672 1
2311 8789 1
2311 8950 1
2311 9159 2
2318 9843 1
2318 8640 2
2318 9015 5
2318 9168 1
2353 9163 1
2371 9633 2
2371 8866 1
2371 8618 1
2393 9599 1
2393 8562 5
2393 8924 4
2393 8938 1
2403 8613 1
2403 9681 3
2405 9238 2
2405 9248 2
2405 9431 1
2420 8618 2
2420 8994 1
2420 9476 3
2430 9851 1
2448 9495 1
2474 9582 13
2474 8603 1
2474 9057 1
2492 9712 2
2492 8546 5
2492 8562 1
2492 9102 2
2492 9962 2
2495 9239 1
2495 9658 1
2495 9983 1
2510 8731 1
2510 9404 4
2510 9200 1
2510 9451 1
2511 9432 1
2518 8552 1
2518 8750 2
2518 9929 1
2518 9016 1
2518 9735 7
2518 9816 2
2530 9767 1
2530 9832 1
2549 8563 1
2549 9882 1
2549 8661 1
2554 9171 1
2554 9912 2
2554 9204 3
2567 9707 2
2567 9018 2
2567 9103 3
2567 9189 1
2567 8808 2
2567 8913 1
2567 9208 22
2567 9886 1
2567 9233 1
2567 9657 1
2567 9582 1
2577 8921 3
2577 9989 1
2579 9396 4
2587 9389 1
2604 9824 1
2604 8974 2
2604 8761 1
2604 8763 2
2604 8802 2
2609 9413 4
2609 9484 1
2609 8945 1
2609 8795 1
2609 9937 1
2616 8585 3
2616 9014 1
2616 9155 1
2616 9996 1
2616 8777 1
2616 9047 2
2616 9482 1
2616 9903 1
2616 8980 1
2616 9069 1
2616 9115 1
2616 9601 9
2616 9398 1
2616 9851 1
2632 9554 22
2632 9067 1
2633 9314 1
2636 9123 4
2659 9604 1
2659 9583 2
2659 9784 3
2659 9903 1
2690 9217 1
2690 9225 1
2694 8950 1
2694 8919 1
2694 9314 1
2694 9763 1
2694 9980 1
2715 8975 2
2715 9466 1
2715 9671 1
2715 9743 1
2715 8629 3
2715 8909 1
2724 9183 1
2724 8985 1
2724 8987 2
2724 9720 1
2724 9904 1
2751 9221 2
2751 9071 3
2759 9931 1
2759 8803 3
2759 8819 1
2759 9019 2
2759 9343 1
2759 9766 2
2759 9255 2
2774 9766 1
2777 9142 7
2777 8773 1
2777 8615 1
2787 8769 2
2787 9749 1
2787 8525 2
2787 8978 1
2787 9055 3
2787 8620 1
2798 9200 6
2798 9309 1
2798 9323 2
2798 9618 1
2798 9037 1
2798 9370 1
2799 8867 1
2804 9252 2
2804 8930 1
2804 8942 1
2804 9764 1
2804 8676 5
2804 9006 1
2805 8610 4
2805 9615 1
2805 9855 1
2805 9071 2
2809 9674 2
2809 9352 1
2809 8690 2
2809 9699 1
2812 9941 1
2812 9995 80
2812 8721 1
2812 9340 1
2813 9502 10
2813 8624 1
2813 9841 6
2813 9858 1
2813 9860 15
2834 9325 1
2834 9132 19
2834 9771 1
2848 9737 4
2848 8810 5
2848 9831 2
2848 8589 1
2848 8782 1
2848 8867 1
2848 9671 1
2870 8881 7
2870 8963 1
2901 9553 2
2906 9782 1
2906 8876 7
2913 9457 1
2913 9146 2
2913 9734 3
2913 8821 20
2916 9800 1
2916 9909 1
2916 8541 2
2916 9271 2
2939 8980 12
2939 9968 1
2939 9772 1
2939 9918 1
2941 8585 4
2941 8630 1
2941 9389 8
2941 9579 1
2941 9788 2
2960 9171 2
2960 8699 1
2960 9282 6
2960 9948 1
2960 9553 15
2960 8757 2
2960 9600 2
2960 9820 1
2960 9325 2
2964 9064 3
2964 9711 1
2964 9672 4
2964 8533 2
2964 9418 1
2964 8566 3
2964 8823 3
2964 9383 5
2964 9396 1
2964 9815 6
2984 8545 1
2984 8829 4
2992 8613 1
2992 9438 5
2998 9117 2
3003 8976 1
3003 9308 14
3011 9953 2
3011 8918 1
3011 9015 1
3011 9967 3
3029 9329 1
3033 9228 3
3033 9008 1
3048 9989 1
3048 9855 2
3049 8540 5
3049 9702 2
3049 8626 2
3053 8701 2
3073 8833 17
3073 9413 1
3073 9958 1
3073 8782 2
3073 9469 1
3073 8884 16
3073 8985 1
3073 9406 2
3087 8803 1
3087 9124 1
3094 9356 1
3094 9067 3
3094 9527 7
3094 9367 3
3101 9509 1
3101 9963 1
3101 9128 5
3106 9193 1
3106 9483 1
3106 9942 1
3112 9804 1
3112 9194 2
3112 8766 3
3112 9843 1
3114 9791 1
3114 9135 1
3114 9383 1
3114 8918 4
3114 9898 1
3128 9996 1
3128 8596 73
3152 9938 7
3152 9576 1
3152 9063 2
3152 9343 1
3152 9707 1
3152 9165 1
3152 9274 1
3152 9697 1
3152 9730 5
3155 9049 1
3155 9235 1
3173 8582 5
3173 8801 1
3173 8608 1
3173 9502 1
3173 9632 1
3196 8845 17
3196 9061 1
3201 9671 1
3201 9995 1
3201 9772 1
3201 9509 2
3201 9993 2
3201 8740 1
3201 9776 1
3201 9154 1
3201 9878 1
3201 9391 2
3201 9695 1
3203 8688 2
3203 9149 1
3203 9057 1
3203 8699 1
3207 9580 1
3207 9665 1
3212 9612 2
3212 8752 1
3240 9515 2
3240 9633 13
3240 9011 1
3240 9110 1
3276 9274 1
3276 8843 3
3278 9263 1
3278 9509 1
3278 8593 4
3282 9717 1
3282 9734 1
3290 8923 1
3290 8963 1
3290 9011 1
3290 9240 1
3290 9570 2
3301 8984 1
3301 8715 10
3301 9975 1
3301 8733 1
3301 9869 1
3309 9221 1
3309 8551 1
3309 8869 4
3309 9933 1
3309 8571 1
3309 9573 1
3317 9492 1
3317 9041 1
3317 9480 4
3317 9569 1
3317 9654 1
3336 9126 1
3336 9978 1
3336 8785 7
3336 9886 1
3351 9590 2
3351 9142 1
3351 9910 3
3353 9487 2
3361 8963 1
3361 8568 7
3393 9204 1
3393 9165 1
3393 9658 1
3393 8549 1
3393 9008 1
3393 9835 1
3399 8716 2
3399 9759 1
3425 9421 22
3425 9058 31
3427 9898 8
3428 9142 1
3428 8921 1
3428 8987 1
3428 8773 1
3451 9910 1
3464 9401 2
3464 9264 2
3464 9746 1
3464 9755 1
3464 9900 1
3467 9948 4
3470 8625 3
3470 9997 1
3470 9743 8
3476 9783 2
3476 8743 1
3488 9179 1
3507 9666 6
3507 9046 1
3507 8958 1
3509 8799 1
3509 9288 1
3509 9101 3
3521 8562 1
3521 9115 1
3521 8903 2
3521 9075 2
3521 9446 2
3521 8582 1
3521 9432 1
3550 9053 2
3550 9219 1
3558 9117 4
3558 9866 1
3558 9296 1
3561 9804 1
3561 8550 1
3561 9573 1
3561 8535 6
3561 8865 1
3561 9700 1
3570 8581 9
3570 9436 1
3570 8529 1
3570 8538 1
3570 9400 1
3578 9245 7
3578 9749 1
3581 8626 2
3581 8930 1
3581 9778 1
3581 9979 1
3581 8767 9
3581 8831 1
3581 9289 1
3603 9717 2
3603 9506 2
3603 9701 1
3603 9312 1
3603 9834 2
3603 8596 6
3603 9924 3
3603 9200 2
3603 9492 1
3616 9399 1
3616 9668 1
3616 9666 1
3616 9678 1
3616 9812 2
3616 9059 1
3616 9272 2
3616 9818 4
3625 9779 1
3625 9968 1
3625 9957 1
3637 9019 1
3637 8614 2
3671 8891 4
3671 9535 9
3671 9645 1
3671 8686 1
3690 9442 1
3690 8684 1
3690 9406 1
3705 9805 1
3705 9729 1
3713 8893 2
3713 8650 1
3713 8761 1
3713 8919 3
3719 9790 2
3719 9130 1
3720 9822 1
3720 9264 1
3720 9870 1
3729 9431 1
3729 9466 1
3729 9807 1
3729 8577 2
3729 9550 4
3729 9621 2
3729 9694 1
3729 9764 1
3746 9711 2
3746 9515 3
3746 9415 1
3746 9972 2
3746 9134 1
3746 9433 45
3751 9568 1
3751 9853 5
3751 9872 5
3754 8976 1
3754 8661 1
3754 8667 1
3754 9640 1
3766 8798 1
3766 8910 1
3766 9274 1
3766 9341 200
3797 8913 2
3797 9007 2
3797 9747 3
3797 9748 22
3814 9984 7
3814 9294 2
3832 9924 10
3832 9356 1
3832 9099 1
3832 9807 1
3843 8863 6
3843 9047 10
3865 8962 2
3865 8786 5
3865 8810 1
3865 9566 1
3865 9710 1
3878 9006 1
3878 9872 1
3878 9996 1
3878 8601 1
3881 8953 1
3881 8978 2
3881 8708 1
3881 9251 1
3882 9698 2
3882 8525 1
3882 9310 1
3891 8676 1
3891 9011 10
3891 9506 1
3891 8879 1
3903 8859 1
3903 9921 1
3903 8539 33
3903 8623 1
3903 9106 94
3905 9190 4
3905 9493 1
3905 8763 1
3907 9673 2
3907 9284 2
3908 9442 1
3908 8906 2
3908 8540 3
3908 8819 1
3908 9446 1
3908 9864 3
3909 8987 2
3909 9460 1
3909 8650 2
3909 8532 1
3909 8679 8
3909 9668 1
3941 8798 4
3941 9189 1
3941 9128 4
3968 9242 5
3974 8876 1
3974 8760 2
4014 9619 1
4014 8686 1
4019 8523 1
4019 9621 1
4019 9640 2
4020 8733 7
4020 9496 1
4021 9101 1
4021 9841 6
4021 9692 1
4021 9894 3
4021 9676 4
4021 9987 1
4041 9719 16
4041 9111 2
4081 8537 1
4081 9255 2
4081 9037 1
4087 9037 3
4087 8581 15
4087 9707 1
4100 9249 1
4100 9115 1
4100 9717 1
4100 9990 2
4107 9870 1
4107 8886 1
4107 9915 1
4107 9720 12
4107 9853 11
4127 9542 4
4127 9621 1
4127 9604 1
4127 8906 4
4132 9208 1
4132 9249 2
4132 9619 1
4145 9166 1
4145 9159 1
4174 9244 1
4174 9629 1
4174 9823 5
4178 9577 1
4178 9102 3
4179 9281 13
4179 9942 1
4179 8620 4
4179 9949 2
4179 9205 1
4179 9704 6
4179 8939 1
4179 9355 2
4181 9500 1
4181 9528 1
4190 9091 18
4190 8833 1
4190 9165 1
4194 9531 1
4194 9999 1
4194 9998 1
4196 8531 1
4196 9534 1
4196 9370 1
4196 9430 1
4196 9775 1
4196 9810 2
4209 9568 12
4209 9258 1
4213 9358 2
4213 9442 1
4219 9700 1
4219 8768 11
4219 8929 2
4221 8607 9
4221 8883 4
4222 9990 1
4222 8951 1
4222 9099 1
4223 9972 1
4223 9734 3
4223 8527 1
4223 8809 4
4223 9458 1
4223 9580 2
4231 9047 1
4231 9615 1
4231 9860 1
4231 8900 1
4257 9479 2
4257 9814 1
4257 9954 3
4257 8526 2
4257 8951 1
4315 9963 1
4315 8839 1
4328 9960 3
4328 9060 1
4344 9095 1
4344 9111 1
4352 9730 4
4375 9039 2
4392 9326 1
4392 9555 1
4392 9813 2
4392 9180 1
4392 9105 1
4454 9341 200
4454 8594 1
4454 9134 1
4454 9275 1
4454 9792 2
4454 9869 1
4454 9775 1
4464 9025 1
4464 9645 1
4464 9993 9
4551 9856 2
4551 8750 2
4551 8757 1
4551 9023 1
4551 8545 1
4564 9046 1
4564 8845 1
4564 9144 11
4564 9391 1
4565 9064 1
4565 9448 2
4565 8539 13
4565 8976 1
4569 9843 1
4569 9426 13
4569 9738 1
4569 9830 2
4588 9741 1
4588 9155 2
4588 9888 1
4588 9924 1
4588 9941 1
4597 9088 1
4597 9968 2
4598 8577 1
4598 8620 5
4611 9957 1
4611 9496 2
4611 8547 1
4611 9526 1
4626 9325 7
4626 8731 4
4632 9922 4
4638 8727 1
4657 8650 2
4657 8555 1
4657 9207 2
4657 9333 1
4657 9534 1
4658 9268 1
4658 9954 1
4658 9322 3
4658 9662 1
4658 9790 1
4658 8900 3
4658 8919 1
4658 8962 2
4658 8543 1
4658 8840 1
4666 9133 1
4666 8615 2
4674 9830 3
4674 8825 1
4674 9909 2
4674 9383 1
4681 9046 1
4681 9147 1
4681 9103 3
4681 9917 1
4683 9287 59
4683 9706 4
4683 9350 1
4683 8860 1
4683 9397 1
4683 8646 1
4683 8686 1
4683 9885 1
4699 9955 1
4699 8721 2
4699 9932 1
4699 9286 1
4699 8617 1
4699 9730 8
4699 9692 2
4713 9394 2
4713 8674 4
4713 8708 1
4713 9978 2
4729 9732 1
4729 8735 3
4730 9645 2
4732 9503 1
4732 8741 2
4732 9186 1
4732 8789 1
4732 9212 9
4766 9796 1
4766 9314 1
4766 8704 1
4766 9674 2
4771 8557 1
4771 9900 1
4774 9775 9
4774 8968 1
4774 9017 1
4776 9486 2
4784 9085 1
4784 9855 1
4784 9754 1
4784 8799 11
4784 8830 17
4784 8607 1
4784 9309 1
4784 9765 3
4784 9973 1
4798 8826 1
4798 9198 4
4798 8891 3
4798 9226 1
4798 9980 1
4798 8537 1
4826 8784 3
4826 9801 8
4826 9161 1
4826 9863 1
4833 8629 1
4835 8877 2
4858 9056 3
4861 9276 1
4861 8712 3
4882 8823 1
4882 9070 1
4882 9678 4
4912 9303 4
4912 9213 2
4912 9090 1
4912 9416 1
4927 9572 1
4927 9473 1
4927 9942 1
4927 9527 2
4934 9453 1
4934 9398 1
4934 9469 1
4934 9888 1
4934 8682 1
4964 9995 2
4988 9567 1
4988 9747 1
4988 8600 1
4988 9030 2
4988 9962 27
4988 9305 1
4988 9581 1
4988 9174 3
4988 9596 2
5002 9667 1
5002 9198 2
5002 9522 1
5002 9677 1
5002 9173 1
5002 9367 1
5002 9506 1
5002 8863 1
5007 8704 1
5007 8826 1
5021 8686 13
5021 9328 1
5021 8701 1
5021 9491 1
5021 9286 10
5036 9400 1
5036 8607 1
5036 9317 2
5036 9324 4
5036 9856 15
5048 9743 1
5048 9415 1
5048 9130 22
5058 8959 1
5058 9566 1
5058 9143 8
5058 9765 3
5058 8758 1
5058 9104 1
5058 9057 2
5058 9096 1
5058 8741 1
5058 9516 1
5058 9852 1
5058 9127 1
5058 9871 2
5074 8812 6
5074 8667 1
5074 8780 2
5078 9949 1
5083 9752 1
5135 9754 5
5135 9018 1
5135 9967 2
5140 9179 1
5140 9030 8
5143 8593 1
5143 9695 1
5143 9412 1
5143 9771 24
5143 9452 1
5143 9689 1
5166 8969 1
5166 9103 1
5166 8915 1
5166 9923 1
5185 9392 2
5185 9625 4
5185 9458 1
5185 9526 1
5185 9223 1
5185 9549 4
5195 9252 1
5212 8997 1
5213 9606 3
5218 9483 4
5218 9190 1
5218 9988 23
5231 9401 1
5234 8930 1
5234 9662 1
5249 9689 1
5263 9494 1
5263 8915 4
5263 9491 2
5263 9924 1
5266 8675 3
5266 8824 1
5274 8636 1
5282 9447 2
5282 9506 8
5282 9457 1
5288 8888 2
5288 8766 2
5330 8756 2
5330 9557 25
5330 9578 5
5336 8823 1
5336 8891 1
5336 9004 4
5343 9061 1
5343 8585 1
5359 9348 4
5359 8564 1
5359 8814 2
5359 8918 2
5359 9405 1
5359 9743 1
5368 9160 7
5368 8827 1
5368 9956 2
5371 8786 1
5371 8548 3
5371 9257 2
5384 8822 1
5384 8525 1
5386 8940 1
5386 9624 1
5404 8537 1
5404 8634 1
5409 9004 2
5438 9794 1
5438 9471 1
5438 9853 10
5438 8717 1
5438 9955 2
5442 9850 2
5442 8522 1
5442 9956 7
5442 8532 1
5442 9721 1
5458 8830 6
5458 9211 2
5458 8564 2
5458 9626 5
5476 9833 1
5476 8522 2
5476 9392 4
5476 9577 6
5481 9516 1
5481 9241 1
5486 9242 2
5486 9831 3
5490 8715 1
5490 9577 3
5490 9346 4
5502 9375 1
5502 9383 1
5515 8929 2
5515 9327 1
5520 8753 5
5520 9052 1
5553 9528 1
5553 9099 1
5553 8525 17
5553 9217 14
5553 9160 1
5553 8807 4
5553 9245 1
5557 9502 6
5557 9373 1
5568 9773 4
5568 9205 5
5568 9452 1
5568 8826 2
5568 9579 2
5568 9047 1
5568 9104 19
5568 9662 1
5581 9822 1
5581 8994 2
5581 9872 1
5581 9632 1
5584 9006 8
5584 9088 1
5599 9700 2
5599 8589 1
5599 9430 1
5599 9798 1
5599 9218 1
5599 9771 1
5599 9238 8
5600 9430 1
5600 8691 1
5600 9096 2
5600 9417 1
5601 8743 3
5601 9364 1
5601 9057 3
5603 9358 1
5603 9822 2
5603 9570 1
5627 9176 1
5627 9949 1
5627 9213 1
5627 9880 1
5638 8585 1
5644 9564 10
5644 9188 1
5644 9747 2
5658 8639 2
5658 9442 2
5658 9349 1
5658 8942 1
5684 8573 5
5684 9306 2
5702 8598 1
5702 8849 1
5702 9470 1
5702 9543 1
5702 8729 1
5702 9000 1
5702 8671 1
5702 9400 4
5702 9199 2
5703 8719 1
5703 9110 1
5703 9027 1
5705 9005 1
5705 9078 3
5705 9035 1
5706 8672 3
5706 8758 1
5706 9763 1
5706 9447 5
5706 9824 1
5706 9023 1
5706 9262 3
5706 9448 1
5706 9572 8
5708 8771 1
5708 8743 5
5708 9155 2
5723 9545 3
5723 9123 1
5740 8843 1
5740 9767 1
5740 9565 1
5760 9469 5
5760 9141 1
5760 9787 4
5760 9977 1
5760 8544 1
5760 9208 1
5775 8640 1
5775 9946 1
5775 9185 2
5775 8827 2
5775 9591 1
5775 9081 2
5783 9023 1
5783 8667 1
5783 9124 1
5783 9362 1
5783 9056 3
5783 9134 1
5786 9195 1
5786 9012 4
5786 9391 10
5799 8860 1
5799 9349 21
5799 8777 1
5801 9939 1
5801 8728 1
5801 9532 2
5805 8640 1
5805 9058 1
5805 8887 1
5805 9213 1
5810 9151 2
5810 9514 2
5810 9657 1
5829 9028 1
5829 9067 1
5829 9622 1
5829 9704 4
5833 9528 3
5833 9923 21
5833 9070 1
5833 8773 1
5833 9283 1
5833 8875 1
5833 9447 1
5833 9754 3
5833 9934 6
5855 9448 3
5855 9299 1
5855 9142 1
5855 9108 1
5855 8946 1
5856 8843 1
5856 9996 1
5856 9767 2
5861 9754 2
5861 9046 2
5861 9746 1
5867 8756 1
5867 9951 1
5867 8720 2
5867 9509 1
5868 9951 2
5868 9158 1
5868 9798 2
5868 9766 24
5872 8596 1
5872 9432 1
5884 9271 2
5884 9025 1
5900 8824 1
5900 9563 1
5900 9949 13
5906 9284 1
5906 9800 1
5930 9364 3
5930 9396 1
5930 9406 3
5930 9046 1
5930 9779 1
5932 9620 1
5932 8968 1
5932 9071 1
5932 8915 1
5932 9457 1
5932 9577 2
5933 9712 116
5933 8626 3
5933 9602 1
5933 8812 1
5933 9529 1
5934 9749 1
5934 9245 6
5934 9091 1
5934 9670 1
5934 9029 17
5934 9048 1
5934 9539 2
5934 9817 2
5935 9103 4
5935 9373 1
5935 9456 1
5935 9993 9
5935 9244 1
5935 9297 1
5952 9574 1
5952 8904 5
5952 9090 5
5953 9055 18
5953 8771 1
5953 8902 21
5956 9729 12
5956 8590 2
5960 9014 2
5960 9442 1
5974 8952 1
5974 8922 1
5974 9209 1
5974 9241 1
5974 9815 3
5974 9407 1
5976 9713 2
5976 8704 1
5976 8757 2
5976 9554 1
5985 9338 1
5985 8523 2
5985 9316 1
5985 9666 1
5985 9909 1
6039 9590 3
6039 9812 1
6039 8525 4
6039 8856 1
6044 8752 1
6044 9782 1
6044 9749 1
6044 9834 2
6053 9868 4
6063 9852 1
6063 8582 3
6079 9631 1
6079 8997 2
6079 9810 1
6079 9197 1
6084 8608 1
6084 9011 1
6084 9509 1
6084 8640 2
6084 9759 1
6096 8994 1
6096 9797 3
6096 9752 8
6106 9643 15
6106 8611 1
6106 8868 1
6112 8838 1
6112 8933 3
6112 9410 2
6131 9136 1
6131 9235 1
6131 8718 1
6131 9615 1
6136 9955 1
6136 8572 4
6136 9707 14
6136 9021 1
6136 8569 3
6136 9372 1
6136 8701 4
6136 8950 5
6155 9850 1
6173 9627 1
6173 8569 1
6173 8812 1
6173 8869 1
6173 9553 1
6173 8665 1
6173 9738 1
6173 9211 1
6173 9617 3
6173 9706 1
6180 8634 1
6180 9855 16
6180 8611 1
6180 9159 1
6180 9064 2
6180 9863 2
6221 8639 1
6221 8570 1
6221 9483 2
6221 9528 1
6221 9824 1
6228 8803 1
6240 9578 1
6240 9839 1
6250 9289 1
6250 9224 3
6250 9697 3
6250 9873 2
6252 8689 1
6252 9987 59
6254 9267 1
6254 9080 2
6257 9535 1
6257 9343 1
6257 9624 200
6257 9956 1
6257 9449 1
6257 9339 1
6257 9487 1
6268 8659 1
6268 8861 15
6268 9143 1
6268 9306 2
6269 9820 2
6269 9870 1
6269 9178 1
6269 9628 2
6269 9660 1
6269 9915 1
6269 9954 2
6275 9377 1
6275 9179 6
6275 9220 3
6281 9629 2
6281 9921 2
6281 8861 1
6281 9841 1
6285 9448 2
6285 9141 4
6300 9761 2
6300 8874 22
6319 8769 1
6324 9807 1
6324 9245 10
6324 9831 1
6328 9379 1
6328 8540 1
6328 9993 33
6328 9080 8
6328 8725 4
6328 8933 1
6328 9239 1
6328 9959 1
6330 9127 2
6330 9268 46
6330 9566 1
6334 9613 2
6334 9281 1
6335 8883 2
6335 9510 6
6335 9663 1
6346 8849 4
6346 9144 53
6346 9766 1
6360 8921 3
6372 8752 1
6372 9687 1
6372 8985 1
6372 9070 6
6372 9818 3
6372 9930 3
6372 9146 1
6372 9515 1
6394 9707 1
6394 9311 3
6394 9624 1
6394 8538 1
6394 8581 2
6394 9054 1
6394 9158 1
6394 9633 2
6394 9798 4
6459 8862 6
6459 9114 20
6498 9674 7
6498 8881 1
6498 8703 1
6522 9146 1
6522 9091 11
6522 9580 1
6529 8876 5
6529 9304 1
6547 8945 2
6556 8930 1
6556 8576 1
6556 9497 1
6559 9742 1
6575 9299 2
6575 8874 1
6575 8602 1
6575 8756 1
6575 9081 1
6575 9522 5
6575 8838 5
6592 8628 1
6592 8785 1
6592 9591 2
6592 9350 1
6592 9776 2
6592 9485 1
6598 9544 9
6598 8839 1
6598 9037 1
6598 9088 1
6598 9676 3
6598 8784 3
6602 9310 1
6602 9770 3
6602 9972 13
6612 9382 1
6612 9377 1
6612 9077 1
6612 9818 4
6617 9824 1
6620 8636 1
6620 8610 3
6620 9147 1
6669 8933 1
6669 9871 1
6669 9492 1
6682 8659 14
6682 8628 1
6682 9874 1
6719 9954 1
6719 9511 1
6722 8982 1
6722 9482 3
6729 9873 1
6736 9163 1
6736 9187 1
6736 9674 8
6736 9564 1
6758 9787 7
6758 8880 1
6758 9417 1
6758 8535 25
6758 8836 9
6796 8727 4
6796 8921 6
6796 9961 1
6796 8975 2
6798 9438 2
6798 9219 1
6798 9691 1
6798 9168 2
6798 9229 1
6798 9237 3
6798 9927 1
6799 8884 1
6799 8774 1
6807 9878 3
6807 8544 1
6807 8904 1
6807 9189 1
6807 9625 1
6827 9822 2
6827 8763 1
6827 9048 1
6831 8831 1
6831 8795 1
6831 9953 4
6831 8690 12
6831 9534 1
6831 9999 2
6838 9519 1
6838 9209 1
6858 9592 1
6878 9159 1
6878 9830 1
6878 8841 1
6878 8945 1
6878 9450 2
6886 8909 1
6886 9553 1
6886 8875 2
6886 9523 1
6886 9805 2
6886 9821 8
6886 9765 5
6886 9746 1
6886 8609 1
6886 9221 1
6886 9840 1
6896 9817 1
6898 9075 1
6898 9667 1
6900 8892 1
6900 9398 1
6900 9466 5
6900 9989 1
6900 8531 1
6900 9210 2
6900 9792 9
6909 9079 1
6909 8897 1
6919 9720 2
6919 8558 1
6919 9910 1
6919 9254 1
6919 9975 2
6930 8856 23
6930 9216 1
6930 9294 1
6930 9332 1
6930 9873 1
6930 9039 1
6946 9454 1
6946 8799 2
6946 9298 1
6952 8818 1
6956 8573 3
6963 9370 1
6963 9389 1
6964 8830 2
6964 8879 3
6964 8546 1
6970 9219 1
6983 8937 1
6983 9132 2
6983 9295 1
6983 9846 10
6983 9965 1
7010 8634 1
7010 9299 1
7010 8884 1
7013 9546 2
7013 9802 1
7013 9066 1
7018 9105 1
7018 9765 1
7030 9519 1
7030 8768 2
7030 9808 1
7030 9462 1
7061 9735 4
7061 8639 1
7069 9806 2
7074 8864 1
7074 9691 3
7091 9525 2
7091 8913 1
7091 8720 1
7091 9127 6
7091 9272 1
7091 8725 2
7093 9442 23
7093 9774 1
7093 9574 12
7093 9435 1
7093 9864 1
7099 8672 1
7099 9557 1
7099 9681 1
7099 9179 1
7099 9969 4
7135 9462 5
7135 9531 1
7135 9933 37
7137 8939 1
7137 9450 1
7137 8854 1
7139 8924 2
7140 9915 1
7140 9916 4
7140 9938 8
7143 9565 4
7152 9298 1
7152 9112 1
7152 9727 1
7152 9882 1
7153 9032 1
7153 9761 2
7162 9859 2
7162 9916 1
7162 9618 2
7162 8651 2
7168 9376 1
7168 8760 1
7168 9037 1
7168 8805 5
7168 9007 4
7168 9305 6
7168 9500 2
7168 9668 1
7178 9898 21
7178 9565 1
7178 9923 1
7183 9720 1
7191 9823 1
7191 9225 3
7191 9387 2
7218 8908 3
7218 8891 1
7218 9564 1
7218 9741 50
7225 9123 1
7225 8638 1
7225 8938 2
7225 9736 3
7225 9146 2
7225 9916 3
7225 9276 1
7225 9618 1
7225 8575 1
7225 9329 1
7225 9861 181
7230 8708 1
7230 8912 1
7230 9670 2
7253 9318 1
7253 9436 5
7253 8563 1
7253 9549 1
7253 9518 1
7253 9094 2
7253 9519 1
7259 9903 1
7259 9629 1
7259 9712 1
7259 8974 1
7259 9242 1
7259 9345 1
7259 8636 2
7267 9871 2
7267 8533 1
7267 9523 1
7267 8617 1
7276 9130 4
7277 9053 1
7277 9407 1
7277 8567 1
7277 9794 1
7278 9857 1
7278 8878 1
7282 9212 3
7282 9244 1
7282 9549 1
7282 9380 1
7289 9391 7
7289 8598 2
7289 8611 1
7289 9100 1
7297 8668 1
7297 9290 1
7297 8581 1
7302 8552 3
7302 9040 2
7302 9522 1
7308 8869 2
7308 8715 1
7327 9649 1
7327 9616 1
7327 9837 1
7327 8708 3
7327 9114 3
7327 9303 1
7327 9610 2
7337 9987 4
7337 8908 1
7337 8945 1
7364 9680 1
7364 8536 1
7364 9740 1
7379 9665 1
7379 8569 1
7379 9332 1
7379 9803 1
7384 8987 2
7384 9978 3
7384 9697 1
7384 9269 1
7384 9532 1
7384 8552 4
7392 8772 1
7392 9599 5
7396 9467 1
7396 8802 4
7396 9173 1
7396 8933 2
7396 9902 1
7407 9622 1
7407 8551 6
7407 9127 2
7407 8910 5
7407 9322 1
7407 9877 1
7414 8535 18
7414 8618 1
7414 9582 1
7414 9027 1
7414 9299 1
7414 9388 1
7433 9677 1
7433 8527 1
7444 8609 1
7449 8823 9
7449 9286 5
7449 9842 2
7449 9219 1
7449 9807 1
7449 9935 1
7452 9602 2
7452 8892 1
7479 8789 1
7479 9294 3
7479 9704 4
7484 9008 5
7484 8651 7
7484 9891 7
7488 9255 1
7488 9727 1
7488 8646 2
7488 9752 2
7488 9658 61
7495 9886 3
7496 9364 1
7496 8632 1
7496 9328 1
7504 8779 1
7504 9318 1
7504 9846 1
7504 9956 6
7506 8752 1
7509 8527 2
7518 9426 36
7518 9965 1
7518 8783 27
7518 8826 2
7518 9901 4
7533 8539 1
7533 9810 1
7533 8956 1
7533 9364 2
7555 9186 1
7555 9657 1
7557 9722 2
7572 9433 7
7572 9617 5
7572 9365 1
7600 9686 49
7600 8857 18
7600 9160 1
7613 8994 1
7613 9553 1
7613 9776 1
7613 9983 5
7628 8948 1
7628 9911 2
7628 9049 1
7628 9755 1
7628 9619 2
7628 9778 1
7642 8812 1
7642 9217 2
7648 9047 1
7648 9375 1
7648 9788 1
7648 8752 1
7648 9038 1
7648 8923 1
7648 9606 1
7652 9312 3
7652 8880 1
7659 9159 4
7659 9195 1
7659 9807 4
7659 8627 19
7659 9076 1
7674 9486 3
7674 9642 3
7702 9056 4
7702 9415 1
7702 8825 1
7702 8865 1
7702 8814 4
7702 9363 1
7702 9585 1
7702 8712 1
7719 8603 2
7719 8765 1
7719 8924 1
7719 9981 4
7719 9418 2
7733 8594 4
7733 8802 1
7733 9747 6
7734 8886 1
7734 9389 1
7734 8725 1
7734 9842 1
7734 8773 1
7736 9095 9
7736 9415 45
7736 8589 1
7736 9969 1
7736 8982 1
7736 9297 1
7736 9878 1
7736 9458 1
7751 9774 4
7754 9484 1
7754 9017 9
7754 9149 4
7755 9739 1
7755 9206 1
7755 9277 1
7775 8827 2
7775 9484 2
7775 9938 4
7787 8675 2
7787 9267 1
7787 8859 1
7791 9128 1
7791 9407 1
7795 8875 1
7795 9613 1
7797 9541 2
7797 9338 2
7799 9399 5
7805 8838 1
7805 8631 2
7805 8690 1
7805 9171 5
7805 8946 1
7831 9388 1
7831 9186 1
7831 9775 1
7831 9677 1
7832 9512 1
7832 9019 1
7832 8676 5
7832 9197 2
7832 8864 1
7832 9240 1
7859 8805 8
7859 9200 1
7859 9806 1
7859 9548 1
7859 9677 1
7881 8738 2
7881 9660 1
7881 8593 2
7881 9527 7
7881 9323 1
7881 9386 4
7882 9347 9
7882 9545 1
7882 8766 72
7882 9626 1
7882 9868 2
7913 9922 7
7913 9078 12
7913 9627 3
7913 9631 19
7948 9508 5
7948 9692 1
7948 9449 1
7961 8922 1
7961 9076 1
7961 9356 1
7961 9590 1
7975 8913 3
7975 9346 1
7995 9254 2
7995 9412 12
7995 9263 2
7995 9080 1
7995 8542 1
8000 9928 1
8000 9063 1
8008 9012 200
8008 9820 1
8008 9605 1
8012 9862 1
8023 8772 1
8023 9385 27
8048 9235 12
8048 9661 1
8048 9038 6
8050 9272 4
8050 8571 3
8058 9859 1
8058 8844 3
8058 9977 6
8064 8758 1
8064 8956 11
8064 9491 5
8074 9568 2
8074 9748 7
8074 9399 1
8074 8814 2
8074 8938 7
8074 9334 3
8097 8808 4
8097 9104 3
8097 9323 2
8117 8919 1
8139 9275 1
8139 9055 1
8139 9552 8
8139 9935 2
8139 9742 2
8148 9841 1
8148 9942 2
8148 9613 2
8148 9336 6
8149 9965 1
8149 9486 1
8149 8688 1
8160 9288 1
8160 8822 3
8160 9118 8
8160 8563 1
8160 9541 3
8179 8878 1
8200 9903 2
8200 9151 1
8200 9171 1
8222 9074 1
8223 8611 1
8223 8877 19
8223 9004 1
8223 9135 3
8223 9927 1
8226 9668 1
8226 8774 1
8226 9338 2
8232 8946 2
8232 8527 1
8232 9133 1
8234 9870 3
8234 8536 1
8236 9610 1
8236 8638 3
8236 9329 1
8236 8651 34
8236 8867 1
8236 9171 7
8236 9092 3
8240 9053 1
8240 9380 4
8240 9713 1
8240 8915 1
8254 9912 1
8254 9096 1
8254 8958 1
8274 9418 1
8277 9796 1
8277 9595 1
8277 9402 1
8282 8660 2
8282 9553 1
8282 9375 1
8308 9841 1
8308 8831 1
8308 9672 6
8308 9154 1
8309 9862 1
8309 9450 2
8309 9742 1
8311 8974 1
8311 8701 1
8311 8962 1
8311 9962 2
8321 8555 1
8321 8915 1
8321 9696 7
8321 9770 16
8321 8547 1
8321 9111 2
8321 9840 1
8321 9930 1
8345 8557 1
8348 9378 1
8348 9773 1
8348 8668 1
8348 8969 1
8355 9395 2
8355 9449 1
8355 9516 1
8355 9546 2
8355 9749 2
8355 9927 1
8355 8975 1
8355 9252 3
8359 9510 1
8359 9576 1
8359 8972 1
8413 9831 2
8413 9941 2
8433 9626 2
8433 9494 1
8433 8775 1
8433 8822 9
8433 8930 81
8433 8940 24
8446 9880 1
8446 9968 2
8446 8915 1
8446 9363 4
8469 9314 2
8469 9610 1
8469 9211 5
8476 8985 2
8476 9233 1
8476 9314 1
8508 9292 1
8508 9166 1
8508 8564 1
8508 8771 2
8508 9618 4
8509 8809 1
8509 9041 2
8509 9350 38
8513 8877 1
8513 8594 1
8513 8721 1
8513 9931 2
8523 8927 1
8524 8841 13
8524 9057 1
8524 9794 1
8524 8731 1
8526 8977 1
8526 8776 1
8526 8710 1
8528 9797 1
8528 9130 1
8528 9060 1
8528 9304 1
8528 9277 1
8528 9350 1
8528 8798 2
8530 9618 1
8530 9549 1
8530 8717 2
8530 9399 2
8531 8941 1
8533 8894 3
8534 9024 1
8541 8966 4
8542 8944 3
8542 8907 3
8542 8587 1
8545 8722 5
8548 8896 1
8548 8852 1
8548 9547 1
8549 8979 1
8549 8855 4
8550 9137 1
8550 8583 1
8552 8622 5
8553 9329 1
8553 9096 3
8553 9447 1
8553 9987 1
8553 9766 2
8553 9327 1
8554 8634 1
8554 8613 1
8554 9557 1
8554 9808 2
8555 8637 1
8555 8723 1
8556 9808 1
8556 9570 3
8557 9009 2
8559 8812 1
8559 8750 4
8560 8641 3
8560 8746 2
8561 9909 1
8561 9802 1
8561 8646 1
8561 9394 82
8563 8709 1
8564 8990 6
8564 9259 1
8564 8776 1
8565 9487 1
8565 8809 1
8565 9570 2
8565 9858 1
8565 8679 6
8565 9882 1
8565 8959 1
8565 8973 3
8565 9842 1
8567 9230 1
8567 8993 1
8569 8606 1
8570 8578 5
8571 8711 1
8572 8584 1
8572 8894 1
8574 8768 11
8574 9697 4
8574 8782 2
8574 9018 2
8577 8678 1
8577 8837 1
8578 8827 7
8579 9076 1
8580 8814 5
8580 8939 1
8580 9173 1
8583 9018 1
8583 9084 1
8583 9896 2
8583 9633 1
8584 9678 1
8584 8972 2
8584 8976 7
8584 9019 1
8584 9461 14
8586 8800 3
8586 9363 130
8587 9826 1
8587 9316 2
8587 9973 1
8587 9469 1
8587 9885 2
8588 8951 2
8588 9149 1
8588 9251 1
8590 8687 1
8590 8680 1
8591 9216 19
8592 9145 1
8592 9163 8
8592 9310 1
8592 8737 3
8594 9020 1
8595 9721 1
8595 9817 2
8595 9804 2
8597 9078 1
8597 8648 1
8597 9079 9
8597 9105 4
8597 9538 1
8597 9527 1
8597 9783 1
8597 8772 1
8597 9933 1
8597 8861 2
8597 8982 1
8598 8770 1
8599 8898 9
8600 8776 2
8602 8998 1
8603 8927 15
8604 9926 2
8604 9538 2
8605 8783 8
8605 8992 1
8605 9963 1
8606 9404 1
8606 8718 1
8606 9347 1
8606 8614 12
8606 9877 11
8606 9222 1
8608 8971 1
8612 8689 2
8612 9830 2
8612 9859 1
8612 9100 1
8612 9118 3
8613 8694 2
8614 8710 3
8615 9709 1
8616 9350 1
8616 9295 1
8616 9526 6
8616 8786 1
8619 9226 1
8619 9144 1
8619 9604 1
8621 8932 1
8621 8800 2
8621 8881 1
8622 9311 1
8622 9742 1
8622 8780 1
8622 9188 1
8622 9462 1
8622 9480 1
8623 9914 29
8624 9547 1
8624 8898 1
8624 8666 1
8624 8996 2
8625 8680 1
8626 8944 1
8627 8714 1
8629 8842 2
8630 9762 1
8630 8776 1
8631 9560 1
8632 8755 1
8633 8808 1
8633 8830 1
8634 8967 1
8635 8798 1
8636 8851 1
8637 8660 1
8637 8950 2
8637 9764 1
8637 9625 16
8637 9687 3
8639 8744 1
8641 8942 1
8641 9180 1
8642 9028 3
8642 8984 1
8643 8895 1
8644 8876 1
8644 9149 2
8644 9406 1
8644 9754 1
8645 8926 2
8645 9249 1
8645 9365 2
8645 9495 1
8647 9291 1
8647 8923 1
8647 9805 2
8647 8685 1
8648 8759 1
8650 8858 1
8651 8657 1
8652 8788 5
8652 9643 2
8652 8976 1
8652 9179 1
8652 8795 1
8652 9077 1
8653 9581 1
8653 8665 4
8653 9345 1
8653 9600 1
8653 9933 13
8653 9271 2
8653 9235 1
8653 9461 1
8654 9297 1
8654 8948 1
8655 8718 3
8655 9055 1
8656 9805 1
8656 8729 6
8656 9390 1
8657 9864 1
8657 9930 3
8657 8824 1
8657 8959 1
8657 9939 2
8657 9998 1
8658 9124 3
8659 8853 7
8660 8692 3
8661 9121 1
8662 8689 3
8662 9868 4
8662 8719 1
8662 9052 2
8662 9372 1
8663 9293 1
8664 8868 1
8664 9382 3
8664 8866 2
8665 8986 1
8665 8871 9
8666 9670 1
8666 9694 2
8666 9698 8
8666 8785 1
8666 9574 2
8668 9082 1
8668 8776 1
8669 9528 2
8670 9521 2
8670 8917 1
8672 9259 1
8673 9514 1
8673 9128 1
8673 9414 2
8675 8925 1
8677 8921 1
8677 9289 6
8678 9118 1
8678 8715 2
8678 9027 1
8678 8747 14
8678 9290 1
8679 8695 2
8680 9046 1
8680 9833 18
8680 9312 1
8680 9932 1
8681 9336 1
8681 9224 1
8681 9021 1
8681 9710 7
8682 8811 85
8682 8944 1
8685 8745 19
8687 8906 3
8687 9194 1
8687 9314 1
8687 9792 1
8687 8956 1
8687 9224 1
8687 9983 1
8687 9274 1
8687 9229 2
8687 9712 1
8687 9138 1
8687 9822 1
8688 8693 2
8692 8912 1
8692 9154 1
8692 9059 1
8692 9281 3
8692 9896 1
8693 9821 1
8693 9270 1
8693 9573 1
8693 9868 35
8694 9379 4
8694 9444 1
8694 9813 1
8695 9071 1
8695 9323 1
8695 9864 1
8695 9088 1
8695 9362 1
8696 9987 1
8696 9829 2
8696 9005 2
8696 9787 3
8697 8904 1
8697 9415 1
8698 9462 4
8698 8796 1
8698 9850 1
8699 9547 2
8699 8781 6
8700 9790 4
8700 9381 1
8700 8880 2
8700 9376 1
8700 9646 1
8700 8810 2
8700 9980 1
8702 9373 1
8702 8783 1
8703 9425 1
8703 8847 1
8705 9910 1
8705 9262 2
8707 8971 1
8708 8713 6
8709 9588 1
8709 9430 1
8711 9862 1
8711 9951 3
8711 9496 2
8711 9500 1
8711 9264 1
8711 9880 2
8713 9127 1
8713 9349 21
8713 9432 1
8713 9846 9
8714 9375 1
8714 9805 2
8714 8738 9
8714 9435 1
8714 8831 2
8714 9038 7
8714 9138 3
8714 9503 1
8714 9884 2
8719 8759 1
8720 9655 2
8720 8927 1
8722 9414 1
8722 9848 2
8723 9493 6
8723 9730 2
8723 8987 1
8723 9839 1
8723 9111 1
8723 9901 1
8723 9257 1
8723 9189 3
8723 9466 1
8724 9889 1
8724 9106 1
8725 9849 1
8725 9709 1
8726 9681 1
8726 9712 1
8728 8944 1
8729 8746 12
8729 9137 1
8730 9956 43
8730 9223 1
8731 8847 2
8731 8935 1
8734 8874 12
8734 9898 1
8734 8862 5
8737 9498 1
8739 9856 17
8739 8913 2
8740 9899 1
8742 9107 1
8742 8821 1
8744 9646 1
8745 9838 3
8745 9433 1
8746 9891 1
8746 9135 1
8747 9547 1
8747 8806 1
8748 9048 1
8749 8950 1
8749 9473 1
8749 9539 5
8749 9012 2
8750 8770 1
8751 9497 4
8751 8888 1
8751 9268 1
8751 9204 1
8753 8885 3
8754 9511 1
8754 9602 3
8755 8888 1
8758 8928 2
8758 8914 1
8758 8896 2
8759 9889 1
8759 9299 1
8759 9823 1
8759 9153 2
8760 8901 2
8762 9713 1
8762 8843 1
8763 9260 1
8764 9431 7
8764 9346 4
8764 8774 2
8764 9441 3
8764 9555 1
8764 8869 1
8764 9421 1
8764 9782 1
8765 8967 1
8767 8837 1
8768 8934 2
8769 8846 1
8770 9272 4
8770 9018 1
8770 9846 1
8770 8980 1
8776 9476 1
8777 9560 1
8778 9954 7
8778 9666 1
8779 8999 1
8781 8795 1
8784 8996 1
8786 8935 1
8786 9899 1
8789 9655 20
8790 9909 1
8790 9734 1
8791 9126 2
8791 9050 1
8791 9926 1
8792 9543 1
8792 9902 1
8792 9261 1
8793 8989 5
8794 8828 1
8794 9399 1
8796 9897 1
8796 9302 1
8797 9569 2
8798 8916 1
8800 8979 2
8803 9024 3
8804 9002 3
8805 9875 2
8805 8901 1
8806 8854 1
8806 9033 1
8806 9436 1
8807 9280 4
8807 8993 1
8808 8981 1
8809 8967 1
8810 8816 1
8811 9446 1
8811 9568 9
8811 9613 1
8811 9060 1
8811 9595 6
8811 9667 1
8813 8953 2
8813 9212 1
8813 9619 1
8815 9239 1
8815 9642 1
8815 9739 2
8815 9861 2
8815 9457 1
8816 9165 3
8816 9926 3
8816 9525 3
8816 9889 1
8817 9147 1
8817 9839 1
8817 9857 1
8820 9579 2
8820 9205 1
8823 9259 1
8825 9230 1
8826 8943 1
8826 9914 2
8828 9003 1
8832 9303 3
8832 9815 2
8832 9410 1
8833 9137 2
8834 9343 25
8834 9882 32
8834 9937 2
8834 9433 6
8834 9348 1
8834 9592 15
8835 9240 1
8837 9854 2
8842 9828 1
8846 9511 8
8847 9862 1
8848 9587 1
8848 9743 1
8848 9963 1
8850 9268 1
8850 9539 1
8850 9565 1
8852 9266 1
8852 9969 1
8852 8932 2
8853 9275 1
8855 9311 2
8855 9585 1
8858 9988 2
8858 9514 2
8858 9217 2
8858 9572 1
8858 9330 1
8858 9346 1
8860 8928 1
8860 8896 95
8861 9230 1
8862 9513 1
8867 8988 19
8870 9027 14
8870 9677 10
8870 9435 1
8871 9545 1
8871 9179 1
8872 9188 2
8872 9833 1
8872 9318 2
8872 8987 1
8873 8930 1
8873 9072 1
8873 9876 1
8874 9786 1
8878 8999 1
8878 8996 147
8882 9166 2
8882 9686 1
8883 8989 1
8885 9221 5
8885 9543 1
8886 8961 1
8886 8990 1
8887 9455 1
8888 9026 2
8888 8988 1
8889 9894 1
8889 9441 1
8889 9479 3
8890 8966 1
8894 9701 2
8894 9085 34
8894 9605 4
8895 9339 4
8895 9783 2
8895 9102 1
8895 9204 1
8895 9222 1
8895 9862 6
8896 9053 20
8898 9978 2
8899 9248 2
8901 8951 6
8901 9147 4
8901 9005 1
8903 8999 1
8905 9828 6
8907 9330 2
8908 8999 1
8909 8928 1
8911 9787 3
8912 9513 2
8912 8957 1
8914 9934 1
8914 9334 1
8916 8917 1
8916 9928 1
8916 9371 2
8916 9691 1
8920 9294 2
8920 9186 1
8920 9190 3
8923 9256 1
8925 9334 1
8925 9712 1
8926 8979 3
8927 9044 2
8927 9141 2
8928 9416 1
8928 9697 1
8928 9311 1
8928 9699 4
8928 9569 1
8928 9820 1
8931 9779 3
8931 9784 1
8931 9818 1
8931 9826 2
8931 8985 1
8934 9269 4
8935 9171 1
8935 9143 3
8935 9661 1
8936 9212 10
8937 9513 2
8940 9260 1
8941 9633 1
8943 9199 1
8943 9414 1
8943 9016 1
8943 9291 4
8943 9809 1
8944 9340 1
8946 9013 10
8946 9558 1
8947 9874 5
8947 9142 1
8949 9715 1
8954 9060 4
8954 9388 1
8954 9120 4
8955 9134 1
8955 8972 2
8955 9397 1
8957 9673 5
8957 8982 28
8957 9021 1
8958 9520 1
8960 9977 2
8961 9886 1
8962 9875 1
8964 9324 4
8964 9180 1
8965 9238 3
8965 9826 1
8966 9198 1
8967 9511 10
8967 9903 1
8969 9455 1
8970 9352 1
8970 9961 1
8971 9671 1
8977 9410 1
8977 9076 1
8979 9120 2
8979 9208 1
8979 9698 1
8979 9514 1
8979 9617 1
8979 9079 1
8981 9557 48
8981 9216 1
8983 9376 2
8983 9004 1
8983 9646 2
8983 9309 1
8983 9815 1
8986 9058 1
8986 9804 1
8986 9932 2
8986 9494 1
8986 9746 1
8986 9431 1
8986 9848 1
8988 9103 1
8988 9493 13
8988 9736 4
8989 9997 1
8989 9239 1
8989 9574 1
8989 9699 16
8989 9056 3
8989 9643 1
8989 9401 2
8989 9801 1
8991 9518 1
8991 9153 1
8993 9044 1
8993 9506 2
8993 9472 15
8995 9849 11
8995 9026 13
8996 9774 1
8996 9397 3
8996 9557 1
8996 9208 1
8996 9791 15
8997 9474 1
8998 9699 1
8998 9702 1
8998 9126 1
8999 9921 1
9000 9875 1
9001 9809 1
9003 9973 1
9003 9352 1
9003 9283 2
9003 9473 5
9003 9960 1
9009 9185 3
9013 9923 1
9013 9485 1
9014 9022 1
9016 9474 2
9022 9765 2
9022 9306 2
9022 9054 1
9024 9314 1
9024 9241 1
9024 9512 2
9025 9428 1
9026 9928 87
9026 9959 3
9030 9256 1
9031 9330 2
9031 9386 1
9036 9769 9
9041 9513 1
9043 9920 1
9047 9344 1
9049 9547 2
9050 9259 2
9051 9181 1
9061 9256 1
9070 9082 1
9074 9845 1
9082 9158 41
9082 9269 1
9082 9306 1
9082 9802 1
9082 9348 1
9082 9850 1
9082 9500 3
9082 9877 1
9086 9251 1
9086 9807 2
9086 9821 1
9087 9328 1
9087 9441 2
9087 9761 1
9087 9957 1
9090 9259 1
9091 9170 1
9108 9474 4
9110 9914 1
9121 9782 1
9128 9940 1
9137 9554 2
9137 9740 3
9137 9682 1
9148 9598 3
9159 9547 2
9170 9303 2
9170 9365 1
9170 9545 1
9190 9899 1
9198 9664 1
9205 9849 1
9210 9762 1
9215 9303 7
9215 9674 2
9215 9270 1
9215 9581 1
9217 9558 133
9223 9637 1
9228 9474 1
9230 9894 10
9230 9773 9
9239 9498 1
9240 9481 1
9244 9504 4
9253 9919 1
9255 9428 1
9258 9474 11
9259 9983 1
9260 9686 1
9260 9868 2
9260 9601 1
9260 9698 1
9260 9829 1
9263 9845 1
9268 9914 1
9269 9513 1
9277 9750 1
9292 9845 5
9302 9998 1
9302 9788 1
9302 9317 8
9302 9376 1
9323 9520 2
9333 9971 6
9339 9750 2
9343 9899 1
9355 9547 2
9358 9408 1
9362 9693 1
9365 9940 1
9377 9637 1
9381 9474 1
9392 9558 6
9396 9558 1
9408 9719 13
9408 9571 2
9413 9455 1
9425 9926 2
9425 9587 4
9428 9846 1
9428 9831 1
9438 9940 3
9442 9893 1
9455 9613 1
9455 9470 1
9456 9560 23
9458 9478 1
9470 9481 4
9474 9835 2
9474 9626 1
9480 9520 1
9486 9664 1
9494 9786 1
9498 9806 1
9498 9992 1
9504 9572 1
9508 9914 1
9511 9893 3
9513 9999 1
9513 9687 3
9513 9542 4
9513 9785 2
9518 9560 1
9520 9930 1
9528 9914 23
9535 9849 1
9540 9581 1
9540 9679 2
9545 9762 1
9547 9587 1
9547 9696 1
9547 9884 1
9556 9609 1
9560 9628 1
9587 9709 1
9589 9714 1
9600 9655 3
9621 9750 5
9625 9971 3
9654 9849 3
9655 9918 2
9663 9709 1
9664 9766 1
9676 9940 1
9693 9938 1
9731 9750 1
9739 9845 6
9745 9768 1
9763 9893 1
9786 9850 2
9792 9914 1
9811 9856 1
9849 9993 1
9849 9926 1
9893 9915 1
9893 9959 1
