21 8767 1
24 9112 1
24 9419 1
24 9184 2
24 9466 2
24 9896 25
24 9155 4
24 9760 1
25 9306 1
25 9531 74
25 9124 14
25 9698 2
25 9194 1
25 9199 1
25 9837 7
25 9498 1
37 9081 1
37 9894 7
37 9351 1
37 8583 1
40 9085 1
40 9490 8
40 9473 1
40 8864 1
40 9409 2
41 9270 1
41 9359 1
41 9842 1
68 9096 1
68 9036 1
68 9195 1
68 9713 1
68 8587 30
68 8789 11
68 9235 6
68 9639 1
81 9173 3
91 9746 1
91 9322 8
91 9785 2
92 9164 2
92 9389 1
92 9925 1
92 9221 3
102 8889 1
102 9575 1
102 8899 1
102 8958 4
132 8876 2
132 8540 1
132 9535 1
156 8774 1
203 9653 1
203 9949 1
203 8780 1
203 9740 1
212 8916 3
216 9486 1
216 8804 1
216 9927 1
221 8565 11
221 9441 1
223 9954 1
223 8974 6
223 9000 2
223 9012 2
223 9465 1
223 9711 1
226 9153 1
227 9907 1
227 9310 1
227 8863 1
227 8606 1
231 8958 1
231 9115 1
231 8560 1
231 9976 7
231 9932 4
235 9522 1
267 9159 6
267 9520 1
267 9883 1
273 9368 1
273 9833 1
273 8736 2
273 8968 1
273 9245 12
273 9787 4
273 8541 26
273 9552 1
277 8699 3
278 8820 1
278 8942 1
279 9520 12
279 9151 28
304 8701 1
304 9339 1
304 9769 1
304 9907 1
312 9680 2
312 9400 1
312 9766 1
312 9054 1
348 9514 1
348 8836 1
348 9366 2
348 9592 12
354 9700 1
354 8533 1
361 9657 2
361 8976 1
366 8726 1
366 9472 1
366 8865 7
366 8540 1
366 9427 1
366 9917 5
366 9641 3
386 8535 1
386 9011 2
386 8972 1
386 9546 5
386 8596 1
386 9749 44
386 8881 1
395 9747 3
395 9057 2
402 8639 43
402 9874 3
411 8585 3
422 9635 4
422 8758 1
422 8858 1
422 9380 1
422 9850 2
422 8865 1
432 8714 2
432 9811 1
432 9372 1
432 8751 49
432 9637 22
436 9549 1
438 9812 1
438 8986 1
441 9382 1
441 8914 1
441 9545 1
441 9933 1
477 9532 1
477 9777 2
495 8617 1
495 9274 1
495 9466 2
495 9499 1
498 9572 1
498 9700 1
523 9283 1
523 9549 1
525 8857 1
525 8725 1
525 9905 1
525 8661 1
525 9191 1
525 9475 1
525 9831 2
525 9994 1
533 8880 2
533 9000 1
533 9381 1
534 8739 1
534 8935 1
540 8693 4
540 9037 2
546 9892 1
547 8942 1
547 9572 1
547 9401 1
547 9920 2
547 8841 7
547 8988 2
547 9668 1
549 9634 1
549 9341 4
549 9474 1
549 9584 1
549 9671 2
561 9180 1
561 8679 1
569 9305 1
577 9090 2
577 8543 2
577 9277 1
577 9294 3
577 9941 3
592 9091 1
592 9319 1
592 9251 2
592 9426 1
592 8671 1
592 9100 1
592 9121 4
592 9135 1
595 8854 2
595 9484 1
595 9779 1
595 9850 7
602 9991 1
602 9114 2
611 9871 1
611 8701 1
612 8749 1
612 8892 4
612 9359 2
612 9971 3
616 8998 1
616 9748 1
616 8938 3
617 9580 1
642 9038 1
642 9357 7
642 9058 1
642 9742 1
642 9543 1
642 8843 2
649 9764 1
649 8585 2
649 9582 1
649 9669 1
649 8535 1
649 8551 1
649 9124 2
661 9380 1
661 8933 98
661 9701 2
661 9869 1
662 9144 3
662 9616 2
662 9826 5
673 8528 2
679 8895 1
679 8672 1
679 8874 1
679 9592 1
679 9617 1
694 9622 1
694 9403 2
694 8673 1
708 9877 1
708 9067 2
708 8535 2
708 8808 1
708 9126 1
708 8921 1
708 9085 1
729 9877 1
729 8689 8
731 9503 3
731 8532 2
731 9190 1
731 9791 1
731 9864 51
731 9787 1
731 9829 35
731 8649 1
731 8940 1
745 9522 1
745 9064 2
746 9166 1
746 8533 1
746 9453 1
746 8692 1
746 9648 1
769 8807 2
769 8568 1
799 9487 1
799 9154 2
799 9791 1
799 9947 8
799 8528 3
799 9546 3
803 8535 54
803 8770 12
803 9310 12
803 8678 1
803 9098 1
803 9460 1
803 9959 1
812 9256 4
812 9716 1
816 9071 1
816 9932 1
816 9434 2
816 9630 1
816 9770 1
816 8666 3
816 9343 3
816 9881 2
816 9837 1
820 8542 1
820 9768 4
820 9920 1
820 9737 1
873 9387 7
875 9984 1
875 8550 1
875 8563 1
875 9180 4
875 9279 200
876 8874 1
876 9100 1
876 9854 2
884 9197 6
884 9692 1
884 9438 1
884 9685 1
884 9807 1
886 8871 2
886 9319 1
886 9267 1
886 8756 2
886 8924 2
886 9168 1
893 8715 2
893 9195 1
893 9685 1
893 9069 1
894 8639 1
894 8964 1
894 9381 1
894 9190 5
894 9235 1
894 9513 1
894 9177 1
894 9197 1
894 9304 1
899 9995 8
899 8774 4
899 8888 1
899 9549 1
899 9812 6
899 8718 2
899 9518 2
899 9595 5
899 9628 179
904 8844 1
904 9310 1
904 8560 2
904 8787 1
904 9995 3
909 8708 4
909 9116 6
915 8583 1
915 9636 1
915 9954 1
915 9611 1
917 8844 8
917 9365 1
917 9743 1
917 9533 1
919 9506 1
919 8751 1
919 9642 1
919 9765 2
925 8726 1
925 9517 2
925 9880 2
934 9694 7
934 8688 1
934 8964 1
940 9965 1
940 8899 1
954 9893 1
954 8540 1
954 9009 1
954 9661 1
954 8619 2
954 9597 1
976 8789 1
976 8636 1
976 9933 3
976 9271 1
983 9052 2
983 9419 1
983 8612 1
983 9571 2
983 8696 1
983 8931 1
1027 9502 1
1027 8616 1
1027 9629 1
1027 9550 2
1027 9916 1
1033 9401 1
1033 9135 5
1033 9345 2
1033 9259 1
1040 9475 6
1040 8569 1
1040 8852 1
1040 8842 1
1043 9285 1
1043 9033 1
1043 9160 3
1050 8537 2
1050 9724 2
1050 9281 5
1050 9604 2
1050 8762 2
1050 9003 1
1050 9987 1
1053 8630 1
1053 9227 2
1053 9306 3
1053 8708 1
1053 9090 4
1073 9189 1
1073 9022 33
1073 9397 1
1073 8833 9
1082 8650 1
1082 9450 3
1084 9340 4
1084 8546 1
1084 8556 1
1084 9500 2
1085 8713 2
1085 9086 7
1085 9311 3
1085 9882 4
1085 9647 1
1093 9641 3
1093 9718 1
1095 9850 6
1098 9618 6
1098 9613 5
1098 9556 1
1098 9722 2
1104 9052 1
1104 8982 4
1104 9418 1
1104 9767 14
1105 9267 1
1105 8673 1
1105 9231 1
1105 9016 1
1114 8550 1
1114 8697 1
1114 8929 6
1122 9103 6
1122 8916 1
1122 9959 3
1122 9246 7
1122 9387 1
1122 9416 1
1131 8865 4
1144 9746 1
1144 8637 3
1144 9592 1
1144 8895 1
1144 9171 1
1145 9960 1
1145 9246 1
1145 9260 1
1145 9577 1
1145 9641 11
1151 8863 1
1151 8870 2
1151 8560 1
1194 9311 2
1194 9206 1
1194 9035 1
1194 9151 200
1194 8621 1
1194 9895 8
1235 8863 4
1235 9056 1
1235 9716 1
1251 9215 1
1251 9160 1
1251 9189 1
1251 9098 1
1251 9670 1
1259 9615 3
1266 9057 1
1266 9929 9
1266 9694 1
1266 8794 3
1283 9147 1
1283 8958 58
1283 9639 1
1287 9752 3
1293 9700 1
1293 9339 1
1293 8736 2
1308 9366 1
1308 8693 1
1308 9008 1
1308 9133 1
1325 9512 1
1325 9975 1
1325 9204 1
1338 9023 1
1338 9525 3
1338 9317 2
1338 9327 1
1352 9907 3
1352 9204 1
1382 9555 2
1382 9231 1
1386 9416 16
1386 9288 1
1432 9232 4
1443 9945 1
1443 9545 1
1443 8609 1
1453 8537 1
1472 9174 2
1472 8883 1
1489 8654 1
1489 8937 1
1489 9616 1
1489 9176 1
1489 9134 1
1503 9305 2
1503 9295 1
1503 8607 1
1503 9417 6
1507 9861 1
1507 9508 2
1507 9622 1
1507 9950 1
1511 9107 3
1511 8572 2
1511 9038 5
1517 8708 1
1517 8828 10
1517 8584 1
1517 8913 1
1517 9732 3
1534 8759 2
1534 8590 2
1537 9005 4
1560 9913 4
1560 8983 4
1560 8927 1
1560 9918 11
1565 9968 2
1565 8639 2
1565 8998 1
1565 9408 2
1565 9543 25
1577 9727 1
1577 8693 1
1588 8639 1
1588 8660 1
1588 8720 2
1591 8740 1
1591 9718 1
1591 9162 1
1591 9699 2
1600 9537 8
1600 9661 2
1600 8720 1
1600 9183 5
1600 8681 1
1603 9300 2
1603 9413 7
1603 9710 1
1608 9273 11
1608 8785 1
1608 8913 2
1608 9174 1
1638 9138 2
1638 9409 2
1638 8621 2
1652 9342 1
1661 9410 1
1661 8595 1
1680 9291 1
1680 9163 1
1680 8942 1
1680 9193 6
1680 8850 1
1680 9079 25
1698 9200 1
1698 9829 1
1713 9922 1
1713 9576 1
1713 9034 7
1713 9185 1
1713 9345 1
1713 9583 1
1716 9744 3
1716 9408 1
1718 9361 1
1718 8949 4
1718 9463 1
1718 9618 2
1718 8715 1
1718 9770 1
1718 9908 1
1734 9796 1
1734 9629 1
1747 8555 160
1747 8560 2
1747 9336 6
1793 8655 2
1793 9276 1
1793 9954 3
1793 9585 3
1793 9611 2
1793 8616 1
1793 8756 1
1793 9061 1
1793 8688 2
1793 9804 35
1793 9738 2
1809 9785 1
1809 9948 3
1816 9262 3
1816 9874 1
1816 9969 5
1816 9233 12
1816 9480 74
1816 8813 4
1816 9063 1
1816 9341 4
1816 9516 3
1816 8658 10
1816 9450 1
1816 9332 1
1816 9559 1
1822 9177 4
1822 9256 4
1822 9919 1
1837 9547 1
1846 8557 7
1846 8666 27
1859 9781 1
1859 9812 1
1859 9145 1
1859 9475 4
1859 9225 12
1863 8734 1
1863 9557 1
1863 9412 1
1863 8790 1
1863 9509 1
1864 9822 1
1864 8545 1
1864 9658 1
1864 9454 2
1864 9977 4
1873 9196 1
1880 9133 65
1880 8567 1
1880 9010 1
1880 9166 2
1881 9226 1
1881 9182 2
1886 9183 1
1886 8807 2
1886 9657 46
1886 9791 7
1886 8836 4
1886 9363 1
1886 9437 1
1886 9709 2
1889 9394 1
1889 9247 3
1889 9203 1
1889 9890 2
1904 9271 30
1905 9232 1
1905 8755 1
1905 9257 2
1905 9788 2
1905 8537 1
1905 8770 3
1905 9360 1
1905 9744 1
1905 9900 8
1915 9611 1
1915 9044 1
1915 9806 3
1915 8612 2
1915 8680 25
1915 9171 6
1915 9234 1
1917 8914 1
1917 9063 1
1917 9786 1
1917 9132 1
1917 9666 1
1933 9890 7
1933 9112 1
1944 8948 2
1944 9471 1
1965 9323 1
1965 9718 1
1965 9901 6
1965 9946 1
1975 9222 1
1975 9718 1
1975 9707 2
1981 8877 6
1981 9185 21
1981 9180 5
1981 9760 1
1981 9781 1
1981 9985 1
1983 8836 1
1983 9362 1
1983 9253 1
1988 8581 6
1988 9012 1
1988 9030 1
1988 9085 2
1988 9842 1
1988 8957 1
1988 9389 2
1988 9836 1
1994 9917 4
1994 9947 1
1994 9328 11
1994 8889 7
1994 8799 1
1994 9742 1
1994 8546 1
1994 9503 1
2001 9654 1
2001 9944 3
2001 9372 1
2001 8555 3
2001 8780 1
2001 8574 2
2001 9619 1
2001 9630 1
2001 9811 1
2001 9744 4
2001 9797 1
2003 8591 2
2003 8968 1
2003 8928 1
2004 9006 1
2004 9412 2
2004 9143 1
2004 8986 1
2004 8591 1
2005 9884 1
2005 8698 1
2005 9878 1
2021 9183 1
2021 9150 1
2021 9554 2
2021 8730 2
2030 8876 1
2041 9934 2
2041 9238 2
2041 9893 1
2041 9370 4
2076 8671 1
2076 9499 1
2076 9674 1
2103 9572 1
2125 9138 1
2125 9806 1
2126 9279 1
2126 9448 1
2126 9615 1
2126 9457 1
2126 9295 3
2126 9534 1
2126 9607 1
2138 9103 4
2138 9225 9
2138 9656 1
2138 8927 1
2157 9748 24
2169 9022 1
2169 9185 1
2169 9816 1
2169 9146 3
2169 9357 3
2192 8592 57
2192 9367 1
2192 8685 5
2192 9118 5
2195 9299 2
2195 9409 1
2195 9125 4
2195 9471 1
2204 8668 1
2204 9803 1
2208 9833 1
2208 8607 1
2225 9264 4
2225 9317 1
2261 9209 2
2265 9916 1
2265 8961 1
2266 9852 1
2266 8576 3
2266 9041 1
2266 9768 1
2269 8948 2
2269 9617 1
2269 9088 2
2269 9639 1
2269 8694 3
2279 8997 116
2279 8922 22
2284 9818 1
2284 9883 2
2304 9500 1
2304 9722 1
2304 9338 4
2304 9343 1
2304 9638 2
2313 8982 1
2313 8980 2
2323 9633 1
2350 8748 4
2350 8877 3
2350 8825 139
2350 9839 1
2366 8671 2
2366 9054 5
2366 9470 1
2366 9920 9
2366 8778 1
2366 8926 1
2366 9487 1
2400 9641 1
2400 8831 1
2400 9136 1
2400 9548 1
2400 8607 1
2400 9558 1
2400 9433 1
2400 9965 1
2447 8980 2
2447 9698 1
2447 9045 1
2447 9095 1
2449 9564 1
2449 9640 7
2452 9944 1
2456 8723 1
2456 9301 2
2456 8990 3
2478 9755 1
2478 9967 7
2478 8593 4
2478 8709 1
2478 9193 3
2478 8901 1
2478 9384 1
2478 8658 2
2478 9197 13
2478 9365 7
2480 9986 1
2492 9720 1
2492 9997 1
2492 9257 1
2498 8996 10
2498 8670 1
2498 9232 1
2498 9559 8
2498 9720 2
2508 8636 2
2508 8605 3
2508 8862 2
2508 8892 2
2508 9871 2
2511 8831 2
2511 9818 1
2519 8577 1
2519 9791 1
2525 9715 1
2525 8926 2
2528 9170 1
2529 9271 1
2529 9094 1
2529 9671 1
2529 8786 1
2532 8986 2
2532 9162 2
2532 9114 1
2534 9136 22
2534 9049 3
2534 8637 8
2534 9400 21
2534 9667 1
2562 8528 1
2562 9630 1
2562 9282 1
2562 9899 1
2562 9492 12
2562 9605 3
2562 8854 2
2569 9893 2
2569 8606 2
2579 9647 4
2579 8631 1
2605 9550 1
2605 9947 1
2605 9195 1
2605 9001 1
2605 9974 4
2606 9182 1
2606 9869 4
2606 9360 1
2642 9179 3
2642 8830 1
2642 8940 1
2642 9008 6
2642 9147 1
2642 9334 192
2644 9806 1
2644 9546 2
2644 9826 1
2644 8620 2
2644 9157 1
2644 9256 1
2644 9319 1
2644 8645 1
2644 9235 3
2653 9375 1
2655 8934 2
2655 9868 1
2655 8950 1
2657 9150 1
2665 9243 1
2668 8684 1
2668 8593 1
2668 8976 1
2668 9229 1
2668 9380 4
2699 9726 4
2699 9025 1
2699 9886 1
2707 8761 2
2707 9591 1
2707 9643 1
2707 8870 9
2707 9947 1
2707 8937 1
2709 9069 1
2721 9202 1
2727 8551 1
2727 9595 1
2727 9416 1
2738 9325 1
2738 8922 1
2738 9347 1
2738 9534 2
2740 8697 1
2740 9021 1
2747 8684 1
2747 9023 2
2747 9404 2
2753 9896 1
2753 9283 1
2753 9977 1
2753 8895 1
2753 9786 1
2758 9090 2
2758 9527 1
2758 8650 1
2758 8718 2
2758 8743 3
2758 8626 12
2758 9267 1
2758 9401 1
2758 9673 1
2760 8697 1
2761 9234 1
2761 8735 11
2777 9917 1
2777 8534 2
2806 9882 1
2806 8767 1
2806 9595 2
2813 9197 1
2813 9948 1
2813 8698 3
2813 9861 1
2813 8938 3
2813 9277 1
2822 9450 1
2822 9409 2
2822 9323 5
2822 9410 1
2822 9510 1
2849 9710 7
2849 9400 1
2849 9997 1
2849 9061 1
2849 9951 1
2849 9692 1
2849 9778 1
2849 8681 2
2849 9129 1
2859 9271 3
2859 8739 3
2859 8834 6
2859 9135 2
2859 8655 1
2859 8711 1
2859 9669 2
2862 9742 60
2862 9869 1
2869 8947 1
2869 9722 2
2869 8598 1
2869 8930 1
2869 8964 3
2869 9218 4
2869 8815 1
2869 9470 1
2869 9660 1
2918 9603 1
2918 9418 1
2918 9140 1
2918 9292 2
2920 9517 1
2921 9276 1
2921 8655 1
2921 8788 1
2921 9082 1
2927 9457 2
2936 9973 1
2939 9248 4
2951 8864 1
2951 9516 1
2965 9950 9
2965 9245 4
2968 9944 1
2982 8751 1
2982 8668 60
2985 9605 5
2985 8795 4
2985 9939 1
2990 8928 1
2990 9836 4
2990 9017 2
3004 9764 9
3004 8785 1
3004 8629 7
3004 9398 1
3018 8640 1
3018 8647 2
3018 9236 1
3018 9554 1
3018 9599 1
3018 9941 1
3018 9739 1
3018 9428 1
3018 9825 1
3035 9852 2
3035 9244 2
3035 9472 1
3038 9171 1
3038 8788 1
3038 9801 1
3039 9375 1
3039 8674 11
3039 8612 1
3054 9974 1
3059 8722 1
3091 8839 1
3091 9973 1
3091 9301 2
3094 9428 1
3094 8636 4
3094 8571 2
3094 8647 1
3094 9005 1
3094 9887 1
3096 9916 1
3135 8740 1
3135 8645 1
3135 9248 1
3142 8798 2
3142 9442 2
3144 9564 1
3144 9069 6
3144 9632 2
3157 9700 1
3157 9824 9
3157 8796 1
3157 9203 7
3157 9537 4
3159 9179 1
3159 8696 9
3159 8722 5
3159 9616 1
3159 9521 1
3162 8701 2
3162 8719 1
3162 8746 1
3162 9895 1
3169 9744 1
3169 9899 1
3169 8562 3
3169 9397 1
3211 9517 1
3211 8839 1
3211 9278 1
3232 8972 2
3232 8852 1
3232 9062 1
3232 9619 1
3232 9703 1
3234 9156 1
3234 9605 8
3234 9953 1
3234 9381 4
3249 8858 1
3249 9801 1
3249 9233 2
3249 8713 1
3249 9621 1
3250 8649 1
3250 9084 2
3250 9445 1
3250 9852 1
3269 8990 4
3269 9502 3
3269 9034 2
3269 8545 2
3269 9816 1
3269 8775 2
3269 8828 1
3269 8841 2
3270 8635 2
3275 9965 1
3275 9671 1
3275 8947 2
3287 9127 1
3287 9044 1
3299 9104 5
3360 8660 1
3360 9301 1
3360 8691 2
3360 9303 1
3360 9913 1
3360 9991 1
3360 9226 1
3363 9229 2
3363 9147 1
3363 9510 1
3363 9549 1
3363 9320 2
3363 9591 2
3379 9711 2
3379 9951 2
3385 9153 2
3385 8854 1
3385 9665 1
3385 8968 2
3404 8996 1
3404 8854 2
3417 9533 1
3417 9801 1
3417 8933 7
3434 9351 3
3434 8914 2
3434 9599 1
3434 9917 11
3441 8897 1
3441 9982 1
3441 9475 2
3441 9958 1
3441 9547 3
3441 9812 2
3444 9325 3
3444 9585 1
3451 9364 1
3451 9259 2
3451 9185 4
3451 9171 1
3451 8657 2
3451 9519 2
3453 9793 1
3453 9691 1
3459 9858 1
3459 9945 2
3464 8698 2
3464 9574 5
3464 9222 11
3464 9373 1
3479 8827 1
3487 8929 1
3487 9762 2
3495 9265 9
3495 9043 1
3495 9380 2
3516 9116 2
3516 9382 1
3516 9842 1
3516 9736 3
3528 9816 1
3528 9224 1
3543 8624 6
3543 9154 1
3553 9379 1
3553 8859 1
3554 9525 1
3554 9049 6
3570 9406 6
3570 9544 1
3570 9965 1
3570 9813 2
3570 9520 1
3589 8534 3
3589 9758 1
3589 8938 1
3589 9088 1
3589 9098 2
3589 9615 3
3605 8747 1
3605 8921 1
3605 9995 1
3605 8780 1
3617 9641 1
3617 9613 2
3617 9320 3
3617 9386 1
3626 9499 1
3626 9788 1
3626 9135 1
3626 9655 1
3626 9585 2
3626 8980 1
3626 9922 1
3629 9558 2
3629 8557 2
3634 9414 4
3634 8745 1
3648 8530 12
3648 9222 1
3648 9559 1
3650 9988 1
3650 9328 3
3650 8684 2
3650 9544 1
3727 9558 3
3729 9189 1
3729 9400 2
3729 9216 1
3729 9351 2
3742 8533 3
3742 9557 1
3742 9265 2
3742 9481 1
3745 9042 1
3745 8887 1
3745 9224 1
3745 8993 6
3745 9332 1
3745 8646 1
3745 9176 1
3745 9223 1
3745 9749 1
3782 9912 1
3782 8870 1
3790 9974 2
3790 9960 1
3790 9366 1
3790 9506 1
3812 9960 1
3812 9680 1
3824 9168 2
3824 8958 3
3824 9343 1
3824 9036 1
3834 8884 10
3834 8931 2
3834 9437 2
3834 9057 1
3834 9341 1
3834 9874 4
3844 9512 1
3844 8905 15
3844 9116 4
3846 9240 1
3876 9073 1
3876 8555 1
3876 9224 1
3886 8553 1
3886 9577 1
3897 8919 1
3897 8678 1
3897 9353 2
3897 9384 2
3904 9748 4
3904 8857 2
3910 9941 6
3910 9796 2
3925 8951 1
3925 9503 2
3925 9568 2
3925 8543 1
3936 9000 1
3937 9057 1
3954 9417 1
3954 8578 1
3954 9382 1
3963 8702 1
3963 9622 1
3963 9031 1
3963 9873 1
3986 8810 3
3986 9109 2
3986 9945 3
3989 8888 1
3989 9104 19
3989 9241 1
3989 9778 5
3995 9203 1
3995 8858 8
3995 9015 3
3995 9525 146
3995 9819 2
4003 9898 1
4017 9102 1
4017 9073 6
4017 8689 1
4017 8892 2
4017 8987 1
4017 9789 2
4025 9117 2
4025 8938 1
4025 9033 1
4025 8856 2
4036 8745 1
4036 9303 3
4036 9867 11
4039 9001 11
4040 8937 1
4044 9517 1
4044 9544 1
4044 8934 1
4044 9600 6
4044 8624 10
4048 9545 12
4048 9553 1
4072 9373 1
4093 9100 4
4093 9427 5
4093 9686 1
4093 9994 1
4093 8527 12
4093 8567 5
4093 9839 1
4093 9328 56
4093 8654 1
4106 8554 5
4106 9292 1
4106 9699 2
4106 9153 1
4121 9041 1
4121 9491 1
4121 8887 2
4121 9532 2
4121 9536 1
4121 9969 1
4126 8778 1
4126 9294 8
4126 8889 2
4132 9414 1
4132 8632 4
4132 9373 2
4132 9217 2
4132 9901 1
4132 8659 1
4132 9221 1
4145 9978 1
4145 8760 1
4145 8525 1
4145 8709 2
4145 9970 1
4162 9193 1
4162 8986 1
4162 9156 1
4162 8799 3
4162 8803 1
4180 8630 1
4180 9144 4
4180 9805 2
4193 9600 2
4193 8913 3
4193 9115 3
4197 9965 2
4203 9657 1
4203 8722 1
4203 8965 16
4203 9545 6
4220 9253 2
4220 9339 1
4220 9525 10
4220 9675 1
4220 9949 1
4220 9053 1
4220 9501 1
4230 9438 2
4230 8884 2
4230 9100 1
4247 9884 2
4247 9474 1
4247 9891 2
4252 8980 1
4252 8917 2
4258 9786 1
4258 9291 1
4262 9081 1
4262 8815 1
4262 9636 4
4262 8569 1
4262 8879 1
4271 9730 4
4271 8830 2
4296 8592 1
4313 9831 1
4313 9539 1
4331 8730 1
4331 8951 1
4331 9210 1
4366 8538 2
4366 8971 6
4366 9056 2
4366 9859 1
4366 8986 1
4366 9385 2
4366 9869 2
4378 9803 1
4378 8748 1
4378 8798 1
4378 8775 5
4378 8859 1
4379 9099 1
4379 9802 2
4384 9322 12
4384 9218 1
4384 9302 21
4384 8740 2
4387 9035 1
4387 9321 1
4387 8844 1
4387 9707 1
4387 9994 29
4387 8863 1
4388 9011 1
4408 9146 8
4408 9422 1
4408 9465 1
4420 9084 4
4420 8876 1
4421 9182 1
4421 9006 1
4421 9806 25
4432 9224 1
4432 9750 2
4433 9463 1
4433 9845 1
4433 9984 2
4433 9094 1
4437 8775 1
4437 9306 5
4439 9030 1
4439 9036 1
4439 8596 1
4457 8525 1
4457 8917 43
4457 9946 1
4457 9091 8
4457 9414 1
4457 9677 3
4457 9826 2
4457 9933 2
4473 9748 1
4473 9235 2
4473 9985 1
4473 9017 2
4473 8709 8
4473 8987 1
4473 9862 1
4473 9052 5
4473 9515 1
4487 9058 1
4487 9558 1
4494 8595 7
4494 9976 1
4494 9584 1
4494 9960 1
4513 8746 1
4513 8723 1
4513 9884 3
4526 9739 1
4526 9163 2
4526 9654 1
4526 8782 2
4543 8787 2
4543 9303 14
4543 8980 8
4543 9385 2
4543 8834 1
4545 8626 2
4545 8945 2
4546 8790 4
4546 8640 1
4546 9210 1
4547 8530 95
4547 9835 4
4547 9630 1
4547 9887 1
4547 9941 2
4557 9009 1
4557 8850 1
4563 9303 2
4563 9740 1
4564 9500 1
4564 9338 1
4604 8747 2
4604 9912 1
4604 8621 1
4604 8863 1
4610 9062 1
4610 8577 1
4610 9765 2
4620 9016 5
4620 9132 1
4620 8993 1
4620 9918 1
4620 9073 5
4620 9640 5
4626 9854 2
4626 8559 1
4626 9367 2
4634 8761 1
4634 8547 1
4635 9196 4
4635 9487 9
4635 8933 1
4635 9877 1
4635 8711 6
4655 9177 1
4655 9953 1
4655 9141 1
4655 9313 5
4655 8846 1
4667 8566 2
4667 9899 15
4681 9096 3
4681 9925 2
4687 9783 46
4687 8559 1
4687 9145 1
4687 8679 4
4687 9420 2
4687 9624 2
4699 9095 3
4699 9605 1
4699 9977 1
4699 9184 2
4699 9764 1
4699 9899 1
4699 9531 2
4710 8794 2
4711 8668 1
4734 9691 1
4734 8568 1
4734 8654 1
4744 9306 1
4744 8912 1
4744 9439 11
4744 9160 2
4746 9008 1
4746 9517 1
4760 8678 2
4760 8770 1
4760 9864 1
4773 8596 7
4773 8940 1
4773 9085 1
4773 8916 1
4773 9107 1
4787 8960 1
4787 8752 1
4793 9473 33
4793 8788 1
4801 9056 82
4801 9022 1
4801 9510 1
4809 9630 1
4809 8674 2
4809 9319 1
4838 9597 1
4838 8857 2
4838 9389 1
4838 9198 1
4853 9600 1
4853 8841 1
4853 9011 1
4853 8620 1
4853 8998 14
4853 9597 2
4853 9655 11
4853 8583 1
4853 8825 2
4853 9912 1
4874 8749 1
4874 8566 4
4874 9629 1
4874 9627 1
4874 9899 1
4874 9747 1
4882 8562 5
4882 9653 2
4886 9251 2
4886 9830 1
4886 9179 1
4886 9763 1
4899 9300 1
4899 9716 2
4899 8534 1
4899 9707 1
4931 8935 1
4931 9280 1
4938 8942 1
4938 9635 1
4949 8553 2
4949 8898 11
4949 9354 1
4949 9390 1
4950 9647 2
4952 9726 37
4952 8951 1
4952 9967 46
4954 9199 1
4954 9104 1
4954 8850 1
4954 9396 1
4954 8671 1
4954 9074 5
4954 9576 2
4954 9635 2
4954 8789 1
4954 9521 1
4994 9348 2
4994 8554 2
4994 8860 1
4994 9519 2
4994 9546 6
4994 9830 1
4994 9989 1
4997 9009 1
4997 9071 1
4997 8617 1
4997 8894 17
5001 9288 2
5001 9478 2
5001 9675 2
5001 9859 3
5020 8702 7
5020 8796 1
5020 9568 3
5024 9369 1
5024 9163 1
5036 8936 2
5036 8748 1
5036 8751 1
5036 8808 1
5036 9960 1
5044 8616 3
5044 8803 1
5044 9186 1
5044 9285 1
5044 9657 1
5044 9971 5
5047 9074 13
5047 9096 1
5047 9155 1
5047 9480 1
5048 9368 2
5048 9134 1
5055 9132 2
5055 8862 1
5055 9102 1
5055 9950 1
5089 8976 1
5089 9058 1
5089 9630 1
5095 9061 1
5116 9277 1
5116 9334 1
5116 9713 1
5132 9093 3
5132 9102 3
5132 8974 1
5132 8554 4
5132 9555 1
5132 8820 1
5138 8999 1
5138 9311 1
5138 9771 1
5138 9652 4
5157 9244 2
5157 8645 3
5157 9210 1
5205 9265 1
5205 9116 2
5205 8916 1
5205 9383 1
5206 8678 1
5206 9052 2
5206 9985 1
5206 9926 1
5236 9895 3
5236 9207 1
5236 8898 1
5236 9837 1
5237 8862 2
5248 9202 2
5252 9870 61
5255 9580 5
5255 8671 1
5257 9039 3
5257 9737 1
5257 9607 1
5257 9422 1
5261 9361 2
5261 8689 1
5261 9529 2
5261 9647 14
5261 9531 1
5264 9243 3
5264 9450 1
5264 9893 8
5265 8767 1
5265 8926 200
5265 9215 2
5265 9140 1
5265 8897 10
5268 9691 1
5268 8923 1
5268 8988 2
5268 9163 5
5268 9535 1
5268 9711 1
5268 9813 1
5268 8565 4
5269 9413 1
5287 9600 1
5287 9151 1
5323 9430 1
5323 9217 1
5323 9965 1
5362 9305 1
5362 8599 1
5362 9655 1
5366 8702 1
5366 9251 1
5366 9519 1
5366 9583 33
5366 8728 1
5380 9414 3
5380 9150 1
5387 9390 10
5387 9248 3
5387 9006 2
5387 9721 1
5387 9763 1
5387 8626 1
5387 9291 1
5387 9803 1
5387 8542 14
5387 9136 200
5405 8842 3
5405 9744 2
5405 8845 2
5405 9206 1
5405 9295 1
5405 9889 4
5412 9622 2
5412 9569 1
5412 9881 1
5412 9991 1
5417 8650 1
5417 8612 1
5417 9039 1
5417 9876 1
5422 9465 1
5422 9854 3
5436 9792 1
5436 9421 1
5436 9223 3
5436 9010 3
5439 8760 45
5439 9726 1
5439 8527 1
5439 9245 1
5439 8529 1
5439 9109 1
5439 8715 1
5439 8755 2
5449 9295 1
5449 9164 1
5449 9556 2
5449 8801 1
5449 9867 3
5457 8626 2
5457 9571 1
5457 8554 1
5457 9086 13
5457 9698 10
5464 9036 2
5464 9816 1
5478 9167 1
5478 9700 1
5478 8764 3
5478 9164 1
5478 8565 2
5478 9262 1
5480 9946 1
5480 8899 8
5480 9842 1
5480 9170 1
5501 8834 1
5501 9129 29
5501 9099 1
5501 8602 1
5501 9557 1
5515 9603 4
5515 8930 2
5518 8583 3
5518 9271 1
5518 9174 1
5518 8743 1
5518 9523 1
5518 9715 2
5536 9386 7
5536 8810 1
5536 9236 1
5536 9348 1
5545 9878 1
5550 9850 1
5550 9374 2
5550 9750 1
5550 9427 1
5556 9805 1
5556 8789 1
5556 9267 1
5558 9988 1
5558 9742 1
5558 9951 1
5558 8859 1
5558 9626 200
5570 9516 1
5576 9762 8
5576 9939 2
5576 9112 3
5576 9238 1
5576 8942 1
5576 8999 1
5600 9498 1
5600 9977 1
5600 8606 1
5600 8636 1
5600 8753 9
5611 9536 1
5611 9342 2
5611 9283 12
5615 9535 2
5615 9730 1
5638 8945 29
5638 8569 149
5638 9250 1
5638 9864 1
5638 9978 11
5638 8538 1
5638 9554 1
5639 9416 1
5639 9150 2
5639 9193 2
5639 9039 2
5639 9691 2
5641 8930 3
5641 9016 1
5641 9184 2
5641 9591 1
5641 8567 2
5641 8996 1
5641 9227 177
5644 9116 1
5654 9677 1
5654 8531 6
5654 8634 7
5660 8540 1
5660 9786 1
5660 9877 2
5682 9818 5
5682 8779 1
5689 9132 1
5730 9182 1
5730 9035 1
5730 9379 1
5730 9403 1
5739 9974 5
5739 9495 4
5742 9943 1
5742 9661 1
5742 8763 2
5742 9350 1
5742 9813 1
5752 8531 2
5752 8619 1
5752 8732 2
5765 9291 1
5765 9103 1
5767 8734 1
5767 9551 1
5767 9894 6
5796 9926 1
5796 9129 5
5796 8901 1
5796 9746 1
5801 9011 4
5801 9563 7
5827 8569 1
5827 9043 22
5827 9741 1
5827 8702 3
5827 9321 17
5827 8722 3
5833 9735 13
5833 9052 3
5833 8932 1
5833 8937 1
5833 9779 1
5833 9896 1
5856 9021 2
5856 9521 1
5856 9726 1
5856 9735 1
5858 8880 4
5858 9524 5
5858 9412 1
5868 9989 2
5868 8770 3
5872 8726 1
5872 9143 4
5903 9404 1
5903 9115 1
5903 9501 1
5903 9190 2
5917 9044 1
5917 9234 18
5917 9399 2
5925 9825 1
5925 8708 1
5925 9418 12
5925 9917 1
5932 9417 1
5933 8747 1
5933 9739 1
5933 8621 1
5933 9736 2
5933 9821 1
5933 9303 1
5961 9075 1
5961 9629 1
5990 9916 1
5990 9889 1
5990 8685 1
5990 9457 1
5993 9270 1
5993 8974 1
5993 8735 1
5993 8936 3
5993 9752 2
6001 9527 2
6003 9789 1
6003 9592 1
6003 8556 1
6016 9076 2
6016 8584 2
6016 8984 1
6016 9817 1
6019 8798 2
6019 8691 1
6046 8905 2
6046 9973 1
6046 9504 3
6046 9569 1
6062 9030 1
6062 9707 2
6062 8899 1
6062 8691 1
6062 9785 1
6062 8551 2
6066 9259 1
6066 9669 3
6066 8745 1
6066 8871 1
6073 9715 1
6073 9899 1
6073 8629 8
6073 8964 3
6073 9670 1
6073 9465 1
6073 9741 2
6088 9017 12
6088 8713 1
6088 9090 1
6088 9396 1
6097 8746 2
6097 8926 1
6097 9824 1
6123 9299 1
6123 8699 2
6123 9845 1
6140 9843 2
6140 9939 3
6140 9127 1
6146 9889 1
6146 8620 2
6146 8545 6
6146 8573 1
6155 9222 1
6155 9609 1
6155 8610 4
6192 8558 1
6192 9906 1
6197 9498 1
6197 9663 2
6197 9491 1
6214 8885 150
6214 9361 10
6214 9932 1
6214 9141 4
6214 9248 4
6214 9954 1
6245 9896 2
6245 9433 1
6245 9414 2
6245 9217 5
6274 8626 1
6274 9331 2
6274 8659 1
6274 8845 1
6274 9271 5
6274 8955 1
6274 9868 3
6274 9949 1
6302 9247 14
6302 9394 2
6305 9525 2
6305 8892 1
6305 9870 1
6305 9325 1
6322 9193 2
6322 8590 7
6322 9737 7
6322 8598 1
6322 9305 1
6332 9859 3
6332 8610 1
6332 8942 1
6333 8535 1
6333 8748 3
6333 9102 1
6333 9982 1
6338 9210 1
6338 9123 1
6338 8789 2
6338 9551 1
6443 8983 1
6443 8607 1
6443 9554 1
6443 9821 1
6443 9627 1
6443 8831 5
6451 9785 10
6479 9099 49
6479 9251 1
6479 9180 1
6479 8640 4
6479 9088 9
6479 9550 1
6479 8972 3
6479 9617 7
6486 8559 1
6514 9437 1
6514 8898 1
6519 8566 3
6520 9003 1
6520 9265 1
6528 9147 1
6528 9572 1
6528 8657 2
6536 9410 7
6536 9694 2
6536 9354 7
6536 9114 7
6536 9280 48
6536 9779 1
6536 9916 41
6536 9331 1
6539 8881 5
6539 9081 1
6539 9125 1
6541 9926 1
6541 9086 59
6541 9102 1
6541 9454 1
6541 9301 1
6541 8752 1
6541 9684 1
6553 9794 2
6553 8632 1
6553 9104 88
6553 9126 1
6573 9535 1
6573 9253 2
6573 9801 1
6573 8694 8
6573 8833 1
6573 9807 3
6585 9321 16
6585 9773 1
6598 9959 2
6598 9553 1
6598 8758 1
6598 9282 11
6598 9402 1
6598 8790 1
6598 8892 1
6610 8598 1
6610 9671 1
6610 9099 3
6610 9138 4
6610 9461 2
6610 9892 1
6635 9597 1
6635 9269 1
6635 9331 2
6635 9822 1
6635 9369 1
6636 9995 2
6636 9475 1
6636 9241 1
6636 9576 1
6636 9312 1
6636 9622 1
6646 9090 1
6646 8553 5
6646 9317 1
6646 9712 13
6672 8535 2
6683 8555 13
6683 8880 1
6683 9262 1
6687 9221 5
6687 9182 1
6695 8743 1
6695 9945 1
6695 8874 4
6695 9628 1
6715 9692 1
6715 9454 2
6732 9590 2
6732 9350 1
6732 8961 1
6732 9827 7
6732 8620 1
6732 9336 4
6739 8642 39
6739 9342 2
6742 9574 1
6742 9994 1
6742 9544 8
6744 9740 1
6744 9824 1
6744 9556 1
6747 9116 1
6747 9221 1
6747 8699 8
6747 9663 1
6755 8926 1
6755 9430 2
6755 9215 2
6757 8643 1
6768 9773 1
6768 8543 4
6768 9919 1
6768 9705 1
6768 9056 8
6768 9240 1
6799 8790 2
6799 8532 1
6799 9353 1
6799 9123 2
6806 9434 1
6806 9905 1
6824 9127 2
6824 9801 1
6824 9034 1
6824 9908 1
6824 9419 1
6827 9367 2
6827 9686 1
6827 8726 1
6842 9107 1
6842 9629 3
6842 9081 1
6842 9625 4
6852 9534 1
6852 9890 1
6852 9157 2
6852 9514 1
6893 9403 2
6893 8836 2
6893 9794 1
6893 9418 4
6893 8987 3
6893 9009 2
6893 9590 2
6899 8674 1
6899 9434 1
6906 9441 1
6906 9375 1
6916 9544 1
6916 9653 1
6916 9918 17
6916 8850 1
6916 9644 3
6916 8645 3
6916 9199 200
6916 9805 1
6923 9815 1
6923 8558 1
6938 8605 1
6938 9492 4
6938 8762 1
6938 9713 2
6938 9300 4
6938 9712 1
6938 8983 1
6938 9870 1
6955 9400 2
6979 9818 1
6979 8898 1
6979 8555 1
6979 9188 3
6979 9624 4
6979 8723 1
6979 9328 2
6987 9584 1
7006 9432 7
7006 9143 7
7006 9225 1
7010 9259 1
7010 9766 1
7010 9552 1
7010 9354 2
7010 9402 1
7020 9680 6
7033 8916 19
7033 8584 2
7033 9699 1
7048 8639 1
7048 9873 1
7048 8780 2
7048 8693 5
7048 8813 46
7048 8917 6
7050 9599 3
7073 9793 1
7073 8747 1
7073 9247 3
7078 9374 2
7078 9439 1
7078 9563 5
7078 9385 1
7088 9159 15
7088 8702 1
7091 9194 1
7092 9118 1
7092 9010 1
7092 9007 1
7092 9074 1
7092 9079 4
7100 9056 2
7100 9085 2
7100 9222 1
7107 9431 10
7107 9591 3
7107 8635 1
7107 8682 5
7113 9406 1
7117 9322 1
7117 9399 1
7117 8595 1
7117 8810 7
7117 8923 1
7117 8978 2
7117 9022 10
7120 8532 1
7120 9619 2
7120 8835 1
7120 9852 1
7120 9521 6
7120 9361 1
7120 9449 2
7143 9595 1
7143 9739 2
7145 9655 1
7157 9663 41
7157 8887 1
7157 9246 1
7157 9490 3
7162 9302 2
7163 8732 5
7163 9136 1
7163 9365 1
7163 9089 1
7163 8661 99
7163 9038 1
7163 9467 2
7163 9517 1
7163 9932 1
7163 9777 1
7163 9251 1
7183 9572 1
7188 9118 2
7188 9802 8
7189 8643 1
7189 9301 4
7189 8525 1
7189 8876 1
7189 9648 4
7191 9777 1
7191 9350 1
7191 8953 1
7191 9426 114
7194 8635 1
7194 9270 1
7194 9919 3
7194 9362 1
7213 8590 6
7213 9353 1
7213 9609 17
7213 9711 1
7213 9193 1
7213 9214 9
7213 9597 1
7217 8701 8
7217 9524 6
7217 8727 7
7217 9469 7
7217 9658 1
7218 8817 1
7218 9580 1
7218 9770 6
7222 9442 17
7222 9746 1
7222 9703 1
7222 8670 2
7222 9875 1
7228 8905 1
7228 8739 1
7228 9311 1
7238 9628 1
7238 8711 1
7238 9725 2
7242 9323 1
7265 9283 1
7265 9896 1
7265 9541 1
7265 9658 1
7265 8544 1
7272 9207 28
7272 9225 2
7272 9750 2
7272 8538 1
7272 8774 1
7282 9554 1
7282 9121 2
7282 9432 1
7290 9520 1
7290 9336 1
7290 9748 2
7301 8562 2
7301 9528 5
7301 9569 7
7301 8798 1
7301 9818 3
7301 9891 12
7304 9442 1
7321 8736 15
7321 8743 1
7321 8922 1
7321 9783 2
7321 9159 1
7321 9804 1
7325 8965 200
7325 9793 1
7325 9901 7
7325 8817 1
7325 9218 1
7340 8577 1
7340 9185 1
7340 9103 1
7340 9363 1
7340 9715 1
7366 8858 1
7366 9143 1
7366 8646 1
7366 8924 56
7366 9707 6
7366 9002 1
7366 9881 1
7366 8978 7
7366 8617 1
7366 8624 1
7366 9655 1
7367 9295 1
7367 9892 1
7367 9755 2
7367 8993 1
7370 8563 1
7370 9502 4
7373 8982 3
7395 9357 10
7395 9430 1
7395 8543 4
7395 9652 1
7395 9667 4
7410 8609 1
7418 9448 18
7418 9016 1
7438 9927 2
7438 9358 7
7438 9439 1
7446 9142 1
7446 9094 1
7446 9520 1
7446 9327 7
7446 9347 9
7446 8804 1
7446 9207 1
7446 9528 13
7457 9783 1
7457 9970 19
7457 9256 10
7457 8573 1
7457 8672 1
7457 9654 2
7483 9069 1
7483 8614 1
7507 9768 2
7507 9084 2
7507 8527 1
7507 8630 1
7507 8743 1
7507 9625 1
7507 8650 16
7507 8888 8
7508 9661 1
7508 9812 1
7508 9533 1
7508 9705 1
7508 9964 1
7518 9295 5
7518 9150 1
7518 9244 1
7518 9428 1
7522 9053 1
7522 9023 1
7522 9025 14
7544 9109 1
7544 9939 2
7545 9509 1
7545 8723 1
7545 9470 1
7580 9429 1
7580 9121 6
7580 9876 1
7602 9256 2
7602 9991 1
7602 9299 1
7602 8727 2
7602 8759 1
7615 9522 1
7615 8845 200
7615 9367 2
7615 9953 1
7629 9200 1
7637 9180 1
7637 9429 2
7644 8831 3
7644 9901 1
7644 9947 14
7648 8921 5
7658 9616 1
7658 9332 1
7672 9223 1
7672 9906 23
7672 9509 33
7672 9529 3
7674 9199 3
7674 9003 1
7674 8807 1
7674 8831 4
7674 9021 1
7674 9862 9
7691 9283 1
7691 9486 1
7691 9041 2
7695 8630 2
7695 9222 2
7695 9003 1
7695 9094 2
7695 9145 1
7697 9115 1
7697 9754 2
7697 9589 1
7697 9721 3
7700 8566 1
7700 8559 1
7700 9250 2
7700 9503 1
7700 8885 4
7700 9236 1
7700 9661 1
7703 9306 1
7703 9811 33
7703 9513 1
7706 8854 1
7706 9427 9
7706 9202 3
7710 9397 1
7710 9621 5
7710 9797 2
7712 9339 1
7716 8939 1
7716 9988 3
7716 9426 1
7734 8640 1
7734 8923 13
7734 8632 1
7734 9769 1
7741 9516 1
7741 9628 1
7741 9912 1
7741 9467 2
7743 8537 1
7743 8568 1
7743 9891 1
7743 8814 3
7743 9667 1
7743 8719 7
7763 9212 5
7763 9300 17
7765 8587 2
7765 8591 20
7765 9764 1
7765 8778 1
7765 9643 200
7765 9782 1
7807 8940 1
7807 9427 1
7807 8562 2
7807 9174 1
7807 9002 2
7807 9263 1
7812 9214 1
7812 8780 1
7817 9236 2
7817 8762 2
7817 9665 1
7821 9257 3
7821 9722 1
7821 9764 1
7821 9325 1
7821 9817 1
7821 8972 1
7821 9947 1
7821 9421 1
7821 9574 1
7822 9895 1
7822 8705 1
7822 8897 3
7822 9771 1
7823 9265 1
7852 9285 1
7852 8718 2
7852 9098 1
7852 9638 10
7852 9394 1
7852 9613 1
7855 8678 1
7855 8660 1
7855 9997 1
7879 8779 1
7879 9002 1
7879 8728 1
7879 9690 1
7879 9701 2
7896 8753 2
7896 9763 3
7896 9115 1
7896 9830 1
7938 9218 1
7938 9665 1
7938 9438 1
7940 9469 1
7940 9160 200
7940 9958 1
7940 8949 3
7940 9196 5
7945 9947 2
7945 8794 16
7945 9232 7
7945 9536 1
7945 9574 1
7945 9362 27
7945 9546 1
7945 9603 1
7950 9609 1
7950 8525 1
7950 8960 3
7950 9900 1
7950 9524 1
7950 9843 1
7951 8689 1
7951 9155 1
7951 9721 8
7951 9625 1
7951 8532 7
7965 9090 17
7965 8592 1
7965 9072 1
7965 9140 9
7965 9153 2
7999 9515 4
7999 8611 1
7999 8725 4
7999 8860 1
8011 9537 1
8011 9146 1
8011 8668 1
8018 8912 1
8018 8630 1
8019 8693 1
8021 9975 1
8021 8810 1
8021 8901 1
8021 9746 1
8021 9618 6
8036 8787 1
8036 8913 1
8036 9553 1
8036 9276 1
8048 9589 1
8048 9445 2
8048 9313 2
8066 9067 1
8066 9284 3
8066 9054 1
8066 8950 1
8072 9518 1
8072 9002 1
8075 9115 2
8075 8730 2
8077 9482 1
8077 9086 1
8077 9118 1
8084 9067 1
8084 9379 1
8084 9412 1
8088 9294 3
8088 8978 1
8088 8672 1
8088 9758 1
8098 8919 2
8098 9279 2
8098 9453 1
8098 9975 1
8098 8877 51
8098 9794 1
8135 9284 8
8135 9788 2
8135 8801 3
8137 9379 1
8137 9968 1
8140 9805 1
8140 8658 4
8140 9184 3
8151 9811 5
8151 9174 2
8151 8740 3
8151 9025 5
8158 9168 1
8158 9348 1
8158 9498 1
8158 8881 1
8158 8945 1
8161 8842 3
8161 8528 3
8161 9976 4
8177 9143 2
8201 9056 1
8201 9754 2
8206 9878 1
8228 8940 1
8228 9461 26
8228 9245 1
8228 9514 3
8228 9751 2
8235 9891 2
8235 9978 1
8242 9215 1
8242 8756 1
8242 9977 1
8242 9819 1
8242 9948 1
8242 9502 1
8242 8541 1
8262 9857 1
8266 9153 1
8266 9532 1
8266 8887 1
8266 9951 11
8272 9288 1
8272 9831 3
8272 9341 10
8272 9321 1
8277 9710 1
8277 9238 1
8277 9291 1
8278 9758 2
8278 9133 4
8287 9713 1
8287 8787 10
8287 9089 10
8287 9675 1
8287 8949 1
8287 9515 1
8287 9788 1
8292 9432 1
8307 9350 2
8311 9034 1
8311 9300 2
8311 9822 3
8333 9802 1
8333 9950 2
8333 8882 1
8333 9045 1
8334 8879 2
8337 9690 1
8337 9518 1
8349 8933 1
8360 9195 2
8360 8573 2
8360 9817 2
8360 9627 1
8372 9625 1
8372 9399 7
8385 9569 2
8385 8628 1
8385 9212 2
8387 9839 3
8387 9663 1
8408 9789 2
8408 8557 1
8408 9555 2
8424 8846 1
8424 9082 43
8424 9281 1
8424 9746 1
8424 9541 1
8424 9260 1
8424 9712 1
8425 9351 2
8425 9010 1
8425 9471 3
8425 9564 1
8425 8562 1
8425 8693 1
8425 8988 1
8425 9787 1
8425 9986 22
8425 8606 1
8425 8718 1
8435 9532 3
8435 9881 5
8435 9686 1
8471 8737 1
8471 9035 2
8471 9340 1
8471 8530 10
8471 9473 1
8474 9504 1
8474 9691 1
8474 9467 3
8474 8785 3
8474 9264 5
8474 9340 1
8494 8786 2
8494 9076 1
8497 9173 1
8497 8948 1
8513 9224 1
8513 9189 1
8513 9270 1
8526 9182 3
8526 9978 1
8526 9054 11
8526 9773 12
8527 8903 1
8527 8837 12
8529 8994 1
8530 8721 3
8532 8970 5
8534 8809 1
8535 8793 1
8536 9044 5
8536 8639 1
8536 8932 1
8536 8692 2
8536 9504 3
8536 8799 1
8536 9468 58
8537 8920 1
8538 8622 3
8539 9247 1
8539 8884 1
8541 9324 4
8541 9649 1
8542 8954 1
8542 9148 1
8544 8710 1
8544 8570 1
8546 8765 2
8547 8586 1
8547 8662 1
8548 9615 1
8548 9274 1
8549 8856 1
8549 8922 1
8549 9793 2
8549 8864 3
8552 8646 26
8552 9374 1
8552 9193 1
8552 9284 4
8552 9299 2
8553 8811 3
8554 8994 2
8555 9014 1
8556 8707 2
8559 8985 1
8561 8701 1
8561 8786 10
8561 9107 1
8561 9243 1
8561 9964 1
8563 8608 1
8563 9530 1
8564 9197 1
8566 8783 9
8566 9745 13
8570 9188 2
8570 9741 1
8571 8618 1
8574 9048 1
8575 9284 1
8575 9183 2
8575 9764 1
8575 9765 1
8576 9046 1
8576 8918 1
8577 8769 3
8579 9244 1
8579 9338 1
8580 9482 1
8581 8886 1
8581 8683 1
8581 9704 1
8582 8595 1
8582 8883 2
8582 8905 1
8582 9749 1
8582 9788 2
8582 8748 1
8582 9852 1
8583 8627 1
8584 8992 2
8585 9026 1
8585 8915 1
8586 9383 1
8586 9079 2
8586 9671 1
8586 9163 1
8587 8623 2
8588 9922 1
8588 9270 1
8589 9684 3
8590 8904 1
8592 9040 1
8593 8651 4
8593 9066 3
8594 9124 11
8594 9363 1
8594 9941 1
8594 9460 1
8594 9626 8
8594 9700 9
8597 9722 1
8597 9396 1
8599 8829 11
8600 8816 11
8600 8902 2
8600 9066 1
8601 8835 3
8601 8939 1
8601 9654 1
8601 9470 3
8601 9528 3
8602 8662 1
8603 8782 1
8604 9667 1
8604 8934 1
8604 8786 1
8604 9216 1
8604 9837 1
8604 8660 2
8605 9298 1
8605 8959 1
8606 8952 1
8606 8686 3
8608 9369 3
8608 9946 2
8608 9732 2
8608 9124 3
8608 9724 2
8613 8873 1
8613 9776 4
8614 8893 1
8615 9828 1
8616 8816 1
8618 8691 2
8618 9564 2
8619 9776 1
8621 8907 70
8622 9303 1
8622 8795 3
8622 9089 1
8622 9793 1
8622 9835 1
8623 9057 1
8623 9654 18
8623 9748 1
8623 8739 1
8623 9660 5
8623 9135 2
8625 9216 2
8625 9878 6
8625 8775 7
8625 9670 1
8625 9763 2
8625 9861 1
8627 8864 1
8627 9118 1
8627 9322 1
8627 9021 4
8628 8819 26
8628 9930 1
8629 9776 1
8630 9013 1
8631 9028 16
8631 8816 1
8632 9828 1
8633 9469 4
8633 9335 1
8634 8918 1
8634 9834 1
8635 9065 2
8637 9494 4
8638 8862 1
8639 8925 1
8640 9055 1
8641 9282 1
8641 8882 1
8641 9873 1
8642 8891 2
8643 8754 1
8644 9478 1
8644 9225 1
8644 9916 1
8644 9433 1
8646 8731 1
8647 8781 64
8648 9628 11
8648 9347 4
8648 9743 1
8648 9905 1
8651 9619 1
8651 9821 2
8652 8753 1
8652 9484 1
8652 9420 1
8653 8774 1
8655 8741 1
8656 8931 1
8656 9302 1
8656 9209 1
8657 8783 2
8662 9691 1
8663 9118 1
8663 9621 2
8663 9997 1
8663 8955 1
8664 8860 1
8664 9204 128
8664 9727 4
8664 8807 137
8664 9011 1
8665 9553 1
8666 8909 1
8667 9261 3
8667 9982 1
8667 8685 12
8669 9881 1
8669 8993 3
8669 9525 1
8669 9082 1
8669 9495 1
8669 9420 2
8670 8956 1
8671 8829 1
8673 8812 1
8674 9027 4
8675 9469 1
8675 8975 1
8676 9190 2
8676 9294 11
8676 8798 1
8676 9971 1
8677 9521 1
8677 9829 1
8679 8890 1
8681 9407 1
8682 8849 1
8682 9780 6
8683 9328 78
8684 8851 1
8684 9050 1
8686 9177 2
8687 8725 1
8689 8838 1
8690 9061 1
8690 8879 1
8690 9317 3
8690 9632 1
8690 9690 2
8690 9787 4
8691 8742 1
8692 9834 1
8694 9040 2
8695 8928 2
8695 9390 1
8695 9666 1
8697 8918 1
8700 9638 2
8700 9804 1
8700 8815 1
8700 9386 3
8700 9430 2
8701 9903 59
8703 9528 1
8703 9755 1
8703 9830 20
8704 9053 8
8704 9259 1
8704 9261 4
8706 9916 3
8706 8951 3
8706 9874 32
8706 9917 2
8706 8714 1
8707 9071 71
8707 9061 1
8710 9031 41
8710 9082 1
8712 8801 9
8712 9075 5
8712 9857 1
8713 8766 1
8716 9420 1
8716 8990 2
8717 9284 1
8717 9589 1
8719 8943 1
8720 9272 1
8721 9599 3
8721 9422 1
8722 8771 9
8723 8812 1
8724 9179 1
8724 9724 1
8725 9828 1
8727 8866 1
8727 9026 3
8729 9173 1
8731 9858 1
8731 9099 1
8731 9660 1
8731 9658 3
8731 9071 1
8731 9680 1
8732 9714 1
8733 9644 4
8733 9660 4
8733 8833 1
8733 9233 1
8733 9588 2
8733 8999 48
8734 9903 1
8735 9066 5
8736 8962 3
8736 8925 4
8737 9032 1
8737 9137 1
8738 8929 1
8738 9250 2
8740 8837 2
8741 8961 1
8742 8839 1
8742 9132 1
8742 9398 1
8742 9609 1
8743 9137 3
8744 9763 1
8744 9642 1
8746 8893 2
8747 8908 1
8749 9028 1
8749 8855 1
8750 9576 1
8750 9062 4
8754 8982 1
8756 9714 2
8757 9198 2
8757 9777 1
8758 9060 1
8760 9078 1
8761 9346 1
8761 9717 1
8764 9066 4
8764 8806 1
8765 9225 1
8765 8884 3
8765 9274 7
8765 9551 1
8767 8977 2
8768 9042 1
8769 9927 1
8769 8965 67
8769 8997 2
8771 9285 26
8771 9766 2
8772 9518 1
8772 9325 10
8773 9771 2
8773 9233 6
8776 9453 1
8776 9710 1
8776 9067 1
8776 9186 1
8777 9510 1
8777 9005 1
8777 9783 2
8779 8848 1
8779 8818 1
8781 9162 2
8781 9194 9
8782 8903 4
8783 9773 1
8783 9523 1
8783 9811 1
8783 9711 3
8783 8836 2
8783 9212 1
8783 9920 1
8784 9583 1
8784 9342 1
8784 9138 1
8784 9973 1
8785 8977 1
8786 8878 2
8788 9904 2
8791 9264 2
8791 9362 1
8791 9198 2
8792 9484 4
8793 9685 1
8793 9773 2
8793 9994 1
8793 9292 3
8793 9603 1
8793 9478 1
8797 9709 1
8797 9812 1
8797 8815 8
8797 8835 1
8797 9818 1
8800 9300 1
8802 9709 1
8803 9834 2
8803 9704 1
8805 9606 1
8805 9595 1
8805 8971 2
8806 9814 1
8809 9653 1
8809 9813 1
8809 9463 3
8810 9731 2
8811 9859 1
8811 9200 5
8812 9340 3
8812 9394 1
8812 8905 1
8812 9893 34
8813 9050 1
8814 8943 1
8816 8846 1
8816 9722 2
8816 9894 1
8817 8904 3
8818 9041 1
8818 9656 1
8818 9988 3
8819 9413 1
8819 9616 1
8819 9634 3
8821 9577 1
8821 8932 1
8822 8844 3
8822 9710 1
8823 9127 1
8823 9663 1
8823 8846 5
8823 9484 1
8824 9506 1
8824 9568 1
8824 9785 2
8826 9564 1
8826 9365 1
8826 9486 11
8826 9789 5
8827 9494 1
8829 9606 1
8829 9145 2
8829 9571 1
8831 9828 42
8831 9059 2
8832 9547 1
8832 9404 1
8832 9401 1
8832 9429 8
8832 9439 1
8832 9821 3
8833 8920 4
8834 8925 1
8835 8851 1
8835 8910 2
8837 9539 1
8837 9611 3
8837 9876 1
8838 8859 2
8838 8934 1
8840 9767 1
8840 9294 1
8840 8919 3
8843 8944 5
8844 9695 1
8847 8968 8
8847 9159 1
8848 9585 1
8848 9384 1
8848 9189 1
8849 9449 1
8849 9529 1
8849 8957 1
8849 9557 1
8849 9229 1
8849 9906 4
8851 8924 1
8851 9737 1
8851 8983 1
8851 9154 1
8851 9045 1
8852 9027 5
8853 8982 1
8853 9453 1
8854 9832 4
8855 9870 1
8856 8890 1
8857 9239 1
8857 9998 4
8859 8954 4
8859 8985 3
8861 9261 2
8861 9919 2
8861 9877 2
8864 8956 2
8864 9780 1
8866 9575 1
8866 9460 4
8867 9751 1
8868 9607 1
8868 9227 1
8868 9964 2
8868 9401 1
8868 9495 1
8869 9231 1
8869 9946 200
8870 9080 1
8871 8920 1
8872 9374 2
8872 9312 3
8872 9720 2
8873 9382 3
8873 9363 1
8873 9140 1
8874 9139 166
8875 9668 1
8878 9815 10
8878 9547 1
8886 9072 1
8886 9001 1
8886 9633 2
8890 9634 1
8890 9827 1
8890 9003 1
8890 9605 1
8891 9913 2
8891 9506 1
8891 9600 1
8891 9674 1
8891 9123 5
8891 9310 2
8891 9925 1
8893 9618 1
8893 9437 2
8893 9535 1
8893 9062 3
8893 9529 1
8893 9882 54
8893 9982 1
8894 9938 1
8896 9009 1
8896 9408 5
8900 9711 6
8900 9188 1
8900 9374 1
8900 9563 1
8901 8903 1
8902 9588 2
8902 9206 7
8903 9512 2
8903 9550 2
8903 9176 18
8903 8912 1
8903 9313 1
8903 9572 3
8904 9453 1
8904 8988 1
8904 9089 1
8904 9875 1
8904 9492 1
8906 9933 1
8906 9214 1
8907 9304 1
8907 8922 1
8907 9919 1
8907 9492 1
8907 9822 1
8907 8996 2
8907 9796 1
8908 8927 1
8908 9857 1
8908 9253 2
8908 9727 2
8909 9373 4
8909 9724 1
8909 9394 1
8909 9929 1
8910 9025 1
8910 9166 1
8910 9689 1
8911 9463 1
8911 9548 1
8911 9512 16
8915 9403 1
8916 9790 1
8918 9634 1
8918 9031 1
8920 9948 1
8920 9226 7
8920 9403 1
8920 9633 1
8921 9249 2
8923 8941 12
8924 9013 3
8929 9070 1
8930 8963 1
8931 9494 1
8932 8989 1
8932 9289 1
8935 8995 1
8937 9828 3
8939 9239 2
8941 9037 1
8941 9372 7
8943 9146 9
8943 9469 1
8944 9042 1
8944 9117 1
8944 9811 1
8946 9358 2
8946 9747 2
8947 9391 1
8950 9066 1
8953 8995 3
8954 9698 5
8954 9428 1
8954 9633 11
8954 9126 3
8954 9609 1
8954 9656 1
8956 9652 1
8956 9892 1
8959 9278 2
8959 9692 3
8960 9776 1
8960 9249 4
8962 9549 1
8962 9264 1
8962 9794 2
8962 9179 2
8962 9335 15
8962 9285 1
8962 9986 4
8963 9191 2
8963 9222 2
8963 9007 1
8963 9039 1
8965 9483 1
8966 9358 9
8966 9030 2
8967 9114 1
8967 9900 3
8967 9074 1
8967 9527 4
8967 9866 1
8969 9766 1
8969 9504 1
8969 9478 1
8969 9827 4
8970 9241 6
8971 9065 10
8973 9209 20
8973 9030 1
8973 9406 5
8973 9637 1
8973 9833 1
8975 9780 1
8977 9338 1
8977 9358 1
8977 9737 1
8977 9312 1
8977 9003 2
8977 9758 1
8979 9386 7
8981 9585 1
8981 9944 3
8982 9027 1
8985 9991 2
8985 9797 1
8985 9641 1
8985 9108 1
8989 9421 2
8990 9981 1
8991 9843 1
8991 9416 1
8992 9117 1
8992 9322 5
8992 9063 1
8994 9313 26
8995 9375 4
8995 9091 1
9000 9004 5
9004 9327 5
9008 9050 1
9009 9714 200
9013 9541 1
9014 9749 1
9014 9232 1
9014 9882 19
9014 9984 3
9016 9780 1
9018 9666 6
9018 9751 1
9018 9368 1
9019 9103 1
9019 9575 1
9019 9975 1
9020 9127 2
9020 9939 1
9024 9045 1
9024 9850 1
9024 9471 1
9024 9156 2
9024 9644 3
9026 9760 1
9027 9448 2
9027 9164 1
9028 9870 1
9028 9312 1
9028 9280 3
9029 9071 3
9029 9406 2
9029 9608 3
9040 9864 1
9040 9539 1
9040 9200 1
9040 9323 1
9040 9448 3
9040 9499 2
9043 9494 6
9046 9240 2
9046 9582 1
9047 9518 1
9048 9876 5
9050 9305 1
9050 9680 1
9050 9630 3
9050 9374 2
9051 9959 1
9051 9176 1
9059 9173 6
9060 9689 2
9060 9970 1
9060 9636 1
9060 9705 7
9065 9654 6
9066 9482 1
9066 9694 1
9068 9508 2
9068 9095 1
9070 9246 1
9070 9466 1
9072 9494 1
9075 9148 1
9077 9907 2
9077 9913 22
9078 9471 1
9080 9351 7
9080 9469 1
9080 9953 3
9083 9454 3
9083 9747 1
9090 9981 2
9096 9346 1
9101 9456 1
9106 9902 1
9111 9219 2
9137 9608 1
9137 9934 1
9139 9908 3
9139 9481 6
9139 9576 4
9141 9148 2
9144 9530 1
9148 9487 1
9149 9211 1
9162 9714 11
9166 9903 1
9194 9731 1
9195 9581 1
9196 9930 1
9201 9209 1
9201 9815 1
9216 9717 1
9237 9689 1
9237 9604 2
9238 9731 1
9242 9924 4
9248 9289 1
9249 9736 18
9249 9926 7
9249 9600 1
9250 9745 1
9253 9704 1
9269 9298 8
9274 9695 2
9282 9483 1
9289 9383 1
9292 9930 1
9298 9348 1
9302 9581 1
9308 9479 1
9314 9460 1
9314 9588 1
9320 9780 1
9323 9407 5
9324 9858 1
9329 9578 1
9335 9731 2
9342 9776 1
9370 9930 1
9373 9717 1
9377 9673 2
9379 9776 1
9382 9411 1
9388 9559 1
9391 9490 2
9391 9541 1
9397 9776 1
9400 9483 1
9407 9492 2
9407 9725 1
9411 9653 1
9424 9784 8
9441 9717 2
9448 9731 1
9473 9530 10
9478 9530 1
9483 9571 1
9483 9770 1
9494 9550 4
9494 9958 7
9501 9832 1
9508 9731 1
9519 9780 31
9522 9938 1
9526 9706 1
9530 9642 2
9548 9832 1
9581 9701 2
9603 9828 5
9606 9981 4
9620 9848 1
9632 9776 1
9633 9745 1
9642 9714 1
9673 9930 1
9695 9989 1
9695 9929 1
9698 9776 43
9703 9714 1
9731 9744 3
9731 9889 1
9731 9857 1
9735 9834 1
9742 9832 2
9762 9776 1
9762 9930 1
9768 9904 1
9776 9867 1
9776 9894 2
9776 9831 2
9780 9845 1
9781 9942 2
9828 9852 1
9903 9934 1
9938 9939 2
