4 9633 1
4 9680 4
14 9959 1
25 9747 1
25 9930 1
25 8599 1
25 8828 1
25 8713 1
25 8935 2
29 8630 1
29 9493 2
29 9469 1
29 8583 1
29 9309 2
29 9377 7
31 9624 5
31 9693 1
31 8908 2
31 8715 1
31 8803 1
31 9292 1
31 9091 3
31 9347 1
31 9374 6
33 8883 1
33 9880 1
33 9326 2
33 9499 1
35 8976 1
40 8834 1
40 9995 1
77 9819 1
77 9483 1
77 9530 9
77 9685 2
85 8817 4
85 9520 2
86 9733 10
86 8595 1
86 8710 1
100 8882 1
100 9413 1
100 8805 1
100 9245 1
100 9698 1
100 8887 1
109 9576 1
109 9530 1
109 9362 1
109 9548 1
109 9755 1
109 9257 1
115 9950 1
115 8978 3
115 9253 1
115 9743 1
126 8951 1
126 9399 1
128 8677 1
128 9575 3
128 9511 3
136 9559 1
136 9193 2
141 8967 4
141 9735 1
148 8827 1
148 9740 1
148 9104 104
148 9937 3
150 9213 1
157 9575 1
157 9169 1
190 9907 1
190 8968 1
190 8585 1
190 8738 1
195 9837 1
199 9830 1
199 9871 1
199 9743 3
199 8962 2
199 9617 3
199 9032 1
199 9722 1
209 9481 1
212 8746 15
212 9683 1
212 9026 1
222 9611 1
231 9164 1
231 9774 1
231 9248 1
231 9525 1
238 8751 1
238 9478 1
242 8755 3
242 9862 2
246 9854 1
253 9610 3
265 8713 1
265 9100 1
265 8670 1
265 9870 8
265 9393 1
265 9660 1
272 9457 1
272 9760 1
272 9093 3
272 9408 29
290 9511 1
290 9897 2
290 9216 12
290 9357 1
290 9448 1
290 9463 1
295 9783 1
295 8830 1
295 9101 2
295 9619 1
295 8762 1
295 9800 1
312 9135 1
312 8993 1
312 9221 1
312 9894 1
333 9047 3
333 9916 14
333 8622 1
333 9613 1
333 9733 6
333 8946 1
333 9112 3
351 9853 1
351 9922 1
351 9344 1
351 9528 1
351 9968 1
354 9008 7
354 9467 25
354 9526 1
354 9400 1
354 9619 1
354 8631 2
357 9019 1
357 9366 109
357 9035 3
357 9072 2
357 9518 1
371 9399 3
382 9534 13
382 9701 5
386 9023 3
386 9484 1
386 9132 1
386 9493 1
386 9666 71
387 8983 1
394 9658 1
394 9224 4
394 9980 1
404 9354 1
404 8845 4
404 9695 2
411 9722 1
411 9006 3
411 9659 1
411 8949 1
411 9792 1
411 8656 3
411 9220 1
411 9481 5
411 9621 2
412 8613 2
412 9120 1
412 8944 8
412 9191 1
412 9081 48
412 9633 10
420 9799 1
420 8887 1
420 9819 1
420 9864 2
420 9343 1
432 8985 1
432 8838 1
432 8843 1
435 9447 2
435 9318 2
435 9036 1
435 9662 1
435 9228 2
439 9722 1
439 9769 1
439 9590 5
439 8878 1
439 8873 1
439 9533 2
439 8590 1
439 9054 1
473 9019 1
473 9538 4
473 8755 9
473 9090 1
476 9480 1
476 8853 1
477 9519 2
477 9033 4
477 8683 104
477 9088 1
477 9090 2
477 9376 6
477 9428 2
477 8626 28
477 9352 1
477 9895 7
492 9448 1
492 8742 1
492 8891 1
516 8923 1
516 9726 1
516 9478 1
516 9844 1
516 8833 2
521 8682 1
521 9792 3
521 9918 1
527 9646 15
527 9765 1
527 9486 1
527 8698 1
527 9523 1
527 8931 3
527 9095 1
527 9674 1
537 8787 1
537 8883 1
563 9445 1
563 9689 1
564 9618 9
564 9179 3
564 9205 7
567 8727 1
595 9095 2
595 9499 1
595 9413 2
595 9840 141
595 9007 4
618 9376 1
618 9804 1
618 8850 1
618 9490 4
618 9427 1
654 8693 1
654 9467 5
654 9659 2
654 9675 1
661 8667 2
661 8839 1
662 9687 11
662 8838 5
662 8790 1
662 8884 3
662 8963 1
662 9676 1
663 8981 1
663 9729 1
663 9362 5
672 9280 1
672 9803 1
672 8896 2
672 9538 10
672 9867 2
672 9902 1
672 8591 2
672 8716 2
672 8739 2
672 9403 1
672 9725 1
702 8968 2
702 9048 189
702 9158 1
704 8844 1
704 9925 1
704 9603 1
704 9840 1
708 9816 1
708 9065 1
708 9179 1
708 9584 4
708 9405 2
708 9611 1
708 9630 1
712 8662 2
712 9759 1
712 9078 2
715 9343 1
715 9107 1
715 9109 1
715 8849 2
731 9219 2
731 9757 1
731 8790 1
731 9146 1
731 9493 1
737 9157 1
737 9871 10
737 9318 28
737 9266 1
744 9494 1
744 9700 1
744 8995 6
744 8613 1
744 8834 1
744 9487 1
744 9549 2
765 9886 1
779 9759 1
779 9459 2
779 9271 1
779 9793 4
779 9993 1
784 9632 3
784 8811 18
784 9171 2
784 9280 2
784 8831 1
784 9168 1
784 9718 1
786 9900 1
786 8969 4
786 9176 3
786 9857 1
786 9899 1
786 9026 1
786 9352 2
786 8678 11
786 9774 2
792 8800 62
792 8713 1
795 8610 1
795 8978 1
795 9489 1
804 8706 1
804 9940 10
804 9648 1
804 9412 4
804 9450 1
809 9828 13
809 9948 4
809 9902 1
817 9974 3
817 8668 1
817 9845 1
817 9432 3
817 9812 1
817 8647 1
819 9372 7
819 9845 5
819 9749 1
819 9043 4
819 9467 1
819 8802 1
819 8773 2
829 9459 1
832 9175 6
832 9126 1
832 9703 19
832 9815 1
832 9919 1
834 8988 1
834 9349 10
834 8873 9
834 8584 1
834 8844 1
834 9899 2
836 8746 1
836 8930 1
836 9130 1
836 9653 1
836 8899 5
836 9101 5
836 9469 6
843 9141 1
843 9237 3
843 9304 1
843 9538 1
849 9199 2
849 9831 2
863 9131 1
863 8924 1
863 8656 1
863 9392 1
866 9249 1
866 9150 1
867 8931 1
867 9118 2
867 9563 1
867 9765 5
867 8869 1
867 9380 9
872 9804 1
872 8789 1
872 8844 2
872 8995 1
872 9157 1
872 9878 8
872 9112 1
872 9429 1
872 9508 1
876 8708 1
876 9072 1
876 9016 1
883 9137 1
909 9684 4
909 8633 3
909 9324 10
911 9860 2
911 9312 13
911 9899 1
911 9771 3
919 9016 6
919 9828 1
921 8944 1
927 9706 3
927 8749 2
927 8762 1
927 9782 1
927 9323 2
927 9952 2
928 9927 1
928 8682 1
928 8939 7
928 8996 2
928 9226 1
936 9168 1
940 9245 4
946 8631 1
946 9410 1
959 9914 1
959 9276 1
959 9695 3
959 9713 1
968 9525 3
968 9989 1
968 9029 1
968 9262 1
968 9483 2
976 9604 1
979 9191 4
979 8799 14
979 9794 6
979 9879 1
980 9291 7
980 8799 1
980 9146 1
980 9906 3
980 9185 1
984 8633 4
984 8785 200
984 9376 1
987 9030 3
987 9218 1
987 9499 4
987 9351 1
987 8768 1
988 9927 3
988 9413 1
991 9180 1
991 9347 1
991 8878 1
1027 9257 2
1027 8960 7
1027 9355 3
1029 9441 1
1029 8703 2
1031 9797 1
1031 9310 1
1031 9181 1
1031 9534 1
1035 9674 1
1035 9058 1
1044 9574 8
1044 9773 1
1044 8869 1
1044 9973 1
1063 8819 1
1084 9228 1
1084 8599 2
1084 8626 2
1084 8834 1
1084 9757 1
1084 9094 3
1084 9571 1
1084 9992 1
1085 9464 12
1085 9108 1
1085 9565 3
1087 9037 1
1087 9894 2
1100 9837 1
1100 8942 4
1100 9080 2
1100 9683 1
1100 9019 1
1104 8783 1
1104 9284 3
1104 9533 1
1111 9650 1
1111 9945 2
1111 8624 1
1111 8866 3
1118 8839 1
1118 9313 1
1121 8728 1
1121 9925 1
1127 8955 3
1127 8650 1
1128 8768 3
1128 8578 1
1128 9650 2
1149 9522 1
1149 9871 24
1149 9097 1
1158 9727 1
1161 9762 1
1161 9319 1
1161 9369 1
1161 9759 1
1161 8658 1
1161 9798 1
1175 8701 2
1175 9974 1
1179 9174 1
1204 9176 2
1219 8620 2
1219 9046 1
1219 9136 3
1237 9896 1
1243 9714 1
1243 8622 1
1243 8667 7
1243 9189 14
1245 8937 1
1245 9688 3
1261 9065 1
1261 8590 1
1261 9942 1
1262 9508 1
1262 8829 19
1262 9056 1
1262 9846 1
1262 8707 2
1262 8870 2
1265 8659 8
1265 8814 6
1265 8985 1
1265 9344 1
1265 9690 20
1265 9757 2
1265 9034 27
1265 9614 1
1265 8778 3
1265 9400 1
1270 9657 2
1270 9714 1
1273 8841 1
1273 9262 1
1273 9991 1
1273 9208 1
1273 9035 14
1273 9860 1
1273 9865 2
1273 8683 1
1273 9099 1
1275 8896 2
1275 9363 1
1275 9508 1
1275 9652 7
1283 8652 1
1311 8843 4
1311 9728 1
1311 9437 3
1311 9512 1
1328 8616 2
1328 8758 6
1328 9682 1
1333 8665 1
1333 8862 22
1333 9771 7
1352 9662 1
1352 9476 1
1353 8828 3
1353 9723 1
1353 9624 4
1353 9957 10
1357 8799 3
1357 9238 1
1357 9841 1
1357 8791 1
1357 9963 17
1358 9610 1
1358 9482 29
1367 8762 1
1367 9662 1
1367 9675 2
1367 9529 1
1367 8592 3
1367 9839 10
1377 9411 1
1377 8630 1
1377 8749 1
1409 8704 1
1409 9456 1
1425 8900 1
1428 9118 1
1428 9100 1
1428 9253 22
1472 9810 1
1472 8579 2
1472 8661 1
1472 9114 1
1472 9387 1
1497 9458 1
1497 8945 1
1497 9355 1
1497 9430 3
1497 9758 1
1503 9963 2
1503 8766 1
1503 8975 1
1503 9726 35
1503 8704 1
1506 9457 9
1506 9928 1
1508 9959 1
1508 8768 2
1508 9514 2
1508 9736 1
1508 9981 1
1508 9272 2
1508 9432 3
1513 9156 1
1513 8612 1
1517 9168 1
1517 8623 1
1517 9203 1
1522 8672 1
1522 9215 1
1522 9526 1
1522 9196 1
1522 9338 2
1522 9696 15
1547 9377 2
1547 9392 1
1558 9135 2
1558 9043 1
1558 9079 1
1566 9445 6
1566 8753 1
1566 9021 1
1566 9430 5
1566 9542 4
1566 8969 2
1567 9278 1
1567 8993 1
1567 9428 3
1567 9700 1
1567 9702 1
1569 9053 1
1569 9404 2
1569 9520 2
1579 9322 2
1579 9667 1
1579 9742 1
1579 9376 1
1584 9476 1
1584 9557 1
1584 9254 8
1584 9819 5
1607 8854 1
1607 9814 1
1607 9762 1
1607 8953 1
1607 9323 1
1607 8994 2
1607 9816 2
1607 9849 7
1612 9312 2
1612 8771 16
1612 9109 2
1612 9740 1
1634 9445 2
1634 9698 3
1634 9368 1
1641 9044 1
1641 9445 1
1654 8662 6
1655 9278 1
1655 8581 1
1655 9048 5
1690 9256 2
1690 9698 1
1713 8867 4
1713 9830 1
1716 8731 1
1716 9706 1
1716 9977 1
1716 8867 3
1716 8924 2
1716 9117 4
1716 8985 1
1717 8964 2
1717 8910 1
1734 9673 1
1734 9647 1
1734 9523 6
1734 9691 1
1734 9994 1
1756 8939 1
1756 9665 4
1756 9693 4
1764 9645 15
1793 9331 1
1793 8639 2
1793 9155 6
1807 9135 1
1807 8828 1
1807 9291 2
1807 9922 1
1835 8802 3
1835 9036 2
1835 9598 3
1846 9231 1
1846 9199 1
1846 9219 1
1846 9976 1
1861 8959 1
1861 9472 6
1861 8600 2
1864 8949 1
1864 9202 2
1864 9370 1
1864 9831 1
1864 9971 4
1864 9986 1
1880 9961 1
1880 9602 3
1880 9590 2
1880 8741 4
1880 9297 1
1880 9418 1
1880 9272 1
1880 9706 1
1880 9992 8
1880 8840 21
1880 9301 2
1886 8940 60
1886 9049 2
1915 9121 5
1915 9188 2
1915 9926 1
1915 9684 3
1917 9277 1
1918 8797 1
1918 8754 1
1918 9867 7
1918 8701 1
1918 9297 7
1923 9436 1
1923 9943 1
1927 8922 1
1927 9665 1
1927 8783 5
1927 9718 4
1943 9600 11
1943 8777 6
1943 9782 2
1944 9177 1
1944 9886 3
1981 8739 1
1981 9045 1
1981 9593 1
2005 9436 1
2005 8928 1
2014 8918 1
2031 9557 1
2031 9837 1
2034 8617 1
2034 9835 1
2043 9430 1
2043 9635 3
2043 9411 1
2043 8631 1
2043 8831 1
2045 8782 3
2045 9067 2
2045 9312 2
2046 8738 3
2046 8825 1
2046 9484 1
2065 9005 1
2065 9668 1
2065 9128 1
2065 8784 2
2065 9276 1
2080 9850 1
2104 9876 3
2104 9059 1
2104 9536 2
2104 9563 1
2104 9783 1
2121 8656 1
2121 9619 3
2121 9324 4
2122 9371 1
2122 9256 1
2122 9576 1
2122 8874 1
2125 9239 1
2125 9982 3
2125 8662 1
2125 9066 1
2125 8918 1
2125 9972 1
2126 9320 10
2126 9623 1
2126 9218 1
2133 9039 1
2133 9323 4
2133 8677 1
2133 9318 1
2133 9361 7
2133 9603 1
2147 8756 8
2147 9282 23
2147 9583 5
2147 8662 2
2147 8822 1
2147 9555 4
2151 8624 1
2151 9816 1
2151 8606 5
2151 8676 1
2151 9122 7
2151 9654 1
2151 9972 1
2159 9912 1
2159 9601 1
2159 8753 1
2159 8869 200
2159 9047 1
2159 9699 1
2159 9218 41
2160 8649 1
2160 9168 1
2160 9569 1
2160 9077 1
2164 9880 1
2186 9417 1
2186 9443 1
2186 9405 2
2199 9800 1
2223 8717 1
2223 8801 2
2223 8806 1
2223 9078 1
2233 9794 1
2233 9585 1
2235 9065 1
2236 9148 1
2236 9106 2
2236 9886 1
2246 9525 1
2246 8934 1
2246 9457 1
2246 9807 5
2246 9217 2
2246 9722 1
2246 9260 2
2246 9377 1
2247 9466 1
2247 9482 1
2247 9537 1
2247 8618 1
2247 9801 1
2247 9830 1
2267 8754 1
2267 9889 1
2273 9742 1
2273 9491 1
2275 9776 1
2275 9129 1
2275 8860 1
2275 9082 1
2277 9701 2
2279 8775 1
2279 9263 1
2279 8805 1
2279 9790 1
2279 9978 3
2284 9303 2
2284 8827 1
2284 8710 1
2284 9441 1
2284 8899 7
2284 9096 1
2284 9936 1
2342 8776 2
2342 8801 5
2342 9299 1
2342 9861 1
2342 9135 1
2371 9132 1
2371 9590 1
2372 9599 1
2372 9033 41
2372 9538 1
2372 9777 2
2375 9512 1
2375 9640 3
2381 9653 1
2381 9136 1
2381 8578 1
2381 8705 2
2381 9755 9
2381 9950 3
2381 9981 1
2404 8876 1
2404 9728 1
2404 9938 1
2406 9912 1
2406 9468 2
2406 8813 1
2406 9261 1
2421 9760 2
2421 9388 2
2429 9540 3
2429 9346 1
2451 9278 1
2451 8816 1
2451 9518 1
2451 9152 9
2451 9991 2
2451 9088 2
2451 9231 1
2451 9342 1
2451 9545 6
2467 9142 2
2467 9863 1
2467 9525 3
2467 9726 3
2467 9398 1
2468 8825 1
2468 9046 3
2478 9559 4
2486 8758 2
2486 9590 1
2486 9217 1
2491 8698 1
2491 8829 2
2491 8801 18
2491 9013 1
2492 9657 1
2492 8711 1
2492 9874 1
2492 9911 1
2492 9143 1
2512 8982 1
2512 9196 1
2512 8877 4
2513 8895 1
2513 9643 1
2513 8862 4
2513 9042 6
2513 8981 2
2513 9086 1
2513 9661 1
2516 9443 1
2516 9461 1
2516 9116 2
2516 9578 1
2521 9235 1
2521 8898 3
2544 9563 1
2544 8891 1
2544 8921 1
2544 9552 1
2544 9961 1
2551 9458 1
2551 9846 1
2551 9058 1
2552 9901 1
2552 9387 1
2552 9945 1
2552 9023 1
2552 9417 1
2554 8729 4
2554 9440 3
2554 8739 10
2554 8996 1
2554 9359 2
2554 9747 1
2554 9812 1
2557 9602 1
2557 9641 1
2564 9199 1
2564 9400 1
2564 9723 2
2565 9072 1
2565 9730 2
2565 8698 20
2565 9380 5
2565 9677 3
2607 9853 1
2607 8988 1
2607 9471 1
2607 9482 3
2607 8776 1
2607 9174 2
2607 9187 1
2612 9172 1
2613 9590 4
2613 8612 1
2613 9274 1
2613 9563 4
2613 9518 1
2678 9530 1
2678 9255 4
2678 8848 7
2678 8942 4
2696 9037 1
2696 9600 1
2696 9048 2
2696 9972 1
2701 8951 1
2701 9409 2
2701 9732 1
2722 9760 1
2722 9367 1
2722 9399 4
2722 9447 2
2722 9620 1
2722 8946 1
2722 9176 1
2722 9912 2
2738 8766 1
2738 9399 1
2738 8868 4
2738 9648 4
2738 9945 1
2738 8612 1
2738 8635 2
2738 9023 1
2738 9344 2
2738 9459 1
2738 9841 1
2738 9774 2
2738 9234 5
2747 9849 26
2747 9108 1
2760 9683 3
2760 8791 4
2760 8854 1
2760 9136 1
2760 9426 2
2760 8659 7
2760 9051 1
2760 9069 1
2760 9613 1
2760 9907 12
2760 9975 1
2769 9629 2
2769 8660 1
2769 9164 3
2771 8915 1
2771 9486 1
2771 9505 1
2771 9614 1
2781 9551 1
2781 9179 1
2781 9855 1
2781 9143 1
2781 8704 1
2781 8954 1
2781 9050 1
2781 9209 4
2781 9340 1
2781 9575 1
2786 9901 3
2786 8801 1
2786 9813 1
2786 9952 1
2798 9003 1
2802 9227 1
2802 9707 200
2806 9620 1
2806 9293 1
2818 9189 4
2818 9130 2
2822 9807 3
2826 8885 2
2837 9035 2
2837 9193 1
2837 8975 1
2837 8862 11
2858 9718 2
2858 8913 1
2858 8991 1
2858 9085 5
2870 9309 1
2870 9585 4
2914 9527 2
2914 8684 1
2920 9793 1
2920 9762 1
2920 8962 5
2920 9495 3
2956 9640 1
2956 9295 1
2956 9982 2
2966 9501 3
2966 8876 1
2986 9707 1
2994 9430 1
2994 9493 40
2994 9932 7
3032 9377 6
3032 9640 1
3038 9380 1
3038 8874 1
3038 8918 1
3038 8994 1
3038 9115 1
3038 9420 12
3051 9191 1
3051 9905 2
3051 9147 2
3059 8933 1
3059 9316 8
3059 8647 1
3059 8742 6
3059 9183 3
3059 9411 1
3059 8624 1
3059 9930 1
3064 9011 1
3070 9459 1
3070 9824 2
3070 9887 1
3070 9093 14
3070 9989 4
3087 8679 1
3087 9891 1
3088 9088 1
3088 9509 1
3088 9981 2
3088 8824 1
3088 9046 1
3088 9167 2
3088 9875 5
3088 9098 1
3089 8877 4
3091 8876 1
3091 9152 1
3091 9231 1
3091 9357 3
3091 8658 1
3091 9336 1
3091 9607 1
3091 9863 1
3091 8656 2
3091 9171 1
3105 9779 1
3105 9731 2
3105 9327 1
3105 9050 1
3105 9245 1
3128 8867 1
3128 9607 1
3128 9946 1
3142 9021 3
3142 8854 1
3142 9106 30
3142 9463 1
3142 9110 2
3142 9246 6
3152 8620 6
3152 9299 1
3152 9650 1
3184 9134 1
3184 9777 3
3184 9157 3
3192 8789 1
3195 9053 1
3199 9545 2
3199 9617 1
3199 9929 1
3217 9694 1
3217 9129 1
3217 9726 4
3224 9465 2
3224 8583 2
3224 9820 1
3240 8580 1
3247 9243 1
3247 9098 1
3247 9001 1
3247 9871 2
3248 9976 1
3248 8777 1
3248 9167 1
3248 8649 2
3248 8848 4
3248 8922 1
3248 9887 3
3248 9864 2
3261 9466 3
3261 9831 5
3261 9948 1
3261 9226 58
3287 8921 1
3287 8915 1
3300 9187 1
3305 9128 1
3305 9166 3
3305 9180 8
3305 8857 1
3305 9907 1
3305 9127 1
3305 9522 1
3313 9032 1
3313 9965 1
3313 9147 2
3314 9532 2
3314 9047 1
3314 9730 1
3318 9327 2
3318 8711 1
3333 8828 1
3333 8622 1
3336 8750 2
3336 8988 6
3336 9674 1
3336 9998 1
3336 8681 1
3336 9437 7
3336 9827 1
3336 8646 1
3342 9011 1
3342 9819 3
3360 9527 1
3360 9552 3
3360 9907 5
3360 9151 1
3360 8880 1
3360 9316 1
3366 8632 2
3366 9728 1
3366 9729 3
3376 8815 2
3376 9045 12
3376 9608 3
3376 9555 11
3376 9600 1
3376 8631 5
3376 9690 3
3389 8677 1
3389 9703 1
3400 8781 1
3400 9895 1
3400 8754 1
3400 9668 1
3401 9430 3
3401 9703 2
3424 9803 3
3424 9036 1
3424 9797 1
3432 9588 14
3432 9183 1
3454 9484 1
3454 9714 1
3454 9971 1
3454 9791 1
3454 9096 1
3454 9587 17
3457 9443 1
3457 8979 1
3457 9813 7
3466 9740 1
3466 9768 97
3466 8991 2
3466 8600 2
3466 8782 1
3466 9032 2
3466 9630 2
3466 9507 2
3501 9465 9
3501 9622 1
3501 9614 1
3504 9272 1
3504 9316 40
3512 9050 1
3515 9998 10
3532 9676 1
3532 9318 1
3532 9366 2
3534 9698 11
3534 9904 3
3539 9156 1
3539 8937 2
3539 9490 1
3539 9861 1
3539 9878 3
3554 9437 1
3554 9143 2
3554 9541 1
3554 9765 5
3577 9591 1
3577 8627 1
3577 9385 1
3577 8933 3
3577 9260 1
3577 9478 1
3593 9248 2
3594 8642 18
3594 9741 2
3595 8577 8
3595 9101 1
3595 9732 1
3600 9827 1
3607 9215 8
3607 9667 1
3607 9131 3
3615 8697 3
3615 9524 6
3623 8769 1
3623 9131 1
3627 8593 10
3635 8748 1
3635 8844 1
3635 9666 1
3635 9457 1
3635 8976 2
3635 9599 1
3635 8825 1
3635 9249 7
3660 8793 4
3667 8632 2
3667 9407 1
3667 9329 1
3667 9740 1
3667 9385 1
3670 9904 1
3688 9826 12
3688 8719 1
3688 9658 1
3688 8884 1
3688 8618 1
3688 8623 4
3688 9801 2
3689 9489 4
3689 8988 1
3695 8995 1
3695 9329 1
3695 8749 1
3695 8898 9
3695 9089 1
3695 9853 4
3710 9824 1
3710 9043 1
3710 8668 1
3728 8698 2
3728 8739 1
3728 9929 1
3728 8880 1
3736 9871 3
3736 9568 2
3736 9578 1
3736 8642 1
3736 8803 3
3736 8874 2
3736 9416 1
3736 8796 1
3736 9519 2
3756 9849 5
3764 9572 4
3764 8781 73
3766 8897 2
3766 8816 115
3766 9303 1
3766 9407 3
3766 9255 1
3775 9048 1
3775 9533 1
3799 9019 3
3799 8627 4
3799 8702 1
3799 8970 1
3799 9596 1
3806 9193 1
3817 8607 1
3817 8790 2
3817 9417 1
3830 8840 3
3830 9968 2
3830 9778 1
3847 9667 2
3847 9065 1
3863 9018 1
3863 9689 1
3863 9150 2
3863 9711 3
3863 8644 1
3864 8815 1
3873 8711 1
3889 9041 35
3889 8951 1
3889 9513 1
3911 9559 4
3911 8636 1
3911 8812 1
3911 9961 1
3911 8703 1
3917 9549 1
3917 9834 1
3917 9720 1
3917 9921 4
3930 8611 2
3930 9996 1
3930 8795 2
3930 9525 1
3930 9387 1
3930 9639 2
3930 9770 1
3930 9943 1
3930 8830 1
3935 8647 1
3935 9426 3
3956 9189 1
3956 8894 3
3956 9125 1
4034 9007 1
4034 8603 4
4034 9927 2
4036 9272 1
4036 9188 1
4036 9170 1
4036 9398 1
4036 9773 2
4036 9653 2
4036 9841 1
4047 8728 1
4047 8762 1
4048 9643 1
4048 8946 4
4048 9920 1
4048 9982 1
4048 9862 1
4051 9304 86
4051 9227 1
4052 8846 1
4052 8734 3
4052 8779 6
4054 9338 1
4079 8708 1
4079 9906 1
4079 8635 1
4079 9133 1
4079 9303 11
4080 9351 1
4080 9575 4
4081 9662 5
4081 9504 2
4081 9974 1
4081 9951 8
4081 9923 1
4081 8741 2
4081 9944 1
4094 8641 1
4109 9709 3
4109 9989 9
4114 9209 1
4126 8745 2
4126 9610 4
4132 8892 1
4132 9617 1
4132 9758 1
4132 9037 1
4132 9693 1
4146 9877 2
4153 9959 3
4167 9048 34
4167 9718 4
4176 9790 5
4176 9312 4
4176 9466 3
4176 9224 1
4176 9474 1
4180 9403 1
4180 9066 5
4180 8849 1
4180 8891 1
4180 9532 5
4189 9827 1
4189 9039 1
4189 9524 1
4189 9292 3
4194 9904 8
4194 8777 1
4194 8826 1
4194 9166 1
4194 9154 1
4194 9523 2
4194 9650 1
4194 9254 3
4194 9468 2
4211 9076 2
4211 8708 49
4221 9507 1
4221 8731 200
4221 9977 1
4229 8963 1
4229 8633 1
4231 8880 8
4239 9675 1
4239 9201 1
4239 9794 5
4246 9634 1
4246 9312 3
4247 8981 2
4247 8841 6
4262 8577 5
4262 9822 1
4262 8796 1
4262 9082 1
4262 9608 1
4303 9119 1
4303 8802 6
4303 8604 1
4303 9504 5
4303 9001 1
4305 8874 8
4305 9660 1
4306 9109 3
4306 8750 1
4306 9163 1
4306 9722 1
4306 9684 1
4310 8783 2
4310 8773 1
4310 9374 1
4310 9154 1
4310 9900 1
4313 9982 1
4313 9633 3
4313 9456 1
4313 9774 1
4313 8847 4
4313 8713 1
4324 9370 1
4324 9782 6
4346 9018 14
4346 9860 2
4346 9058 1
4346 9603 1
4346 8674 1
4346 9052 1
4346 9699 1
4359 9809 2
4359 9660 2
4362 9701 1
4376 8703 1
4376 9213 1
4376 9245 14
4376 9481 1
4376 9599 2
4376 9554 4
4380 9550 10
4380 9703 1
4380 9861 1
4380 9882 1
4386 9167 1
4386 8647 1
4386 9491 34
4395 9853 1
4418 9247 4
4418 9132 1
4421 9608 1
4421 8987 1
4421 9011 1
4425 9081 1
4425 9833 1
4428 8878 1
4428 8644 1
4428 9221 1
4428 9358 8
4428 9621 1
4428 9003 1
4428 9331 11
4428 9776 1
4434 8965 1
4434 8780 1
4452 8611 1
4455 9177 3
4455 9870 2
4455 8766 1
4455 9046 1
4455 9499 3
4455 8811 2
4461 9982 3
4461 9128 1
4461 8952 1
4461 8727 2
4467 9401 1
4467 9810 4
4496 9197 1
4496 9038 6
4496 8908 2
4496 9170 1
4496 9209 1
4496 9223 5
4502 8944 2
4502 9121 1
4502 8724 1
4502 9473 1
4502 9887 3
4502 9642 1
4502 9629 1
4503 9758 1
4508 8711 1
4508 9946 1
4540 8822 1
4548 8775 4
4548 8591 2
4552 9451 1
4552 9091 1
4552 9464 1
4560 8798 2
4560 8989 1
4560 9639 15
4561 9751 1
4561 9855 2
4561 8707 1
4566 9483 1
4566 8609 5
4566 8584 1
4566 8611 2
4566 9021 1
4566 9304 1
4566 8676 1
4578 9088 1
4578 8982 1
4578 8975 4
4578 9170 1
4578 9673 3
4578 9785 1
4579 8682 1
4579 8642 1
4590 9760 5
4590 9103 1
4600 9718 2
4614 9896 1
4614 9615 1
4620 9513 43
4620 8705 2
4623 8780 1
4623 9907 1
4625 8935 9
4627 9248 1
4627 9653 2
4635 9115 13
4641 8650 1
4641 9552 15
4641 9532 1
4647 9088 2
4647 9413 1
4647 9319 12
4647 9731 2
4654 8868 1
4654 9218 1
4654 8635 1
4654 9373 2
4654 9791 1
4654 9115 1
4654 9620 2
4654 9902 1
4654 9000 1
4657 9776 1
4663 9688 1
4663 8724 3
4663 9363 9
4663 9548 2
4671 9901 1
4671 8603 5
4677 8661 4
4677 9120 2
4696 8712 1
4696 9077 1
4696 9457 1
4710 9604 2
4710 9543 2
4710 9675 1
4710 8812 1
4710 8617 1
4712 9727 2
4712 9657 1
4713 9984 1
4713 9126 1
4713 9784 1
4713 8809 12
4713 9512 3
4713 9863 2
4713 9411 1
4734 8618 24
4734 9083 1
4734 9410 1
4734 8845 3
4734 9187 1
4747 9347 1
4747 9133 1
4756 9219 4
4756 9301 2
4756 9464 1
4762 9706 6
4762 9076 1
4762 9213 8
4770 9951 12
4838 8939 1
4838 8595 2
4838 9267 1
4838 9949 1
4893 9945 3
4905 9426 1
4905 9166 14
4905 9821 2
4918 9918 1
4918 9738 1
4918 9883 2
4918 9154 1
4918 9882 3
4924 9282 2
4924 9432 1
4924 8649 1
4924 9119 11
4924 9132 2
4924 9543 6
4927 9214 8
4927 8822 18
4927 9119 1
4927 9261 1
4927 9267 1
4927 8580 2
4927 8591 1
4931 8805 4
4931 8575 1
4931 9091 1
4931 8635 1
4931 9614 1
4931 8969 5
4942 9015 6
4942 9082 1
4942 9129 2
4942 8687 3
4949 8868 1
4949 8674 2
4949 9086 1
4949 8805 1
4957 9073 1
4957 9433 2
4957 9420 1
5000 8955 1
5000 8997 1
5000 9822 1
5000 8896 1
5012 9621 1
5013 9971 1
5013 8882 1
5014 9530 23
5042 8819 1
5042 9363 1
5042 9843 2
5042 9584 1
5048 9150 1
5048 9758 4
5055 9515 1
5055 8688 15
5055 9398 3
5061 9607 9
5061 9417 1
5061 9471 5
5061 8804 2
5061 9336 6
5106 9469 1
5110 9029 1
5110 9773 1
5110 8800 1
5110 9471 1
5110 9814 1
5119 9066 2
5121 8967 1
5121 8677 1
5133 9598 1
5133 8742 4
5133 9502 1
5133 8607 1
5149 8748 4
5157 9052 3
5157 9959 1
5157 9041 2
5157 9433 6
5157 8908 2
5157 9476 6
5160 8962 1
5160 9098 3
5160 9945 1
5160 9282 3
5165 9166 1
5165 9107 2
5165 9901 7
5165 8935 4
5165 9120 1
5165 9205 2
5224 9011 3
5224 9116 1
5224 9413 1
5224 8900 1
5236 9514 1
5236 9522 1
5236 9583 1
5236 8583 1
5236 9036 1
5248 9237 4
5248 9636 1
5248 9195 1
5248 9557 1
5262 9243 1
5262 9875 6
5265 8778 2
5265 9018 8
5265 9052 1
5265 9554 1
5265 9644 2
5273 9263 1
5273 9555 1
5273 8768 1
5273 8896 1
5273 9495 1
5273 9930 1
5273 8922 2
5283 8866 2
5283 9502 1
5290 9179 3
5290 9476 1
5290 9974 1
5292 8779 1
5292 9051 2
5292 8910 5
5292 8870 1
5292 9930 1
5292 9976 2
5292 8841 1
5292 9764 1
5292 9971 4
5292 9080 1
5292 9141 1
5294 9616 5
5294 9330 1
5308 9401 8
5308 8593 2
5308 8801 1
5308 8970 1
5308 9178 28
5308 9056 1
5308 9434 1
5308 8796 1
5308 9030 4
5308 9268 1
5323 9757 3
5323 9260 1
5323 9329 3
5331 8969 15
5331 9371 1
5339 9487 7
5339 8702 1
5339 8951 2
5340 8712 1
5340 9645 1
5340 9147 1
5340 9393 2
5340 9555 1
5340 9698 1
5340 9156 1
5340 9249 1
5340 9148 4
5340 9857 1
5340 8703 1
5340 9149 1
5346 9450 1
5346 9327 1
5346 9906 1
5346 9949 1
5346 9822 15
5349 8583 1
5349 9667 1
5349 9941 3
5373 8996 1
5373 8688 1
5373 9385 6
5373 8787 1
5373 9191 1
5375 8836 3
5375 9175 1
5375 8803 33
5395 8882 4
5395 8774 1
5395 9155 1
5398 8602 1
5398 9622 1
5398 8895 1
5398 9597 1
5398 8854 2
5398 9340 1
5398 9433 7
5413 9724 1
5413 9937 4
5413 9688 1
5426 9975 1
5426 9433 1
5426 8604 1
5426 8840 9
5428 9524 1
5430 8862 1
5430 9615 1
5430 9146 2
5430 9441 1
5430 8649 1
5430 8741 1
5434 9366 3
5434 8894 1
5452 8683 2
5452 9749 2
5452 9469 2
5452 8789 1
5452 9588 2
5452 9634 10
5455 9501 1
5455 8933 1
5472 9243 2
5478 9645 1
5478 8806 1
5478 9188 12
5478 8976 1
5478 9768 1
5486 8734 2
5486 8625 1
5486 8689 1
5486 9168 7
5486 8964 2
5486 9911 14
5486 9632 1
5501 9096 1
5501 9392 1
5501 9596 1
5501 9488 1
5501 9749 2
5518 8665 3
5518 8843 1
5518 9447 2
5518 9302 1
5518 9737 4
5518 8782 4
5518 8828 1
5518 9948 1
5520 9805 2
5521 9769 1
5521 9922 10
5521 8934 1
5521 9878 159
5530 8590 2
5530 8656 2
5560 9623 1
5563 8631 1
5576 8750 5
5576 9115 3
5576 8965 4
5576 9284 1
5576 9089 2
5576 9187 5
5576 9779 1
5576 9023 1
5576 9304 1
5576 9865 1
5576 9962 1
5588 8771 1
5588 9095 2
5588 9856 1
5606 9405 1
5606 9635 3
5606 8956 3
5606 9401 2
5613 8856 1
5613 9203 1
5613 9276 2
5613 9156 4
5636 9173 6
5636 8812 1
5644 9253 1
5644 9526 44
5644 8845 85
5644 9892 2
5650 9750 1
5650 8920 2
5650 9537 2
5654 9420 1
5654 9461 1
5656 9504 1
5656 9680 1
5660 9291 4
5660 8639 6
5660 9999 3
5660 9912 1
5661 8585 5
5664 8788 1
5664 8702 1
5664 8750 2
5678 8766 1
5678 9981 1
5678 9943 3
5678 9396 1
5702 9706 4
5702 9388 1
5702 9776 1
5702 8813 6
5702 8846 200
5705 9223 1
5705 9134 1
5711 9980 57
5711 8815 2
5711 8866 1
5711 8579 1
5711 9773 1
5711 9996 1
5717 9989 1
5717 9493 2
5717 9017 1
5717 9398 1
5717 9927 1
5717 8581 1
5717 9158 32
5718 9210 1
5718 9850 1
5718 9733 1
5718 9951 1
5727 9870 1
5727 8581 13
5727 9540 1
5727 9568 2
5727 9334 1
5740 9914 2
5740 8665 1
5742 9018 6
5742 9623 1
5742 9737 1
5742 9904 1
5742 9236 1
5742 8995 2
5742 9572 1
5742 8843 1
5752 8672 1
5752 9968 1
5752 8755 1
5752 9720 1
5752 9610 1
5752 9902 6
5765 9917 1
5770 9201 1
5770 9013 1
5770 9015 1
5770 9053 1
5770 9938 6
5773 8749 1
5773 9250 1
5773 9514 2
5773 9640 1
5775 9300 2
5775 8777 1
5775 9804 1
5784 8975 2
5784 9436 1
5784 9652 1
5792 8750 1
5792 9995 2
5797 9886 1
5797 9786 1
5805 9143 6
5805 8897 1
5805 8967 3
5827 9404 2
5827 8960 2
5827 9786 1
5827 8787 1
5843 9936 2
5877 9936 1
5877 9049 1
5877 9894 1
5877 9160 1
5877 9910 4
5877 8823 1
5877 9572 2
5877 9767 2
5910 9096 1
5910 9976 2
5910 9624 1
5921 9209 3
5921 8842 1
5921 9221 1
5921 8923 5
5921 9448 4
5929 8964 1
5929 9615 1
5929 8804 3
5929 9587 1
5938 9769 3
5938 9235 1
5938 9932 2
5966 9466 1
5971 9082 1
5971 8698 1
5994 9109 1
5994 8606 2
5994 9813 1
5994 8682 1
5994 8983 1
5994 9613 1
5994 9418 1
6018 9637 40
6018 9998 2
6018 9876 1
6025 8779 22
6025 9687 1
6041 9762 1
6041 9062 1
6047 9527 5
6055 9929 1
6079 9028 1
6085 9963 1
6097 9359 1
6097 9429 2
6107 9188 1
6107 9466 1
6107 9833 1
6112 9180 6
6112 9349 1
6112 9468 3
6125 9951 1
6125 9098 1
6126 8969 1
6126 9103 1
6126 9320 1
6126 9576 2
6127 9377 20
6127 9100 2
6136 9824 8
6138 9426 1
6140 9591 3
6140 9278 2
6140 8577 1
6140 8756 1
6140 9709 1
6140 9998 1
6144 9940 1
6144 9277 1
6144 9390 4
6146 8907 1
6146 9045 1
6146 9944 1
6183 8712 1
6183 9351 1
6189 9864 1
6189 8650 1
6189 9079 6
6189 9294 3
6192 9824 2
6192 9019 2
6192 9082 1
6192 9380 1
6192 9363 3
6192 9831 2
6194 9215 1
6194 9428 1
6194 9742 5
6194 8781 1
6194 8930 1
6194 9790 4
6200 9403 46
6200 9006 13
6200 9434 1
6226 8896 1
6226 9784 1
6226 8819 1
6226 9887 1
6226 9939 3
6234 8976 1
6234 9199 2
6237 9199 1
6237 9424 4
6237 9216 5
6237 9900 2
6237 9408 5
6250 9889 1
6250 8754 1
6250 9458 7
6250 9583 1
6266 8705 1
6266 9833 3
6301 9371 1
6301 9117 1
6307 8978 1
6307 9839 2
6307 9013 1
6307 8644 1
6318 9534 1
6318 9922 1
6318 8803 4
6318 9277 1
6318 9643 3
6318 8850 1
6322 8719 1
6322 8674 11
6322 8907 6
6322 9529 2
6334 9520 1
6334 9147 2
6334 9142 1
6334 9247 3
6334 9813 2
6334 9760 1
6351 8581 3
6351 8728 2
6351 9945 1
6357 8998 1
6357 9853 2
6357 9940 13
6357 9943 14
6357 8609 1
6357 9550 1
6369 8887 7
6369 9528 1
6371 9769 2
6371 9076 54
6371 9006 151
6371 8659 1
6371 9323 1
6375 8843 1
6375 9118 1
6377 9725 1
6377 9443 1
6385 9177 1
6399 9427 1
6399 8809 2
6399 9732 1
6399 8875 3
6399 9555 2
6399 9236 2
6399 9447 2
6408 9223 3
6408 8679 5
6408 8717 1
6408 8729 1
6408 9602 1
6416 8738 18
6416 8874 2
6416 8670 1
6418 9549 2
6418 9407 1
6423 8600 3
6423 8809 1
6423 9185 1
6423 9788 2
6430 9049 1
6430 9263 5
6436 8682 1
6436 8632 1
6436 9578 4
6436 9479 1
6446 9825 2
6446 8771 1
6446 9490 1
6446 9310 1
6446 9568 1
6446 9003 1
6446 9284 2
6446 9944 2
6448 9209 1
6448 9770 3
6448 9793 1
6448 9895 1
6453 8679 1
6453 8885 1
6453 9084 1
6461 9882 1
6461 8632 1
6461 8672 1
6461 8974 4
6461 9911 1
6478 9409 1
6500 9680 1
6500 8751 1
6504 9177 1
6504 9690 1
6504 8897 1
6510 8632 12
6510 9156 2
6510 9731 1
6510 8702 2
6510 9700 11
6510 9810 1
6510 8873 1
6510 8791 1
6540 9428 19
6540 8930 1
6540 9178 7
6540 9440 1
6555 8869 1
6555 8880 2
6555 9180 1
6569 8883 2
6569 8679 8
6569 8693 1
6569 8949 1
6573 9196 1
6573 9720 3
6573 9980 1
6577 8734 1
6577 9217 35
6577 9268 5
6577 9551 1
6577 9834 1
6598 9542 1
6598 8959 1
6598 9390 200
6598 9464 1
6612 9295 3
6612 8882 20
6612 9356 1
6621 9355 2
6621 9353 1
6625 8646 2
6625 8592 31
6625 9350 1
6635 9737 1
6635 8996 1
6635 9223 1
6635 9591 1
6635 9530 1
6635 9687 1
6635 9827 1
6636 8600 5
6636 9434 1
6636 9604 1
6636 9346 1
6636 9768 1
6636 9171 13
6639 9741 1
6639 8776 1
6642 8616 2
6642 8697 1
6695 8876 1
6695 9344 1
6695 9668 1
6701 9079 1
6701 9471 2
6701 8999 1
6701 8931 3
6705 8920 1
6705 9474 3
6705 9896 1
6713 8728 1
6713 9703 1
6713 8960 1
6713 9015 1
6725 9333 1
6735 9779 1
6735 8780 1
6735 9066 8
6738 8987 2
6738 8610 1
6738 9654 65
6750 9759 1
6750 8661 1
6750 8745 5
6780 9311 1
6780 9995 1
6780 8838 1
6780 9305 1
6780 9738 1
6795 9448 1
6795 9834 1
6795 8952 1
6795 9089 1
6801 9815 1
6801 8983 4
6801 9277 1
6801 9515 2
6807 9226 3
6807 8778 1
6807 8878 1
6807 9331 1
6807 8626 23
6807 9914 1
6807 9845 1
6814 9927 1
6814 9214 2
6827 9217 34
6827 8624 2
6827 9657 1
6827 9398 3
6827 9729 2
6827 8923 2
6827 9309 3
6827 9711 3
6849 8795 1
6863 9548 1
6863 9106 1
6863 8720 5
6863 9616 13
6871 9403 1
6871 9396 1
6871 8755 1
6871 9575 1
6871 8899 6
6871 9440 1
6871 9246 6
6871 9548 2
6871 9883 1
6871 9846 1
6893 9769 1
6895 8991 2
6895 9160 3
6895 8921 3
6897 9418 21
6897 8766 2
6897 9805 1
6926 8745 1
6926 9845 1
6926 8578 1
6926 8793 1
6931 9059 1
6931 9427 1
6933 9180 1
6933 9604 1
6933 8701 4
6933 8784 1
6933 9201 1
6933 9235 1
6938 9490 1
6938 9674 1
6947 8720 4
6947 9194 1
6947 9245 1
6947 9424 1
6947 9574 4
6951 9926 1
6951 9948 1
6951 8577 1
6951 8779 1
6951 8868 7
6951 9222 2
6952 9017 1
6952 8965 1
6952 9005 1
6969 9974 15
6969 9799 1
6972 9342 1
6972 8576 1
6972 8693 2
6972 8816 1
6972 9637 1
6993 9743 2
6993 9458 1
6998 9602 1
6998 8787 1
6998 9689 1
7025 8649 3
7025 9300 2
7030 9750 1
7030 8784 1
7030 9522 2
7030 9936 1
7046 9484 13
7046 9864 1
7046 9861 2
7046 9073 1
7052 8780 1
7052 9327 2
7052 9204 16
7054 9797 2
7054 9846 2
7054 9067 3
7075 8939 2
7075 9077 1
7075 9666 1
7075 8670 1
7075 9213 2
7077 9459 2
7078 9226 3
7078 9107 4
7078 9300 3
7078 9599 2
7078 9659 4
7078 9810 1
7102 9202 16
7102 9015 7
7102 8991 1
7102 9839 1
7104 9764 2
7104 8826 1
7104 8895 1
7104 9284 1
7117 9764 1
7117 8705 4
7117 9798 12
7117 8796 3
7117 9246 1
7117 8968 1
7117 9368 1
7118 9385 1
7118 9950 2
7120 9745 3
7138 9390 2
7138 8971 1
7144 9007 1
7148 9827 4
7148 9526 8
7157 8703 3
7157 9151 1
7157 9507 1
7157 8717 1
7157 8875 11
7157 9736 2
7173 9932 1
7173 9473 1
7173 9745 3
7173 9999 1
7179 9261 1
7179 9362 1
7181 9218 1
7183 9711 6
7183 9942 1
7183 8870 2
7183 9532 1
7183 9652 1
7183 9392 6
7183 9724 95
7183 9742 8
7188 9644 1
7188 8668 2
7188 8910 4
7191 9278 1
7191 8625 1
7191 9056 2
7191 9825 3
7204 9067 4
7204 9361 1
7204 9879 14
7204 9646 1
7213 9263 1
7213 9661 2
7235 9223 1
7235 9519 1
7235 8953 1
7256 9054 1
7256 9203 3
7270 9218 1
7270 9918 1
7270 9019 1
7270 9404 1
7282 9132 6
7282 9691 1
7282 8960 1
7282 8593 1
7282 9757 1
7290 9280 1
7290 9643 1
7290 9621 2
7290 9973 3
7303 9266 1
7303 8870 1
7303 9843 1
7303 8799 1
7303 9076 1
7303 9204 2
7309 9030 1
7309 9920 3
7334 8940 6
7334 9493 1
7334 9687 2
7339 8985 1
7339 8781 1
7344 8683 1
7344 9324 19
7344 8883 3
7344 9926 1
7363 8684 1
7363 8769 40
7363 9901 1
7374 8891 1
7379 9487 1
7379 9342 1
7379 8795 1
7379 9073 1
7379 9473 6
7390 9574 1
7390 9986 1
7390 9941 1
7390 9330 1
7390 9756 2
7414 9426 6
7425 8960 2
7425 9767 1
7425 8989 2
7433 9222 5
7433 9550 1
7433 9728 1
7433 8827 1
7433 9152 1
7433 9160 8
7433 9333 5
7439 9613 3
7439 9644 2
7439 8620 5
7439 8979 1
7439 9459 1
7439 9542 11
7444 9194 3
7454 9210 1
7454 9380 1
7454 9722 1
7466 9301 2
7466 9807 1
7466 9777 6
7466 9029 1
7466 9648 7
7466 8797 2
7466 8639 2
7466 8778 1
7466 9367 1
7466 9769 1
7469 9538 1
7469 8678 2
7469 9600 3
7472 9552 1
7472 9677 2
7472 9706 2
7479 9533 1
7521 8845 1
7521 8706 17
7521 8715 1
7522 9299 1
7522 8797 2
7522 9278 1
7522 9293 1
7537 9779 18
7537 8958 1
7561 8854 1
7561 9130 150
7561 9136 1
7561 9401 1
7563 9085 1
7563 9846 1
7563 9618 4
7563 8907 1
7566 9597 3
7566 9051 3
7566 8998 1
7566 9247 1
7570 9765 1
7570 9131 1
7570 9889 1
7590 9359 2
7591 9388 2
7591 9596 2
7591 8995 2
7591 9302 1
7591 9855 8
7601 9319 1
7601 8746 1
7601 8765 1
7604 9661 1
7604 9119 1
7604 9644 1
7604 9262 1
7604 9618 1
7604 9977 3
7604 9008 2
7604 9437 1
7612 9073 1
7612 8734 2
7612 9949 5
7612 9083 5
7612 9280 1
7630 9534 1
7630 8918 8
7630 8968 1
7636 8652 1
7636 9791 1
7674 8678 1
7674 8928 51
7706 9541 10
7706 8997 1
7722 8799 22
7722 8822 3
7722 9107 2
7722 9488 1
7722 9874 1
7734 9051 2
7734 8662 1
7734 9840 1
7734 8664 35
7734 9636 5
7765 9034 1
7765 9523 2
7765 9137 2
7767 8907 4
7767 8728 8
7767 9202 1
7780 9636 6
7780 9149 1
7780 9633 1
7780 8867 1
7780 9791 6
7780 9892 1
7796 9623 1
7796 9849 1
7796 9988 3
7796 8616 1
7796 9666 1
7798 8670 1
7798 8924 1
7798 8641 7
7798 8817 1
7798 9218 1
7798 9374 1
7798 9173 1
7798 9569 2
7805 8963 1
7805 9231 1
7805 9164 6
7805 9253 1
7805 9668 15
7815 9803 1
7815 8814 1
7815 9348 1
7815 9623 1
7815 9764 1
7822 9883 1
7822 9509 1
7834 9171 1
7834 9886 1
7834 9149 4
7834 9709 1
7834 8824 1
7834 9396 1
7834 9238 179
7834 8613 7
7834 9096 4
7834 8609 1
7834 9418 2
7834 8924 1
7844 9738 2
7844 9974 2
7853 8795 1
7853 9619 1
7853 8580 2
7853 8748 2
7864 8617 1
7864 9632 44
7864 8633 1
7864 9217 1
7864 9588 1
7864 8584 1
7864 9172 2
7886 8635 8
7886 9840 1
7895 9519 1
7895 9121 1
7919 9157 1
7919 9709 1
7919 9005 1
7919 9122 1
7919 9274 1
7940 8998 7
7940 9065 2
7940 8985 1
7940 8642 2
7940 9034 1
7969 9093 2
7969 8681 1
7969 9658 6
7976 9374 1
7999 9993 1
7999 9219 2
7999 9501 1
7999 9825 2
7999 8585 1
7999 9357 1
7999 9653 1
7999 9738 6
7999 9176 5
7999 9906 1
8003 8624 1
8003 9163 5
8003 9554 1
8055 9495 2
8055 9310 12
8066 9319 2
8066 9862 4
8066 9892 1
8098 9351 1
8098 9123 1
8098 9845 13
8098 8939 1
8132 9000 1
8132 8610 1
8132 9741 1
8135 9443 1
8135 9630 2
8135 9880 1
8135 9311 2
8135 9358 1
8135 9646 1
8135 9788 1
8140 9887 3
8140 9733 1
8140 9784 1
8140 9916 1
8143 9158 3
8158 9459 1
8158 9194 10
8177 9674 1
8177 9828 2
8177 8774 1
8215 9135 1
8215 9227 7
8215 8800 1
8217 9016 2
8217 9773 1
8217 9768 2
8217 9504 2
8217 9777 1
8217 8698 4
8217 9897 1
8227 9479 1
8227 9904 6
8231 8765 1
8231 9396 10
8238 9082 2
8238 8647 1
8238 9624 4
8238 9393 4
8238 9461 1
8247 9086 1
8247 9724 1
8247 9364 1
8258 9730 1
8258 9759 9
8266 9654 1
8266 9167 1
8266 9718 1
8266 9973 1
8266 8682 8
8266 9750 1
8266 9914 1
8271 9980 2
8271 8731 2
8271 8798 5
8274 8779 1
8274 9181 3
8274 9236 2
8280 9831 1
8280 9114 3
8280 8687 1
8287 9189 2
8287 8817 1
8287 9486 4
8287 9810 1
8289 8838 1
8299 9784 2
8299 9036 1
8299 9937 2
8299 9767 1
8299 9372 1
8300 9112 1
8303 9543 1
8303 9119 1
8303 9271 1
8303 9874 4
8303 9303 13
8303 8600 1
8303 9326 3
8303 9604 3
8307 8913 1
8307 8641 1
8308 9169 1
8308 9130 1
8334 8866 1
8334 9519 1
8334 8791 2
8334 9052 5
8334 9451 11
8334 9747 2
8334 9984 1
8334 9395 11
8338 9600 1
8338 8590 1
8338 8848 1
8338 9659 5
8338 9005 1
8338 9237 1
8349 9801 1
8349 9450 3
8352 9023 1
8352 9243 1
8352 9683 1
8367 9825 91
8367 9857 4
8369 8625 2
8369 9083 2
8369 9310 2
8369 9880 1
8398 9902 45
8398 9542 2
8398 9004 1
8402 9864 6
8402 9354 1
8402 8652 1
8407 8816 1
8407 8963 1
8407 9991 13
8410 9713 2
8410 8636 1
8410 8712 2
8410 8934 11
8428 8857 2
8428 9889 1
8428 8768 4
8428 9038 1
8428 9883 1
8431 8954 2
8431 8620 1
8450 8607 1
8450 9115 1
8450 9424 5
8456 9036 1
8456 9373 1
8469 9237 1
8469 9338 1
8469 9691 2
8469 8611 2
8469 9618 1
8481 9830 1
8481 8806 2
8497 9508 1
8497 8585 3
8497 8994 1
8497 9682 1
8497 9809 2
8515 9146 1
8515 8815 3
8516 8945 1
8516 8802 1
8516 8817 2
8516 9599 2
8516 9784 1
8516 9837 1
8528 9768 2
8528 9331 1
8528 9548 3
8528 9248 1
8528 9635 1
8569 9388 1
8569 9054 1
8569 9559 1
8572 9545 2
8572 8846 2
8575 9954 2
8576 8863 1
8579 8957 12
8582 9972 11
8584 9190 58
8586 8615 5
8586 9875 2
8586 9257 5
8586 8729 1
8587 9860 2
8587 9130 2
8588 9450 1
8588 9479 3
8588 8847 99
8588 9690 1
8589 9352 4
8589 9371 2
8589 8688 1
8589 8981 1
8589 9012 3
8589 9937 2
8589 9620 8
8590 9449 1
8592 8858 1
8592 8936 1
8593 8737 2
8594 8738 1
8594 8788 1
8594 9406 2
8596 9995 5
8596 8693 1
8596 9235 46
8596 9481 1
8597 8991 1
8597 9889 1
8597 9114 1
8597 9267 2
8597 9835 1
8597 8622 1
8597 9150 1
8598 8656 9
8598 9999 1
8598 9018 1
8598 9358 1
8599 8726 1
8601 9067 1
8601 9174 12
8601 8887 1
8601 9006 1
8601 8603 1
8601 9826 1
8602 9283 1
8604 8837 1
8605 8935 4
8605 8624 4
8605 9926 1
8605 9148 1
8606 8709 5
8608 8983 1
8608 9364 5
8608 9880 3
8608 8954 41
8608 9608 2
8610 8759 2
8612 8722 196
8613 8938 1
8614 9006 1
8614 8867 1
8614 9044 3
8614 9167 1
8614 9295 1
8615 9539 1
8616 9446 1
8619 9528 1
8619 9441 3
8621 9680 1
8621 8688 1
8621 9178 4
8621 9540 1
8622 8909 1
8628 9856 1
8629 9457 1
8629 9001 1
8629 8860 1
8630 9384 3
8630 9423 3
8630 8792 1
8632 8692 1
8634 8698 1
8634 9643 1
8636 9838 47
8637 9534 10
8637 9030 11
8637 9751 1
8638 8697 13
8638 9948 4
8638 9047 3
8640 8967 2
8640 9050 4
8640 9541 1
8640 9122 1
8640 8974 3
8640 9899 1
8642 8714 1
8642 9431 1
8643 8774 1
8643 8915 1
8643 8727 1
8645 8934 1
8645 9429 2
8646 8947 12
8646 8864 1
8648 9786 1
8648 9132 1
8648 9372 3
8648 9515 1
8648 9975 2
8648 9037 1
8648 9243 1
8648 9504 2
8649 8903 6
8651 9255 1
8651 9400 1
8651 9538 1
8651 9682 1
8651 9783 1
8651 9619 3
8651 9984 1
8653 9694 1
8654 9172 1
8654 9084 1
8654 9369 3
8655 9090 2
8655 9701 1
8655 9855 4
8655 8945 5
8655 9940 1
8657 8953 3
8657 9776 7
8657 8913 1
8658 8919 1
8661 8861 1
8663 9255 33
8664 8980 102
8664 8919 6
8666 9782 1
8666 9896 7
8668 8752 4
8669 9741 1
8669 9565 1
8669 9700 1
8669 9797 2
8669 9472 1
8670 9070 4
8671 8838 1
8672 8872 3
8672 8889 1
8672 8732 1
8673 8684 1
8673 8779 1
8673 9527 1
8673 9988 1
8675 9450 4
8675 9315 1
8679 9679 1
8680 9391 22
8680 9634 1
8684 9027 1
8685 9017 1
8686 9430 2
8686 9463 1
8686 9762 2
8687 9802 1
8689 8820 1
8690 9342 4
8691 9141 1
8691 8982 1
8691 9905 8
8694 9100 1
8694 9166 2
8694 8780 2
8694 8753 40
8695 9315 1
8695 9737 9
8695 8897 1
8695 9164 3
8696 9246 2
8696 9945 1
8696 9041 1
8699 9807 2
8699 9221 3
8699 8811 1
8699 9208 1
8699 9586 1
8700 8751 1
8700 8755 1
8704 9211 12
8709 8724 3
8709 8876 3
8709 8748 2
8709 9465 4
8710 8732 1
8710 8786 1
8710 8903 1
8711 9506 1
8714 9291 3
8714 8842 1
8714 9336 1
8714 8868 1
8716 8905 1
8718 9828 1
8718 9188 1
8718 9821 1
8718 9293 5
8718 9655 1
8719 8737 1
8720 8872 1
8721 9035 2
8721 9563 1
8721 8823 1
8721 9220 1
8722 9525 18
8723 9803 1
8723 8853 43
8724 8794 2
8725 9805 1
8725 9641 1
8725 8894 1
8725 9948 1
8725 9016 1
8726 9150 2
8726 9706 4
8726 9008 4
8726 9016 1
8726 9108 2
8730 9091 2
8730 9168 1
8730 9850 1
8731 8948 1
8731 8893 1
8732 8873 2
8732 9354 1
8733 8825 1
8733 8882 2
8735 9650 3
8735 8742 4
8735 9072 36
8735 9735 5
8735 9012 1
8736 9846 1
8736 9814 2
8737 9132 3
8737 9647 1
8737 9472 16
8737 9600 1
8737 9274 1
8737 8785 1
8739 9233 1
8740 9830 1
8740 8940 2
8743 9861 1
8743 8971 2
8743 9313 6
8743 9131 2
8743 9420 1
8744 8868 1
8744 9142 2
8744 9410 1
8744 8829 1
8744 8856 1
8746 8864 1
8747 9352 1
8747 8824 3
8752 9433 1
8752 9358 2
8752 9959 3
8752 8811 2
8752 9077 2
8752 8804 1
8752 9991 3
8752 8955 3
8752 9622 2
8753 8912 1
8757 9617 1
8757 9368 1
8757 8998 2
8758 9990 1
8758 9317 1
8760 8994 1
8760 9395 2
8761 9295 9
8761 9195 1
8763 9066 1
8764 9265 1
8764 9379 1
8767 9865 1
8767 9801 3
8767 9876 1
8770 9331 9
8770 8830 7
8772 9336 1
8772 9164 2
8772 9369 2
8774 8808 1
8775 9265 1
8775 8905 1
8775 8943 1
8783 9386 1
8783 9027 2
8786 9662 1
8788 8858 1
8789 9258 1
8790 8912 3
8792 8829 2
8792 8857 7
8792 9222 1
8794 9223 1
8794 8862 1
8794 9930 2
8794 9354 1
8794 8836 6
8797 9265 8
8798 9838 1
8806 8938 1
8807 9520 5
8808 8892 1
8808 9478 5
8808 8999 1
8808 9843 1
8810 9841 29
8810 9305 1
8810 9372 6
8813 8909 1
8818 9316 1
8818 9069 1
8820 9984 2
8820 9072 1
8820 9734 3
8820 8836 4
8820 9125 1
8820 9790 16
8820 9043 1
8820 9978 1
8820 9568 1
8821 9514 3
8821 9040 2
8821 9327 1
8821 9349 1
8821 9770 4
8825 8858 1
8832 9596 6
8835 9515 3
8835 9540 1
8837 9529 1
8840 9859 1
8842 8972 2
8842 8919 20
8844 8855 1
8846 9719 4
8850 9449 1
8851 9133 2
8851 9613 1
8851 9387 1
8851 9484 1
8852 9696 1
8852 9097 1
8853 9022 2
8854 9503 1
8855 9202 1
8855 9487 1
8855 9080 24
8855 9702 5
8855 9943 2
8857 9414 1
8858 9962 1
8858 9126 1
8858 9154 3
8858 9737 1
8859 8876 1
8861 9033 6
8861 9755 1
8861 9013 2
8861 9137 2
8861 9870 1
8863 9878 5
8863 9100 1
8863 9254 22
8863 9484 22
8863 8965 1
8864 9878 2
8864 9925 1
8865 9645 12
8865 9276 2
8868 9317 1
8869 9211 1
8871 9128 10
8871 9426 28
8872 9542 1
8872 9526 1
8872 9141 1
8872 8915 1
8872 9156 1
8872 9727 3
8872 9910 1
8875 9838 2
8879 9837 1
8879 9210 13
8879 9328 1
8881 9220 5
8881 9822 4
8882 8972 1
8886 9017 1
8886 9093 1
8886 9420 2
8886 9856 7
8886 9175 4
8886 9965 1
8888 9196 1
8888 9807 3
8889 9209 1
8889 9623 1
8889 8988 1
8889 9451 1
8889 9511 1
8890 9334 1
8890 9210 1
8890 9224 8
8890 9353 1
8890 9923 1
8892 9384 8
8893 9578 3
8895 9233 1
8896 9449 1
8897 9010 3
8900 9485 1
8901 9805 1
8902 9100 1
8902 9474 1
8902 9347 1
8902 9177 1
8903 9685 5
8904 9046 1
8905 9976 1
8905 9803 1
8906 9994 3
8906 9867 1
8907 9389 2
8908 9031 64
8909 9901 176
8909 9237 1
8909 9293 1
8909 9916 1
8909 9000 1
8911 9461 1
8911 9624 1
8911 9569 2
8911 9127 3
8912 9466 138
8912 9699 1
8912 9033 1
8912 9662 1
8914 9676 1
8914 9049 1
8914 9189 1
8914 9533 1
8916 9007 2
8916 9440 1
8916 8981 1
8916 9938 2
8916 9334 2
8917 9750 3
8917 9814 2
8917 9900 1
8917 9826 1
8919 9037 2
8919 9215 1
8919 9792 1
8921 9384 1
8923 8941 8
8924 9190 1
8925 9329 4
8925 9079 1
8925 9702 2
8926 8962 1
8926 9299 2
8926 9313 1
8926 9120 4
8927 8928 2
8927 9046 1
8927 9390 1
8927 9642 1
8929 9905 1
8929 9155 2
8929 9385 1
8929 9409 1
8929 9557 2
8929 9219 1
8929 8964 1
8929 9123 4
8929 9601 4
8929 9877 1
8932 9193 4
8932 9328 9
8932 9545 1
8932 9188 1
8935 9539 1
8936 9930 1
8936 9272 2
8936 8958 2
8936 9607 4
8936 9591 1
8936 9734 1
8938 9458 14
8938 9104 3
8938 9099 7
8938 9326 4
8941 9135 1
8941 9193 1
8943 9993 1
8943 9173 7
8943 9180 3
8943 9023 3
8943 9537 1
8943 9694 1
8943 9844 1
8944 9605 1
8947 9004 2
8947 9411 1
8947 9203 4
8947 9601 1
8947 9436 1
8948 9713 1
8948 9052 3
8948 9586 1
8948 9104 1
8948 9620 1
8948 9248 1
8948 9575 1
8948 9731 2
8950 9062 3
8956 8957 1
8957 9049 1
8957 9006 1
8959 9628 4
8961 9812 11
8961 9891 2
8971 9838 2
8972 9820 3
8972 9017 4
8980 9179 1
8980 9128 1
8981 9211 5
8996 9506 5
9007 9010 1
9008 9539 1
9010 9849 2
9010 9348 1
9010 9367 75
9010 9989 2
9015 9022 5
9021 9414 1
9022 9734 5
9022 9895 2
9022 9208 12
9022 9534 2
9028 9288 1
9029 9425 1
9029 9113 1
9031 9876 1
9031 9085 1
9031 9234 1
9031 9673 3
9032 9913 2
9039 9605 47
9042 9386 2
9051 9913 2
9062 9838 4
9070 9356 1
9070 9917 1
9071 9337 2
9073 9283 5
9078 9579 1
9082 9539 1
9101 9379 5
9108 9802 1
9113 9941 1
9113 9629 1
9113 9371 2
9113 9927 1
9113 9707 3
9127 9497 1
9138 9791 1
9138 9680 1
9142 9265 1
9143 9389 1
9143 9287 2
9150 9612 4
9151 9288 2
9170 9244 1
9173 9211 1
9183 9506 1
9198 9465 1
9205 9913 1
9206 9460 3
9208 9881 1
9211 9343 2
9211 9301 2
9224 9990 1
9228 9913 3
9238 9859 4
9242 9924 1
9244 9673 4
9244 9416 11
9249 9567 1
9250 9881 1
9256 9446 1
9259 9275 1
9265 9357 1
9265 9810 22
9265 9714 13
9265 9850 2
9271 9954 3
9274 9317 2
9283 9658 2
9283 9779 1
9287 9598 1
9288 9824 1
9294 9913 2
9311 9386 1
9315 9497 1
9317 9834 1
9317 9443 1
9317 9728 2
9317 9412 2
9332 9764 1
9364 9449 1
9370 9449 17
9374 9431 1
9375 9638 4
9378 9395 1
9379 9887 1
9379 9417 2
9379 9725 1
9379 9844 5
9384 9731 1
9388 9990 1
9389 9689 1
9403 9612 2
9423 9771 4
9423 9941 1
9427 9503 1
9431 9897 1
9434 9579 1
9449 9647 1
9449 9665 1
9485 9986 5
9485 9536 3
9485 9711 4
9485 9501 1
9485 9860 1
9497 9694 61
9497 9675 8
9503 9657 11
9503 9871 3
9506 9961 1
9506 9963 1
9507 9890 1
9512 9802 1
9513 9539 1
9521 9796 1
9539 9902 1
9562 9979 1
9567 9720 11
9567 9645 22
9579 9698 2
9597 9705 3
9605 9760 1
9621 9913 1
9625 9697 1
9628 9845 3
9628 9962 1
9628 9745 1
9642 9838 1
9648 9679 1
9665 9997 1
9694 9954 1
9705 9713 1
9730 9913 2
9744 9953 1
9749 9881 1
9787 9875 2
9788 9838 1
9790 9859 2
9794 9954 1
9797 9838 7
9827 9881 1
9838 9962 1
9859 9863 10
9881 9910 2
9886 9997 2
9933 9934 5
