0 9320 9
0 9152 13
0 8934 2
0 9091 14
0 9322 2
1 9744 2
1 9670 4
1 8623 1
1 8654 1
1 9205 1
1 9320 3
7 9203 1
7 9937 1
10 9778 3
10 9080 1
10 9380 1
10 9563 1
10 9633 1
35 9960 1
35 9460 2
35 9379 124
100 8781 1
100 8688 1
101 9542 1
101 8876 1
105 8943 2
105 8630 2
105 8864 2
105 9142 1
105 9186 1
105 9995 2
115 9547 1
115 9717 2
115 9192 3
124 9159 164
124 9256 2
124 8588 1
124 8984 1
124 8998 1
124 9324 1
125 9628 2
125 8772 2
125 9195 1
125 9874 1
138 9814 1
138 8847 1
138 9742 2
138 9451 11
152 8742 1
152 9763 1
152 8576 1
152 9007 99
152 9362 1
170 9288 1
170 9365 2
170 9245 5
184 9116 1
184 8733 1
184 8798 1
184 9842 2
189 9572 1
189 8952 1
189 9729 1
203 8808 13
203 9545 2
203 9826 1
212 9139 200
212 9297 4
224 9582 1
224 9165 1
237 9076 1
237 8534 30
237 8955 1
242 9892 4
242 9240 1
253 9742 1
253 9262 2
270 9170 3
270 9521 11
270 9442 6
270 9516 1
270 9419 48
270 9226 11
270 9299 1
296 8938 1
298 9154 1
298 9298 1
298 8795 2
298 8853 3
319 9733 1
326 8666 3
326 9880 1
326 9395 3
336 8869 1
336 9522 1
336 9325 1
336 8874 1
336 9495 1
336 9842 1
336 8827 1
336 8845 1
336 9580 1
336 9693 1
336 8688 1
336 9606 1
341 8839 1
341 9577 5
341 8870 1
341 9396 2
359 9817 1
360 9935 1
360 9192 3
360 9534 1
360 8601 8
360 9487 1
360 8737 27
394 9088 1
394 8804 2
394 8792 1
394 9008 1
394 9960 1
417 9909 1
417 8925 4
417 8962 1
417 9379 1
424 8857 1
424 9143 1
424 9874 1
424 9289 3
424 9318 2
424 9496 1
424 9530 24
424 9657 1
424 9532 1
424 9846 5
446 8758 1
449 8697 1
449 8913 3
449 9574 1
449 9006 2
449 8812 1
449 8952 1
449 9417 1
449 9475 2
449 8991 1
450 9746 5
450 9031 2
450 9280 2
450 8795 4
450 9141 2
450 9839 2
450 9368 1
469 8775 2
469 8754 1
469 8828 1
469 9508 7
478 8536 1
478 8913 1
478 9970 1
478 9527 1
478 9870 1
478 9991 10
521 9403 1
521 9626 5
521 9929 1
539 9446 1
539 8772 1
539 8812 1
539 9553 27
542 9246 1
542 9015 1
542 9321 1
542 9376 1
542 9743 3
547 9299 5
547 9526 1
547 8718 3
557 9153 1
557 9613 1
569 8926 3
569 9875 1
569 9049 1
569 9830 1
569 9660 2
586 8674 3
586 9876 1
586 8861 2
586 9591 7
594 9501 1
601 9945 1
601 9259 1
601 8649 2
601 9027 2
601 9086 1
601 9049 2
607 9682 3
607 8531 1
617 8734 1
617 8622 1
617 8653 1
617 9889 1
617 8903 9
618 9112 2
618 8965 1
618 9614 1
618 9800 1
620 8961 1
678 9605 3
678 8531 1
678 8616 2
678 8987 1
678 9467 1
678 9023 2
693 9268 1
693 8647 3
703 9210 3
705 9925 1
705 9196 2
705 9730 1
706 9296 1
706 9369 1
715 9033 2
715 8890 13
717 9732 5
717 9554 1
717 9837 13
744 9139 6
744 8699 13
744 9120 1
744 9872 1
744 9230 1
752 8791 1
752 9920 1
752 9345 2
752 9563 1
752 9925 16
752 9931 1
752 9201 12
752 9311 21
755 8630 5
755 9351 5
755 9617 1
761 9652 2
761 8674 1
767 8535 2
767 9934 3
770 7487 1
770 9041 1
770 9559 1
770 9595 1
770 9715 2
770 9771 2
777 9662 1
777 8587 1
777 8691 2
777 9653 1
792 9880 12
792 9773 5
792 8584 1
792 8763 1
792 9939 1
792 8745 1
792 8622 3
796 9985 2
796 9393 1
796 9627 1
796 9934 1
796 9226 3
796 9708 1
826 9087 2
826 9647 1
826 9813 1
826 9117 1
826 9507 34
826 9068 1
830 8819 1
830 9034 1
830 9086 1
830 9528 1
830 9627 1
830 8807 1
830 9987 1
830 9337 1
832 8757 1
832 8811 1
835 8571 2
857 9711 1
857 8830 7
857 9597 1
857 9984 3
857 9225 51
858 8802 2
858 9863 9
858 8942 2
858 9883 1
868 9111 1
868 9978 1
868 8562 1
868 9318 21
868 9253 1
873 9457 3
873 8992 3
873 9801 2
873 8704 1
895 9364 1
902 9532 7
902 9889 1
902 9351 1
906 9352 1
919 9975 1
919 9856 1
919 9406 2
919 9334 1
919 9836 2
919 9840 1
919 8926 2
919 8951 1
937 9837 3
937 9194 1
939 9651 1
939 8578 2
939 9424 1
939 9721 2
939 9919 2
940 9598 2
940 9809 1
963 9882 1
963 8537 1
963 8583 1
963 9161 7
968 8980 1
977 9570 2
977 8724 1
977 9867 2
977 8549 1
977 8774 2
977 9366 1
977 9985 2
977 9645 1
1003 9284 1
1022 9889 1
1038 9359 1
1038 8643 11
1038 9909 8
1038 9507 1
1039 9325 1
1046 9511 1
1046 9042 4
1046 9079 1
1046 9269 1
1047 9907 2
1049 9184 2
1049 8819 1
1049 9944 1
1056 9870 1
1056 8732 1
1056 9756 3
1068 9878 3
1084 8628 3
1084 9286 1
1110 9288 1
1110 9006 98
1110 9513 1
1110 9951 1
1139 8780 2
1139 8891 15
1139 9255 1
1139 9595 4
1139 9903 23
1143 9024 1
1146 9356 3
1146 8737 1
1146 8963 1
1146 9214 16
1146 9742 1
1146 9826 1
1155 9293 4
1155 9801 1
1155 9753 1
1155 9802 1
1155 9698 1
1176 8537 1
1176 9091 1
1176 9814 1
1176 9856 1
1176 9540 1
1176 9041 2
1176 9146 1
1176 9418 1
1182 9995 1
1182 9064 5
1182 9116 4
1182 9208 1
1219 9105 2
1223 9494 3
1223 9518 1
1223 8754 1
1223 8820 1
1223 9421 2
1253 9665 2
1253 9353 2
1253 9643 1
1277 9062 13
1277 8722 1
1277 9848 13
1277 9161 6
1277 9599 1
1277 9104 4
1277 8913 4
1277 8537 1
1277 8693 1
1290 9614 1
1290 8735 1
1290 9258 1
1290 8608 5
1290 8972 1
1290 9407 1
1296 9409 1
1296 9153 1
1296 9753 1
1296 8676 2
1296 9657 4
1315 9359 5
1315 9039 1
1315 9019 1
1317 8642 2
1317 9985 1
1326 9549 1
1326 8539 1
1326 9179 3
1349 9483 1
1349 9171 1
1349 8777 2
1349 9458 1
1349 9572 2
1349 9672 2
1391 9874 1
1391 8641 1
1391 8978 1
1391 9585 1
1409 8611 2
1409 9812 15
1409 8968 1
1421 9237 1
1421 9651 1
1421 8829 1
1440 9240 1
1440 9080 1
1483 9186 1
1483 9263 27
1483 8599 1
1483 9150 1
1483 8860 1
1483 9691 1
1503 9281 1
1503 8808 1
1503 9039 1
1503 9454 1
1503 9948 1
1504 9701 1
1504 8548 1
1504 8696 3
1504 9365 4
1504 9938 1
1504 9958 1
1504 9496 2
1507 9409 4
1507 9543 3
1507 8808 2
1507 9299 13
1507 8979 10
1507 9171 1
1507 9268 6
1532 9641 1
1532 9041 8
1532 8625 1
1532 9612 1
1532 9659 10
1535 8675 3
1535 8883 18
1535 9154 17
1535 8785 1
1535 8827 9
1535 8918 1
1535 9088 2
1535 9083 1
1535 9438 1
1535 8561 1
1535 9419 1
1535 9936 1
1535 9020 2
1535 9282 1
1552 9435 7
1559 9764 1
1559 9397 1
1559 8853 1
1559 9096 3
1559 9698 1
1559 9207 1
1559 9907 1
1559 8611 2
1559 8714 1
1559 9149 2
1566 9046 3
1566 9011 4
1566 9828 1
1566 8861 17
1566 9225 9
1566 9521 1
1566 9377 2
1566 9709 2
1567 9685 1
1572 9707 1
1572 8540 2
1572 9270 1
1572 9415 2
1572 9915 1
1576 9836 6
1576 9988 1
1576 8587 1
1576 9489 3
1584 9443 48
1584 8643 1
1584 8834 1
1606 8890 18
1606 9341 4
1607 9935 6
1607 9938 37
1620 8729 1
1620 8988 1
1620 9743 1
1620 9676 5
1620 9980 9
1620 8623 2
1620 9663 1
1625 9921 3
1625 9216 1
1625 9508 1
1627 8614 200
1627 9823 1
1627 9691 1
1627 8737 1
1627 8983 1
1627 9618 2
1627 9188 4
1627 8966 1
1627 9821 4
1627 8544 6
1633 9507 5
1633 9318 2
1635 9154 1
1635 8646 1
1635 8611 1
1635 9247 1
1635 9367 1
1635 9724 1
1635 9871 1
1635 9941 1
1637 9823 6
1637 9059 1
1640 9745 1
1640 8591 1
1640 9207 1
1644 8897 3
1644 9011 1
1644 9852 34
1645 9237 2
1645 9008 6
1645 9060 1
1646 8844 1
1646 9583 1
1646 9697 1
1646 9699 1
1650 9651 1
1650 9116 1
1650 9311 2
1650 9432 200
1650 9983 1
1650 9399 1
1688 9715 1
1688 9311 14
1688 9083 1
1688 8557 1
1688 9078 1
1688 9042 1
1688 9291 2
1689 9444 2
1689 9742 1
1689 8662 1
1703 8693 1
1703 9919 1
1703 8579 4
1703 9843 1
1706 8704 3
1706 9501 1
1706 9816 1
1706 9753 2
1708 8903 2
1723 9532 3
1723 9922 1
1724 9880 1
1724 9801 1
1725 8938 24
1725 8532 3
1725 8675 2
1725 9153 1
1725 8822 1
1725 9164 1
1725 9856 19
1732 8979 1
1732 9848 1
1740 8926 20
1740 9665 6
1740 9444 1
1740 9556 1
1744 8687 5
1744 9671 2
1744 9373 12
1744 9708 33
1744 9480 1
1746 8654 1
1771 9318 1
1771 9964 2
1771 8722 2
1771 9366 7
1771 9385 1
1771 9490 3
1771 9895 1
1771 8612 1
1771 9329 1
1773 9307 1
1773 9188 8
1791 8812 44
1791 8965 2
1791 9167 5
1791 8981 1
1793 9457 32
1793 9192 1
1793 9328 4
1812 9224 1
1812 8914 3
1812 8827 1
1818 9194 1
1818 9737 1
1820 9287 1
1830 9105 1
1830 9784 10
1830 9224 4
1830 9031 1
1833 9780 2
1833 9684 200
1833 8937 1
1833 9501 3
1833 9642 51
1841 8750 1
1841 9269 2
1841 9686 4
1849 9159 9
1849 8951 1
1857 8889 30
1857 9927 1
1857 8544 1
1857 9217 1
1857 9588 1
1857 9766 1
1857 9855 1
1857 9904 1
1872 9533 1
1872 8764 3
1872 8810 2
1872 9143 1
1879 8652 2
1879 9674 4
1879 9044 1
1879 9741 1
1879 9191 1
1879 9257 1
1895 8881 2
1895 8731 4
1922 9418 108
1922 9061 1
1922 8784 1
1922 8937 1
1922 8650 3
1922 8785 2
1922 9681 2
1936 9753 1
1936 9910 1
1946 9256 4
1947 8811 1
1947 9190 1
1947 9291 4
1952 8708 1
1952 8564 1
1952 9340 42
1969 9418 4
1969 9536 1
1969 9304 2
1984 8604 11
1984 9510 1
2000 8802 1
2000 9350 1
2000 8775 11
2000 8850 1
2000 9383 3
2000 9268 3
2000 9719 1
2025 9572 4
2025 9473 3
2025 9881 1
2037 9612 1
2037 8997 1
2049 9688 2
2049 9038 1
2049 9426 2
2049 9916 2
2049 8829 1
2049 8689 2
2049 9312 2
2052 9618 1
2052 9073 1
2065 9242 3
2065 9656 1
2065 8846 5
2099 9413 1
2099 9030 1
2099 9393 3
2107 7906 1
2128 9073 1
2128 9536 1
2128 9161 4
2137 9679 2
2137 8774 1
2137 9641 1
2151 9495 1
2151 9609 1
2165 9020 1
2165 9160 1
2171 9675 1
2184 8791 2
2184 8845 1
2184 9246 1
2207 8681 2
2207 9609 1
2212 9194 1
2212 9187 1
2222 9064 1
2222 9280 7
2239 8580 1
2239 9516 1
2243 8586 1
2243 9920 1
2243 8950 1
2243 9479 3
2243 9500 3
2243 9906 12
2243 9916 1
2251 8550 1
2251 9704 1
2251 9851 7
2251 9116 1
2251 8691 1
2251 9587 2
2251 9882 1
2251 9944 2
2251 9177 4
2297 9368 1
2297 8534 3
2297 9592 4
2297 9750 1
2305 8645 5
2305 8881 1
2305 8757 1
2313 8780 2
2313 9621 1
2317 9393 1
2320 9385 1
2320 9766 1
2338 9198 2
2338 9569 2
2338 8598 1
2338 9062 1
2344 9970 26
2344 9802 2
2385 8914 4
2385 9234 1
2385 9878 1
2396 9624 2
2396 9083 14
2434 9545 1
2434 8644 2
2434 8802 14
2434 9219 4
2440 8817 1
2440 9179 1
2440 9498 1
2458 9444 1
2458 8782 7
2458 9959 1
2460 9240 5
2460 9473 1
2462 8746 1
2462 8999 4
2462 9016 1
2462 9633 1
2462 9705 6
2484 9228 1
2484 9569 3
2484 9593 1
2484 9910 1
2484 8724 1
2508 8685 1
2508 9543 1
2508 9176 68
2508 9676 1
2517 9710 1
2517 8581 1
2517 9508 1
2517 8698 2
2517 8735 1
2517 9364 3
2517 8682 2
2542 9209 1
2542 9231 1
2542 9042 2
2546 9679 4
2546 9026 1
2546 9185 1
2546 9698 1
2546 8549 1
2558 9909 1
2558 9269 25
2561 8549 1
2561 8625 1
2561 9443 23
2561 9611 1
2561 9814 1
2579 8902 4
2579 9554 1
2579 9404 1
2594 9297 2
2594 9060 18
2594 9733 2
2599 9558 2
2611 9026 1
2611 9390 6
2611 9395 20
2628 9654 2
2628 8690 1
2628 9401 1
2659 9473 1
2659 8992 6
2659 9675 1
2659 9903 124
2659 8894 1
2686 9668 1
2686 9714 1
2751 9192 2
2751 8910 1
2759 8601 5
2759 9120 1
2759 9625 3
2766 8689 1
2766 9558 1
2780 8538 1
2780 9184 14
2780 9401 2
2780 8574 2
2780 8918 1
2780 9211 1
2780 9444 2
2780 9980 1
2811 8888 4
2811 8556 1
2811 8721 48
2811 9852 1
2811 8733 1
2811 9631 1
2824 8579 1
2824 8745 1
2824 9465 2
2824 8610 3
2824 8996 1
2824 9555 1
2824 9305 2
2824 9216 1
2831 8584 1
2831 9214 1
2831 9077 16
2831 8857 2
2831 9046 2
2837 9193 1
2844 9402 1
2844 9543 1
2844 8540 1
2850 8772 5
2850 9697 1
2878 8917 1
2878 9840 1
2898 8531 1
2899 8866 5
2899 8640 1
2907 8562 1
2907 8694 2
2907 9304 10
2907 9828 1
2907 8992 2
2928 9599 1
2928 8998 1
2928 9099 1
2928 9267 1
2928 9954 1
2929 8747 4
2940 9535 1
2940 9047 1
2940 9139 1
2940 9651 2
2948 8700 1
2948 8628 1
2955 9760 1
2958 8902 1
2958 9087 8
2958 9823 1
2958 9625 3
2974 9896 2
2974 8778 1
2983 9530 4
2983 9696 200
3014 9855 11
3014 9882 1
3045 9784 1
3062 8606 11
3072 8792 1
3072 9948 3
3088 9356 2
3088 9241 2
3088 8690 1
3102 9601 1
3102 9607 3
3102 9614 1
3102 9677 1
3102 8584 4
3102 9995 1
3102 9315 1
3107 8578 41
3121 9369 1
3121 9463 1
3121 9783 1
3121 9103 2
3121 9539 6
3132 8675 1
3132 8653 2
3136 9643 3
3136 8550 3
3136 8559 2
3141 9869 2
3141 8902 1
3146 8927 5
3146 8964 1
3186 9440 1
3193 8993 19
3193 9237 1
3200 9898 8
3200 9011 1
3204 9609 1
3204 8726 1
3204 9212 1
3204 9717 1
3207 9257 1
3207 9678 4
3207 9615 1
3207 9758 3
3214 9456 1
3214 9125 1
3214 8681 1
3220 8664 2
3220 9697 2
3220 8618 2
3220 9277 4
3220 9370 2
3220 9944 1
3240 9627 1
3240 8874 2
3249 9875 1
3249 9312 1
3249 9672 31
3258 9804 4
3258 9541 20
3266 9615 1
3266 8601 1
3266 9443 1
3266 9718 1
3270 9217 1
3270 8638 1
3270 9318 1
3270 8611 3
3270 8891 1
3270 9255 5
3270 8820 1
3270 9603 1
3270 9823 1
3276 9222 2
3276 9159 1
3276 8611 6
3276 8678 1
3276 9846 1
3276 9325 1
3276 9874 1
3276 9416 1
3276 8558 3
3276 8847 1
3276 9175 1
3276 8742 200
3281 8834 1
3281 9404 3
3281 9851 2
3281 9931 5
3328 9563 1
3337 8832 2
3337 9803 1
3337 9817 1
3337 8699 3
3348 9209 1
3365 8559 2
3365 9631 1
3365 8569 1
3365 8911 6
3365 9365 14
3367 9364 9
3367 8996 3
3367 9769 13
3420 9840 1
3420 9096 1
3424 9500 6
3426 9149 1
3426 8847 1
3426 9778 4
3431 9968 1
3431 8997 3
3431 9895 2
3438 9252 1
3438 9654 8
3438 9135 1
3438 9510 1
3438 9535 1
3438 9822 2
3449 8548 1
3449 9409 1
3461 9641 1
3461 8783 1
3461 9251 1
3462 8857 4
3462 9325 1
3467 9111 2
3467 9462 1
3467 9788 1
3469 8571 1
3469 8635 2
3469 8806 1
3469 8966 1
3475 9444 1
3517 8551 1
3540 9174 3
3540 9822 1
3540 9765 1
3540 9642 1
3540 8551 1
3566 9015 1
3572 9436 2
3572 9861 1
3572 9654 1
3575 9373 2
3575 9601 3
3579 8604 1
3579 9857 9
3582 9765 13
3582 8675 11
3597 8631 1
3597 9234 1
3597 8968 2
3636 9193 9
3657 9839 1
3657 8574 2
3657 8599 2
3669 9402 4
3669 9717 7
3669 8634 1
3669 9299 2
3680 9170 1
3683 9038 1
3683 9880 2
3683 9175 1
3683 9097 1
3683 9117 7
3691 9259 1
3691 9476 1
3691 8817 1
3691 8927 1
3704 8844 1
3704 8635 1
3704 8655 2
3710 9162 1
3710 9364 3
3710 9104 5
3710 8745 1
3710 8926 1
3710 9626 18
3724 8616 1
3724 9091 1
3724 9188 5
3725 8744 2
3725 9763 1
3725 9958 200
3725 9075 5
3725 9803 1
3737 8984 1
3737 9438 1
3743 8597 1
3743 9472 2
3743 8629 1
3756 9729 1
3758 9758 3
3758 9096 5
3758 9366 3
3758 9417 1
3758 9763 1
3761 8736 1
3761 9238 1
3761 9033 1
3761 9570 1
3761 9851 1
3761 9306 2
3763 9170 1
3763 9664 1
3765 8538 1
3765 9361 39
3782 8832 2
3782 9261 1
3782 9956 1
3782 9459 3
3782 9683 1
3782 9819 3
3798 8773 1
3798 9416 2
3798 9371 9
3798 9588 1
3798 9350 2
3798 9560 1
3819 8868 2
3819 9643 2
3819 9394 4
3820 9198 1
3824 9693 1
3824 9536 70
3824 9866 41
3826 9409 1
3826 9385 1
3829 8725 77
3829 9587 1
3833 8547 2
3833 9432 1
3840 8556 2
3840 9525 1
3840 8980 7
3844 9353 1
3844 9559 1
3844 9245 2
3844 9361 8
3871 9908 4
3871 8736 11
3871 9472 1
3871 9542 1
3871 9920 1
3877 8852 4
3877 8597 1
3877 8826 1
3877 9483 1
3880 9465 1
3880 9725 2
3880 9010 1
3880 9045 2
3880 9383 2
3880 9503 1
3881 9363 1
3881 8558 3
3881 9233 20
3881 9408 2
3881 9529 1
3894 9146 1
3894 9902 4
3894 8744 1
3894 9468 1
3895 9021 2
3895 9152 27
3895 9871 9
3895 8758 1
3895 9275 1
3900 8828 2
3900 8797 1
3900 9133 2
3900 9322 1
3900 9599 1
3901 9904 1
3901 8733 1
3903 9951 10
3903 8732 3
3903 9251 2
3903 9021 1
3903 8652 1
3903 9521 1
3903 9531 1
3903 8998 13
3905 8635 2
3905 8843 24
3908 9066 1
3908 8641 2
3908 9470 5
3908 9148 2
3924 9345 1
3929 9621 1
3929 8580 3
3929 8781 2
3929 8784 4
3929 9726 1
3938 8911 1
3938 9526 1
3940 8632 4
3940 9922 2
3940 9871 1
3940 9288 1
3947 9468 1
3947 9528 1
3947 9764 1
3947 9969 2
3947 9260 1
3947 9407 1
3947 9809 3
3961 9921 1
3968 9906 1
3968 9085 1
3968 9618 1
3968 9957 1
3970 8936 1
3970 8547 11
3970 9580 1
3976 9092 2
3976 9569 9
3976 9922 1
3976 9047 1
3976 8618 3
3976 9883 1
4010 9577 1
4010 9121 34
4010 9470 1
4010 9769 1
4010 9861 200
4010 8804 2
4010 8767 1
4013 9031 1
4013 9248 1
4030 9438 1
4030 8651 1
4030 8894 1
4030 8863 2
4042 9944 2
4042 9012 1
4042 8711 4
4042 9305 1
4052 9017 1
4052 9513 1
4054 8652 3
4054 8909 40
4063 9071 1
4063 9994 1
4073 8643 1
4073 8722 1
4073 8736 1
4073 9534 1
4074 9954 1
4074 9370 1
4074 9433 1
4074 9643 1
4074 9269 1
4074 9719 5
4074 9939 1
4076 9591 1
4076 9530 1
4076 9684 3
4084 9838 9
4084 8929 1
4085 9254 2
4085 9710 2
4103 9259 2
4103 8911 1
4103 9426 1
4112 9871 1
4112 8910 1
4133 9762 1
4133 9027 2
4139 8821 1
4139 9472 1
4139 9705 1
4139 8796 1
4150 9073 1
4150 8858 1
4150 8910 7
4150 8936 1
4150 9847 1
4150 9734 1
4150 9581 2
4150 8768 1
4150 9158 1
4154 8704 2
4154 9472 1
4154 8547 8
4154 9927 1
4166 8745 1
4166 9904 1
4166 9141 1
4166 8964 1
4170 9465 1
4175 8757 20
4175 8999 4
4177 9358 1
4177 9603 2
4177 9786 1
4179 8694 1
4181 9944 1
4181 9616 1
4181 9654 1
4181 8724 2
4181 9522 1
4181 9959 1
4181 8935 1
4181 9812 1
4181 8852 8
4181 9371 4
4203 8847 1
4203 9872 1
4203 8829 1
4203 9327 1
4203 9643 3
4203 9982 1
4208 8747 1
4208 9198 1
4208 8741 1
4210 9216 1
4210 9241 1
4210 9319 1
4210 9778 1
4210 9143 1
4210 9858 8
4216 9446 1
4229 9901 1
4229 8888 5
4270 8541 4
4270 8974 1
4270 9854 96
4270 9568 1
4272 9706 1
4272 8660 3
4272 9003 2
4282 8863 1
4282 9260 1
4295 8627 1
4295 8821 1
4295 8963 1
4295 9309 3
4296 9354 2
4296 9125 1
4299 9073 1
4299 9502 5
4301 9764 1
4301 8551 2
4301 9533 1
4301 9236 1
4312 9030 1
4320 9293 2
4320 8615 3
4331 9151 5
4331 9508 1
4331 8978 1
4331 9760 1
4331 9898 1
4340 9058 2
4340 9836 24
4340 9932 8
4340 9605 4
4341 9592 1
4341 9687 3
4341 9740 1
4341 9346 3
4341 9566 10
4341 9184 2
4341 8652 1
4341 8924 3
4345 9423 3
4345 8614 1
4345 9547 6
4347 8696 3
4347 9457 24
4350 9174 2
4350 9047 4
4350 9498 1
4350 9993 1
4394 9891 3
4394 8682 1
4394 9479 1
4394 8853 1
4394 9099 1
4394 9211 1
4415 9381 1
4415 9149 1
4415 9406 4
4415 8993 2
4415 9125 2
4415 9038 2
4419 8952 2
4419 9286 13
4419 9400 1
4419 9358 10
4436 8553 2
4436 8556 2
4436 8676 1
4436 9380 3
4439 9728 1
4439 9606 1
4439 8587 1
4439 8959 4
4455 9480 1
4455 9710 1
4473 9598 1
4501 9836 1
4501 8934 1
4501 8694 1
4501 9328 1
4513 9284 1
4529 9527 10
4529 9871 4
4529 9567 1
4529 9936 4
4532 9377 1
4532 9670 1
4548 8964 1
4548 9259 8
4548 9932 1
4548 9566 1
4563 9685 87
4593 9454 1
4593 9852 1
4601 8684 1
4601 8720 4
4604 9769 6
4617 9661 1
4617 9556 1
4617 9242 1
4631 9742 1
4631 8542 4
4631 9265 1
4639 8955 9
4639 9852 11
4639 9263 1
4639 9337 1
4639 8979 2
4654 9769 1
4654 8988 1
4654 9112 4
4663 9353 9
4663 9701 1
4663 9941 1
4663 9661 1
4668 9391 7
4668 9668 60
4668 9396 1
4668 9917 1
4668 8846 2
4668 8573 2
4678 9917 1
4697 8850 2
4712 9884 1
4712 8815 1
4727 9346 1
4727 9497 1
4727 9007 1
4727 9591 2
4727 9116 1
4744 9349 2
4744 8610 2
4744 8850 1
4744 9583 1
4744 8773 2
4770 9925 7
4770 9988 2
4770 8672 12
4781 9388 3
4781 9051 1
4781 8761 2
4781 9198 28
4781 9744 1
4781 9983 1
4784 9201 1
4785 9626 2
4785 9937 1
4785 9090 3
4798 8785 1
4798 9480 6
4798 8769 1
4810 8924 1
4810 9847 2
4823 8827 1
4823 9528 1
4837 9926 4
4837 9821 3
4850 8773 3
4850 9247 1
4850 9398 2
4854 9521 1
4854 8990 1
4872 9789 1
4872 9163 1
4881 9718 1
4882 8837 1
4882 9631 1
4882 9827 1
4882 8607 1
4882 9540 1
4882 9613 2
4935 9446 1
4935 9188 3
4935 9288 1
4935 9813 1
4935 9870 1
4935 8631 1
4936 9007 1
4936 9344 1
4955 8688 1
4955 9978 2
4973 9510 8
4973 8642 1
4974 8788 11
4974 9536 1
4974 9431 4
4974 9842 2
4974 9502 1
4974 8957 1
4974 9588 1
4982 9369 25
4982 8724 2
4982 9224 2
4984 9931 2
4984 9319 1
4984 9624 1
4989 9547 1
4989 9418 1
4989 9523 1
4989 8840 1
4996 8834 2
4996 9280 1
4996 9706 1
4996 9452 1
4999 9892 2
4999 8955 1
4999 9671 1
4999 9555 1
4999 9987 3
5026 9324 12
5026 9736 1
5026 9896 2
5039 9019 5
5039 9349 1
5039 9897 1
5039 8621 1
5039 8828 2
5039 9044 1
5053 9466 2
5053 8548 1
5061 9062 6
5061 9452 1
5061 9251 1
5061 9531 23
5061 8962 1
5064 9255 1
5064 9399 1
5064 8892 3
5064 9419 2
5102 8532 2
5117 8743 1
5117 8914 2
5117 9061 8
5144 8532 1
5158 9497 1
5158 8950 2
5158 9611 1
5178 8654 1
5178 8951 1
5178 9617 1
5178 9693 1
5199 8773 1
5199 9961 1
5204 8548 1
5204 8735 1
5204 9928 1
5219 8894 2
5219 9678 8
5229 9533 1
5229 9406 5
5229 9929 2
5229 9763 2
5229 9595 1
5229 9162 1
5240 7995 1
5240 9442 1
5240 9728 3
5240 9806 1
5243 9159 1
5243 9212 1
5243 9201 10
5263 9224 1
5263 8808 1
5263 9879 1
5269 8742 1
5269 9917 1
5269 9367 7
5269 9758 1
5269 9639 1
5274 8760 1
5274 9789 1
5274 9999 1
5276 9433 1
5276 9592 1
5276 9745 1
5309 9495 1
5329 9270 1
5329 8980 6
5331 9034 3
5331 8721 1
5378 9837 8
5381 9462 1
5381 9099 1
5381 9659 1
5381 8581 1
5381 9804 1
5384 9531 1
5384 8946 3
5384 9763 1
5384 9185 4
5384 8632 2
5384 9160 2
5384 9896 1
5384 9973 4
5393 9639 1
5393 8659 1
5393 9134 92
5393 9733 1
5393 9245 1
5393 9353 1
5393 9555 1
5407 8846 1
5411 8981 1
5411 9898 2
5411 8622 1
5428 9111 1
5428 9254 1
5428 8949 1
5428 9432 10
5428 8817 5
5437 8869 1
5437 9058 5
5437 9261 8
5437 9726 5
5437 9822 1
5464 9812 2
5464 9579 2
5469 9768 7
5469 8850 5
5469 9906 1
5469 9671 1
5469 9668 2
5469 9240 1
5469 9807 1
5469 9838 3
5469 9296 2
5474 9391 1
5474 8821 42
5474 8830 3
5474 9217 96
5475 8822 4
5475 8988 1
5475 9683 1
5476 9376 1
5498 8588 1
5498 9893 4
5498 8938 5
5499 9086 1
5508 8797 1
5508 8652 4
5508 9094 1
5508 8720 2
5508 9567 18
5519 9813 6
5519 9459 10
5519 8564 3
5519 8539 2
5519 9255 60
5519 8574 21
5519 9883 1
5519 8743 2
5519 8995 3
5519 9087 1
5519 9219 6
5521 9003 1
5521 8957 2
5528 9581 2
5528 8576 4
5528 9141 1
5552 9711 1
5552 9293 1
5552 9097 1
5552 9179 1
5552 9416 1
5562 8679 2
5562 8930 2
5562 9109 2
5562 9762 1
5562 9614 6
5562 9908 1
5572 9051 8
5572 8638 1
5572 8942 1
5585 9296 1
5585 9343 1
5585 9038 3
5587 9314 1
5587 8628 1
5587 8765 1
5595 8578 1
5595 8797 1
5595 8655 1
5595 9415 1
5595 9502 1
5607 9662 1
5607 9358 2
5607 9891 3
5607 8827 1
5612 9258 1
5612 9417 1
5612 9175 2
5612 9583 2
5614 9583 1
5614 9749 4
5614 8583 1
5614 9028 1
5620 9580 2
5620 8641 2
5620 8773 1
5620 9315 2
5620 8849 1
5620 9100 1
5627 8745 5
5627 9588 5
5628 9078 1
5628 9351 1
5630 9444 6
5630 8822 1
5630 9256 4
5630 8869 3
5637 8676 1
5637 9480 1
5637 9908 1
5647 9182 1
5647 9711 1
5647 9910 4
5647 9710 2
5668 9077 1
5668 9015 1
5673 8980 1
5673 9403 1
5688 8788 34
5688 9362 3
5688 9413 2
5688 8730 1
5688 9924 1
5690 9105 1
5690 9184 1
5705 9410 2
5705 9884 1
5707 9577 2
5707 8605 2
5707 8777 1
5707 9665 11
5707 9923 32
5707 9855 1
5724 8714 4
5724 8610 1
5730 9762 1
5730 9036 3
5730 9392 1
5730 9704 3
5735 9478 1
5738 9298 1
5738 9599 1
5738 8726 3
5738 9111 1
5738 9886 1
5738 9318 1
5745 8953 1
5745 9224 1
5745 9866 1
5745 9695 3
5762 9910 1
5762 8685 1
5762 9035 2
5762 9578 1
5762 9880 1
5771 8746 1
5771 9665 1
5777 9621 1
5777 9876 2
5777 8961 1
5794 9250 1
5794 8777 1
5794 9026 1
5806 9046 1
5813 9230 4
5813 9563 2
5823 9031 2
5833 8989 2
5833 9605 1
5833 9130 7
5833 9258 5
5840 9978 1
5840 9928 1
5840 9947 1
5849 9228 2
5849 9291 1
5849 9893 1
5849 9030 1
5849 9574 6
5894 9489 1
5894 9111 1
5909 8752 8
5909 9487 8
5909 9116 4
5909 9345 1
5909 9550 1
5909 9587 2
5909 9861 16
5910 8542 1
5910 9675 1
5910 9173 1
5910 9904 1
5910 9831 2
5910 9529 3
5933 8988 1
5933 9275 8
5933 9435 1
5933 9479 1
5933 9653 4
5933 9750 1
5933 9828 2
5937 9383 6
5937 8797 1
5937 8864 1
5937 9388 1
5962 9416 1
5962 9458 1
5962 9061 1
5963 9330 1
5963 8643 1
5963 9010 1
5963 9193 1
5965 9717 2
5965 9297 2
5970 9359 1
5970 9842 1
5970 9277 2
5970 8743 1
5971 9141 1
5972 8618 4
5972 9400 1
5972 8837 3
5972 9078 1
5972 9371 2
5972 8557 1
5972 9946 2
6007 8767 2
6007 8629 3
6007 8627 1
6007 8630 1
6007 9886 21
6015 9055 9
6015 9320 1
6015 9265 1
6015 9497 2
6030 9150 1
6030 9217 1
6030 9692 1
6057 9945 127
6057 8854 1
6057 9075 1
6067 9413 1
6067 9556 71
6067 9031 2
6067 9947 1
6067 9045 1
6067 9639 1
6067 9594 6
6068 9707 2
6068 9016 1
6068 9740 7
6068 8628 1
6068 9267 3
6068 9410 9
6069 9660 2
6084 9364 1
6084 9253 1
6084 9863 3
6090 8785 1
6090 8789 2
6102 8798 2
6102 8700 1
6102 8775 3
6122 9537 1
6122 9682 2
6134 8987 5
6134 9169 1
6134 9807 13
6143 9756 196
6143 9289 1
6165 9458 1
6165 8754 1
6165 8913 4
6165 8644 1
6165 8997 1
6165 8541 9
6165 9352 14
6195 9408 1
6213 9391 1
6213 9763 2
6213 9883 1
6213 9896 1
6229 8781 1
6229 9277 7
6229 9812 1
6229 8687 4
6229 8791 5
6229 9942 1
6239 9821 14
6239 8992 1
6239 8807 1
6239 9730 2
6239 9244 1
6239 9745 1
6240 9476 1
6240 9135 1
6240 9525 1
6249 9154 1
6249 8895 1
6249 9198 24
6254 9568 1
6254 9624 1
6254 9181 1
6254 9736 6
6254 9251 1
6254 8634 9
6254 8685 2
6254 9451 1
6254 9872 1
6261 9513 2
6261 9146 1
6261 8744 1
6261 9209 3
6263 9729 4
6263 9974 1
6278 9135 2
6278 9477 2
6321 9558 1
6321 8788 2
6321 8963 1
6324 9400 1
6324 8972 1
6324 8575 2
6324 8564 14
6324 8582 4
6324 8648 5
6353 9149 1
6353 8578 1
6353 9484 1
6353 9060 1
6356 9528 1
6356 9585 3
6356 9100 2
6356 9842 2
6356 9892 7
6357 8792 1
6361 9394 1
6361 8541 2
6361 9837 1
6361 8782 1
6361 9281 2
6366 9036 1
6366 8951 1
6366 8656 1
6366 9006 1
6366 8780 24
6366 9018 1
6366 9087 1
6388 9186 11
6388 9574 2
6388 8998 1
6388 9645 1
6388 9743 2
6388 8601 1
6388 8902 1
6388 9147 3
6399 9468 1
6399 9613 1
6399 8632 1
6399 9344 3
6399 9629 1
6407 9520 1
6407 9531 6
6407 9777 1
6418 8778 1
6442 9563 1
6442 9642 1
6442 8965 1
6473 9655 1
6478 9807 1
6478 8616 2
6478 9964 1
6495 9714 1
6495 8612 3
6495 9917 1
6495 8819 1
6496 8991 1
6496 9743 1
6496 9560 1
6496 9715 7
6496 9769 2
6496 8858 1
6499 9496 1
6508 8901 2
6514 9253 3
6514 9312 1
6514 9651 1
6514 9693 49
6514 9171 2
6514 9293 18
6514 9327 3
6519 8731 1
6519 9920 1
6519 9539 7
6522 8817 1
6522 9230 9
6522 8987 9
6522 9415 1
6522 8902 1
6522 9685 6
6522 9950 2
6523 9064 4
6523 8725 1
6566 9639 2
6566 8892 1
6566 9534 1
6566 9354 6
6566 9545 1
6569 8950 2
6569 9858 5
6577 9238 3
6577 9409 2
6577 9873 1
6583 8693 1
6591 9254 1
6591 9290 1
6591 9306 1
6612 8843 1
6612 8604 1
6618 9674 1
6618 8542 1
6621 9480 1
6621 8557 1
6621 8935 1
6621 9672 6
6638 8540 2
6638 9146 1
6651 9664 1
6651 8618 8
6651 8905 2
6651 8730 5
6651 9266 2
6651 9709 1
6651 9919 1
6651 9287 1
6664 9671 42
6664 9203 1
6667 8957 1
6667 9039 1
6667 9393 3
6668 9484 1
6668 9800 1
6668 8650 1
6668 9740 1
6668 9797 1
6681 9386 2
6681 8563 1
6681 9343 1
6681 9537 1
6687 8911 2
6687 9556 1
6687 9679 1
6687 9365 1
6687 9672 1
6719 9580 1
6719 8630 1
6719 9054 1
6725 9073 1
6725 8910 1
6768 9582 3
6768 8616 4
6768 9377 2
6768 9616 2
6769 9565 1
6769 9654 1
6769 9585 2
6769 8578 1
6776 9034 1
6779 9322 1
6779 8858 1
6786 8668 1
6786 9161 3
6786 9541 1
6786 9079 1
6786 9243 1
6786 8609 10
6786 9629 1
6786 8725 1
6786 9369 1
6786 9288 1
6787 9627 1
6787 9886 3
6787 8572 1
6790 8557 1
6790 9455 2
6790 8772 1
6790 8796 1
6790 9945 1
6826 8802 1
6826 9803 1
6826 8556 1
6826 9096 4
6831 9597 1
6831 9205 1
6831 9568 16
6831 9522 1
6844 8901 2
6844 9028 12
6844 9704 3
6844 8769 1
6844 9496 1
6844 9707 2
6864 9466 3
6864 9955 177
6864 9051 1
6865 9233 2
6879 8775 12
6879 8774 4
6879 9191 9
6879 9879 1
6879 8889 2
6885 8780 1
6885 8763 1
6885 8532 6
6888 8883 1
6888 9783 2
6891 8648 1
6891 9688 1
6916 9354 2
6916 9618 1
6916 8997 1
6916 9938 1
6917 9243 1
6917 8647 1
6917 8817 1
6923 8668 6
6935 9212 1
6935 9424 1
6952 9607 1
6979 9879 2
6979 8614 1
6979 8776 1
6990 9839 1
6990 8638 2
6990 9381 1
6990 9460 1
6990 9754 1
6990 8539 1
6990 9409 1
6990 8678 1
6990 9111 6
6990 9127 1
6993 8700 1
6993 9435 1
6993 9706 2
7010 8961 1
7010 8734 1
7010 9616 1
7010 8778 4
7017 9336 3
7019 9024 1
7033 9750 1
7033 8876 1
7033 8750 3
7050 8892 1
7050 8588 1
7050 9246 1
7050 8717 3
7050 9182 1
7050 8935 1
7050 9201 1
7050 9073 4
7050 8886 3
7054 9566 1
7054 9973 3
7054 9237 1
7054 9698 11
7054 9077 1
7064 9558 1
7064 8569 1
7070 9858 1
7077 9200 1
7085 9978 1
7085 8717 18
7086 9467 1
7086 9838 3
7086 9958 1
7107 9701 6
7107 9645 1
7107 9839 1
7107 8729 1
7107 8741 1
7107 9174 1
7107 9443 7
7107 9625 1
7126 8827 11
7131 9518 2
7138 9149 2
7138 9567 1
7138 8770 6
7138 9066 4
7161 9633 1
7161 8662 5
7161 8643 1
7161 8644 8
7161 8672 5
7161 9092 5
7161 8763 6
7161 9456 1
7166 9534 1
7166 8679 1
7166 8918 2
7177 8913 1
7177 8733 2
7177 9234 2
7177 8616 1
7177 8909 3
7177 9497 1
7181 9612 1
7181 8726 3
7181 8780 6
7181 9041 1
7219 9696 3
7227 9440 1
7227 8723 1
7239 8548 1
7239 8598 1
7239 8629 1
7239 9518 8
7239 8651 2
7242 9758 3
7242 8905 1
7242 9258 1
7242 9402 4
7242 9932 1
7277 9191 1
7277 9797 1
7277 9773 2
7278 8752 1
7278 8999 1
7278 9208 1
7278 9993 1
7278 8582 4
7278 8735 3
7281 8957 1
7281 9921 1
7281 8553 1
7281 8636 2
7281 8640 2
7281 8684 1
7282 9766 1
7282 9075 2
7282 8937 1
7285 9728 1
7285 8783 1
7285 9732 1
7285 8866 1
7285 8990 9
7285 9364 2
7287 9483 1
7287 9475 3
7287 9669 3
7287 9817 1
7320 9678 1
7320 9027 19
7320 9246 15
7320 9946 1
7320 8954 1
7325 8696 6
7325 9617 5
7325 8656 1
7331 9011 1
7331 9324 5
7347 8684 1
7347 8645 1
7373 9852 1
7373 9687 1
7378 9457 1
7378 9467 1
7378 9170 1
7400 9182 1
7400 9528 1
7400 9017 1
7401 8834 2
7401 8717 1
7401 8914 1
7401 9577 5
7414 9135 1
7417 9190 1
7417 9500 1
7417 9941 1
7417 9244 1
7417 8548 3
7417 9047 1
7417 9501 1
7417 9660 6
7417 8538 1
7425 9697 1
7425 9941 1
7425 9215 2
7425 9767 2
7425 8760 1
7425 8893 1
7428 8741 22
7428 9150 1
7440 8906 11
7441 9383 1
7444 8996 1
7444 9679 1
7444 9937 1
7445 9651 2
7445 9346 2
7455 8864 49
7455 9019 1
7455 9356 1
7455 8748 1
7480 8537 1
7480 8651 1
7487 9528 1
7487 9094 1
7487 9710 1
7487 9741 1
7487 9661 1
7487 8966 1
7494 9305 2
7494 9728 3
7494 8632 1
7502 9558 1
7505 9741 1
7505 8747 7
7505 9440 1
7506 9697 1
7506 9104 2
7510 9098 1
7510 9258 1
7510 9282 1
7510 9060 1
7510 9903 7
7510 9947 4
7510 9873 1
7523 9717 2
7523 9462 25
7523 9419 5
7523 9007 1
7534 8541 2
7549 9955 4
7549 8760 1
7549 9734 1
7549 9964 2
7553 9500 1
7553 9071 1
7565 9191 1
7568 9840 1
7568 9135 3
7568 9732 1
7568 9079 3
7583 8978 2
7583 9214 1
7583 8863 1
7583 9580 1
7583 9598 1
7594 9526 3
7594 9653 1
7594 8597 1
7594 8758 1
7594 8830 1
7594 9359 1
7594 9466 1
7594 9668 8
7594 8976 5
7605 8784 2
7605 8813 2
7605 9171 1
7620 8989 1
7620 9675 2
7622 9560 13
7622 8638 38
7622 9874 1
7622 8840 1
7622 9153 7
7622 9701 90
7626 9516 1
7626 9674 1
7626 8642 1
7626 9907 1
7646 9903 1
7646 8604 3
7646 9293 2
7646 8807 1
7646 9556 1
7651 9066 2
7651 8641 1
7651 9476 1
7668 8979 1
7699 8812 4
7699 9046 7
7699 8572 2
7699 9446 1
7699 9496 1
7699 9070 1
7699 9490 1
7701 9714 1
7701 9983 1
7701 8813 1
7701 9542 1
7701 8883 5
7701 8935 1
7742 9978 1
7742 9098 5
7745 9974 1
7745 8605 1
7768 9294 2
7768 9721 4
7768 8924 3
7768 9340 1
7768 9392 1
7768 9599 1
7768 8553 1
7768 9267 1
7768 8559 6
7768 8607 1
7785 8646 3
7785 8757 2
7785 9931 2
7785 9718 3
7796 9104 2
7796 9393 3
7796 8744 1
7796 9045 1
7796 9327 1
7796 8974 2
7841 9691 1
7841 8993 1
7841 8763 1
7841 8541 1
7841 8847 1
7841 9937 1
7841 8578 1
7841 8995 1
7843 9044 1
7843 9168 3
7849 9241 1
7849 9173 1
7849 9442 2
7849 8583 6
7849 8806 1
7849 8989 5
7849 9286 3
7849 9427 1
7863 8593 1
7863 8961 1
7863 9462 1
7866 9070 2
7890 9361 1
7890 9875 1
7890 9507 1
7890 9248 1
7890 9051 3
7902 9203 1
7902 9314 2
7906 8587 1
7906 9498 166
7906 9921 1
7906 9968 1
7906 8695 1
7906 9250 1
7911 8770 1
7911 8909 20
7914 9245 2
7914 9675 13
7914 8929 1
7914 8711 3
7914 8861 1
7914 8807 1
7917 9812 10
7921 9539 3
7921 8548 1
7921 9696 2
7921 8628 3
7921 9175 1
7921 8822 1
7921 9275 9
7930 8698 3
7930 9827 1
7931 8895 1
7931 8663 1
7931 8983 1
7931 9620 2
7932 9762 1
7932 9809 1
7932 8778 1
7932 9696 136
7938 9522 9
7938 9012 1
7938 9698 1
7938 9442 1
7943 9121 1
7944 9749 1
7948 8612 1
7948 9770 5
7949 9425 1
7949 9871 1
7949 9097 1
7949 9740 1
7955 9171 1
7955 8901 6
7955 9024 7
7955 9560 1
7972 8987 1
7972 9539 3
7975 9413 1
7975 9344 2
7975 9598 1
7983 9919 1
7983 9559 1
7983 9668 10
7984 8541 4
7995 9732 1
8018 8646 2
8018 9244 1
8018 8689 4
8018 8662 3
8018 9867 1
8018 9931 2
8040 9321 1
8040 8839 1
8044 9164 1
8044 9706 3
8044 9367 3
8044 9142 1
8044 9594 1
8044 8993 6
8052 8666 1
8052 8962 5
8061 8649 1
8061 9026 1
8061 8608 2
8068 9126 1
8068 8588 1
8078 9663 1
8078 9070 1
8091 9045 10
8091 9662 1
8092 9431 1
8092 8666 1
8092 9597 1
8092 9917 1
8092 9939 5
8092 9970 1
8096 8699 1
8096 9314 6
8096 8650 1
8115 9572 1
8115 9035 1
8115 9788 1
8131 8674 2
8131 9223 6
8131 9294 2
8131 9467 1
8149 8734 1
8149 8953 7
8170 9574 2
8171 9175 200
8171 9091 2
8171 8562 1
8171 9200 1
8171 8708 1
8175 8743 1
8175 8562 3
8177 8910 1
8177 9105 1
8199 9112 2
8199 9761 1
8208 8576 1
8208 8687 1
8208 9162 1
8208 9164 1
8208 9391 3
8219 8607 2
8231 8843 2
8231 9606 1
8231 8614 2
8234 8659 5
8234 9517 1
8234 9263 1
8235 9968 17
8235 9370 1
8235 9424 2
8235 9312 2
8235 9843 1
8235 9892 1
8242 8695 2
8242 9159 2
8267 9336 6
8267 9983 10
8267 8584 1
8275 9615 1
8275 8572 1
8275 8640 5
8275 9659 1
8279 8579 1
8299 9738 1
8311 9315 1
8311 8792 4
8311 8605 1
8311 8900 1
8311 9542 1
8311 8856 1
8311 9403 5
8316 8950 5
8316 9181 1
8316 9359 2
8316 9847 1
8353 8776 1
8353 9021 1
8353 9516 1
8368 9078 3
8368 9459 1
8401 9929 1
8401 8792 1
8401 9721 1
8401 9724 1
8401 9892 2
8410 9265 7
8410 8957 1
8410 8893 5
8410 9330 2
8410 9895 1
8410 8746 4
8410 9809 1
8450 9349 3
8452 9055 33
8466 9173 1
8466 9647 5
8472 9816 6
8484 9770 1
8484 8881 5
8484 9017 1
8484 8606 8
8486 9719 1
8486 8870 1
8486 8895 3
8486 9647 1
8486 8849 3
8486 9982 3
8486 9656 1
8486 9404 6
8486 8649 1
8489 8664 1
8489 9682 2
8489 9969 1
8489 9120 1
8489 9959 2
8493 8679 1
8493 8988 2
8493 9743 1
8493 9242 1
8493 9248 7
8497 9343 1
8497 9994 1
8497 9569 1
8502 9364 1
8502 8968 11
8502 9681 1
8502 9162 3
8502 9991 7
8502 9814 5
8517 8934 1
8517 9031 2
8517 9070 2
8517 9559 2
8517 9935 1
8517 9300 1
8517 9549 3
8531 8702 1
8532 9014 1
8533 9686 2
8533 9878 1
8533 9006 1
8533 9356 1
8534 8908 2
8535 8994 2
8536 9914 34
8538 8994 1
8539 8880 200
8540 8703 1
8541 8871 1
8542 8823 1
8542 9108 1
8543 9840 1
8543 8781 80
8543 8962 1
8543 8609 1
8543 9350 2
8544 8831 1
8545 9756 1
8545 9327 14
8545 8797 1
8546 8784 1
8546 9714 1
8546 9839 2
8549 8944 1
8549 9292 1
8550 9912 3
8550 8836 1
8552 9693 1
8552 9801 2
8552 9973 1
8552 9058 1
8552 9121 1
8552 9325 1
8554 9415 2
8554 9800 1
8555 8982 1
8556 8567 2
8557 9108 1
8559 8818 1
8559 9702 1
8560 9969 1
8561 8594 1
8563 8786 2
8564 8751 3
8564 8753 1
8565 8856 1
8565 8679 1
8565 9228 1
8565 9873 1
8565 8804 6
8565 9012 3
8565 9794 1
8566 8714 1
8567 9228 2
8567 9608 1
8567 9495 5
8568 9126 1
8568 9270 2
8569 8626 2
8569 9081 1
8570 9480 1
8571 9779 1
8572 8877 1
8573 8677 2
8573 9461 1
8573 8947 1
8574 8624 1
8575 8825 1
8575 9022 6
8576 9735 15
8577 8765 1
8577 9823 1
8579 8677 25
8579 9022 4
8580 9043 2
8581 8956 2
8583 9439 3
8584 8882 1
8585 8981 3
8586 9918 1
8589 9800 1
8589 8946 3
8590 9417 1
8590 9803 2
8590 9960 1
8590 9574 1
8590 9259 1
8591 9069 1
8591 8790 1
8592 9185 1
8592 9409 1
8592 8696 1
8592 8913 3
8592 9256 2
8592 9423 1
8593 9405 1
8593 8941 40
8593 8899 2
8594 8630 1
8594 8723 15
8594 8729 2
8594 9154 1
8594 8925 6
8594 9058 1
8594 9425 3
8594 9902 1
8595 8729 2
8595 9956 1
8595 9362 3
8595 8668 1
8595 9898 1
8596 9216 1
8596 8741 1
8596 8930 1
8596 9746 9
8598 8633 1
8599 8855 2
8599 9986 200
8600 9234 2
8600 9141 3
8600 8999 1
8600 9574 1
8600 9090 1
8602 9654 1
8603 8687 1
8603 9266 3
8604 8867 20
8605 8800 1
8606 8916 2
8608 8799 1
8609 8716 2
8610 8673 1
8611 8982 1
8613 9869 2
8613 9126 1
8613 9450 3
8614 9137 1
8615 8971 2
8616 9474 1
8617 9436 1
8617 9915 1
8617 8906 1
8617 9076 20
8619 9566 1
8619 9957 1
8619 8723 1
8619 8761 1
8619 9823 1
8619 9856 3
8620 9359 1
8620 9932 1
8620 9255 1
8620 9831 1
8624 8775 2
8624 8732 1
8624 9187 1
8624 9611 1
8624 8961 1
8624 8748 3
8624 9555 8
8625 9439 1
8625 8933 2
8626 8995 1
8626 9756 15
8626 9452 1
8626 8796 1
8626 8856 1
8626 8903 1
8626 8629 1
8626 9608 1
8631 9137 1
8632 8756 5
8632 9108 10
8633 9167 5
8637 9440 1
8637 8763 1
8637 9738 1
8638 9779 1
8638 9014 1
8639 8844 1
8639 9677 2
8639 9403 6
8639 9960 2
8644 9694 2
8644 9439 23
8645 9292 1
8646 9081 2
8646 9063 3
8647 8887 1
8648 8880 21
8650 8749 1
8655 9989 1
8657 9569 1
8657 9746 1
8657 9794 33
8657 9961 1
8657 9978 1
8657 8837 1
8657 9145 1
8657 9867 1
8658 9866 2
8658 8980 1
8658 8998 8
8658 9903 6
8659 8680 1
8660 8801 2
8660 9622 1
8660 8956 1
8661 9415 6
8661 9352 1
8661 9699 1
8662 8899 1
8663 8756 1
8664 8710 2
8664 8707 1
8665 9130 2
8665 9582 1
8666 8975 1
8667 9284 1
8668 9013 2
8669 9652 1
8669 9015 1
8669 9812 2
8669 9926 6
8670 8767 1
8670 9550 1
8670 8732 1
8670 8845 3
8670 9631 3
8671 9173 1
8673 9336 1
8673 9929 1
8673 9433 1
8673 9656 1
8673 9756 4
8676 9295 4
8677 9315 1
8677 9363 1
8677 9784 2
8678 9053 2
8680 8718 46
8680 9225 18
8680 9460 1
8681 8884 1
8682 8940 1
8683 9715 11
8683 9141 5
8683 8854 1
8683 9174 1
8683 9397 1
8683 9925 2
8683 9956 4
8684 9032 2
8684 9739 1
8684 8994 3
8685 9074 1
8686 9754 1
8686 9880 1
8686 9005 1
8691 9727 1
8691 8738 1
8692 9895 1
8692 9200 1
8693 9221 1
8694 8932 2
8695 9040 1
8696 9009 1
8697 8970 1
8697 9043 3
8698 8786 2
8701 9605 1
8702 9555 1
8703 9990 2
8703 9446 2
8703 9353 2
8703 9215 1
8703 9223 1
8703 9349 3
8703 9381 2
8703 9442 1
8704 9461 1
8705 8768 2
8705 9431 7
8705 9520 1
8706 9693 1
8706 8942 2
8707 8798 1
8707 9319 1
8707 9627 1
8709 9494 1
8710 9003 1
8710 9789 3
8710 8869 1
8711 9596 1
8712 8900 1
8712 9641 4
8712 9241 2
8712 9243 1
8712 9921 2
8713 9620 1
8713 9867 1
8713 9904 58
8713 9988 1
8714 8873 1
8715 9646 1
8715 8975 1
8716 9585 2
8716 9523 1
8716 9754 1
8717 8940 1
8717 8759 2
8719 9502 1
8719 9186 1
8719 9381 1
8719 9749 2
8720 9989 11
8721 9106 3
8722 8859 2
8725 9295 1
8727 9938 1
8727 9398 1
8728 9658 2
8728 8889 1
8728 8745 1
8729 8862 6
8731 9278 1
8731 8803 3
8731 9067 1
8732 8805 1
8734 9014 1
8736 9775 1
8737 9082 1
8737 9795 1
8738 9377 1
8738 8743 1
8738 8918 2
8738 9454 3
8738 8993 2
8738 9709 1
8739 9416 1
8739 8832 200
8739 9705 1
8739 9092 5
8739 9551 1
8740 9145 1
8740 8894 1
8740 9181 1
8740 9169 8
8740 9463 1
8742 8884 2
8744 8859 1
8745 9106 4
8747 8751 1
8749 9021 1
8749 9522 1
8750 8824 1
8751 8895 1
8751 8999 1
8751 9816 1
8751 8791 4
8752 8975 6
8752 9382 1
8752 9067 2
8753 9088 1
8753 9127 2
8753 9523 1
8753 9897 2
8754 9137 2
8754 8885 3
8755 8822 19
8755 9814 1
8756 9075 1
8756 9547 4
8756 9920 1
8756 9602 200
8756 8946 1
8756 9677 3
8758 9229 1
8758 9013 2
8759 8901 13
8759 8972 25
8761 9043 8
8761 9029 1
8762 9334 1
8762 9247 67
8764 9735 1
8765 9303 1
8765 8916 1
8766 9061 1
8766 9451 1
8766 9036 1
8766 8955 1
8766 9669 1
8766 9413 1
8770 8790 14
8770 8816 1
8771 9267 3
8771 9167 1
8771 9198 1
8771 9789 77
8775 8940 8
8775 9439 2
8776 9515 3
8776 9067 4
8779 9034 2
8779 9533 1
8779 9893 1
8780 8923 1
8783 8970 1
8783 8898 1
8783 9844 1
8784 9989 1
8785 8871 1
8786 9937 7
8786 8893 2
8786 8810 2
8787 9092 1
8787 9457 4
8787 9465 3
8787 9541 1
8788 9820 1
8789 8907 1
8790 8957 2
8790 9311 5
8790 9527 1
8790 9543 1
8790 9593 1
8791 8956 11
8793 9706 5
8794 9418 3
8798 9052 1
8799 9356 1
8799 8996 1
8800 9558 2
8800 8858 1
8800 9489 1
8800 9724 1
8801 9187 4
8802 9081 1
8803 9704 1
8803 9574 1
8803 9626 1
8803 9848 2
8803 8812 1
8805 9062 1
8805 9173 5
8807 9108 1
8809 9659 1
8809 9256 1
8809 9906 1
8809 9924 2
8809 9354 1
8810 9795 1
8811 9596 1
8812 9101 1
8814 9822 19
8814 9305 1
8814 9109 2
8814 9655 1
8815 8880 2
8816 9250 1
8816 9363 1
8818 9255 7
8818 9665 1
8818 9311 2
8822 9014 1
8822 9515 3
8823 8888 1
8823 9033 1
8823 9715 1
8823 9816 1
8824 9870 1
8824 9854 1
8824 8984 1
8824 9016 2
8825 9051 1
8825 9230 1
8825 9629 1
8825 8866 1
8826 9089 5
8831 9407 1
8831 8852 2
8832 8836 1
8833 8850 1
8834 9025 2
8835 9994 4
8835 9391 2
8836 9392 1
8836 9882 1
8836 9968 1
8837 9694 5
8838 8866 2
8838 9169 2
8838 9477 1
8839 9439 2
8841 9860 1
8842 9181 1
8842 9964 1
8842 9995 2
8842 9966 1
8842 9851 1
8844 8877 1
8846 9646 1
8848 9708 3
8850 9229 4
8851 9762 2
8851 9309 10
8853 9791 14
8853 9795 1
8855 9863 1
8855 9848 1
8855 9182 3
8855 9813 1
8859 9974 1
8859 9628 1
8860 8986 12
8862 9299 1
8865 9051 1
8865 9682 1
8866 8877 10
8867 8949 1
8868 9918 4
8868 9052 2
8871 9736 1
8871 8955 2
8871 9462 4
8871 9879 1
8871 9165 2
8872 9071 1
8872 9854 1
8873 9028 1
8873 9104 1
8875 9160 2
8875 8989 4
8875 9526 1
8875 9540 1
8875 9612 1
8876 8896 19
8877 9111 3
8877 9951 1
8877 9203 1
8878 9916 1
8878 9320 1
8878 9208 1
8878 9252 1
8879 9874 1
8880 9169 2
8880 8893 2
8880 9219 31
8880 9520 1
8880 9621 6
8880 9207 1
8880 9602 3
8881 9221 14
8882 9426 1
8882 9383 11
8883 9482 5
8884 9401 1
8884 9579 1
8884 9097 1
8884 9465 1
8885 9446 24
8885 9881 1
8885 9154 1
8885 9966 2
8886 9032 1
8887 9160 2
8887 9800 1
8889 8971 1
8891 8904 2
8891 8986 1
8892 9093 1
8896 9631 3
8896 9107 1
8897 9009 2
8898 9553 1
8899 9686 5
8900 9014 1
8904 9679 1
8904 9801 2
8904 9764 3
8904 9875 3
8907 9352 1
8908 9697 2
8908 9726 1
8912 9455 2
8915 9185 1
8916 9710 6
8916 9804 11
8916 9570 2
8916 9920 2
8917 9791 1
8919 9214 12
8919 9734 1
8920 9275 2
8920 9529 2
8920 9458 1
8921 8951 1
8922 8930 1
8922 8936 2
8925 9515 1
8926 8931 2
8927 8977 1
8928 9537 7
8928 9671 2
8929 9779 1
8931 9359 1
8931 9184 1
8931 9446 1
8931 9889 1
8932 9923 4
8932 9476 2
8932 9341 1
8932 9518 1
8933 9760 3
8933 9281 4
8934 9014 2
8936 9014 1
8939 9287 1
8939 9126 1
8941 9173 1
8942 9022 1
8943 9865 2
8943 9113 2
8944 8984 1
8944 9321 2
8944 9427 2
8945 9079 10
8945 9517 21
8945 9373 1
8945 9611 3
8947 9740 4
8948 9686 1
8948 9395 7
8948 9159 1
8949 9899 2
8954 9093 1
8956 9062 1
8956 9826 1
8957 9065 1
8958 9750 1
8958 9858 1
8958 9973 1
8959 9694 1
8960 9924 1
8960 9725 1
8961 9912 1
8967 9892 3
8967 9330 6
8969 9686 2
8970 9072 1
8970 9086 1
8971 9034 1
8971 9984 3
8973 9456 1
8973 9061 1
8973 9756 1
8973 9767 1
8973 9483 1
8973 9906 1
8973 9261 1
8975 9984 5
8975 9368 2
8976 8985 14
8977 9210 2
8977 9683 3
8977 9479 1
8977 9088 1
8977 9117 1
8977 9607 1
8980 9914 1
8982 9655 1
8982 9760 1
8982 9927 2
8982 9767 1
8983 9229 1
8985 9729 1
8985 9373 1
8985 9399 6
8986 9035 2
8986 9987 1
8986 9773 2
8992 9474 3
8994 9608 7
8994 9860 1
8994 9945 1
8998 9735 1
9000 9217 200
9000 9593 29
9000 9165 2
9000 9736 1
9001 9828 1
9001 9055 11
9002 9276 1
9002 9423 1
9002 9406 1
9002 9426 1
9002 9746 1
9004 9354 2
9005 9303 6
9006 9114 1
9007 9048 5
9009 9919 1
9009 9245 1
9009 9289 3
9013 9684 1
9013 9602 10
9013 9653 1
9013 9152 1
9013 9406 1
9013 9436 1
9014 9741 9
9014 9956 1
9014 9816 2
9014 9438 1
9014 9489 1
9014 9707 1
9017 9113 1
9019 9694 23
9022 9174 3
9022 9719 1
9022 9423 4
9024 9084 2
9024 9689 1
9029 9721 1
9032 9282 1
9034 9844 1
9037 9256 3
9040 9075 1
9040 9436 1
9040 9334 1
9040 9677 1
9043 9513 2
9046 9610 3
9048 9521 1
9050 9490 1
9050 9094 1
9052 9659 1
9052 9780 1
9054 9482 1
9056 9195 5
9057 9827 2
9057 9741 1
9059 9137 1
9061 9221 2
9063 9732 1
9063 9745 3
9063 9254 1
9063 9520 3
9065 9066 9
9065 9737 1
9067 9724 5
9074 9408 1
9074 9336 1
9074 9923 4
9078 9702 1
9081 9797 1
9084 9870 2
9084 9120 1
9087 9694 21
9093 9898 1
9093 9193 5
9093 9133 1
9093 9711 1
9095 9994 1
9101 9200 3
9101 9495 1
9102 9334 2
9102 9400 4
9102 9494 10
9102 9581 1
9106 9252 6
9106 9926 1
9108 9498 1
9108 9660 3
9108 9684 1
9108 9740 2
9108 9426 4
9108 9254 2
9110 9709 2
9110 9425 1
9110 9262 1
9113 9309 2
9113 9819 1
9114 9551 1
9114 9663 1
9115 9242 5
9115 9840 1
9130 9865 3
9134 9515 1
9136 9631 4
9136 9231 13
9136 9674 1
9136 9876 1
9137 9457 4
9137 9626 13
9137 9869 1
9137 9942 1
9137 9143 5
9137 9300 2
9137 9466 1
9137 9935 1
9150 9515 5
9158 9382 2
9164 9292 1
9178 9811 1
9180 9988 1
9180 9875 1
9180 9605 5
9180 9760 1
9185 9795 1
9196 9795 1
9202 9759 1
9205 9912 1
9206 9539 4
9206 9284 2
9206 9380 1
9210 9405 1
9214 9795 9
9216 9515 1
9221 9935 1
9221 9846 1
9221 9994 2
9221 9559 1
9221 9684 2
9221 9762 1
9228 9779 1
9229 9715 1
9229 9241 1
9229 9368 1
9229 9869 3
9238 9986 1
9272 9971 1
9278 9569 1
9287 9412 1
9290 9912 1
9294 9303 4
9295 9545 1
9295 9554 1
9298 9989 3
9299 9515 1
9300 9989 1
9309 9439 52
9314 9622 1
9327 9795 1
9328 9795 1
9330 9515 1
9338 9500 1
9338 9609 1
9338 9897 1
9358 9989 14
9378 9567 1
9378 9813 17
9378 9455 1
9382 9956 4
9382 9568 1
9382 9625 2
9388 9989 1
9390 9976 6
9396 9515 2
9397 9509 2
9400 9775 1
9402 9775 17
9405 9517 1
9405 9761 1
9407 9989 1
9412 9616 1
9439 9948 2
9439 9625 1
9439 9812 1
9439 9587 1
9439 9954 1
9439 9606 2
9439 9688 1
9439 9692 2
9439 9765 5
9456 9739 1
9457 9596 1
9461 9915 1
9461 9963 2
9464 9972 1
9470 9562 1
9484 9976 1
9487 9739 1
9506 9546 1
9509 9957 2
9515 9857 1
9515 9872 1
9515 9842 1
9532 9795 1
9550 9622 1
9562 9994 1
9562 9728 5
9566 9865 2
9567 9914 1
9570 9646 2
9592 9791 3
9596 9903 1
9596 9744 1
9596 9655 39
9608 9795 1
9610 9896 2
9622 9836 5
9622 9955 2
9622 9964 2
9628 9989 2
9637 9930 6
9639 9739 4
9646 9969 1
9651 9899 3
9652 9976 1
9666 9832 1
9669 9989 1
9689 9836 1
9694 9830 1
9699 9779 1
9714 9820 1
9718 9914 1
9735 9973 8
9735 9797 1
9739 9879 1
9739 9742 2
9739 9764 2
9779 9806 1
9779 9946 10
9779 9866 1
9788 9989 1
9791 9813 2
9795 9828 4
9842 9914 17
9860 9865 3
9891 9986 1
9909 9986 2
9914 9942 1
