13 9319 1
13 8856 1
13 9034 2
49 9450 1
49 9196 1
49 8661 2
49 9138 1
49 9705 1
50 9352 1
50 9823 1
50 9105 32
70 9980 2
70 9004 1
70 9491 1
70 8578 1
70 8794 1
70 9802 1
70 9207 1
70 8813 2
70 9314 11
70 9159 2
70 9196 1
70 9356 1
72 9186 1
72 9429 1
72 9155 1
72 9600 2
72 9190 1
74 9693 1
74 8872 1
74 9020 1
74 9294 2
74 9972 1
75 9228 1
75 9012 4
76 8569 1
81 9921 3
81 8872 1
105 9724 1
105 8661 2
105 9458 10
105 8604 1
105 9877 1
109 9692 1
129 8694 2
129 9005 2
129 8806 1
129 9113 1
132 9178 1
132 9730 1
132 8878 1
132 8634 1
132 8533 13
132 9047 1
157 9240 4
157 9209 1
157 9298 3
157 9174 3
157 9341 1
157 8562 1
157 8778 1
157 8824 1
157 8856 1
157 9728 1
192 8992 1
192 8860 1
192 9228 1
192 9000 1
192 9741 1
202 9249 1
202 8639 1
202 9221 1
202 9443 2
202 9645 1
202 9874 1
202 9919 1
226 8779 1
226 8715 1
226 9321 1
241 8632 7
241 9774 1
241 9909 1
246 9193 1
246 8718 1
246 9869 1
250 9408 1
250 8950 1
270 8678 7
270 8818 6
270 9792 2
271 9276 1
271 9857 2
287 9007 3
287 9880 1
287 8905 4
292 9012 1
292 9217 7
307 8787 2
307 9700 1
307 9299 4
307 9389 3
310 8808 1
310 8938 1
310 9805 2
310 9846 1
314 9030 13
314 9375 30
314 9751 2
314 9950 1
329 8613 3
329 9170 1
329 8599 10
329 9685 24
329 8610 1
329 9439 31
329 9971 7
337 9676 2
340 9215 1
342 9710 1
342 9144 1
343 9106 13
343 9216 2
343 9745 1
343 9735 1
343 9948 1
344 9341 1
344 8767 1
344 9650 1
344 8743 8
344 9861 1
379 9376 1
379 8919 1
379 8921 1
379 9468 1
387 8711 1
387 8806 2
392 9434 2
392 8948 4
392 8896 1
392 9162 1
407 8799 1
407 9050 2
407 8969 1
407 9426 4
407 8630 1
407 9934 1
409 8855 17
409 8975 3
414 9249 2
414 8761 5
414 9645 3
418 9843 2
418 9281 2
442 9707 2
442 9164 4
446 9484 1
446 9929 2
446 9657 1
449 9354 1
449 9903 43
464 9056 2
464 9603 10
464 9689 1
464 8685 1
464 9706 11
464 9004 6
472 8836 3
493 9634 2
493 8569 12
493 8831 1
503 9510 4
517 9713 14
531 9167 1
531 9158 1
531 9514 2
534 9215 1
534 9429 3
534 9878 1
534 9164 1
534 9911 1
542 8868 1
542 9061 1
542 8871 1
542 9191 2
542 9892 4
542 8898 3
583 8906 2
583 8776 1
583 9241 22
598 8849 3
598 8668 1
598 8946 1
598 9535 25
598 9294 1
602 9723 1
602 8930 1
602 9569 19
639 9466 19
639 9323 1
652 8769 1
652 9009 1
653 9086 1
653 8988 1
653 9238 1
653 9596 1
660 9068 3
660 9567 3
660 9743 1
660 9621 1
660 9947 1
692 8534 1
693 9728 1
693 9566 1
693 9929 1
693 9627 1
706 9800 1
706 8596 1
706 9713 1
706 8777 1
706 9626 1
706 9935 3
717 9049 1
736 9411 2
740 8681 1
740 9392 1
740 8705 2
740 9535 3
744 9627 1
744 9045 1
744 9270 1
744 9722 6
744 9289 4
746 8874 1
766 9096 32
766 8610 1
768 9815 2
768 9764 1
768 8661 5
768 9175 1
768 9455 5
768 9899 1
780 9836 1
780 9569 1
780 8605 1
780 9318 55
791 9395 4
791 9781 6
807 9036 1
807 8720 4
807 8569 2
807 8796 1
816 9815 1
816 9003 190
816 9154 1
816 8746 14
826 9579 1
826 9743 1
857 9187 9
857 8698 1
857 9723 1
899 9193 1
899 9591 2
899 8784 1
899 8976 4
899 9941 43
902 9062 10
902 9647 1
902 8845 1
906 9276 3
906 9134 11
906 9196 1
912 8887 1
912 8705 2
912 9131 5
912 9561 200
912 8547 1
925 9299 4
925 9449 1
925 8883 1
925 9458 3
930 9393 1
939 9849 1
943 8978 1
943 9033 1
943 8540 87
943 9748 3
943 8538 1
943 8869 1
943 9403 1
943 9470 1
984 9645 1
984 8974 2
995 8730 22
995 9724 6
1000 9101 1
1000 8885 1
1000 9444 1
1000 9545 1
1000 8607 1
1000 9195 1
1000 9212 1
1000 9224 25
1020 9197 5
1020 9658 1
1020 9292 1
1020 9837 3
1020 9502 1
1020 9772 1
1020 9117 1
1020 9321 1
1020 8929 1
1020 9228 1
1020 9586 2
1036 8754 19
1036 9761 1
1038 9318 1
1038 9055 4
1038 9360 1
1046 9499 1
1046 8756 3
1046 9983 1
1046 8854 1
1048 9257 1
1048 8863 2
1048 9138 2
1048 8765 1
1048 8831 1
1048 9382 1
1048 9508 1
1048 9796 1
1053 8811 1
1053 9336 1
1053 9972 1
1053 8979 9
1053 9109 2
1054 9905 1
1056 9115 1
1056 8845 1
1056 9355 1
1072 9643 1
1072 8850 1
1072 9744 3
1082 9210 1
1082 8995 1
1082 9086 5
1083 8687 2
1084 8846 3
1084 8832 2
1084 9907 1
1084 9383 2
1084 9790 1
1084 9740 2
1093 8753 1
1093 8857 1
1093 9129 1
1093 9119 2
1093 9468 3
1105 9486 1
1115 9020 84
1121 9054 1
1129 8776 1
1129 9401 1
1129 9665 2
1139 9781 22
1139 8532 2
1139 9336 1
1139 9559 1
1151 9050 1
1151 9165 2
1151 9836 1
1151 8750 1
1152 8614 1
1152 9602 1
1152 9825 1
1162 8698 1
1162 9537 1
1162 9574 2
1162 9192 1
1162 9744 1
1164 9556 1
1164 9878 1
1194 9906 1
1195 9500 1
1195 9273 3
1196 9510 2
1196 8801 6
1196 8587 1
1196 9104 2
1196 9812 17
1196 9644 1
1196 9564 13
1211 9458 1
1223 9810 1
1223 9857 1
1223 8547 2
1235 9980 2
1235 8621 1
1235 9665 3
1235 9928 1
1245 9153 1
1245 9725 15
1245 9542 2
1245 9045 1
1245 9408 3
1246 8785 4
1246 9539 5
1246 9884 1
1246 9427 1
1257 9800 2
1257 9826 1
1257 9676 1
1257 9279 1
1257 8786 2
1257 9120 1
1257 9566 5
1257 9215 15
1264 8850 4
1264 9173 1
1294 9532 9
1294 9907 1
1294 9670 1
1294 9970 1
1294 8879 1
1300 9241 7
1300 8597 1
1300 9452 4
1300 8828 1
1300 9953 1
1306 9116 1
1308 8598 10
1308 8711 1
1308 8842 6
1308 9081 1
1308 9146 1
1308 9379 1
1308 9757 1
1309 9629 2
1309 8920 1
1310 9955 1
1310 8672 10
1312 8879 2
1312 9799 1
1312 9085 2
1313 9839 1
1313 9622 5
1313 9693 11
1313 8873 1
1313 9026 1
1313 9204 1
1313 9440 2
1317 8577 10
1325 9764 1
1325 9276 1
1335 9460 1
1344 9194 1
1344 9298 1
1344 9444 1
1372 8608 2
1372 9611 1
1372 8740 4
1372 9904 3
1372 9018 36
1372 9460 1
1372 9643 1
1372 8942 1
1372 9193 1
1372 9970 2
1390 9191 1
1402 9607 1
1402 8705 1
1402 9323 1
1402 9647 1
1402 9693 2
1402 9804 2
1402 8572 1
1402 8626 2
1419 8868 4
1419 8738 6
1419 9668 2
1420 9582 1
1420 9583 1
1420 9019 2
1420 9523 1
1430 9516 88
1430 9053 1
1430 8932 1
1430 9559 1
1460 9064 1
1460 9264 1
1460 9489 1
1460 9018 1
1483 9038 3
1483 9136 2
1503 9548 1
1503 9657 1
1503 9719 1
1504 9098 1
1504 9935 4
1536 9691 5
1550 8730 1
1550 9679 1
1550 9808 2
1550 9835 1
1559 8820 1
1559 8602 1
1559 9275 1
1559 9451 1
1563 8790 1
1563 9817 1
1573 9772 1
1573 9211 1
1576 9818 2
1576 9559 1
1580 8639 5
1580 9167 3
1580 9688 1
1597 9739 1
1597 8888 1
1597 8859 1
1597 9047 2
1597 9582 1
1605 8870 1
1606 8894 2
1606 9568 3
1606 9599 1
1613 9986 1
1613 8655 1
1613 9209 2
1613 9516 1
1613 8557 123
1613 9264 1
1624 9109 1
1624 9199 1
1625 9341 1
1625 9139 4
1625 9002 6
1625 9201 2
1625 9383 1
1637 8944 4
1637 9880 1
1637 8760 1
1639 8592 1
1639 9081 1
1643 8578 1
1643 9411 2
1657 9166 1
1657 9134 1
1659 9238 2
1659 9094 1
1667 9669 1
1667 9154 1
1671 9112 1
1671 9005 1
1671 9262 1
1671 9475 1
1680 8790 1
1680 8997 1
1688 8777 1
1688 9593 7
1688 9891 1
1688 8550 1
1689 9734 1
1689 9224 4
1689 9871 5
1689 8542 4
1689 9517 2
1689 8974 1
1689 9998 1
1699 9528 2
1699 8625 1
1699 9261 1
1708 9416 2
1708 9071 2
1710 9320 2
1710 9384 7
1752 9022 4
1754 9233 1
1754 9171 6
1754 9509 3
1754 9545 1
1754 9807 1
1762 8668 7
1762 9405 4
1762 9055 5
1762 9787 45
1762 9847 1
1762 8694 1
1791 9124 1
1791 9523 15
1808 8561 1
1808 8902 3
1808 8617 1
1808 9562 4
1808 9064 4
1808 9336 2
1808 9856 1
1820 8776 2
1820 8872 1
1820 9324 2
1836 9695 8
1836 9737 1
1836 9118 1
1836 9153 2
1841 8972 5
1841 8672 1
1841 9141 1
1841 8715 1
1841 8754 1
1841 9045 1
1841 9445 1
1849 9503 1
1849 9485 1
1849 8777 4
1849 9376 2
1849 9407 1
1849 8597 2
1849 9049 1
1849 9532 4
1857 8958 1
1857 8903 1
1857 9602 32
1863 8706 1
1879 9576 1
1879 9440 1
1879 9459 2
1879 8740 2
1879 8592 2
1879 9872 1
1879 8698 1
1883 9923 1
1883 8925 1
1883 8696 1
1883 9076 1
1883 9398 1
1883 9542 1
1883 8808 1
1883 8652 3
1883 9627 3
1899 9757 1
1899 8733 1
1899 9912 1
1905 9730 2
1906 9797 1
1906 8532 4
1906 9209 1
1906 8533 1
1906 8548 1
1906 9301 4
1906 9540 1
1906 9677 1
1928 9324 5
1928 8835 1
1928 9853 3
1929 9193 1
1929 8559 1
1947 9841 1
1957 9087 2
1957 9557 1
1957 9186 1
1960 8893 1
1960 8983 1
1960 9409 6
1960 9854 1
1960 8869 2
1960 9696 1
1961 9582 1
1961 9517 25
1966 9691 1
1966 8752 1
1966 9076 1
1969 8862 1
1969 9808 1
1969 9832 1
1969 8675 4
1969 9564 13
1969 9121 1
1969 9068 1
1969 9484 1
1975 8872 2
1975 9012 5
1975 9379 2
1980 9193 1
1980 8820 7
1980 9095 2
1985 9200 3
1985 9714 11
1985 8992 1
1985 9509 5
2006 9454 2
2006 8651 1
2006 9067 1
2025 8626 8
2025 9681 1
2025 9388 1
2031 9454 9
2031 9240 1
2031 9730 1
2040 8635 1
2040 8983 1
2040 8718 4
2063 9090 1
2063 8907 3
2063 9102 5
2071 9068 14
2071 8923 2
2071 8599 1
2074 8877 1
2074 8919 1
2083 9287 1
2115 9720 1
2115 8689 1
2125 9158 1
2130 9439 2
2131 9866 2
2131 8721 10
2131 9860 1
2165 9426 1
2165 9119 2
2165 9653 1
2165 9624 2
2165 8564 2
2184 8932 1
2184 9318 2
2184 9776 1
2184 9064 1
2184 9962 1
2184 9345 1
2194 9376 2
2194 9997 1
2222 9808 5
2222 8781 1
2222 9867 3
2232 8639 1
2232 9871 1
2232 9593 1
2232 8803 1
2232 8533 1
2232 9755 2
2232 9682 1
2237 8646 2
2237 9179 3
2237 8883 1
2237 9300 1
2246 9592 1
2246 9670 2
2246 9939 1
2249 9849 11
2249 9448 9
2249 8783 1
2249 9808 1
2254 9352 53
2254 9436 1
2254 9494 35
2274 9441 1
2274 9491 1
2274 9242 1
2294 8951 3
2294 9541 2
2294 8825 1
2294 8894 3
2294 9722 2
2294 9866 14
2296 9349 2
2296 9702 3
2296 9904 2
2301 9448 1
2301 8578 1
2305 9615 1
2305 8687 1
2305 9104 2
2317 9535 1
2317 9305 1
2317 9243 1
2317 9309 2
2319 8730 1
2319 8765 1
2319 9579 5
2319 9307 9
2319 9955 35
2331 9998 2
2331 9443 2
2331 9546 1
2335 8653 1
2335 9101 1
2335 9166 1
2335 9614 1
2335 9597 1
2335 9993 1
2340 9726 200
2340 8915 1
2340 9051 1
2343 9440 3
2343 8585 1
2343 9292 1
2343 9701 7
2350 8652 7
2350 8931 2
2350 9469 1
2357 9201 2
2357 9696 1
2357 9869 1
2357 8832 1
2357 9274 1
2357 9933 1
2357 8901 1
2357 9262 1
2357 9319 1
2357 9652 1
2357 9681 4
2367 9129 1
2367 9638 4
2367 8777 8
2367 9097 1
2367 9517 1
2369 9754 1
2369 9044 1
2369 9499 2
2369 9938 1
2391 9051 5
2391 8972 1
2391 9193 3
2391 9495 1
2391 9540 1
2418 9083 1
2418 8906 1
2418 9469 10
2418 9903 4
2418 8649 1
2418 9421 7
2418 9607 1
2422 9558 1
2422 9986 1
2423 9311 2
2440 9086 1
2440 8831 1
2440 8848 1
2440 9262 1
2440 9500 1
2440 9300 1
2440 9896 4
2440 9908 1
2447 8879 1
2447 9929 1
2447 8599 5
2447 8886 1
2447 9751 1
2447 9781 12
2447 8945 1
2447 9200 2
2447 9248 23
2460 8859 1
2463 8890 1
2463 9342 2
2463 9555 1
2463 9911 5
2480 9241 1
2480 9245 1
2480 9817 2
2480 9642 3
2480 9170 3
2480 9509 1
2480 9616 21
2480 9721 1
2492 9074 1
2492 9454 4
2492 9535 1
2492 9447 1
2505 9365 1
2505 9417 1
2505 8774 1
2505 9532 1
2505 9972 2
2505 8902 9
2505 9144 1
2505 9350 1
2505 9545 1
2520 9358 1
2527 9145 1
2527 8688 1
2527 9981 2
2542 9390 2
2542 9448 16
2542 9787 1
2542 9809 2
2542 9233 1
2542 9261 4
2542 8921 1
2547 9607 1
2547 8983 3
2547 8898 1
2547 8772 8
2547 9156 1
2547 9435 7
2557 9447 1
2557 8837 10
2557 8884 1
2557 8960 1
2557 9327 1
2561 9064 2
2561 9259 2
2561 9340 1
2568 9912 1
2577 9433 1
2577 9689 1
2633 9431 1
2633 9087 1
2668 8828 2
2668 9666 2
2684 9159 2
2684 9038 34
2698 8705 2
2698 9767 2
2701 9394 1
2701 9760 4
2701 9879 1
2701 9393 1
2701 8887 1
2701 9446 8
2706 9007 2
2706 8667 3
2706 9295 200
2706 9054 7
2706 9061 1
2706 8873 1
2706 9480 2
2711 9481 1
2711 8647 2
2711 9844 1
2716 8737 1
2716 9370 1
2716 8536 1
2718 9083 9
2718 9286 1
2718 9593 1
2719 9740 3
2742 9701 1
2742 9079 6
2742 9086 5
2742 9221 3
2742 8937 2
2742 9345 1
2742 9558 2
2750 9820 1
2750 9945 4
2751 9877 53
2751 9873 1
2751 8835 16
2751 9150 1
2766 9253 1
2795 8822 1
2795 8650 1
2795 9496 2
2795 8659 1
2795 8751 1
2795 9344 1
2795 9873 1
2799 8784 15
2799 9676 1
2799 8763 2
2808 9629 3
2808 9566 2
2808 9817 1
2808 9891 9
2808 8819 1
2808 9598 1
2810 8559 1
2810 8811 1
2810 9314 1
2810 9689 1
2812 8624 1
2812 8543 2
2815 9254 1
2815 9353 1
2815 8832 3
2831 9815 2
2831 8574 15
2831 9253 1
2831 8894 2
2831 9062 2
2831 9358 4
2831 9384 1
2850 9260 1
2850 9454 17
2873 9407 151
2873 8598 3
2878 9780 2
2878 8905 3
2878 8919 10
2878 9664 2
2878 8877 2
2890 9710 1
2890 9079 13
2890 9518 1
2890 9989 2
2893 9161 1
2893 9553 4
2893 8969 2
2899 8988 4
2899 9205 1
2899 9502 3
2899 9706 3
2899 9851 1
2946 8725 1
2946 8845 1
2946 9983 1
2946 8621 8
2968 9973 3
2968 8668 1
2968 8901 1
3041 9186 1
3043 9684 2
3043 9229 3
3047 9125 1
3047 8576 1
3047 8570 1
3047 9146 1
3047 9460 1
3047 9725 2
3047 9961 1
3047 9981 2
3047 8532 2
3047 8837 1
3047 9416 1
3047 9803 1
3058 9475 40
3059 9842 5
3059 8574 1
3059 9608 1
3070 9946 1
3070 9797 11
3088 8972 145
3088 9770 1
3088 9805 1
3088 9177 4
3092 9619 1
3092 9733 14
3092 8897 2
3092 9776 1
3092 9849 1
3108 9168 9
3108 8873 1
3108 9079 1
3108 9705 1
3112 9947 1
3112 9613 1
3112 9759 141
3115 8800 6
3115 9827 2
3115 9586 1
3115 9931 5
3115 9145 2
3115 9305 6
3115 8711 18
3115 9456 2
3115 9814 1
3123 8621 1
3123 8537 1
3123 9354 1
3123 9404 1
3126 9508 5
3126 9755 17
3132 9119 1
3132 8667 1
3132 9830 1
3132 9120 1
3132 8542 46
3135 9296 1
3135 8980 3
3135 9548 1
3135 9880 1
3150 9390 2
3172 9468 2
3172 9881 1
3172 9158 2
3172 9492 1
3172 9671 3
3172 9731 1
3172 9202 1
3179 8924 1
3187 9218 3
3187 9083 14
3187 9714 2
3192 9298 3
3192 9200 1
3192 9333 1
3200 9722 1
3200 9058 1
3200 9216 2
3200 8647 2
3200 8728 3
3200 8829 3
3200 9049 3
3200 9257 1
3234 9432 2
3234 8880 4
3234 9549 2
3234 9748 1
3234 8685 1
3239 9723 1
3239 9855 2
3246 9349 11
3246 9441 7
3256 9138 1
3256 9113 61
3256 9009 2
3256 9270 1
3256 9928 1
3264 9013 1
3264 9360 4
3264 9792 1
3300 8808 1
3300 8980 2
3300 9161 2
3300 9125 1
3300 9428 200
3300 9934 6
3300 9257 4
3300 8905 200
3300 9091 2
3300 9213 2
3300 8799 2
3300 9132 1
3310 8696 1
3310 9021 1
3310 9682 1
3310 8859 19
3320 9097 2
3320 9341 1
3320 8699 1
3320 9473 2
3344 9141 1
3344 8933 1
3344 9034 1
3344 9886 1
3348 9408 5
3348 8699 2
3351 9076 1
3351 9298 1
3351 8958 2
3359 8575 3
3359 8870 1
3359 9206 1
3359 9463 1
3359 8548 1
3359 8903 1
3359 9200 1
3359 9870 1
3364 9627 1
3364 9033 1
3364 9496 1
3364 9832 1
3384 9229 1
3384 9387 1
3384 9837 1
3384 9728 1
3384 8576 13
3384 8849 1
3384 9155 3
3384 9189 1
3392 8832 4
3392 9380 1
3392 9131 1
3392 9915 1
3402 9870 2
3402 9665 1
3402 9912 3
3402 8547 3
3402 8859 1
3402 9404 1
3402 9473 3
3402 9434 2
3402 9444 1
3402 9777 1
3402 9489 1
3406 8712 1
3406 9754 1
3406 9942 1
3406 8536 2
3427 8782 13
3427 9259 1
3427 9995 2
3455 9583 1
3461 8737 1
3461 9663 1
3461 8579 14
3461 8763 1
3462 8772 2
3462 9495 14
3462 9752 1
3462 8613 1
3462 9652 2
3483 8617 1
3483 9278 1
3483 9814 2
3495 9488 6
3495 8767 1
3507 9843 3
3507 9761 1
3512 9638 1
3512 8858 1
3512 9390 1
3512 9865 1
3512 9650 4
3538 9450 7
3538 9799 1
3554 8768 2
3554 9876 3
3575 8790 2
3575 8985 7
3575 9097 1
3575 8900 2
3575 9320 1
3597 9195 3
3597 9537 28
3597 9954 2
3597 9735 1
3597 9795 1
3597 9867 3
3597 8634 1
3597 9392 1
3597 9509 1
3597 8874 4
3597 9888 15
3597 9562 1
3627 9802 2
3627 9140 2
3627 9962 1
3630 9384 1
3630 9995 2
3630 9614 8
3630 9912 2
3630 9763 1
3630 9795 1
3631 8921 3
3644 8765 1
3644 9532 5
3644 9636 1
3653 9867 1
3653 9404 1
3653 9483 1
3667 9134 1
3667 9139 2
3667 9040 4
3667 9380 3
3667 9685 2
3667 9838 1
3673 9162 1
3673 9674 1
3673 8534 5
3673 8620 1
3673 8781 6
3673 9754 1
3676 8829 1
3676 8891 7
3678 9654 21
3678 9776 1
3678 8768 1
3692 9353 1
3692 9096 1
3692 9215 1
3692 9340 36
3692 9468 2
3692 9780 1
3693 8787 1
3707 8564 1
3707 9360 1
3707 9074 1
3707 9391 1
3707 9942 1
3712 9319 1
3715 9857 1
3715 8923 2
3715 9187 3
3715 9498 9
3717 9262 9
3717 8827 1
3718 9326 1
3718 9720 1
3721 9767 1
3721 9273 2
3721 9800 1
3721 8749 1
3721 9747 1
3732 8733 2
3738 8586 1
3738 9141 2
3757 9399 1
3757 9664 3
3757 8804 2
3757 8854 1
3798 9316 18
3800 8806 2
3800 9159 35
3800 9405 1
3800 9953 1
3800 9347 5
3826 9038 2
3826 8658 1
3826 9320 4
3826 8991 3
3826 9179 8
3826 9707 1
3826 9737 1
3826 9744 3
3826 9489 1
3826 8698 3
3826 9553 1
3826 9657 16
3826 9736 1
3833 9204 1
3833 8581 2
3833 9599 6
3833 8651 1
3833 9719 4
3833 8794 1
3833 9906 1
3846 9573 1
3846 8804 1
3846 9407 1
3846 9466 1
3852 8536 6
3852 8937 2
3852 8915 5
3852 9173 17
3852 9237 1
3852 9272 6
3852 9307 3
3892 9009 1
3892 8617 1
3892 9406 1
3901 9062 32
3901 9144 8
3914 9036 9
3914 9051 1
3914 9407 6
3914 8871 21
3914 9145 9
3914 9205 1
3914 9644 1
3914 9793 1
3914 9945 1
3927 9284 1
3927 9757 1
3927 9130 32
3927 9223 6
3933 8876 10
3933 9884 7
3933 8643 1
3933 9117 1
3933 9510 111
3968 9746 6
3968 8933 6
3968 9715 37
3968 9879 1
3978 9047 2
3978 8992 1
3978 9219 1
3978 8862 3
3994 9092 2
3994 8920 2
3994 9052 1
3994 9348 1
4000 8870 1
4000 9689 4
4000 9874 1
4000 9161 1
4000 9372 1
4000 9801 1
4005 9102 1
4005 9830 2
4005 9015 1
4006 8819 1
4006 8786 3
4006 8913 1
4006 8855 1
4006 9516 7
4014 9368 1
4014 8622 2
4032 9154 1
4032 8897 1
4032 9206 1
4039 8626 1
4039 9653 1
4039 8643 8
4039 9137 1
4039 9278 1
4076 8586 1
4076 8858 1
4076 9401 1
4076 8724 1
4076 9202 1
4103 8787 1
4103 8870 1
4103 9385 1
4103 9980 1
4150 9270 1
4150 8643 1
4150 9096 1
4150 9245 10
4150 9861 3
4171 9791 1
4171 8899 1
4174 9061 1
4194 9968 1
4194 9693 2
4206 8806 1
4206 8709 1
4219 8695 8
4219 8975 1
4219 9370 2
4219 9950 1
4219 9409 1
4229 9440 1
4229 8634 1
4229 9026 1
4229 9447 2
4233 8568 2
4233 9038 1
4233 9538 2
4233 9643 8
4256 8884 3
4269 9841 6
4269 9022 2
4269 9376 1
4269 9305 2
4270 9825 3
4270 9406 1
4270 9484 1
4284 8533 9
4284 8965 2
4284 9800 1
4286 9281 1
4286 9538 3
4304 9196 1
4304 9312 1
4304 9418 1
4304 9476 2
4304 9574 1
4312 8562 1
4312 9127 1
4312 8852 1
4312 9376 1
4316 9843 6
4316 9619 1
4349 8893 1
4349 8605 18
4349 8913 1
4349 9653 1
4349 9772 1
4359 9260 2
4359 9195 1
4359 9052 1
4370 9535 1
4370 8719 1
4388 8633 1
4388 9567 2
4429 9061 1
4429 9555 1
4429 8908 2
4429 9609 1
4443 9545 1
4443 9579 1
4451 9483 2
4451 8808 1
4451 9764 1
4466 9045 2
4466 9787 1
4488 8785 1
4488 8727 1
4488 9131 2
4488 9166 1
4488 9671 4
4504 9928 1
4504 9102 1
4504 8538 2
4504 8964 2
4504 9632 1
4504 9842 2
4504 9884 1
4507 8780 1
4507 9411 1
4512 9067 4
4512 9699 1
4512 9865 1
4512 8915 1
4512 8575 1
4512 9451 2
4524 8537 1
4524 9140 5
4524 9289 1
4524 9067 2
4524 9989 2
4524 8973 1
4545 9059 1
4545 8942 1
4553 9861 1
4553 9090 1
4553 9614 1
4559 9020 1
4559 9162 2
4559 8908 1
4559 9854 7
4569 9237 3
4569 9307 2
4569 8975 1
4569 9823 6
4575 8737 4
4575 9560 1
4607 8778 1
4607 9836 2
4608 8896 1
4617 9322 1
4617 9374 7
4617 9752 6
4620 8786 1
4620 9669 1
4620 9882 1
4620 8655 1
4620 9448 3
4620 9774 2
4624 8756 1
4624 9195 1
4624 9624 1
4624 9488 1
4624 8759 1
4624 9216 1
4624 9328 1
4631 9733 1
4631 9823 1
4662 9268 1
4679 8980 1
4686 9205 1
4686 8793 1
4686 9693 1
4707 8825 1
4715 9523 1
4715 9274 1
4715 8675 3
4733 9117 5
4733 9903 1
4733 9284 1
4733 9297 2
4733 9285 1
4754 9120 1
4754 8712 1
4754 9434 2
4754 9684 1
4754 9856 1
4754 9290 5
4791 9323 36
4791 9787 1
4804 8791 2
4804 9954 1
4810 8646 2
4810 9352 1
4810 9805 1
4810 9195 1
4810 9388 1
4810 9494 1
4810 9612 1
4813 9478 1
4813 9669 1
4813 8999 1
4813 9671 1
4813 8803 1
4819 9297 1
4819 9006 19
4821 9038 1
4821 9182 1
4822 8778 3
4822 9347 2
4822 9349 1
4836 8601 2
4836 8774 1
4836 9140 1
4836 8991 1
4836 9674 1
4836 9840 2
4836 9905 1
4836 9968 5
4851 9254 1
4851 9634 1
4851 9957 3
4851 9414 1
4853 9855 8
4853 9980 1
4853 8709 1
4853 8720 3
4853 9107 1
4854 8698 2
4854 9902 1
4862 9866 2
4862 9401 2
4862 9640 1
4862 9239 2
4869 9696 1
4869 9083 1
4869 9207 1
4882 9117 1
4882 8774 1
4882 9808 2
4892 8804 3
4892 8806 4
4892 9364 1
4892 9438 6
4931 9167 1
4931 8869 2
4931 8703 1
4931 8768 1
4931 8614 1
4948 9179 1
4948 9500 1
4948 9274 3
4949 9956 2
4949 8894 2
4949 9986 1
4949 8627 1
4949 9566 5
4949 9299 3
4949 9112 1
4949 9355 2
4949 9350 1
4950 8915 1
4950 9802 1
4950 8570 1
4950 8720 1
4950 9484 1
4950 8801 3
4964 9676 1
4964 9340 1
4964 9822 12
4964 9380 2
4964 8548 1
4971 9840 3
4971 8596 1
4974 9821 1
4986 9701 1
4997 9440 1
4997 9045 3
4997 9265 1
4997 9452 1
4998 9510 6
4998 9149 1
4998 9862 1
5000 9182 1
5000 8900 1
5012 9795 2
5012 9857 4
5018 9456 2
5027 5716 3
5027 8533 1
5027 8624 1
5027 9540 1
5027 8796 2
5027 9156 1
5050 8903 5
5050 8561 2
5050 8891 1
5052 9504 33
5052 9596 15
5052 8561 1
5052 8839 5
5052 8681 1
5052 9503 1
5055 8972 1
5055 9338 2
5055 8946 15
5055 9410 1
5057 8855 1
5057 9385 2
5057 8720 1
5057 9984 4
5074 8881 4
5089 9238 1
5089 8556 1
5109 9869 1
5142 9389 1
5143 9281 3
5143 8553 2
5143 9111 1
5149 9872 1
5151 9045 13
5151 9272 1
5157 9460 5
5157 9512 1
5163 9162 2
5163 9451 5
5163 9379 1
5171 8855 69
5171 8724 1
5175 9272 2
5190 9191 1
5190 9319 1
5190 8888 3
5190 9341 1
5200 9090 1
5200 9574 1
5208 9021 1
5208 8581 9
5208 8779 1
5245 9092 1
5245 8881 3
5245 8779 7
5245 9220 5
5263 9194 2
5263 8535 2
5263 8800 1
5263 9621 1
5263 9516 4
5263 9176 80
5263 9504 1
5263 9946 4
5265 9725 1
5265 9832 1
5294 8740 1
5294 9297 1
5297 9690 1
5297 8925 2
5297 9627 1
5297 9512 43
5297 9165 4
5308 8891 1
5308 9699 2
5310 9790 1
5310 8846 1
5310 9785 6
5315 8634 1
5315 8996 1
5315 9000 1
5315 9317 1
5315 8937 1
5329 9580 1
5332 9902 1
5332 9603 1
5336 9797 1
5336 9317 2
5342 9371 3
5342 8725 11
5342 8845 2
5342 9373 2
5342 9654 1
5352 9116 5
5355 8979 3
5355 8858 1
5357 9130 2
5357 9492 2
5377 9344 1
5377 9486 2
5381 8785 2
5381 9607 1
5381 9709 1
5411 9161 15
5411 9395 1
5411 8550 1
5416 9884 2
5416 9699 5
5416 9207 7
5416 9933 1
5416 8634 4
5416 9677 1
5416 9643 6
5416 9755 5
5416 9814 3
5416 9576 2
5416 9696 9
5416 9761 83
5434 9504 5
5434 9478 1
5434 9085 4
5450 9083 2
5450 9573 1
5450 8620 3
5450 9036 1
5450 9347 164
5450 9873 17
5450 9202 1
5450 8581 2
5450 9338 3
5450 9254 6
5455 8799 2
5455 9062 1
5455 9888 1
5455 9580 1
5455 8872 2
5455 9119 8
5455 8556 1
5455 9616 2
5463 8855 4
5463 8921 1
5463 8972 1
5463 8814 1
5463 9904 1
5463 9040 1
5464 9924 1
5464 8880 1
5471 9596 1
5471 9983 1
5471 8532 1
5471 9712 1
5471 9841 2
5471 9449 1
5471 9751 1
5474 9152 1
5474 9551 1
5474 9869 1
5474 9168 2
5474 9549 1
5480 8942 2
5480 8678 1
5480 9786 1
5480 9812 16
5481 9242 4
5481 9739 1
5482 9223 2
5498 9899 1
5498 9677 2
5498 9229 1
5498 9644 20
5498 9441 29
5498 9933 1
5498 8817 2
5501 9168 14
5503 9211 1
5503 9744 1
5503 9797 1
5503 9578 1
5517 8581 5
5517 8978 1
5519 9216 1
5519 9175 1
5519 9864 1
5519 9463 4
5528 9279 1
5528 9746 1
5534 8969 1
5534 9407 200
5534 9027 3
5534 9117 1
5534 9999 1
5541 9744 2
5541 9752 3
5541 9210 5
5541 9642 3
5541 9700 2
5542 9528 13
5561 9764 1
5561 9896 3
5561 8908 1
5579 8643 7
5592 9324 23
5600 8624 2
5608 9725 1
5618 9879 3
5618 9994 1
5618 8892 2
5618 8687 1
5618 8624 1
5618 8951 14
5620 9688 4
5620 8989 1
5631 8709 6
5631 9710 1
5631 9469 1
5631 9624 19
5631 9933 4
5673 8767 1
5677 9538 1
5677 8848 10
5677 9275 1
5677 9602 1
5677 9015 4
5677 8996 1
5677 9946 1
5699 8730 1
5699 9998 1
5699 8949 3
5699 9292 1
5699 9854 8
5716 8535 1
5716 9368 1
5724 9867 1
5724 9261 18
5724 9870 1
5724 8877 3
5724 9494 4
5724 9841 2
5724 9984 11
5724 8772 1
5724 8730 1
5725 9153 34
5729 8879 1
5729 9516 1
5729 9262 1
5729 9603 25
5729 9423 10
5729 9158 4
5741 8617 1
5741 9719 28
5741 9017 1
5741 9260 1
5747 9030 1
5747 9320 1
5747 9757 1
5747 9182 1
5752 9049 2
5752 8820 4
5752 8584 62
5752 9603 1
5752 9710 2
5752 9841 1
5789 9101 1
5789 9896 1
5797 9488 1
5797 9967 1
5799 9088 1
5800 9030 1
5800 8818 1
5800 9428 1
5800 8543 2
5800 9279 1
5800 9186 5
5800 9456 3
5800 9820 3
5800 9411 1
5800 9739 1
5800 9735 1
5800 9826 1
5800 9869 1
5812 8791 1
5812 9385 1
5812 9000 1
5812 9290 43
5812 8672 2
5821 9448 1
5821 9348 1
5821 9961 5
5821 9685 1
5821 9112 2
5831 8883 1
5831 9083 9
5831 9054 1
5831 8570 5
5831 8999 1
5833 8796 137
5833 9494 14
5833 8784 1
5833 8859 1
5833 9486 20
5833 8614 1
5851 9452 57
5875 9751 1
5875 9866 1
5875 8642 2
5875 9157 1
5875 9460 1
5875 9950 1
5882 9277 5
5882 9567 1
5882 9670 1
5882 8741 5
5882 8769 2
5882 9816 1
5882 9954 2
5882 9320 17
5882 8935 1
5882 8589 2
5884 8779 1
5884 9662 6
5891 9856 1
5891 9669 1
5894 9210 1
5894 9301 2
5897 9755 1
5897 9844 13
5897 9239 2
5897 9056 1
5936 8930 1
5936 9319 6
5936 9209 1
5936 9854 1
5936 9809 2
5942 9259 1
5942 9756 1
5942 9702 1
5942 8856 1
5942 9504 69
5968 9523 1
5968 8585 1
5971 9732 1
5971 9390 1
5971 9546 2
5971 9624 1
5971 9463 1
5971 9642 22
5971 9818 1
5975 8938 4
5993 9838 1
5993 8854 10
5993 9071 1
5993 9418 1
5993 8933 4
6007 9486 44
6007 8824 13
6007 8950 1
6007 9759 1
6007 8784 3
6007 9091 11
6007 9927 1
6018 8661 1
6018 9223 1
6018 9896 1
6018 9236 1
6018 9295 1
6037 9542 10
6037 8721 5
6037 9814 13
6037 9866 17
6037 9024 26
6037 9011 1
6037 9952 1
6039 8540 1
6039 9344 18
6039 9370 1
6039 9781 2
6039 9937 2
6039 8625 1
6048 8537 1
6048 8832 3
6048 8983 1
6048 9828 1
6050 8929 2
6050 9999 2
6050 8620 2
6050 8874 1
6050 9881 1
6059 9263 2
6063 8548 2
6063 8800 1
6063 8993 2
6063 9702 1
6064 9384 2
6064 8547 2
6064 8944 3
6064 9106 6
6069 9798 5
6075 9158 1
6075 8845 1
6075 9735 1
6075 9718 4
6115 8817 1
6115 8968 1
6115 9830 1
6115 8586 1
6136 8589 1
6136 8594 6
6136 9854 1
6136 9387 1
6136 9116 3
6136 9566 6
6152 9788 2
6152 9999 34
6152 8558 1
6155 8643 1
6155 9643 1
6155 9242 1
6155 9622 1
6155 9378 7
6155 9820 1
6164 9019 1
6164 9923 5
6182 8890 1
6182 9795 1
6202 9702 2
6202 8794 1
6202 9104 1
6202 9328 2
6202 9921 1
6202 8792 2
6215 9798 5
6215 9840 2
6215 8632 1
6215 8533 3
6215 8728 1
6218 9696 1
6218 9723 1
6223 9836 1
6224 9776 4
6224 9298 1
6224 8933 1
6224 8811 2
6224 8905 1
6224 8995 1
6238 8840 6
6238 9263 1
6248 9987 1
6248 8601 1
6253 8781 1
6253 9081 1
6253 9113 1
6253 8772 1
6253 9578 1
6253 9561 1
6254 8848 1
6254 8754 8
6254 9295 1
6256 8535 1
6256 8632 1
6263 9905 1
6263 9066 2
6263 9326 1
6292 9214 3
6292 9275 1
6306 9692 1
6323 9478 18
6323 9018 2
6334 9935 2
6334 8667 1
6337 8617 3
6337 8752 1
6337 9062 9
6337 8578 2
6340 9714 2
6340 9865 1
6344 9971 5
6351 8621 2
6357 9159 1
6357 8885 1
6357 9611 1
6382 8738 95
6382 9471 25
6388 8677 1
6388 9002 3
6388 8958 1
6388 9432 5
6388 9677 1
6400 9050 1
6400 8848 2
6400 9354 2
6425 8548 1
6425 9245 1
6425 9554 5
6434 9205 1
6434 9374 1
6434 8837 7
6434 9536 1
6434 9798 1
6441 9823 1
6441 9394 1
6450 8719 180
6462 8898 1
6462 9003 1
6462 9264 1
6462 9569 1
6462 9840 1
6462 9806 2
6462 9929 2
6471 8828 1
6471 8705 1
6471 9035 3
6472 8635 1
6472 9265 1
6472 9478 7
6472 9780 1
6472 9999 1
6472 9793 1
6472 9268 1
6490 9494 200
6490 8958 1
6490 9223 32
6494 9372 1
6494 9754 1
6502 9619 1
6502 9087 1
6502 9206 2
6502 9821 2
6502 9478 1
6514 8572 3
6514 9171 2
6514 8650 1
6514 9461 4
6516 9053 1
6516 8622 1
6516 8753 1
6532 9900 1
6549 9248 1
6566 9892 1
6566 9159 2
6566 9690 3
6566 9921 1
6589 9670 1
6589 8839 1
6589 9796 1
6589 9500 1
6589 9565 1
6589 9973 1
6598 9494 1
6598 9953 185
6598 8929 1
6598 9537 1
6614 9710 2
6614 9897 1
6614 9477 2
6618 9159 1
6618 9389 1
6618 8902 1
6641 9111 9
6641 9405 1
6641 9504 1
6641 9827 2
6663 9973 37
6663 9252 3
6664 8645 5
6664 9216 4
6664 8688 1
6664 9554 1
6664 9844 1
6664 8829 2
6664 9011 3
6664 9390 1
6666 9292 1
6666 9908 1
6666 9923 1
6666 8831 1
6666 8822 1
6666 9615 1
6681 9840 1
6681 9933 1
6681 8543 1
6681 9189 3
6681 9939 1
6681 9551 1
6713 9224 2
6713 9999 3
6713 9700 4
6713 9981 3
6713 8694 1
6713 8791 1
6713 9909 1
6720 9312 2
6732 9265 1
6732 9685 2
6732 8887 9
6732 9260 1
6732 9681 5
6744 9985 1
6744 8598 1
6744 9555 3
6744 9891 1
6744 9937 1
6763 8923 1
6763 8836 1
6776 8855 5
6776 9480 11
6776 9934 3
6776 8650 1
6776 9007 3
6783 9121 1
6783 8804 6
6783 9725 2
6783 8793 1
6783 9613 2
6783 9168 1
6783 9358 3
6788 9573 1
6790 8649 1
6790 8534 1
6790 9027 1
6806 9187 5
6807 9518 1
6807 9073 1
6807 9664 4
6807 9840 4
6807 9718 2
6807 9882 2
6815 9022 1
6815 9421 1
6815 9210 1
6815 9477 1
6820 9002 2
6820 9356 3
6820 9815 1
6823 9564 1
6846 9884 1
6846 9167 1
6848 8915 1
6848 8568 1
6848 9296 1
6848 9736 1
6848 9737 1
6853 8985 1
6853 9083 5
6865 9121 4
6865 8622 1
6865 9139 3
6865 9192 1
6865 9999 1
6871 9730 1
6871 9872 1
6889 9236 8
6889 9368 2
6891 9437 5
6891 9395 1
6891 9682 1
6891 8995 13
6891 9867 1
6891 8818 7
6891 9581 1
6896 8649 1
6896 9652 3
6896 9878 5
6912 9612 1
6912 9884 4
6912 8687 2
6912 8924 1
6912 8787 1
6914 9989 1
6914 9653 2
6914 8556 1
6914 8778 1
6922 9959 1
6922 8897 1
6922 9295 1
6922 9254 1
6931 8781 1
6931 8614 2
6931 9261 5
6959 9860 1
6959 8878 2
6959 9233 2
6959 9404 1
6959 8594 3
6959 8602 1
6959 8973 1
6972 9851 1
6972 8946 1
7014 8814 1
7014 9456 1
7014 9640 1
7032 9192 1
7032 9153 1
7032 9733 1
7035 8642 1
7035 9581 3
7035 9013 1
7040 9489 1
7040 9153 1
7040 9328 2
7040 9450 1
7044 9862 3
7044 9581 1
7044 8649 2
7044 9093 16
7057 9026 2
7057 8863 2
7057 9044 2
7073 9499 59
7073 9913 2
7074 8569 3
7074 9770 2
7074 9045 1
7074 9090 1
7074 9070 1
7105 8935 13
7105 8976 10
7111 9596 1
7111 9017 1
7111 8932 2
7111 9365 2
7134 9805 1
7134 9825 1
7156 9094 2
7156 9596 6
7167 9070 1
7188 9463 6
7191 9482 64
7191 9957 3
7191 9240 1
7191 9663 4
7191 8866 3
7220 9836 3
7220 9440 6
7220 8769 1
7220 9120 1
7220 9398 1
7220 9680 1
7227 8746 1
7227 8711 1
7227 9666 3
7248 9093 6
7248 9029 1
7248 9052 1
7248 9804 4
7248 9968 1
7248 8964 1
7248 9284 7
7251 9855 1
7251 9021 2
7251 8558 5
7251 9327 14
7251 8886 4
7273 9305 1
7273 9009 1
7287 9196 2
7287 9345 1
7287 9003 6
7287 9458 1
7287 9492 1
7294 9902 10
7294 8997 1
7316 9970 3
7324 9640 1
7324 9756 1
7324 8785 1
7324 9107 1
7350 9471 1
7350 9007 7
7350 9665 1
7352 9340 1
7352 9539 2
7352 8876 1
7352 9033 1
7352 9220 1
7363 9607 2
7363 9290 2
7363 8635 1
7367 8932 1
7376 8649 1
7376 9101 2
7376 9214 4
7378 9760 1
7378 8964 38
7378 9805 2
7378 9076 1
7378 8792 1
7378 9688 4
7384 9322 1
7384 9929 3
7384 8740 1
7384 8842 3
7384 9279 1
7390 9679 1
7390 9410 1
7390 9798 4
7390 9338 5
7426 8831 2
7426 9118 1
7426 9252 1
7427 9872 1
7427 9510 4
7430 8949 1
7430 9361 1
7430 9945 2
7430 9352 1
7430 8892 5
7430 9621 1
7442 9569 27
7442 9847 1
7442 9780 1
7447 9054 1
7447 9809 1
7447 9064 1
7447 9851 2
7464 9015 1
7474 9243 1
7481 9946 2
7481 9517 52
7481 9770 1
7481 8975 1
7482 9791 1
7482 8558 1
7482 8645 2
7492 9658 1
7493 9387 1
7493 9024 15
7493 8727 5
7494 9690 14
7497 9149 1
7497 9395 1
7497 9817 3
7499 9150 1
7499 9233 1
7523 8660 1
7523 9663 5
7523 8907 1
7523 9647 1
7585 9961 1
7585 8737 1
7585 9267 1
7585 9418 3
7617 9322 1
7629 9532 13
7630 9365 2
7630 9279 1
7630 9286 1
7630 9629 2
7630 8937 1
7630 8981 2
7630 9353 6
7630 9505 1
7630 9760 1
7631 9579 2
7634 9576 3
7634 8705 1
7634 9556 16
7634 9915 1
7634 9549 1
7635 9935 1
7635 9353 1
7635 9022 1
7635 9608 1
7635 9810 3
7638 9073 1
7638 9228 1
7645 8892 1
7649 9394 1
7649 9129 1
7649 9595 1
7663 9505 1
7663 8776 2
7663 8876 1
7663 9791 1
7668 9476 1
7668 9621 1
7668 8759 4
7675 9650 2
7675 8608 1
7675 9573 1
7715 9091 1
7715 8561 1
7715 9401 3
7715 9062 3
7715 9770 17
7724 8555 1
7724 9557 2
7724 8869 1
7724 9044 1
7724 8537 2
7724 9531 1
7737 9967 2
7737 8555 1
7737 9088 1
7737 8881 1
7737 9791 1
7755 9236 1
7755 8945 1
7755 9429 1
7755 8743 1
7755 8992 1
7758 8743 1
7760 9009 1
7760 8876 3
7760 9523 2
7764 8534 1
7764 9937 1
7764 9806 1
7764 8727 1
7771 9973 1
7771 9351 4
7771 9881 1
7771 9024 1
7774 9637 1
7774 9531 2
7814 8976 2
7814 9626 1
7818 9752 1
7818 9264 2
7818 9113 1
7818 8945 2
7818 9691 1
7818 9117 1
7818 8787 1
7818 8790 8
7818 9423 1
7829 8699 1
7829 8703 1
7829 9121 12
7854 9984 1
7854 8780 6
7854 9986 1
7854 9193 2
7854 9301 1
7854 9705 1
7854 8793 5
7854 9654 11
7857 9318 1
7857 9391 2
7857 9579 3
7857 9837 4
7868 9543 1
7868 8584 1
7868 9983 1
7873 8919 1
7873 8964 1
7873 8678 2
7898 9226 1
7898 9849 1
7898 8721 6
7898 9662 4
7914 9505 1
7914 9748 1
7916 9743 1
7916 9800 4
7918 8888 1
7926 9915 4
7926 8689 1
7926 8811 2
7930 8680 2
7930 9200 1
7930 9597 1
7930 8733 1
7930 8881 2
7930 8752 11
7930 9853 3
7932 9560 1
7948 9608 1
7948 9333 2
7948 9362 1
7948 9592 1
7964 9690 3
7964 8741 1
7967 8721 4
7974 9059 1
7974 9271 1
7974 9437 1
7975 9164 33
7975 9408 1
7975 9772 1
7975 8712 4
7975 9118 2
7975 9147 1
7975 9613 2
7979 9354 1
7979 9838 1
7979 9994 1
7989 9166 1
7989 9050 35
7994 8613 1
8042 9950 1
8042 9187 33
8042 9036 1
8047 9139 1
8047 9562 1
8047 9006 1
8047 9067 1
8047 9553 2
8049 8849 1
8049 9810 1
8049 9373 1
8049 9599 2
8070 9809 1
8070 9175 1
8070 9505 2
8070 9727 1
8070 8634 1
8075 9647 1
8075 9638 7
8075 9450 2
8075 9939 1
8075 9401 1
8078 9011 2
8078 9239 1
8078 9262 1
8078 8965 2
8078 9012 1
8078 9846 8
8078 9115 1
8078 9322 7
8078 9580 9
8078 9830 1
8083 9980 12
8083 8929 2
8083 9781 1
8083 9113 1
8083 9364 1
8083 8948 1
8083 9745 14
8087 8597 1
8087 9909 1
8087 9482 2
8102 9270 1
8102 9955 5
8118 8840 1
8118 8575 1
8118 9109 1
8118 9162 1
8118 9130 2
8118 9600 2
8134 9735 11
8134 9722 1
8134 9349 1
8134 9578 1
8134 8942 1
8134 8653 2
8134 9822 1
8145 8584 3
8145 8555 3
8145 8647 2
8145 8726 1
8145 9491 14
8172 9349 1
8172 9657 24
8172 8726 1
8172 9877 1
8172 9695 1
8172 8560 1
8172 9488 2
8172 9836 1
8185 8699 5
8185 9743 4
8185 8681 3
8185 9029 12
8185 9117 52
8189 9441 4
8189 8868 1
8207 9860 2
8207 9170 1
8207 9348 2
8211 9242 1
8211 9121 1
8240 9752 3
8240 8598 2
8260 8996 1
8260 8925 74
8260 9876 2
8262 9994 1
8262 9423 8
8262 8813 1
8267 8784 4
8267 8988 1
8267 9591 1
8267 8749 9
8267 8763 1
8267 9081 1
8267 9273 1
8267 9477 2
8267 9881 2
8267 9026 1
8281 9213 1
8281 9985 2
8281 9528 1
8281 9496 9
8281 8931 7
8288 8727 3
8288 9525 1
8288 9495 1
8311 9940 1
8311 8890 3
8312 9939 5
8344 9218 1
8344 8627 1
8369 8741 1
8369 9928 4
8369 9989 17
8383 8543 2
8383 9774 10
8383 8630 3
8383 8892 1
8383 8557 8
8383 9414 1
8383 9663 1
8397 9508 1
8397 9459 1
8397 9684 2
8406 9676 1
8406 8706 1
8431 9680 1
8431 8794 3
8431 8849 1
8431 8587 26
8475 9281 2
8475 9455 5
8475 8968 6
8479 9125 1
8479 9634 1
8479 9422 1
8479 9654 1
8479 9316 2
8479 9387 1
8479 9706 5
8479 9844 2
8479 9132 2
8479 9602 2
8479 8543 4
8479 9053 1
8487 8919 2
8498 9055 1
8498 9326 4
8504 8964 1
8504 9632 13
8509 8929 1
8518 9723 3
8531 8580 1
8534 8631 1
8536 8823 3
8539 8694 4
8539 9712 1
8539 8814 1
8539 9528 1
8539 9676 8
8539 9815 3
8540 9920 1
8541 9362 8
8541 9734 1
8541 9583 1
8542 8771 1
8544 8750 4
8544 8660 200
8544 9277 1
8545 9888 15
8546 8672 1
8546 9591 3
8549 9886 1
8549 9837 1
8549 9202 3
8549 8577 1
8549 8969 2
8550 8936 4
8551 9518 16
8551 9839 1
8551 9481 1
8552 9992 2
8552 9131 1
8552 9692 1
8554 8579 1
8554 8913 3
8555 8770 2
8555 8623 47
8559 8875 2
8561 8735 1
8561 8807 1
8562 8889 1
8563 9136 32
8563 8864 1
8563 9508 1
8564 8922 8
8565 9674 4
8566 8597 1
8566 9240 1
8566 8819 1
8566 8981 1
8566 9228 2
8566 8579 1
8566 9219 1
8567 9238 1
8568 8734 1
8569 9811 2
8570 8593 1
8571 9589 1
8573 8594 2
8573 8581 7
8574 8821 1
8575 8609 1
8576 8966 1
8576 9930 5
8579 8611 2
8579 8697 1
8580 9421 1
8580 9891 1
8580 8794 1
8580 9012 1
8580 9707 1
8580 9727 19
8581 9032 3
8582 9878 1
8582 8908 1
8582 9059 1
8582 9287 1
8583 8846 1
8583 9802 3
8584 8797 1
8585 9039 4
8585 8732 1
8586 9570 1
8587 9306 1
8587 8693 1
8587 8723 1
8588 8632 1
8588 9780 2
8588 9788 18
8589 9589 2
8589 8802 4
8590 9613 1
8590 9451 1
8590 9720 6
8590 8607 9
8590 8653 1
8590 9715 4
8590 9721 1
8591 8891 1
8591 9699 1
8591 8899 1
8592 8656 1
8592 8757 1
8594 9515 2
8594 8904 1
8595 9913 20
8595 9127 1
8595 9267 1
8595 9539 4
8595 9327 1
8595 9747 2
8595 9934 8
8596 9758 1
8599 9708 4
8599 8742 1
8600 8995 6
8600 9854 1
8600 9130 1
8600 9946 1
8600 8785 1
8600 9632 8
8601 8629 1
8601 8686 2
8602 8731 52
8603 9692 1
8603 9907 1
8604 8748 3
8604 8853 1
8605 8673 1
8606 9755 1
8606 9983 1
8606 9340 5
8606 8756 1
8606 9326 1
8607 8669 3
8607 8789 1
8609 8728 1
8609 9116 1
8609 9855 4
8611 9908 2
8611 9212 1
8611 9073 2
8612 9933 18
8612 9213 4
8612 8817 1
8612 9296 1
8613 9363 2
8613 8957 1
8614 8671 3
8615 8846 1
8615 9525 2
8616 9379 2
8616 8765 1
8616 9941 1
8616 8630 19
8616 8777 1
8616 9241 1
8618 9816 1
8618 9392 3
8619 9351 8
8619 9298 1
8620 8943 1
8620 8747 1
8623 9731 3
8623 8740 2
8623 9923 2
8626 9042 1
8628 9156 70
8628 8842 1
8628 9190 1
8628 9284 1
8628 9826 1
8628 9947 1
8629 9463 1
8629 9900 7
8629 9593 2
8629 9923 6
8629 9957 1
8629 9124 1
8629 9790 1
8630 8707 8
8631 9512 1
8631 9772 3
8631 9955 33
8632 8789 4
8633 9813 1
8634 8889 2
8636 9670 3
8636 9074 1
8636 9428 1
8636 9756 3
8636 9124 1
8637 9309 61
8637 9434 1
8637 9718 1
8637 8749 1
8637 8780 4
8637 9842 62
8637 9352 1
8638 8965 4
8638 8852 1
8638 9408 1
8638 8949 1
8639 8747 1
8640 9309 2
8640 9793 1
8640 9528 1
8640 9593 1
8640 8782 1
8640 9679 4
8640 9888 200
8641 9699 1
8643 9010 1
8644 8924 2
8644 9194 1
8644 9201 3
8644 8996 1
8646 9753 1
8648 9243 3
8650 8757 2
8651 8823 1
8652 8956 3
8654 9899 1
8654 9253 1
8656 9446 1
8656 9150 1
8657 9400 1
8657 9218 1
8658 8690 1
8658 9976 1
8658 8700 8
8658 9010 1
8659 8789 1
8660 9515 1
8660 8947 1
8661 9037 1
8662 9094 1
8662 8849 8
8662 8785 1
8662 9106 1
8662 9417 1
8662 8774 19
8663 9840 1
8663 9536 1
8663 9273 1
8663 9432 7
8663 8695 1
8663 8860 1
8664 8808 1
8664 9264 5
8664 9362 1
8664 8848 3
8665 9036 1
8665 9862 1
8666 9173 5
8666 9005 1
8666 9068 1
8666 8829 2
8667 9570 1
8668 8998 2
8669 9320 1
8669 9482 1
8669 8980 2
8670 8864 3
8670 8695 2
8670 9961 4
8671 9275 2
8671 9131 1
8671 9380 3
8671 9983 1
8673 9761 1
8673 9141 2
8673 9378 1
8673 9816 4
8674 9137 1
8674 9311 2
8676 9790 1
8676 9076 1
8676 9030 1
8676 9387 1
8677 8797 1
8677 8683 13
8678 8735 8
8678 9660 1
8679 9350 1
8679 9864 41
8680 8701 1
8680 9010 2
8682 9130 1
8682 9913 1
8683 8827 8
8683 8761 1
8683 9524 1
8684 9695 4
8684 9921 1
8686 9268 1
8686 9806 3
8686 9911 2
8688 9610 1
8690 9695 9
8691 9491 1
8691 9569 8
8691 9582 7
8692 9722 5
8692 8768 37
8692 8902 1
8692 8879 2
8692 9071 1
8693 9316 1
8695 9072 1
8696 9072 1
8697 8931 7
8697 9608 4
8697 9098 1
8697 9026 1
8697 9536 4
8700 9634 1
8700 8893 1
8700 9433 1
8701 9136 1
8701 8765 1
8701 9237 1
8701 9248 1
8701 8948 1
8701 9127 25
8702 9894 3
8703 9039 1
8704 9645 2
8704 9226 1
8704 9844 1
8704 9140 8
8704 9372 1
8704 9609 1
8704 9980 1
8704 9125 1
8704 9987 8
8707 9268 1
8707 9153 1
8707 9471 1
8708 9073 4
8708 9798 1
8708 9450 1
8710 8899 5
8710 9011 2
8710 8960 1
8710 9458 6
8710 9355 11
8710 9398 1
8710 9199 1
8710 9597 1
8712 8789 1
8713 9822 3
8713 8822 2
8713 9668 2
8714 9455 1
8714 9229 1
8714 8884 1
8714 8950 14
8715 9678 2
8716 9633 2
8717 9598 4
8717 9954 1
8717 8786 1
8717 9436 1
8718 8967 1
8722 8917 2
8722 8904 1
8723 9568 1
8723 8920 10
8725 8748 3
8725 9077 1
8729 9659 1
8729 9092 1
8729 9467 2
8731 9514 2
8731 9429 1
8731 9849 1
8732 8855 1
8732 9459 4
8734 8753 2
8734 8980 2
8734 9531 1
8734 9671 1
8734 9199 1
8734 9445 6
8735 9781 2
8735 9536 2
8735 9127 1
8735 9832 1
8735 9194 2
8735 9482 2
8736 9299 6
8736 9999 1
8736 8756 1
8736 8796 1
8737 8955 1
8738 9783 35
8739 8741 1
8739 8887 1
8739 9924 1
8739 9395 1
8741 9918 1
8742 9086 4
8744 9802 1
8744 8784 2
8744 9354 7
8744 8931 2
8744 9502 32
8745 9106 2
8745 9438 5
8745 9092 1
8745 9336 9
8745 9483 6
8745 8888 2
8746 9031 3
8746 8982 1
8747 9968 1
8747 8752 7
8747 9505 1
8747 9709 1
8747 9209 1
8747 9036 1
8747 9383 1
8747 9993 1
8747 9461 1
8747 9115 1
8747 9560 13
8747 8820 1
8747 9900 1
8748 8784 6
8748 9199 11
8750 9515 2
8750 9369 1
8752 9782 1
8753 8922 2
8755 9311 1
8755 9220 1
8755 9146 1
8755 9822 59
8755 9638 3
8755 9886 1
8756 8805 7
8757 9502 1
8757 8862 1
8757 8887 3
8758 9372 1
8758 9434 1
8759 8956 1
8760 9023 1
8760 9976 2
8762 9395 1
8762 9995 1
8762 8840 3
8762 9088 2
8762 9417 1
8762 9734 1
8763 8812 1
8764 9644 1
8764 9441 1
8764 9248 2
8766 9903 1
8766 9191 2
8767 8841 1
8768 9708 1
8770 9027 2
8770 9138 1
8770 9416 1
8770 9116 1
8770 9245 1
8770 9281 1
8770 9741 1
8770 8832 1
8770 9079 1
8770 9238 2
8770 9285 1
8770 9022 1
8770 9731 1
8771 9027 3
8773 9097 21
8773 9466 1
8773 8907 1
8773 9561 4
8775 9556 9
8775 9019 1
8777 8843 1
8778 9813 1
8780 8910 1
8783 9369 1
8783 9976 1
8783 9037 3
8788 9352 1
8788 9545 1
8788 9997 1
8788 9214 1
8788 9379 1
8788 9707 1
8789 9558 1
8789 9853 1
8789 9941 39
8789 9993 1
8789 9025 1
8790 9708 9
8791 9606 1
8792 9610 5
8792 8970 2
8792 8990 1
8795 8991 1
8795 8997 1
8795 9149 1
8795 9400 1
8797 9024 1
8797 9969 1
8798 9414 4
8798 9684 1
8798 9741 19
8799 8895 4
8800 9605 2
8800 9522 2
8802 9924 1
8802 9219 1
8802 9871 3
8802 8945 3
8802 9475 1
8803 8986 2
8804 8830 18
8805 9373 2
8805 9931 1
8806 9367 2
8807 9038 22
8807 8900 3
8807 9054 1
8809 9279 1
8809 9726 1
8810 9537 1
8810 9236 1
8810 9931 53
8812 9821 1
8812 9870 1
8813 8882 1
8815 9912 1
8816 9985 1
8816 9598 3
8816 9421 2
8818 8953 2
8818 9889 1
8822 9010 1
8822 8990 29
8822 9590 1
8823 9206 2
8824 9590 1
8825 9008 4
8826 9869 1
8827 9661 1
8830 8893 1
8830 9144 1
8830 9541 1
8830 9897 1
8832 8911 1
8833 9382 1
8833 9029 1
8833 9554 5
8833 9576 9
8833 9949 1
8834 9206 2
8834 9546 1
8834 8858 1
8834 8878 3
8838 9642 1
8838 9138 1
8839 8882 35
8840 9337 5
8842 9930 1
8843 9019 1
8843 8899 1
8843 9176 1
8843 9865 4
8843 9992 1
8844 8949 1
8844 9843 1
8846 8970 26
8847 9712 5
8847 9277 3
8847 9438 1
8848 9661 1
8850 9758 1
8851 8942 1
8852 9753 3
8853 9491 2
8857 9369 1
8857 9570 1
8861 9499 105
8862 8953 6
8863 9661 2
8864 9976 1
8865 9564 1
8865 9374 1
8867 9242 1
8867 9957 5
8869 9032 1
8870 9708 1
8875 9134 3
8875 9872 1
8876 9708 2
8880 9001 2
8880 8910 1
8882 9254 1
8882 9549 1
8882 9961 4
8882 8896 1
8882 9177 1
8882 9216 1
8884 8962 10
8885 9046 1
8889 9785 1
8889 9636 1
8889 9241 1
8895 9543 1
8901 8927 1
8902 8962 7
8904 9959 1
8905 9758 6
8906 9032 1
8907 8961 1
8909 9147 1
8909 9629 2
8909 8989 1
8909 9387 2
8909 9405 1
8909 9924 6
8910 8974 1
8910 9020 2
8911 9968 1
8912 9970 4
8912 8935 2
8914 9770 1
8914 9088 74
8914 9670 1
8914 9622 1
8916 9844 3
8916 9182 1
8916 9839 1
8917 9121 4
8917 9167 2
8917 9484 1
8917 9847 1
8918 9345 2
8918 9940 1
8918 9214 3
8918 9643 9
8919 9169 1
8919 9910 1
8922 9285 1
8922 9056 1
8922 8948 1
8922 9603 1
8922 9633 4
8922 9461 1
8922 9866 1
8922 9477 1
8922 9985 2
8922 8931 1
8922 9728 1
8923 9065 1
8924 9072 44
8926 9157 1
8926 9003 1
8926 9634 1
8926 9712 1
8927 9700 3
8927 9006 1
8927 9067 4
8927 9633 1
8928 9006 1
8928 9134 1
8929 9930 4
8933 9065 1
8934 9205 1
8934 9663 123
8934 9098 59
8934 9716 3
8936 9897 3
8936 9245 1
8936 9383 1
8936 9847 1
8936 9940 2
8938 9667 1
8939 9438 37
8939 9070 1
8939 9843 1
8940 9066 19
8940 8985 1
8940 8993 1
8941 9131 1
8941 9213 4
8941 9351 1
8941 9542 3
8947 9607 1
8947 9017 4
8947 9986 1
8952 9739 1
8952 9971 9
8953 9073 1
8953 9747 2
8954 9301 3
8954 9049 1
8954 8969 15
8954 9364 1
8955 9866 1
8955 9059 3
8955 9370 1
8956 9613 3
8956 9972 1
8956 9328 1
8957 9003 1
8957 9392 1
8957 9164 5
8957 9061 1
8958 9039 2
8959 9400 1
8960 9936 5
8961 9144 1
8961 9317 1
8961 9351 6
8961 9518 122
8961 9549 1
8961 9421 2
8961 9459 1
8961 9058 1
8962 9262 1
8962 9440 5
8963 9363 1
8966 9191 9
8967 9429 1
8970 9228 1
8970 9438 1
8970 9095 5
8970 9417 1
8970 9190 4
8970 9455 1
8970 9636 1
8970 9756 2
8971 9273 1
8971 9445 1
8971 9741 2
8972 9515 1
8976 9465 6
8977 9959 1
8982 9096 1
8982 9312 1
8983 9014 1
8984 9634 1
8985 9028 9
8986 9746 4
8986 9476 1
8986 9539 1
8986 9713 2
8987 9807 1
8987 9485 2
8988 9001 1
8990 9125 1
8990 9537 1
8990 9351 1
8991 8998 1
8994 9841 1
8995 9001 1
8996 9339 8
8997 9813 2
8998 9882 2
9000 9515 1
9001 9327 1
9001 9752 1
9001 9826 1
9001 9422 1
9004 9936 1
9005 9651 1
9008 9376 2
9008 9459 1
9010 9907 2
9010 9658 1
9014 9249 1
9014 9485 2
9014 9659 1
9015 9041 1
9016 9102 1
9016 9364 24
9016 9792 1
9016 9804 2
9021 9142 4
9023 9270 1
9031 9186 1
9031 9423 5
9031 9289 1
9032 9733 1
9032 9861 2
9032 9600 1
9032 9677 1
9032 9323 3
9035 9367 1
9039 9221 4
9039 9994 1
9039 9277 1
9039 9745 12
9039 9276 1
9039 9968 1
9039 9801 2
9041 9763 1
9041 9835 6
9041 9907 2
9041 9204 1
9041 9576 1
9042 9212 1
9042 9271 1
9042 9788 11
9043 9547 1
9046 9531 1
9048 9996 3
9049 9339 3
9055 9306 2
9056 9306 2
9060 9771 1
9065 9092 16
9065 9260 2
9065 9592 1
9065 9785 2
9065 9375 1
9066 9651 1
9067 9610 3
9068 9936 1
9072 9947 2
9072 9085 1
9072 9139 2
9072 9737 1
9077 9167 1
9077 9252 1
9077 9211 1
9077 9659 2
9085 9169 1
9090 9363 1
9095 9813 1
9095 9930 1
9101 9678 1
9102 9918 1
9113 9936 1
9135 9678 1
9137 9506 1
9141 9519 5
9142 9289 5
9142 9871 2
9149 9936 14
9155 9930 1
9158 9325 2
9160 9303 1
9169 9716 1
9169 9312 38
9169 9211 4
9169 9568 3
9172 9227 1
9174 9661 1
9174 9346 5
9176 9337 1
9176 9522 5
9177 9660 1
9178 9811 1
9178 9589 2
9179 9976 1
9187 9811 1
9196 9363 2
9198 9601 3
9204 9920 1
9207 9572 3
9209 9519 1
9219 9605 3
9221 9678 1
9224 9606 1
9226 9610 1
9230 9863 1
9234 9951 1
9239 9420 2
9249 9570 1
9261 9506 2
9262 9628 1
9276 9572 2
9284 9976 2
9285 9753 1
9286 9783 11
9289 9606 1
9306 9653 1
9314 9990 1
9316 9678 1
9317 9530 2
9317 9628 1
9325 9949 1
9325 9426 2
9327 9976 1
9342 9920 12
9346 9668 1
9346 9733 1
9361 9910 1
9363 9682 2
9363 9740 2
9367 9853 1
9369 9502 7
9370 9590 2
9376 9936 1
9392 9660 1
9393 9610 1
9397 9773 1
9398 9890 1
9398 9610 1
9402 9421 2
9403 9661 1
9413 9533 1
9414 9930 1
9428 9651 7
9431 9783 1
9431 9678 1
9432 9610 7
9437 9930 1
9467 9783 1
9473 9758 1
9481 9813 2
9482 9661 1
9483 9606 2
9485 9753 1
9493 9544 1
9506 9722 2
9506 9518 1
9506 9546 1
9506 9776 1
9514 9515 1
9514 9570 2
9515 9551 1
9515 9679 1
9519 9573 1
9519 9842 11
9519 9882 1
9519 9664 1
9519 9959 4
9521 9893 3
9522 9884 1
9528 9651 39
9530 9970 2
9530 9777 2
9530 9941 2
9535 9890 3
9537 9660 1
9557 9651 4
9568 9678 6
9572 9700 1
9572 9720 3
9586 9990 1
9590 9803 1
9605 9969 3
9606 9937 1
9609 9889 1
9610 9818 1
9613 9889 2
9629 9910 3
9636 9758 1
9650 9708 12
9651 9825 7
9654 9660 40
9660 9713 1
9661 9906 1
9672 9768 1
9708 9906 1
9709 9910 1
9725 9990 10
9746 9813 5
9747 9887 1
9783 9786 1
9812 9930 20
9813 9892 1
9867 9920 1
9889 9953 9
9889 9985 1
9930 9967 1
9936 9949 1
9936 9972 1
9970 9976 9
9976 9992 1
