30 8945 7
30 8884 1
30 8882 6
30 8905 1
30 9379 3
30 9587 5
42 8682 29
42 8724 1
42 9396 2
42 9442 2
54 8885 1
54 8606 1
54 9430 1
54 9595 3
57 9915 3
57 8774 1
60 9566 1
60 8590 1
60 9708 1
64 8761 3
74 8975 1
74 9706 3
74 8796 1
74 8738 73
74 8787 2
74 9324 1
74 8839 2
77 9160 4
77 9150 4
79 9698 3
79 9607 1
79 8630 6
79 9235 4
79 9476 1
90 8589 1
90 9736 3
90 9885 1
95 9519 1
95 8603 2
95 9814 1
95 9963 1
95 8781 1
120 9418 1
120 9609 2
120 9662 1
123 9575 4
123 9040 1
123 9684 1
136 8713 1
136 8545 2
145 8851 2
145 8965 1
145 9313 1
145 9593 2
156 9880 2
185 9379 1
185 9670 2
185 9481 12
185 9657 1
194 9721 1
210 9070 1
210 9555 1
210 9075 1
210 9747 1
230 9922 1
230 8599 3
230 8890 1
230 9026 1
252 9386 1
252 9347 2
252 8713 1
260 9515 1
260 8685 2
260 9204 1
267 9183 14
267 9448 1
267 8721 1
267 9354 1
278 9024 4
278 9691 1
278 9841 1
278 9210 5
278 9728 1
278 9878 1
278 8572 1
278 9544 3
292 8932 1
292 9412 1
328 9850 1
328 9641 4
328 9945 1
353 9569 1
353 8545 4
353 8674 1
353 8627 7
353 9132 96
358 9619 1
358 9291 1
366 8617 2
366 9258 1
366 9807 1
366 9740 1
372 9632 1
372 8885 1
392 8904 2
392 9533 2
392 9346 12
392 9729 1
404 9024 2
404 8860 1
404 9307 1
428 9709 1
428 8845 1
428 9414 1
428 9771 1
428 8675 1
428 9114 1
433 9044 3
433 9041 1
433 9955 2
433 8919 15
433 9615 1
453 9755 1
453 9396 2
453 9839 2
484 9536 2
484 9783 2
484 8868 2
484 9388 2
487 8840 2
487 9824 10
495 9600 1
495 9952 5
508 8710 1
508 9443 1
518 9999 1
518 9325 3
518 9773 1
529 8803 1
529 9581 1
529 8787 1
568 9015 4
568 9252 1
568 9898 10
573 9516 1
573 8949 1
573 8785 2
573 9599 2
573 9381 1
584 9505 1
666 8830 1
666 8968 2
677 9762 1
677 9615 1
702 9984 1
722 8859 1
722 8797 1
722 9368 1
722 8787 5
722 8644 2
722 9853 1
722 9860 7
749 8598 1
749 8815 5
749 9706 1
755 8572 1
755 8544 3
755 8685 1
755 8709 7
755 9676 1
780 8734 2
780 9566 1
780 9886 1
780 8721 4
780 9000 1
780 9202 200
780 9780 1
781 8802 1
781 9270 1
781 9508 1
782 9095 1
782 9610 1
782 8553 2
782 9504 2
789 9259 1
789 8827 1
815 8867 1
815 8954 4
815 9115 1
815 9451 1
815 9991 1
837 8846 1
837 9644 2
841 9291 1
845 9686 1
845 8851 10
845 8552 1
845 9850 1
845 8856 1
845 9035 1
845 9298 3
845 9072 1
845 8808 1
845 9353 3
845 9542 2
857 9900 1
857 9379 1
857 9654 1
857 8860 1
857 9893 2
857 8959 2
857 8608 1
857 9357 2
857 9872 1
869 9644 1
869 9307 2
869 9755 3
869 9987 4
869 9876 1
869 9402 59
869 9955 1
869 9794 2
875 8886 4
875 9783 1
875 8741 2
875 9158 1
875 9581 1
875 8959 1
875 9016 2
875 9147 2
875 9975 15
879 8998 1
879 9231 4
879 9448 1
879 8608 7
894 9957 2
894 8819 2
900 9351 1
900 8596 1
900 9523 1
900 9848 1
900 9257 1
900 9798 1
903 9582 3
903 8921 5
903 8979 2
903 9274 1
903 9855 2
903 9227 1
910 9460 12
910 8929 2
910 9992 7
910 8953 11
910 9008 14
910 9540 6
916 9004 2
916 9844 1
916 8697 21
916 9145 1
918 8905 1
929 9533 1
933 9040 1
933 8843 1
933 9568 1
933 8678 1
933 8788 1
933 9366 6
933 9620 1
933 8767 1
933 8892 1
952 8867 4
952 8659 1
952 9416 8
952 8948 1
952 9621 1
979 9108 4
979 8888 1
979 8857 1
979 9441 2
988 9008 1
988 9855 1
988 8627 1
988 9538 1
988 8743 6
990 8868 3
991 9671 6
996 9711 1
996 9385 13
996 8845 7
996 8921 5
997 8896 1
997 9086 2
997 9680 1
997 8936 1
1009 9678 13
1011 8738 39
1011 9680 1
1011 9544 1
1017 8691 1
1017 8928 1
1022 8963 3
1030 8862 3
1030 9755 1
1030 9805 1
1041 9948 1
1041 9763 1
1041 8653 3
1041 9270 1
1041 9809 1
1041 9467 1
1041 9290 1
1041 9379 1
1041 9768 2
1046 9625 7
1046 9470 5
1046 9529 1
1082 9237 1
1082 8828 47
1082 9098 2
1082 9163 2
1092 9441 12
1092 8751 22
1092 8937 1
1092 8642 52
1092 8721 1
1097 8698 13
1122 8647 1
1122 9865 6
1122 8866 9
1122 9477 1
1126 9576 2
1144 8827 1
1144 9691 1
1144 8870 1
1144 9307 1
1144 8984 2
1144 8807 21
1144 9067 2
1144 9449 2
1148 9711 1
1148 9044 3
1148 9114 2
1148 9901 4
1148 9316 3
1149 9226 1
1149 9810 2
1149 8840 1
1149 8987 2
1164 9178 1
1164 9089 1
1164 8635 1
1164 8593 1
1164 9792 1
1168 8623 1
1168 9585 1
1168 9766 2
1195 8949 3
1195 9548 1
1195 8847 1
1195 9583 3
1195 9898 1
1195 9570 1
1195 9299 9
1198 9537 1
1201 9794 1
1201 9974 3
1201 8665 1
1201 9137 5
1201 9407 1
1201 9550 3
1201 9429 1
1219 8589 76
1219 9203 1
1219 9778 18
1226 9622 2
1226 8919 3
1226 9283 2
1226 9483 1
1228 9359 1
1228 9284 1
1228 9820 1
1228 9855 1
1246 9816 2
1246 8615 1
1246 9996 2
1246 9670 1
1248 9683 1
1256 9747 7
1256 9950 1
1256 9954 3
1286 9596 5
1319 9291 1
1319 9561 5
1319 9956 2
1319 8847 1
1319 9500 1
1319 9669 57
1327 9182 6
1327 9298 1
1334 9512 2
1343 9806 1
1343 9110 1
1343 9207 1
1343 9236 1
1343 8650 1
1344 9463 2
1344 8938 1
1344 8846 12
1344 8975 1
1344 8699 9
1344 9133 1
1344 9602 1
1344 9570 2
1344 9722 1
1364 9067 5
1364 8967 6
1364 9024 2
1364 9760 1
1379 9053 1
1379 8884 1
1379 9170 1
1421 9195 2
1421 9042 1
1421 9759 3
1421 9784 5
1424 9757 1
1424 8815 1
1429 9674 1
1429 8705 1
1429 9695 5
1429 8722 1
1431 9723 1
1431 9622 1
1431 9060 26
1431 9821 23
1432 8882 8
1432 8923 1
1432 9849 15
1432 9503 1
1432 9715 2
1432 9473 1
1442 9138 3
1442 8813 1
1442 9321 1
1447 9090 1
1447 8568 1
1447 8996 3
1447 9345 2
1447 9557 3
1447 9649 3
1463 9159 1
1463 8715 1
1466 9408 2
1466 9234 2
1466 8715 1
1473 8865 1
1473 9613 1
1473 8755 1
1473 8856 1
1474 9115 1
1474 8566 1
1474 9873 1
1483 8914 14
1483 8959 1
1483 9021 1
1494 8859 1
1495 8873 2
1495 9597 1
1500 9305 1
1500 8962 3
1500 9038 1
1500 9142 1
1500 8929 2
1509 9408 1
1509 9116 1
1509 9622 8
1509 9648 1
1509 9820 2
1509 8751 1
1509 8835 15
1509 9863 1
1509 9849 1
1510 8867 3
1510 9493 1
1510 9763 1
1510 8725 2
1510 8893 1
1510 9719 1
1512 9270 1
1512 9683 1
1514 9899 3
1514 8813 3
1514 9895 1
1514 9174 1
1514 9293 1
1514 9622 1
1519 9994 7
1519 8796 1
1519 8673 3
1519 9084 1
1519 9844 1
1519 9848 12
1525 8939 1
1525 8886 1
1525 8803 1
1525 9570 1
1525 8747 1
1534 9863 2
1575 9538 3
1603 9154 1
1603 9120 2
1611 9582 12
1611 9699 1
1611 9664 1
1611 9762 1
1611 9690 1
1611 9844 1
1618 9120 1
1618 9430 4
1618 8617 1
1618 8659 4
1621 9809 3
1621 9897 45
1621 9242 1
1621 9164 2
1621 9017 3
1621 9045 1
1621 9344 1
1626 9425 1
1626 9743 1
1626 9219 1
1626 9332 1
1626 8938 1
1626 9067 1
1626 9202 1
1626 9566 1
1666 9039 4
1666 9413 1
1666 9840 1
1666 9807 1
1666 8942 4
1666 9383 1
1672 9045 1
1672 8875 1
1672 9596 1
1672 8670 1
1680 9035 1
1680 9411 1
1699 8815 2
1702 9121 1
1702 9713 1
1702 9679 1
1702 9151 1
1702 9860 1
1702 9375 1
1702 8584 9
1702 8840 1
1702 9050 1
1702 9631 2
1702 9893 1
1720 9021 2
1720 9354 1
1720 9139 1
1720 8754 40
1720 9451 1
1720 9160 1
1743 9553 1
1752 9398 1
1752 9602 1
1752 9304 2
1752 9744 7
1766 9419 2
1766 9368 1
1766 8754 1
1766 9228 1
1769 8709 14
1769 8655 1
1769 8917 1
1769 9140 3
1798 8869 1
1798 8893 1
1798 8984 1
1798 9668 2
1804 8568 1
1804 8662 1
1832 9421 1
1832 9944 1
1832 9662 2
1832 9269 1
1864 9194 3
1864 9110 1
1864 9422 1
1864 9732 5
1864 9763 1
1866 9843 5
1866 9036 1
1866 9925 2
1873 9240 1
1873 8833 1
1873 8758 1
1873 9096 1
1873 9229 1
1901 8699 2
1901 9213 2
1901 9490 1
1901 8615 35
1908 9000 2
1908 9650 1
1908 9491 2
1912 9597 1
1918 9984 2
1918 8799 2
1918 8863 2
1918 9122 3
1918 9260 1
1918 9338 4
1918 9654 28
1925 9020 1
1925 9911 1
1925 9094 2
1925 9252 1
1925 9459 2
1925 9544 2
1926 9123 1
1926 9308 1
1926 8692 1
1926 9452 1
1926 9715 6
1940 9709 1
1940 9619 2
1945 9554 65
1945 9055 3
1945 9650 1
1947 9090 3
1947 9721 2
1951 8559 20
1951 9211 1
1951 9916 1
1951 9540 2
1951 8629 6
1952 8677 14
1952 9683 1
1952 9575 1
1961 9882 2
1961 8641 5
1961 8584 1
1961 8969 1
1961 9819 2
1961 8581 1
1961 8628 1
1970 9477 5
1970 8851 9
1970 8641 1
1970 8839 1
1970 9010 1
1970 9819 1
1973 8682 2
1973 8552 3
1973 8570 1
1973 8647 1
1973 9825 1
1974 9122 1
1974 9733 1
1974 9957 1
1974 9079 1
1998 8751 1
1998 9195 2
1998 8943 37
1998 9682 2
1998 9637 3
2023 9118 2
2023 8804 3
2038 9887 2
2038 9098 1
2038 9974 1
2039 8623 1
2040 8545 1
2040 9765 1
2040 8949 1
2040 9855 4
2040 9955 1
2040 9226 2
2040 9287 7
2040 8553 2
2040 9961 1
2040 8967 4
2040 9658 1
2049 9662 1
2049 9792 1
2049 9920 1
2066 9671 1
2066 8710 2
2066 9039 1
2097 9417 6
2102 9553 4
2102 9787 1
2117 9617 5
2117 9807 1
2117 8648 4
2117 8635 1
2117 8707 4
2117 9922 1
2117 8984 1
2136 9256 1
2147 8913 1
2147 9169 1
2147 9452 1
2147 9481 1
2147 9673 11
2147 9944 1
2148 9206 2
2148 9070 1
2148 9477 1
2149 9259 1
2163 9745 1
2163 8730 1
2177 9514 1
2177 8744 3
2177 8790 1
2177 9307 1
2177 8597 1
2177 8773 1
2177 9416 3
2183 8606 3
2191 9716 1
2191 8908 1
2191 8945 1
2192 9608 4
2192 9563 1
2192 9836 2
2192 8867 2
2221 8920 1
2221 9676 4
2221 9111 2
2221 8784 1
2253 9260 1
2253 8660 1
2253 8538 1
2281 9482 1
2281 9348 1
2281 9997 1
2282 8587 3
2282 9289 1
2282 9409 1
2282 9360 18
2312 9291 1
2312 8957 3
2312 9992 1
2317 9106 9
2322 9113 1
2322 9810 1
2322 9833 1
2322 9101 1
2322 9585 1
2322 8982 4
2339 9619 2
2339 8778 1
2339 8626 3
2339 8540 1
2355 8979 2
2355 9927 1
2361 8862 9
2361 9158 1
2361 9370 14
2365 9615 5
2367 8875 1
2367 8683 49
2386 9423 3
2386 9634 1
2386 9710 23
2386 8852 1
2386 9080 2
2388 9663 1
2388 9042 2
2388 9719 1
2388 9611 6
2390 8764 1
2396 9496 1
2403 8711 1
2403 9873 1
2403 9093 1
2403 9673 1
2413 9168 1
2413 9090 1
2414 6286 3
2414 8893 1
2414 8880 7
2414 9667 2
2429 8785 1
2438 9470 1
2446 9563 1
2446 9922 1
2446 9984 1
2454 9331 1
2454 9774 3
2454 9321 1
2454 8659 1
2454 8875 1
2461 9818 1
2461 9713 1
2461 9969 1
2461 8778 1
2461 9639 1
2461 9762 1
2468 9513 2
2468 9738 1
2470 9055 6
2470 9301 4
2470 9220 1
2494 8765 6
2494 9084 1
2494 9772 1
2494 9930 2
2505 9720 1
2505 9132 1
2505 9259 1
2505 9242 1
2505 9632 2
2505 9830 3
2525 9182 11
2525 9778 6
2525 9099 12
2525 8979 6
2525 9108 2
2577 9441 2
2577 9522 1
2577 8875 1
2577 9536 3
2577 9607 2
2616 9439 1
2616 8574 1
2616 8601 1
2616 8758 3
2616 9629 23
2631 9310 1
2631 9839 1
2631 8570 1
2631 9617 1
2631 9736 3
2631 8556 1
2631 9709 1
2633 9566 2
2633 8606 4
2641 9164 1
2642 8819 1
2642 8787 1
2642 9014 1
2653 8970 6
2653 9511 1
2663 9715 1
2663 9483 3
2663 9724 1
2663 8641 1
2663 8672 1
2663 9335 1
2671 9153 3
2671 8824 1
2671 9017 1
2671 9493 3
2692 9373 1
2692 9078 1
2692 8814 1
2692 9079 1
2699 8821 5
2699 8584 1
2699 9956 1
2700 9520 2
2700 8677 1
2704 8748 2
2704 9268 1
2704 8560 1
2712 8624 1
2712 8625 2
2712 9297 1
2712 9495 1
2732 8570 1
2732 8596 1
2732 9340 24
2732 9959 2
2767 9087 1
2767 8868 2
2767 8547 1
2767 9763 1
2767 9025 1
2767 9525 5
2796 9229 4
2796 9952 1
2796 9470 1
2800 9502 1
2800 9991 1
2800 9072 3
2836 8922 1
2836 9932 2
2836 8948 1
2836 9172 2
2836 8640 1
2836 8831 1
2836 9086 2
2841 8903 1
2841 9982 4
2841 9213 73
2841 8759 1
2841 9045 1
2841 9154 1
2864 9365 1
2864 8811 2
2864 8962 2
2864 9009 1
2864 9203 3
2865 9318 1
2865 9196 3
2867 9380 64
2867 9601 5
2868 9163 1
2868 9657 1
2868 9236 1
2868 9596 2
2883 9780 1
2883 9336 5
2883 8878 2
2883 8917 1
2883 8674 1
2883 9562 4
2883 9852 1
2883 9393 9
2933 9434 1
2933 8896 1
2942 9196 1
2942 9392 1
2942 9115 1
2942 9696 1
2942 9950 1
2955 9490 1
2955 8748 1
2955 9335 18
2955 9021 1
2955 9032 1
2955 9702 2
2959 9284 2
2959 9042 6
2959 9240 3
2974 8872 4
2974 8978 5
2974 9806 2
2974 9986 1
2976 8806 5
2976 8679 9
2976 9132 1
2976 9733 1
2976 9274 28
2993 8744 41
2993 8993 1
2993 8776 1
2993 9949 1
2993 9038 3
2993 8544 4
2993 9025 1
3003 8847 2
3003 9616 2
3003 8597 1
3003 9688 1
3003 9995 1
3009 8863 1
3009 8944 7
3009 9520 3
3009 9047 1
3009 9068 1
3032 8625 1
3032 9953 1
3036 9784 1
3036 9522 1
3036 9699 1
3040 9829 2
3040 8896 6
3040 9271 1
3040 9561 1
3040 9822 1
3040 8541 3
3040 9537 2
3040 9087 67
3046 8798 2
3046 8829 2
3046 9829 1
3046 9403 1
3046 9914 1
3059 9394 1
3099 9977 1
3099 8710 3
3116 8890 4
3118 8700 30
3118 9113 1
3118 9218 2
3134 9313 1
3134 9102 5
3164 8787 2
3164 9807 1
3189 9293 1
3189 9809 1
3199 8681 14
3199 9793 1
3216 9257 1
3232 9496 3
3232 8653 1
3232 8827 1
3232 9124 1
3232 9650 1
3258 8953 3
3258 9267 1
3273 8564 1
3277 8638 1
3277 8905 2
3277 9004 1
3277 9275 3
3278 8650 1
3278 9713 1
3278 8571 1
3280 9187 1
3280 8759 1
3280 9481 6
3280 8812 3
3282 9441 1
3289 9599 1
3289 9704 1
3299 9858 3
3304 8941 1
3304 8829 3
3304 8783 1
3304 9134 1
3304 8925 2
3304 9219 1
3304 9420 2
3304 9448 3
3314 9543 3
3314 9171 1
3314 8904 1
3314 9610 8
3322 9652 2
3322 9915 11
3337 8722 1
3337 9757 1
3337 9823 3
3337 8577 1
3337 8696 1
3337 8747 1
3338 8619 1
3338 9135 1
3338 9102 1
3343 8692 1
3343 9828 1
3344 6814 2
3344 9027 3
3344 9015 5
3362 9706 5
3365 9560 1
3369 8803 1
3369 9845 1
3369 9089 2
3369 9720 2
3390 8711 5
3390 9171 1
3390 9797 1
3390 9393 10
3390 9929 1
3396 8929 1
3396 9231 3
3396 9949 2
3399 9101 1
3399 9541 1
3399 8774 3
3411 9797 4
3411 9298 7
3411 8862 2
3411 8699 1
3411 9390 11
3411 9859 1
3414 8719 1
3414 8874 1
3414 9014 2
3414 9240 1
3423 9570 1
3423 8626 1
3423 9191 1
3423 9887 1
3464 9599 56
3464 8948 3
3475 9094 1
3475 9205 2
3475 8757 1
3475 9207 3
3475 9283 2
3475 9355 2
3500 9425 1
3500 9598 12
3500 9878 1
3500 9121 1
3518 9959 1
3518 9954 6
3518 8541 2
3518 9794 54
3518 9301 1
3523 9933 2
3523 9067 1
3523 8874 1
3523 9214 10
3548 8904 4
3569 9446 2
3576 9805 6
3576 8726 1
3576 9964 1
3592 9228 2
3592 8966 1
3592 9748 3
3592 9955 1
3602 9877 2
3602 9853 1
3602 8697 1
3602 9386 3
3602 9392 1
3604 9220 1
3604 9456 1
3604 9539 4
3605 9282 1
3605 9674 1
3605 8731 1
3605 9057 11
3605 9571 1
3605 9553 52
3607 9480 1
3607 9253 1
3607 8905 5
3607 9967 1
3630 9502 1
3630 8772 1
3630 9229 3
3630 9046 1
3640 9222 2
3640 9290 1
3640 9748 2
3640 8803 1
3640 9083 1
3640 9989 1
3640 9744 11
3640 8559 3
3640 8920 1
3642 9169 2
3659 8650 3
3659 9757 3
3659 8983 2
3661 8796 1
3661 9743 1
3673 8561 1
3673 9477 1
3673 9514 1
3680 8659 8
3680 9704 5
3693 8655 1
3693 9314 1
3693 9004 1
3693 9091 14
3697 8921 1
3697 8585 1
3697 9208 1
3697 8729 1
3697 8922 1
3701 9964 1
3701 9671 14
3701 9131 1
3719 9792 1
3723 8850 1
3723 8868 3
3723 9792 2
3723 8901 1
3728 9720 2
3728 8841 10
3728 9797 55
3728 9867 1
3728 8648 1
3728 9270 1
3728 9401 3
3728 9822 1
3767 9087 1
3767 9000 1
3769 9617 5
3769 9274 4
3769 8642 3
3769 9916 1
3778 9473 1
3778 9359 1
3778 9070 1
3778 8749 1
3778 9610 1
3778 8600 1
3778 9015 4
3781 9908 1
3781 8763 1
3781 9010 1
3781 8643 6
3781 8599 1
3781 8574 1
3781 8701 3
3781 8850 3
3787 9443 1
3787 8700 42
3793 8729 2
3793 8961 9
3793 9414 1
3793 9899 1
3806 8678 6
3806 8783 1
3806 8756 1
3806 8765 1
3809 9070 1
3837 9960 1
3837 9284 1
3837 9694 1
3837 8600 1
3837 9489 2
3837 9932 1
3862 8984 2
3862 9696 4
3862 9412 1
3862 8957 1
3864 8904 1
3864 9134 1
3864 9583 1
3864 8891 1
3864 9393 1
3864 9538 1
3864 9668 1
3864 8768 4
3864 9077 1
3864 9897 4
3872 9222 1
3875 8625 28
3875 9887 1
3875 9901 200
3875 9964 2
3875 8782 2
3875 8662 1
3875 9151 2
3887 9269 1
3887 8996 1
3887 9051 2
3887 9712 1
3914 8776 1
3914 9366 2
3914 8931 2
3929 9671 1
3929 9222 2
3936 9369 1
3936 9210 1
3949 8872 1
3969 8773 139
3969 8772 1
3969 9688 1
3974 9461 1
3974 9585 1
3974 9929 3
3980 9068 1
3980 9611 2
3980 9238 1
3980 8564 1
3985 9576 1
3985 9231 1
3985 9865 1
3988 9321 2
3988 9698 1
3988 9669 45
3988 9853 1
3988 9009 1
3988 9043 3
3988 9227 200
3988 8793 2
3994 8968 1
3994 9008 4
3994 8868 1
3994 9568 1
4000 8788 4
4000 9108 1
4000 9823 1
4004 9867 1
4004 9758 1
4004 9716 1
4004 9740 1
4026 8759 1
4026 9109 1
4026 9208 1
4027 9688 1
4027 9835 3
4027 9930 1
4027 8968 1
4027 9419 1
4037 8851 1
4037 9386 2
4037 9425 1
4041 9333 1
4041 9778 1
4060 9102 1
4060 8847 1
4060 9650 2
4060 9742 1
4060 9924 1
4060 8806 1
4060 9344 3
4060 9574 1
4064 8652 4
4064 9119 4
4064 9506 5
4070 9419 6
4075 8555 1
4075 9228 6
4075 9774 1
4075 8918 1
4075 8998 1
4076 9896 2
4076 9397 1
4086 9380 3
4086 8983 1
4090 9180 1
4090 9910 2
4090 8628 2
4095 8722 1
4128 8538 1
4128 9892 4
4128 9589 21
4154 8917 2
4154 9305 1
4161 9684 1
4161 9856 4
4161 9997 1
4161 9960 1
4163 9463 1
4174 9616 2
4185 8807 1
4185 8603 1
4185 8795 1
4185 9206 1
4185 9813 4
4185 9999 3
4200 8692 1
4200 9643 2
4200 9798 2
4200 9295 1
4200 9390 1
4200 9730 1
4201 9050 2
4201 8685 1
4201 9237 1
4201 9825 1
4201 9368 1
4201 9843 2
4225 8876 2
4225 8719 103
4225 9064 4
4225 8759 1
4225 9093 2
4225 9211 10
4225 9611 1
4233 9688 1
4233 9510 1
4237 9212 2
4243 9513 1
4243 9226 1
4246 9246 2
4246 8906 1
4246 9945 1
4246 8617 1
4246 8978 1
4253 9600 1
4253 8615 1
4293 9946 1
4293 9911 1
4299 9273 2
4299 9124 1
4299 9132 1
4299 9191 1
4299 9670 5
4313 8799 1
4313 9821 2
4313 9508 6
4313 9180 1
4313 9311 2
4313 9536 2
4313 8954 1
4313 9169 3
4342 8929 1
4342 8700 1
4342 8935 2
4342 9519 1
4355 9329 1
4355 9480 1
4355 8918 3
4361 9382 4
4363 8696 1
4363 9852 2
4369 9152 1
4369 8797 3
4369 8541 3
4372 8829 2
4372 8935 10
4372 8559 5
4372 8587 157
4372 8751 3
4372 8823 3
4375 9762 1
4375 9977 2
4375 9632 1
4375 9678 3
4375 8857 17
4375 9774 200
4375 9995 1
4375 9911 6
4417 8599 1
4417 9688 1
4417 9521 1
4417 9795 1
4418 9138 1
4438 9304 1
4438 9077 4
4438 9172 1
4438 9933 7
4438 9485 1
4455 9810 3
4455 9154 1
4455 9617 1
4455 9973 1
4466 8807 1
4466 9500 1
4466 8539 1
4466 9695 1
4466 9816 2
4468 9954 15
4468 8640 1
4468 9649 12
4468 9757 1
4482 8787 1
4487 8814 1
4492 9200 2
4496 9706 21
4496 9016 1
4496 8865 1
4496 9505 2
4524 8549 1
4524 8849 1
4524 8551 4
4524 9858 2
4527 9007 4
4527 9566 10
4527 9275 1
4527 8714 1
4527 8970 1
4527 9225 1
4530 9867 2
4530 9205 1
4530 9141 1
4530 9705 2
4566 9887 1
4566 9698 1
4566 9984 1
4574 9260 1
4574 8710 1
4574 9994 1
4574 9011 1
4588 9843 12
4588 8768 1
4588 8851 1
4588 9031 8
4588 9588 9
4588 8930 1
4590 8649 1
4590 9996 1
4590 9442 1
4590 9706 1
4590 9852 1
4590 8741 1
4590 9883 1
4618 9873 19
4618 9766 1
4622 9309 2
4622 9227 1
4622 8681 4
4630 8785 1
4630 9975 1
4630 9313 1
4630 9068 3
4630 8629 1
4657 8829 1
4657 9726 1
4657 8860 1
4660 9493 8
4660 8797 1
4660 9518 5
4666 9812 11
4685 9394 2
4685 9051 1
4707 9548 3
4707 9403 5
4708 9431 1
4733 9171 1
4733 8765 1
4733 9063 3
4733 9131 1
4733 9225 2
4733 8853 1
4733 9295 1
4735 8665 2
4735 8584 2
4735 9226 1
4735 9332 14
4735 9750 2
4735 9715 2
4735 9982 1
4735 8614 1
4735 8776 2
4735 9287 5
4735 9392 17
4737 8870 1
4737 9446 23
4737 9826 1
4749 9590 8
4749 8760 4
4749 9031 1
4752 8772 1
4752 8674 1
4752 9258 1
4752 9277 1
4764 9002 2
4764 8760 1
4764 9623 1
4764 8890 2
4764 9296 1
4764 9560 2
4776 9120 1
4776 9571 1
4776 9850 1
4776 8790 2
4807 9116 2
4807 9598 4
4821 9155 7
4821 9583 3
4821 8648 1
4821 9936 5
4831 8747 7
4831 9668 1
4868 9256 45
4868 8581 1
4868 8998 8
4868 9168 2
4883 8679 1
4883 8633 1
4957 9650 1
4957 8647 1
4957 9194 1
4973 9753 1
4973 9816 7
4975 9506 1
4975 9759 1
4975 9963 1
4975 8544 2
4975 8601 2
4975 9891 3
4981 9859 1
4981 9196 4
5019 9292 3
5019 8590 1
5019 8631 1
5019 9238 2
5028 9806 2
5028 8655 1
5028 9795 3
5057 8705 4
5057 9247 2
5057 9552 1
5057 9648 1
5057 8788 1
5061 9506 1
5061 9853 1
5061 8972 2
5063 8701 2
5063 8635 2
5063 9572 1
5073 8626 1
5073 8691 1
5076 9206 1
5076 9294 1
5076 9521 3
5076 9434 1
5076 9652 1
5086 9096 1
5086 8635 6
5086 9682 2
5086 8812 1
5086 9346 1
5086 9926 1
5095 9793 13
5095 9646 1
5095 9830 1
5123 9936 2
5124 8823 3
5130 8930 1
5130 9623 1
5130 9187 1
5130 9418 1
5146 9854 1
5146 8809 2
5146 9021 1
5146 9120 13
5146 9290 1
5146 9818 1
5156 9392 14
5158 8598 2
5165 9883 1
5165 8782 2
5165 9406 1
5165 9277 2
5165 8954 1
5165 9153 1
5185 9118 1
5185 9351 15
5186 9676 1
5186 9616 1
5188 9813 8
5190 8713 2
5190 8735 1
5190 9629 1
5190 8643 2
5190 9850 2
5195 9420 1
5195 9099 1
5221 9038 3
5221 9308 1
5235 9415 1
5235 9695 1
5235 8735 1
5235 9799 1
5235 9828 11
5238 9598 1
5242 9649 3
5242 9074 4
5278 9370 1
5278 9639 1
5278 8880 1
5278 8736 1
5278 8804 2
5278 9623 1
5278 9078 4
5278 9182 1
5291 9766 14
5291 8624 1
5291 9418 1
5341 9942 1
5341 8849 46
5341 9381 1
5341 8623 1
5341 9183 1
5341 9644 1
5341 9110 1
5342 8879 1
5342 8559 1
5342 9211 1
5342 9858 2
5343 8553 1
5343 9867 1
5346 9021 1
5346 8759 1
5346 9537 1
5346 9866 1
5348 8643 1
5348 9255 1
5348 9401 1
5348 9128 2
5351 9548 1
5351 9798 1
5351 9024 1
5351 9483 1
5351 9750 1
5353 8952 2
5353 8990 3
5353 9041 4
5353 9844 10
5357 9559 4
5357 9075 1
5357 9331 1
5361 8889 1
5361 9865 1
5361 9347 2
5371 8739 1
5371 9009 2
5371 9183 1
5371 8681 1
5388 9523 1
5388 9625 3
5388 8664 1
5388 9390 1
5388 9793 1
5400 9827 2
5406 8635 1
5406 8993 23
5406 9123 1
5422 9933 6
5422 8998 1
5422 9252 1
5422 9027 1
5422 8926 28
5422 9810 3
5422 9064 4
5425 9460 12
5425 8708 1
5425 9385 1
5425 9571 1
5425 9854 1
5428 8634 2
5428 8889 1
5428 9591 2
5428 8809 12
5428 8961 1
5437 9213 1
5442 9095 4
5442 8614 3
5442 9673 1
5442 8831 1
5442 9260 2
5442 9333 1
5442 9443 2
5450 9490 1
5450 9748 1
5458 9636 5
5458 8760 199
5458 9872 1
5458 8939 1
5458 9113 1
5458 9366 1
5458 9402 21
5463 9414 1
5463 8963 1
5467 9219 8
5467 9208 3
5476 9017 2
5476 8843 1
5476 9671 1
5491 9529 1
5491 9397 3
5506 9927 1
5520 9257 2
5520 9674 1
5526 8744 1
5526 8848 1
5526 8952 1
5526 9694 1
5534 9643 17
5534 9554 1
5537 8919 1
5537 9996 1
5537 9510 2
5537 8695 7
5537 9691 1
5537 9631 2
5542 9051 1
5542 8695 1
5542 8673 1
5542 8743 3
5547 9015 1
5547 9496 154
5548 9571 1
5548 8549 1
5548 9325 15
5548 8806 1
5548 9380 1
5548 9242 10
5554 9084 1
5554 9072 1
5554 8917 1
5554 9035 2
5554 9760 1
5554 9124 1
5554 9183 1
5554 9370 1
5554 9467 1
5557 9285 3
5557 8863 1
5566 9942 1
5566 9352 1
5566 9409 1
5566 9721 2
5568 8627 1
5568 9728 3
5592 8678 29
5592 8828 1
5592 8948 1
5592 9338 9
5592 8730 1
5592 8621 5
5594 9538 6
5594 9758 81
5594 9805 4
5600 8799 1
5600 9617 1
5609 9460 1
5609 9539 1
5609 9409 1
5609 9462 1
5612 8608 1
5612 8641 1
5616 8608 1
5616 9352 1
5616 9947 2
5616 8567 3
5616 8736 1
5616 8597 4
5616 8610 29
5616 8755 2
5616 9291 18
5616 9559 2
5628 8878 1
5628 9010 1
5631 9336 14
5631 9995 117
5631 9915 1
5631 9892 6
5637 8705 1
5637 8725 1
5637 8655 1
5637 8681 1
5637 8959 2
5637 9329 2
5637 9415 1
5637 8736 9
5642 9496 25
5642 8975 3
5642 9196 3
5642 8686 1
5642 9774 1
5669 9620 1
5669 9588 2
5670 9920 3
5697 8597 1
5697 9050 1
5697 9321 1
5697 9555 1
5697 8849 1
5697 9779 5
5701 8945 1
5701 9560 13
5701 9931 4
5701 8543 2
5701 9608 2
5713 9406 1
5713 8661 2
5713 8846 1
5713 8888 1
5713 9169 1
5715 8539 3
5715 9579 1
5715 9711 1
5738 9417 3
5738 8560 2
5741 9704 1
5741 9927 1
5741 9713 1
5758 9290 1
5758 9133 1
5758 8539 1
5758 9301 1
5758 9357 3
5758 8991 1
5759 9316 1
5759 9454 9
5759 9726 2
5759 8761 1
5759 8798 3
5759 9714 1
5768 8930 3
5768 8806 1
5792 8942 97
5792 9480 1
5792 9484 2
5793 8628 200
5793 9014 1
5793 9709 32
5794 8796 1
5794 9157 2
5794 9387 2
5794 9834 2
5795 8701 1
5795 9679 1
5796 9707 1
5796 9354 1
5796 8549 5
5796 9765 1
5796 9856 1
5796 9880 1
5804 9753 3
5832 8596 1
5832 8962 22
5832 9047 2
5832 8811 2
5832 9042 7
5841 9823 1
5845 9093 1
5845 9833 2
5848 9547 2
5849 8701 1
5849 8765 1
5849 8679 1
5849 9269 25
5856 8708 2
5856 8571 3
5856 9083 4
5856 9490 1
5872 9669 3
5872 9122 1
5873 9357 1
5873 9134 4
5875 9294 3
5875 9729 1
5888 8598 2
5888 9097 1
5888 9446 1
5891 8649 1
5891 9502 2
5891 8609 1
5891 9318 1
5891 9947 1
5894 9086 1
5894 9237 1
5896 9415 2
5896 8540 2
5896 9963 1
5903 8551 1
5903 8982 13
5903 8674 1
5903 9311 1
5903 9105 1
5910 9981 8
5910 8675 4
5910 9710 1
5910 9334 3
5910 8785 3
5910 9134 33
5910 8671 2
5910 9479 1
5911 8639 1
5911 9986 4
5911 8739 2
5911 8949 4
5911 9954 2
5923 9237 1
5923 8866 1
5923 9166 4
5927 9520 5
5927 8698 1
5927 8919 1
5927 9206 1
5942 9249 63
5971 9229 1
5971 8564 6
5971 8653 1
5971 8917 5
5971 9449 1
5971 8764 1
5971 8589 1
5973 9101 1
5973 9849 2
5974 9095 2
5974 8759 1
5974 8882 1
5974 9273 4
5974 8888 2
5974 9212 1
5974 9447 4
5987 8963 1
5987 9249 1
5987 9252 3
5987 9908 1
5987 8982 1
5987 9897 2
6062 9369 2
6068 9417 8
6068 8827 1
6068 9411 2
6084 9886 1
6084 8802 3
6084 8869 5
6084 9093 4
6084 9865 1
6084 8683 1
6084 9105 2
6084 9145 4
6084 9994 11
6089 9043 3
6096 9482 1
6096 8882 1
6096 9555 4
6101 9519 1
6101 9782 1
6117 8941 1
6117 9602 1
6125 9641 1
6125 9911 4
6125 9313 1
6125 9164 1
6125 9996 1
6131 8996 1
6131 9104 5
6131 8870 1
6131 9373 1
6132 8845 12
6132 9820 1
6132 8585 1
6132 8694 1
6132 9576 1
6132 9920 2
6133 8541 1
6133 9615 2
6137 9008 3
6137 9878 1
6139 8556 1
6139 9616 2
6139 9952 4
6139 8993 1
6139 9364 1
6139 9575 1
6139 9684 7
6144 9070 1
6144 9329 5
6144 9218 2
6144 9476 15
6144 9597 3
6144 8662 5
6144 9125 3
6144 8804 1
6172 8567 18
6172 9181 6
6172 9620 2
6179 9874 1
6179 9910 1
6189 8845 2
6189 8929 1
6189 9035 1
6189 9957 1
6200 9407 2
6200 9039 10
6211 9684 1
6211 9282 2
6211 8555 1
6216 9036 8
6245 9002 1
6245 9886 1
6245 9926 1
6245 8824 1
6245 9116 1
6245 8843 1
6245 8896 1
6245 9414 33
6251 9534 3
6251 9973 1
6251 9417 1
6256 9710 21
6256 8572 2
6263 9347 1
6263 9335 2
6263 9916 1
6263 9130 2
6286 9491 1
6290 9920 27
6292 9712 2
6292 8802 1
6292 8943 2
6292 8561 1
6292 8953 1
6292 8941 3
6292 9620 1
6295 8631 1
6295 9191 1
6295 9275 1
6297 8661 1
6297 9079 2
6297 9690 2
6302 8915 2
6312 9436 1
6312 8901 2
6312 9077 1
6312 8930 1
6312 8782 1
6343 9112 9
6343 9879 1
6346 9207 1
6346 8850 9
6346 9646 1
6366 9923 1
6366 9743 1
6371 8643 1
6371 9141 3
6371 9542 3
6391 8640 1
6391 8693 6
6391 8970 1
6391 9216 1
6391 9271 1
6399 9925 5
6425 9984 12
6425 9139 1
6430 9510 2
6430 9087 1
6430 9548 2
6430 9417 1
6446 9376 1
6446 9058 10
6446 9226 3
6446 9513 1
6446 9733 3
6468 9157 2
6468 9766 1
6468 8853 1
6468 9669 2
6468 8782 1
6468 9280 2
6468 8966 1
6468 9351 1
6468 9591 2
6480 9340 2
6480 9987 1
6499 8686 1
6499 9696 6
6499 9270 3
6499 9503 1
6499 9942 4
6507 8835 1
6507 9403 1
6507 9826 1
6507 8574 1
6507 9430 1
6524 9688 1
6524 9398 2
6524 9515 1
6524 9520 1
6525 9833 2
6525 8698 2
6525 9244 1
6525 9315 6
6525 9608 2
6550 9057 1
6554 8798 1
6554 9947 1
6559 8606 1
6559 8707 2
6559 9136 2
6559 9758 2
6568 9769 4
6568 8835 1
6571 8969 1
6571 9625 1
6575 8568 1
6575 9137 4
6575 8614 2
6575 8882 2
6575 8593 1
6575 8914 1
6575 9487 1
6584 8581 2
6591 9750 1
6591 8639 2
6591 9923 2
6592 8870 1
6592 9436 1
6592 9740 1
6592 8814 1
6595 9436 1
6595 8886 1
6595 9823 1
6595 9256 1
6595 9292 1
6595 9576 8
6608 8642 2
6608 9945 6
6620 9879 2
6620 9139 1
6620 9485 1
6620 9766 1
6620 9253 1
6621 9158 1
6621 8670 1
6621 9695 1
6626 8566 2
6634 9200 3
6634 9479 1
6634 9936 2
6634 9178 1
6658 8854 1
6673 9160 1
6677 9491 12
6677 9508 1
6677 9500 2
6677 8772 1
6677 8857 1
6688 9771 1
6688 8797 1
6688 9195 1
6693 8928 1
6693 8811 4
6693 8967 1
6717 9044 2
6717 9111 1
6717 8610 1
6718 8699 1
6721 9038 5
6721 9060 1
6721 9738 1
6722 8830 8
6722 9067 1
6722 9911 1
6722 9643 2
6722 9521 3
6722 8969 1
6727 9865 1
6727 9812 1
6739 9989 25
6746 9155 7
6746 9546 1
6750 9246 1
6750 9809 2
6750 9348 1
6785 8942 1
6800 8959 2
6800 9099 1
6800 8725 1
6800 9104 2
6805 8953 1
6805 9548 1
6805 9077 2
6805 8849 1
6814 9359 9
6814 9351 1
6814 9255 1
6814 8564 1
6814 9906 1
6815 9089 1
6815 8624 1
6815 8630 2
6815 8873 33
6817 8778 1
6844 9387 1
6844 8698 1
6844 9640 1
6847 9710 1
6847 9968 12
6847 8965 1
6847 8980 1
6847 8571 1
6847 8566 1
6847 9797 1
6855 8972 1
6857 9858 2
6857 9116 17
6857 8957 1
6857 9579 1
6882 9220 1
6882 9412 2
6885 9459 10
6885 9043 1
6895 8901 1
6895 8911 18
6895 9599 1
6895 9908 1
6899 8652 2
6899 8598 1
6904 8661 1
6904 8756 1
6904 9213 1
6904 8724 2
6904 8874 1
6904 8640 2
6904 9818 1
6907 8609 1
6907 8784 1
6907 9873 5
6907 9886 1
6916 9609 1
6916 8636 1
6916 9640 1
6923 9370 1
6926 9249 1
6926 9814 12
6926 9095 2
6926 9895 1
6930 9039 1
6930 8540 1
6930 9431 1
6949 9046 1
6949 9422 1
6949 9841 1
6949 9886 1
6954 9762 3
6954 9207 5
6954 9296 1
6954 9717 5
6954 9280 2
6957 8715 1
6957 9873 7
6957 8634 1
6957 8748 2
6957 8952 1
6971 8691 1
6971 8915 2
6971 9163 143
6971 9515 73
6971 9851 4
6971 9840 4
6971 9742 1
6971 9137 2
6974 8692 1
6974 8938 4
6974 9550 1
6974 9613 1
6974 9631 12
6974 8756 1
6974 9581 3
6984 8813 2
6984 9760 1
6984 9825 15
6984 8664 1
6984 9097 1
6984 8958 1
6984 9442 1
6984 9968 15
6987 9511 1
6987 8878 1
6987 9648 1
6987 9977 3
6990 9944 2
6990 9834 1
6990 8876 1
7000 9355 1
7000 9950 2
7000 9415 1
7000 9527 1
7005 9123 4
7005 9109 2
7005 9246 1
7005 8734 2
7005 9441 85
7007 8978 1
7007 9160 1
7014 9022 1
7014 9716 1
7014 8722 1
7028 8755 1
7028 9195 1
7029 9684 2
7029 9307 7
7029 9512 1
7029 8881 2
7029 8549 1
7044 8918 1
7044 9553 1
7050 9601 2
7050 9152 1
7050 8735 22
7052 9421 1
7052 9002 5
7052 9423 1
7054 8598 2
7054 9954 1
7054 9301 1
7054 9931 2
7070 9289 2
7070 8614 4
7070 9000 1
7070 9729 4
7070 9879 1
7070 8566 1
7070 8729 1
7070 9814 2
7070 9927 2
7075 9717 1
7075 9439 4
7075 9222 2
7075 9759 1
7080 9765 2
7080 8699 20
7080 8881 3
7083 9893 1
7083 9553 1
7083 9691 3
7083 9632 1
7083 8731 3
7083 9273 4
7087 9798 1
7087 8820 1
7087 8990 2
7087 9892 1
7106 9680 1
7106 9021 6
7106 8571 2
7106 8627 1
7106 9894 2
7106 9953 3
7106 8601 2
7114 9291 1
7114 9726 1
7127 8596 3
7127 8694 17
7128 8802 13
7128 8958 2
7130 9035 4
7130 9664 1
7130 9859 1
7130 9951 1
7131 9602 1
7131 8654 1
7131 8928 1
7131 9558 3
7133 9348 1
7133 8725 28
7133 9758 5
7133 8871 2
7133 9582 1
7134 9582 4
7134 9130 1
7134 9134 1
7134 9449 1
7134 9999 1
7134 8903 1
7134 9527 4
7137 8711 1
7137 8739 1
7137 9749 2
7137 9026 1
7137 9200 4
7137 9246 4
7137 9573 1
7150 9094 5
7150 9331 4
7150 9969 2
7185 9276 1
7185 9084 1
7185 9130 12
7185 9166 1
7185 9893 4
7185 9949 2
7191 9826 1
7191 9256 2
7191 9294 2
7192 9622 1
7192 9974 3
7192 8587 1
7192 9521 1
7192 9366 3
7192 9063 28
7192 9190 1
7197 9941 1
7197 9736 4
7197 9334 10
7197 8833 1
7197 9314 1
7204 9257 1
7204 9392 6
7204 9814 1
7204 8590 1
7204 9297 12
7204 9068 3
7204 9112 4
7204 9604 1
7247 9324 1
7247 8872 3
7247 8998 1
7247 9463 1
7247 9522 1
7294 8581 22
7300 9991 1
7300 9355 1
7300 8807 1
7300 9116 43
7300 9394 1
7302 9348 1
7302 9982 1
7302 9231 1
7302 8734 3
7302 9547 1
7309 9254 1
7309 8695 5
7309 8752 1
7381 8751 2
7385 9152 1
7406 8761 1
7406 9058 1
7406 8587 2
7428 8830 1
7428 8920 2
7428 8975 7
7456 8787 1
7456 8623 1
7456 9121 1
7456 9780 1
7456 9931 1
7456 8654 4
7465 9314 1
7465 9995 2
7473 8743 1
7473 8937 2
7473 8544 1
7473 9172 1
7473 9876 1
7473 9510 10
7473 9267 3
7473 9282 8
7484 9949 2
7484 8697 2
7484 9089 4
7484 8941 158
7484 9182 2
7484 9413 1
7491 8719 2
7491 9323 1
7491 9520 1
7491 9901 1
7491 9691 4
7493 9325 1
7493 8757 7
7493 9350 1
7493 9968 1
7493 9902 1
7497 9252 1
7497 9421 1
7497 9331 4
7497 9508 2
7509 9826 1
7509 8794 3
7511 9503 1
7519 9849 4
7519 8970 1
7519 8823 1
7519 9845 1
7528 9571 5
7528 9096 1
7528 8937 1
7528 9939 1
7545 9282 1
7545 9758 1
7545 9541 2
7545 9757 1
7545 8979 1
7545 8690 1
7562 9883 1
7595 9722 1
7595 8819 1
7595 9543 2
7621 9640 1
7621 8824 1
7638 9826 1
7638 9489 1
7638 8840 1
7638 9467 4
7638 9529 2
7638 9713 3
7638 9779 1
7638 8548 1
7638 8966 2
7638 9365 2
7638 9547 1
7662 9140 24
7667 9214 1
7714 9833 1
7714 9546 4
7714 9836 1
7714 8606 6
7714 8677 8
7714 8938 1
7714 9831 1
7736 9539 1
7744 9833 1
7744 8672 1
7744 9125 68
7744 9929 12
7744 8583 2
7744 9716 5
7746 8798 1
7746 8555 19
7746 8854 3
7746 9330 1
7750 8677 1
7750 9632 2
7750 9671 1
7750 8906 3
7750 9036 1
7750 9476 1
7750 9747 2
7750 8696 1
7750 9152 1
7762 9833 10
7762 8932 1
7785 9134 1
7785 9670 1
7785 9271 1
7785 9408 1
7788 8759 12
7788 8623 1
7788 9439 1
7800 8721 1
7800 9927 1
7800 8561 1
7807 9323 1
7807 9897 1
7807 9902 2
7807 9674 10
7807 9930 2
7850 9194 2
7850 8609 3
7856 8969 1
7856 9484 1
7856 9021 1
7856 9787 2
7856 9159 1
7856 9667 1
7856 8990 1
7881 9947 1
7885 8551 1
7885 9982 1
7885 8904 5
7885 9831 1
7885 9044 9
7885 8614 3
7885 9893 2
7891 9430 1
7947 9046 1
7947 9620 1
7949 9810 1
7949 9724 1
7949 8820 5
7953 9933 1
7963 8980 5
7966 8850 1
7970 9738 1
7970 9554 2
7970 9960 1
7977 9463 1
7988 9768 1
7988 8538 1
7988 9204 1
8006 8845 1
8006 8942 6
8006 9522 29
8018 9848 2
8018 8763 2
8018 8912 1
8018 9045 3
8018 9543 2
8018 9946 1
8018 9964 1
8043 8690 1
8043 8590 2
8056 8765 1
8056 8784 2
8056 9296 9
8056 9394 1
8056 9843 4
8056 8891 1
8056 9287 1
8056 9672 1
8062 8918 1
8062 8677 3
8065 8743 9
8065 9539 1
8065 8738 1
8065 8891 1
8065 9428 1
8065 9833 1
8066 8672 1
8066 8691 1
8066 9595 1
8066 9867 1
8083 9334 1
8088 9258 3
8088 9164 3
8088 9318 2
8088 9726 12
8097 9385 3
8097 9924 8
8097 8783 1
8097 9783 4
8098 9449 1
8098 8922 1
8103 9486 1
8103 9160 1
8103 9390 1
8103 9163 200
8103 9360 1
8103 9460 1
8103 9654 2
8141 8767 1
8141 8601 1
8141 9236 1
8141 9336 1
8146 9260 1
8146 8642 1
8146 8734 1
8146 8739 2
8146 9525 1
8158 8923 1
8158 9783 1
8158 9020 7
8158 9894 1
8158 8652 4
8158 9057 1
8160 8870 1
8160 9359 25
8160 8865 4
8160 9026 2
8160 8638 200
8160 8813 3
8160 9247 1
8169 9314 1
8169 9483 18
8169 9840 2
8172 9617 1
8172 9750 1
8172 8987 1
8172 8796 1
8177 8743 2
8177 9625 1
8177 9448 28
8177 8734 1
8185 8626 1
8185 8923 1
8185 9368 3
8185 9711 1
8185 9942 1
8185 9541 3
8189 8931 1
8189 8823 1
8189 9561 6
8189 9611 1
8194 8984 1
8194 9151 8
8194 9619 4
8194 9318 2
8194 9058 1
8194 9581 2
8194 9839 5
8194 9020 1
8203 9229 1
8204 9187 1
8204 8885 5
8220 9916 1
8220 8819 1
8220 9277 1
8220 8944 1
8220 8965 1
8227 9729 119
8227 9682 2
8232 8833 1
8232 8889 1
8232 9178 1
8236 8759 1
8236 9353 11
8236 9332 4
8265 8781 1
8265 9213 2
8265 9863 1
8265 9910 1
8301 9398 2
8301 9882 2
8301 8638 1
8301 8655 1
8301 8928 1
8301 9806 1
8308 9688 10
8308 9376 1
8308 9386 3
8308 8590 1
8308 9757 4
8308 9835 2
8314 8959 1
8314 9350 5
8322 8980 1
8322 9040 1
8322 8935 1
8322 9323 2
8342 9664 10
8343 9575 1
8343 8973 45
8343 8875 1
8343 9044 1
8343 9049 1
8343 9323 2
8361 9521 3
8361 8978 1
8406 9910 1
8406 8577 4
8410 8833 1
8430 8849 2
8430 9860 1
8430 9963 1
8430 8852 1
8435 9916 1
8435 9157 7
8435 9352 2
8446 8991 3
8446 9407 1
8446 9782 2
8446 8625 2
8448 9075 1
8448 8693 1
8448 9859 1
8448 8739 9
8467 9515 2
8467 8903 9
8467 9111 1
8472 9386 1
8489 9348 1
8489 9110 1
8489 9231 1
8489 9712 1
8489 9096 1
8511 9722 1
8511 9712 19
8511 9889 1
8511 9276 1
8523 9531 1
8523 9108 5
8523 8903 1
8523 9984 1
8523 9507 2
8523 9915 4
8523 9989 2
8528 8813 2
8528 9442 1
8529 9925 1
8529 8738 5
8529 9155 4
8531 8768 2
8531 9822 1
8531 9901 3
8535 9321 1
8535 9334 6
8535 9967 2
8536 8593 1
8536 9784 1
8537 9226 1
8537 9210 1
8537 9939 1
8539 9791 1
8539 8909 9
8540 8988 1
8542 9587 1
8542 9831 1
8542 9092 1
8544 8838 2
8545 8842 2
8545 8992 1
8546 9200 1
8546 9344 1
8546 8683 2
8546 9234 1
8547 8591 1
8547 8955 4
8548 9832 8
8548 8720 3
8549 8826 4
8549 8667 1
8550 9755 1
8550 9481 15
8550 9075 1
8551 8618 1
8551 9725 1
8553 8575 1
8553 8818 1
8554 8728 1
8554 8659 1
8554 9403 1
8554 8912 1
8555 8810 1
8557 8593 1
8557 8665 2
8558 8797 6
8558 8856 18
8558 9816 1
8561 8951 2
8561 8971 5
8561 8927 2
8562 9593 2
8562 8583 3
8562 8859 1
8562 9407 2
8562 9531 1
8562 9749 1
8563 8618 1
8563 8733 1
8565 9508 2
8565 9106 1
8567 8689 1
8568 8834 1
8568 8858 1
8568 8899 1
8568 8592 1
8569 9986 6
8569 8752 2
8569 9178 1
8569 9336 2
8569 8802 1
8569 9070 1
8569 9313 1
8569 9948 1
8569 8975 1
8569 8996 1
8569 9707 1
8570 8766 1
8571 8666 1
8572 8769 4
8572 8728 1
8573 9350 1
8575 9558 7
8575 8734 1
8575 9348 1
8575 9589 1
8575 9748 3
8575 9997 1
8575 8708 2
8575 9311 1
8575 9354 2
8576 8622 6
8576 9299 3
8576 9485 1
8576 9455 2
8577 8689 15
8578 8721 4
8578 8841 1
8578 9172 1
8579 9887 1
8579 8973 1
8580 9946 3
8580 9970 1
8581 9129 2
8582 9822 2
8585 9377 1
8585 9061 15
8586 9664 3
8587 8612 3
8588 9125 1
8588 9740 1
8588 8783 2
8588 9098 1
8588 9376 1
8588 9500 2
8590 9107 2
8591 9147 1
8591 9531 1
8591 9702 1
8592 9190 1
8592 8941 2
8592 9041 6
8592 9406 2
8592 9809 3
8592 9894 1
8594 9877 4
8594 9672 2
8595 9021 1
8595 8835 2
8595 9954 1
8595 9280 9
8595 9436 14
8596 8950 1
8599 8842 4
8599 8832 1
8601 8992 1
8602 9128 1
8604 9600 2
8605 9046 1
8605 9773 1
8605 8679 1
8605 8848 16
8605 9559 4
8607 9685 1
8607 9714 9
8607 9345 7
8607 9027 1
8607 9877 1
8610 8837 1
8611 9749 1
8611 9341 1
8611 9485 7
8611 8812 2
8611 8850 1
8611 9130 3
8611 9452 1
8611 9835 1
8611 9969 3
8613 8714 4
8613 9930 1
8613 8903 2
8613 9968 4
8616 8764 1
8616 8809 1
8616 9284 3
8618 9745 1
8618 9351 2
8618 8686 1
8618 8705 1
8618 9534 1
8619 8989 5
8619 8994 1
8620 9099 3
8620 9422 1
8620 9323 1
8620 9332 1
8620 9975 1
8620 8653 2
8620 8802 1
8620 9259 1
8620 9891 1
8621 8916 4
8622 8750 1
8622 8956 1
8623 8666 1
8623 9918 1
8624 9161 1
8626 8689 2
8627 8689 3
8630 8822 1
8632 9997 1
8632 8650 6
8632 9403 2
8632 9380 14
8632 9953 1
8634 8834 14
8634 9028 2
8636 8720 1
8637 8982 8
8638 9940 1
8639 8834 1
8641 9261 1
8644 9034 6
8645 8655 15
8645 9015 1
8645 9101 1
8645 9680 1
8646 9880 5
8646 8914 1
8646 9973 2
8649 8861 2
8651 8715 1
8652 8902 11
8653 8837 1
8653 8733 1
8654 8684 1
8656 9473 2
8657 9238 17
8658 9353 1
8658 9038 1
8659 8861 1
8660 9066 3
8661 8894 1
8663 9923 1
8663 9316 1
8663 9643 2
8663 9698 4
8663 9925 4
8664 8718 3
8666 9158 1
8666 9548 1
8666 9704 1
8666 9541 1
8666 8785 2
8666 9051 2
8666 9711 1
8667 9092 2
8667 9383 7
8667 8690 1
8667 8872 1
8668 9075 2
8668 8944 1
8668 9932 1
8668 9268 5
8669 9831 7
8669 8931 4
8669 8945 8
8669 9960 49
8669 9105 1
8669 9462 2
8669 8936 1
8669 9523 1
8669 9941 1
8670 9832 1
8671 8689 2
8673 8716 1
8676 9901 1
8676 9106 2
8676 9086 3
8676 9406 1
8676 9307 2
8678 9378 1
8680 9273 1
8680 9119 5
8680 9920 3
8680 9336 1
8682 9445 3
8684 9784 1
8684 8869 1
8684 9463 2
8684 9011 1
8684 9462 1
8684 8853 7
8684 9504 1
8684 8749 2
8684 8829 1
8684 9050 2
8685 8728 1
8687 9345 2
8687 8869 1
8687 9519 2
8688 9876 1
8688 8793 3
8688 9000 1
8688 9632 1
8689 9131 2
8689 9247 1
8689 9420 1
8689 9619 4
8691 9129 1
8692 9061 1
8693 8950 2
8697 8837 2
8701 8825 2
8702 8793 4
8703 9135 2
8703 9047 7
8703 9895 1
8703 9157 1
8703 8901 1
8703 9924 4
8704 9576 2
8704 9735 1
8704 9512 2
8705 9085 5
8706 9056 1
8706 9962 1
8706 8894 6
8708 9117 1
8711 8822 1
8712 8890 1
8717 9354 2
8717 8851 3
8717 9428 1
8717 9914 1
8718 8808 1
8718 8926 1
8718 9623 1
8719 9059 3
8720 8794 1
8720 8764 1
8720 9209 12
8720 9772 1
8723 9387 1
8723 8744 1
8723 9690 1
8724 9175 1
8726 8817 3
8727 9728 1
8727 9710 30
8728 9335 5
8728 9158 5
8732 8792 13
8732 8791 1
8733 9044 3
8737 9621 6
8740 8926 3
8741 9890 5
8742 8908 1
8742 9482 1
8742 9882 1
8743 8907 1
8744 9739 1
8745 8787 1
8745 9829 2
8746 8913 1
8750 9159 1
8750 9292 1
8750 9744 1
8750 8851 2
8752 9065 1
8753 8797 1
8753 9283 1
8753 9782 1
8753 9231 2
8753 9295 1
8753 9171 1
8754 9635 1
8762 9886 9
8762 8852 1
8763 8836 2
8764 8837 1
8766 9142 2
8766 9583 9
8766 9699 1
8766 9982 1
8767 8832 1
8768 8801 3
8769 8790 1
8769 9670 3
8769 9821 79
8770 9955 1
8770 9353 2
8770 9181 2
8771 9461 1
8771 9151 1
8771 9616 75
8771 8886 1
8771 9769 1
8775 9879 2
8775 9002 2
8775 9699 5
8776 8842 1
8777 9769 1
8777 8821 2
8779 9359 1
8779 9845 5
8780 9271 1
8780 8871 1
8780 9637 1
8780 9180 10
8780 9878 2
8780 9359 1
8781 9034 6
8786 8824 1
8786 9742 1
8786 8891 1
8786 9240 1
8789 9948 1
8789 8814 1
8789 9413 3
8789 9170 1
8789 9480 1
8789 9944 101
8791 9765 2
8791 9482 1
8791 9150 1
8791 9180 2
8793 8816 1
8794 8801 2
8795 9076 1
8799 9003 1
8799 8816 8
8800 9258 1
8800 9334 2
8800 9858 1
8800 9969 1
8800 9771 1
8801 9098 1
8801 9560 1
8801 9600 1
8801 9956 1
8801 8984 1
8801 9136 1
8801 9748 3
8801 9768 1
8801 8893 3
8803 8997 4
8805 9547 1
8805 9678 1
8807 8834 4
8808 8910 2
8810 9157 1
8810 9133 6
8811 8834 1
8814 9085 1
8815 9474 5
8815 9127 1
8816 9498 1
8816 9780 1
8816 9573 14
8817 9294 1
8821 9703 1
8822 8906 13
8825 9720 1
8825 9769 1
8825 8911 1
8828 9802 3
8829 8842 2
8830 8955 1
8834 9168 3
8834 9543 1
8834 9244 1
8836 9634 2
8837 9554 1
8837 8961 3
8837 9181 1
8838 9153 2
8838 9644 1
8838 9506 2
8841 9161 1
8842 9080 1
8844 8908 1
8844 8939 1
8844 9610 1
8844 9387 6
8844 9271 1
8844 9443 2
8847 8940 2
8849 8960 4
8850 9530 88
8855 8983 1
8858 9237 3
8860 8992 1
8861 9690 2
8861 9311 1
8861 9333 2
8862 9071 2
8862 8924 7
8863 9018 2
8863 9001 1
8864 8962 1
8864 9022 1
8864 8912 4
8865 8897 3
8866 8976 1
8870 9468 2
8873 9586 1
8877 9554 1
8878 9173 15
8879 9176 3
8879 8981 2
8880 8946 3
8880 9326 2
8883 9441 1
8883 9582 1
8883 9851 1
8884 9065 1
8884 9082 1
8887 9462 1
8888 8933 14
8892 9088 35
8893 9962 1
8894 9601 3
8894 9254 2
8895 9866 1
8895 9398 1
8895 9520 1
8897 9961 1
8897 9968 1
8897 9414 1
8897 9055 1
8897 9255 2
8897 9948 1
8898 9163 1
8898 9138 1
8898 9908 8
8898 9757 1
8899 9187 1
8899 9502 1
8899 9986 2
8899 9369 2
8900 9589 1
8900 9710 1
8900 9092 1
8900 9707 1
8900 9597 2
8900 9933 2
8901 9165 1
8902 9835 1
8902 9946 10
8904 8910 1
8906 9590 1
8907 9664 6
8907 9836 2
8907 9977 1
8907 9364 4
8908 9754 1
8909 9850 1
8910 8913 1
8913 9085 19
8913 9326 1
8915 9474 5
8916 8945 2
8916 9357 14
8916 9652 1
8916 9841 1
8916 9973 1
8916 9533 1
8919 9048 1
8923 8924 9
8924 9040 1
8924 9716 4
8925 8997 7
8927 9452 1
8932 8994 2
8933 9408 1
8933 8987 1
8933 9880 1
8933 9705 7
8933 9974 2
8933 9561 7
8934 9194 2
8934 9876 5
8939 9261 2
8940 9268 2
8940 9572 2
8940 9382 1
8941 8946 1
8942 9056 1
8943 8951 2
8943 9962 1
8946 9540 1
8946 9894 1
8946 9534 1
8947 9692 11
8947 9739 1
8950 9442 1
8950 9601 1
8950 9049 2
8950 9889 1
8951 9665 71
8951 9274 1
8951 9122 1
8951 9194 1
8951 9283 3
8951 9621 19
8951 9038 4
8953 9085 1
8955 9336 2
8955 9930 1
8956 9717 1
8956 9745 1
8958 9302 1
8960 9434 2
8960 9439 1
8960 9525 4
8960 9421 4
8962 9127 7
8964 9999 30
8964 9495 1
8964 9125 1
8968 8977 4
8971 9373 1
8971 9853 1
8971 9574 1
8973 9278 24
8974 9797 2
8974 9702 1
8974 9639 3
8974 9734 1
8974 9137 1
8974 9205 1
8975 9176 1
8976 9629 1
8976 9159 1
8977 9591 1
8977 9208 2
8980 9149 1
8981 9091 1
8981 9498 1
8981 9562 2
8985 9291 2
8985 9819 1
8985 9860 1
8985 9055 1
8985 9138 2
8986 9787 41
8986 9813 1
8986 9992 1
8988 9552 1
8989 9461 1
8990 9243 1
8992 9926 2
8994 9827 2
8994 9324 6
8994 9032 12
8994 9094 1
8994 9799 10
8995 9202 1
8997 9211 1
8999 9523 1
8999 9733 1
9001 9856 1
9001 9534 1
9003 9717 1
9003 9285 1
9005 9518 1
9005 9375 2
9006 9397 1
9006 9253 4
9006 9294 10
9006 9840 2
9007 9176 1
9009 9173 1
9012 9950 4
9012 9359 5
9012 9742 24
9013 9030 1
9018 9025 1
9019 9348 1
9022 9149 1
9023 9025 1
9023 9795 1
9023 9922 1
9023 9697 1
9027 9692 1
9028 9954 1
9028 9341 1
9029 9215 1
9029 9275 1
9029 9053 5
9029 9537 9
9030 9743 13
9030 9902 2
9033 9575 1
9033 9708 1
9033 9324 1
9033 9563 2
9036 9980 2
9037 9304 12
9037 9493 1
9037 9414 1
9040 9751 1
9041 9076 1
9047 9261 1
9048 9529 1
9048 9807 2
9048 9699 1
9049 9474 1
9052 9841 19
9052 9118 1
9052 9145 200
9052 9735 20
9052 9640 1
9052 9407 2
9054 9507 1
9056 9203 2
9059 9563 1
9059 9408 2
9059 9724 2
9059 9902 1
9062 9692 5
9062 9918 2
9064 9875 1
9065 9650 4
9065 9877 4
9065 9975 1
9065 9080 1
9065 9455 1
9065 9714 5
9066 9596 3
9066 9745 4
9069 9889 2
9071 9325 1
9073 9089 1
9075 9127 10
9076 9269 1
9076 9423 1
9076 9115 3
9080 9326 1
9081 9229 2
9081 9735 2
9081 9259 8
9082 9929 2
9083 9377 1
9085 9195 1
9085 9806 1
9085 9345 5
9088 9360 2
9088 9717 1
9088 9836 2
9097 9149 17
9100 9587 1
9100 9118 2
9100 9810 10
9100 9827 1
9101 9692 1
9103 9297 1
9103 9325 3
9105 9156 2
9107 9734 1
9108 9962 1
9112 9378 2
9117 9760 1
9117 9128 1
9118 9167 2
9118 9261 2
9126 9560 28
9126 9515 10
9130 9635 1
9135 9278 1
9139 9437 1
9143 9159 1
9144 9447 4
9144 9697 7
9144 9388 1
9144 9719 3
9146 9304 1
9146 9365 1
9146 9557 2
9148 9355 1
9148 9823 1
9148 9315 83
9149 9558 4
9157 9468 3
9161 9439 2
9162 9235 30
9162 9658 1
9167 9194 3
9168 9192 1
9173 9652 3
9173 9852 1
9173 9247 1
9173 9568 1
9173 9637 1
9173 9613 1
9174 9179 3
9175 9820 1
9175 9465 1
9175 9536 1
9177 9956 2
9177 9858 1
9179 9895 2
9179 9350 15
9179 9667 2
9179 9330 1
9182 9437 1
9186 9526 3
9192 9451 1
9202 9399 1
9211 9725 14
9212 9751 1
9212 9378 8
9213 9909 16
9218 9791 2
9218 9377 1
9235 9754 1
9235 9802 2
9243 9463 1
9243 9522 7
9249 9530 2
9255 9703 1
9261 9753 3
9277 9754 1
9278 9735 7
9278 9822 1
9278 9967 3
9289 9962 1
9289 9666 1
9302 9550 1
9316 9918 1
9324 9626 13
9326 9622 1
9329 9551 1
9338 9962 1
9343 9912 1
9348 9692 1
9354 9626 2
9355 9875 22
9362 9985 1
9364 9980 12
9373 9590 1
9388 9590 1
9390 9626 1
9391 9788 1
9399 9709 1
9399 9795 4
9399 9835 1
9399 9780 3
9399 9600 2
9418 9918 1
9429 9940 14
9445 9625 5
9449 9626 1
9454 9468 1
9465 9590 1
9491 9692 1
9502 9666 2
9503 9739 1
9514 9832 1
9516 9739 1
9523 9832 1
9537 9586 1
9546 9590 1
9547 9751 1
9548 9703 1
9551 9795 2
9574 9635 3
9586 9856 1
9587 9703 2
9587 9918 2
9626 9806 11
9666 9908 1
9692 9970 1
9703 9759 10
9703 9991 1
9708 9940 1
9714 9918 1
9725 9735 1
9754 9897 1
9786 9803 6
9791 9799 1
9791 9961 1
9829 9832 1
9866 9940 1
9875 9949 2
9918 9991 1
9965 9998 1
