11 9303 1
11 9811 1
11 8817 2
11 8916 1
11 9178 4
14 9637 1
14 8547 1
14 9849 3
14 9386 1
19 9860 5
19 9087 3
19 9396 2
19 9028 1
19 9362 3
19 9443 46
41 9039 1
41 8878 3
41 8671 1
41 9220 6
43 9261 1
43 9582 1
43 9098 1
43 9380 1
48 8830 3
48 8704 1
68 8561 7
68 8631 1
68 9895 1
68 8992 1
88 9028 1
88 9027 1
91 8551 1
91 8640 1
94 9962 1
94 8959 1
94 9403 1
94 9551 2
94 9598 1
101 9174 1
101 9084 3
101 9365 1
101 9510 1
101 9896 1
101 9650 1
107 9866 2
107 8601 1
107 9594 1
107 9057 1
108 8778 2
125 9233 6
125 9177 2
139 8862 2
139 9893 1
139 9132 13
145 8925 22
145 9160 3
145 9626 5
147 8991 1
147 8533 3
147 8926 2
156 9931 8
166 9868 1
166 9022 1
166 8818 1
166 8909 1
168 9073 1
168 9776 1
168 9157 3
168 9823 1
168 9016 1
168 8589 33
168 9739 1
168 8941 8
168 9708 2
176 9733 1
176 9653 1
179 9298 1
186 8827 1
186 9544 1
186 9738 1
186 8723 1
186 8867 1
186 9636 1
186 9717 6
186 9973 1
217 9025 1
217 9147 3
217 8627 1
217 9145 2
217 9330 2
217 9734 1
231 8806 3
231 9908 1
236 9730 2
236 9780 5
236 9114 1
236 9166 1
236 9456 1
236 9474 1
271 9100 1
271 9636 1
271 9827 1
271 9090 1
309 9079 1
313 9350 1
313 8593 10
313 8781 2
313 9572 1
313 9716 5
322 9890 1
322 9659 1
322 9307 6
322 9262 1
344 8916 1
344 9125 1
344 9752 9
344 9812 1
346 9817 1
346 8775 1
356 9794 17
356 9928 1
358 9767 1
358 9676 1
359 9579 1
359 8796 19
366 9552 1
366 8784 2
366 9691 1
369 9204 1
369 9117 1
369 9639 5
369 9904 1
379 9308 1
379 9289 1
379 9517 2
379 8732 1
379 9224 1
395 9308 13
395 8781 1
431 9860 1
431 9998 5
431 9883 1
432 9737 1
432 8849 2
435 9879 1
453 8706 1
453 9929 1
453 9667 40
453 9742 1
502 8573 1
502 8746 3
502 9362 2
502 8939 1
502 9841 1
508 8803 4
508 9717 1
510 9765 9
510 9220 2
510 9474 2
510 8708 1
518 9377 40
518 9346 1
518 9610 7
518 9719 1
528 9704 1
528 9186 1
531 9632 1
535 9164 2
535 9192 2
535 9653 2
535 9341 1
558 9183 1
587 9206 1
587 9936 2
590 9117 1
599 9044 1
599 9896 1
600 9347 1
600 8667 1
600 8761 1
600 9095 5
600 9287 3
600 9016 1
600 9807 4
602 8976 13
602 9882 2
602 9153 1
611 9847 2
611 9158 2
611 9694 1
611 8856 23
621 9321 1
622 9403 1
622 8816 1
622 8720 5
622 9406 1
622 9648 1
674 9141 1
674 8895 1
674 9560 1
680 9325 1
680 9825 1
680 9134 2
680 9803 2
697 9035 1
699 8640 1
699 8962 1
699 9272 1
710 8589 1
710 9203 1
710 8780 1
710 9636 1
710 9683 1
710 9906 4
710 9064 1
710 9167 1
717 9200 1
717 9262 1
717 9570 4
717 9039 3
726 9931 1
726 9085 2
730 9330 4
730 8737 6
730 8581 2
730 9196 1
730 8775 1
730 8809 1
730 9491 35
756 9773 1
756 8875 21
756 8649 1
756 9398 1
756 9002 1
756 9032 1
756 8740 200
756 8957 4
756 9080 5
757 8617 1
757 9039 3
757 9748 2
757 9029 1
757 9087 2
757 8710 4
757 9435 1
777 8804 2
777 9448 1
777 9483 1
777 9092 1
777 9210 1
777 9405 3
777 9498 1
777 9740 1
777 9138 1
777 9535 1
781 9193 1
781 8783 1
781 9699 1
792 9956 3
801 9610 161
801 9550 1
801 9256 1
801 9726 2
802 9783 1
806 8830 6
806 9780 1
808 8721 1
808 8797 3
808 9428 1
809 9066 1
809 9586 6
809 9891 1
811 9552 8
811 8786 4
825 8611 1
825 8784 4
825 9876 1
825 9571 1
830 9394 1
830 9921 1
830 9801 1
830 9446 6
830 9533 1
830 8553 1
830 9463 2
830 9841 1
830 9331 2
837 9897 2
842 9967 1
842 8829 1
842 8827 2
842 9244 1
842 9572 1
845 8720 1
845 9167 2
851 9457 34
864 8673 5
864 9959 1
864 9779 4
875 8795 2
875 9147 1
875 8723 1
875 8833 2
875 9099 2
875 9215 6
875 9791 1
875 8614 1
875 9181 1
890 9153 2
890 9696 1
890 9047 1
890 9250 1
890 9791 4
892 8755 1
892 9651 3
892 8925 1
892 8995 1
892 9940 1
892 9772 1
908 9586 57
908 8737 1
908 9373 17
908 9768 1
908 8892 1
908 9328 1
908 9762 25
909 8644 1
909 9631 3
909 9715 1
929 8529 1
929 8787 1
932 9702 1
932 8551 1
932 9357 1
932 8690 1
938 8930 3
947 8592 1
947 8649 2
947 9459 12
957 9623 1
957 9868 2
968 9268 2
968 9803 1
972 8904 1
972 9325 1
972 9414 23
978 8602 1
978 9076 1
978 8986 1
978 9026 1
978 9225 1
978 9307 1
978 9287 1
1003 9039 1
1003 9491 1
1003 9599 8
1003 9513 1
1006 8736 1
1012 8669 1
1012 8747 122
1012 8902 1
1012 9876 3
1034 9235 2
1034 9344 1
1037 9246 1
1050 9510 5
1050 8657 3
1050 8877 1
1050 9644 16
1050 9537 2
1073 9861 2
1073 9405 1
1073 8729 1
1073 8799 1
1073 9444 1
1077 8620 1
1077 9975 1
1077 9067 1
1078 8700 2
1078 8972 1
1078 8982 1
1078 9162 1
1078 9848 1
1078 9245 2
1078 9491 1
1109 9826 1
1109 9836 3
1109 9659 1
1115 9889 1
1115 9202 3
1115 9577 200
1115 9782 2
1115 9565 1
1134 9423 2
1134 9241 1
1137 8758 2
1137 9328 1
1157 9890 1
1157 8681 1
1157 8891 1
1159 9268 4
1159 9702 1
1159 8607 92
1159 8755 1
1159 8677 1
1159 8732 8
1169 9453 3
1169 9754 2
1202 9090 3
1202 9328 1
1202 9639 2
1202 9785 1
1213 9076 1
1213 8875 2
1213 9122 1
1213 9403 1
1217 9308 12
1217 9908 5
1240 8566 1
1240 8695 1
1240 9262 2
1240 9371 9
1240 9751 1
1240 9099 1
1240 9139 3
1240 9475 4
1240 9481 4
1243 9234 1
1243 9964 5
1250 9031 2
1250 9202 1
1250 9477 15
1250 9382 3
1250 9896 3
1254 9523 1
1254 9289 1
1254 9280 1
1254 9924 1
1254 9206 1
1255 9092 8
1255 8758 1
1255 8829 2
1255 9086 1
1255 9013 4
1255 9420 1
1255 9416 1
1255 9455 1
1288 8655 1
1288 9125 1
1288 9076 1
1298 9958 4
1298 8677 100
1298 8944 2
1298 9555 200
1344 8523 1
1344 9142 1
1344 9730 17
1344 9875 2
1359 8825 1
1359 9941 1
1359 8995 1
1359 9093 13
1359 9608 1
1369 9331 1
1372 9224 3
1372 9132 1
1372 9829 1
1372 9430 1
1377 8939 1
1377 9107 67
1377 9533 5
1377 9583 2
1377 8525 31
1391 8827 1
1391 8949 2
1391 9989 1
1404 9250 1
1404 8663 1
1404 9205 4
1404 8874 1
1404 9666 2
1404 9669 1
1404 8649 2
1418 9789 7
1418 9043 1
1418 9127 1
1418 9150 1
1418 9266 1
1418 9104 1
1425 9597 1
1425 9760 12
1425 8807 3
1425 9290 1
1428 9971 1
1428 8746 1
1428 9421 3
1428 9625 2
1428 9899 1
1428 9650 1
1435 8843 1
1435 9687 1
1435 9533 1
1467 9432 30
1467 9506 1
1467 9991 3
1469 9234 7
1469 9330 1
1469 9429 1
1469 9010 1
1469 9923 1
1469 8522 4
1469 9150 5
1476 9449 3
1476 8916 3
1476 9370 2
1476 8640 1
1490 9576 20
1490 9319 1
1490 9588 2
1516 9205 1
1525 9812 1
1525 9697 1
1555 9311 2
1555 9688 1
1555 8746 1
1568 8680 1
1568 9055 1
1568 9442 2
1572 9512 1
1572 8765 1
1572 9514 1
1572 9559 1
1572 9671 2
1572 9738 3
1586 9055 1
1586 9655 5
1586 9390 2
1586 9688 1
1586 8893 2
1597 9191 6
1597 9976 1
1603 8804 4
1603 9363 1
1617 8867 2
1626 9989 6
1626 9153 1
1626 9043 1
1626 9870 1
1626 8844 1
1626 9394 14
1634 9258 1
1634 9663 1
1634 9870 1
1634 8906 1
1634 8979 1
1634 9464 1
1657 8747 1
1657 9161 3
1657 9964 1
1657 9234 1
1657 9731 1
1664 9292 5
1664 9457 1
1664 8885 1
1664 8602 1
1669 9550 2
1669 9179 3
1686 9899 1
1686 9619 5
1686 8772 3
1686 8854 1
1694 9091 1
1694 9477 1
1694 9085 1
1709 9137 2
1709 9632 6
1711 9695 1
1711 9055 1
1714 8738 1
1714 8591 1
1714 9308 23
1729 9923 1
1729 8639 1
1729 9671 49
1746 9694 2
1746 8656 1
1746 9373 1
1783 8724 1
1798 8885 1
1798 9267 2
1798 8857 1
1798 8704 1
1798 9010 1
1798 9257 3
1798 9459 1
1808 9827 2
1808 9492 3
1808 9736 6
1828 9582 7
1828 9803 1
1828 9992 6
1828 8778 2
1828 8808 1
1831 9602 1
1831 8607 11
1831 8726 1
1831 8588 1
1843 8816 25
1843 8902 1
1843 9402 12
1843 9658 2
1843 9986 3
1843 8629 2
1854 9779 1
1854 9791 26
1854 9309 2
1854 9601 1
1854 9773 1
1854 9292 5
1861 9879 2
1861 9299 4
1861 8655 2
1861 9122 6
1861 9828 1
1876 9854 1
1881 8750 1
1881 8881 2
1881 9558 3
1881 8864 2
1881 9346 20
1881 8605 1
1885 9064 8
1892 8799 1
1909 9379 1
1909 9787 3
1909 9895 1
1909 9929 1
1915 9227 1
1915 9435 1
1915 8592 1
1915 9792 2
1919 9005 4
1923 9106 1
1923 9135 1
1948 9187 22
1948 9194 10
1948 9697 1
1948 9345 1
1948 8754 3
1948 8773 4
1963 8654 1
1963 9794 1
1967 9663 1
1987 9006 3
1987 8678 1
1987 8884 1
1987 9679 2
2004 9397 1
2004 8790 1
2004 8552 1
2004 9269 1
2004 8854 1
2004 9469 1
2004 9800 1
2004 9819 1
2014 9203 1
2014 8638 1
2014 9858 1
2021 9570 2
2021 9529 3
2021 9231 1
2021 9663 1
2021 9984 3
2021 9434 1
2030 9902 1
2030 8955 1
2030 8778 1
2062 8715 1
2071 9930 3
2078 9651 1
2078 9388 1
2078 8620 1
2078 9345 1
2083 9761 1
2083 9104 1
2083 9862 1
2083 8522 3
2083 8667 1
2083 8931 7
2083 9258 9
2083 9325 1
2083 9860 1
2091 9746 1
2091 9360 1
2091 9076 1
2091 8950 3
2091 9464 1
2091 9562 3
2091 8942 1
2091 9545 1
2091 9551 2
2097 9086 1
2097 8660 1
2097 9647 1
2097 9868 1
2097 8698 1
2104 8856 3
2104 9372 1
2104 9992 1
2114 8736 1
2114 8910 1
2114 8566 3
2114 9113 2
2114 9392 1
2117 8591 1
2117 9398 1
2117 9290 1
2117 9972 2
2117 9848 1
2127 9772 1
2130 9707 1
2130 9200 2
2130 9335 1
2130 9414 1
2130 9567 2
2130 8803 1
2130 9747 3
2150 9294 1
2150 8942 1
2150 9783 1
2150 9517 1
2156 8704 4
2156 9829 2
2156 9499 2
2156 9542 2
2156 9955 25
2156 9203 3
2156 8904 2
2156 9089 44
2160 8801 1
2160 9263 1
2160 8911 1
2160 8736 1
2181 8935 1
2181 9816 1
2181 9263 2
2187 9156 1
2187 9885 200
2187 8581 4
2193 9044 1
2193 8939 1
2193 9613 2
2193 8949 1
2200 9306 1
2200 9392 1
2200 9836 1
2221 9490 1
2221 9236 1
2229 8786 4
2229 8618 1
2229 8755 1
2229 9018 1
2241 9560 1
2241 9442 1
2241 9432 1
2241 9696 1
2244 9700 1
2244 9666 1
2244 9857 1
2244 8523 4
2244 9294 10
2244 9420 4
2248 8603 2
2248 9895 1
2248 9983 1
2248 8563 1
2248 9733 2
2267 9697 2
2267 9619 7
2297 8636 68
2338 9026 4
2338 9767 6
2352 9407 3
2352 8554 1
2353 9541 1
2353 9593 1
2353 8808 7
2353 8922 1
2353 8956 3
2353 9595 1
2353 8779 1
2353 9725 1
2368 9037 8
2386 9135 1
2398 9089 2
2398 8796 1
2398 9696 1
2398 9106 1
2423 9350 1
2423 8618 1
2423 9608 1
2423 8733 1
2423 9032 1
2423 9203 3
2423 9548 4
2427 8631 9
2427 9759 2
2427 8737 1
2427 9145 10
2434 8972 1
2434 8734 1
2434 9526 3
2452 9708 1
2471 9962 2
2471 8671 2
2471 9384 1
2471 9444 1
2471 9043 2
2474 8867 11
2474 9035 8
2474 9972 1
2474 8874 2
2474 8894 1
2474 8947 8
2474 9323 1
2480 9047 5
2480 8922 2
2480 9604 1
2489 8910 1
2489 9630 1
2489 9675 2
2489 9887 1
2489 8639 1
2489 8838 2
2489 8580 1
2489 9909 1
2514 9468 2
2514 8863 1
2514 9677 1
2520 9341 1
2520 9384 1
2530 9723 7
2540 8949 1
2550 9188 2
2550 9759 2
2575 9677 7
2575 9962 1
2575 9329 1
2575 9408 9
2578 8694 10
2578 9668 1
2578 8979 1
2578 9835 1
2578 8744 7
2578 8843 2
2578 9477 15
2585 9507 2
2592 9862 1
2592 9473 1
2592 9796 1
2592 8854 2
2592 8751 1
2603 8652 12
2603 9115 4
2603 9994 8
2603 9024 5
2605 9739 1
2605 8563 2
2605 9414 1
2609 9177 4
2609 9592 3
2609 9874 9
2611 9239 1
2611 9635 6
2611 8944 1
2616 9545 1
2616 8627 3
2616 8644 1
2618 9959 1
2618 9965 2
2618 9388 3
2618 9702 1
2618 9991 5
2626 8637 1
2631 8895 3
2631 9083 15
2631 9219 1
2632 9193 2
2632 8830 3
2654 8874 3
2654 8887 9
2654 9974 1
2654 8922 1
2654 9819 1
2661 9951 1
2661 9885 1
2661 8855 1
2661 9593 1
2675 9483 1
2675 9301 2
2675 9306 1
2675 9311 4
2675 9808 1
2675 8810 1
2677 8887 8
2677 8646 110
2677 9547 1
2703 9062 1
2703 9112 1
2703 9637 2
2703 9723 1
2714 8545 5
2714 9606 1
2714 9646 3
2724 9080 1
2724 9962 1
2724 8752 7
2724 9039 7
2724 9755 1
2729 8784 1
2729 9625 2
2730 9811 1
2730 9544 1
2732 9216 1
2732 9477 7
2732 9618 4
2732 9016 1
2732 9075 1
2732 9311 1
2732 9936 4
2733 9066 14
2738 8715 2
2738 9817 1
2738 9397 1
2738 9408 1
2738 8588 2
2738 8866 3
2738 9578 1
2755 8774 1
2755 8806 1
2755 9137 1
2773 9420 1
2773 9239 1
2773 9659 21
2780 9625 8
2780 9511 1
2792 8994 1
2792 9491 1
2792 9584 3
2792 8858 2
2792 9845 1
2800 8750 1
2800 9210 1
2800 9627 1
2800 9951 3
2809 9690 1
2809 8582 2
2809 9588 1
2809 9687 1
2814 9024 1
2814 9782 2
2835 9012 1
2835 9421 2
2845 9835 1
2845 9808 1
2848 9599 1
2848 9475 1
2848 8780 2
2848 8935 1
2849 8768 4
2849 9006 4
2849 9141 1
2849 9615 1
2849 9691 1
2849 8769 3
2849 9982 1
2881 9825 1
2881 9892 1
2884 8704 1
2884 9079 2
2884 9645 4
2909 9266 1
2909 9501 2
2909 9601 7
2926 9618 2
2926 9978 2
2926 9242 2
2926 9866 1
2952 9797 3
3012 8910 2
3012 8782 1
3012 9233 3
3012 9792 1
3012 9896 2
3012 9280 1
3012 9843 3
3028 8752 1
3028 9083 1
3028 9417 1
3028 9489 1
3028 9026 7
3028 9147 165
3028 9254 1
3034 8991 3
3034 9620 1
3034 9783 2
3034 8831 2
3051 8802 1
3051 9759 1
3051 9268 1
3051 9899 1
3068 8771 1
3068 9447 2
3068 9187 2
3072 9334 1
3086 8562 1
3086 9863 1
3086 8931 1
3086 9003 6
3086 8830 3
3086 9086 1
3109 9429 1
3109 9153 1
3109 9269 2
3109 9498 1
3110 8740 3
3110 9490 1
3110 9688 1
3110 9746 3
3120 9592 1
3120 8613 3
3120 8644 8
3120 9080 26
3126 9862 1
3126 9879 1
3130 9208 1
3130 8667 4
3130 9157 2
3140 9332 2
3140 8994 1
3145 9984 2
3145 9725 2
3149 8902 1
3149 9906 10
3149 9333 1
3149 9769 1
3149 9469 3
3178 9638 32
3178 9797 1
3188 9911 1
3188 8949 1
3188 9618 1
3188 9118 2
3188 9183 2
3191 9091 4
3215 8546 1
3215 8786 1
3215 9007 1
3215 9668 11
3223 9736 1
3223 9154 1
3223 9326 3
3228 9148 1
3243 9834 2
3243 9284 200
3243 9472 1
3243 9974 1
3254 9357 2
3254 8773 1
3254 9577 2
3254 8671 1
3254 8616 5
3254 9134 2
3261 9019 2
3261 8892 2
3261 8991 1
3261 9184 67
3261 9812 1
3266 9705 1
3266 9147 1
3266 9364 3
3266 9708 3
3271 8898 1
3287 8750 1
3287 9991 1
3287 9541 1
3287 9003 1
3287 9490 3
3288 9091 4
3288 9974 6
3288 8694 1
3288 9219 1
3288 9303 1
3307 8680 1
3307 9839 18
3307 9448 1
3318 9388 1
3318 9031 1
3325 9214 1
3325 9834 1
3325 9015 1
3325 9986 2
3325 8533 1
3325 9225 17
3325 9447 3
3325 9698 3
3325 8831 1
3325 9992 1
3347 9331 1
3347 8979 1
3347 8525 18
3347 9001 1
3347 9337 1
3347 8627 1
3347 8822 1
3347 9024 3
3347 9569 3
3347 9595 1
3351 9625 1
3351 8760 1
3371 9522 1
3371 9440 1
3373 9177 2
3373 9357 1
3373 9287 1
3373 9800 2
3373 8915 1
3373 9715 2
3373 9558 1
3373 8790 1
3373 9346 2
3388 8911 1
3388 8691 3
3388 9295 4
3388 9541 1
3388 9910 1
3402 9834 2
3402 9098 1
3402 9284 2
3402 9499 1
3402 9823 2
3451 9077 2
3451 9303 2
3451 9669 6
3451 9388 1
3451 8808 1
3451 9036 2
3451 9810 1
3451 9366 2
3451 9653 3
3451 8726 1
3460 8850 1
3460 8984 1
3460 9309 1
3460 9797 4
3465 9171 1
3465 8833 1
3465 9371 1
3484 8644 4
3484 8907 5
3484 8608 1
3484 8872 1
3484 8982 120
3484 9158 1
3499 9548 1
3499 8728 1
3499 9908 6
3499 9124 1
3499 8644 1
3499 9757 1
3499 9112 1
3499 8761 1
3511 8717 1
3511 9224 1
3511 8529 1
3511 8926 1
3511 9602 1
3511 9139 2
3511 8614 1
3511 8784 1
3511 9960 2
3514 9080 79
3514 8703 1
3514 9423 1
3519 8738 3
3525 9931 1
3525 9933 2
3525 8621 1
3528 9794 1
3534 9350 3
3534 8532 3
3534 9059 1
3542 9030 1
3542 9149 1
3542 9453 5
3542 8891 42
3542 8669 1
3542 9861 3
3570 8831 2
3570 9136 1
3570 9748 1
3570 9883 3
3570 9016 1
3570 9570 1
3570 9928 1
3570 9981 1
3571 9138 1
3589 9200 1
3589 9442 1
3589 8712 1
3589 9552 45
3589 9584 1
3589 9247 2
3589 8981 1
3589 9911 1
3589 9946 8
3589 9996 2
3609 9457 1
3609 8578 1
3609 8770 1
3619 9366 2
3619 9559 2
3619 9835 1
3627 9347 1
3627 8848 2
3637 9941 1
3637 8631 1
3649 9543 1
3649 9150 1
3649 8928 1
3649 8654 1
3700 8857 3
3716 9052 1
3716 9415 1
3716 9829 1
3726 8732 2
3726 9412 1
3726 9069 1
3749 8735 1
3749 9285 1
3749 9124 1
3749 9773 3
3789 9507 1
3802 9202 1
3802 9928 1
3802 9631 2
3802 8584 6
3802 9161 1
3802 9758 1
3802 9038 1
3802 9655 4
3813 9973 3
3833 9763 2
3833 8846 43
3833 9485 2
3850 8523 1
3850 8883 1
3852 8825 1
3852 9259 3
3852 8929 4
3852 9685 1
3852 9463 1
3857 9752 1
3857 9148 1
3857 9909 20
3857 8603 1
3857 9283 1
3857 9639 1
3857 9009 10
3857 9650 2
3857 9178 1
3857 9637 1
3857 9356 2
3866 9328 5
3866 9851 1
3866 9506 1
3874 8723 2
3874 9202 1
3884 8747 1
3884 9092 1
3898 9286 2
3898 9866 2
3898 9517 1
3898 8725 1
3898 9703 1
3909 9958 1
3909 8602 5
3909 9305 1
3909 9763 1
3918 9896 1
3923 8649 1
3923 9629 95
3923 8713 1
3923 8987 1
3923 9006 1
3923 9332 8
3939 9303 102
3939 9319 1
3939 9499 1
3939 9381 1
3943 8620 1
3943 9315 1
3956 8976 1
3956 9270 2
3956 9813 25
3970 9522 1
3979 8981 8
3979 9504 3
3986 9604 1
3986 8733 1
3986 8891 1
4001 9890 1
4004 9522 1
4004 8952 1
4004 9117 4
4020 9606 2
4020 9094 1
4020 8533 1
4020 8809 1
4020 9335 2
4058 9689 4
4058 9006 69
4058 9739 1
4080 8827 13
4080 8546 1
4104 9158 3
4106 8578 1
4106 9507 27
4106 8849 2
4106 9384 1
4106 8638 1
4106 9198 1
4106 9250 3
4113 8892 1
4113 8972 1
4113 9964 1
4113 8573 1
4113 8744 2
4113 9053 1
4123 8687 3
4123 9011 72
4123 9746 1
4123 9446 1
4123 9648 1
4123 9666 78
4154 9776 125
4166 9346 1
4166 9902 1
4166 9214 1
4179 9228 1
4179 9362 2
4179 9069 1
4179 9843 1
4181 9668 1
4181 8544 1
4181 8794 1
4181 9663 2
4181 9932 1
4181 9972 1
4195 9298 4
4198 9326 1
4198 9343 1
4207 9402 2
4207 9524 2
4207 8881 1
4213 9126 1
4213 9136 1
4213 9259 1
4213 9897 2
4226 8746 2
4226 9164 1
4226 9956 1
4226 8675 3
4246 9575 1
4246 9889 1
4246 8592 2
4246 9704 1
4246 9924 1
4246 8995 1
4252 8663 1
4252 9994 1
4252 9823 1
4252 9923 1
4257 9585 2
4257 9155 1
4257 9198 2
4257 9924 3
4273 9218 1
4273 8855 8
4273 9693 1
4329 8940 2
4329 9760 8
4329 8952 2
4329 9787 1
4329 8758 1
4329 9627 54
4351 8990 1
4351 9645 9
4353 9522 1
4372 8877 1
4372 9069 1
4372 9010 1
4373 9210 1
4373 9891 1
4373 9067 1
4373 9626 1
4373 9267 1
4381 8566 1
4381 9354 2
4381 9432 1
4386 9835 1
4389 9181 3
4389 9075 1
4390 8630 1
4390 9919 2
4390 9765 33
4404 9145 1
4404 9412 1
4408 9571 1
4408 9272 1
4408 9694 2
4417 8969 1
4417 8793 1
4417 8621 4
4417 8698 1
4417 9144 1
4424 8850 2
4424 8835 1
4424 9228 81
4433 9643 8
4454 9128 1
4478 8656 1
4478 8942 1
4505 8911 1
4505 8979 2
4505 9063 17
4505 8868 4
4505 8906 1
4505 9002 1
4505 9315 2
4512 9241 1
4512 9291 1
4512 9649 2
4512 9239 5
4512 9702 1
4512 9752 1
4512 8596 13
4512 9607 1
4535 9030 1
4535 9593 1
4535 9767 1
4543 9374 1
4543 9210 13
4543 9347 3
4543 9887 1
4545 9445 4
4545 9013 1
4545 9148 1
4550 8819 1
4550 9861 1
4550 9978 1
4563 8938 1
4563 9910 5
4563 9012 2
4567 8881 1
4567 8807 1
4567 9492 1
4567 9417 16
4569 8639 3
4569 9246 1
4569 9729 3
4569 8582 2
4569 9849 20
4569 9202 3
4569 9475 1
4569 9083 1
4569 8637 1
4571 9205 2
4571 8708 1
4571 9047 2
4571 9428 1
4571 9543 1
4571 8561 1
4571 9162 4
4573 8771 1
4573 9037 1
4573 9216 1
4583 8856 2
4583 8525 3
4583 9295 2
4586 8755 1
4586 9083 4
4588 8578 3
4588 9353 2
4588 8740 2
4612 8837 6
4618 8799 1
4618 9294 1
4618 9736 2
4618 8816 2
4618 9989 1
4623 8962 1
4642 8900 1
4642 8781 1
4642 9733 1
4642 8589 2
4642 9337 1
4650 9747 1
4650 8804 2
4650 9630 41
4650 9906 1
4666 9880 1
4666 8613 1
4666 8711 2
4666 8850 2
4669 8838 33
4669 9405 1
4678 8726 1
4678 8875 2
4678 9353 1
4678 9286 1
4697 8684 1
4697 9001 1
4697 9193 3
4721 9125 3
4721 8637 2
4721 8950 1
4739 9321 1
4739 9444 1
4739 9890 2
4739 8548 3
4739 9200 1
4739 9825 3
4744 8962 1
4744 9123 1
4744 9149 2
4744 9939 1
4748 9117 1
4775 9349 1
4796 9748 1
4796 9704 13
4796 8957 1
4796 9527 1
4796 9754 17
4796 9568 1
4802 8992 1
4802 8855 6
4802 9849 1
4828 9939 1
4828 9852 1
4828 9264 4
4848 9546 1
4848 9754 1
4848 8857 1
4848 9921 1
4855 8782 140
4855 9225 2
4857 9273 1
4857 9688 4
4857 8981 1
4857 9955 7
4857 8735 1
4857 9758 1
4860 9463 1
4860 9487 4
4864 8903 9
4864 8774 1
4868 9704 1
4868 9823 4
4908 9991 1
4908 8675 1
4908 9984 118
4908 9659 1
4908 8551 3
4908 9698 2
4949 9156 1
4949 9680 4
4962 9670 1
4962 9255 3
4962 9965 2
4965 9789 1
4965 9498 1
4965 9927 1
4965 9294 1
4965 9156 1
4965 9365 1
4970 9973 1
4970 9005 2
4970 9067 1
4970 9757 6
4973 9360 1
4973 8691 4
4973 9197 9
4973 8584 1
4973 9765 5
4973 9984 1
4991 8979 4
4991 8911 8
4991 9695 1
4994 9933 1
4994 9786 1
5009 9488 1
5009 8952 17
5009 9563 1
5009 9632 1
5015 9849 1
5015 9086 1
5015 9126 2
5015 9283 1
5039 8823 1
5039 9298 1
5046 9914 1
5046 9717 1
5046 9733 1
5046 8957 52
5046 9235 1
5046 8771 2
5046 8851 1
5046 9002 1
5046 9382 1
5048 9329 1
5048 9527 1
5080 8816 1
5080 8646 1
5087 8771 1
5087 9629 2
5087 9330 1
5103 8996 1
5103 9738 1
5103 9027 2
5114 9889 1
5114 8733 1
5114 8999 1
5114 9487 2
5114 9817 1
5114 9359 1
5114 9589 1
5114 9375 1
5122 9847 2
5122 8781 7
5132 9889 1
5132 9258 133
5132 9855 1
5151 9935 1
5151 9438 2
5151 9228 1
5151 9677 2
5151 9776 1
5155 9644 3
5155 8829 2
5155 9437 1
5185 8524 17
5185 9062 4
5185 9479 2
5185 9321 2
5190 8786 1
5190 8725 1
5190 9453 3
5190 9902 2
5190 8857 1
5190 9930 2
5192 8706 1
5192 9402 1
5192 9434 8
5192 8569 1
5192 8793 2
5196 9873 1
5196 9018 2
5196 9268 1
5211 9435 1
5211 9949 1
5221 8541 4
5221 9618 2
5225 9513 1
5225 9941 3
5226 8769 5
5226 8635 1
5230 8766 1
5230 9171 1
5244 9940 1
5244 9670 1
5250 9626 5
5250 8637 1
5257 9245 1
5257 9456 1
5257 9076 1
5262 8565 2
5262 8768 2
5262 9630 1
5262 9306 1
5270 9673 1
5270 9740 2
5270 9446 2
5270 9137 1
5270 9412 2
5270 9683 1
5270 9882 1
5274 8842 2
5274 8992 9
5274 8823 1
5274 9249 1
5275 8956 1
5275 9168 1
5341 9808 1
5341 9873 9
5341 8838 1
5341 9252 27
5355 9184 1
5355 8636 1
5355 9030 1
5355 9342 1
5355 9670 1
5355 8909 1
5355 8925 1
5364 9923 2
5364 9663 7
5364 9335 1
5364 9063 1
5364 9806 1
5364 9851 9
5395 9789 1
5395 8711 2
5395 9038 12
5395 9530 1
5395 8752 1
5399 8939 4
5399 9280 1
5399 9098 1
5399 9351 11
5401 9915 1
5426 9733 2
5426 8801 1
5426 9767 200
5426 9246 2
5426 9340 3
5426 9750 1
5426 9957 1
5427 9511 2
5430 9094 1
5430 9398 5
5430 9550 3
5430 9704 1
5442 9070 1
5442 9892 1
5442 8895 1
5442 8547 2
5442 9157 1
5442 9108 1
5442 9518 1
5447 9514 1
5454 8717 5
5454 9573 1
5454 9958 1
5454 8910 1
5454 9351 6
5463 8903 1
5463 9266 1
5463 8544 1
5463 9353 1
5463 9988 1
5463 8712 3
5480 8769 1
5480 9978 1
5497 9256 1
5497 8956 1
5497 9397 1
5497 9617 1
5497 9756 1
5497 9956 1
5504 9457 2
5506 8596 3
5506 8624 5
5506 8850 1
5506 9438 2
5506 9702 1
5506 9863 12
5521 8591 1
5521 8887 1
5521 9261 3
5536 9377 1
5536 8529 1
5536 9509 2
5551 9580 1
5551 9291 1
5551 9607 7
5551 9674 1
5551 8584 3
5551 9634 1
5551 9656 1
5555 9684 1
5555 9366 1
5555 9029 1
5555 9319 1
5557 9705 1
5557 8669 1
5557 9865 2
5569 8901 1
5574 9220 2
5574 9571 2
5574 9568 1
5580 9702 1
5580 9619 1
5580 9544 7
5580 9227 12
5580 9438 1
5580 9789 1
5581 9940 1
5581 9924 1
5592 8804 2
5592 8976 8
5592 9194 1
5592 9227 2
5592 9842 1
5592 9002 1
5592 9567 1
5592 8867 1
5592 9511 1
5592 8738 1
5597 8923 1
5597 9487 12
5609 8620 2
5609 8740 2
5609 9867 1
5614 8926 2
5619 9178 40
5619 9989 2
5619 8616 1
5619 8655 1
5619 9008 1
5627 8949 2
5627 9356 11
5627 8661 1
5632 9098 1
5632 8959 1
5651 8826 7
5651 9043 1
5660 8783 7
5660 9013 2
5660 9726 1
5660 8758 2
5660 9986 1
5703 8972 1
5703 8966 4
5704 8966 6
5704 8616 2
5704 9472 3
5704 9135 1
5704 8728 1
5704 8898 1
5704 9092 6
5704 9705 1
5710 9363 6
5710 9134 2
5710 8879 1
5714 9827 1
5714 9960 1
5714 8554 1
5714 8755 1
5714 9123 2
5714 9376 2
5727 8879 1
5727 8884 1
5727 8991 2
5727 8629 1
5727 8862 1
5731 9973 1
5731 8822 1
5731 9669 1
5737 9543 1
5737 8710 2
5737 9384 15
5739 9444 2
5739 9563 2
5742 8646 5
5742 9183 1
5742 8928 1
5742 9067 2
5742 9352 1
5742 8819 1
5742 9956 44
5742 9753 1
5742 9583 2
5745 8915 1
5745 9750 1
5745 9929 2
5753 9885 1
5753 8750 2
5765 9867 1
5765 9634 6
5774 8680 4
5774 9133 1
5774 9011 7
5774 9305 1
5774 8687 1
5800 9647 13
5800 9575 5
5817 9442 1
5817 9301 1
5818 9114 29
5818 8545 22
5822 8726 19
5822 9375 4
5822 8967 1
5822 9560 1
5822 8901 1
5822 8950 1
5827 9032 10
5827 8837 6
5827 9090 2
5831 8659 1
5831 8822 1
5831 9739 1
5831 8875 1
5831 9055 1
5831 9924 1
5831 9449 11
5840 8695 1
5840 8900 2
5846 9203 1
5846 8721 1
5846 9118 1
5846 9818 1
5846 8966 1
5846 8967 1
5846 9135 1
5846 9344 1
5846 8568 1
5846 9480 1
5846 8783 1
5848 8797 1
5848 9179 1
5848 9915 1
5848 9747 1
5848 8570 2
5848 9212 21
5870 9658 1
5870 8929 1
5886 9123 1
5890 8994 1
5893 9329 2
5893 8690 1
5914 9725 3
5914 9524 2
5924 9608 1
5924 8872 1
5924 9966 1
5924 9870 2
5924 9133 3
5936 9196 1
5936 8744 10
5936 9252 1
5936 9646 89
5947 9290 1
5947 9325 1
5947 8617 2
5959 8578 5
5959 9155 3
5959 9707 1
5959 9880 1
5992 9847 1
5992 8552 1
6003 9241 5
6003 9677 6
6021 9684 6
6021 9671 1
6021 8638 1
6021 9705 2
6021 9129 3
6032 9292 1
6032 9915 1
6032 9124 1
6032 8891 1
6032 8801 3
6042 8648 1
6042 9037 1
6042 9183 1
6068 8904 5
6068 9001 1
6068 8562 2
6068 9789 2
6068 8844 1
6083 9228 5
6083 8678 1
6083 9215 2
6100 9638 1
6100 9656 1
6100 9156 1
6100 9541 1
6100 9070 49
6119 9776 1
6119 9948 9
6119 9006 2
6119 9062 1
6122 9195 1
6122 8725 1
6122 9584 2
6144 9163 1
6144 9456 4
6144 9973 1
6144 9595 6
6148 9335 1
6148 9203 2
6148 9059 1
6148 8884 1
6148 9687 1
6169 9927 7
6169 9355 1
6201 8796 1
6201 8912 3
6201 9731 1
6201 8789 1
6201 9551 1
6201 8853 3
6201 9115 2
6204 9423 2
6204 9131 1
6214 9972 2
6214 9743 3
6214 9786 2
6214 8687 1
6214 8879 1
6214 8925 2
6214 8744 2
6222 9719 1
6222 9939 12
6222 9552 5
6222 9740 2
6236 8635 18
6236 9851 1
6236 9719 1
6248 9142 1
6259 8750 107
6259 8939 4
6259 9036 1
6259 9552 1
6259 9902 1
6261 9128 1
6261 8859 2
6261 9782 1
6261 9817 1
6262 9646 2
6262 9028 1
6273 9416 1
6309 9582 1
6309 9586 5
6318 9298 2
6318 8584 1
6318 9863 1
6318 9121 1
6321 9392 15
6321 9862 7
6339 8778 11
6339 9386 1
6339 8801 1
6339 9370 1
6339 9800 1
6341 8620 1
6385 8802 1
6385 9227 1
6385 8875 1
6387 9085 6
6387 9326 2
6387 8729 1
6387 9232 1
6387 8626 1
6389 9444 3
6389 8953 1
6389 9977 2
6393 8712 1
6393 9168 1
6393 9131 2
6393 9644 1
6394 9656 1
6394 8627 1
6394 8726 1
6394 9817 1
6394 9149 1
6429 9514 22
6429 9615 52
6429 9726 4
6429 9065 1
6429 9958 69
6438 9723 1
6438 9865 1
6438 9671 2
6438 8973 1
6438 9890 1
6440 9857 1
6440 8704 3
6440 9542 1
6440 9589 3
6450 8695 1
6450 9904 1
6477 9927 3
6477 9524 2
6484 8608 1
6484 9967 1
6484 9309 1
6484 8998 1
6484 9437 1
6484 8680 3
6484 9154 1
6484 9284 1
6491 8956 1
6491 9022 2
6491 9758 3
6491 8552 1
6497 9094 1
6497 9385 1
6497 8631 2
6497 9602 1
6497 8900 2
6497 9107 1
6502 9203 1
6502 8801 5
6502 9352 1
6511 9372 1
6511 9479 4
6511 9807 2
6525 9292 3
6525 9126 1
6525 9136 6
6525 9585 2
6525 9106 2
6525 9760 1
6526 8962 24
6526 9094 6
6526 9299 1
6526 9623 29
6526 9826 1
6530 9592 2
6530 9757 3
6543 8729 5
6543 8876 2
6543 9559 2
6543 9950 1
6544 8959 3
6553 9823 2
6553 9031 1
6553 9965 2
6553 9194 1
6561 8684 1
6561 8640 1
6561 8584 1
6561 9430 1
6561 8553 1
6561 9948 1
6561 8591 1
6575 9216 1
6575 9386 1
6575 9003 1
6578 9072 1
6578 9261 4
6578 9490 1
6578 9986 2
6578 9592 5
6579 9553 1
6579 9306 1
6579 9573 200
6584 9883 1
6584 9195 1
6584 9839 1
6589 9440 1
6589 8911 1
6589 9012 1
6589 9353 1
6589 8862 1
6589 8837 1
6589 9673 1
6589 8969 13
6589 8930 1
6589 9247 1
6589 9398 1
6591 9186 1
6591 9599 3
6591 8837 10
6591 9097 1
6591 9893 1
6596 9188 4
6596 9658 1
6596 9396 1
6599 8602 5
6599 9143 12
6599 9860 2
6602 9728 1
6602 8687 2
6602 9087 1
6617 9716 1
6617 9215 2
6617 9412 6
6617 9125 3
6628 8522 1
6628 9452 2
6628 9667 5
6628 9313 111
6628 9692 1
6628 8909 1
6628 8926 10
6628 9874 2
6632 9607 1
6632 9266 7
6641 9782 2
6641 9311 4
6641 8998 3
6641 9447 1
6662 8721 1
6662 9553 1
6662 9812 1
6662 9259 1
6662 9396 1
6662 9504 2
6662 9485 1
6662 9818 1
6664 8548 23
6664 9806 2
6664 8765 1
6664 9129 1
6664 9138 1
6664 9575 1
6671 9118 1
6675 8729 1
6675 8992 1
6675 8916 1
6675 9559 1
6675 9204 22
6692 9865 15
6692 8968 2
6692 9108 1
6696 9735 1
6696 8750 2
6696 8768 34
6696 9112 1
6702 9406 1
6702 9585 1
6709 9743 1
6709 8523 1
6709 8955 1
6709 9852 1
6712 8922 2
6712 9572 3
6712 8721 1
6718 9031 1
6718 9883 1
6719 9796 1
6719 8931 1
6720 9899 19
6720 9699 1
6720 8565 1
6720 9258 1
6720 9562 1
6732 9335 6
6755 9124 1
6766 8566 1
6766 9763 1
6768 8806 3
6768 9180 3
6768 8935 1
6771 9680 1
6771 8703 1
6775 9283 1
6775 9429 1
6775 8799 1
6775 8763 1
6775 9988 2
6782 9327 1
6782 9643 7
6782 9983 33
6785 9651 1
6785 9553 1
6787 9068 1
6787 9716 6
6787 9806 1
6787 9936 1
6787 9838 2
6791 9018 8
6791 9097 2
6791 9487 42
6791 9316 1
6791 8843 6
6791 9078 1
6791 9804 2
6792 9893 1
6792 8589 3
6792 8881 3
6811 9044 1
6811 9453 1
6811 9579 5
6851 9723 3
6851 9972 1
6851 9680 1
6851 9311 1
6851 8893 1
6851 8772 1
6851 9117 1
6868 9414 1
6868 8947 1
6868 9770 1
6868 9269 1
6868 8874 1
6868 9019 4
6868 9582 7
6875 9703 10
6875 9328 1
6875 8728 1
6875 9204 1
6875 8624 1
6882 8758 3
6882 9052 1
6882 9620 1
6882 9443 1
6888 8649 1
6888 8703 3
6888 8523 1
6908 9663 1
6908 9113 15
6908 9255 1
6908 8902 2
6908 8648 17
6908 9063 1
6908 9069 1
6914 8859 1
6914 9875 1
6914 8946 1
6920 9447 1
6920 9124 1
6920 9299 3
6920 9984 1
6920 8596 1
6920 9427 1
6921 9244 2
6921 9197 2
6923 8783 11
6923 9341 1
6951 9065 1
6952 8694 1
6952 9334 1
6952 8524 1
6952 9647 1
6963 9026 1
6963 9188 1
6969 9875 2
6969 9397 7
6969 9376 1
6969 9499 2
6970 9161 1
6970 9347 1
6970 9919 1
6970 9930 2
6970 8581 2
6986 9787 1
6986 8942 1
6986 8972 2
7013 8940 1
7013 9546 1
7013 9613 1
7013 8715 1
7013 9002 2
7021 9388 1
7021 8568 1
7025 8661 1
7025 8632 1
7025 8855 1
7025 9100 3
7033 8999 1
7033 9261 5
7033 9994 3
7033 8864 1
7033 9110 1
7040 9592 1
7043 8787 22
7043 9656 1
7043 9434 1
7043 8630 6
7054 9797 1
7054 9168 1
7054 9436 3
7055 9144 2
7055 9567 2
7059 9111 1
7078 9697 1
7078 9334 3
7102 8885 2
7109 9074 1
7109 9980 1
7109 9273 1
7122 8999 1
7122 8562 2
7122 8580 33
7150 9786 1
7150 9751 9
7150 9929 3
7150 8816 1
7157 9064 1
7177 9864 1
7177 8743 2
7177 9238 1
7187 9111 1
7187 9015 1
7187 9251 1
7187 9673 1
7198 9012 3
7202 8601 1
7202 9202 1
7202 9606 1
7202 9180 1
7208 8743 1
7208 8859 1
7208 9413 17
7208 9537 1
7208 8804 2
7208 9194 4
7215 9194 6
7215 9464 2
7216 9588 7
7216 9975 6
7216 9250 1
7216 9742 1
7216 9844 8
7216 9960 2
7216 9231 3
7223 8950 1
7223 9327 1
7223 9118 1
7223 9417 1
7226 9803 1
7226 8743 2
7230 8903 4
7230 9218 1
7230 9030 1
7230 9357 1
7230 9354 1
7233 9644 2
7233 9631 2
7233 9966 1
7236 9039 1
7236 8994 1
7236 9852 2
7236 8660 1
7241 9579 1
7241 8573 1
7242 9705 1
7242 8802 1
7242 9189 5
7246 9489 16
7246 9298 1
7246 9233 2
7246 8848 1
7246 8952 1
7246 9150 1
7246 9453 2
7246 9567 1
7246 8782 1
7246 9307 1
7246 9615 1
7246 9768 1
7251 8941 2
7251 9636 2
7251 9754 1
7251 9695 1
7251 9011 1
7270 9231 1
7270 9341 1
7270 8838 1
7270 8863 18
7270 8789 1
7299 9768 1
7299 8675 2
7299 9038 3
7299 9762 1
7299 9266 1
7299 9932 7
7299 9577 1
7299 9636 1
7299 9897 32
7299 9651 13
7304 9758 1
7304 9359 1
7304 9668 8
7304 8849 1
7304 9112 2
7304 9208 3
7304 9427 1
7309 8791 1
7309 8817 1
7309 9930 2
7309 9241 1
7309 9847 1
7311 9879 1
7311 9588 1
7311 9359 2
7311 8659 1
7334 9272 1
7342 8768 1
7342 8922 1
7342 8913 1
7349 9356 1
7349 8713 1
7368 9726 9
7368 8661 2
7368 9343 1
7368 9551 5
7368 9933 1
7368 8779 2
7368 8790 1
7368 8987 1
7368 9053 1
7368 8818 2
7373 9089 2
7373 9287 1
7373 8553 1
7384 8547 1
7384 9479 3
7391 9562 2
7411 9263 4
7411 9469 2
7411 8750 2
7411 9141 8
7430 9074 1
7430 9332 9
7430 9093 1
7430 8618 1
7430 8753 9
7430 9424 1
7430 9512 1
7434 8570 1
7434 9776 1
7434 9959 1
7443 9983 1
7443 9530 1
7443 9854 1
7470 9768 1
7470 9930 7
7470 9629 1
7470 9758 1
7479 9309 1
7479 8720 1
7480 9252 95
7496 9894 1
7496 9812 2
7496 8663 1
7496 8603 1
7496 9704 1
7496 9029 1
7496 9233 2
7496 9453 2
7503 8787 2
7503 9824 2
7503 9037 2
7503 9044 1
7503 9349 4
7503 8554 1
7503 8962 1
7503 9542 1
7505 8626 1
7505 9553 3
7505 9337 2
7509 9982 1
7509 9035 2
7514 9761 1
7514 8626 200
7514 9267 2
7517 9951 52
7547 8760 9
7547 9708 1
7547 9974 1
7547 9622 1
7563 9949 1
7563 9772 1
7563 9522 1
7563 9690 2
7568 8868 1
7568 9909 1
7568 9594 1
7568 9728 10
7571 9765 2
7571 8524 1
7571 9728 3
7571 8791 1
7571 8928 2
7571 9810 6
7572 9996 1
7572 9113 1
7572 9247 1
7572 8632 3
7578 9838 1
7586 9141 1
7586 9575 5
7586 9796 1
7586 9975 1
7586 8910 5
7586 9196 4
7595 9202 1
7595 9331 1
7595 8968 1
7595 9889 1
7595 9087 1
7595 8527 1
7600 8617 2
7600 9568 1
7600 9259 2
7637 9473 1
7637 9975 1
7640 9483 4
7640 9791 1
7640 9078 1
7640 9977 1
7640 9656 2
7641 8763 5
7641 9195 3
7641 9355 1
7686 9563 2
7686 9982 1
7686 8706 19
7686 9679 2
7711 9894 1
7711 8851 1
7711 8976 1
7718 9810 1
7719 9124 1
7720 9408 4
7720 9847 3
7720 9468 1
7720 9658 2
7729 9011 1
7735 8858 1
7735 8834 3
7744 9036 1
7744 9072 2
7747 9932 1
7814 9857 1
7814 9787 8
7814 8912 3
7851 9842 1
7851 9208 14
7894 9353 1
7894 9577 2
7894 8574 1
7894 8962 1
7894 9617 2
7902 8713 13
7902 9075 2
7902 8582 3
7902 9278 13
7904 9141 3
7904 9576 2
7904 9526 1
7904 9854 1
7923 8829 1
7923 9188 2
7923 9428 1
7923 9244 3
7923 8810 1
7929 8703 1
7929 9975 1
7932 9635 1
7932 9254 2
7932 9473 1
7932 9904 8
7936 8548 1
7936 9776 2
7936 9192 1
7936 9843 1
7936 9507 1
7937 9976 2
7937 9291 2
7937 9863 1
7948 9071 9
7948 9683 2
7948 8657 2
7953 9634 1
7953 9891 1
7953 8783 1
7953 9445 1
7957 9126 9
7957 8586 1
7957 8796 2
7957 8826 1
7957 9827 16
7973 9094 20
7973 9128 2
7973 9231 1
7973 9543 2
7982 9950 2
7982 9009 1
7989 8858 1
7989 9573 1
7989 9254 4
7989 9498 2
7989 9887 5
8000 8755 1
8000 8537 1
8000 8580 1
8000 8856 1
8000 9099 10
8000 9578 2
8000 8652 1
8000 9517 6
8013 8819 1
8021 9104 1
8021 8629 2
8021 9055 1
8021 9585 2
8021 9693 1
8021 9489 16
8021 9631 3
8021 9858 26
8027 9511 1
8027 8907 2
8027 9018 2
8027 9597 1
8027 9690 1
8027 9350 1
8027 9377 6
8032 8853 2
8032 8878 1
8032 9818 1
8032 9692 9
8032 9933 3
8041 9746 1
8041 9980 1
8041 9421 1
8041 9323 1
8041 9286 1
8041 9716 1
8041 9857 1
8048 9812 3
8048 8527 15
8048 9667 3
8048 9210 1
8060 8902 2
8060 9263 15
8064 8931 1
8064 9029 2
8064 9186 1
8064 9436 5
8064 9786 1
8064 8527 5
8064 8801 1
8064 9438 1
8064 8915 29
8064 9066 1
8065 9555 1
8065 9602 4
8065 9197 1
8065 9113 1
8065 9480 1
8065 9606 1
8065 9809 4
8068 9174 6
8068 9310 1
8068 8789 1
8068 8833 2
8068 9753 14
8084 9563 2
8084 9238 5
8084 9350 1
8084 9184 2
8085 9882 2
8105 8698 1
8105 8529 2
8105 9689 1
8105 9870 1
8124 8523 3
8124 9121 1
8124 8985 3
8124 9191 1
8124 9364 1
8169 8848 3
8169 9776 10
8169 9420 1
8169 9234 1
8169 9546 1
8186 8992 1
8186 9680 1
8188 9922 1
8188 9337 1
8188 8763 2
8188 9313 26
8188 9472 1
8189 8887 2
8189 8967 7
8189 8813 3
8189 9747 2
8189 8596 1
8189 9582 7
8189 8938 1
8189 9866 1
8212 8839 1
8212 8874 1
8212 9316 8
8212 8608 1
8230 9841 1
8250 9006 4
8250 8652 1
8250 9753 1
8309 9758 1
8309 8927 1
8309 8780 1
8309 9095 2
8309 9292 2
8309 8552 1
8309 9230 4
8309 9555 1
8327 8680 1
8327 9255 3
8327 9810 1
8356 9406 2
8356 9421 1
8356 9992 1
8356 8705 1
8356 8930 2
8356 9166 1
8356 9978 1
8356 9289 4
8375 8866 1
8375 8601 2
8375 9144 1
8375 9277 1
8397 9029 1
8397 9658 1
8397 8765 1
8405 8526 1
8428 9235 1
8428 8717 3
8436 9477 2
8436 9127 1
8436 9492 9
8436 8754 1
8468 9334 1
8468 9091 3
8468 9949 18
8471 9874 1
8481 9158 1
8481 9763 1
8481 9882 1
8486 9935 1
8486 9980 10
8488 8677 1
8490 9860 2
8490 9957 5
8490 9262 1
8490 9481 1
8490 9782 1
8490 8850 1
8490 9270 2
8490 9343 5
8490 9685 2
8490 9864 1
8491 9438 1
8491 8877 2
8491 8593 1
8491 8898 2
8491 8914 4
8522 8587 1
8524 8610 1
8524 8792 1
8525 8697 3
8526 8988 1
8528 9448 1
8528 9161 2
8530 9396 1
8530 9483 1
8531 9028 1
8531 9555 3
8531 8944 1
8531 9099 1
8531 9635 1
8531 9844 12
8534 9110 1
8534 8766 1
8535 9780 1
8536 8862 17
8536 8617 1
8536 9628 1
8536 8660 2
8536 9290 1
8537 9516 1
8537 8811 1
8537 9023 1
8537 9985 1
8538 9747 2
8538 8914 1
8538 9692 5
8539 8729 1
8539 9394 4
8539 9509 1
8539 9649 2
8540 9009 1
8540 9424 1
8540 9392 1
8541 8731 4
8542 9526 1
8542 8636 6
8543 9438 1
8543 9956 1
8543 9782 2
8543 9825 12
8543 9897 1
8543 9502 3
8544 8692 30
8546 8963 1
8547 8896 1
8547 8741 1
8548 8665 1
8549 9218 1
8549 9334 1
8549 9513 1
8549 8967 1
8550 8627 1
8552 8643 2
8552 8934 5
8555 9734 1
8555 9531 1
8555 9915 1
8556 8601 1
8556 8985 1
8556 9179 2
8556 9292 1
8557 9053 2
8558 9138 3
8558 9447 2
8558 9224 1
8558 9783 1
8558 9955 3
8559 8580 2
8559 9680 1
8559 8813 2
8559 9035 2
8560 8649 4
8560 9089 1
8560 9684 1
8560 9994 1
8561 8811 1
8562 9378 3
8564 8992 8
8564 8638 1
8564 8751 1
8564 9299 2
8565 9744 2
8566 8719 1
8567 9524 2
8567 9698 2
8569 8988 2
8569 8634 1
8571 9753 5
8571 9394 1
8572 9887 1
8572 8940 1
8573 9497 1
8574 8731 3
8575 9637 1
8575 9655 9
8575 9865 1
8575 9976 1
8575 9086 3
8575 9242 1
8575 9575 42
8575 8813 1
8575 8996 1
8575 9834 1
8576 9593 1
8576 9258 1
8576 9219 1
8577 8746 1
8577 9694 1
8577 8763 1
8577 8700 1
8577 9483 1
8578 9404 1
8578 8954 1
8579 9762 1
8579 8588 1
8581 8683 1
8582 8899 1
8583 8629 1
8583 9177 1
8583 8607 3
8583 8645 1
8583 9962 5
8585 9362 1
8585 9939 1
8585 9285 2
8587 9493 3
8587 9757 3
8587 8611 2
8587 8843 3
8587 9638 3
8587 8853 1
8587 9440 1
8587 9344 1
8587 9786 1
8587 8684 1
8590 9617 7
8590 9064 1
8592 8685 1
8593 8814 3
8594 9363 1
8595 9448 1
8595 9352 5
8595 8734 12
8595 9165 5
8595 9206 1
8595 9756 1
8597 9773 6
8597 8802 1
8597 9755 2
8597 9127 1
8598 8853 6
8598 9513 1
8598 8735 1
8598 9429 2
8598 9627 2
8598 9873 1
8598 8846 2
8598 9165 2
8599 9975 1
8599 9906 4
8599 9824 2
8600 9332 1
8600 9062 19
8600 9599 16
8600 9737 4
8600 9750 1
8603 9556 1
8604 8802 1
8605 9596 3
8605 8873 5
8606 9261 1
8606 9025 1
8606 9326 3
8607 8739 5
8608 8685 2
8608 8847 1
8609 9134 1
8609 8698 1
8609 9717 2
8609 9763 16
8610 9111 1
8610 9927 5
8610 8877 2
8610 8853 1
8610 9440 1
8610 9967 2
8611 8658 1
8612 9018 1
8612 8853 2
8612 9095 1
8615 8795 1
8616 8840 1
8617 8692 1
8618 8934 12
8619 9960 2
8619 9631 2
8619 9653 1
8619 9205 1
8619 8927 45
8621 8745 2
8621 9243 1
8622 9637 1
8622 9599 1
8622 9129 1
8622 9374 1
8622 9236 1
8622 8700 1
8623 9765 3
8623 9579 3
8623 8819 1
8623 9432 3
8625 8833 1
8625 8673 1
8625 9819 7
8625 9305 1
8625 9416 1
8626 9279 1
8628 9174 12
8629 8727 2
8629 9324 1
8629 9497 2
8630 9433 2
8633 8761 1
8633 9277 200
8633 8907 1
8634 8695 8
8634 9565 1
8635 8748 10
8638 8759 1
8639 9130 1
8641 8834 1
8641 8923 1
8641 9416 3
8641 8827 1
8641 8839 1
8641 9518 2
8642 9385 1
8642 9310 1
8642 9839 4
8643 9298 1
8643 9864 1
8643 9834 11
8643 9488 1
8643 9314 1
8646 8958 1
8647 8835 1
8647 8753 3
8647 9889 1
8648 8852 1
8650 9844 1
8650 9316 4
8650 9327 2
8651 8654 1
8651 9263 1
8651 9602 2
8651 9931 1
8653 8850 1
8653 9480 1
8653 8851 2
8655 8974 1
8656 8666 2
8658 9241 1
8658 9342 2
8660 9293 1
8661 8683 1
8662 9951 1
8662 9729 1
8663 9378 9
8663 9387 2
8663 8921 5
8664 8678 1
8664 8753 8
8664 9423 2
8664 9563 2
8664 9861 1
8665 9915 1
8665 9107 3
8665 9437 2
8665 9031 3
8665 9078 1
8665 9512 1
8666 8928 1
8667 8889 7
8668 9555 40
8668 9065 1
8668 9301 1
8668 8822 2
8668 9726 1
8668 9429 1
8668 9948 12
8669 8812 18
8670 9646 2
8670 9008 1
8670 9357 2
8672 9037 3
8672 9429 2
8672 8747 25
8673 8988 1
8673 8890 9
8674 9447 3
8674 9983 1
8674 9192 1
8675 8873 3
8676 8903 1
8676 8999 1
8676 9174 1
8678 8777 1
8678 8716 14
8679 8894 1
8679 9980 1
8679 8848 1
8681 8905 1
8682 8806 2
8682 9072 1
8682 8875 1
8682 9018 1
8682 9491 1
8682 9731 1
8682 9655 1
8683 9257 1
8683 9602 3
8683 9247 1
8683 8885 1
8685 9417 1
8685 9592 7
8685 9765 1
8685 9310 7
8685 8879 18
8686 9038 9
8686 8790 1
8686 9893 2
8686 9967 1
8688 9994 1
8688 8987 1
8688 9748 1
8689 9415 1
8689 9700 1
8689 9174 1
8689 9312 1
8689 9769 1
8690 8897 1
8692 9735 1
8692 8825 2
8692 9385 2
8693 8909 1
8694 8919 8
8696 9174 2
8696 9743 2
8696 9904 2
8696 9785 1
8696 9643 1
8696 9911 1
8696 9030 1
8697 9449 2
8699 8790 1
8699 8953 1
8699 9483 1
8699 9513 2
8699 9742 2
8699 9595 4
8699 9547 4
8699 8907 1
8699 9623 1
8701 9206 1
8701 9380 24
8701 9577 1
8702 9854 1
8702 9020 3
8702 9246 1
8702 9272 1
8702 9971 2
8705 8870 1
8706 8945 1
8706 8840 2
8707 9506 2
8707 8826 1
8707 9424 1
8707 9512 1
8707 8885 4
8707 9927 1
8708 9040 2
8708 8889 6
8709 9164 1
8709 8956 1
8711 9217 1
8712 9279 1
8714 9936 1
8715 8965 5
8716 9218 1
8718 8789 19
8718 8846 2
8718 9047 1
8719 9057 5
8719 9270 1
8720 8888 1
8721 9832 1
8722 9016 1
8724 9497 1
8724 9130 7
8725 8889 16
8727 8877 1
8727 9483 2
8727 9638 2
8730 9731 1
8730 9582 2
8730 8904 4
8731 8817 41
8731 9155 1
8732 8936 1
8734 9378 2
8739 9806 6
8739 9111 1
8741 8864 1
8741 9153 200
8741 9770 1
8742 9919 1
8742 9192 1
8742 9524 2
8742 9548 1
8745 9184 1
8745 9911 4
8746 8978 3
8748 9599 1
8748 9301 1
8749 9010 1
8749 9413 1
8749 9940 3
8751 8847 5
8754 9943 3
8756 9384 2
8756 9510 1
8757 9266 1
8757 8914 1
8757 9370 1
8759 9452 1
8762 9854 1
8764 8772 1
8764 9044 1
8764 9842 1
8765 9831 1
8767 9559 1
8770 8932 1
8771 8840 1
8774 8852 1
8776 9224 2
8776 9738 1
8776 9761 1
8779 9300 9
8779 8811 30
8779 9105 1
8784 9014 1
8785 9682 3
8788 9440 6
8789 9556 1
8790 8983 1
8792 9070 1
8792 9514 11
8792 9674 2
8793 9985 1
8795 8964 1
8795 8988 3
8798 9326 4
8798 9502 1
8798 9057 10
8798 8842 2
8800 9315 1
8800 9407 1
8800 9354 2
8800 9100 1
8805 9238 1
8806 8983 4
8807 9943 1
8807 8873 5
8808 8899 3
8810 9014 200
8811 9883 1
8811 8833 1
8811 9445 1
8811 9181 2
8811 9676 3
8811 9969 1
8812 9153 1
8812 9793 1
8813 9439 1
8814 9851 6
8814 9390 1
8815 9447 1
8815 9242 2
8815 9629 1
8819 9942 18
8820 9107 1
8820 9232 1
8820 9588 200
8821 9162 3
8821 9935 1
8822 8865 1
8824 9087 1
8825 9130 5
8826 9516 1
8828 9548 16
8828 9360 1
8832 8851 1
8836 9262 1
8836 9256 1
8836 9750 1
8837 9279 3
8838 8933 1
8839 9985 3
8840 9118 1
8840 9461 1
8840 9374 6
8841 9349 1
8841 8903 1
8844 9681 56
8845 9447 4
8845 9215 1
8845 8849 4
8845 9013 65
8847 9773 1
8847 9333 2
8852 9347 1
8852 9333 1
8854 8977 3
8855 9033 1
8858 9831 1
8859 9275 2
8860 9381 1
8860 9980 151
8860 9757 1
8860 9074 6
8860 9413 1
8860 9675 2
8860 9865 34
8861 9909 1
8861 9890 6
8861 9057 1
8861 9656 1
8861 9527 1
8861 9098 15
8864 9942 1
8865 9583 1
8865 9115 2
8866 8988 1
8868 8882 4
8869 8915 1
8869 9612 2
8869 9238 1
8870 9762 1
8870 9858 1
8870 9612 14
8870 9735 2
8870 9919 1
8871 9930 1
8873 9545 1
8873 9307 1
8873 8923 6
8873 9340 1
8873 9751 1
8876 9000 1
8876 9217 1
8876 8965 1
8876 9399 1
8878 8960 2
8880 8913 3
8880 9700 1
8880 9739 1
8882 9695 1
8886 9867 2
8889 9546 3
8890 9183 1
8890 9684 13
8890 9796 1
8892 9243 2
8895 9943 10
8896 9844 1
8896 9754 4
8897 9518 4
8897 9052 1
8899 9376 1
8899 9673 1
8899 8938 1
8899 9278 1
8899 9239 1
8905 9848 1
8906 9682 1
8908 9314 1
8908 9380 5
8908 9205 1
8908 9734 3
8912 9458 7
8913 8971 2
8913 8936 2
8917 9986 4
8917 9071 1
8918 9124 12
8918 9197 1
8918 9362 1
8918 9958 1
8919 9197 1
8919 8973 11
8919 9960 200
8920 9513 14
8920 8926 2
8920 9967 1
8920 9421 1
8920 9950 1
8921 9923 4
8921 9359 2
8921 9998 1
8922 9217 1
8924 9868 2
8927 9521 8
8927 8960 1
8932 9529 1
8932 9593 1
8932 9001 6
8932 9796 1
8934 9535 1
8934 9648 5
8936 9576 1
8936 9524 1
8936 9527 1
8936 9547 3
8937 9445 13
8940 9495 1
8941 9556 5
8943 9446 1
8945 9746 20
8946 9744 1
8948 9613 1
8951 9280 1
8951 9785 1
8951 9149 1
8951 9189 2
8951 9612 17
8954 9973 2
8954 9285 148
8954 9295 1
8954 9866 1
8954 9894 1
8957 9004 1
8958 9530 1
8959 9433 3
8960 9855 2
8961 9407 2
8961 9971 2
8963 9196 1
8963 9860 1
8963 9084 26
8963 9341 1
8963 9639 2
8964 9273 1
8965 9257 1
8965 9908 1
8968 9159 2
8969 8993 7
8969 9516 1
8969 9990 2
8970 9457 1
8970 9461 2
8970 9589 1
8971 9235 1
8971 9242 2
8971 9610 1
8974 9565 3
8974 9794 1
8974 9089 1
8974 9104 1
8974 9535 2
8974 9885 1
8975 9628 1
8975 9529 1
8976 9229 1
8977 9595 14
8977 9957 2
8977 9171 1
8977 9214 3
8978 9518 1
8978 9160 1
8980 9845 1
8980 9684 1
8983 9558 1
8984 9433 7
8986 9497 5
8988 9848 3
8988 9330 1
8988 9219 1
8988 9446 1
8988 9501 1
8989 9036 1
8989 9729 8
8990 9293 1
8990 9486 6
8993 9530 1
8993 9759 2
8993 9980 2
8997 9373 2
8997 9115 1
8997 9899 1
8997 9991 3
8997 9203 1
8997 9375 1
9001 9556 3
9004 9193 1
9004 9935 1
9004 9755 1
9010 9458 1
9014 9020 2
9014 9252 1
9017 9162 2
9017 9545 1
9021 9455 1
9021 9514 1
9022 9508 1
9023 9514 2
9027 9140 1
9033 9568 12
9033 9430 4
9035 9387 4
9040 9256 1
9040 9332 1
9040 9597 1
9044 9082 1
9049 9853 1
9050 9364 5
9050 9653 1
9051 9583 1
9051 9576 1
9056 9764 1
9058 9245 1
9062 9869 1
9072 9682 18
9074 9942 2
9079 9508 21
9082 9280 1
9082 9442 1
9082 9236 1
9082 9613 1
9084 9596 3
9086 9387 2
9093 9217 1
9095 9324 3
9105 9637 4
9108 9217 1
9127 9243 17
9130 9841 3
9130 9626 1
9133 9458 2
9137 9521 5
9140 9234 1
9140 9331 2
9140 9459 1
9140 9488 6
9140 9457 4
9159 9793 2
9164 9497 1
9172 9784 1
9192 9898 2
9196 9516 12
9198 9871 2
9199 9358 1
9200 9871 1
9208 9942 4
9214 9401 1
9217 9309 2
9217 9960 3
9217 9416 1
9217 9739 1
9217 9801 1
9229 9352 1
9229 9515 1
9229 9816 1
9232 9521 14
9243 9638 1
9243 9694 2
9249 9387 1
9257 9985 1
9267 9987 1
9271 9822 1
9279 9584 1
9289 9516 1
9291 9556 1
9300 9365 1
9300 9569 1
9307 9600 55
9309 9640 1
9322 9616 1
9324 9734 1
9333 9993 2
9338 9766 1
9347 9821 1
9349 9508 2
9353 9744 5
9366 9682 1
9370 9387 7
9378 9510 3
9378 9707 1
9380 9898 1
9381 9495 1
9382 9832 1
9387 9936 1
9387 9488 5
9390 9486 1
9390 9556 1
9395 9937 1
9399 9946 153
9399 9973 1
9401 9813 1
9401 9838 1
9402 9596 1
9407 9744 4
9411 9539 1
9412 9869 16
9422 9705 1
9423 9497 2
9433 9558 2
9449 9508 1
9478 9797 1
9495 9537 1
9495 9700 1
9496 9785 4
9497 9645 1
9497 9677 5
9497 9828 1
9497 9620 3
9502 9869 1
9507 9943 1
9508 9858 4
9508 9743 2
9511 9832 1
9516 9969 1
9556 9663 2
9556 9703 1
9556 9876 1
9556 9752 2
9556 9811 1
9563 9831 1
9572 9943 1
9572 9831 1
9583 9788 1
9596 9984 1
9596 9873 1
9611 9676 1
9628 9744 8
9640 9645 1
9640 9646 1
9640 9932 3
9665 9877 1
9681 9927 1
9682 9793 1
9685 9942 2
9718 9745 1
9744 9855 1
9746 9871 1
9770 9871 1
9793 9898 1
9794 9821 1
9801 9942 27
9809 9831 1
9821 9994 1
9831 9992 1
9832 9977 1
9836 9869 1
9868 9990 1
