8 9371 1
8 8735 2
8 8603 1
8 9757 1
11 9425 1
11 8721 2
11 8739 2
11 9019 2
11 9062 1
11 8594 1
11 8901 1
16 8685 1
16 9091 2
16 9680 2
16 9136 1
16 9489 51
16 9603 2
16 9668 7
16 8585 1
16 9421 1
16 9809 1
64 9265 1
64 9778 2
64 9220 1
80 9925 1
80 8722 1
80 9171 1
80 9706 4
80 9860 1
80 9956 6
84 9147 1
84 9889 2
84 9870 3
89 9459 1
89 9661 1
91 9564 1
91 9814 1
91 8994 1
91 9626 1
91 9747 2
91 8620 1
91 9300 1
91 9932 4
91 8973 1
104 9281 1
104 8794 1
104 9755 2
104 8734 2
104 9609 3
104 9664 1
104 8743 8
118 9009 1
118 9042 8
118 9704 1
118 8605 2
118 8761 1
135 9114 2
135 9409 1
135 8632 1
135 9022 1
135 9213 2
135 9426 1
135 8994 1
135 8609 4
135 8984 2
139 9223 1
139 8892 4
139 9919 1
139 9506 1
139 9805 1
147 9911 1
147 8561 1
147 9049 3
147 9780 2
165 9209 1
165 9472 9
166 9788 2
172 8762 1
174 9794 1
174 8934 1
174 8716 2
180 9553 1
180 9318 5
180 9462 7
184 9437 1
184 9969 5
199 9246 1
199 8615 2
200 8705 1
200 9804 2
200 8713 39
200 9627 2
200 9936 13
214 8571 1
214 8864 1
214 9757 1
214 9137 1
214 8835 2
214 9971 1
214 9429 3
214 9584 2
220 8721 1
220 9479 2
220 9706 8
230 9566 1
230 9554 1
230 9284 7
230 9424 1
235 9701 1
235 8604 1
235 8638 1
242 8965 2
242 9429 2
242 9575 1
242 9921 1
242 9739 4
242 9508 1
242 9957 1
242 9258 1
248 8892 4
248 9414 1
248 9966 2
248 9542 1
248 9067 1
255 9440 119
255 8870 1
271 9399 1
276 8640 6
276 9946 1
276 9412 1
276 8771 1
291 8949 1
291 9143 2
291 9420 1
298 9851 1
298 9018 1
298 9507 45
298 8931 1
298 8728 1
298 9011 1
299 8575 1
299 9062 2
299 9347 2
299 9057 2
299 9151 4
301 8927 8
301 9211 1
310 9915 1
310 9157 1
310 9209 4
310 9836 2
326 9348 1
326 9565 9
326 9971 1
352 9198 35
352 9662 1
352 9745 1
352 9109 1
360 8605 1
360 9782 1
360 9094 1
360 9236 5
360 8945 1
360 9238 1
390 9037 1
390 8754 26
390 9445 1
390 9648 1
395 9460 3
395 9418 1
395 9829 12
410 8559 2
410 8913 3
410 9138 2
441 8621 1
441 9190 1
455 9678 1
474 9114 1
474 9272 2
503 9744 6
503 8789 4
503 9914 1
503 9845 1
503 9613 2
503 8774 1
503 9017 1
512 9868 8
512 9872 2
512 8709 4
512 9617 1
512 8650 1
512 9793 1
516 8655 1
521 8970 7
521 9159 1
521 9322 1
521 8579 2
521 8873 3
521 9027 2
521 8897 1
554 9753 1
554 9158 1
554 9886 2
554 8758 146
554 9204 2
554 9859 1
555 9272 1
555 8854 8
555 8632 1
555 9390 1
555 8570 1
555 8960 30
555 9414 1
555 9586 1
555 9970 4
564 8979 1
587 8647 6
587 8952 7
588 9369 1
588 9965 1
588 8733 3
588 9449 2
599 9542 1
599 8934 3
599 8879 1
599 9421 1
599 9424 1
599 9557 2
599 9683 1
600 9060 2
600 8590 1
600 9983 1
602 9521 2
602 9363 1
622 9404 1
622 9980 1
622 9629 2
622 9064 1
623 9991 1
623 9564 6
623 8552 1
623 9585 1
653 8585 1
653 8885 1
653 8726 1
653 9462 9
653 9580 9
659 9691 2
676 9755 2
676 8655 1
676 9803 1
699 9337 1
699 9761 1
699 8575 6
699 9436 2
707 8622 1
707 9505 8
707 8695 1
709 9086 12
709 8896 1
709 8919 1
712 9091 3
712 8954 1
712 8735 1
712 9740 1
715 9412 2
715 9969 2
715 8606 1
715 9592 1
715 8772 2
718 8697 1
718 9424 2
760 8786 2
760 8882 1
760 9655 4
783 8972 1
783 9375 1
783 8579 1
783 8658 1
783 9413 1
783 9857 1
805 8735 1
805 9502 38
805 9915 1
840 8836 1
840 8879 7
840 9962 1
848 8923 1
848 8883 1
864 8882 1
864 9827 1
879 8871 1
900 9572 1
900 8794 5
900 9977 3
918 9427 1
953 9451 1
953 9850 1
953 8944 1
953 9420 7
953 8878 1
954 9075 2
961 8801 3
961 9981 1
973 8585 3
973 8867 1
973 9557 5
973 9931 1
973 9080 1
981 8758 1
981 9444 1
982 9373 3
982 8797 2
987 9593 1
987 9769 1
987 8787 4
987 9340 1
987 9827 1
1014 9393 1
1014 8580 1
1014 9212 1
1059 9537 22
1059 9593 2
1059 8551 1
1059 9049 1
1059 9731 1
1059 9536 3
1077 8951 13
1077 9191 1
1077 9392 1
1077 9631 1
1077 9701 3
1077 9759 3
1077 8552 2
1077 8745 1
1077 9512 1
1081 9944 2
1081 9783 1
1102 9361 1
1102 8682 1
1102 9698 1
1138 9478 1
1138 8612 11
1138 9938 2
1138 9576 1
1138 9668 4
1144 9318 4
1144 8997 2
1144 9610 2
1144 9920 5
1144 9049 1
1144 9088 1
1144 9284 8
1144 9369 2
1151 9860 2
1172 9432 3
1172 9622 9
1172 8648 2
1172 9147 1
1178 8905 4
1178 8857 1
1178 8913 33
1178 9741 1
1178 9018 1
1181 9823 1
1181 9430 4
1181 9533 1
1182 8797 1
1182 9882 1
1182 9274 2
1189 8588 1
1189 9632 1
1189 9055 1
1189 9398 2
1192 8887 53
1192 9300 4
1192 9575 3
1192 9564 1
1192 9884 1
1192 9512 1
1195 8651 16
1209 9218 2
1209 8598 7
1209 9281 2
1209 9296 3
1228 8638 1
1228 9586 2
1228 8717 1
1264 9072 1
1265 8562 3
1265 9615 1
1265 9871 1
1265 9134 7
1265 9477 2
1265 8567 2
1265 9178 1
1270 9071 2
1270 8775 1
1270 8797 2
1270 9906 1
1270 8948 200
1274 9014 1
1274 8848 1
1274 9851 2
1274 8966 4
1274 9533 5
1274 9551 2
1274 9656 1
1274 9823 8
1285 8605 1
1285 8581 1
1285 8760 1
1285 8939 2
1285 9173 14
1286 6649 3
1286 8772 30
1286 8728 1
1286 8688 2
1286 9575 2
1296 9008 2
1296 8937 13
1296 8943 7
1296 9582 1
1296 9990 1
1296 9578 1
1300 9021 1
1300 9060 1
1300 8666 1
1302 9506 1
1302 9363 1
1302 9887 4
1308 9639 4
1308 9181 1
1321 9550 1
1337 9251 3
1346 9115 1
1352 8792 2
1352 9871 1
1354 9494 1
1354 8963 4
1354 9996 1
1354 9219 1
1354 9904 2
1357 9360 1
1357 9038 2
1357 9166 10
1357 9451 1
1368 9103 3
1368 9505 1
1371 8978 37
1371 9690 1
1371 9930 2
1371 9955 1
1372 9462 1
1372 8654 1
1372 9396 2
1379 8739 1
1379 9183 1
1379 9360 1
1379 9051 1
1379 9965 1
1379 9435 2
1379 9522 23
1379 9676 4
1387 9339 1
1387 8669 2
1387 9556 1
1387 9783 6
1387 9851 2
1391 9060 1
1391 8831 2
1391 9763 1
1391 9825 4
1392 9055 1
1392 8609 1
1392 9521 1
1408 9874 1
1408 9430 1
1408 9622 1
1409 9492 1
1409 9042 1
1415 8836 24
1415 9930 8
1415 8605 1
1415 9311 6
1424 9427 1
1424 8609 1
1424 8796 2
1424 9831 1
1426 8762 3
1462 9219 1
1462 9274 1
1462 9803 1
1462 9611 2
1462 9090 1
1462 9571 1
1462 8923 1
1462 9699 1
1462 8865 1
1462 8648 2
1465 5158 1
1465 9086 1
1465 9943 2
1465 9335 1
1465 9141 2
1465 9632 2
1465 8732 1
1465 9872 1
1465 9020 1
1465 9101 10
1465 8696 1
1465 8835 1
1477 9279 1
1477 9575 1
1477 9528 1
1499 8619 1
1499 9970 1
1499 9340 6
1499 8713 1
1499 9590 1
1499 8640 1
1499 9826 1
1505 9769 4
1505 9052 1
1505 9102 1
1505 9408 1
1505 9428 1
1505 9605 1
1517 9653 45
1559 9363 1
1559 8548 1
1559 9660 1
1559 8550 1
1559 8585 1
1577 9287 1
1577 8687 1
1577 9445 2
1577 9591 1
1579 8931 5
1579 8664 1
1579 9051 1
1579 9587 2
1579 9696 1
1579 8561 7
1579 9299 1
1579 9961 1
1587 8685 1
1587 8829 1
1592 8781 1
1592 8726 3
1592 9941 1
1631 8601 1
1631 9136 2
1631 9218 3
1634 8701 1
1634 8906 1
1634 9082 9
1634 8732 2
1634 9640 1
1636 9365 4
1636 9511 3
1636 9593 1
1636 9169 1
1636 9692 1
1636 9991 6
1641 9104 1
1641 9971 11
1641 9136 1
1641 9561 1
1641 9969 5
1647 8977 1
1647 9832 1
1647 9078 2
1647 9766 1
1665 9084 2
1665 9434 1
1665 9779 2
1667 9957 1
1667 8847 198
1667 9260 1
1667 9505 1
1667 9884 1
1667 9220 1
1680 9179 1
1680 8886 1
1710 9166 2
1710 9212 1
1710 8572 1
1723 8660 2
1723 9523 1
1726 9599 2
1726 8885 1
1726 9158 2
1726 9272 11
1726 9661 1
1726 9980 2
1726 9118 2
1726 9728 3
1728 9510 1
1728 8660 3
1728 9228 5
1728 8965 9
1728 9167 1
1732 8841 5
1732 9590 1
1732 9732 1
1752 8825 1
1752 9163 1
1752 9086 1
1759 9956 1
1759 9279 10
1770 9665 1
1770 9597 2
1770 9024 2
1770 9884 1
1791 8614 1
1791 8907 7
1791 9624 4
1791 9572 1
1801 8612 1
1801 9009 1
1801 9225 1
1801 8642 1
1801 9527 2
1839 8852 1
1839 9164 1
1840 9053 2
1840 9232 9
1840 9334 15
1840 9994 1
1840 8831 8
1840 9693 1
1842 8616 2
1842 9946 3
1842 9116 1
1843 8658 2
1843 8886 1
1843 9096 2
1843 8700 5
1843 9029 1
1843 9638 1
1850 9017 1
1850 8979 2
1850 8983 4
1850 9942 1
1850 8851 13
1850 9352 2
1850 9543 26
1850 8743 112
1850 9591 1
1850 9081 1
1850 9106 21
1857 8797 1
1886 9023 2
1886 9380 2
1903 8597 1
1903 9510 26
1903 9525 1
1903 9371 52
1903 9697 1
1903 8954 1
1903 9598 1
1908 9604 1
1908 8660 2
1908 9138 12
1908 9373 9
1908 9746 3
1919 8935 1
1919 9411 1
1919 9708 1
1919 9238 3
1924 9616 2
1924 9152 2
1932 8578 1
1932 9491 3
1932 8791 185
1932 9114 1
1932 9868 3
1932 9581 2
1934 8707 2
1934 9074 1
1947 8561 1
1947 9354 1
1947 8809 3
1947 9993 9
1947 8838 1
1947 9348 2
1956 9213 1
1956 9466 3
1966 8573 1
1966 8642 1
1974 9908 1
1974 9701 9
1982 9138 1
1984 9186 1
1984 9872 1
1984 9903 5
1984 8888 1
1985 9200 1
1985 9683 27
1985 9390 1
1985 9752 8
2001 9578 1
2001 8616 1
2001 9325 4
2012 8883 2
2012 9604 1
2025 9428 1
2025 9136 1
2025 9498 1
2026 9565 1
2026 9189 2
2031 8758 7
2041 9556 3
2041 9257 1
2041 8632 1
2041 8993 1
2041 9499 190
2046 9325 17
2046 9860 2
2046 9163 1
2046 8943 1
2046 9533 1
2046 9645 1
2046 9634 1
2046 9944 1
2057 9373 1
2057 9452 2
2059 9038 2
2059 9620 1
2059 8713 1
2059 9789 1
2059 8603 1
2059 9546 1
2059 8734 1
2059 9140 1
2067 9006 3
2067 9134 1
2074 8733 1
2081 9180 1
2081 9341 1
2081 9630 1
2084 9418 1
2084 9790 5
2084 9596 1
2084 8600 14
2084 8829 2
2094 9334 16
2094 9921 1
2094 8983 12
2094 8630 4
2112 9221 5
2112 8574 1
2112 8558 1
2112 8674 1
2112 9567 1
2144 9659 3
2158 9429 23
2158 9087 1
2172 9884 1
2172 9412 1
2193 9776 1
2193 9931 1
2201 8645 1
2201 9350 1
2201 8761 3
2201 9644 1
2202 9044 1
2202 9228 2
2202 8768 1
2202 9026 1
2202 9106 1
2202 9691 1
2202 9282 1
2202 9514 24
2202 9528 5
2214 9730 1
2214 8614 1
2227 8728 1
2229 8818 1
2229 8992 1
2229 8979 23
2229 9563 1
2237 9272 1
2237 9129 2
2271 9615 2
2271 9964 1
2271 8733 1
2280 9425 1
2280 9758 200
2280 9719 1
2291 9993 3
2295 8886 1
2295 9665 3
2295 9764 3
2295 8678 2
2295 9365 1
2295 8851 1
2295 8874 1
2295 8748 12
2295 8879 1
2295 9922 1
2295 9646 1
2301 9361 2
2301 9146 44
2301 9216 1
2301 8565 3
2311 8713 1
2311 8767 1
2311 9008 2
2311 8562 1
2311 9228 4
2321 8769 1
2321 8949 2
2321 9804 1
2337 9913 1
2337 9696 2
2337 9876 1
2347 9760 7
2351 9322 4
2351 8724 1
2367 9337 1
2367 9113 1
2367 9993 12
2387 9691 1
2387 9428 2
2387 9108 1
2387 9518 1
2403 9229 3
2403 9633 11
2405 9367 5
2405 8947 1
2405 9134 1
2405 9788 4
2405 9825 1
2409 9322 1
2409 9379 2
2409 9118 1
2409 9673 1
2409 9723 1
2418 9658 1
2427 9338 2
2427 9131 1
2427 9439 1
2427 9978 3
2432 9536 3
2432 9508 4
2440 9860 1
2440 9381 2
2440 8954 1
2440 8577 1
2440 8845 1
2440 9024 3
2441 8672 1
2441 9776 1
2441 8976 29
2441 9234 1
2448 9209 1
2449 9736 1
2449 9956 1
2449 9682 1
2449 9795 1
2450 9369 1
2496 9179 1
2509 9399 1
2509 9420 1
2509 8958 5
2509 9301 1
2509 9492 1
2509 9525 5
2509 9535 1
2509 9583 1
2534 9700 4
2544 9984 8
2544 9628 1
2549 9007 1
2549 9750 1
2564 9424 58
2564 8637 10
2564 8790 2
2564 9617 1
2564 9622 1
2564 8767 1
2564 9236 1
2573 9771 1
2573 8650 2
2597 9829 1
2602 9544 5
2602 9551 3
2602 9254 3
2604 8740 12
2604 9700 1
2604 9010 1
2605 9745 1
2605 8875 2
2605 8559 1
2605 9016 2
2605 9046 16
2605 9957 1
2630 8913 2
2630 9266 1
2630 9990 1
2630 9089 1
2630 9638 2
2630 9079 3
2633 9943 40
2633 8659 3
2633 9044 1
2633 9515 1
2653 8762 3
2653 8707 1
2653 9596 1
2653 8656 1
2668 9542 3
2668 9425 3
2683 8792 1
2683 8707 2
2684 9983 1
2684 9032 1
2684 8640 6
2684 9060 2
2684 9090 6
2684 9739 1
2704 8717 1
2707 9537 1
2707 8687 131
2707 8820 11
2707 9136 1
2707 9437 1
2707 9820 2
2707 9839 4
2709 9125 3
2709 8787 1
2709 8651 1
2716 8578 1
2716 8601 2
2716 9125 1
2716 8664 1
2716 8992 1
2716 9131 2
2716 8583 2
2716 9094 1
2716 8808 1
2716 9449 8
2733 9017 24
2733 9299 1
2733 9444 15
2733 9908 1
2733 9771 1
2735 9761 2
2735 8739 3
2737 8874 5
2737 9610 1
2739 9584 2
2739 8917 1
2739 9050 2
2750 9761 200
2750 9327 3
2750 9484 1
2750 8606 1
2761 9744 1
2765 8609 1
2765 9141 65
2765 8554 1
2765 8740 1
2769 9116 1
2769 9121 65
2769 9630 3
2769 9693 2
2769 9809 1
2775 9661 1
2775 8626 1
2778 8714 1
2778 9275 1
2778 9299 1
2791 9264 1
2791 9544 1
2791 8912 1
2795 8952 15
2795 8767 6
2795 8960 1
2795 9247 1
2795 9386 1
2796 8934 5
2796 8754 1
2796 9767 5
2802 8659 1
2802 9948 1
2802 9466 1
2802 9808 1
2802 9904 1
2812 8632 2
2812 9241 4
2812 9298 1
2812 9822 4
2820 8886 1
2820 9167 2
2820 8621 1
2820 9624 1
2823 9943 2
2826 8989 2
2826 9378 1
2826 9840 1
2835 9977 1
2835 8934 1
2835 9331 1
2835 9484 1
2835 9686 1
2850 8969 1
2850 9006 1
2850 8978 2
2850 9546 2
2850 9785 2
2850 9265 2
2852 9610 3
2852 8603 1
2852 9835 1
2856 9702 1
2856 9404 1
2856 9921 1
2856 8847 1
2856 9958 4
2884 9993 1
2884 8786 1
2884 9091 1
2884 9137 11
2884 9685 1
2896 9816 1
2896 9303 12
2907 9190 1
2907 8813 2
2907 8554 1
2907 9387 1
2907 9961 2
2907 9098 2
2907 9926 4
2923 9308 1
2923 9697 2
2923 8583 1
2931 9121 1
2947 8581 2
2947 9281 1
2951 9602 1
2951 8611 1
2951 9407 2
2951 9380 3
2994 8777 2
2994 8722 1
2994 9288 1
2995 9182 2
2995 9563 33
2995 9179 1
2995 9932 1
3019 8721 1
3019 9937 1
3019 9954 1
3019 9920 1
3019 9955 2
3025 9860 2
3025 8879 1
3044 9601 1
3044 8576 1
3044 9480 1
3051 8653 1
3051 9338 2
3051 9452 3
3051 9601 3
3062 9418 2
3063 9231 5
3063 9543 6
3063 9419 3
3063 9711 1
3063 9115 2
3070 9493 1
3070 9890 1
3078 9101 1
3079 8929 1
3079 9393 1
3079 9015 2
3079 9985 5
3082 9477 1
3082 9574 1
3082 9691 1
3082 8628 2
3082 9866 1
3092 8825 2
3096 8880 1
3096 9562 1
3096 9246 200
3096 8590 3
3111 9728 2
3111 9384 2
3126 9958 1
3126 8874 1
3138 8718 115
3138 8733 1
3138 8626 1
3138 9341 2
3138 9732 1
3138 9662 1
3145 9462 1
3145 8596 2
3145 9645 1
3145 9776 1
3145 8724 1
3149 9024 2
3149 9419 1
3149 9781 2
3149 8986 2
3152 9831 2
3152 8619 8
3152 9630 1
3152 9091 1
3152 9287 1
3160 8664 1
3160 8751 1
3160 9639 1
3160 8818 1
3165 8901 4
3165 9264 1
3165 9641 1
3181 8886 3
3181 9398 2
3181 8923 1
3181 8966 2
3192 9504 1
3192 8997 1
3192 9164 3
3192 9833 1
3193 9178 1
3193 9600 5
3193 8794 1
3193 9237 1
3193 9502 1
3197 9026 3
3197 9265 1
3197 9592 1
3197 8945 1
3197 8551 1
3197 8875 1
3197 9449 1
3197 8854 1
3217 9888 1
3217 8916 8
3217 8958 1
3217 9658 1
3224 9720 1
3224 8739 35
3224 8608 2
3224 8804 2
3224 9686 1
3224 8747 2
3224 9544 1
3233 9111 1
3233 9252 2
3233 8570 1
3233 8571 1
3240 9661 1
3240 8694 1
3244 9204 2
3244 8615 3
3271 8859 13
3286 8695 1
3286 9887 1
3286 8598 1
3286 9360 1
3286 9524 1
3293 8771 25
3293 8831 1
3293 9474 1
3316 8851 2
3316 9764 1
3316 9062 1
3316 9576 6
3327 8608 1
3327 9685 4
3327 9220 1
3327 9534 1
3327 9010 1
3327 9464 1
3327 9419 4
3327 9437 2
3327 9850 1
3331 8852 19
3331 9158 3
3331 8977 2
3331 9579 5
3331 9947 1
3341 9464 7
3341 9392 2
3341 9775 1
3359 9416 2
3360 8861 1
3360 9898 1
3360 9213 3
3360 9727 1
3360 9782 2
3360 8577 1
3367 8861 4
3367 9642 7
3367 9604 1
3367 9986 4
3398 9054 2
3398 8958 1
3398 9770 1
3402 9368 2
3402 9682 2
3402 9922 2
3402 9248 1
3402 9777 1
3402 8714 1
3419 9025 1
3419 9574 6
3419 9748 63
3426 9352 1
3426 8574 1
3430 9719 1
3430 8963 1
3430 8772 2
3430 8853 200
3430 9315 2
3430 9051 1
3430 9613 1
3430 9951 28
3451 8977 1
3451 9064 1
3451 9579 2
3451 9189 3
3451 9191 1
3477 9472 8
3477 9639 1
3477 9955 1
3477 9310 1
3477 9602 1
3477 9731 10
3477 9852 2
3497 9740 1
3497 9335 2
3536 8603 1
3548 8712 5
3548 8843 1
3548 8757 1
3548 8935 1
3562 9823 1
3562 9899 2
3562 9489 1
3581 9994 3
3581 9551 1
3589 9190 1
3589 9218 2
3589 9221 1
3589 9275 1
3589 9648 1
3589 9649 1
3591 9193 1
3591 9478 2
3591 9904 200
3591 9889 8
3591 8689 1
3618 9643 3
3618 9368 1
3618 9371 1
3632 8653 1
3632 8944 5
3632 9241 1
3632 9622 1
3632 9769 1
3632 9642 1
3649 8761 3
3649 9219 18
3649 9544 2
3649 8620 1
3649 9774 1
3649 8751 1
3649 9605 1
3673 9505 2
3673 8947 2
3682 8767 1
3682 8621 1
3682 9626 6
3682 9434 1
3725 9246 3
3725 8574 1
3725 8768 1
3725 8787 1
3727 9254 1
3731 9992 1
3731 9636 1
3731 9287 1
3731 9903 3
3731 8833 1
3731 9816 1
3739 9857 1
3739 9295 1
3739 9745 1
3739 9764 1
3740 9377 5
3740 9531 2
3740 9008 5
3740 9078 2
3743 8826 1
3743 9905 7
3743 9119 1
3743 9741 3
3774 9109 4
3774 8799 1
3774 9089 1
3779 9295 1
3779 8985 5
3779 9863 7
3779 9487 1
3779 9982 1
3859 9225 2
3859 8886 4
3859 9680 1
3859 9959 1
3866 9462 1
3873 9258 1
3873 9889 1
3873 9316 1
3873 9938 1
3900 9181 1
3900 9846 1
3900 8928 1
3900 9290 1
3900 8732 1
3917 9863 4
3925 8892 1
3925 9164 2
3925 8819 1
3929 9254 1
3929 8769 2
3938 8927 3
3938 9151 1
3938 8726 1
3941 9990 2
3941 9643 1
3941 9370 1
3946 8866 1
3946 9148 1
3973 8972 2
3979 9998 1
3979 8935 2
3979 9179 2
3979 9614 1
3979 8985 2
3979 9491 1
3979 9600 1
3988 9416 4
3989 8785 1
3989 8829 3
3989 9243 1
3995 8689 1
3995 9141 1
3995 8548 9
3995 9453 1
3997 8835 3
3997 9073 1
3997 9440 1
3997 9820 1
3997 9178 1
4010 9811 2
4010 9259 1
4010 9328 133
4010 8622 1
4010 8632 1
4018 9339 1
4018 9926 1
4018 9899 8
4018 9022 1
4018 9634 1
4023 8788 1
4023 8758 1
4026 9507 3
4071 9456 7
4071 8801 3
4071 9628 1
4073 8556 1
4073 9579 1
4073 9421 3
4073 9521 1
4078 9354 7
4078 9649 1
4078 9067 1
4078 9260 1
4078 9954 1
4078 8619 2
4078 9081 1
4078 8783 32
4078 9027 7
4078 9676 2
4078 9718 1
4078 8848 1
4078 8916 1
4083 9191 1
4083 9125 1
4083 9494 1
4083 9873 1
4083 9145 1
4083 9124 1
4083 9347 2
4085 9931 1
4085 9620 1
4091 8767 1
4091 9504 1
4091 9833 1
4091 8823 1
4091 8790 1
4097 9660 1
4097 8688 1
4097 9566 1
4108 9091 1
4108 8548 1
4108 9181 1
4108 9290 2
4108 9470 1
4115 9355 1
4115 9926 2
4115 8956 16
4115 9440 2
4118 9822 1
4139 8948 2
4139 9988 2
4139 8871 1
4139 9507 3
4139 8712 1
4139 8894 5
4139 8963 1
4139 9713 8
4140 8774 2
4140 9212 1
4140 9431 2
4141 9081 3
4141 9986 3
4141 8813 1
4141 9409 1
4141 9688 5
4141 9992 9
4141 9640 1
4141 9969 39
4143 9681 1
4143 8674 1
4143 9886 29
4143 8761 1
4143 9370 1
4143 9647 1
4143 9321 1
4143 9472 1
4143 8669 2
4143 8937 2
4143 9392 1
4143 9477 1
4176 9489 1
4192 9680 1
4192 8717 1
4192 8947 1
4192 9044 1
4227 8748 7
4227 9152 3
4227 9688 5
4235 8635 1
4235 9695 1
4235 9456 1
4235 9259 3
4238 9797 1
4238 8594 2
4238 9223 1
4247 9580 1
4247 9080 3
4247 9767 2
4261 9439 3
4261 8962 2
4261 9054 2
4261 9159 2
4267 9241 2
4267 9049 1
4267 9243 3
4284 9458 1
4284 9991 1
4284 9211 1
4284 9645 2
4284 9736 1
4284 9818 3
4290 8671 1
4290 9400 1
4298 8803 1
4298 9105 1
4298 9805 1
4303 8931 1
4303 9641 1
4304 9476 1
4306 9937 2
4306 8991 5
4306 9093 1
4306 8804 1
4306 9174 21
4306 9835 1
4306 9898 1
4312 9793 1
4312 8996 2
4312 9365 2
4312 8843 2
4312 9788 1
4312 9189 2
4312 9810 2
4312 9312 10
4312 9296 1
4312 8559 1
4312 8853 2
4312 9900 80
4312 9951 1
4312 9336 6
4334 9288 2
4334 8810 1
4334 9825 1
4334 9016 1
4334 9906 102
4354 9320 1
4354 9766 200
4354 8690 1
4354 8907 1
4354 8627 1
4354 9810 1
4354 8701 1
4354 8857 4
4354 9006 1
4364 8916 3
4364 9696 1
4364 9900 1
4367 9943 1
4367 9163 1
4367 9615 1
4367 9641 1
4367 9914 2
4373 9378 1
4373 9284 1
4373 9728 3
4373 9836 1
4373 8777 2
4373 8553 1
4373 9436 1
4376 9876 200
4376 9856 1
4376 8701 1
4376 8656 1
4376 9121 1
4377 8796 1
4391 8650 2
4391 9171 1
4391 9312 1
4392 8942 1
4392 9653 1
4392 9886 1
4392 8928 5
4392 9198 1
4403 9887 4
4403 9186 1
4403 9929 1
4403 9017 1
4403 9514 3
4403 8643 1
4406 8699 1
4406 9375 1
4406 8942 1
4406 8945 18
4406 9677 1
4409 9535 1
4410 9507 3
4410 9626 3
4413 9348 2
4413 9359 1
4413 8722 2
4413 8867 1
4413 8590 1
4413 9363 3
4413 9409 3
4413 9167 3
4413 9813 2
4415 9804 3
4415 9229 4
4415 9511 1
4415 9586 2
4415 9367 1
4415 9219 1
4415 9523 3
4418 9716 2
4418 9512 2
4418 9866 1
4418 8562 5
4418 8723 1
4418 8970 1
4433 9225 4
4433 9597 1
4441 8705 2
4441 9716 1
4450 9876 1
4450 9615 1
4450 8754 1
4450 9327 2
4461 9905 1
4485 9753 1
4485 9811 1
4485 9093 1
4485 9937 4
4488 9402 1
4493 9170 1
4496 9493 3
4496 9795 3
4496 9813 1
4506 9425 1
4506 9673 1
4506 9238 14
4514 9018 1
4514 9121 6
4533 9186 1
4533 9695 1
4533 9813 1
4538 9437 2
4538 9375 1
4554 9435 1
4554 9022 2
4559 9711 3
4559 8864 1
4568 9456 1
4568 8627 1
4568 9321 1
4568 9790 13
4609 8654 1
4609 9268 1
4609 9482 3
4609 8597 4
4609 9084 1
4609 9964 2
4634 9675 1
4634 8550 1
4634 9785 20
4637 9440 1
4637 9668 2
4637 9949 3
4640 8976 10
4668 9704 1
4668 9093 1
4668 9646 1
4671 9494 8
4671 9685 1
4676 8989 3
4676 9510 2
4676 9310 1
4676 9992 2
4676 9499 1
4693 8792 1
4693 9201 1
4693 9236 4
4693 9494 4
4693 9255 1
4705 9962 1
4705 8728 1
4705 8907 9
4705 9251 3
4705 9636 1
4706 9771 1
4706 8644 1
4706 9367 10
4706 9597 1
4725 9534 1
4731 9533 1
4731 8883 3
4731 9794 1
4731 9666 5
4740 9106 1
4742 8931 6
4742 9180 1
4751 9808 1
4751 9587 1
4751 9054 1
4759 8642 4
4759 9715 2
4759 9873 1
4760 9364 1
4760 8661 1
4760 8951 2
4760 9201 1
4760 9454 2
4765 9542 1
4765 8852 1
4765 8664 2
4765 9231 1
4765 9883 1
4766 9579 1
4766 9153 5
4781 9052 23
4781 9097 1
4786 9373 1
4786 9613 1
4786 8658 1
4800 9829 1
4800 9474 1
4800 9406 2
4800 9723 2
4808 9761 1
4808 9282 2
4813 8813 1
4813 9466 12
4834 9049 1
4834 8873 1
4834 9822 5
4834 8604 1
4836 9688 7
4836 9369 1
4836 8996 1
4836 9341 1
4842 8674 1
4842 9054 4
4847 8960 1
4847 9673 3
4847 9949 2
4847 9951 1
4847 8796 41
4847 9193 2
4847 9260 1
4879 9631 1
4879 8647 1
4879 9223 1
4879 9082 4
4879 9399 1
4914 9009 1
4914 8784 1
4919 8917 4
4919 8554 2
4919 9707 4
4923 9279 1
4924 9402 1
4924 9359 8
4931 9324 2
4931 8608 1
4935 9869 1
4935 9616 3
4935 9995 6
4935 9876 1
4935 9846 3
4950 8799 3
4950 9948 1
4950 9748 3
4950 9827 1
4950 9057 1
4950 9327 1
4950 8884 14
4950 9409 6
4950 9744 1
4974 8973 1
4974 9596 9
4979 9402 1
5007 8601 1
5007 9306 2
5007 9824 2
5031 9484 11
5031 9739 107
5031 9996 1
5033 9634 1
5033 8633 3
5044 9649 1
5051 8678 1
5051 9926 3
5051 8783 5
5051 8732 2
5051 9795 6
5051 9387 3
5054 9337 1
5054 8580 1
5054 8853 1
5061 9658 3
5061 9052 1
5066 9439 2
5066 9361 1
5091 8882 1
5091 8956 1
5091 8583 2
5091 9209 1
5091 9365 1
5094 8859 1
5094 8917 5
5094 9542 1
5094 9614 25
5094 8748 2
5094 9317 1
5103 9106 2
5103 8669 1
5103 9966 1
5103 9108 3
5103 9628 2
5103 9910 1
5103 9925 11
5121 9427 2
5121 8790 1
5121 9677 1
5121 8696 2
5121 9185 42
5126 9113 1
5126 8641 4
5126 9136 1
5126 9449 7
5126 9407 1
5126 9723 6
5126 8820 1
5130 9196 1
5130 9318 1
5147 9511 1
5147 9212 1
5147 8640 1
5147 9421 1
5147 9575 2
5147 9114 2
5147 9256 1
5147 9300 1
5158 9472 2
5165 9480 2
5165 9690 1
5165 9625 1
5169 9493 2
5169 9669 1
5169 9874 1
5169 9026 1
5169 9990 1
5178 9678 1
5178 8824 1
5178 9929 1
5178 9117 1
5178 8922 1
5178 8943 1
5178 9539 1
5197 8913 1
5197 8979 2
5197 9535 1
5197 8721 1
5205 9173 1
5219 8867 2
5219 9338 1
5230 8923 1
5230 9019 1
5230 9682 1
5230 9510 1
5230 9561 3
5283 8710 2
5283 9462 2
5283 9878 1
5297 9386 2
5297 8953 1
5297 9808 1
5305 9054 1
5305 9070 1
5305 9105 3
5305 9427 1
5305 9869 1
5356 9824 3
5356 9829 3
5356 9920 1
5356 9954 1
5356 9871 1
5356 9325 1
5356 9982 1
5356 8800 1
5363 9094 2
5363 8907 1
5363 9295 1
5363 9445 1
5363 9665 2
5363 8630 8
5363 9831 3
5363 9464 1
5363 9858 1
5380 9731 1
5400 9164 16
5400 8849 4
5400 9430 1
5400 9566 27
5400 8923 1
5405 8579 9
5405 9930 1
5405 8852 4
5405 9608 4
5409 9770 2
5409 9659 1
5409 9210 1
5428 8568 1
5428 8980 4
5428 9134 1
5429 8774 3
5429 8866 14
5433 9605 7
5433 9886 1
5435 9210 24
5435 9627 1
5435 9715 3
5435 9590 1
5443 8556 1
5443 9071 1
5443 9096 2
5443 9664 2
5443 9966 1
5449 9778 1
5449 8588 1
5449 9264 1
5449 9340 1
5449 9402 1
5451 9521 1
5451 8627 10
5451 9290 4
5451 9936 1
5451 8875 1
5480 9038 2
5488 9568 1
5488 9311 6
5488 9363 1
5488 9554 200
5488 9872 1
5488 8861 2
5488 9609 4
5496 8620 1
5496 9544 1
5496 9944 1
5496 9774 3
5512 9592 1
5512 9309 1
5512 9914 5
5512 8606 1
5524 9008 1
5524 9878 5
5524 8712 3
5524 9562 4
5524 9439 2
5539 8754 2
5539 9334 1
5539 8796 11
5539 8678 1
5539 9125 1
5539 9573 2
5544 9554 1
5544 8719 9
5549 8708 1
5549 9543 1
5563 9515 1
5563 9435 1
5563 9186 1
5569 8797 1
5569 9358 5
5569 9484 1
5569 9185 1
5569 9288 1
5569 9352 1
5569 9592 2
5590 9274 1
5590 9260 1
5590 9456 1
5590 9457 1
5595 9890 2
5595 9553 1
5595 9620 1
5595 9058 200
5595 9562 2
5616 9577 1
5628 8747 4
5630 9604 1
5630 8684 1
5633 9842 1
5633 9064 1
5640 9265 1
5640 9295 1
5643 8882 1
5643 8716 1
5643 9472 1
5643 8674 6
5643 9557 2
5656 9377 1
5656 9484 1
5656 9948 1
5656 8719 1
5656 9478 1
5664 9832 3
5664 9703 1
5664 9554 4
5664 9747 2
5664 9984 2
5666 8993 1
5666 9385 1
5666 9411 1
5666 8556 200
5666 8945 1
5666 9223 2
5666 9312 1
5674 9932 1
5674 8684 1
5689 9832 2
5689 9096 1
5689 9242 2
5689 9925 1
5694 8694 1
5694 9330 5
5694 9475 3
5695 8921 1
5695 9588 1
5695 9633 2
5695 9931 1
5695 9482 1
5710 8553 1
5710 8816 1
5710 9859 1
5710 8687 1
5712 8682 2
5712 9296 2
5712 9699 3
5736 9489 1
5736 8789 1
5736 9525 2
5757 9482 9
5757 9600 3
5757 9700 1
5758 8905 1
5758 9531 5
5758 8966 1
5758 9113 143
5758 9420 1
5758 9792 1
5789 8604 2
5789 9021 1
5789 9089 2
5789 8921 4
5796 9416 2
5810 8645 1
5828 9037 45
5841 9991 3
5841 9719 1
5841 9526 1
5852 9424 1
5852 8664 1
5852 8668 3
5852 8694 9
5852 9378 2
5853 9713 1
5853 9561 1
5853 9570 1
5853 9772 2
5854 9680 4
5864 9014 3
5864 9826 2
5864 8836 1
5864 9741 1
5884 9408 2
5884 9781 1
5891 9477 12
5897 8998 2
5919 8829 1
5919 8548 1
5919 9141 1
5919 9820 1
5921 9643 1
5921 9153 1
5921 8810 1
5921 9270 7
5922 8674 1
5922 9055 1
5922 8582 1
5922 9020 2
5923 8768 2
5923 8977 59
5923 9940 1
5923 8601 1
5923 9418 1
5923 9021 3
5937 9426 200
5937 9835 2
5937 9379 1
5937 9729 1
5956 9057 1
5956 9411 3
5956 9617 1
5956 9856 1
5973 8682 1
5973 9324 1
5973 9523 26
5973 8664 4
5973 9246 1
5973 8701 1
5973 8969 2
5978 8697 1
5978 8760 1
5989 9908 1
5989 9306 2
5989 9345 9
5989 9905 5
5995 8979 1
5995 8820 7
5995 9645 5
5995 8885 1
5996 9514 1
5996 9839 4
6004 9310 1
6004 9023 1
6007 9729 1
6007 8994 1
6007 9237 1
6010 9571 1
6015 9365 1
6015 9099 2
6015 9796 5
6022 9718 1
6022 9266 1
6022 9334 1
6022 9822 1
6039 8785 1
6039 9071 1
6042 9212 1
6042 9515 1
6042 8880 1
6042 9046 1
6042 9940 3
6048 9185 1
6048 9816 1
6048 9504 1
6052 9041 1
6060 9361 1
6060 8878 5
6060 9265 2
6066 8743 1
6066 9221 1
6068 8719 2
6068 9053 1
6068 9678 1
6079 9266 1
6091 9376 1
6091 9369 1
6091 9247 2
6096 9309 2
6096 9753 9
6096 8684 1
6111 9364 3
6111 9487 1
6147 8682 1
6147 9085 2
6147 9309 1
6147 8568 1
6147 9454 3
6147 9818 1
6147 9174 95
6147 9647 1
6157 8784 1
6157 9432 1
6167 9182 5
6167 9927 1
6167 8633 1
6167 9115 1
6172 9593 1
6172 9310 3
6172 9416 2
6172 9750 1
6178 9803 1
6178 9840 1
6178 8609 2
6207 9682 1
6207 8854 3
6207 8625 1
6207 9356 3
6212 9189 2
6212 9479 1
6212 9588 1
6212 9228 4
6212 9406 1
6212 8628 1
6226 9436 1
6226 9131 4
6226 9168 8
6241 9112 1
6256 9728 1
6256 9168 1
6274 8998 1
6274 9528 2
6274 9170 5
6274 9101 1
6306 9863 1
6324 8920 4
6324 9431 1
6324 9386 2
6324 9129 7
6324 9643 1
6326 8734 1
6326 9624 1
6326 9463 1
6326 9987 1
6326 9585 1
6330 9648 1
6335 9453 2
6335 8661 1
6335 9707 1
6335 9686 1
6344 9894 1
6344 8747 3
6358 9781 12
6366 9588 1
6387 8828 1
6387 9588 1
6387 9966 5
6387 9832 1
6390 9420 2
6390 9630 3
6390 8709 200
6393 8894 1
6393 9054 2
6393 9587 1
6405 8565 1
6405 9665 1
6405 8896 16
6410 8581 1
6410 8747 2
6410 9284 1
6410 8808 1
6410 9591 17
6420 8758 1
6420 9613 1
6420 9600 1
6420 9119 1
6420 8978 1
6424 9725 1
6424 9009 1
6424 9588 1
6428 8688 1
6428 9651 1
6440 9874 1
6440 9718 2
6440 8851 1
6440 9092 2
6440 9535 1
6440 9998 1
6455 9475 1
6455 9597 1
6455 9645 1
6455 9467 1
6455 9633 3
6455 9986 19
6455 8645 2
6455 8992 2
6466 9384 3
6466 9702 1
6467 9200 1
6467 8647 1
6467 9032 1
6467 9814 1
6475 9887 1
6475 8666 2
6475 9058 1
6475 9080 1
6475 9498 1
6475 9965 1
6482 8816 1
6482 8825 8
6482 9125 1
6493 9215 1
6493 9444 2
6493 9793 4
6493 9653 1
6493 9094 4
6499 8992 1
6499 9729 2
6499 8708 1
6527 8552 2
6527 9023 1
6546 9408 4
6546 9981 1
6546 8705 1
6546 9583 1
6546 9393 3
6548 9722 1
6548 8924 2
6548 8960 1
6548 9697 2
6548 8935 1
6548 9186 1
6548 9580 41
6548 9072 8
6568 9193 3
6568 9513 1
6568 8857 1
6574 8919 1
6574 9427 200
6574 9085 1
6581 9752 1
6581 9965 1
6581 9348 1
6581 9699 1
6606 9427 19
6606 8922 97
6606 9755 1
6622 9632 4
6622 9751 1
6622 9460 1
6622 9579 3
6622 9779 2
6622 9331 10
6622 9651 2
6622 8675 1
6636 9400 1
6636 9435 1
6636 9771 1
6636 9168 2
6641 9732 1
6648 8870 17
6648 8786 2
6648 9732 1
6649 9006 1
6649 9725 1
6649 9732 1
6649 9932 3
6664 8788 1
6664 9038 1
6664 9977 1
6664 9248 1
6664 9351 1
6664 9436 1
6664 9037 1
6666 9797 1
6666 9601 1
6666 9927 1
6695 9678 5
6695 9693 26
6695 9869 1
6695 9870 1
6695 8690 3
6703 8901 3
6709 9331 3
6709 9614 1
6709 9476 1
6712 9904 1
6712 9248 1
6722 8757 1
6722 8871 1
6722 9943 1
6722 9640 1
6722 8776 15
6722 9090 4
6742 8808 1
6742 9741 65
6742 8883 8
6742 9996 1
6746 8746 1
6746 9987 8
6756 8574 4
6756 9445 1
6756 8707 1
6756 9562 1
6756 9580 1
6758 9518 4
6758 9180 1
6758 9074 39
6758 9470 9
6758 9511 1
6758 9235 1
6768 9779 1
6768 9466 1
6768 8597 1
6768 9301 3
6768 9681 3
6768 9988 21
6778 9964 4
6778 9571 1
6778 9879 4
6781 9550 1
6781 8695 1
6781 8841 4
6781 8851 1
6782 9258 10
6782 9115 3
6782 9032 2
6782 9959 1
6782 8789 3
6793 8824 1
6793 9613 1
6793 9485 1
6809 8685 3
6809 9189 1
6809 9337 19
6813 9292 55
6813 8939 1
6813 8666 1
6813 9137 3
6813 9678 1
6813 9553 1
6823 9958 1
6823 9568 2
6842 9678 1
6842 9303 1
6842 8738 1
6847 9848 1
6847 8813 13
6848 9350 1
6848 9669 48
6848 8663 11
6848 9228 1
6848 9564 1
6848 9315 1
6850 8651 1
6850 9369 1
6850 9053 2
6850 9351 1
6850 9614 2
6850 9582 3
6866 8651 1
6866 8671 3
6867 8597 8
6867 9103 2
6882 9010 1
6882 8626 1
6882 9577 1
6885 8573 1
6905 8671 1
6905 8787 1
6905 9602 1
6905 9084 5
6905 9328 1
6910 9978 10
6910 9827 1
6910 8668 1
6910 9018 1
6915 8890 1
6915 9419 8
6956 8873 1
6960 9094 1
6960 9910 1
6961 8994 1
6961 9358 1
6961 8887 5
6961 9478 1
6961 9585 1
6961 9857 2
6966 9816 1
6966 8906 3
6966 9871 1
6970 9054 1
6970 9453 1
6994 9639 1
6994 9666 1
7018 8873 1
7018 9970 3
7018 8825 3
7030 9016 1
7030 8811 5
7030 9987 1
7047 9181 1
7047 9306 2
7047 8605 3
7047 8635 5
7047 9146 2
7047 9007 1
7051 9147 1
7051 9248 10
7051 8571 1
7051 9940 3
7051 8708 1
7051 9105 2
7051 9287 4
7051 9554 1
7051 9229 1
7074 9051 1
7074 8977 3
7074 9406 1
7074 9804 3
7074 8610 2
7126 9567 1
7132 9434 1
7132 9264 6
7132 9571 4
7132 9277 2
7132 8762 1
7132 9301 1
7132 9631 1
7132 9740 3
7140 9513 1
7140 9655 1
7147 8596 1
7147 9339 1
7147 8576 1
7147 8810 6
7169 9878 1
7169 8644 1
7174 9466 3
7174 8783 4
7191 9686 1
7191 9772 1
7199 9929 1
7199 9331 1
7199 8701 1
7199 8984 1
7199 8990 1
7226 9813 9
7226 9685 1
7226 9797 24
7226 9182 4
7226 9611 4
7237 8879 16
7237 9057 3
7237 9537 1
7239 8571 1
7239 9426 1
7239 9518 1
7239 9850 1
7244 9866 1
7244 9999 2
7244 9015 1
7244 9170 1
7258 8948 2
7274 9206 1
7274 9782 1
7274 9943 2
7280 8570 1
7280 9978 1
7280 9143 1
7280 9088 1
7280 9073 1
7306 8796 1
7306 8575 1
7334 8883 1
7334 9380 1
7334 9527 1
7334 9681 1
7334 9698 1
7334 9870 1
7334 8956 2
7338 9209 4
7338 9412 200
7338 8790 1
7338 8979 17
7338 9234 1
7338 9770 2
7346 8948 13
7346 9440 1
7349 9662 1
7349 9006 2
7349 9727 1
7351 9957 1
7351 9692 3
7351 9743 2
7351 8690 1
7351 9911 1
7351 8809 13
7351 9274 1
7351 9777 1
7357 8615 1
7357 9531 1
7357 8885 1
7357 9667 2
7370 9564 1
7370 9345 1
7370 9782 1
7370 9079 2
7372 9392 1
7375 8823 1
7375 9140 1
7393 9534 1
7393 8956 3
7393 8885 1
7393 8912 12
7393 8917 1
7393 9044 2
7393 9359 1
7396 8833 1
7401 8757 1
7401 9360 1
7401 9660 2
7403 8924 1
7403 9113 1
7403 9146 2
7403 9899 1
7408 9354 2
7408 9591 2
7408 8548 2
7408 9254 6
7408 8888 1
7408 9129 1
7408 9908 3
7412 9052 3
7422 9995 1
7422 8953 4
7422 9556 75
7423 9456 7
7423 9452 4
7423 8769 2
7423 9216 1
7453 9770 2
7453 8546 1
7453 8892 1
7460 8638 1
7460 8594 15
7460 8859 1
7460 8944 4
7460 9603 14
7461 8690 1
7461 9309 1
7486 9183 1
7486 9399 1
7486 9200 1
7486 9377 1
7502 9430 2
7502 8754 1
7502 8663 2
7502 8930 1
7502 9531 1
7504 8582 5
7504 9845 2
7513 9229 1
7513 8682 1
7513 9074 1
7513 9114 1
7513 9432 2
7513 9919 3
7513 9980 13
7522 9427 1
7522 8777 1
7522 9894 1
7545 9364 1
7545 9528 1
7545 9367 1
7558 8582 4
7578 8833 1
7578 8994 1
7578 9021 1
7578 9558 1
7580 9685 1
7580 9986 1
7580 8716 18
7581 8952 1
7581 9373 1
7581 9431 6
7581 9175 1
7589 9864 1
7589 9938 3
7596 9586 4
7596 9625 1
7596 8594 1
7596 8619 12
7596 8768 1
7601 9882 2
7601 9072 2
7601 9232 1
7602 9556 1
7602 8621 1
7602 8629 1
7602 8562 3
7602 9117 1
7602 9534 1
7602 8887 1
7602 9252 1
7608 9336 2
7608 9625 1
7608 8873 6
7611 8659 5
7611 8849 1
7611 8581 6
7632 9131 1
7632 8816 3
7632 9994 3
7643 9365 1
7643 9759 5
7654 9094 1
7657 9874 3
7657 8708 1
7657 9347 3
7657 8985 4
7657 9730 1
7674 9833 31
7674 9898 1
7674 9803 1
7674 9255 1
7674 9681 1
7685 9105 1
7685 8932 1
7685 8563 4
7685 9036 2
7685 8637 2
7692 8695 1
7692 8685 1
7692 9014 6
7692 9606 1
7692 9673 1
7702 9940 1
7702 8699 1
7702 8605 1
7702 9792 1
7702 9753 1
7702 9041 3
7702 8942 1
7702 9639 200
7734 8922 1
7734 9964 1
7734 8553 6
7734 8801 2
7734 9037 1
7734 8849 1
7772 9659 1
7772 9627 1
7772 9027 10
7772 9797 1
7780 8952 1
7780 9789 2
7780 8550 4
7780 8689 1
7796 9466 1
7796 8788 1
7796 9196 1
7807 9909 1
7807 9277 1
7807 9315 28
7807 9879 4
7807 9036 1
7830 8775 1
7830 9153 2
7830 9024 5
7830 9528 3
7830 9105 4
7830 8794 2
7830 8890 1
7830 9099 1
7830 9170 1
7860 8645 1
7860 9697 1
7860 9093 1
7882 9384 1
7882 9477 1
7882 8998 3
7885 8849 8
7885 9655 2
7885 8685 1
7885 8629 1
7885 9542 1
7888 8719 5
7888 8661 2
7888 9116 4
7888 9507 1
7888 8847 1
7888 9463 2
7888 9946 1
7904 8579 8
7904 8921 1
7904 8991 1
7904 9386 13
7904 9411 1
7904 8994 1
7904 9257 1
7905 9455 2
7905 8820 1
7905 9160 2
7905 8788 1
7922 8687 19
7922 9745 2
7922 8600 3
7922 8645 2
7922 9322 1
7932 9328 17
7932 8819 6
7950 9025 1
7950 9381 1
7950 8906 5
7950 9706 1
7950 8568 5
7950 9070 1
7950 8985 2
7950 9274 3
7950 8824 1
7952 9985 1
7953 9472 1
7953 9257 3
7953 8568 2
7953 9493 18
7959 9434 1
7959 8866 2
7959 8931 1
7959 9697 1
7967 9472 1
7967 8610 2
7967 9228 44
7967 9785 1
7967 9243 1
7967 8800 1
7967 9518 1
7967 9683 1
7967 9964 1
7967 9965 1
7967 9978 1
7967 8739 2
7967 9349 1
7967 9540 1
7971 9174 1
7971 8581 77
7971 8620 3
7989 9556 1
7989 9995 1
7989 9464 3
7989 9352 1
7994 9977 1
7994 9082 1
7997 9067 1
7997 8897 1
7997 9577 1
7997 8764 1
7997 9431 1
8014 9295 1
8014 8723 3
8014 9911 1
8015 9248 1
8015 9368 5
8015 9995 1
8018 9879 1
8018 9955 1
8018 9343 1
8022 8718 35
8022 9099 1
8022 8556 10
8022 8826 18
8074 8888 1
8074 8619 1
8089 9783 1
8100 9777 2
8100 9878 10
8100 9922 6
8100 9587 4
8108 8969 1
8108 9907 1
8141 8878 1
8141 8924 1
8141 9235 12
8141 9941 200
8146 8645 1
8146 8558 4
8146 8697 1
8146 8800 1
8146 9665 27
8153 8848 1
8153 8864 1
8153 9507 3
8183 8772 3
8183 9277 4
8183 8884 2
8183 9864 1
8183 9484 1
8183 9631 1
8183 8668 1
8200 9502 1
8200 8796 2
8200 9839 1
8200 9499 1
8200 9716 7
8200 9790 2
8200 8932 6
8218 9646 1
8218 9173 1
8220 9062 11
8220 9949 1
8220 9772 1
8220 9810 3
8220 9381 2
8220 9993 1
8220 8983 1
8220 9463 2
8220 9616 6
8233 9058 2
8251 8993 21
8251 9620 1
8251 9036 2
8251 9785 1
8277 8871 1
8277 9295 1
8277 8572 1
8277 8972 1
8277 8813 5
8277 9551 2
8277 9592 11
8283 9577 1
8283 9086 3
8283 8917 7
8283 9591 1
8283 8580 1
8283 8838 1
8285 9231 20
8285 9771 1
8285 9632 1
8285 9792 2
8287 8825 1
8287 9795 2
8287 9999 1
8287 9309 1
8287 8803 1
8287 9308 1
8297 9259 1
8297 8764 1
8297 8905 1
8297 9240 1
8297 9753 3
8312 8605 1
8312 9622 1
8312 8689 4
8312 9866 1
8326 9360 3
8345 9282 1
8345 8578 8
8345 9075 1
8345 9994 1
8353 9312 1
8353 9793 1
8353 8695 1
8353 8772 1
8353 8929 4
8353 9194 1
8360 8654 2
8360 9625 1
8389 9052 1
8389 9598 1
8389 8951 2
8389 8962 2
8389 9812 3
8391 8628 2
8391 9050 4
8391 9025 1
8391 9316 2
8410 9251 1
8415 8672 4
8415 9872 2
8415 9992 3
8431 8958 1
8431 9111 22
8470 9375 1
8470 9151 1
8470 9840 1
8470 9833 5
8470 8854 2
8470 9351 1
8470 9513 1
8482 9971 1
8482 8633 2
8482 8851 2
8482 8913 3
8482 8986 1
8482 9546 5
8495 8578 2
8495 8969 1
8495 9008 1
8495 9769 1
8499 8726 1
8499 9603 1
8499 8920 2
8513 9898 23
8513 8563 1
8513 9098 1
8513 9158 1
8513 9020 2
8538 9082 1
8538 9439 1
8538 8740 1
8538 9368 1
8547 9288 1
8548 9867 1
8549 8954 4
8549 9776 1
8550 8756 3
8551 9917 1
8551 8657 1
8552 8909 1
8553 8686 1
8554 8839 19
8555 8625 1
8555 8608 1
8556 8840 3
8556 9033 7
8557 9641 1
8557 8989 2
8558 8681 1
8560 8885 1
8560 9942 12
8561 8631 33
8562 8895 1
8563 8766 1
8564 8907 1
8564 8920 2
8564 9165 2
8565 8971 1
8566 9602 2
8566 8867 1
8566 9317 4
8567 9048 1
8567 8618 1
8569 8960 6
8569 9138 3
8569 9316 1
8569 9717 1
8569 8781 2
8569 9081 1
8570 8876 2
8571 8646 1
8572 8936 2
8573 8770 1
8574 8844 1
8576 8807 5
8577 8869 28
8578 9881 1
8580 8673 1
8581 9881 2
8582 8860 1
8583 9031 1
8584 9574 1
8584 9949 1
8584 8700 1
8584 9739 1
8584 8751 1
8584 8771 2
8585 9881 1
8585 9595 2
8586 8716 1
8586 9723 6
8586 9038 4
8587 9303 5
8587 9824 2
8587 9254 7
8587 9920 1
8589 9146 2
8589 8671 1
8590 8872 1
8591 9695 2
8591 8671 77
8591 9064 1
8591 8597 1
8591 9879 4
8592 9528 1
8592 9260 3
8593 9581 1
8595 9574 1
8595 8835 1
8595 9810 1
8596 8904 1
8597 9199 1
8598 8755 3
8599 9078 6
8599 9072 1
8599 8797 1
8601 9199 4
8602 8906 1
8602 8852 1
8602 9574 1
8602 9608 1
8602 9355 1
8603 8755 2
8604 9607 3
8606 9441 2
8607 9466 48
8607 8748 3
8607 8991 3
8608 8856 1
8610 8737 2
8611 9881 2
8611 8680 1
8612 9000 2
8612 8817 1
8613 9100 1
8614 9541 1
8617 9611 2
8617 8642 1
8617 9387 2
8617 9308 1
8618 9118 26
8618 9109 2
8618 9127 2
8621 9283 2
8623 9159 1
8623 9669 1
8624 8655 1
8624 9217 1
8624 8865 2
8625 9389 3
8627 8731 8
8627 8964 1
8629 8840 2
8630 8741 1
8631 9209 6
8632 9801 1
8634 9563 1
8634 9086 1
8635 8869 2
8636 9755 23
8636 9704 7
8636 8672 2
8636 9112 2
8636 9336 1
8637 9530 4
8639 9536 4
8639 9562 2
8639 9198 1
8639 9744 1
8639 9910 1
8639 9993 2
8639 9133 1
8641 8941 1
8641 8891 2
8643 9441 1
8644 9867 1
8646 9181 25
8646 9775 1
8646 8757 42
8646 8924 5
8646 9311 1
8649 8781 1
8652 9185 1
8652 9898 2
8653 8940 5
8654 9382 4
8656 9541 1
8657 9216 1
8657 9675 1
8658 9547 1
8658 9465 2
8659 8812 1
8661 8904 7
8662 9355 2
8663 9997 1
8663 9709 1
8665 9355 3
8665 9247 1
8665 9508 1
8665 9565 5
8665 9629 1
8665 9845 1
8665 9948 1
8667 9409 1
8667 9792 1
8667 9158 2
8667 9502 1
8668 9389 1
8669 8680 2
8669 9150 1
8670 9831 6
8670 9425 4
8670 9757 1
8673 9803 1
8673 9015 1
8675 8827 1
8676 9478 1
8676 9376 7
8677 9480 3
8677 9270 1
8677 9535 5
8677 9627 1
8677 8875 1
8677 9951 2
8678 9199 2
8678 9405 1
8678 8877 1
8679 8800 1
8679 9491 3
8679 8804 1
8679 9510 1
8680 9416 1
8680 9571 2
8680 8791 1
8680 9888 1
8681 9193 1
8681 9269 1
8681 9550 2
8683 9064 1
8683 9680 1
8683 9780 2
8683 9073 1
8683 9451 1
8684 8778 3
8686 8783 2
8686 8733 1
8686 9339 2
8686 9388 1
8689 8950 1
8690 9195 1
8691 8882 2
8691 8939 5
8692 9340 1
8693 9174 1
8693 9268 1
8693 8969 1
8693 9364 1
8693 8718 1
8693 9717 1
8693 9922 2
8694 8862 1
8696 9012 1
8698 9949 1
8699 9150 2
8700 8863 2
8702 8853 1
8703 8927 11
8703 9706 1
8703 9175 1
8703 9878 1
8703 9023 1
8703 9325 1
8703 9696 2
8704 9429 9
8704 9241 2
8705 8729 1
8705 8807 2
8706 9300 33
8706 9429 10
8706 9904 11
8706 9983 28
8706 9328 1
8710 9199 3
8710 8876 4
8711 9533 1
8711 9642 1
8711 8723 1
8711 9196 1
8711 8884 1
8712 9012 2
8712 8822 18
8715 9148 3
8715 8929 4
8715 9175 2
8715 9480 1
8720 9626 63
8722 8798 1
8722 8727 1
8725 8962 1
8725 9170 1
8725 9568 2
8725 9659 5
8726 9195 2
8727 9336 5
8727 9309 1
8727 9041 2
8728 8898 1
8729 9581 4
8729 8871 3
8730 9573 1
8730 9565 1
8730 9606 1
8730 9036 2
8731 8784 5
8731 8859 2
8731 9985 5
8731 9551 1
8731 9870 1
8734 9838 1
8735 9410 2
8736 9954 5
8736 9117 8
8737 9208 1
8737 9108 4
8737 9799 1
8737 9088 1
8737 9878 15
8738 9881 1
8741 9511 2
8741 9848 3
8741 9857 1
8741 8990 1
8741 9029 70
8742 8879 4
8742 8804 1
8742 9171 10
8742 9888 2
8744 9060 8
8744 8970 3
8744 9596 1
8744 9907 2
8745 8763 4
8746 9441 1
8746 8877 2
8749 9396 2
8749 9653 1
8750 9094 1
8750 9181 1
8750 9229 5
8750 8828 1
8752 9700 4
8752 8776 1
8752 9569 2
8753 8761 1
8755 9777 3
8756 9116 1
8757 9286 1
8759 9835 1
8759 8785 1
8759 9404 1
8763 9146 1
8763 9561 11
8763 9587 1
8763 9812 3
8765 9788 1
8766 9349 1
8766 9858 2
8770 9900 1
8770 9281 1
8770 9522 1
8773 9510 2
8775 8967 1
8776 8779 1
8778 9789 1
8778 9103 4
8778 9540 1
8780 8942 2
8780 9208 2
8780 9695 3
8782 9295 1
8782 9998 1
8782 8823 1
8782 9467 2
8786 9612 1
8788 9471 2
8788 9283 2
8790 8925 1
8790 9787 1
8791 8914 1
8792 8863 1
8793 9904 1
8793 9221 1
8793 9485 3
8793 9119 1
8794 8988 1
8795 9067 1
8795 9269 2
8798 9104 1
8798 9863 1
8798 9978 1
8798 9999 31
8799 8863 2
8801 8968 1
8802 8973 1
8802 9444 4
8803 8902 1
8805 9973 1
8806 9521 2
8806 9740 1
8806 9748 1
8808 9762 1
8811 8955 3
8812 9464 4
8812 9225 6
8813 8911 1
8814 9395 1
8815 8954 1
8815 9459 2
8816 9877 1
8817 8852 2
8817 9354 1
8817 9400 2
8817 9166 1
8817 9743 1
8821 9752 1
8821 9354 1
8822 8852 1
8822 9539 24
8822 8984 1
8823 9689 1
8825 9283 1
8827 9367 1
8827 9198 1
8827 9348 1
8828 9395 1
8830 9058 5
8830 8848 1
8830 9921 1
8832 9175 3
8832 9564 1
8834 9628 1
8834 8930 1
8834 9106 1
8834 9042 2
8836 8968 1
8837 8921 1
8837 9890 1
8837 9643 1
8837 9396 4
8837 9212 1
8837 9868 1
8839 9407 1
8839 8980 1
8839 9558 1
8840 8888 1
8841 9689 2
8842 9027 1
8842 9660 4
8843 8855 1
8843 9028 1
8844 9320 1
8845 8869 1
8845 9002 1
8845 9059 1
8846 9666 1
8846 9651 1
8846 9992 1
8846 9007 1
8850 9282 1
8850 9510 1
8850 9460 1
8850 9200 1
8855 9352 1
8855 9626 3
8858 9301 1
8858 9494 1
8858 9778 1
8859 8987 1
8860 9722 1
8860 9381 2
8861 9120 5
8863 9424 1
8863 9698 1
8863 9781 1
8863 8980 1
8863 9217 4
8863 9691 1
8868 9698 11
8869 9846 2
8872 9138 4
8872 9213 1
8874 8908 2
8877 9242 4
8877 9079 1
8877 9914 2
8877 9282 1
8877 9419 2
8877 9387 1
8880 8987 1
8881 9728 1
8881 9720 3
8882 9410 2
8888 9004 1
8889 9202 1
8889 9879 1
8889 9929 1
8889 9642 1
8890 9446 1
8891 9911 1
8891 9078 22
8893 9241 2
8893 9832 1
8893 9204 1
8893 9874 1
8894 8971 3
8895 9695 1
8895 9736 11
8898 9761 7
8899 9075 1
8899 9183 1
8899 9407 1
8899 9810 8
8900 9525 1
8902 9720 3
8902 9888 1
8902 9345 1
8902 9267 1
8902 9979 2
8903 9231 1
8903 9796 1
8904 9810 1
8904 9763 1
8908 9879 6
8908 9354 1
8908 9019 1
8909 9526 1
8910 9376 2
8910 9708 3
8911 9602 2
8911 9789 2
8913 9366 1
8914 9157 1
8914 9426 1
8915 9799 2
8915 9196 2
8915 9277 1
8915 9704 2
8918 9504 1
8919 9001 1
8925 9702 1
8925 9467 13
8926 9569 1
8927 9410 2
8928 9672 1
8932 9709 3
8933 9191 1
8936 9317 1
8936 9256 1
8936 9799 1
8937 9877 1
8938 9200 1
8938 9600 1
8938 9751 7
8939 9997 1
8940 9359 12
8940 8952 2
8940 8972 48
8941 9790 1
8941 9690 1
8941 9943 8
8941 9682 1
8942 9471 22
8946 9402 1
8946 9350 7
8946 9840 4
8949 9410 28
8950 9474 1
8950 9920 2
8950 9630 1
8955 9247 12
8955 8980 1
8955 9910 1
8955 9543 1
8956 9881 1
8957 9090 91
8959 9985 1
8961 9270 1
8961 9328 1
8961 9882 1
8962 9612 1
8964 9319 13
8964 9523 2
8964 9878 2
8964 9160 1
8964 9507 1
8967 9981 1
8967 9458 1
8967 9629 1
8968 9432 1
8968 9400 1
8968 9747 1
8971 9745 1
8971 9544 1
8971 9119 1
8971 9667 1
8971 9124 1
8971 9308 1
8973 9607 53
8974 9903 4
8974 9153 1
8974 9707 3
8975 9746 1
8980 9441 1
8981 9337 1
8982 9575 18
8987 9682 1
8987 9669 1
8989 9120 1
8995 9747 1
8995 9534 2
8996 9881 1
8996 9000 2
8999 9644 5
9000 9863 8
9000 9758 1
9000 9725 1
9001 9303 2
9001 9121 73
9001 9146 1
9001 9759 3
9002 9581 4
9002 9345 1
9002 9487 1
9002 9736 1
9003 9272 4
9004 9144 3
9005 9562 1
9005 9848 1
9011 9233 1
9012 9256 1
9012 9718 2
9013 9321 2
9013 9137 1
9013 9973 1
9015 9441 1
9023 9881 2
9025 9059 1
9025 9332 7
9027 9120 1
9028 9666 1
9029 9709 1
9030 9999 1
9033 9358 1
9033 9722 2
9034 9331 1
9040 9135 11
9045 9536 1
9045 9463 3
9045 9246 1
9047 9224 5
9056 9162 1
9059 9368 1
9059 9907 45
9059 9539 1
9059 9324 1
9061 9621 3
9077 9239 1
9081 9441 1
9096 9120 1
9097 9765 1
9102 9446 2
9103 9441 5
9109 9362 1
9114 9283 1
9130 9701 4
9140 9468 5
9145 9867 1
9150 9576 1
9150 9956 1
9150 9223 15
9150 9298 1
9151 9517 2
9152 9441 3
9152 9389 1
9153 9997 1
9157 9838 1
9179 9765 1
9195 9453 1
9195 9492 1
9199 9686 1
9199 9617 2
9201 9329 1
9217 9607 1
9217 9923 2
9225 9332 5
9233 9480 2
9233 9593 1
9238 9838 4
9240 9366 2
9242 9541 3
9244 9805 1
9257 9471 1
9264 9541 1
9264 9689 1
9268 9410 1
9270 9612 1
9273 9957 1
9273 9384 1
9273 9452 2
9273 9614 1
9277 9382 3
9283 9617 4
9283 9793 2
9286 9460 1
9286 9760 1
9287 9389 1
9295 9471 3
9302 9830 1
9319 9530 1
9321 9446 1
9321 9530 1
9329 9903 1
9329 9954 1
9332 9459 1
9332 9755 1
9332 9457 3
9332 9385 4
9332 9758 1
9337 9468 1
9340 9468 2
9343 9405 1
9346 9589 122
9348 9441 1
9356 9541 1
9358 9672 3
9362 9515 1
9362 9664 1
9364 9541 1
9366 9703 1
9366 9779 4
9371 9441 12
9375 9465 1
9382 9962 1
9382 9385 8
9382 9609 2
9382 9453 1
9382 9524 2
9389 9796 7
9390 9395 1
9394 9807 3
9395 9666 3
9395 9487 33
9395 9606 1
9395 9693 2
9395 9434 2
9409 9881 2
9441 9585 1
9441 9979 1
9441 9696 1
9442 9847 6
9446 9498 1
9449 9465 1
9450 9756 2
9465 9562 1
9465 9836 1
9465 9487 1
9471 9557 4
9471 9708 2
9506 9530 1
9511 9997 1
9517 9567 2
9518 9912 1
9527 9801 1
9535 9844 1
9537 9895 2
9541 9764 1
9547 9678 3
9547 9842 1
9568 9838 1
9580 9607 1
9595 9948 1
9595 9929 1
9634 9838 1
9656 9672 2
9672 9860 2
9684 9737 115
9689 9809 2
9689 9744 1
9689 9752 1
9689 9794 1
9706 9787 1
9711 9923 2
9727 9912 2
9733 9853 1
9743 9801 1
9753 9877 6
9770 9838 200
9787 9864 2
9792 9838 1
9799 9923 2
9811 9923 2
9831 9838 26
9864 9895 1
9881 9888 1
9881 9889 1
9883 9895 1
9902 9916 1
