5 9076 1
5 9367 1
5 9496 2
23 8578 1
23 8853 1
23 9615 1
23 9732 1
23 9948 1
23 8679 1
23 9458 1
23 9553 1
33 9258 1
33 9233 3
42 9563 2
42 9386 1
42 9126 2
45 9301 3
45 8694 5
45 9324 1
65 8825 5
65 9150 5
65 9554 3
65 9777 6
65 8739 1
65 8617 1
65 9355 7
65 9276 2
70 9447 1
70 8713 1
70 9810 1
70 9475 1
70 9704 1
71 8902 1
71 9471 2
71 9554 1
88 8852 1
88 8780 1
94 8755 1
94 9952 1
100 9886 2
100 9812 1
100 9089 1
100 9699 1
116 9289 2
116 9349 1
128 8701 2
128 8710 1
128 9211 5
128 9212 1
133 9855 1
144 8834 1
144 8898 1
144 9432 1
144 9506 1
157 9492 1
157 9348 8
162 9803 1
162 9586 2
169 8824 1
169 8990 3
169 9500 1
180 8812 1
180 9103 1
186 8735 1
186 9790 1
195 9859 1
195 9385 1
195 9060 2
195 8710 1
195 8747 1
195 8938 1
195 9085 1
208 8973 1
208 8574 2
208 9008 1
212 9167 4
212 9528 4
212 9627 3
212 9729 1
212 9962 1
217 9580 3
217 9024 1
217 9939 1
217 9264 3
246 9272 1
246 9450 1
246 8778 1
246 9150 1
246 9160 12
246 8829 1
246 9947 2
246 9531 2
246 8790 2
252 8762 1
252 8590 1
252 8907 1
255 9880 2
255 8951 5
255 9134 1
255 9053 1
255 9059 1
255 9180 1
258 9879 1
258 9449 1
260 9254 2
260 9437 2
260 9578 1
280 9644 2
281 9333 1
281 8920 8
281 8894 2
281 9294 1
281 9504 2
281 8773 192
281 9064 1
281 9442 2
300 8994 2
300 9838 9
302 8978 1
302 9929 1
302 9440 3
302 8623 2
302 8740 1
302 9000 1
352 8632 1
352 8591 1
352 9759 3
352 8716 33
352 8926 3
353 9503 2
353 8731 33
353 8914 1
362 8617 2
362 8929 1
366 9947 1
374 9372 1
374 9154 1
374 9496 3
408 8897 9
408 9417 7
408 9797 3
408 9431 1
408 9640 14
424 8614 1
424 9374 2
430 9432 1
430 8572 3
430 9498 2
430 8597 6
430 8619 1
430 9201 1
430 9617 1
432 8777 3
432 9918 2
432 8763 5
432 9134 1
432 8880 5
432 9544 2
432 9777 1
432 9909 1
432 8707 1
432 8862 1
432 9554 1
442 9500 1
442 9417 1
442 9324 1
442 9071 1
442 8908 2
442 9782 2
442 9901 1
451 8982 2
451 9310 1
451 8580 2
451 9228 1
451 9381 1
453 8694 13
453 8683 3
457 9647 2
457 8864 1
457 9709 1
457 9223 1
457 8830 3
457 9575 1
457 9627 2
457 9750 1
464 8821 1
464 8729 1
464 9479 1
464 9762 1
478 8639 1
478 9720 3
478 8973 1
478 9077 3
478 9886 1
488 8917 1
488 8712 1
488 9071 7
488 8601 1
488 9026 1
488 9529 1
511 9661 5
511 9441 1
511 9140 2
536 9385 7
537 9982 1
537 9313 1
537 9589 1
537 9394 2
537 9849 1
538 9137 4
538 8869 1
552 9029 1
552 9268 1
552 9132 2
552 9676 1
555 9225 3
555 8679 1
555 8608 1
555 9947 1
555 8786 1
555 9776 1
555 9555 1
573 9755 1
579 9319 1
579 9813 2
579 9687 1
583 9144 2
583 8669 2
583 9129 4
594 9547 1
594 8614 1
594 8849 3
595 9906 1
595 8923 1
595 8568 6
610 8784 3
610 9336 1
610 8819 1
610 9177 2
613 8740 3
613 8823 7
613 9228 1
613 9410 2
613 8730 1
613 9366 5
613 9619 2
613 9683 2
655 9492 1
655 9461 2
655 9188 1
655 8906 2
659 9129 2
659 8972 5
666 9258 2
674 9379 1
674 9298 4
674 9232 1
676 8853 1
676 8980 1
676 9026 1
696 9442 4
696 8667 4
702 9514 2
702 8715 3
702 9549 13
742 8773 4
742 9320 2
742 9682 2
742 9007 1
742 9045 1
742 9094 1
742 9255 2
742 9325 1
742 9329 2
742 9423 2
742 9135 3
746 8591 6
746 9248 7
746 9259 1
746 9368 3
746 9602 4
746 9963 1
746 9192 2
746 9741 109
746 9842 1
746 9946 1
764 8802 1
764 9216 2
769 9124 2
769 8790 142
769 9820 1
771 9168 1
771 9007 1
771 9434 1
786 8636 1
786 9361 15
786 8700 1
791 9263 1
797 8735 8
797 9213 1
797 9577 2
797 9739 9
797 9168 1
801 9283 1
801 9655 1
801 9982 1
803 9471 1
803 9955 1
803 9377 1
803 9637 1
844 9464 1
844 8966 1
844 9677 1
844 9849 1
844 8606 1
844 9056 1
857 8881 1
865 9479 3
865 9680 3
869 8566 2
869 9278 1
869 9548 1
869 8841 5
869 8601 1
869 8617 3
869 9207 3
869 9986 1
869 9209 1
882 9533 1
882 9213 1
887 9691 1
894 8585 1
894 9613 13
894 8852 1
899 8645 1
899 9299 5
899 9605 1
899 9762 5
918 9387 17
918 8570 3
918 9016 1
918 9279 1
918 9492 25
918 9636 6
918 9104 1
923 8694 2
923 9973 1
923 8644 1
926 9065 20
926 9378 1
926 9918 1
926 8922 1
926 9812 1
928 9120 1
928 9724 1
935 8633 25
935 9694 4
936 9375 5
936 9901 1
940 8647 1
940 9381 1
940 9800 3
940 9809 1
940 8631 3
940 9739 1
942 8978 1
942 9749 1
958 9968 2
961 9539 1
961 9471 1
961 9509 1
961 8627 9
961 9321 2
961 9930 3
961 9462 1
961 9677 1
962 8684 1
962 8829 1
962 9568 1
962 9909 15
983 8904 1
983 9073 1
983 9383 4
983 9539 1
983 9649 11
995 9418 1
1011 9405 2
1011 9214 1
1024 9761 1
1024 9337 1
1024 9319 2
1024 9360 1
1036 9418 1
1036 9835 2
1036 8807 1
1036 8722 2
1036 9363 1
1042 9201 1
1042 8562 1
1042 9813 1
1047 8747 1
1047 8651 2
1047 9277 1
1047 9335 1
1047 9856 1
1065 9068 1
1065 9432 1
1065 9774 1
1068 8910 3
1068 9212 1
1068 9026 1
1068 9429 1
1074 9073 1
1074 9732 3
1074 9396 2
1102 9356 3
1102 9056 1
1102 9254 1
1144 9977 1
1145 9050 1
1145 9441 1
1152 8902 3
1152 9747 1
1152 9798 4
1156 9774 1
1156 9422 1
1159 8807 1
1159 8923 1
1159 9602 2
1159 8572 1
1159 8794 1
1159 9716 6
1172 9696 1
1172 9175 1
1178 9158 1
1178 9627 4
1178 9495 9
1178 9750 1
1184 9103 40
1184 9948 1
1184 9590 10
1194 8895 1
1194 9719 1
1195 8643 2
1196 9221 1
1196 9170 1
1196 9963 5
1203 9778 13
1203 9670 1
1203 8821 3
1203 9995 2
1231 9342 1
1231 9794 13
1231 9975 1
1231 8772 5
1231 9267 1
1231 9874 1
1231 9101 9
1231 9699 6
1231 9529 1
1231 9577 1
1231 9499 1
1231 9769 1
1231 9093 1
1231 9708 1
1235 9160 1
1235 9924 18
1235 9578 1
1237 8825 2
1244 9126 1
1244 9274 1
1244 9272 1
1244 9507 1
1244 9833 1
1247 9250 1
1257 9896 8
1257 8610 10
1257 8875 1
1257 9299 1
1266 9364 1
1269 9053 39
1269 9253 1
1269 9356 4
1269 9611 1
1272 9297 1
1272 9975 1
1277 9930 1
1277 9319 1
1277 9617 3
1277 9636 1
1277 9897 1
1277 9295 1
1277 9542 3
1277 9338 1
1277 9895 1
1279 8812 23
1279 9161 3
1279 8698 1
1279 9083 1
1289 9974 1
1310 9079 3
1310 9289 1
1310 9530 1
1315 8747 5
1315 9911 1
1315 8974 1
1315 9537 1
1331 9910 1
1340 9870 11
1340 8578 1
1340 9216 3
1346 9592 4
1346 9845 1
1346 9197 1
1346 8715 3
1346 9254 1
1346 9587 33
1346 8895 1
1346 9589 1
1346 9766 2
1346 9946 3
1346 9798 1
1346 8633 1
1346 9194 1
1364 9323 1
1376 9361 1
1384 9989 1
1387 8571 1
1387 9905 4
1396 9963 1
1396 9851 1
1415 8639 2
1415 9858 1
1434 9465 2
1434 8806 1
1434 9365 1
1434 9566 1
1434 9899 1
1459 8670 3
1459 8918 1
1459 9450 16
1459 9601 1
1459 9835 1
1459 9102 1
1459 9898 5
1464 9641 2
1464 9851 2
1464 9967 1
1465 9598 1
1465 8971 1
1465 9689 7
1465 9755 1
1473 8772 1
1473 9896 1
1473 8948 1
1473 9095 1
1483 9813 1
1483 9950 2
1483 9973 2
1483 8568 1
1483 9170 1
1483 9588 1
1497 8635 1
1497 9364 1
1497 8615 3
1497 9265 9
1497 8880 7
1497 8817 1
1497 9368 1
1499 9668 1
1499 9312 5
1499 9906 3
1539 8940 1
1539 9884 2
1539 9240 1
1546 8896 1
1546 9462 1
1546 9726 7
1546 9182 2
1546 9255 1
1551 9970 1
1551 9276 2
1551 9735 1
1551 8894 1
1573 9277 1
1573 8897 1
1588 8913 1
1588 8633 144
1588 9421 1
1588 9994 3
1588 8814 200
1588 9706 1
1606 8680 2
1606 8854 1
1606 8617 1
1606 9113 1
1606 9504 1
1606 9782 1
1606 8849 1
1606 9134 200
1606 9895 14
1606 9230 5
1606 9768 2
1610 9304 4
1610 9924 2
1610 9392 6
1610 8640 1
1610 8794 1
1624 9680 1
1624 8812 7
1668 9249 1
1668 9093 1
1668 9454 1
1691 8760 2
1707 9312 1
1707 8719 1
1707 9349 12
1707 9707 1
1709 8897 4
1709 9904 1
1723 9766 1
1723 9522 1
1723 9838 1
1750 8903 1
1750 9336 1
1750 9548 1
1750 9298 1
1750 9803 1
1750 9564 1
1750 9812 1
1776 8995 1
1776 9395 1
1786 8783 2
1795 8708 1
1795 9046 1
1799 9354 4
1803 8591 1
1803 8965 1
1817 8828 2
1817 9926 2
1817 9089 3
1839 9021 1
1839 8794 1
1839 9378 1
1839 9431 1
1844 8724 1
1844 8851 1
1844 9049 1
1844 9278 1
1844 9715 4
1851 9115 4
1851 9177 1
1851 8783 1
1851 8707 1
1851 8744 1
1851 9691 1
1868 8931 1
1919 9314 3
1919 8848 13
1919 9178 1
1926 9581 2
1926 9876 6
1926 9602 2
1926 8604 1
1926 9726 3
1931 9991 2
1931 8989 1
1931 9266 1
1931 8901 5
1931 9186 7
1931 8832 1
1938 8861 1
1938 8797 14
1938 9606 1
1938 9937 1
1938 8655 11
1975 9284 2
1975 9918 1
1975 9385 1
1979 9474 2
1979 9473 1
1979 9961 1
1979 9031 3
1979 9659 2
1979 9806 1
2012 8935 25
2012 9277 2
2024 9771 1
2024 9155 3
2024 9105 1
2025 8749 1
2061 8895 1
2061 9162 1
2061 8643 1
2061 9988 1
2067 9884 2
2067 8981 33
2067 8842 1
2067 8656 1
2071 9374 5
2071 9966 1
2071 8741 1
2071 8998 2
2071 9784 11
2073 9735 1
2112 9264 1
2112 9433 165
2112 9720 86
2121 9144 6
2121 8926 1
2121 9489 1
2121 9416 6
2121 8762 1
2121 9160 1
2121 9564 2
2121 8647 1
2121 9011 4
2121 9881 3
2135 8817 1
2135 8875 2
2135 9346 8
2135 9196 1
2135 9555 2
2158 9397 1
2158 9434 1
2158 9559 1
2167 9039 2
2167 8853 1
2167 9926 1
2167 8650 1
2186 9211 1
2188 9342 1
2188 8831 1
2188 8841 7
2189 9549 2
2189 9194 1
2189 9748 1
2234 8725 1
2234 9163 1
2234 9857 1
2236 9506 2
2236 9906 1
2236 8840 1
2236 9374 1
2236 9929 1
2236 9440 16
2245 8852 10
2245 9391 1
2273 8729 1
2273 9429 1
2273 9738 1
2273 9665 17
2273 9979 3
2273 9481 5
2273 9223 2
2273 9631 1
2273 8585 1
2273 8617 1
2273 8702 1
2273 9161 2
2279 8978 5
2279 9833 1
2288 9661 3
2288 9827 3
2288 9343 10
2288 9734 1
2288 8993 1
2288 9894 15
2313 9121 1
2313 9956 1
2337 8847 2
2337 9026 5
2337 9715 1
2337 8854 1
2337 9358 1
2358 8588 3
2358 9011 1
2358 9649 1
2358 9620 4
2358 9100 7
2364 8831 1
2364 8651 1
2364 9746 2
2364 9977 2
2364 8622 4
2364 9538 6
2368 8581 1
2368 9389 2
2368 9344 1
2368 8571 1
2368 9461 6
2375 9218 1
2375 9535 1
2375 9425 5
2387 9572 1
2387 9455 1
2387 9935 1
2387 9580 1
2387 9697 2
2387 9698 4
2387 9971 1
2410 9221 1
2450 8640 1
2450 8571 200
2450 9493 1
2481 9009 1
2481 9501 39
2481 9000 1
2481 9298 1
2481 9759 5
2487 9089 1
2490 9113 1
2490 8584 2
2490 8631 1
2490 8786 1
2490 8798 1
2490 9452 2
2490 9132 1
2515 9663 1
2515 9184 2
2515 8575 1
2515 9107 7
2515 9517 1
2515 8634 24
2521 8827 1
2527 9501 1
2527 9207 2
2527 9516 1
2527 8704 1
2527 9039 15
2543 9484 2
2543 9684 1
2543 8986 1
2543 9965 2
2576 8965 3
2576 9318 1
2576 9050 2
2581 9226 39
2581 9833 1
2581 9153 1
2581 9832 22
2606 9814 1
2606 9380 3
2623 9761 77
2646 9876 1
2646 9104 4
2646 8880 15
2646 9049 1
2669 9234 4
2669 9913 2
2669 9585 1
2669 9613 2
2669 8738 15
2670 9361 1
2673 9536 1
2673 9278 4
2673 9335 1
2673 8791 6
2693 8730 1
2693 9688 1
2693 8615 7
2693 9412 1
2693 8935 1
2693 9149 7
2693 9707 1
2699 9103 1
2704 8552 1
2704 9046 1
2704 9447 1
2704 8654 10
2704 9548 3
2705 8848 1
2705 8850 1
2705 8958 2
2748 9065 1
2748 9467 2
2748 9967 11
2748 9601 1
2748 8680 1
2753 9796 5
2753 9197 2
2753 9609 5
2772 9668 1
2776 9463 1
2776 9441 1
2776 8822 1
2776 9353 1
2776 9370 2
2796 8941 1
2796 9358 2
2796 9389 4
2796 8762 1
2796 8994 22
2796 9073 1
2796 9698 1
2796 9074 3
2796 9152 1
2815 8680 1
2815 9889 1
2815 8978 1
2815 9168 1
2815 9846 10
2823 9027 1
2823 8692 1
2823 9690 1
2823 9716 1
2834 9679 1
2834 9985 1
2834 8614 10
2834 9572 1
2867 9184 4
2867 9980 1
2867 9120 3
2896 9473 1
2896 8972 2
2896 9563 3
2920 8693 1
2920 9150 61
2955 8790 1
2955 8755 1
2955 8700 1
2955 8745 1
2968 9948 1
2968 9841 1
2987 8568 1
2987 8712 3
2987 8931 1
2987 8651 1
2987 9565 1
2987 8649 60
2995 9911 1
2995 8948 1
3007 8721 1
3007 8583 2
3007 9800 9
3023 9138 1
3023 9955 1
3039 9344 1
3039 9706 1
3039 8767 3
3039 9541 54
3039 9753 1
3039 9965 1
3039 9957 6
3052 8819 2
3052 9728 1
3052 9087 38
3052 8566 1
3052 9158 2
3053 8633 1
3053 9585 1
3053 9419 8
3053 9896 1
3053 8985 1
3053 9437 2
3053 9970 2
3053 9137 3
3054 9724 6
3054 8858 1
3054 9758 1
3054 8831 1
3054 9147 1
3054 9754 1
3054 8901 2
3055 9574 8
3058 9537 1
3058 8881 1
3071 8663 1
3071 9021 1
3071 9446 1
3077 9310 1
3077 9467 1
3077 9149 1
3077 9101 1
3079 9351 1
3079 9377 1
3079 9403 2
3089 8640 2
3089 8903 2
3089 9430 16
3089 9749 1
3089 9728 1
3090 9483 1
3090 9890 1
3111 8679 1
3111 8593 1
3111 8597 1
3112 9221 1
3112 9814 1
3123 9404 1
3123 8627 5
3123 8709 5
3123 8940 2
3123 9284 1
3124 8791 1
3124 9092 1
3140 9143 4
3140 9087 2
3140 9377 1
3140 9600 1
3165 8651 4
3170 9178 1
3170 8958 1
3170 9110 1
3170 9547 2
3170 9591 2
3170 8857 1
3170 9169 2
3179 8897 2
3192 9423 5
3205 9786 5
3205 9518 2
3229 9160 8
3229 9842 2
3229 9834 2
3229 9188 1
3229 9102 1
3229 9610 1
3229 9632 1
3234 8815 8
3234 9805 1
3234 9115 1
3234 9186 1
3234 9682 1
3234 9758 1
3237 9488 1
3237 9084 1
3237 9849 3
3255 8938 1
3255 9729 21
3255 9716 1
3255 9679 1
3267 9440 1
3267 9217 1
3267 8704 3
3267 9829 1
3267 9148 1
3286 8982 1
3293 8713 1
3296 8991 1
3296 9738 1
3296 9699 1
3296 8695 1
3296 9447 1
3296 8837 1
3296 8634 3
3296 8952 10
3296 9012 3
3296 9115 1
3301 9291 1
3301 9314 2
3301 9466 1
3317 8567 2
3317 9549 1
3317 9192 2
3317 8732 1
3317 8814 17
3317 9201 1
3317 9248 3
3317 9193 1
3320 9923 4
3322 9658 1
3322 9750 1
3322 9743 2
3346 9039 2
3346 8800 1
3346 9763 16
3346 8798 1
3346 9684 2
3353 9180 1
3353 8899 1
3353 9215 2
3355 8725 2
3355 8986 2
3355 9595 6
3355 9583 1
3378 8864 2
3384 8746 3
3384 9460 3
3393 9076 3
3393 9591 3
3393 9941 1
3393 9215 1
3393 9439 1
3393 9063 3
3393 9665 4
3394 9188 1
3403 8951 1
3403 9299 7
3403 9583 1
3403 9842 8
3403 9860 4
3414 8588 1
3414 8713 2
3414 9874 1
3426 8668 3
3428 9361 1
3428 9320 1
3440 8816 1
3440 9317 43
3440 8989 1
3440 8953 3
3448 9307 1
3448 8922 1
3459 9549 3
3459 8918 1
3459 9102 2
3459 9127 1
3459 8594 1
3460 8568 6
3460 8575 3
3460 9180 1
3460 8850 1
3460 9655 1
3460 9668 7
3460 9609 15
3460 9397 1
3460 8629 1
3460 9454 1
3460 9591 1
3461 9010 1
3478 9304 1
3478 9185 1
3478 9666 11
3478 8692 2
3478 9356 1
3479 9446 3
3479 9642 1
3492 9016 11
3492 8770 4
3492 9159 2
3492 8823 2
3494 8812 1
3494 9968 1
3496 8703 3
3496 8692 1
3504 9026 1
3504 9328 2
3504 9592 9
3529 8821 1
3529 9913 1
3529 9419 1
3529 8644 1
3529 9405 1
3554 9211 1
3587 8805 4
3587 8901 1
3587 9047 1
3596 9658 1
3607 9843 1
3607 8977 1
3607 9889 1
3615 8766 2
3618 8595 2
3618 9846 2
3618 9048 2
3633 9375 1
3638 8634 1
3638 8998 96
3638 9127 12
3638 9451 1
3642 9265 1
3644 9855 9
3644 9429 2
3644 8913 9
3644 9136 1
3644 9415 1
3644 9070 2
3644 9154 3
3644 9451 7
3654 9584 1
3654 9286 1
3654 9410 17
3656 9264 66
3656 9897 44
3656 8567 1
3656 9833 1
3656 9192 1
3656 9983 1
3672 8628 1
3674 9066 4
3674 8706 1
3674 8905 1
3678 9899 1
3678 9586 1
3678 8570 3
3678 8564 1
3685 8981 1
3685 8821 1
3685 9011 3
3685 9661 1
3685 9957 46
3685 9829 1
3708 9509 1
3708 9272 2
3718 9588 1
3718 9460 1
3718 9981 1
3718 9830 1
3718 8805 1
3736 8721 1
3736 8951 6
3736 9761 1
3749 8594 1
3749 8802 2
3752 9231 1
3752 9991 2
3752 9160 1
3752 9995 2
3752 8732 1
3758 9829 1
3758 9169 5
3758 9687 1
3758 8718 1
3758 9974 1
3779 9627 1
3779 8590 1
3779 9570 10
3779 9759 1
3779 9935 1
3803 9791 1
3803 8719 3
3803 9672 1
3804 9885 1
3804 9991 1
3804 9113 5
3813 8684 6
3813 8716 1
3813 8920 1
3813 9909 1
3816 9880 1
3816 9261 1
3819 9587 1
3819 9938 1
3819 9387 1
3830 9944 6
3830 8758 7
3830 9940 2
3844 9388 1
3844 9138 2
3844 9342 1
3844 9305 4
3871 9437 9
3871 9965 6
3871 8622 1
3872 9790 1
3872 8705 1
3872 9077 1
3872 9393 1
3872 9595 7
3872 9780 5
3880 9943 2
3894 8638 7
3894 9327 1
3910 8805 1
3910 9653 7
3910 9999 1
3911 9592 1
3911 9640 1
3911 9150 1
3911 9234 2
3912 9382 7
3912 9912 1
3912 8980 11
3912 9571 1
3927 9997 1
3927 9318 1
3927 9911 2
3927 9970 9
3928 9307 1
3928 8718 1
3928 9123 1
3928 9478 1
3928 9097 2
3938 9127 1
3938 9567 2
3956 8791 1
3956 9653 9
3956 9343 1
3969 9485 8
3969 9027 2
3969 9363 1
3969 9040 2
3969 9897 1
3977 9288 1
3977 9454 1
3977 9195 2
3977 9678 2
3993 9734 1
3993 9891 1
3993 8920 1
3993 9047 1
3993 9831 1
4000 9943 1
4000 9849 1
4000 8604 1
4000 8647 1
4000 9262 1
4000 9363 2
4000 8989 4
4000 9735 5
4002 9375 1
4002 9894 1
4002 8607 2
4002 9082 1
4002 9605 35
4014 9063 1
4014 9801 1
4014 8846 3
4015 8901 2
4015 9592 1
4018 9467 4
4018 8907 1
4054 9937 1
4073 9077 1
4073 9385 4
4073 8790 7
4073 9195 13
4073 9215 3
4073 8722 25
4073 9123 2
4073 9978 1
4076 8633 1
4076 9336 1
4091 8840 2
4091 9265 1
4091 9521 1
4093 9307 1
4098 8998 1
4098 8660 1
4098 9801 1
4125 9614 1
4125 9738 4
4125 9227 2
4139 9768 4
4139 9637 1
4139 9416 3
4139 9549 1
4139 8625 1
4139 9351 1
4139 9820 2
4139 9877 1
4145 9941 8
4166 9974 1
4166 8920 4
4166 9282 1
4166 9818 1
4166 9642 1
4173 8602 1
4173 9168 3
4173 9793 1
4174 9768 1
4174 9234 4
4174 9090 1
4174 9265 1
4174 9934 2
4174 9226 1
4174 9323 1
4174 9688 1
4178 9510 1
4178 9455 6
4180 8705 8
4180 8656 1
4180 9537 3
4180 9169 3
4180 8725 1
4187 9676 1
4187 8562 1
4187 8706 19
4187 8771 1
4187 8784 2
4187 9514 1
4233 9800 2
4233 8746 2
4235 9942 2
4235 9823 1
4235 9259 1
4235 9296 1
4235 9904 1
4235 8639 2
4235 9993 1
4243 9434 1
4255 9056 3
4255 9614 1
4261 8608 1
4261 9098 1
4261 9826 7
4274 8811 1
4274 9617 1
4274 9461 2
4274 8951 1
4274 9267 1
4287 9876 1
4287 9542 2
4287 8564 1
4287 8667 7
4287 8982 1
4298 8693 1
4298 9070 1
4298 9119 1
4299 9186 1
4299 9105 1
4299 8825 1
4299 8861 1
4299 9437 2
4302 8788 1
4302 8775 1
4318 9249 1
4318 9495 1
4318 9502 3
4318 8990 1
4318 8625 1
4318 9147 18
4318 9608 3
4321 9707 1
4321 9793 2
4321 9188 3
4321 9217 1
4321 8595 1
4321 9162 2
4321 9430 2
4324 9127 1
4324 8660 21
4332 8930 1
4332 8685 3
4350 9797 1
4364 9262 1
4364 8663 1
4366 9741 25
4366 9973 1
4381 9124 3
4381 9014 5
4381 9530 3
4381 9761 1
4382 8730 1
4382 9419 1
4382 8889 1
4382 8708 5
4394 9090 1
4394 8907 1
4394 9536 8
4394 9429 1
4394 9580 1
4405 9866 1
4405 8675 34
4441 9120 1
4441 9930 1
4441 8953 14
4441 9156 2
4441 9856 3
4441 8632 1
4441 9434 1
4441 8704 5
4461 9273 1
4461 9851 1
4461 8938 1
4461 8965 1
4461 9848 2
4461 9906 1
4461 8782 1
4461 9474 5
4483 9375 2
4483 8645 2
4483 9473 1
4491 9071 6
4491 8749 1
4491 9266 1
4491 9380 1
4491 9544 2
4503 8898 2
4503 8772 1
4503 8920 1
4503 8566 1
4503 9178 8
4503 8718 1
4503 8979 1
4510 9845 1
4510 9507 1
4517 9961 1
4517 9983 2
4517 9976 8
4517 9996 4
4517 9753 2
4523 9269 1
4553 9982 1
4553 9978 7
4553 9533 1
4553 9917 1
4555 9222 8
4555 9094 16
4562 8581 6
4562 8573 1
4562 9477 5
4576 9522 1
4585 9917 1
4585 9640 1
4585 9574 2
4593 8781 1
4593 9929 1
4596 9014 1
4596 9455 1
4615 9460 1
4615 8739 27
4615 9277 1
4615 9257 2
4617 9637 1
4617 8917 1
4627 9950 6
4627 9151 1
4627 9944 5
4638 9012 1
4638 8902 3
4647 9414 1
4647 9134 3
4647 8670 200
4647 9194 1
4647 9054 4
4647 8763 4
4647 8796 1
4647 9457 2
4649 9284 1
4649 9005 1
4649 8761 1
4649 9389 2
4657 9877 3
4657 9617 7
4657 9177 1
4657 8655 6
4657 9012 1
4695 9028 110
4695 8948 14
4721 9075 2
4721 8670 1
4721 9143 1
4721 9784 1
4726 9809 2
4739 8603 2
4739 9577 1
4739 9589 3
4748 9830 2
4748 9074 4
4755 9966 1
4755 9148 1
4758 9005 1
4758 9697 1
4758 9071 1
4766 9687 1
4769 9190 3
4769 8806 1
4769 9484 1
4807 9652 3
4807 9851 1
4807 8781 1
4807 9383 2
4818 9911 3
4818 9138 1
4841 9692 1
4841 9000 1
4841 9321 1
4841 8897 1
4841 9228 1
4841 9160 3
4841 9227 1
4843 8598 1
4843 9034 1
4843 9358 1
4843 8785 2
4843 9100 1
4844 9148 1
4844 9105 1
4844 8911 1
4844 9689 1
4844 9855 1
4855 9028 1
4855 8605 2
4869 9729 1
4869 8815 2
4869 8828 2
4876 8663 1
4876 9935 1
4876 9261 1
4876 9314 1
4876 9577 1
4877 9475 2
4877 9560 1
4877 8656 1
4877 9341 2
4878 9918 1
4878 8791 1
4881 9568 9
4881 9059 3
4881 9416 2
4881 8904 1
4882 9797 2
4882 8897 1
4882 9375 1
4904 9894 1
4904 8668 1
4912 9748 3
4912 8564 2
4912 9655 1
4912 9973 1
4912 9121 5
4912 9188 1
4912 9269 3
4940 9575 1
4940 8815 1
4940 9831 5
4987 8948 1
4987 8644 8
4987 9132 5
4987 9551 2
4987 8800 1
4987 8977 2
4987 9443 1
4991 8698 1
4991 9094 1
4991 9062 2
4991 9115 1
4991 8735 2
4991 9196 1
4991 9936 3
4999 9291 1
4999 9419 1
4999 9934 1
5011 9378 1
5011 8876 1
5011 9387 4
5011 9704 1
5011 8636 1
5011 9208 2
5015 9372 6
5015 8866 1
5015 9318 1
5015 9653 1
5015 9399 1
5035 9104 5
5035 9495 2
5035 9879 1
5035 8721 1
5035 9926 1
5055 8747 1
5055 9528 16
5055 8819 2
5068 8644 3
5068 9135 1
5068 8598 35
5068 9758 1
5068 9905 14
5079 8888 3
5079 9888 1
5121 9048 2
5121 9090 1
5132 9324 5
5132 9289 1
5132 9299 1
5132 9677 2
5132 9688 4
5132 9950 17
5132 9825 1
5138 9944 2
5138 8712 1
5152 9884 3
5158 8812 1
5158 9135 9
5158 9149 1
5158 8749 2
5162 9636 3
5162 9634 3
5162 9724 3
5162 9378 59
5162 9485 1
5172 9422 2
5172 9710 1
5172 9818 2
5177 8610 1
5177 8923 1
5177 9325 1
5177 9529 8
5179 9581 1
5179 8706 6
5179 8800 1
5179 9207 3
5188 9123 1
5188 9495 1
5188 9950 1
5188 9221 1
5188 9382 2
5192 9101 1
5201 9980 1
5201 9314 1
5201 9579 2
5201 9834 1
5201 9993 1
5202 9694 1
5202 8793 7
5202 9218 1
5203 9580 4
5203 8788 1
5213 9172 1
5213 9843 3
5213 9286 2
5228 8687 1
5228 8902 1
5229 9005 4
5229 9024 3
5229 9732 10
5230 9571 2
5230 9567 2
5230 9632 1
5230 8595 1
5230 9423 1
5237 9195 12
5237 9793 13
5261 9715 31
5261 9064 3
5261 9516 76
5261 9311 1
5273 8574 1
5273 9134 1
5273 9766 8
5293 9092 1
5294 9630 1
5294 9183 1
5302 9634 3
5302 9592 1
5302 8861 3
5302 8958 1
5302 9146 2
5302 9964 1
5302 8760 2
5316 9279 1
5316 8811 1
5316 9768 9
5336 9040 4
5336 8831 6
5352 8854 1
5352 8917 2
5352 8722 12
5352 9803 1
5357 8848 1
5357 9756 1
5357 9238 1
5357 9573 1
5358 9777 1
5358 8651 1
5358 9293 11
5358 9632 1
5360 9465 2
5360 9728 1
5369 9352 1
5369 8606 1
5370 8991 2
5370 9182 1
5370 9902 1
5370 9918 1
5392 8588 1
5392 9628 2
5392 9772 2
5392 9802 1
5401 9072 1
5401 9499 1
5411 8872 2
5411 8991 2
5411 9120 2
5411 8918 1
5411 9890 1
5439 9521 1
5439 9416 2
5445 9820 2
5445 8943 1
5445 8995 2
5445 9009 1
5445 9296 1
5447 8662 1
5447 9710 1
5447 9814 2
5447 9983 1
5447 8607 4
5447 9583 1
5447 9719 5
5447 9062 7
5447 9905 1
5447 9027 1
5466 9046 2
5466 9091 1
5466 8786 3
5466 9808 3
5466 9587 1
5480 8680 1
5480 9546 2
5486 9802 6
5486 8995 21
5511 9079 112
5511 9659 1
5511 9539 7
5511 8577 3
5511 9809 1
5514 9278 1
5514 9094 2
5514 9246 1
5530 9626 1
5530 9010 1
5530 9286 4
5530 9371 4
5542 8916 1
5542 9032 2
5542 9539 1
5543 9789 1
5543 9989 2
5553 9825 6
5553 8801 2
5553 9459 1
5553 9754 1
5553 9810 3
5553 9980 4
5553 9813 5
5553 9846 5
5558 8867 1
5558 8842 94
5567 9170 4
5567 8770 1
5567 9323 2
5567 9417 2
5571 8970 1
5571 9079 1
5571 9483 2
5571 9634 1
5571 8584 1
5574 9434 1
5574 9857 1
5574 9153 1
5589 8816 1
5589 9027 6
5592 9377 5
5592 9956 1
5592 9543 5
5613 8683 1
5619 9274 1
5619 9973 1
5619 9533 1
5619 9891 2
5643 9312 1
5643 9237 1
5643 9294 3
5643 9384 1
5645 9140 12
5645 9323 1
5645 9426 1
5645 9767 1
5645 9899 6
5645 9937 1
5645 8916 2
5645 9503 4
5650 9332 3
5650 9152 15
5650 9523 3
5670 9808 73
5696 9072 1
5696 9559 1
5696 8840 1
5696 9403 2
5696 9878 1
5720 9313 2
5720 8781 1
5720 8945 1
5725 9488 1
5725 9191 2
5741 8654 1
5747 9289 1
5749 9811 1
5749 9031 1
5757 8832 2
5757 9426 2
5757 9114 1
5766 9739 1
5767 9399 1
5767 9705 1
5788 9323 2
5788 8730 2
5788 8938 1
5788 9365 1
5788 9647 4
5788 9726 1
5789 9008 2
5789 9518 1
5789 9184 1
5796 8575 1
5796 8685 3
5796 9495 1
5796 9805 1
5796 9517 59
5796 9964 1
5796 9595 2
5796 9810 1
5796 8914 2
5796 8866 1
5805 9858 2
5805 9128 1
5805 9196 1
5805 9747 1
5825 9489 7
5825 8588 9
5825 9414 1
5827 8980 4
5827 8564 1
5828 9991 3
5828 9237 1
5828 9355 1
5843 9023 1
5843 9372 4
5843 8694 1
5843 9510 6
5844 9167 1
5844 9489 1
5844 9981 1
5853 8689 1
5853 9560 7
5853 8581 1
5853 9259 2
5853 9309 1
5853 9509 2
5853 9870 1
5853 9912 3
5859 8837 1
5859 9427 1
5859 8567 1
5859 9756 1
5867 8788 1
5867 9709 1
5886 9690 3
5886 8719 2
5886 9054 1
5886 9297 1
5891 8952 4
5891 9975 4
5891 9597 1
5891 9485 2
5895 8919 5
5900 8796 2
5900 8953 1
5900 9379 1
5914 9507 1
5914 9996 1
5914 9568 1
5914 9308 1
5914 9705 12
5914 9960 1
5914 9016 2
5918 9425 1
5918 8743 1
5918 9660 22
5920 9149 1
5920 8966 2
5920 9239 1
5926 8745 7
5926 9697 2
5926 8841 17
5926 8605 1
5928 8858 1
5928 9309 2
5928 8830 1
5928 8967 3
5956 9429 1
5956 9453 5
5965 9427 2
5965 9223 2
5965 9720 2
5974 9997 20
5974 8773 2
5974 8966 1
5974 9595 1
5989 8911 1
5989 9884 4
6009 8816 15
6009 9291 2
6033 9134 2
6033 9415 1
6035 9104 2
6035 8817 1
6035 9250 1
6035 9618 3
6035 8620 3
6035 9570 1
6035 9805 3
6047 9612 1
6047 8608 1
6047 8730 3
6052 9162 1
6052 9710 35
6052 9311 1
6052 9329 1
6052 9354 3
6052 9727 2
6057 8584 1
6057 9575 10
6059 9928 9
6059 9107 12
6059 9355 2
6059 9584 1
6063 9023 1
6063 8644 1
6063 9185 2
6088 8687 10
6088 8834 1
6088 9888 1
6088 9910 1
6088 9258 2
6091 9509 3
6091 9977 14
6101 8986 1
6101 9623 1
6133 9156 1
6133 9986 1
6146 8952 1
6146 8777 1
6146 8858 1
6146 9623 2
6147 8851 1
6153 9095 1
6153 9613 1
6154 8716 1
6161 8698 1
6161 8986 7
6161 9352 35
6161 8895 1
6161 9263 2
6161 9763 17
6174 9419 1
6174 9802 1
6174 8994 1
6185 9803 1
6185 9912 2
6185 9108 1
6187 9127 1
6187 8777 1
6187 9810 1
6187 9418 1
6187 8824 1
6193 8605 1
6193 9250 3
6193 9056 3
6193 8904 4
6193 9917 1
6193 9151 54
6193 9338 7
6193 8820 1
6193 9615 2
6200 9144 1
6200 9772 2
6200 8980 1
6200 9312 2
6209 8685 2
6209 9993 1
6209 9506 67
6209 9481 2
6224 9586 1
6224 9474 2
6224 9546 1
6226 9381 1
6226 9229 1
6226 9991 1
6226 9917 7
6226 9361 6
6242 8979 1
6242 9337 3
6242 9260 2
6242 9754 1
6249 9338 1
6249 8591 1
6258 8828 1
6258 9132 1
6258 9822 1
6263 9238 12
6263 9517 1
6263 8798 1
6273 9385 1
6273 9266 1
6273 8594 1
6273 9224 1
6275 8740 1
6275 8778 7
6277 9905 1
6283 8905 1
6283 9057 1
6283 9477 1
6293 8628 2
6293 9261 1
6293 9418 1
6301 9399 1
6301 8712 1
6301 9605 3
6301 8636 8
6301 9655 1
6301 9578 1
6304 8909 1
6304 9426 1
6304 9007 1
6304 9666 1
6304 9915 1
6306 9671 4
6306 9379 1
6306 9803 1
6308 9691 1
6318 9866 1
6318 8842 5
6318 9584 4
6318 9928 1
6318 9967 1
6318 9400 1
6318 9467 1
6322 9762 1
6322 9220 1
6322 9444 1
6348 9196 2
6348 9946 1
6348 9812 1
6348 8756 1
6348 9577 4
6348 9860 1
6348 9227 151
6348 8693 1
6348 9975 1
6350 8647 2
6350 9400 1
6350 9337 1
6351 9240 23
6351 9848 5
6357 8602 1
6357 9729 1
6357 8653 1
6357 8599 2
6357 9878 1
6357 8710 1
6357 9522 1
6357 9948 2
6359 9264 1
6359 8899 8
6359 9138 1
6359 9483 6
6386 8817 1
6419 9113 7
6419 9579 1
6422 8575 1
6422 9201 1
6422 9229 3
6431 9467 1
6431 8573 1
6431 8894 2
6431 8918 1
6448 9455 1
6448 8670 1
6448 8653 2
6448 8709 1
6448 8582 2
6448 8772 3
6448 8775 1
6461 8656 2
6461 9091 9
6461 8707 51
6461 8745 3
6461 9938 1
6461 8703 2
6461 9336 1
6461 9777 2
6477 8619 1
6477 9619 4
6495 9248 1
6498 9978 2
6501 9154 1
6501 9626 2
6501 8635 1
6501 9709 1
6501 9762 2
6501 8934 1
6501 9587 1
6514 9880 4
6520 9939 3
6520 8573 4
6522 9901 18
6522 8786 4
6522 9991 1
6527 9121 1
6527 9399 1
6527 9072 1
6527 9427 1
6529 9724 1
6529 9064 1
6529 9500 2
6529 9755 2
6529 9491 9
6529 8615 1
6529 8913 1
6529 8703 1
6531 9238 2
6531 8745 2
6531 9217 1
6531 9710 1
6548 9691 2
6548 8687 1
6548 8930 1
6548 9967 48
6558 9910 1
6558 9693 1
6558 8805 1
6558 8831 1
6558 9092 1
6558 8781 3
6558 9240 1
6558 9384 2
6558 9747 5
6558 9756 1
6558 9778 1
6558 9696 3
6567 8577 1
6567 9207 1
6567 8979 1
6567 8971 1
6571 8729 1
6571 9270 1
6585 8601 4
6585 9129 1
6585 8881 2
6585 8993 2
6585 9276 1
6585 9517 1
6591 9380 1
6591 8602 1
6591 8779 1
6591 9694 1
6591 9823 3
6597 8923 1
6597 9902 2
6597 9366 7
6597 9605 4
6597 8695 2
6612 9194 1
6622 9794 1
6623 9529 2
6623 9375 1
6623 9767 3
6623 8864 19
6623 8788 16
6627 8722 5
6627 9444 3
6627 9660 1
6627 9658 3
6627 9574 1
6627 9838 1
6639 9054 1
6639 8801 1
6639 9042 2
6639 9408 1
6639 8669 1
6639 9212 1
6639 9985 1
6653 9989 1
6653 9368 1
6656 8680 1
6656 9388 4
6674 9966 1
6674 9082 1
6674 9122 1
6684 9758 9
6684 9270 1
6684 9808 1
6687 8911 1
6687 9383 3
6701 9693 1
6701 9222 5
6701 9310 1
6715 8824 1
6715 9060 4
6715 9502 1
6737 9895 39
6737 9693 1
6737 9797 1
6754 9797 3
6754 8858 1
6758 9971 1
6758 9858 1
6759 9679 2
6759 9249 1
6759 9476 1
6759 8708 1
6759 9698 1
6759 8735 1
6760 9122 1
6760 9208 2
6760 9666 3
6760 9057 1
6760 8668 1
6760 9191 1
6760 8583 1
6760 8847 1
6763 8904 1
6763 9370 1
6763 8603 1
6764 9405 7
6764 9500 1
6767 9577 1
6767 9675 1
6767 9902 50
6776 9471 13
6776 8959 7
6777 9191 1
6777 8655 1
6777 9008 1
6780 8766 1
6780 9749 2
6780 9991 1
6780 9525 1
6780 9541 4
6786 9989 4
6786 9163 1
6786 9446 1
6788 9557 2
6788 9675 1
6788 9522 1
6788 9952 1
6802 9531 3
6802 8601 5
6802 9615 1
6802 9879 2
6806 9366 1
6806 9354 1
6806 8982 5
6806 9551 20
6806 9652 1
6843 9830 1
6843 8610 3
6843 9580 3
6843 9159 14
6843 9372 1
6843 9598 60
6858 9502 2
6858 9640 9
6858 8811 1
6858 9725 1
6879 8583 1
6893 9400 1
6893 8898 2
6893 9683 2
6893 9896 1
6893 9234 3
6898 9284 1
6898 9394 1
6903 9086 2
6903 9707 1
6903 9274 2
6903 9328 2
6903 9968 1
6913 9601 1
6913 9734 1
6936 8708 1
6936 9902 6
6936 8919 4
6936 9341 10
6950 9693 3
6950 8783 1
6950 9449 2
6966 9634 1
6966 8707 1
6966 9317 1
6976 9030 1
6976 9724 1
6976 9907 1
6985 8896 4
6985 8740 1
6985 9040 1
6985 9352 2
6996 9021 1
6996 9679 1
7013 9320 17
7013 8821 1
7013 8575 1
7013 9332 1
7027 9014 3
7027 8829 1
7027 8902 3
7027 8922 4
7027 9825 1
7027 9641 1
7061 9089 18
7061 9842 4
7076 8580 1
7078 9397 3
7078 9811 4
7097 9310 2
7097 8584 1
7097 9236 1
7097 9597 1
7123 9616 1
7137 9360 1
7137 8784 1
7137 9433 2
7140 9106 3
7140 9073 1
7140 9321 1
7152 9941 1
7152 8622 2
7152 8816 1
7158 9014 3
7158 9395 1
7158 8876 2
7158 9029 175
7164 8852 1
7164 9614 1
7164 9395 1
7164 8785 2
7164 8694 5
7164 9726 1
7164 8897 1
7164 9186 1
7164 9216 1
7164 9776 4
7210 8626 1
7210 9565 2
7210 8941 1
7210 9102 1
7218 8731 1
7218 8602 1
7218 8710 5
7218 9866 1
7218 9488 1
7218 9772 3
7218 9703 6
7219 9197 1
7219 9151 1
7219 9066 4
7219 9535 1
7223 9658 1
7223 8705 1
7223 8743 101
7223 9156 1
7223 9964 1
7223 9996 1
7227 9212 6
7247 8732 2
7247 9155 1
7250 9936 1
7250 8761 4
7250 8738 1
7277 8852 1
7277 9811 5
7282 8972 2
7282 8745 1
7282 9161 3
7282 9193 1
7282 9535 1
7282 9091 1
7282 8916 1
7284 8847 3
7284 9588 1
7284 9327 1
7284 9134 1
7284 8570 1
7290 9358 1
7290 9066 1
7290 9346 5
7290 8647 3
7290 8864 5
7290 9065 4
7290 9219 2
7292 9708 1
7292 9030 1
7293 9670 2
7293 9696 2
7293 9192 1
7293 9831 1
7293 8762 1
7293 9086 1
7293 9257 1
7293 8994 3
7293 9528 1
7293 9735 1
7293 9791 2
7294 9564 5
7314 9481 1
7314 9396 1
7314 9665 1
7327 9115 1
7327 8724 2
7327 9545 3
7344 8738 1
7344 8819 4
7350 9680 1
7350 8760 1
7350 9597 1
7350 8755 1
7350 9488 105
7357 8654 1
7357 9647 1
7357 9670 6
7377 9090 1
7380 9591 41
7380 8582 1
7380 9321 1
7380 9913 2
7380 9516 1
7393 9307 1
7393 8623 4
7393 8830 1
7407 9106 8
7407 9279 1
7407 9625 1
7407 9778 53
7409 9652 23
7409 9190 1
7417 9704 1
7417 8684 4
7417 8740 1
7417 9005 1
7417 9110 4
7417 9661 3
7431 9309 4
7431 8593 1
7431 9848 1
7431 9571 1
7431 8607 1
7431 9783 1
7431 9897 12
7438 9587 1
7438 9335 1
7438 9769 1
7438 9960 1
7461 9403 10
7461 9284 4
7461 9046 1
7461 9509 1
7461 9947 5
7475 9282 1
7475 9495 2
7475 8586 2
7478 9671 1
7478 9881 1
7481 8867 5
7481 8770 2
7481 9960 1
7481 9664 1
7486 9636 1
7486 9794 1
7491 9302 1
7491 9492 1
7491 9929 1
7496 9811 2
7496 9430 2
7496 9545 1
7496 9956 2
7496 8655 2
7496 9182 2
7497 9486 1
7497 9279 1
7497 9720 2
7497 9110 1
7497 9154 2
7497 9600 1
7533 9891 1
7533 9491 1
7551 9293 2
7551 9473 1
7553 9167 1
7553 8640 2
7553 9108 18
7553 9159 1
7553 9098 1
7553 9391 17
7553 9010 4
7554 9845 1
7554 8741 6
7554 9496 1
7567 9272 1
7567 9786 1
7567 9450 1
7571 9890 3
7571 8854 3
7573 9791 1
7573 8837 60
7573 9127 3
7576 9294 1
7576 9766 1
7592 9634 1
7592 8910 1
7592 8988 115
7593 8645 1
7593 9814 1
7595 8842 7
7595 9628 2
7595 8895 2
7603 8740 10
7603 9707 1
7603 8582 1
7603 8929 2
7609 9553 2
7609 8724 3
7609 9479 1
7609 9078 1
7609 9659 5
7625 9064 1
7626 9317 2
7626 9383 1
7633 9340 1
7633 9606 1
7633 9698 1
7633 9407 2
7633 8638 1
7633 8598 6
7633 9001 1
7633 9774 1
7635 8794 6
7635 8739 1
7635 9585 3
7635 9866 1
7644 9480 1
7644 8707 1
7644 8634 2
7644 8906 1
7644 8888 3
7659 9016 1
7659 9024 1
7682 9653 1
7685 8793 4
7685 8827 1
7693 9344 3
7693 9399 9
7693 9579 2
7693 9246 1
7693 9068 20
7707 9437 2
7707 9262 1
7707 9393 1
7707 9062 10
7732 9190 4
7732 8603 1
7779 9568 6
7779 9246 1
7779 9197 1
7779 8985 1
7779 9618 1
7784 8840 2
7784 9268 1
7784 9166 5
7784 9616 1
7784 9941 1
7791 9566 1
7791 9393 1
7791 9952 1
7794 9591 1
7794 9565 7
7794 9767 1
7801 8828 2
7801 9652 2
7801 8743 3
7801 9144 1
7801 9874 1
7801 9531 15
7801 9834 5
7820 8635 1
7820 9031 1
7820 9097 1
7820 8867 1
7820 9249 1
7832 9450 1
7832 8848 2
7833 9930 1
7833 9073 1
7833 9227 1
7833 9643 1
7833 9657 1
7833 9669 2
7865 9485 1
7865 9268 9
7869 8689 1
7869 9274 1
7870 9140 1
7870 9235 2
7870 9813 1
7886 8922 1
7886 9425 9
7892 8875 1
7892 9637 1
7892 9708 1
7895 9663 1
7895 8970 1
7895 9060 1
7895 9596 1
7923 8790 1
7923 9758 30
7923 9108 2
7923 9261 1
7923 8896 5
7923 9097 1
7923 9782 1
7923 8663 7
7923 9476 5
7923 9426 1
7923 9723 200
7923 9781 1
7926 8845 1
7929 9137 1
7929 9802 2
7929 9159 200
7929 9966 1
7929 9028 2
7962 9267 1
7968 9910 11
7968 9782 1
7968 9166 1
7968 9132 2
7979 9496 1
7979 9426 1
7979 8591 1
7979 9443 1
7989 9723 1
8008 8732 1
8008 9103 1
8010 9660 3
8010 8796 1
8010 9258 1
8010 9397 1
8010 9979 1
8025 8793 1
8025 8756 1
8064 9879 2
8064 8906 1
8064 9644 96
8070 9042 5
8070 8971 1
8070 9302 1
8098 8864 1
8098 9017 12
8098 9791 1
8098 9672 1
8098 9053 1
8098 9332 2
8098 9859 1
8098 8825 7
8098 8990 3
8098 9588 1
8107 9595 123
8107 8816 1
8107 9738 2
8111 9898 1
8111 9014 1
8111 9175 1
8111 9793 11
8111 9976 1
8111 8775 7
8111 8896 2
8111 9217 1
8111 9079 2
8112 8969 1
8112 9859 12
8112 9160 2
8112 9499 1
8114 9606 23
8114 8823 1
8124 9728 1
8124 8756 5
8124 9899 1
8124 8762 2
8140 8938 1
8140 9232 1
8140 9440 2
8140 9843 3
8146 9586 12
8146 9150 1
8146 9250 4
8192 9263 1
8203 9423 1
8203 9838 1
8203 9017 1
8203 9764 11
8203 9395 2
8203 9827 1
8203 9931 1
8239 9479 4
8239 9208 1
8239 9663 8
8239 9732 1
8239 9822 1
8239 8695 1
8239 9172 1
8239 9649 9
8279 9975 1
8279 9056 1
8279 8575 1
8279 9631 1
8293 9484 1
8293 8820 3
8293 8701 3
8297 9716 1
8297 9551 1
8297 9062 3
8297 9502 3
8297 9709 2
8300 9769 1
8300 9392 1
8322 9130 1
8322 9291 4
8322 9984 4
8322 8973 1
8322 9497 5
8329 8730 1
8329 8851 1
8329 8913 1
8331 8995 1
8331 9553 1
8331 9805 1
8343 9974 1
8343 8910 1
8343 9193 6
8343 9305 4
8343 9598 1
8349 9421 1
8353 8635 1
8353 9944 1
8353 8572 1
8353 9258 1
8356 9277 1
8356 9388 3
8356 8889 11
8356 9346 2
8361 9134 2
8361 9231 3
8361 9481 1
8361 8945 2
8361 8998 1
8371 9523 1
8371 9169 6
8371 9937 1
8373 9166 1
8379 8986 1
8379 8662 1
8379 8782 2
8390 9680 1
8390 8931 1
8390 9569 2
8390 9634 1
8408 9414 2
8408 9108 3
8408 8626 1
8408 9478 1
8408 9519 1
8413 9431 2
8413 9387 13
8413 9042 1
8413 8608 1
8413 9504 1
8442 9216 5
8442 9213 3
8442 8599 1
8442 9122 4
8443 9528 1
8443 9859 1
8445 9415 1
8445 8702 1
8445 9115 1
8445 9314 2
8445 8974 3
8445 9000 1
8468 9889 1
8514 9796 1
8514 9496 3
8514 9162 1
8514 8867 1
8514 9430 1
8514 9466 1
8514 8767 2
8514 9924 6
8529 9364 1
8529 9780 7
8530 8988 1
8530 9229 1
8530 8771 2
8530 9378 1
8533 9889 13
8533 9308 7
8535 9974 1
8535 8779 3
8537 9492 7
8538 8725 1
8538 8649 1
8538 9596 1
8538 9676 1
8538 9769 2
8538 9324 3
8538 9663 21
8539 9984 2
8539 8770 1
8542 8747 1
8547 9769 1
8547 9957 1
8547 9216 2
8547 9746 1
8547 9786 1
8548 8781 2
8549 8797 2
8549 8718 5
8549 8703 1
8549 8940 1
8549 9404 1
8549 9930 2
8552 9910 1
8553 9906 6
8554 9453 1
8554 9023 1
8554 9283 1
8554 9808 5
8558 9627 1
8558 9161 1
8562 8856 3
8563 9830 1
8563 9368 1
8563 9479 1
8563 9611 2
8563 9834 1
8563 9606 55
8565 9414 1
8565 8857 1
8565 9458 1
8565 9547 2
8566 8690 1
8567 9742 7
8569 8656 3
8569 8948 1
8573 8955 3
8574 8955 1
8576 9288 2
8576 9384 5
8576 8905 1
8578 8752 5
8579 9457 6
8579 8689 3
8579 9876 6
8579 9976 3
8580 8963 2
8580 8833 1
8581 8759 12
8582 8621 1
8583 8664 2
8584 8612 6
8587 9418 2
8587 8731 1
8587 9481 2
8587 9858 3
8587 9042 1
8588 8844 3
8588 8915 8
8589 9703 2
8589 9195 3
8591 8912 3
8592 9894 3
8592 8633 1
8592 9546 1
8592 9431 1
8592 9670 1
8593 9951 19
8593 8975 2
8595 8658 2
8596 9909 2
8597 8688 3
8597 8613 1
8597 8865 3
8598 9111 1
8599 8999 2
8599 8855 1
8600 9664 1
8600 9415 1
8600 8709 1
8601 8677 1
8601 8856 2
8602 8949 1
8603 8879 1
8603 8946 2
8609 9783 1
8609 8817 1
8609 9835 1
8610 8688 3
8610 8950 2
8611 9443 1
8611 9068 1
8612 8627 3
8612 9032 2
8612 9053 1
8612 9120 1
8612 9230 1
8613 8793 1
8613 9045 1
8613 8981 2
8613 9576 7
8613 9626 1
8614 9795 1
8614 8678 1
8615 9951 2
8615 8666 10
8615 8884 2
8616 8898 1
8616 8929 4
8618 9458 1
8618 9083 141
8618 9678 2
8620 8808 2
8621 9961 2
8621 9329 1
8621 9688 2
8621 9880 1
8624 8653 1
8624 9017 1
8624 9344 1
8627 9854 1
8628 8768 1
8628 9350 1
8630 8918 5
8630 9124 14
8630 9546 1
8630 9940 1
8631 8927 1
8632 9482 1
8632 8682 1
8632 9052 3
8635 8676 1
8637 9814 1
8637 9305 2
8638 8737 2
8639 9350 2
8641 9057 1
8641 9750 1
8641 9583 2
8641 9613 1
8641 9811 2
8641 8903 1
8642 9213 1
8642 9647 2
8642 9734 5
8643 8947 1
8645 8733 2
8646 8845 1
8646 8715 1
8648 9878 1
8648 8653 2
8648 9800 2
8649 9445 1
8650 8992 1
8652 9368 1
8652 9437 1
8652 9295 1
8652 9772 2
8652 9128 2
8652 9289 1
8657 9835 2
8658 9442 2
8658 9694 1
8659 9535 2
8659 9716 1
8659 9924 1
8660 9176 1
8660 8711 1
8661 9444 1
8661 9764 1
8664 9716 1
8664 9886 1
8664 9040 2
8664 9377 1
8664 9425 1
8664 8788 16
8664 8821 1
8664 9930 1
8664 9389 1
8665 8974 3
8665 9620 1
8665 9743 1
8666 9822 54
8666 9720 1
8666 9279 1
8666 8724 4
8667 9745 1
8668 8955 2
8671 8902 1
8672 8910 26
8672 9877 2
8672 9172 1
8672 9817 1
8673 8806 10
8674 9706 1
8674 9590 1
8674 9408 1
8676 9983 1
8676 9265 29
8676 9688 1
8676 9048 1
8676 9301 1
8676 9422 4
8677 9759 1
8677 8790 2
8677 9529 2
8677 9997 1
8678 8894 29
8678 9270 1
8678 9957 1
8678 9084 14
8678 9254 1
8678 8693 1
8679 8879 1
8679 8835 2
8679 8799 4
8681 9961 1
8681 9636 2
8681 8805 1
8681 9618 1
8681 8880 1
8681 9888 1
8681 9076 1
8682 9455 3
8682 9166 1
8682 9727 1
8682 8785 1
8682 9267 1
8682 9982 1
8682 8712 1
8682 9153 1
8683 8836 2
8683 8728 1
8685 8942 1
8686 9129 1
8687 9445 2
8688 9100 1
8688 8741 1
8688 9442 1
8688 9050 1
8688 9219 1
8688 9467 1
8689 8955 4
8690 9042 1
8690 9504 1
8690 9194 4
8690 9478 1
8690 8766 4
8690 9581 1
8691 9596 3
8691 9521 5
8691 9707 1
8691 8797 5
8691 9144 1
8696 9106 1
8697 9396 1
8698 9111 1
8698 9179 1
8699 9904 1
8699 9228 36
8699 9981 1
8699 8923 1
8699 9082 1
8703 9742 6
8704 9900 1
8704 8968 1
8704 8757 1
8711 9106 1
8711 9523 1
8711 8909 10
8711 9601 1
8713 8885 3
8714 8908 1
8714 9222 2
8714 9715 1
8714 8758 1
8714 9510 1
8714 9823 1
8714 9928 3
8717 9709 1
8718 8859 3
8719 8924 1
8720 9214 14
8720 9130 4
8720 8914 2
8720 8991 2
8720 9725 5
8720 9783 1
8720 9050 1
8720 9255 2
8720 9961 1
8720 9880 34
8723 9422 2
8723 8801 1
8726 9677 11
8726 8849 1
8726 9254 1
8726 9507 1
8726 8822 1
8727 9535 1
8727 8919 2
8727 9668 1
8728 8945 1
8728 9301 1
8728 9114 1
8728 9282 5
8733 9548 1
8733 9278 1
8734 8989 1
8736 9194 1
8736 8766 2
8736 9439 1
8736 8800 1
8736 9382 2
8736 9365 6
8737 9297 2
8737 9589 1
8737 9433 2
8737 9848 2
8742 9657 1
8746 8792 1
8748 9683 1
8748 9955 1
8748 9399 1
8749 8792 2
8750 8909 3
8750 9288 3
8751 9554 2
8752 9162 1
8752 8784 1
8752 9364 4
8753 9723 1
8754 9771 1
8754 9610 1
8756 9987 1
8756 8878 14
8757 8762 1
8757 8982 1
8757 8824 1
8757 8837 4
8757 9657 1
8757 9352 1
8758 8871 2
8759 9336 1
8763 9176 2
8764 9309 1
8764 9225 1
8765 9146 1
8765 9811 1
8765 9994 3
8766 8871 1
8768 9284 2
8768 9671 79
8769 8823 9
8769 8862 1
8772 8863 6
8773 9139 1
8774 9432 10
8774 9017 1
8774 9530 2
8774 8991 1
8775 8932 2
8776 9209 3
8776 9030 1
8777 8892 4
8779 9035 1
8779 9795 1
8783 8843 1
8785 9722 2
8786 8893 1
8787 9967 1
8787 8834 1
8787 9160 1
8789 9220 1
8789 9608 5
8789 9879 1
8789 9407 4
8792 8853 1
8795 8904 1
8795 8845 29
8795 9095 1
8795 9898 3
8795 9961 1
8797 8860 1
8800 9713 1
8801 8892 2
8801 8964 3
8803 8995 1
8803 9231 2
8804 9499 1
8804 9521 1
8804 9519 1
8804 9549 1
8804 9289 1
8804 9581 1
8804 9810 4
8805 8818 2
8807 9713 1
8808 8969 1
8808 9348 1
8808 8952 1
8808 9313 1
8808 9983 8
8809 9510 1
8809 9460 6
8809 9371 1
8810 9167 1
8810 9267 15
8810 9499 1
8811 8996 2
8813 9500 1
8813 9970 1
8813 8869 1
8814 8883 1
8818 9063 1
8818 9092 1
8818 9175 2
8818 9870 2
8826 9085 5
8826 9497 1
8826 9185 3
8827 9903 1
8829 9887 3
8832 9035 1
8833 9970 2
8833 8842 1
8833 9452 1
8833 9439 1
8835 8872 1
8838 9761 1
8838 9934 1
8838 9964 5
8839 9999 1
8840 9472 1
8841 9795 1
8843 9955 1
8844 9233 2
8844 9024 1
8844 8941 4
8844 8948 1
8846 9111 1
8849 9869 1
8851 8946 1
8854 8879 1
8855 9289 1
8855 9272 2
8855 8899 1
8855 8959 1
8855 9126 1
8856 8993 2
8860 9429 1
8860 9960 1
8860 9014 2
8860 9353 1
8861 8927 8
8863 9668 1
8865 9230 2
8865 9396 1
8866 9903 2
8868 9341 3
8868 8896 1
8868 8904 1
8870 9348 1
8870 9732 1
8871 9092 1
8871 9939 1
8872 9933 2
8873 9682 1
8874 9841 1
8874 9452 1
8874 9697 1
8874 9980 2
8876 8900 1
8877 9027 1
8877 9286 5
8877 9759 1
8877 9544 2
8877 9361 1
8877 9569 1
8877 9814 1
8877 9822 1
8878 9223 1
8878 9001 2
8878 9105 1
8878 9158 2
8878 9034 4
8878 9658 1
8879 9374 1
8879 9970 2
8879 9321 8
8879 9643 1
8879 9612 1
8882 9160 6
8882 9450 2
8882 9260 1
8883 9488 1
8883 9679 1
8883 9093 3
8883 9304 1
8883 9830 1
8884 9387 5
8884 9386 1
8885 9845 1
8885 8911 2
8885 9130 1
8885 9476 1
8886 9085 23
8886 9962 1
8886 9644 1
8886 9412 12
8886 9948 57
8887 9113 1
8887 9196 1
8887 9643 1
8887 9230 1
8887 9098 1
8889 9742 1
8890 9612 1
8890 9421 1
8891 9585 1
8891 9715 3
8891 9262 1
8891 9447 1
8893 9078 1
8900 9538 5
8900 9636 1
8909 9482 1
8912 9907 6
8912 9888 1
8915 8929 2
8915 9423 1
8915 9955 2
8917 9139 1
8920 9869 1
8921 8977 1
8921 9167 1
8923 9773 1
8924 9789 1
8924 9102 1
8925 9017 1
8925 9789 1
8926 9445 1
8926 9139 1
8927 9224 4
8927 8971 2
8927 9029 1
8927 9367 1
8927 9993 2
8928 9961 1
8928 8935 1
8928 9566 4
8928 9349 10
8928 9248 2
8928 9910 1
8932 8971 1
8932 9852 1
8933 9579 1
8933 9493 1
8933 9938 1
8934 9035 1
8935 9445 1
8936 9156 1
8936 9905 1
8936 9351 1
8937 8974 1
8939 9940 1
8939 9113 1
8939 9108 13
8939 9467 1
8939 9889 1
8942 9904 1
8943 8944 1
8944 9327 2
8944 8969 5
8944 9236 1
8944 9919 1
8946 9287 13
8946 9047 21
8946 9039 1
8946 9829 1
8946 9845 1
8946 9896 2
8947 9093 11
8947 9121 3
8947 9640 3
8947 9143 5
8947 9835 1
8947 9367 1
8949 8989 20
8950 9136 1
8950 9498 1
8953 9868 2
8954 9719 1
8955 8959 12
8955 9302 33
8956 9739 8
8956 9996 1
8956 9084 11
8956 9984 1
8957 9548 1
8957 9503 3
8960 9394 2
8960 9297 3
8960 9755 1
8960 9287 1
8961 9286 1
8961 9842 1
8962 9177 1
8962 9412 1
8964 9219 1
8964 9741 1
8967 9900 1
8968 9294 1
8971 9773 1
8975 9423 1
8975 9746 1
8976 9385 1
8976 9440 5
8976 9365 6
8978 9280 5
8980 9035 1
8980 9025 110
8983 9489 1
8983 9566 1
8983 9101 1
8983 9352 9
8983 9220 1
8983 9239 24
8983 9723 7
8992 9143 4
8997 9539 1
8997 9191 1
8999 9568 1
8999 9384 11
8999 9793 1
9000 9867 1
9002 9294 2
9002 9222 2
9002 9441 1
9006 9751 2
9008 9745 4
9014 9111 200
9021 9819 1
9024 9795 1
9025 9185 6
9025 9074 2
9025 9253 1
9029 9867 1
9030 9139 1
9034 9773 18
9034 9745 1
9035 9570 7
9035 9253 4
9035 9981 2
9042 9139 5
9043 9292 2
9045 9951 1
9051 9633 2
9052 9794 2
9064 9713 2
9065 9868 12
9071 9922 2
9086 9438 9
9091 9869 2
9101 9862 2
9106 9951 1
9107 9867 1
9110 9445 1
9111 9587 2
9111 9616 1
9111 9735 3
9111 9335 1
9112 9471 1
9112 9233 5
9112 9257 9
9112 9307 13
9119 9922 1
9121 9775 1
9123 9862 1
9129 9189 2
9133 9511 1
9137 9903 1
9139 9230 1
9139 9826 1
9139 9988 1
9146 9745 4
9146 9275 1
9153 9869 2
9176 9796 1
9177 9773 1
9178 9646 3
9179 9811 1
9179 9557 9
9187 9662 1
9189 9931 1
9199 9985 1
9206 9844 1
9210 9360 2
9210 9489 1
9213 9773 1
9218 9445 1
9224 9702 3
9224 9819 1
9226 9787 2
9231 9854 3
9232 9713 2
9237 9787 1
9242 9422 3
9242 9374 1
9242 9943 2
9242 9852 1
9252 9424 3
9259 9717 3
9275 9749 1
9280 9905 1
9280 9680 1
9281 9475 2
9281 9625 1
9281 9664 1
9281 9783 1
9286 9951 1
9291 9770 1
9295 9472 6
9296 9646 5
9304 9836 1
9304 9717 2
9308 9922 1
9333 9798 3
9333 9484 8
9334 9475 1
9337 9903 1
9339 9610 1
9342 9702 1
9350 9476 13
9350 9563 3
9354 9773 8
9358 9773 1
9368 9932 9
9390 9641 1
9404 9745 1
9407 9867 1
9407 9472 1
9410 9722 1
9433 9773 1
9438 9573 2
9438 9542 2
9445 9823 2
9445 9781 3
9445 9628 1
9448 9940 1
9459 9787 1
9461 9862 1
9462 9646 1
9465 9887 1
9472 9912 2
9472 9541 2
9472 9572 1
9501 9742 1
9506 9867 16
9525 9722 2
9536 9933 1
9538 9770 22
9545 9722 2
9557 9903 2
9560 9702 1
9567 9903 1
9569 9920 1
9570 9854 2
9581 9819 15
9588 9819 3
9592 9869 1
9600 9868 1
9602 9773 2
9603 9954 2
9611 9900 4
9617 9854 1
9619 9887 1
9620 9742 2
9635 9674 4
9663 9745 1
9683 9775 10
9696 9987 1
9713 9771 1
9722 9966 2
9723 9862 1
9742 9748 9
9745 9982 1
9745 9818 1
9745 9941 2
9755 9819 2
9773 9817 1
9791 9862 1
9800 9903 1
9857 9987 4
9867 9943 2
9903 9978 1
9913 9987 1
9933 9973 1
