15 8853 1
15 9503 1
15 9869 2
20 8872 1
20 8741 1
20 9425 1
20 9542 1
20 9070 2
29 9570 7
29 8562 4
29 9407 2
29 9953 7
29 8910 1
29 8939 1
29 8630 2
29 8835 2
29 8993 1
29 9917 1
34 9675 1
34 9579 1
34 9834 1
34 9872 3
34 8994 1
46 9205 4
52 8719 1
52 8866 1
52 9541 38
52 9920 1
52 8760 1
52 9322 2
52 9368 2
86 9237 1
86 9387 1
86 8808 22
86 9482 1
86 8820 1
86 9865 1
86 9009 1
108 9269 1
108 8661 3
120 8799 1
120 9581 1
120 8569 1
120 8663 2
130 9779 1
130 8910 1
141 9944 1
141 8699 1
141 9496 1
141 9814 1
148 8822 2
148 9557 3
148 9524 1
148 9376 1
148 9912 1
148 8636 1
148 9289 2
148 9768 9
163 8551 2
163 9378 1
163 8546 1
163 9393 1
163 9434 1
163 8844 1
163 8941 1
172 8818 1
177 9713 1
177 8983 2
177 9816 1
177 8839 1
177 8874 1
177 8712 1
177 8719 1
177 9332 1
177 9029 1
177 9283 3
182 8872 1
182 8903 1
182 9785 1
182 8625 1
182 9316 1
182 8792 2
182 9614 4
182 9800 1
189 9355 1
189 8653 4
194 9073 1
194 9973 1
194 9947 1
202 9640 2
202 8768 1
202 9358 1
204 9721 1
204 9888 17
204 8951 9
216 9977 1
216 8931 2
216 9708 6
224 9223 1
239 9693 1
239 9472 2
245 9819 2
245 9999 6
245 9427 1
245 9639 28
245 9886 1
265 8704 1
265 8799 2
265 9263 1
276 9300 1
276 8585 1
276 9898 1
276 9822 1
276 9889 48
276 8795 1
276 9301 1
278 9680 2
278 8808 2
278 8617 1
278 9713 3
278 9165 1
278 9420 1
278 9430 1
278 9552 1
278 9978 4
282 8653 1
282 9163 1
282 8717 1
286 9286 1
286 9389 1
286 8652 86
286 8752 1
286 8970 3
286 9497 1
286 9012 7
288 8733 1
288 9821 1
288 8783 1
288 9666 5
288 9089 1
289 9304 1
289 9224 1
289 9108 1
289 9771 2
295 9221 1
295 8728 1
295 9326 1
295 9126 1
295 9484 3
295 9338 4
309 9870 2
309 9434 1
309 9448 6
309 9173 1
309 9545 2
309 8556 3
309 9138 3
309 9432 1
321 9560 4
321 8683 2
321 9214 1
321 9853 1
321 8803 1
321 9310 3
321 8549 1
321 9590 3
380 9389 1
380 8747 2
380 8880 1
381 9371 4
381 8797 3
381 8904 1
381 8751 11
381 8822 1
381 8900 4
381 8981 5
381 9490 2
381 8629 1
381 9970 28
382 8546 1
382 9427 1
385 9057 2
385 9092 2
385 9497 1
400 8610 1
400 8773 1
400 9230 2
400 8785 1
425 9706 1
438 8652 8
438 9464 2
438 9525 1
455 8851 1
455 9309 2
455 9187 1
455 9596 1
455 8575 1
468 9212 1
468 9849 2
468 9140 1
468 9941 1
493 9138 3
493 9454 2
493 9685 1
509 8674 12
509 9296 3
509 9876 4
509 9997 1
509 9394 23
509 9146 1
514 9952 1
514 8532 1
514 9111 3
514 9884 2
514 8677 1
572 8694 2
572 9159 1
582 9071 3
582 8626 1
586 8976 2
586 9635 1
602 9919 1
602 8571 1
602 9000 16
602 9400 1
602 8667 1
602 8833 1
603 8847 1
603 9375 13
603 9493 2
603 9188 1
603 8947 200
603 9454 2
603 9928 1
603 8903 1
603 9400 2
603 9975 1
608 9409 1
608 9682 4
608 9041 1
608 8866 1
612 9470 2
612 9863 1
612 9790 11
618 9170 3
618 9228 1
621 8895 1
621 9105 2
621 8912 1
621 8597 3
621 9386 13
621 9904 1
638 9336 1
671 8717 5
671 8908 9
675 9152 1
675 9509 4
675 8750 1
675 9060 2
685 8806 1
686 9301 2
686 9504 2
704 9776 1
727 8590 1
727 9175 1
727 9841 3
731 8801 1
741 9179 1
741 8906 1
741 9311 5
753 9567 1
753 8693 2
753 8729 3
753 9678 3
771 9055 1
771 9368 1
780 9911 1
780 9898 6
780 9963 1
839 9070 1
839 9520 2
847 9554 1
847 9250 1
869 9685 1
869 9811 3
914 9830 1
914 9647 1
914 9869 3
914 9799 1
919 8844 1
919 9170 22
919 9445 2
919 8764 1
927 8620 2
927 8666 1
929 9393 1
929 9808 1
929 9213 2
929 9074 1
929 9151 1
950 9115 5
950 8654 1
950 9424 1
958 9288 1
958 9080 2
958 9723 1
959 9742 1
959 8793 4
960 9442 6
960 9986 1
1030 9348 13
1030 9113 1
1031 8723 1
1031 9424 1
1031 9727 1
1031 9135 1
1031 8695 1
1031 9261 12
1054 9130 1
1054 9979 8
1054 9320 1
1054 9801 1
1054 9626 108
1058 9504 1
1058 9291 1
1058 9430 4
1058 9145 1
1065 9747 1
1065 8605 9
1065 9517 1
1065 9832 3
1065 9090 1
1076 8756 1
1076 9932 1
1081 9739 1
1081 9703 1
1118 8893 1
1118 8823 1
1118 9144 18
1118 8768 2
1118 9897 5
1128 8654 1
1152 8862 3
1155 9378 1
1172 9603 22
1172 9103 1
1172 9431 1
1172 8638 9
1172 9843 1
1192 9811 1
1192 8753 1
1201 8838 1
1201 8545 5
1201 9603 1
1201 8981 1
1201 9265 1
1205 9009 11
1205 8934 1
1211 9312 1
1211 8702 1
1211 9311 1
1211 9629 1
1211 9241 1
1230 9126 2
1230 8571 2
1230 9082 25
1248 8803 1
1255 9558 7
1255 9073 1
1255 8532 3
1255 9358 1
1255 8553 1
1255 9165 1
1263 9239 1
1277 9770 1
1282 9671 1
1282 8841 9
1282 9182 1
1284 8629 1
1284 9669 1
1284 9154 1
1284 9457 6
1284 9643 1
1284 9109 1
1284 8651 2
1284 9813 1
1284 9957 2
1304 9124 1
1339 9409 2
1339 8991 4
1339 8996 2
1339 9789 1
1339 9251 1
1339 9665 2
1353 9685 1
1353 9968 3
1353 9125 1
1353 9732 3
1353 9045 3
1353 9761 1
1369 8851 1
1369 8776 1
1369 8579 8
1369 9983 29
1383 9223 1
1414 8653 13
1414 9585 1
1414 9542 1
1414 9635 6
1414 9630 1
1414 9865 2
1436 9451 1
1436 9059 1
1436 8681 1
1452 9115 2
1452 8724 2
1464 8573 1
1464 8666 2
1464 9902 1
1464 9495 1
1476 9675 1
1476 9182 1
1476 8765 2
1481 8580 4
1481 9452 2
1481 8912 1
1481 9021 1
1481 9115 1
1481 9368 1
1481 8679 1
1495 8765 2
1495 9181 3
1501 9536 2
1501 8945 2
1524 9617 11
1524 9386 2
1524 9279 3
1524 9623 1
1524 9796 5
1530 8763 1
1531 8742 1
1531 8651 20
1531 9011 1
1531 9430 1
1531 9201 1
1556 9577 27
1576 9957 1
1576 8787 1
1595 9699 1
1595 8678 1
1595 9021 3
1603 9797 4
1608 8752 5
1608 9150 2
1608 9723 1
1608 9259 1
1610 9858 46
1610 9309 1
1610 8560 7
1610 9974 2
1610 9130 1
1610 8939 2
1610 9784 1
1615 8643 2
1615 9393 3
1615 8661 1
1621 9772 1
1621 8974 7
1621 9742 3
1623 9947 1
1623 9371 1
1623 9631 5
1630 9586 1
1630 8851 1
1630 8863 17
1630 9482 1
1630 9815 1
1631 8695 1
1631 9347 1
1635 9805 10
1646 9627 1
1671 8820 1
1671 9052 1
1671 9470 3
1671 9899 1
1671 8599 2
1671 8806 1
1699 9288 1
1699 9469 1
1699 9724 1
1699 9076 1
1699 9778 1
1699 9043 4
1699 8638 1
1699 9246 3
1700 8888 1
1700 9141 7
1700 9577 1
1700 9952 1
1700 9969 14
1700 9524 6
1707 9577 1
1707 9146 1
1707 9385 1
1707 9915 2
1707 9693 4
1707 9876 2
1708 9169 4
1708 8585 4
1708 9565 3
1712 8839 1
1712 9487 1
1741 8677 1
1741 9843 1
1741 9214 3
1741 9596 1
1741 8741 1
1741 9823 200
1749 9511 2
1761 9068 1
1761 9626 1
1761 9704 32
1761 8565 2
1761 9109 1
1771 9741 2
1771 9907 3
1771 8764 1
1771 8941 1
1771 9093 14
1771 9875 1
1776 9373 75
1776 8894 1
1776 8975 1
1776 9302 2
1789 9409 2
1789 8539 3
1789 9649 1
1815 8671 1
1815 9744 2
1815 9776 1
1829 8931 2
1859 8689 1
1859 8768 1
1859 9472 1
1859 9219 1
1859 9322 1
1859 8815 1
1859 9326 1
1860 9173 4
1860 9716 1
1891 8742 1
1895 9979 24
1895 9950 14
1910 9275 2
1910 8781 1
1910 9821 1
1910 9716 1
1910 9779 1
1910 9925 36
1947 9035 1
1947 8951 1
1947 9396 1
1947 9945 1
1948 8650 1
1948 9387 2
1948 9599 1
1949 8917 6
1949 9274 2
1949 9680 1
1978 9812 1
1978 9312 3
1978 9753 1
1983 9852 11
1986 8793 1
1986 8833 8
1986 9490 1
1986 9178 3
1988 8944 2
1988 9018 1
1988 9374 3
1988 9765 1
1991 9713 2
1991 9870 1
1991 8806 2
1991 9803 1
1991 9788 2
2000 9204 1
2000 9473 3
2000 9647 4
2000 9525 3
2008 9328 1
2008 9124 4
2008 9030 1
2008 8561 1
2008 9783 1
2055 8651 1
2055 8824 5
2055 9042 1
2058 9587 2
2064 9841 4
2064 8643 2
2064 8551 1
2074 8580 2
2076 8725 1
2076 9403 2
2076 9689 1
2080 9677 1
2080 9705 9
2103 8775 1
2114 8687 1
2114 9703 7
2114 9556 20
2139 9089 1
2139 8847 2
2156 9189 1
2156 9406 2
2156 9317 2
2157 9189 10
2157 9244 1
2157 8678 1
2157 9920 1
2157 8853 3
2157 9241 3
2157 9615 1
2157 9134 1
2157 9965 2
2171 9790 3
2171 9862 4
2172 9904 1
2188 9172 1
2188 9565 1
2188 9765 1
2188 9049 2
2200 9287 1
2200 8672 1
2200 9902 2
2207 9482 8
2207 8637 1
2207 9499 1
2207 8679 1
2207 9165 1
2207 9023 1
2219 8984 1
2219 9219 2
2219 9907 1
2219 9870 1
2221 8880 1
2221 9793 1
2221 9127 2
2221 9803 1
2221 9251 1
2221 8917 1
2230 8670 1
2230 9347 1
2230 9514 1
2232 9340 1
2232 9060 1
2232 9997 2
2232 9505 2
2232 9380 2
2233 8745 1
2233 8732 1
2237 8704 56
2237 8598 2
2237 8620 2
2237 9354 3
2237 9867 1
2237 9903 1
2246 9781 1
2246 9026 1
2247 9132 1
2247 8929 1
2247 8750 1
2247 9496 1
2247 9248 1
2247 9011 1
2265 9125 1
2276 8682 1
2276 9442 1
2276 9560 1
2276 9973 1
2279 9159 1
2279 8989 3
2279 8625 2
2279 9224 1
2280 8948 1
2280 8980 1
2280 8996 5
2280 9823 2
2280 8581 1
2310 9848 1
2310 8870 1
2310 9827 1
2316 9756 1
2325 9828 1
2325 9681 3
2325 9177 1
2329 9433 8
2329 8628 2
2329 9068 3
2329 9424 1
2329 9275 68
2333 9636 1
2333 9548 5
2334 9336 1
2334 9840 1
2334 9593 1
2334 9754 1
2334 9249 1
2334 8816 2
2334 9011 7
2334 9647 1
2354 9362 1
2354 9808 11
2364 9528 1
2364 9565 1
2364 9487 1
2364 8569 4
2364 9925 1
2364 8839 2
2364 8983 1
2364 9191 3
2364 9750 3
2367 9880 1
2367 8907 1
2415 9519 1
2415 8577 2
2415 9155 1
2415 9800 2
2415 9941 1
2415 9278 1
2415 9699 1
2415 9612 35
2415 9107 1
2417 8625 1
2417 9197 1
2417 8899 2
2439 9900 2
2439 9632 1
2439 9103 1
2439 9530 1
2439 9777 23
2439 9509 1
2441 9731 13
2441 8551 3
2441 9305 1
2441 9610 1
2452 9996 1
2452 8752 1
2452 9087 1
2452 8793 7
2452 9420 2
2452 9576 5
2456 9971 2
2456 9568 1
2456 9650 1
2456 8924 1
2456 9667 1
2461 9816 1
2461 8573 1
2466 9875 1
2469 9078 1
2469 9658 1
2469 8650 1
2469 8830 12
2469 9632 1
2469 8909 1
2469 9903 1
2469 9666 2
2471 8848 1
2471 9015 1
2471 9848 1
2471 9640 1
2471 9992 1
2471 8652 3
2475 8723 2
2485 9191 7
2485 8763 1
2485 9473 4
2485 9979 1
2515 9647 16
2515 8845 5
2515 9304 1
2515 9897 1
2515 9573 1
2515 9428 1
2525 9059 9
2525 9361 1
2538 9978 2
2538 9963 1
2538 8783 1
2538 9282 3
2538 9472 2
2538 9984 1
2548 8658 1
2548 8938 2
2576 9963 1
2593 8687 2
2593 8561 1
2593 8963 1
2593 9944 1
2593 8781 7
2605 8591 1
2605 8549 2
2605 8645 2
2606 9724 6
2633 9545 1
2633 9659 1
2633 9806 1
2633 8794 3
2637 8909 1
2637 9599 1
2637 8619 5
2637 9027 1
2637 9335 1
2638 9308 4
2638 8905 1
2640 8553 1
2640 8952 3
2643 9487 2
2644 9473 2
2644 9977 1
2645 9113 1
2645 9851 1
2677 9172 1
2677 9122 1
2677 9380 1
2677 8981 1
2677 9138 1
2677 9681 2
2677 9390 1
2677 9626 1
2677 9734 2
2677 9583 1
2679 8955 2
2688 9732 5
2688 9169 4
2688 8823 4
2688 9493 1
2688 9767 4
2692 8566 2
2692 9198 1
2692 9834 1
2695 9002 1
2695 9575 1
2695 8942 1
2695 9827 2
2695 9645 2
2695 9104 1
2695 9126 1
2695 8694 1
2702 9085 1
2702 9332 1
2702 9906 2
2702 9096 22
2702 9294 2
2702 9137 1
2702 9189 1
2739 8660 1
2739 8862 1
2756 8585 1
2756 9543 2
2756 9325 1
2756 9882 1
2820 9534 1
2820 9690 17
2820 8957 24
2820 9274 1
2820 9660 1
2831 9045 1
2831 8759 1
2839 9371 28
2844 9857 2
2844 9939 4
2859 9678 2
2859 9584 1
2859 9858 4
2860 9205 1
2860 8751 1
2860 8838 1
2860 9751 1
2868 8719 1
2868 9479 1
2868 9645 1
2868 8623 1
2868 8660 2
2889 9091 7
2889 8770 1
2889 9518 1
2893 8987 1
2893 9639 3
2900 9386 1
2900 9183 10
2900 9318 2
2900 9649 1
2900 8822 2
2900 8929 1
2901 9114 1
2901 8760 1
2915 9666 3
2915 9853 1
2925 9005 1
2925 9434 1
2925 9945 1
2925 8833 6
2925 8892 1
2925 8939 1
2942 8861 1
2942 8778 1
2942 8969 1
2942 9323 1
2942 9355 1
2942 9087 1
2952 9928 3
2952 8953 4
2952 9523 1
2952 8605 1
2952 9541 1
2952 9603 1
2953 8567 3
2953 9348 4
2953 9840 2
2956 9432 15
2956 9789 3
2956 8875 3
2956 9923 1
2960 8624 2
2960 8800 2
2960 9581 1
2968 8989 1
2968 8917 1
2968 9490 1
2968 9785 4
2976 9374 4
2986 9174 1
2986 9978 1
2986 8592 5
2992 9612 1
2992 9899 1
2993 9122 1
2993 9255 1
2998 9778 1
2998 8892 12
2998 9389 1
2998 8557 1
2998 9390 1
2998 9879 5
3070 9938 3
3070 8687 1
3070 9259 1
3081 9260 2
3081 9684 1
3081 9788 32
3100 9521 1
3100 9863 2
3100 8553 1
3100 9801 1
3112 9124 3
3112 8736 6
3112 9498 1
3129 9525 1
3129 8792 1
3129 9574 4
3129 9517 1
3183 9556 8
3183 9326 1
3183 9469 2
3183 9712 1
3183 8816 1
3183 8838 1
3183 9601 1
3183 9636 1
3208 8753 1
3223 9144 1
3244 9724 1
3244 8534 1
3269 9886 3
3269 9992 1
3269 9003 1
3292 9421 1
3292 9949 1
3293 9438 1
3293 9642 1
3346 9755 1
3346 9475 1
3348 8742 1
3348 9773 1
3348 8893 2
3348 9378 2
3355 9567 1
3355 9251 1
3355 9463 1
3355 9783 2
3355 8942 1
3355 9062 1
3367 9411 4
3367 9851 1
3367 9406 1
3376 8880 1
3376 8801 1
3376 9246 1
3376 9445 1
3376 9952 6
3396 9930 4
3396 9747 5
3396 9777 2
3400 8765 1
3417 8941 5
3417 8679 4
3417 9175 1
3417 9281 1
3417 8957 2
3417 9763 1
3431 8565 1
3431 9407 1
3431 9885 1
3431 9607 1
3431 9609 1
3431 9838 1
3431 9783 2
3455 8732 3
3455 9004 1
3456 9547 1
3456 9901 1
3456 9283 3
3456 9755 1
3456 9986 10
3465 8643 12
3465 8590 12
3465 8664 7
3465 9568 2
3465 9396 1
3465 9485 1
3465 9637 1
3465 9642 1
3465 9809 1
3469 9111 2
3469 9761 1
3479 8603 7
3479 9667 12
3496 8594 4
3496 9781 2
3496 9865 1
3520 8723 3
3520 8815 1
3520 9268 6
3520 9814 2
3520 9306 1
3525 9021 3
3529 9475 1
3529 9936 2
3529 8547 25
3534 8580 1
3534 8799 2
3534 8832 4
3534 8562 2
3535 9751 3
3535 9786 1
3537 9810 2
3537 9881 2
3549 8638 3
3549 8655 15
3549 8998 1
3549 9667 3
3563 8942 1
3563 9445 1
3563 9263 2
3563 9589 1
3563 9979 2
3563 9362 6
3563 9854 1
3564 8535 2
3564 9693 1
3564 8534 1
3564 9516 1
3564 9121 1
3564 9191 1
3564 9278 3
3564 9355 4
3564 9567 2
3564 9912 1
3575 9514 1
3575 8622 1
3575 8706 2
3575 9412 1
3575 9721 1
3576 8994 1
3576 9703 1
3576 9475 1
3576 9795 1
3577 9882 1
3577 9273 1
3581 9360 1
3581 9618 1
3589 8616 6
3589 9498 1
3589 8862 73
3589 9103 3
3589 9335 1
3600 9052 1
3600 8667 1
3600 9840 1
3600 9936 1
3600 9542 1
3600 9048 31
3600 9130 1
3602 9753 1
3602 9983 2
3602 8911 5
3602 9296 2
3617 9778 2
3626 9598 1
3626 8838 1
3626 9004 19
3626 9360 6
3626 9808 10
3631 9293 1
3631 8622 62
3631 8759 1
3631 8789 1
3631 9169 1
3631 9568 1
3631 8610 3
3631 8724 2
3631 9129 1
3631 9669 1
3631 9736 4
3631 9882 2
3631 9992 7
3631 9275 1
3631 9944 2
3631 9894 1
3653 9368 1
3665 9987 21
3665 8971 1
3665 8976 2
3665 9758 1
3665 9024 1
3665 8925 2
3665 9459 1
3665 9481 2
3665 8970 3
3665 8663 1
3666 9906 2
3666 9228 3
3666 9885 2
3666 9281 2
3666 9915 1
3676 8693 1
3676 8607 1
3676 9323 1
3682 9320 2
3698 9761 4
3698 8916 1
3698 9090 2
3701 8775 8
3701 8861 1
3701 9090 2
3701 9755 2
3715 8894 1
3715 8657 3
3715 9784 3
3715 8976 1
3715 9235 1
3715 9243 1
3715 9284 3
3715 9394 1
3721 9310 2
3721 9548 1
3721 9425 1
3721 8758 1
3721 9311 2
3721 9137 1
3721 8738 1
3724 9448 1
3724 9633 1
3724 9817 1
3732 9122 1
3732 9986 2
3732 9917 1
3732 8658 1
3732 9085 2
3732 9763 6
3732 9584 6
3732 8878 1
3732 9494 2
3742 9970 1
3742 9183 1
3742 9954 7
3742 8822 1
3742 9576 3
3742 9194 1
3746 9138 1
3746 9089 1
3746 8800 1
3746 9687 1
3767 9482 1
3767 8645 10
3767 9437 1
3767 9321 3
3767 9697 1
3780 9978 2
3780 8935 15
3780 9115 1
3800 9396 6
3800 9444 1
3813 9472 1
3813 9176 3
3813 9698 23
3814 8656 1
3814 8949 1
3814 9342 3
3825 9710 1
3825 8783 1
3830 9286 1
3830 9181 1
3830 9626 2
3830 8667 1
3830 9004 3
3830 9863 1
3835 8682 1
3850 9152 1
3850 8626 1
3850 9758 2
3851 8969 3
3853 8630 1
3853 9855 9
3862 9855 3
3873 9509 2
3873 9316 1
3873 9324 2
3873 8568 2
3890 9555 1
3890 8616 1
3905 9256 1
3905 8825 5
3905 9218 2
3905 9914 7
3910 8561 6
3974 8760 20
3989 8924 1
3989 8682 2
4023 9084 1
4025 8637 1
4037 9577 28
4037 9598 1
4039 8649 3
4039 9216 2
4039 9586 2
4047 9880 4
4065 9376 1
4065 8776 2
4065 9341 1
4065 9640 1
4065 9819 1
4079 9504 1
4079 9486 1
4079 9911 1
4092 9855 1
4092 8702 1
4092 9059 1
4102 9035 3
4102 8637 1
4102 9516 1
4111 8870 2
4111 9862 1
4111 9183 1
4111 9247 1
4111 9706 3
4119 9892 4
4119 9765 2
4119 9269 1
4119 9689 18
4119 8751 1
4127 9509 1
4130 9079 8
4130 9102 1
4130 9656 1
4135 8874 2
4135 9331 3
4135 9541 1
4158 8811 58
4158 9796 8
4158 8799 5
4158 9291 1
4163 9261 1
4167 9912 2
4167 9469 4
4167 9775 1
4176 9035 1
4176 9690 1
4218 9104 1
4218 9717 1
4218 9932 3
4222 9704 4
4222 9254 1
4222 9213 1
4225 9079 2
4225 8853 2
4233 8733 2
4233 9363 1
4233 9745 1
4233 8712 1
4233 8817 4
4238 9413 2
4238 8927 1
4238 9990 3
4250 9281 1
4250 9698 6
4250 8974 2
4250 8820 17
4287 9377 1
4287 9776 1
4287 8677 1
4296 9480 1
4296 9569 2
4296 9079 1
4296 9720 6
4296 9355 1
4296 9472 1
4296 9732 2
4311 9204 59
4311 9286 6
4311 9627 1
4312 8998 32
4312 9795 1
4312 9038 1
4344 8837 1
4344 9081 2
4344 9122 1
4344 8908 2
4358 9841 1
4358 8910 1
4358 9073 2
4358 9630 1
4362 9335 1
4362 9649 15
4363 9665 1
4363 8641 1
4372 9389 1
4372 8865 1
4398 9498 1
4398 8725 1
4398 9797 1
4432 9777 1
4432 9918 1
4432 9055 1
4440 9452 1
4440 9589 1
4440 8910 2
4440 8925 2
4440 9233 2
4444 9373 4
4444 9141 1
4444 8677 2
4444 9796 1
4444 8643 5
4444 8884 1
4444 9338 2
4444 9152 2
4444 8988 3
4444 9151 3
4453 9144 1
4477 9722 2
4477 9499 1
4477 9105 1
4485 9452 1
4485 8887 7
4503 9734 1
4503 9716 2
4503 9541 1
4503 9160 5
4503 9464 4
4503 8589 1
4503 8991 3
4503 9109 1
4507 9784 2
4507 9223 1
4507 9265 1
4507 9879 1
4507 9833 2
4507 9672 1
4507 8818 1
4509 9757 2
4509 9953 19
4509 9608 1
4509 8762 1
4511 9405 1
4511 9797 1
4511 9631 1
4522 8547 1
4522 8875 1
4522 9413 1
4522 9573 1
4546 9228 1
4546 9352 1
4546 9656 17
4546 8607 1
4546 8736 2
4546 8733 1
4546 8986 2
4554 9674 1
4554 9928 2
4555 9358 2
4555 9250 1
4555 8872 2
4555 8947 2
4567 9331 1
4567 9614 9
4567 8891 1
4567 9114 1
4567 9352 1
4567 9441 1
4567 9499 1
4567 9920 1
4583 8597 4
4583 9154 2
4583 9811 1
4583 9494 1
4583 9759 1
4583 9273 3
4589 9072 2
4589 8763 1
4589 8704 1
4589 9732 5
4589 9897 1
4594 9612 1
4594 9461 7
4594 9688 6
4602 9434 1
4602 9891 1
4602 9035 4
4602 8664 1
4602 8924 1
4615 9923 1
4615 9868 1
4615 9744 1
4617 9970 2
4617 8544 1
4617 9579 1
4641 9973 1
4641 9079 2
4659 9899 3
4659 9534 2
4663 9056 1
4665 9129 1
4667 8924 1
4667 8864 1
4667 9033 15
4667 9347 1
4667 9314 1
4667 8921 2
4676 8904 5
4676 8969 3
4676 8664 1
4676 9166 1
4676 9491 1
4686 9790 8
4686 8974 1
4690 8617 1
4693 9042 8
4693 9705 1
4693 8699 2
4693 8973 1
4693 8705 3
4693 9409 133
4693 9125 1
4693 9273 1
4693 9647 1
4693 9708 1
4693 8894 1
4703 9336 1
4703 8979 2
4703 9038 1
4703 9132 1
4703 9382 1
4703 9909 1
4709 8900 3
4709 9168 4
4709 9629 1
4717 9093 6
4717 9649 1
4718 9344 1
4718 8759 5
4718 9256 4
4718 9651 2
4718 9765 3
4731 9078 24
4731 8535 2
4731 9168 1
4731 9717 1
4731 8764 1
4731 9592 5
4740 9203 1
4740 9072 1
4740 9348 3
4759 8845 1
4759 9133 1
4759 9770 2
4759 9407 8
4764 8999 1
4764 9485 3
4764 9939 200
4764 9589 1
4770 8560 2
4770 9195 1
4776 8744 1
4776 8861 1
4776 9542 1
4779 9305 1
4779 9528 4
4779 9971 1
4781 9402 1
4781 9610 1
4781 9950 1
4810 8824 2
4810 8873 1
4810 9005 1
4810 9801 2
4810 9390 1
4810 9578 2
4810 9787 12
4810 9881 1
4817 8758 1
4817 9156 1
4817 9558 1
4822 9698 61
4841 9061 1
4841 9433 3
4841 9698 1
4841 8797 1
4841 8993 2
4841 8771 23
4841 9320 20
4841 9363 1
4841 9674 1
4846 9581 1
4846 8683 1
4846 9552 62
4846 9113 1
4846 9877 1
4846 9768 1
4846 9849 1
4846 8904 3
4846 9284 2
4849 9486 11
4849 9092 3
4849 9133 10
4849 9525 1
4849 9167 2
4853 9412 3
4853 9121 10
4855 9663 50
4855 8571 5
4855 9254 1
4855 9799 1
4879 9020 1
4879 8834 2
4879 9776 3
4887 9973 1
4888 9089 4
4888 9968 2
4888 9244 1
4888 9452 1
4896 9048 1
4896 9455 2
4896 9894 19
4896 8658 3
4896 8775 1
4896 9144 1
4896 9204 1
4896 9581 2
4914 8725 7
4914 9867 2
4915 8747 1
4915 9498 1
4916 9178 164
4916 9204 1
4916 9440 1
4916 9150 1
4916 9906 3
4931 8920 15
4931 9136 1
4931 9313 1
4942 8845 3
4953 9755 1
4953 8891 1
4955 9065 3
4961 9785 1
4961 9731 1
5001 9736 1
5001 8931 1
5001 9061 2
5001 8860 2
5001 9353 1
5001 9840 1
5003 9106 1
5005 8915 3
5005 9790 4
5017 9643 1
5017 8944 1
5017 9133 1
5017 9401 1
5017 8545 1
5017 9215 3
5044 8769 2
5044 9445 97
5044 9225 154
5044 8683 1
5044 9419 2
5044 9736 2
5059 9390 4
5062 8769 1
5062 9092 1
5062 9957 1
5062 9618 1
5062 9511 9
5065 9583 1
5065 9818 1
5065 9057 1
5065 9076 1
5073 8883 1
5073 8689 5
5073 8828 1
5077 9511 1
5088 8803 12
5088 9263 1
5109 8741 1
5109 9872 1
5109 8870 4
5109 9457 1
5111 8903 1
5111 8789 1
5111 9113 1
5111 9989 1
5123 9074 2
5123 9168 4
5123 9150 1
5123 8929 1
5123 8988 1
5123 9403 1
5136 9710 6
5136 9131 1
5136 9669 1
5152 9869 1
5152 8911 1
5152 9081 200
5152 9172 3
5152 9793 3
5176 9237 1
5181 9294 1
5181 9362 1
5181 9745 1
5184 8645 2
5189 9409 1
5189 9728 1
5214 9975 1
5214 9184 2
5214 8646 2
5214 9482 10
5224 9723 1
5224 8738 2
5224 9974 1
5236 9949 1
5236 9163 1
5236 9168 2
5236 9373 2
5236 8624 1
5237 8745 2
5237 9413 1
5237 9761 9
5240 9042 2
5243 9437 31
5243 9470 1
5243 9056 2
5243 9453 1
5243 8981 5
5245 8776 2
5245 9310 1
5245 8778 1
5245 9084 3
5245 9852 193
5245 9353 1
5245 9739 2
5245 9133 17
5245 9972 1
5258 8592 1
5258 9630 1
5258 9497 9
5258 8770 8
5258 9395 1
5258 9555 1
5259 9834 2
5259 8955 1
5259 9358 1
5259 9473 1
5259 8672 19
5259 9634 3
5259 9550 2
5259 9917 2
5259 8963 2
5259 9593 1
5267 9461 2
5267 8681 1
5267 8852 1
5267 9784 12
5267 9374 1
5267 8571 7
5267 9946 1
5279 9888 5
5279 9032 1
5279 8934 1
5279 9235 4
5279 8761 3
5280 9250 1
5280 9775 1
5280 8996 1
5280 9459 3
5280 8911 2
5280 8971 1
5280 9528 1
5280 9854 1
5305 8815 1
5305 9387 1
5305 9412 1
5305 9480 1
5305 9278 1
5314 8630 1
5314 9944 3
5314 9682 5
5314 9727 1
5318 9179 1
5318 8717 1
5318 9003 6
5318 9087 2
5318 9318 1
5318 9701 1
5322 9360 1
5322 9868 3
5322 9971 1
5322 8771 1
5322 9060 1
5322 9580 2
5327 8818 1
5327 9458 1
5343 9779 3
5343 9473 1
5343 9800 1
5343 9081 2
5345 9301 5
5345 9275 1
5345 8830 1
5368 9518 1
5368 8595 2
5369 8620 2
5370 8626 1
5370 9043 1
5370 9388 26
5377 9989 2
5377 8949 3
5377 9656 1
5377 8646 1
5377 8778 1
5377 8590 1
5383 9647 2
5393 9157 1
5393 9012 1
5393 9264 1
5393 9020 1
5397 8708 1
5397 8993 2
5397 9972 6
5397 8844 1
5397 8717 2
5397 9523 2
5397 8588 1
5423 8975 2
5423 8597 1
5423 9068 1
5428 9308 1
5428 9524 1
5428 8829 1
5428 9030 2
5428 9550 5
5428 9996 3
5431 9458 1
5431 8555 24
5435 9887 1
5435 8690 1
5435 9609 1
5435 9405 1
5440 9361 4
5440 8595 1
5508 9147 1
5508 9658 2
5508 9888 1
5508 8669 10
5508 8557 2
5508 9545 2
5510 9361 1
5510 9601 1
5510 8573 24
5510 9203 1
5526 9336 1
5526 9589 1
5527 8703 2
5527 8999 1
5527 8853 1
5527 8544 1
5527 8949 1
5527 8982 1
5527 9067 1
5527 9835 2
5529 9067 1
5529 8895 1
5533 9768 1
5533 9639 1
5533 9322 1
5533 9994 16
5533 9233 11
5533 9556 1
5536 8848 1
5536 9492 1
5536 9324 1
5536 9406 1
5536 9614 1
5536 9970 15
5536 9167 4
5536 9265 4
5536 8979 1
5537 9946 1
5537 9362 3
5537 9868 14
5537 9877 31
5560 9712 1
5560 9546 2
5560 9582 2
5560 9679 1
5565 9068 1
5565 9565 1
5565 9755 1
5565 8884 4
5565 8930 2
5576 9707 1
5576 8686 1
5587 9000 70
5587 9584 3
5587 9645 1
5588 8998 1
5600 9604 1
5600 8773 2
5600 9176 1
5600 9866 1
5620 8834 1
5620 9551 10
5620 8895 1
5649 8895 1
5649 8546 9
5649 9229 1
5653 8756 1
5653 8656 1
5653 9113 3
5653 9540 2
5653 9599 1
5653 9615 1
5661 9145 1
5661 8883 1
5661 9154 1
5661 9219 1
5678 9253 1
5699 8785 7
5699 8536 2
5699 8927 1
5709 9077 2
5709 9125 3
5733 8651 1
5733 9301 68
5733 9892 1
5733 9812 1
5739 9310 4
5739 9251 1
5739 9338 1
5739 9706 5
5739 9596 1
5749 8793 1
5751 8979 1
5751 9253 1
5751 9362 2
5751 9062 1
5751 9145 1
5751 9442 1
5751 9937 3
5767 9773 1
5774 8567 5
5774 9728 2
5774 9092 1
5774 8846 1
5774 9888 1
5788 9919 1
5788 8686 1
5788 9697 1
5788 9131 1
5788 9822 1
5793 9354 2
5793 9316 1
5793 9756 1
5795 9866 1
5795 9263 3
5795 8895 2
5795 9042 1
5795 8628 1
5795 9280 1
5795 9346 1
5795 9816 1
5800 9000 2
5800 8736 2
5800 9389 2
5800 9696 3
5800 9682 1
5800 9690 1
5822 8852 4
5822 8536 1
5822 8961 1
5822 8558 1
5822 9832 2
5833 8917 1
5833 9541 1
5833 8760 2
5833 9499 10
5833 9303 1
5835 8825 1
5835 9506 10
5845 8975 2
5845 8613 1
5845 9004 1
5845 8562 1
5848 8747 1
5848 9043 1
5858 9125 1
5858 9900 1
5858 9455 1
5858 9689 7
5858 9259 1
5858 9260 1
5858 9184 1
5858 9712 1
5863 9910 1
5863 9963 2
5863 9663 1
5864 9609 3
5864 9949 5
5864 8694 1
5864 9195 1
5864 9914 2
5864 9727 4
5864 9858 1
5864 9957 1
5864 8884 1
5864 9074 1
5876 9027 1
5876 9401 1
5935 8624 1
5960 8873 1
5967 9750 1
5967 9607 1
5967 8752 1
5967 8969 6
5967 8566 1
5967 9609 1
5970 9386 1
5970 9607 2
5970 9773 2
5974 9804 2
5974 9552 2
5974 9457 1
5993 9033 1
5993 9802 2
5993 8841 1
6008 9354 1
6008 9442 7
6008 9887 1
6008 9972 1
6008 8761 48
6008 9214 1
6013 9919 3
6013 9006 1
6013 9312 3
6013 9459 1
6013 9552 1
6013 9909 1
6045 9218 1
6045 8888 1
6045 9187 4
6063 9144 1
6063 8649 1
6063 9114 1
6063 9230 3
6063 9994 1
6063 9361 1
6063 9693 1
6063 9511 1
6074 9635 1
6074 9784 1
6086 9812 2
6086 8973 1
6086 9342 1
6100 8938 1
6100 9543 1
6100 9643 1
6110 8655 9
6110 9524 1
6110 9106 1
6113 9131 3
6113 9630 3
6113 9763 1
6113 9035 2
6113 9968 1
6124 9279 1
6127 9838 1
6127 8803 1
6127 9149 3
6153 9241 20
6153 9615 1
6153 8908 5
6153 8619 1
6158 8689 2
6158 8577 1
6158 9906 2
6158 9170 11
6158 9653 1
6170 9520 1
6170 8705 1
6170 9632 1
6198 9524 1
6198 9009 1
6198 9874 2
6198 8677 2
6198 9322 1
6198 9510 4
6198 9293 1
6211 9002 3
6211 8887 1
6211 9056 1
6211 9426 1
6212 9145 1
6212 9156 1
6212 9172 2
6212 9104 1
6212 9889 1
6242 9775 3
6242 9171 1
6242 9809 3
6242 9065 1
6256 9052 1
6256 9020 2
6257 8873 2
6257 8978 1
6257 9540 1
6257 9747 1
6257 9785 1
6257 9421 1
6261 9455 1
6261 9804 1
6261 9510 20
6261 9802 2
6282 9915 1
6282 8796 1
6282 8987 1
6282 9459 1
6282 9793 1
6282 8654 1
6282 9900 1
6304 8872 1
6304 9651 1
6313 9642 2
6313 9891 1
6313 9067 3
6314 9359 8
6314 9205 1
6314 9478 1
6324 9582 2
6324 9545 2
6324 9677 1
6324 9633 2
6330 8909 1
6330 9278 1
6346 9316 2
6346 8951 5
6346 8984 2
6346 9181 2
6347 9740 2
6347 9971 3
6347 9789 1
6364 9023 1
6364 9345 1
6364 9870 1
6364 8845 1
6375 9002 2
6375 9979 1
6375 9141 4
6376 9294 1
6376 9736 1
6376 9492 1
6376 9852 2
6385 9684 1
6385 9781 3
6385 9336 1
6385 9421 1
6396 9237 1
6396 8728 1
6396 8742 6
6396 8874 2
6396 9984 18
6423 9904 1
6423 9382 1
6423 9970 2
6423 9869 1
6423 9974 1
6423 8980 1
6423 8620 3
6423 8949 2
6423 9324 2
6423 9659 1
6427 8693 3
6427 8924 1
6439 9717 6
6439 9999 1
6439 8977 1
6439 9112 6
6439 8736 1
6439 9012 1
6446 9755 1
6446 8700 1
6448 9969 1
6448 9239 5
6454 9252 1
6473 9659 1
6473 9822 1
6473 8893 1
6473 8854 1
6473 9233 3
6473 9078 1
6477 8558 1
6477 8670 1
6498 9719 2
6498 9026 2
6498 9996 1
6524 9812 2
6532 9387 1
6532 9495 1
6548 9563 2
6548 9030 3
6548 9680 1
6549 9443 1
6549 9073 1
6549 9287 3
6549 9845 3
6551 8588 2
6551 9310 7
6551 9679 1
6562 9723 1
6562 9534 1
6562 9252 1
6570 8833 1
6570 9688 1
6570 9978 2
6570 9790 2
6570 9253 1
6570 9557 1
6570 9849 1
6572 9677 1
6582 9768 2
6606 8932 1
6606 8657 4
6606 8910 2
6631 8652 1
6632 8942 1
6632 9376 1
6632 8643 1
6632 9778 1
6642 9690 1
6642 8932 1
6642 9647 1
6642 8746 1
6642 9017 2
6642 9072 7
6646 9249 2
6646 9505 1
6646 9508 2
6647 9555 1
6647 9072 1
6647 9398 1
6647 8690 1
6647 8852 1
6667 9789 3
6667 9815 3
6673 8863 1
6673 8706 1
6673 9455 1
6673 9696 4
6673 8605 5
6674 9841 1
6674 8683 1
6674 9312 11
6674 9252 1
6674 9009 1
6680 9526 3
6695 9124 1
6695 9585 3
6695 9898 3
6695 9919 1
6695 8586 5
6707 9881 1
6707 9757 80
6718 9267 9
6718 8848 1
6718 9431 4
6722 9428 1
6722 9547 14
6743 9947 4
6743 8550 3
6743 8998 2
6753 9354 14
6759 8930 1
6759 8687 8
6759 8955 3
6760 9575 1
6760 8598 1
6760 8811 1
6760 8852 3
6760 9763 1
6760 8971 1
6769 8847 15
6769 8643 1
6769 8982 2
6784 9177 1
6784 9661 1
6784 9986 1
6784 8580 3
6785 8860 2
6796 8796 3
6796 9954 10
6796 8823 1
6796 8988 35
6796 9526 2
6799 6804 1
6799 9045 2
6799 9178 2
6799 8975 1
6805 8909 1
6821 9886 11
6821 9996 1
6821 8575 5
6821 8987 7
6821 9309 5
6821 9102 3
6824 9294 1
6824 9510 5
6824 9141 1
6824 9464 7
6827 9753 1
6827 8695 3
6827 9077 2
6827 9525 72
6827 9575 1
6827 9699 1
6843 9377 1
6843 8681 1
6843 8769 2
6843 8922 4
6843 9738 1
6843 9954 1
6881 9253 1
6881 9233 1
6881 9409 1
6881 9414 7
6881 9216 2
6881 9438 1
6881 9521 1
6906 8532 1
6906 9443 1
6906 9201 1
6906 8762 1
6908 9302 1
6908 9865 3
6908 9658 1
6908 9593 1
6908 8585 1
6914 9201 1
6914 8938 3
6914 8603 2
6914 9383 1
6919 9121 26
6919 9247 1
6919 8719 4
6944 8771 1
6944 9436 1
6963 9386 1
6963 9458 1
6963 8909 2
6976 9056 3
6976 9938 1
6976 9897 1
6976 9480 1
6976 9833 1
6976 9919 1
6981 8738 1
6981 8794 1
6981 9423 1
6993 9195 1
7005 9907 1
7005 9759 2
7005 9806 10
7006 9534 1
7006 8535 1
7006 8763 1
7006 8945 1
7006 9546 2
7006 8708 1
7006 9388 2
7027 9639 1
7031 9112 1
7031 9114 1
7031 9610 2
7031 9941 1
7033 8930 3
7033 8705 3
7033 8975 3
7033 9328 1
7050 9571 1
7050 9928 1
7050 8732 9
7050 9096 1
7050 9253 2
7050 8899 1
7050 8981 2
7050 9067 35
7050 9137 1
7050 9702 1
7068 8989 29
7068 9994 2
7068 9633 1
7068 9147 1
7068 8577 2
7068 9215 1
7068 9229 2
7068 9079 2
7072 9821 1
7072 9142 1
7117 8993 3
7117 9886 1
7117 8921 4
7117 9042 1
7117 9260 1
7117 9332 1
7127 9373 3
7127 9698 1
7127 9166 1
7127 9331 1
7140 8971 4
7140 8768 3
7140 9093 1
7140 8961 17
7140 9444 1
7141 9907 1
7141 9085 1
7141 8750 1
7141 9084 1
7141 9389 4
7145 9241 2
7145 9710 1
7145 9423 1
7145 8915 1
7145 9697 1
7145 9218 2
7145 9136 1
7150 9845 1
7150 9756 1
7150 9129 1
7150 9274 1
7150 9314 3
7150 9864 1
7162 9096 5
7162 9005 1
7162 9835 2
7167 9293 1
7167 9890 4
7167 9103 1
7167 9359 4
7178 9651 1
7178 9448 2
7182 8592 1
7182 8625 4
7182 8652 1
7182 9134 2
7182 9669 1
7182 9409 2
7187 9308 3
7193 8800 1
7193 8978 1
7193 8955 1
7193 9265 1
7193 9656 1
7193 9404 2
7193 9478 4
7193 9629 1
7193 9418 1
7193 9585 6
7208 8535 1
7225 9469 1
7225 9254 2
7229 9642 1
7229 8931 1
7229 8963 1
7229 9484 1
7230 9814 1
7230 8766 3
7246 8649 1
7246 9241 1
7249 9786 1
7257 9322 1
7257 9172 3
7271 9528 5
7271 9795 1
7271 9580 1
7303 9085 1
7303 9127 4
7303 8891 6
7303 9479 2
7315 9828 1
7315 8769 1
7315 9903 1
7315 8589 1
7319 9105 1
7319 9471 1
7319 9426 1
7344 8775 3
7344 9751 1
7352 9085 2
7375 9360 2
7375 9178 1
7375 9724 1
7391 9650 10
7392 8687 1
7414 9690 4
7414 9223 2
7414 9219 1
7414 8683 1
7414 8833 2
7414 9409 3
7414 9660 1
7414 9124 1
7420 9903 1
7420 9214 6
7420 9612 2
7428 9179 3
7429 9684 1
7429 9428 3
7429 8864 2
7429 9793 2
7429 8579 1
7429 9395 1
7429 9476 1
7431 8605 2
7431 8945 200
7431 8834 1
7431 8912 2
7431 9890 1
7441 9395 2
7441 9376 2
7444 9325 2
7444 9331 3
7445 8747 1
7445 9717 1
7445 9953 27
7445 8568 1
7445 8670 1
7445 9604 17
7445 9318 3
7473 9945 1
7473 9590 1
7473 9675 5
7473 8973 1
7478 9141 1
7478 9006 55
7481 9102 1
7481 9814 4
7481 9380 4
7481 8823 1
7481 8809 1
7490 8847 7
7490 9783 7
7490 9108 1
7490 9358 1
7494 8674 1
7494 9434 2
7494 8566 1
7494 8933 1
7502 9986 1
7502 9483 2
7502 9332 1
7502 9975 2
7502 9528 3
7502 9485 1
7502 8837 10
7502 9245 3
7510 9952 1
7510 9673 1
7510 9798 2
7513 9444 1
7513 8545 1
7513 9313 2
7513 9402 4
7514 9681 1
7514 9738 2
7516 9358 1
7516 9999 1
7519 9671 1
7519 9149 1
7519 8606 1
7519 9935 2
7534 9388 1
7534 9745 1
7542 8550 1
7542 9198 1
7579 9142 1
7579 9022 2
7579 9061 1
7589 9963 7
7589 9444 1
7589 9777 4
7589 9952 1
7589 8742 2
7620 8982 5
7620 8613 2
7620 9828 2
7628 9784 3
7628 9142 1
7628 9388 1
7628 9740 1
7628 9786 1
7628 9395 2
7665 9672 1
7665 9018 1
7665 9192 1
7674 9623 1
7674 8532 1
7674 8904 1
7674 9526 5
7676 9518 4
7676 9323 1
7676 9684 3
7676 9983 52
7701 9930 1
7701 8999 11
7701 9912 1
7701 9586 1
7701 9129 1
7701 9375 91
7702 9131 5
7702 8603 59
7702 9443 3
7702 9587 10
7702 9077 1
7718 8860 1
7718 9256 1
7718 9264 6
7718 9434 1
7719 9855 3
7719 8688 3
7719 9173 25
7732 9428 1
7732 9433 1
7742 9354 1
7742 9517 1
7742 8854 1
7743 8944 7
7743 9436 1
7743 8621 1
7743 8999 1
7747 8915 1
7747 9325 3
7751 8878 2
7751 8605 2
7751 9107 12
7751 9819 1
7751 9889 1
7751 9360 2
7757 8580 1
7757 9832 2
7757 9383 1
7757 9877 1
7757 8829 2
7769 8782 4
7769 9900 3
7769 9914 2
7769 9171 1
7770 9154 4
7770 9377 2
7770 8656 1
7770 9845 1
7770 9543 1
7770 9451 1
7770 9587 1
7774 9261 25
7774 9744 1
7774 8568 1
7774 9437 4
7774 8861 1
7775 9511 1
7775 9463 1
7775 9972 1
7775 9805 1
7800 9146 4
7800 8835 37
7800 9071 4
7800 9373 2
7802 9767 4
7802 8536 1
7815 9246 1
7815 9540 1
7815 9637 2
7815 9213 1
7850 9887 3
7850 8829 1
7850 9504 1
7876 9708 3
7881 9072 1
7889 9102 1
7889 8805 1
7892 8693 4
7905 8703 1
7905 8775 1
7912 9156 1
7912 9163 1
7914 8785 21
7914 9496 1
7914 9443 1
7916 9560 1
7916 9565 1
7917 9843 2
7917 8932 2
7917 8933 1
7917 9057 3
7917 9576 3
7917 9582 1
7932 9015 2
7948 9160 3
7948 9177 1
7948 9300 1
7948 9378 3
7960 9348 1
7960 8532 1
7960 9027 1
7960 9385 1
7964 8857 3
7964 8892 15
7964 9237 1
7964 9884 1
7969 9312 1
7969 9843 1
7969 9999 1
7971 9636 3
7975 9799 2
7975 8846 1
7975 8900 4
7975 9788 1
7975 9772 3
7981 9704 1
7981 8796 5
7981 9145 2
7982 9461 1
7982 9089 1
7982 9666 3
7982 9802 18
7982 9161 1
7982 9289 2
7982 8567 1
7982 9583 1
7985 9049 1
7985 9673 5
7985 9817 1
7992 9133 1
7992 9052 1
7992 8848 2
7992 9891 1
7992 9387 1
8013 9106 1
8013 9953 2
8024 8657 2
8024 9412 1
8024 8994 1
8024 9949 1
8024 9096 1
8024 9135 1
8051 9831 2
8051 8915 1
8051 9161 18
8051 9481 2
8055 9732 1
8055 9149 1
8055 9286 1
8055 9303 4
8055 9309 2
8077 9452 1
8077 9965 1
8087 9114 1
8087 9418 4
8087 9024 3
8087 8808 4
8087 8990 1
8090 9974 1
8090 9335 1
8114 8835 1
8114 9049 2
8114 9056 1
8114 8666 4
8114 9756 3
8114 8904 1
8120 9651 3
8120 9478 1
8124 9115 1
8124 9076 3
8124 8655 4
8124 8977 1
8124 9722 6
8146 8592 2
8146 9024 1
8146 9672 6
8152 9485 1
8152 9991 41
8155 9127 1
8185 9267 1
8192 9706 1
8192 9978 1
8192 8660 1
8192 9245 13
8192 9403 1
8192 9375 1
8206 9618 1
8206 9548 1
8206 9771 1
8206 9033 1
8208 8654 1
8208 9685 1
8208 8599 1
8208 9968 8
8208 9954 1
8209 9811 1
8209 8792 1
8209 9901 2
8209 9721 1
8239 9904 1
8239 8545 1
8239 9661 43
8244 9106 1
8244 9102 2
8244 9479 3
8244 9923 1
8244 8900 1
8249 9568 1
8249 8969 2
8250 9255 1
8274 8551 3
8274 8762 1
8274 9864 1
8274 9274 2
8274 8610 77
8275 9796 3
8275 8872 1
8291 9062 3
8291 8906 10
8291 9778 9
8291 8839 1
8291 8973 2
8291 9293 1
8291 9483 2
8291 9713 1
8295 8873 2
8295 9243 2
8295 9179 3
8295 9393 2
8302 8568 1
8302 8921 1
8302 9274 9
8311 9758 1
8311 8550 1
8311 9686 2
8311 9757 1
8330 8603 3
8330 8560 1
8345 9417 1
8345 9805 1
8345 9547 12
8345 8656 1
8345 9143 51
8345 9170 2
8345 9188 5
8345 9701 1
8361 9144 3
8361 9673 1
8361 9112 1
8361 9471 1
8386 8741 1
8386 9853 1
8386 9312 1
8386 8742 24
8392 9219 2
8392 9729 1
8422 9864 34
8422 9111 1
8429 9233 8
8429 9127 35
8429 9740 1
8447 9949 1
8447 9637 1
8447 9643 1
8450 9728 3
8450 9267 1
8450 9990 1
8450 9679 1
8450 8599 1
8450 9995 1
8450 8874 4
8455 9751 2
8455 9681 5
8457 9377 1
8457 9806 2
8457 9770 1
8464 9953 1
8471 8764 1
8471 9269 1
8471 9839 1
8478 9651 1
8478 9421 1
8478 9802 4
8478 9483 2
8478 9503 16
8478 9631 1
8504 9207 1
8504 8982 1
8528 8689 1
8528 9378 2
8528 8789 1
8528 9678 2
8528 9445 2
8528 9296 1
8530 9438 3
8530 9126 3
8530 9848 1
8533 9779 3
8533 8787 1
8533 8818 1
8533 8778 2
8533 9159 1
8533 9294 1
8535 8856 1
8536 8685 7
8537 9155 1
8538 9002 1
8539 9040 1
8539 8685 1
8540 8637 1
8540 8773 1
8540 9490 1
8541 8591 2
8541 9029 3
8542 9434 2
8542 8930 4
8542 9493 14
8542 9718 1
8542 8674 1
8543 8727 2
8543 9119 1
8543 8855 10
8543 8735 1
8544 8564 1
8545 8632 10
8546 8966 1
8547 8563 6
8547 9616 6
8548 9228 1
8548 8769 1
8548 9112 6
8548 9311 1
8548 9945 1
8548 8621 5
8548 8752 1
8548 8806 1
8548 9155 1
8548 8953 1
8549 8798 1
8549 9527 1
8552 8597 2
8552 9530 1
8552 8775 3
8554 9923 8
8554 9030 1
8554 9245 1
8554 9147 5
8554 9523 1
8554 8577 1
8555 8898 3
8555 8697 4
8557 8570 1
8558 9272 1
8558 8966 1
8559 8894 2
8560 9465 1
8562 9094 3
8563 9805 3
8563 9875 1
8563 9353 2
8563 9375 1
8563 8984 1
8564 9511 1
8565 8821 2
8565 9985 2
8570 9854 2
8570 9129 1
8570 8799 1
8570 9452 4
8570 9425 2
8570 8996 1
8570 9675 1
8572 9192 5
8572 9601 2
8572 8817 1
8572 8948 2
8572 8952 1
8574 8994 1
8575 8748 1
8576 9134 11
8576 8917 18
8576 9105 2
8576 8867 2
8578 9750 2
8578 9444 1
8578 9708 3
8578 8600 1
8578 9746 1
8579 8593 1
8581 8807 3
8581 9016 22
8582 9994 12
8582 8650 1
8583 9756 1
8583 9279 4
8584 9701 2
8584 9687 2
8584 9747 1
8584 9470 1
8585 8749 1
8587 9596 17
8587 8809 1
8587 9557 1
8588 9668 1
8588 8644 2
8588 8642 1
8589 8709 1
8590 8827 1
8591 8827 2
8593 9176 3
8593 8903 2
8594 8827 1
8594 9208 1
8594 8727 3
8595 8898 1
8596 8704 2
8596 9508 10
8596 9946 2
8600 8868 1
8601 8712 1
8601 9138 9
8601 9626 2
8601 8830 4
8601 8872 1
8601 9245 5
8601 9359 20
8602 9665 1
8602 9022 1
8602 9634 1
8604 9326 1
8604 9454 2
8604 9078 5
8604 9623 1
8604 9112 1
8604 8861 1
8604 9297 2
8606 9961 1
8606 9001 2
8607 8923 1
8608 9056 4
8608 8932 1
8609 8789 1
8609 9411 1
8609 9603 1
8611 9325 1
8611 9635 1
8611 8935 13
8611 9230 1
8612 9994 1
8612 9052 1
8612 9061 1
8612 9197 1
8612 9222 1
8612 9874 1
8613 9616 1
8614 8934 1
8614 8682 2
8614 9679 2
8614 9974 1
8615 9354 1
8617 9951 1
8617 8634 1
8617 8928 1
8618 9894 1
8618 8781 1
8619 9064 1
8622 9034 3
8623 8890 1
8625 9462 1
8627 8831 1
8627 8734 1
8627 8898 8
8629 8711 1
8630 9054 1
8631 9458 3
8632 9805 1
8632 9719 5
8632 9203 62
8632 9950 1
8632 9476 2
8632 9417 1
8633 9425 9
8633 9830 1
8633 9143 1
8634 9394 2
8634 9495 3
8634 9833 11
8634 9459 2
8635 9286 1
8635 9282 12
8635 9608 1
8636 8707 1
8636 9985 52
8637 8919 1
8638 9465 2
8639 9642 1
8639 9336 1
8639 8811 7
8640 9184 1
8641 8918 1
8641 8659 21
8642 9173 1
8642 8796 1
8644 8656 1
8644 9721 1
8644 9150 1
8644 9936 2
8645 8707 1
8645 9046 1
8646 9094 2
8647 9854 1
8647 9181 1
8647 9160 1
8647 9739 2
8648 9302 7
8648 8863 1
8648 9480 3
8649 9372 24
8650 9028 3
8653 8721 1
8660 8960 1
8661 8685 3
8662 9898 1
8662 8719 12
8662 9398 2
8665 9059 1
8665 8987 1
8665 9155 1
8665 9995 1
8666 8928 3
8668 9245 1
8668 8944 1
8668 9910 1
8669 8730 1
8671 8710 3
8673 8809 1
8673 9154 1
8675 9642 2
8675 8782 1
8676 9451 1
8677 8757 1
8680 9111 1
8680 8732 1
8680 9371 1
8683 8772 2
8684 9166 1
8684 9294 1
8684 8762 3
8684 9041 2
8684 9152 1
8684 9453 1
8685 9665 1
8685 8811 1
8685 9999 1
8685 8773 3
8685 9348 1
8685 8986 1
8685 9716 1
8685 9868 1
8685 9900 1
8686 8831 1
8688 8804 1
8689 8730 2
8690 8709 22
8691 8890 1
8692 8694 1
8692 9282 2
8692 9701 1
8692 8925 2
8692 9253 1
8692 9022 1
8692 9149 2
8692 9848 2
8692 8989 3
8696 9482 1
8697 9798 1
8697 9514 3
8697 9938 1
8698 8999 3
8698 8945 1
8700 9208 2
8701 9034 2
8701 9591 1
8702 9013 1
8702 8755 2
8703 9549 1
8707 9080 1
8707 9389 1
8707 9002 1
8707 9920 1
8707 8746 6
8707 9371 15
8707 8920 1
8707 8983 1
8707 9248 1
8709 9799 6
8709 8797 1
8709 9574 1
8710 9229 1
8710 9311 1
8710 9736 1
8710 9778 2
8710 8847 200
8710 9747 1
8710 9530 2
8711 8865 1
8712 8997 1
8712 8721 1
8713 9579 3
8713 9297 2
8713 9872 1
8714 9885 1
8714 9026 1
8714 9830 1
8714 8758 75
8714 9930 1
8715 8996 1
8715 9705 2
8716 8883 2
8716 9496 1
8716 9693 1
8716 9701 10
8716 9267 1
8718 8783 1
8718 8933 4
8718 9441 1
8718 9018 2
8718 9280 1
8718 9761 9
8718 9147 1
8718 9577 1
8718 9808 1
8719 8885 9
8720 9194 7
8720 8752 1
8720 8883 2
8720 9032 1
8720 9288 2
8721 9121 2
8721 9082 1
8721 9995 1
8722 9742 1
8722 9191 1
8722 8723 1
8724 9408 1
8726 9287 1
8727 9920 2
8727 9243 1
8727 8922 1
8727 9000 1
8727 9304 1
8728 8804 1
8729 9008 1
8729 8819 1
8730 9163 1
8730 8916 1
8730 9140 45
8731 9832 1
8731 9579 4
8731 8852 1
8731 9283 1
8731 9947 1
8731 9965 1
8731 9899 1
8732 9381 2
8732 8856 1
8733 8914 1
8733 9337 1
8734 9129 1
8734 9754 2
8735 9892 1
8735 9122 3
8735 9718 1
8735 9887 2
8737 9116 1
8738 9272 1
8739 8841 2
8740 9250 55
8740 9260 1
8740 9793 1
8741 9927 2
8743 9355 1
8744 9549 1
8744 8788 4
8745 8842 1
8746 8926 1
8747 8767 1
8748 8907 1
8749 9464 1
8749 9687 1
8749 9696 1
8750 9295 1
8752 8849 1
8754 9667 1
8754 9414 1
8755 9195 2
8755 9746 1
8755 9308 1
8755 9568 1
8756 8940 2
8757 9772 1
8757 9830 1
8757 9246 1
8757 9508 1
8757 8765 1
8757 8857 2
8757 9085 3
8757 9677 1
8761 9951 2
8761 9034 1
8765 9047 3
8766 9462 1
8767 9880 1
8769 8928 1
8769 9050 1
8771 9039 2
8772 8839 1
8772 9259 1
8772 8797 1
8773 9591 1
8774 9475 2
8774 9176 6
8774 9268 1
8774 9300 1
8777 8809 2
8777 9833 17
8777 9970 1
8777 9486 4
8777 9525 2
8778 9985 1
8779 9592 1
8779 9382 1
8780 9241 1
8780 9402 1
8780 9256 79
8780 9360 1
8780 9707 1
8780 9671 2
8782 9408 1
8783 9034 1
8784 9441 1
8784 9223 1
8784 9775 17
8786 9352 2
8788 9244 2
8789 9047 4
8789 8992 1
8790 8801 1
8790 9575 1
8791 9631 1
8791 9236 1
8791 9671 198
8791 9052 4
8791 9704 1
8791 9742 1
8796 8966 2
8798 8912 1
8801 8997 1
8802 8987 2
8802 9419 1
8804 9939 5
8804 8976 1
8804 9210 21
8807 9286 1
8807 9935 3
8807 9630 1
8807 9471 1
8810 9510 1
8810 9404 2
8812 9656 5
8812 8990 5
8812 8929 2
8812 9707 1
8813 9454 1
8814 9922 1
8814 9022 3
8814 9584 2
8814 9281 3
8814 9692 1
8814 9719 19
8814 9779 1
8817 9927 41
8819 9390 12
8819 9418 1
8819 9680 1
8819 9879 2
8819 9990 2
8821 9122 1
8822 9001 1
8826 9084 3
8826 9425 1
8826 9546 2
8827 9355 1
8827 9857 1
8827 9907 5
8828 9028 1
8831 9777 2
8831 9772 1
8831 9029 1
8832 9616 1
8835 9619 2
8836 9303 1
8836 9809 1
8837 9846 1
8837 9148 2
8839 8968 1
8840 9952 1
8841 9047 1
8842 9876 2
8842 9377 1
8843 8846 5
8843 8981 17
8843 9650 7
8846 9208 1
8849 9920 1
8849 9704 5
8849 9546 2
8849 9692 4
8849 9803 1
8850 9476 6
8850 9941 6
8851 9792 1
8851 8936 1
8855 9872 1
8856 9043 1
8856 9437 1
8857 9668 3
8858 9793 1
8859 9728 1
8859 9405 1
8859 9756 5
8861 9859 1
8864 9985 1
8866 9053 2
8867 8940 1
8868 8930 1
8868 9080 1
8868 8993 4
8868 9255 3
8869 9289 3
8869 9937 1
8869 9568 1
8869 9249 1
8871 9881 1
8871 9274 1
8871 9288 1
8871 9461 1
8874 9064 1
8875 8879 1
8875 8889 2
8876 9306 2
8876 8970 2
8877 9137 1
8877 9138 2
8877 9818 1
8879 9997 1
8879 9239 75
8879 9697 2
8879 9035 1
8879 9773 17
8879 9830 2
8881 9003 1
8881 9505 1
8881 9352 1
8881 9781 5
8881 9223 1
8881 9618 9
8882 9887 1
8886 9233 1
8886 9857 3
8886 9936 2
8887 8914 1
8889 9608 1
8889 9688 1
8890 9944 1
8894 8898 1
8896 9660 1
8897 9963 12
8898 9490 3
8898 9698 1
8898 9393 2
8898 9822 1
8898 9563 1
8901 8913 1
8901 9574 1
8901 9809 2
8902 9974 1
8902 9438 1
8905 9429 3
8909 9013 1
8909 9039 1
8910 8959 2
8911 9399 1
8912 9927 2
8913 9041 1
8913 8984 1
8913 8931 2
8913 9590 1
8913 9267 14
8913 9935 9
8913 9842 1
8914 9741 1
8914 9317 25
8914 9236 2
8914 9253 2
8914 9440 15
8914 9523 1
8917 9010 4
8918 9317 16
8918 9393 24
8918 9575 8
8918 9194 1
8918 9452 4
8918 9734 1
8919 9167 1
8919 9216 1
8920 8937 1
8923 9163 1
8923 9445 1
8923 9143 1
8923 9283 1
8923 9236 1
8923 9918 1
8925 9054 1
8926 9003 2
8926 9461 6
8926 9864 1
8926 9950 1
8926 9463 2
8926 9994 1
8928 9103 4
8928 9197 6
8928 9414 3
8928 9296 2
8928 9880 7
8930 9097 1
8934 9465 1
8936 8951 1
8936 9582 3
8937 9842 4
8937 9728 1
8940 9235 1
8940 9404 1
8941 9039 1
8943 8980 1
8943 9720 2
8946 9862 1
8946 9813 4
8946 9536 12
8948 9748 1
8950 9580 1
8950 9636 9
8952 8959 7
8954 9454 5
8956 8999 2
8956 9156 1
8956 9267 1
8958 9493 4
8958 9169 1
8959 9604 1
8960 9318 1
8960 9192 2
8960 9194 26
8960 9202 1
8961 9985 1
8962 8975 1
8964 9107 1
8965 9659 1
8965 9248 200
8966 9578 1
8966 9345 1
8966 9215 1
8966 9161 1
8966 9636 1
8967 9897 2
8967 9332 1
8967 9969 1
8968 9009 1
8972 8994 1
8978 9046 2
8980 9527 4
8985 9828 1
8986 9044 1
8990 9037 2
8992 9683 4
8992 9017 3
8992 9345 3
8992 9719 3
8995 9758 19
8995 9383 20
8996 9846 1
9001 9032 4
9001 9166 1
9001 9677 1
9002 9050 1
9005 9272 1
9006 9019 2
9007 9639 2
9008 9504 1
9009 9668 4
9010 9323 1
9010 9937 1
9013 9189 2
9013 9607 1
9013 9713 7
9013 9212 28
9013 9224 1
9013 9911 2
9014 9202 1
9014 9821 1
9015 9591 1
9016 9604 4
9016 9500 1
9019 9093 2
9019 9228 17
9020 9337 2
9025 9421 1
9025 9987 1
9026 9054 2
9027 9208 2
9028 9975 7
9028 9239 1
9028 9127 1
9028 9487 1
9028 9503 1
9031 9202 1
9033 9595 1
9034 9176 2
9034 9585 1
9036 9556 5
9036 9341 1
9036 9612 1
9037 9076 13
9037 9516 1
9039 9145 1
9039 9436 1
9039 9521 1
9039 9721 1
9039 9778 1
9044 9500 15
9044 9627 1
9046 9112 1
9047 9558 1
9047 9771 1
9047 9398 1
9047 9741 1
9048 9549 2
9050 9405 2
9050 9710 3
9051 9328 1
9051 9483 1
9051 9558 4
9051 9947 1
9051 9891 1
9051 9901 1
9051 9997 2
9053 9818 1
9053 9441 1
9054 9321 15
9058 9815 1
9058 9551 3
9063 9520 1
9063 9177 1
9063 9105 6
9063 9261 1
9063 9890 1
9064 9838 2
9066 9675 1
9066 9149 1
9069 9523 6
9069 9155 1
9071 9462 2
9074 9766 1
9075 9506 13
9075 9563 1
9075 9569 3
9082 9097 3
9083 9780 5
9091 9591 1
9094 9596 1
9094 9457 1
9098 9199 15
9108 9462 1
9119 9437 1
9119 9316 1
9119 9999 1
9132 9527 1
9132 9878 1
9135 9462 1
9137 9859 1
9140 9549 1
9147 9446 1
9148 9885 1
9153 9980 2
9163 9859 3
9166 9951 1
9175 9766 1
9180 9662 2
9187 9709 1
9193 9634 1
9193 9965 1
9202 9668 2
9205 9372 1
9210 9792 1
9215 9985 1
9219 9462 2
9224 9655 3
9225 9748 1
9229 9337 1
9239 9655 1
9251 9655 2
9272 9841 1
9272 9518 1
9294 9766 1
9295 9872 2
9295 9567 1
9303 9619 6
9304 9792 1
9308 9372 5
9316 9381 23
9324 9668 1
9328 9381 4
9336 9622 1
9337 9414 4
9337 9643 1
9347 9985 1
9355 9859 1
9371 9446 2
9372 9918 2
9381 9727 1
9381 9442 1
9381 9520 1
9381 9989 4
9399 9693 1
9399 9508 2
9399 9640 1
9399 9734 1
9404 9553 1
9408 9818 9
9417 9465 1
9421 9553 1
9429 9598 2
9455 9591 2
9456 9692 1
9456 9742 10
9462 9914 4
9462 9903 1
9462 9703 2
9465 9804 1
9465 9853 18
9466 9676 1
9482 9774 1
9487 9595 2
9492 9527 1
9502 9816 1
9515 9543 1
9521 9774 1
9531 9614 1
9531 9630 1
9549 9590 2
9557 9748 8
9567 9595 1
9616 9845 1
9619 9886 1
9622 9906 1
9630 9766 3
9655 9684 1
9658 9774 1
9660 9878 1
9674 9927 1
9698 9748 4
9748 9892 1
9766 9851 1
9774 9842 4
9774 9925 1
9811 9878 1
9820 9836 1
9822 9985 1
9846 9865 2
9870 9985 1
9880 9951 3
9961 9992 2
9969 9985 2
