5 9367 1
5 9690 10
5 9862 1
5 9167 2
5 9995 1
5 9143 3
7 9455 2
13 8955 3
13 9199 2
13 8623 1
13 8971 1
32 8697 2
33 9304 1
33 9965 2
72 9085 10
72 9576 2
72 8801 5
72 8820 2
72 9484 6
72 8602 1
72 9540 8
72 8659 1
105 9182 1
105 8594 1
105 9648 1
105 9323 1
105 9932 1
105 9393 1
106 8826 1
115 9025 2
125 9419 1
125 8639 2
125 8577 1
125 9463 1
125 9017 1
125 9548 1
126 9067 1
147 9337 1
148 8830 1
148 9101 3
152 9585 5
152 9345 1
170 9502 14
170 9956 1
170 8582 8
184 9295 1
184 9669 2
184 9790 2
189 9301 1
189 9629 1
189 9689 1
189 8799 1
234 9001 1
236 9669 1
236 9011 1
236 8708 7
236 9190 2
236 9426 2
239 8893 1
239 9723 2
239 9743 8
242 8907 1
242 9264 2
242 9616 1
242 8952 1
242 8793 1
242 9390 1
242 9547 4
243 8602 1
243 9538 12
243 9453 1
250 9967 1
250 8789 4
253 9866 1
253 9079 1
253 9760 4
253 9819 1
253 9340 15
253 9693 1
270 9953 1
270 9020 9
270 9084 1
292 9432 1
292 9231 1
292 9521 17
292 9358 1
292 9481 1
292 9471 1
292 9523 1
292 8573 2
292 9156 1
292 9704 2
303 8633 3
303 8825 1
303 8921 1
303 9154 6
303 9587 1
303 8675 1
303 9796 1
303 9851 1
315 8882 1
315 8923 9
315 8976 1
315 9878 2
315 9324 1
315 9665 1
322 9363 2
322 8908 8
322 8933 3
336 9495 1
336 9382 2
350 9722 2
350 8578 2
350 9745 2
350 8654 1
350 9416 1
350 9797 1
350 9103 1
368 8828 1
368 8931 1
377 9460 6
377 8822 3
377 8761 19
377 9852 1
381 9310 1
381 9374 1
381 8666 2
381 8855 1
381 9213 1
381 9933 1
403 9836 1
403 9968 1
403 8607 1
403 9236 1
413 9579 1
419 9009 6
419 9046 1
432 9871 1
432 8651 2
432 9192 1
441 8682 1
441 9091 2
441 9650 1
449 9559 1
452 8965 1
452 9267 1
463 9389 1
463 9803 1
498 9139 2
498 9382 1
498 8600 1
498 9161 1
498 9518 2
504 9523 2
504 9261 1
507 8630 1
507 8759 1
507 9176 2
507 9258 1
507 9885 1
507 8879 1
507 9037 2
515 9027 1
515 8990 2
516 9735 7
516 9278 2
516 9238 9
516 9230 1
573 9918 1
573 8823 7
573 9454 1
573 9714 2
577 9576 135
577 9590 1
577 9716 6
577 8833 3
577 8992 1
577 9391 5
577 9397 1
579 8753 1
579 8992 3
579 9600 1
590 6505 1
590 9594 1
590 9971 1
590 9318 1
590 8752 2
590 8598 1
590 9946 2
590 9068 5
590 9189 1
590 9281 2
607 8889 1
607 9147 1
607 9642 3
607 8745 1
607 9780 1
609 9993 2
609 8922 2
609 8959 1
643 9827 1
643 8960 1
643 8984 4
664 9109 4
664 9053 1
664 9015 3
666 8887 1
666 9596 1
666 9651 2
666 9123 4
670 8609 1
670 9296 200
670 9488 1
678 9668 1
678 9279 1
678 9339 2
681 8987 11
681 9951 1
681 9474 1
681 9591 1
681 9733 1
681 9014 1
715 8887 2
715 8792 6
715 9011 67
715 9210 15
715 8968 3
715 9199 1
735 9252 2
735 8715 2
735 9072 10
735 8868 1
744 9148 1
744 8678 1
760 9633 2
760 8573 1
760 8887 1
760 9330 1
761 9083 2
761 9913 2
761 8604 3
761 9295 1
761 9545 7
762 9409 1
762 9249 2
762 9943 3
762 9997 5
762 9951 1
762 8892 2
762 9849 1
770 8585 1
770 9071 1
770 9747 200
770 8671 1
770 9152 2
770 9398 1
785 9058 1
785 9370 1
789 9620 1
789 9718 1
792 8755 1
796 9931 6
796 9837 7
796 9066 1
806 9036 8
806 9432 1
813 9085 1
813 8602 31
813 8835 34
813 9134 1
826 8604 2
826 9475 3
860 9460 2
860 8815 1
860 9154 2
860 9665 1
860 8589 3
860 9071 1
860 9759 1
874 8966 1
874 8971 5
874 9805 101
897 9056 2
897 9820 2
902 9107 1
902 9982 1
902 8767 1
902 9218 1
906 9032 2
906 9749 2
906 8655 1
906 9251 9
940 9777 1
940 9456 2
940 8579 1
940 9644 1
940 8917 5
963 8609 1
963 9871 1
964 9679 2
964 9422 1
964 9799 1
965 9793 1
965 9267 1
965 8806 1
965 9102 2
967 8693 1
967 8882 1
967 9208 1
977 8931 2
977 9999 1
986 8925 1
1008 9831 14
1008 9486 1
1008 9345 1
1008 9669 1
1008 8811 3
1008 9845 2
1008 9891 2
1008 9946 1
1014 9064 1
1014 8850 2
1014 9714 3
1014 9165 1
1014 9869 1
1024 9541 6
1024 9239 1
1024 8590 1
1024 9472 1
1028 9389 3
1028 9987 1
1028 8719 1
1028 8721 1
1028 9054 1
1028 9734 2
1028 8781 3
1028 9444 1
1028 9742 1
1028 9177 12
1028 9481 1
1033 9304 3
1033 9447 2
1033 8660 1
1033 8697 1
1033 9650 4
1033 9347 4
1038 8589 1
1038 9289 1
1039 9139 1
1039 9313 2
1039 8716 1
1039 9047 1
1055 9100 1
1055 9906 1
1055 9690 1
1055 9750 1
1069 9026 2
1069 9615 2
1069 9894 5
1069 8869 2
1069 9723 1
1074 9786 1
1110 8719 1
1110 8598 1
1116 9223 4
1116 8573 1
1116 9020 1
1116 9230 1
1116 9647 2
1116 9657 3
1120 8971 1
1120 8701 1
1120 8930 9
1121 9290 1
1121 9196 3
1121 9901 1
1144 9752 1
1144 8706 1
1145 9354 1
1145 9131 2
1145 9167 1
1145 9919 27
1145 9920 5
1146 9662 4
1146 8761 14
1157 9704 1
1157 9013 3
1160 9203 1
1160 9080 2
1160 9503 1
1160 9387 1
1175 9210 2
1175 9373 6
1175 9533 1
1175 9871 6
1175 8723 1
1175 8826 1
1175 8971 1
1176 9389 1
1176 9025 6
1234 9068 1
1248 9392 20
1248 9399 2
1248 8877 1
1248 9551 1
1248 9754 1
1248 8613 1
1248 8633 1
1248 8981 1
1253 8970 23
1253 9633 1
1253 9311 1
1253 8681 3
1253 9200 1
1253 9751 1
1261 9015 1
1261 8851 7
1261 9147 12
1261 9911 5
1261 9446 1
1261 9873 2
1277 8720 2
1277 9135 3
1288 9003 1
1288 9533 2
1288 8870 1
1288 9269 1
1290 9932 5
1290 8618 1
1290 9456 1
1290 8907 11
1296 8712 1
1296 8865 1
1296 8958 2
1296 9452 1
1297 8635 3
1297 9227 2
1315 9861 3
1315 8925 3
1315 9628 1
1316 9475 1
1316 8856 1
1316 9679 1
1323 8758 1
1323 9968 1
1323 9480 4
1323 8843 2
1323 8923 1
1323 8985 3
1326 9064 1
1326 9667 10
1326 9141 1
1326 9901 1
1326 8967 1
1332 9795 1
1332 9996 6
1355 9008 1
1355 9901 2
1355 8897 5
1355 9767 1
1375 9340 1
1375 9049 1
1375 9841 1
1377 9700 1
1377 8823 1
1377 9135 3
1377 8607 1
1377 8706 1
1377 9349 3
1377 9482 18
1377 8920 1
1377 9559 1
1377 9863 8
1377 8597 1
1377 9100 1
1385 9697 1
1385 9300 8
1385 9462 1
1416 9100 1
1416 8804 3
1416 9371 2
1416 9960 1
1442 9635 3
1442 8664 4
1457 9964 1
1457 8718 1
1457 8694 1
1462 9796 1
1462 8701 1
1462 9757 1
1483 9617 2
1483 8592 2
1487 8766 1
1487 9426 1
1487 9949 1
1504 9368 1
1504 9699 1
1504 9551 1
1504 9966 1
1505 9232 12
1505 9088 1
1507 9642 2
1507 9862 1
1507 9576 5
1507 9619 1
1507 8825 2
1513 9194 3
1513 9492 1
1513 8662 200
1519 8647 2
1519 8662 1
1519 9261 1
1519 8641 1
1519 9252 1
1535 9635 1
1535 8693 3
1535 9632 1
1535 9720 39
1535 9703 1
1536 9227 1
1536 9574 1
1536 9547 1
1536 9525 1
1536 9922 1
1536 9818 1
1559 9597 7
1559 8807 1
1572 8715 1
1572 9888 1
1572 9461 3
1576 8851 1
1576 9048 5
1576 8671 3
1576 8993 7
1576 9349 2
1576 9358 3
1576 9990 2
1576 8651 1
1576 8736 1
1594 9372 1
1594 8884 5
1594 9621 2
1598 8955 1
1598 9445 5
1598 9144 4
1611 8936 1
1611 8906 1
1611 9177 6
1611 8715 2
1627 8648 1
1627 8638 1
1627 9875 1
1627 9926 1
1635 8684 1
1635 8814 4
1635 8968 2
1635 9329 8
1635 8595 1
1635 8952 3
1635 9861 1
1640 9833 1
1640 9375 1
1640 9210 3
1647 9239 2
1647 9876 2
1647 9129 1
1647 9290 1
1647 9301 1
1661 9297 2
1661 9691 1
1661 9859 1
1661 9213 1
1661 8967 1
1661 9775 15
1661 9661 2
1677 9413 1
1677 9106 1
1677 9150 1
1691 8708 1
1691 8771 1
1691 8967 1
1691 9674 10
1691 8755 26
1691 8830 3
1694 8731 1
1694 8589 1
1694 8819 2
1694 9768 2
1694 9827 1
1702 9982 1
1702 8897 1
1703 9587 1
1703 8806 1
1706 9958 1
1706 9964 12
1706 9961 1
1708 9285 1
1708 9774 1
1708 9989 1
1708 9066 4
1709 9988 1
1709 9876 9
1709 9689 1
1709 8671 29
1709 9300 1
1709 9172 1
1709 8594 2
1709 8799 1
1725 8779 2
1725 9161 1
1725 9082 2
1725 9419 7
1726 8613 1
1732 9753 1
1732 8838 2
1732 8710 1
1736 9462 1
1736 9319 1
1736 9070 2
1736 9984 1
1737 9663 1
1737 8602 4
1737 9141 1
1737 9822 1
1737 9067 13
1766 9922 5
1773 8930 1
1775 8659 1
1775 8635 4
1775 8955 1
1775 9863 1
1776 9493 13
1776 9656 3
1776 9555 1
1776 9600 2
1812 9265 23
1812 9012 1
1812 8597 2
1812 8781 3
1812 9633 1
1812 9725 1
1821 9589 1
1821 8919 1
1821 9390 3
1829 8689 1
1829 8778 1
1829 9305 6
1829 9498 1
1829 9869 1
1829 9424 1
1829 9475 3
1829 9563 1
1833 9469 1
1833 9752 1
1833 9625 1
1841 8820 6
1841 9197 1
1841 9245 1
1850 9644 1
1850 9980 6
1850 9278 1
1850 9194 1
1857 8928 73
1857 9426 2
1857 8692 1
1857 9373 1
1857 9535 1
1857 8838 1
1857 9102 7
1879 9720 1
1879 8592 2
1879 9014 1
1879 9076 1
1879 9220 2
1879 9066 1
1879 9499 1
1879 9203 2
1902 8684 1
1902 9213 2
1902 9583 3
1911 9617 1
1911 9902 4
1911 9977 1
1911 9201 2
1911 9835 2
1911 9374 3
1922 9609 1
1922 9635 1
1922 9921 2
1922 9870 1
1936 9391 1
1936 9902 1
1939 8615 2
1939 9462 1
1943 9155 8
1943 9015 2
1955 9752 1
1955 9808 4
1955 9309 4
1955 9119 1
1969 8699 1
1969 9968 1
1969 9253 2
1969 8843 3
1969 9629 1
1970 9667 1
1970 8881 4
1970 9847 5
1970 8578 1
1970 8777 1
1970 9171 1
1970 9585 1
2000 9971 1
2000 8647 1
2001 8803 5
2001 8997 6
2001 9326 1
2001 9433 1
2001 9748 1
2001 9623 18
2001 8945 1
2001 9675 1
2006 8701 1
2006 9158 4
2012 8823 4
2012 9628 1
2012 8638 2
2012 8865 1
2012 9968 1
2015 8776 1
2015 9813 1
2015 8585 4
2015 9219 1
2015 9537 1
2019 9578 3
2019 9845 5
2036 9289 1
2036 9480 4
2036 9350 1
2036 9584 1
2036 8949 2
2036 9860 5
2045 9085 1
2045 9508 4
2049 9128 2
2049 9455 1
2049 9485 1
2051 9790 1
2051 9064 1
2051 9223 1
2052 9956 1
2052 8571 1
2052 8997 1
2068 9083 1
2068 9537 5
2068 9135 1
2085 9025 2
2085 9322 2
2085 9744 1
2085 8699 9
2085 9281 1
2085 9109 1
2085 9647 5
2102 9318 4
2102 8868 2
2102 9463 1
2102 8768 1
2102 9479 2
2127 9315 4
2127 8787 10
2127 9232 38
2127 9575 1
2137 9347 1
2156 9665 2
2156 9578 1
2156 9117 1
2156 8771 2
2156 9236 2
2156 9171 1
2156 9375 2
2159 9723 21
2159 8660 1
2159 9666 2
2165 8992 5
2165 9407 3
2165 9377 2
2165 9940 1
2184 8967 4
2184 9166 1
2187 9228 1
2187 9165 3
2187 9553 1
2187 9983 1
2187 9669 1
2215 9132 2
2215 8838 1
2215 9879 1
2215 9846 1
2215 8594 1
2215 9068 1
2222 9138 1
2222 9829 2
2222 8884 1
2222 9750 1
2222 9833 1
2222 8948 1
2222 9013 32
2243 9723 1
2243 9903 3
2243 9960 3
2243 8577 2
2243 9362 1
2252 9889 1
2252 9024 2
2297 9143 1
2297 8771 1
2297 8750 1
2297 8849 1
2297 9027 1
2305 9398 19
2305 8954 3
2305 8792 1
2305 8906 1
2326 9807 2
2344 9507 2
2353 8618 1
2367 9949 2
2367 8668 2
2372 8606 1
2372 9420 2
2379 9890 1
2379 8923 1
2379 9595 4
2379 8851 5
2379 9524 5
2379 9862 1
2392 9346 2
2392 9669 1
2392 9379 1
2392 9664 1
2392 8592 2
2392 9905 122
2392 8598 2
2392 9616 1
2392 8621 2
2392 9478 2
2392 9573 30
2411 9105 2
2411 9149 10
2411 9069 1
2417 9033 2
2417 8954 1
2417 9680 1
2418 9735 6
2418 8799 1
2418 8755 1
2418 9119 2
2418 9140 1
2434 9766 2
2434 9376 1
2434 9964 1
2440 9179 1
2455 9748 1
2455 9551 1
2458 9424 1
2463 9964 1
2463 8720 16
2463 9405 1
2463 8608 2
2463 8767 1
2463 9077 3
2463 9115 1
2463 9363 2
2463 9590 1
2463 9649 1
2484 9155 1
2484 8908 3
2484 8810 2
2484 9986 1
2508 9017 3
2508 8766 1
2517 9612 146
2521 9231 7
2521 8595 3
2540 9182 1
2540 9184 1
2540 9542 1
2547 9945 1
2547 9437 1
2547 9794 1
2576 8700 1
2576 9827 1
2597 9833 1
2597 9374 1
2597 8953 1
2597 8954 1
2597 9308 3
2597 9981 1
2597 9738 1
2614 8689 5
2614 9521 1
2614 9847 1
2614 9716 1
2614 8912 4
2614 9767 1
2614 9024 1
2619 8781 1
2619 8990 8
2628 9071 1
2628 9498 1
2628 8809 1
2628 9861 2
2628 9004 1
2628 8648 1
2628 9532 3
2635 8776 1
2635 9302 1
2637 8819 1
2637 9061 1
2637 9609 2
2637 9492 1
2637 9853 3
2642 8863 1
2642 8645 4
2642 9313 3
2642 9814 1
2642 9804 7
2654 9946 1
2654 8818 2
2659 9464 1
2659 9277 1
2659 8947 1
2659 9406 1
2659 8682 4
2659 9722 1
2674 8708 1
2693 9202 1
2693 8957 15
2780 9317 2
2780 9300 1
2781 8992 3
2781 9679 1
2781 9662 1
2781 8934 1
2781 9512 1
2800 9261 1
2824 9842 2
2824 8634 8
2834 9920 1
2834 9775 2
2837 9913 1
2837 8682 4
2837 8588 1
2837 8965 6
2850 8827 1
2850 9933 2
2850 8951 1
2851 8698 6
2851 9169 5
2858 9534 1
2858 9909 1
2869 9203 3
2869 9501 1
2870 9941 3
2870 9318 4
2870 9391 1
2873 8768 2
2873 8746 1
2873 9007 1
2873 9943 2
2898 9393 1
2898 8992 1
2898 9713 1
2898 9463 1
2898 8794 4
2900 9853 1
2900 8666 1
2915 8912 1
2915 9377 1
2915 9222 1
2915 9634 4
2916 9720 1
2916 8763 1
2922 9168 1
2922 9009 2
2929 9107 1
2974 9634 1
2974 9252 2
2974 8664 1
2974 9399 1
2974 8680 1
2974 9346 3
2985 9725 1
2985 8695 1
2985 8947 1
2985 9117 1
3014 9278 1
3014 9597 1
3014 9846 4
3014 9161 1
3014 9539 1
3046 9980 1
3046 9464 13
3046 8879 1
3046 9151 1
3046 9379 3
3046 9268 5
3046 9999 1
3057 9579 1
3057 9885 1
3062 9324 1
3062 9714 1
3062 9237 1
3062 9235 1
3062 9386 8
3062 9575 1
3062 9444 1
3063 9277 1
3063 9142 1
3063 8988 1
3063 9370 13
3063 9942 1
3078 8572 6
3078 8968 1
3079 8800 1
3079 9165 1
3079 9640 15
3079 9663 6
3096 9625 5
3096 8836 4
3096 9337 1
3102 9488 2
3102 9084 1
3109 9854 1
3109 9697 1
3109 9574 1
3109 9881 7
3146 9714 1
3146 9688 4
3146 8824 2
3146 8952 8
3146 8988 1
3159 9345 1
3159 8925 1
3161 8779 6
3161 9330 1
3161 9588 2
3161 9542 2
3161 9883 1
3161 9992 1
3167 8713 1
3170 9774 2
3201 8892 42
3201 9121 1
3201 9368 1
3211 8852 4
3211 8796 1
3215 8612 1
3215 8662 2
3215 9350 1
3215 8969 1
3215 9511 1
3215 9992 3
3225 9451 1
3225 9931 2
3225 9004 3
3225 9635 1
3225 9055 2
3225 9578 56
3225 9644 1
3236 9064 1
3236 9909 1
3236 9894 2
3236 9113 3
3236 9553 1
3239 8822 1
3239 9883 54
3249 9446 1
3266 9891 2
3266 9553 1
3266 9726 1
3266 9834 1
3281 8928 2
3281 8582 1
3308 9373 3
3308 8860 2
3312 9957 1
3312 9526 1
3312 9675 1
3312 9784 1
3316 9880 1
3316 8882 1
3316 9249 1
3316 9589 1
3316 8639 1
3326 9151 1
3326 8804 2
3326 9210 1
3326 9392 1
3326 9874 5
3326 9876 1
3326 9959 1
3337 9813 1
3337 9264 2
3337 9564 1
3342 9846 1
3342 9300 1
3342 8704 1
3365 8856 1
3365 9282 1
3365 9266 1
3365 9887 14
3365 9986 1
3370 9745 2
3370 8868 1
3370 9434 1
3370 8588 2
3370 8995 1
3370 9875 53
3370 9082 2
3378 9697 2
3380 9435 3
3380 9727 2
3380 9974 2
3381 9909 1
3381 8800 1
3381 9220 2
3388 9318 15
3388 9219 1
3388 9779 5
3388 9596 2
3388 9967 1
3395 9307 1
3395 9243 1
3395 9305 5
3395 9348 26
3395 9974 1
3397 9869 1
3397 8608 1
3397 9362 3
3426 9583 1
3426 8831 1
3436 9869 1
3436 9047 9
3436 9317 1
3447 9657 1
3458 8881 2
3458 9989 1
3458 8593 1
3461 9644 1
3461 9072 1
3461 8696 1
3462 9261 1
3462 9131 1
3462 9350 1
3462 9558 17
3462 9307 1
3462 9517 1
3470 9539 1
3470 9852 3
3471 8694 1
3471 8588 1
3471 9100 1
3471 9583 1
3511 8634 3
3511 9363 2
3511 8816 1
3511 9289 2
3511 9402 1
3511 8988 1
3511 9482 1
3540 9803 1
3544 9429 1
3544 9428 4
3544 9824 5
3544 9894 1
3547 9872 2
3547 8827 1
3547 9411 2
3550 9830 3
3550 9722 2
3550 9274 1
3550 9665 1
3550 9082 5
3563 8837 1
3563 8635 3
3563 9653 1
3564 9923 1
3564 9478 1
3564 9090 1
3572 8660 1
3572 9261 1
3572 9660 3
3572 8843 2
3572 8985 1
3572 9385 4
3579 9127 1
3579 9406 6
3579 9033 5
3579 9235 1
3579 9358 1
3603 8936 1
3603 9716 1
3623 9135 25
3623 8578 1
3623 9922 1
3623 9623 1
3623 9645 4
3623 9155 2
3623 9647 27
3623 9752 1
3629 9226 4
3629 9664 2
3629 9888 3
3631 9566 15
3631 9983 2
3634 9883 1
3634 9017 35
3634 9310 1
3680 9368 1
3690 9632 1
3690 9151 7
3691 9649 1
3691 8639 1
3691 9743 28
3691 8853 1
3691 9638 4
3704 9585 1
3704 9661 1
3704 9483 2
3711 9607 1
3711 9698 1
3717 8987 1
3717 8900 1
3717 9277 1
3724 9662 1
3724 9900 1
3725 8853 1
3725 9324 1
3725 9833 2
3725 8892 1
3725 9088 1
3725 8935 2
3758 9472 1
3758 9474 1
3758 9427 3
3758 9624 1
3782 9626 1
3782 9435 1
3782 9850 20
3798 9934 3
3807 8630 1
3807 9144 1
3807 9638 2
3807 9546 1
3824 9062 1
3824 9089 1
3824 9166 1
3829 9307 13
3829 9591 3
3829 9195 5
3833 8600 2
3833 8753 2
3844 9847 1
3845 9819 2
3845 8918 1
3845 9167 21
3845 8979 1
3845 9927 1
3856 9386 1
3856 8632 14
3856 8824 1
3856 9737 2
3856 9138 1
3856 8647 2
3859 9979 22
3863 9393 1
3863 9704 1
3863 9317 1
3863 9729 111
3863 9829 3
3878 9857 2
3881 9529 1
3890 8969 2
3894 8765 1
3894 9416 1
3903 8599 1
3903 9544 8
3908 9189 1
3908 8668 2
3908 9903 5
3908 9263 2
3908 9733 1
3911 9020 1
3911 9064 1
3911 8950 1
3911 9448 2
3911 9906 1
3913 8979 3
3913 8678 20
3913 9923 13
3917 8618 2
3917 9150 1
3917 9450 1
3917 9813 1
3917 8951 1
3947 9995 1
3947 9998 2
3947 8941 1
3947 9128 2
3947 9402 1
3949 9386 1
3949 9664 1
3949 9839 3
3953 9440 2
3953 9759 39
3958 9397 3
3964 8805 1
3964 8900 1
3964 9407 3
3964 9623 1
3964 9713 1
3967 9194 1
3967 9080 1
3997 9486 1
3997 8687 1
3997 9421 1
3997 9916 1
4028 8944 10
4028 9145 1
4030 9636 1
4030 8633 1
4030 8768 1
4030 9237 2
4030 9542 1
4034 9226 3
4034 9014 4
4034 9593 1
4034 9991 2
4054 9900 1
4054 8925 3
4054 9413 1
4054 9649 1
4063 9440 2
4063 9395 6
4063 9869 1
4073 9411 17
4073 8639 1
4073 9354 5
4082 8667 1
4082 9132 43
4082 8886 1
4082 9813 2
4082 8728 1
4082 9420 1
4083 9555 1
4085 9662 1
4085 9657 1
4085 9753 2
4085 9413 6
4085 9316 1
4098 9807 1
4109 9164 2
4109 9042 10
4133 8801 2
4133 9790 1
4139 9301 1
4139 8577 1
4139 9383 4
4139 8816 1
4149 8805 1
4149 8928 1
4149 9196 1
4149 9933 3
4149 9556 13
4150 8906 2
4154 9974 200
4170 9834 4
4170 8984 1
4170 9634 1
4170 8577 3
4181 8968 1
4181 9538 4
4204 9636 1
4204 8590 1
4204 8752 2
4204 9158 1
4204 9706 1
4204 9982 1
4207 9083 1
4207 8944 2
4208 8960 1
4208 9959 1
4208 9054 64
4208 9238 1
4210 8823 2
4210 9197 2
4210 9237 4
4210 9344 2
4216 9091 3
4216 9105 1
4216 9429 1
4217 8948 1
4217 8846 1
4217 8865 2
4217 8612 1
4217 8918 2
4217 8925 3
4219 9698 2
4219 9381 1
4219 9455 1
4219 9588 2
4233 9940 1
4233 9376 1
4233 8682 1
4246 9195 1
4253 9706 2
4253 9829 12
4253 9517 1
4253 8969 1
4253 8707 1
4253 9662 1
4258 9113 1
4275 9533 1
4282 8610 1
4282 8970 1
4282 9556 2
4282 9695 1
4295 9678 4
4295 8834 1
4295 8945 9
4301 9764 1
4301 8868 1
4301 9987 1
4301 9310 14
4301 9460 1
4301 8618 1
4301 9138 1
4301 9235 1
4301 9333 1
4301 8881 1
4301 8921 1
4306 8935 1
4306 9479 1
4306 9609 2
4341 8774 1
4341 9190 3
4341 9199 1
4341 9304 1
4345 9532 1
4345 9919 2
4345 8831 1
4345 9131 2
4345 9666 49
4345 9959 1
4345 9223 13
4345 9690 1
4345 9818 1
4345 9798 2
4347 8855 1
4347 9140 3
4347 9885 1
4354 9760 1
4354 9474 1
4354 9588 1
4354 9449 1
4354 9329 1
4354 9414 1
4354 9699 1
4354 9861 1
4363 9213 1
4363 8771 23
4363 8886 3
4363 8995 1
4363 9028 2
4363 9401 1
4373 9587 3
4373 8825 1
4373 8885 2
4417 8879 2
4417 9004 6
4417 9015 2
4417 9875 4
4419 9279 2
4419 8836 1
4419 9025 2
4419 9229 1
4419 8951 6
4419 9620 2
4419 9037 1
4419 9988 1
4419 9357 1
4419 9931 2
4427 8888 1
4427 9538 1
4427 8815 1
4427 8949 1
4434 8935 1
4434 9506 1
4436 8627 1
4436 8841 2
4436 9343 4
4442 9169 1
4442 8625 1
4442 9558 1
4442 9649 1
4442 9713 1
4442 9981 1
4442 9228 7
4444 9451 1
4444 8972 2
4444 9013 13
4444 9391 1
4444 9392 2
4444 9157 10
4444 9227 1
4444 9335 1
4455 9984 1
4455 9897 1
4455 9660 20
4455 9409 1
4457 8755 1
4457 8810 1
4457 8803 1
4473 9723 1
4473 8632 2
4473 9900 1
4487 9152 3
4487 9234 24
4487 8667 1
4487 8765 2
4487 8822 1
4487 9526 1
4487 9854 1
4487 9972 1
4501 8754 1
4501 9956 2
4501 9942 1
4501 9506 1
4501 8984 12
4501 9264 1
4501 8570 5
4501 8867 1
4501 9058 1
4513 8780 1
4517 8987 1
4517 9972 1
4517 8752 1
4517 9982 1
4520 9737 5
4520 8613 1
4522 8970 2
4522 8706 1
4529 9546 3
4529 8936 1
4529 9218 6
4529 9369 7
4529 9962 1
4539 8981 1
4539 9004 1
4539 9804 1
4539 8815 1
4539 8877 1
4539 8718 1
4582 9733 1
4582 9329 1
4582 9171 3
4597 9526 1
4597 9894 2
4597 8866 1
4606 9032 1
4606 9748 2
4606 8748 5
4606 8745 3
4612 9458 33
4617 9074 10
4617 9451 1
4617 9748 1
4617 8836 1
4617 9283 1
4625 8834 3
4625 9873 3
4625 9319 1
4639 9830 2
4639 9447 10
4643 9789 1
4643 9144 9
4643 9718 1
4645 8920 1
4645 9720 3
4653 9617 6
4653 9940 17
4653 8689 1
4653 9437 1
4654 8933 1
4654 9967 4
4654 8976 2
4654 9225 10
4655 9666 9
4655 9357 2
4655 9549 1
4657 9434 26
4663 9165 1
4663 9315 1
4663 9723 3
4663 9787 1
4663 9900 1
4668 9061 58
4668 9333 1
4668 9750 1
4668 8719 1
4694 8660 2
4694 9298 2
4694 9106 91
4694 9837 1
4694 8616 12
4698 8632 5
4698 9792 3
4724 9818 1
4724 9814 1
4725 9303 1
4725 9852 1
4725 9960 4
4725 9862 2
4770 9593 2
4770 9839 1
4770 9420 1
4770 8953 2
4770 9916 1
4776 9129 3
4776 9202 1
4776 9435 3
4776 9055 1
4776 9788 3
4781 9370 17
4808 9580 2
4808 9025 1
4808 9125 2
4808 9785 1
4826 8922 4
4826 8997 1
4826 9026 1
4826 9313 1
4826 9987 1
4826 9506 1
4826 9848 1
4833 8809 2
4833 8758 1
4833 9076 21
4833 9182 1
4833 8599 4
4871 9784 1
4875 9413 3
4875 9505 1
4891 9645 1
4891 9714 15
4891 9238 1
4891 9814 3
4891 9733 1
4891 8632 3
4924 9688 1
4932 9149 1
4932 9786 1
4935 9954 1
4935 9101 1
4935 9462 1
4935 9808 9
4949 9734 1
4949 9908 1
4949 9012 1
4949 9923 1
4951 9548 1
4951 8748 2
4951 9239 1
4951 9782 1
4953 8678 1
4953 9252 7
4974 9069 1
4979 8888 1
4979 9159 3
4979 8577 10
4979 9332 11
4979 9123 1
4979 8606 5
4979 8641 1
4979 9053 1
4982 9369 2
4982 9059 1
4982 9880 3
4982 9954 1
4988 9793 3
4988 9020 1
4988 9587 1
4989 8791 1
4989 9657 2
5026 8800 2
5089 8690 2
5089 8819 4
5089 9919 1
5089 9878 1
5095 9750 2
5095 9377 1
5105 9131 2
5105 9501 21
5105 9817 2
5139 9642 1
5139 9258 1
5158 9090 1
5158 9532 1
5158 9975 1
5158 8928 1
5158 9979 13
5164 9033 1
5164 9751 1
5164 8974 1
5164 9067 2
5176 9071 3
5176 9737 2
5176 9406 1
5176 9893 1
5202 8764 1
5204 9983 5
5204 9760 1
5204 9226 2
5207 9754 68
5207 8710 1
5207 8726 1
5207 9349 1
5207 9737 1
5219 9972 12
5219 8740 1
5219 9366 1
5229 9279 1
5229 9685 1
5234 9326 1
5239 9008 1
5239 8570 21
5252 9447 1
5263 8599 7
5268 9228 4
5268 9138 1
5273 8731 1
5273 9872 1
5287 8883 3
5292 9430 1
5301 9042 1
5301 9597 1
5301 9007 3
5301 9687 1
5301 9289 1
5301 9385 1
5301 9629 1
5313 9557 1
5313 9670 1
5313 9392 1
5313 9819 1
5314 9949 1
5314 9720 1
5314 9253 2
5338 8791 1
5338 9099 1
5338 9008 1
5338 9728 1
5338 9628 1
5338 8820 2
5384 8955 1
5384 9139 1
5384 8896 5
5392 8696 1
5392 8862 2
5405 8916 3
5405 8780 1
5408 9789 1
5408 9450 1
5408 9502 1
5431 8594 1
5431 9055 1
5431 9776 3
5431 8896 1
5431 9038 2
5431 8627 1
5431 9951 3
5433 8654 1
5433 8582 1
5433 9730 2
5433 9411 7
5433 8723 1
5433 9714 3
5433 9931 1
5433 8628 2
5433 8699 1
5453 9915 1
5463 9753 1
5463 9995 1
5463 8585 1
5463 8874 1
5464 9177 2
5464 9107 1
5474 9159 1
5499 9634 1
5499 8690 1
5499 9810 1
5499 9462 18
5499 9563 3
5499 8575 1
5507 9334 1
5507 9607 1
5507 9864 4
5519 9192 1
5519 8966 1
5519 8862 23
5519 9837 6
5528 8579 2
5528 8792 4
5528 8862 1
5528 8677 1
5528 8808 1
5528 8716 2
5528 9008 1
5529 8814 1
5529 9304 1
5529 8666 3
5529 9887 1
5529 8598 1
5529 9911 1
5529 9508 4
5535 9510 1
5535 8654 1
5535 9419 2
5535 9595 2
5535 9345 1
5535 9568 1
5535 9789 1
5537 8966 1
5537 9705 1
5537 9635 1
5537 9835 1
5544 9458 1
5544 9742 1
5544 8866 1
5544 9259 2
5552 9474 2
5552 8688 1
5552 9723 1
5552 8695 1
5552 9653 2
5552 9142 1
5562 9397 1
5563 9767 4
5563 9615 1
5563 9596 1
5563 8572 4
5563 9806 2
5571 9142 11
5606 9028 1
5606 8688 4
5606 8720 1
5612 9072 22
5612 9946 1
5612 8819 1
5612 8845 4
5612 9541 1
5614 8967 1
5614 8613 1
5614 9211 3
5632 9615 1
5632 8740 1
5632 9129 1
5632 9297 1
5649 8570 1
5649 9805 1
5649 9381 1
5649 9866 2
5649 9902 5
5650 8601 1
5650 9905 1
5650 9079 3
5650 9695 3
5663 9456 25
5663 8907 1
5663 9272 2
5667 9429 1
5673 8837 1
5673 8808 1
5673 9049 1
5673 9313 1
5688 9924 1
5688 8754 2
5688 9830 1
5705 8902 1
5705 9342 1
5705 9755 1
5707 9307 2
5707 9108 1
5707 9827 3
5707 9403 2
5707 9155 1
5707 9493 1
5707 9953 12
5724 9354 2
5732 9690 2
5732 9451 1
5738 8595 1
5738 8681 1
5738 9228 1
5738 9281 11
5738 8698 1
5772 9859 1
5772 8697 1
5772 9427 3
5772 9552 53
5774 8707 1
5774 9103 20
5815 8960 4
5815 8657 1
5815 9168 1
5815 9540 1
5824 9993 2
5824 9201 2
5836 8595 1
5836 9847 3
5836 8675 1
5836 9062 1
5836 9150 1
5838 9164 2
5838 9200 1
5838 9615 3
5849 8929 1
5849 9233 1
5864 9249 1
5902 9845 1
5902 8820 1
5902 9234 8
5902 8704 1
5902 9369 28
5902 9712 1
5904 9143 2
5904 9815 2
5904 9089 1
5904 9471 1
5909 9551 1
5909 9680 1
5909 8845 2
5909 9861 3
5909 9003 1
5915 8837 1
5915 9329 2
5915 9344 1
5915 9718 1
5915 9975 1
5917 9297 1
5917 9534 1
5933 8588 1
5933 9228 1
5933 9026 1
5937 8834 10
5937 8712 3
5937 9947 2
5947 9679 1
5963 9913 1
5963 8655 1
5963 8706 3
5963 9076 1
5963 9594 1
5963 9924 1
5963 9998 1
5971 8957 1
5971 9011 1
5971 9412 1
5971 9619 1
5971 9661 8
5971 9722 1
5976 9905 2
5976 9397 1
5976 9850 1
5976 8648 2
5976 9038 2
5976 8919 1
5984 9449 1
5984 9400 1
5984 9556 2
5984 9782 1
5985 9668 1
5985 8801 1
5985 9343 2
5985 9942 9
5985 8926 1
6010 9197 2
6010 8616 1
6010 8850 1
6010 9424 1
6016 9520 2
6030 9008 5
6030 8949 1
6030 8796 1
6030 8726 1
6030 9430 1
6031 9999 1
6035 9463 1
6036 8758 5
6036 8698 2
6036 9774 1
6036 9464 3
6036 9190 1
6036 9036 1
6047 9842 1
6047 9317 2
6059 8972 7
6059 9139 1
6059 8916 1
6059 9382 1
6059 9941 1
6059 8852 4
6059 9133 1
6059 9837 1
6068 8681 2
6068 9469 1
6068 8974 1
6068 9287 12
6068 8846 1
6068 9635 1
6068 9782 1
6068 9226 1
6074 9100 62
6084 9747 3
6084 8655 1
6084 8986 1
6084 9331 1
6085 9278 1
6088 9633 45
6092 9915 2
6092 9247 6
6092 8600 1
6092 9832 2
6102 8867 1
6108 8892 1
6108 8597 1
6108 8759 1
6108 9195 1
6108 9172 1
6108 9539 1
6108 9877 1
6122 9526 1
6122 9386 1
6232 8959 1
6232 9628 1
6232 8999 1
6232 9670 1
6235 9959 1
6235 9196 1
6235 8654 1
6239 9883 20
6239 9192 3
6239 9574 4
6261 9256 1
6261 9557 1
6261 9307 1
6263 9169 1
6263 9348 1
6263 8823 1
6263 8918 1
6263 8713 6
6263 9176 1
6263 8572 3
6268 9862 1
6268 8845 3
6268 9632 1
6268 9726 1
6269 8834 1
6269 8634 1
6269 8965 6
6309 9832 1
6309 8810 2
6309 9926 1
6310 9030 1
6310 8607 4
6310 8771 3
6310 9377 1
6310 9028 1
6310 9402 3
6310 9807 1
6310 9306 1
6310 9590 1
6312 9131 9
6312 9953 1
6321 8601 1
6321 9507 3
6321 9951 3
6321 9523 1
6333 8997 1
6333 9963 2
6336 9387 4
6336 9908 1
6336 8769 6
6351 8647 5
6351 9371 1
6351 8609 7
6351 8801 10
6351 8892 2
6351 9754 1
6359 9432 1
6359 9491 3
6361 9839 1
6361 8623 1
6361 9456 2
6361 9734 1
6366 9665 2
6366 9447 2
6366 9834 2
6366 9277 1
6366 9571 1
6366 9658 1
6402 9992 2
6402 9301 3
6402 9697 125
6426 8877 1
6426 9517 1
6426 9520 2
6427 9958 1
6427 8607 1
6427 9121 18
6427 9197 4
6427 9612 1
6446 9845 2
6454 9797 1
6463 9272 4
6466 9511 1
6466 9645 1
6466 8635 1
6466 9218 1
6469 9315 16
6469 9220 1
6469 9534 1
6469 9545 1
6469 9947 1
6484 9636 2
6484 8575 57
6489 8593 2
6489 8750 1
6489 9373 1
6489 9510 1
6496 9514 1
6496 9624 1
6496 9311 6
6496 8857 1
6496 9056 1
6505 9707 5
6508 8718 1
6514 8846 1
6514 9219 2
6514 9230 1
6514 9525 1
6514 9127 1
6514 9987 1
6541 9772 1
6541 8657 1
6541 9773 1
6547 9593 3
6547 9519 2
6553 9203 1
6553 8726 15
6553 8721 1
6558 9845 1
6558 8845 1
6558 9229 3
6558 9285 1
6561 8867 1
6561 9172 2
6574 9486 1
6574 9691 2
6574 8736 3
6574 9083 2
6574 9333 1
6600 9263 1
6600 9786 1
6600 9926 3
6600 8966 9
6605 9008 2
6605 9492 1
6605 9141 3
6605 9287 10
6605 9926 1
6605 8687 1
6605 8816 2
6605 9276 4
6605 9932 1
6605 8851 5
6605 9139 1
6626 9066 3
6626 9594 1
6626 9794 13
6626 8780 1
6626 9788 2
6637 9368 1
6637 8690 1
6651 8585 200
6651 8596 1
6652 8990 2
6652 9067 1
6652 8857 4
6652 9985 1
6664 9671 2
6667 9039 1
6667 8638 1
6668 9258 2
6668 9617 1
6668 9213 1
6668 8907 1
6668 8934 1
6668 9071 1
6668 9265 2
6672 9068 1
6672 8958 1
6672 9331 6
6672 9283 2
6687 8664 1
6687 9498 3
6687 9967 5
6687 8632 4
6687 9190 1
6687 9322 1
6687 9507 2
6687 9934 35
6702 9184 1
6720 9140 1
6732 9620 1
6732 8901 5
6732 9735 1
6732 8898 4
6750 8884 1
6750 9524 2
6750 9326 1
6754 9521 1
6754 9234 1
6754 9604 6
6756 8960 1
6756 9772 11
6756 9972 2
6768 9674 1
6768 8985 1
6768 9954 2
6776 9595 1
6776 9971 1
6776 8684 1
6776 8731 1
6776 9413 1
6776 9603 2
6786 8696 1
6786 9961 1
6786 9984 2
6809 9042 3
6809 9409 1
6809 9758 1
6809 9962 2
6809 8700 1
6814 9481 12
6825 8863 1
6825 8868 1
6825 9140 3
6825 9596 5
6825 8993 1
6825 9177 1
6825 9499 1
6825 9768 1
6825 9203 1
6825 8618 1
6825 8889 1
6841 8573 1
6841 8708 1
6845 9734 3
6845 9383 1
6845 9629 2
6845 8688 1
6845 8809 6
6845 9261 1
6845 9591 2
6845 9703 1
6845 9802 1
6854 8681 1
6854 9593 1
6854 9306 1
6888 8677 1
6888 8814 1
6896 8850 1
6896 9350 3
6911 9315 1
6911 9430 1
6911 9045 1
6911 9355 1
6916 8625 4
6916 9607 1
6935 8975 1
6938 8616 5
6938 8603 1
6966 9632 1
6966 9836 1
7010 9128 6
7010 8950 1
7010 9521 6
7010 8803 2
7010 8992 1
7010 9519 1
7010 8721 7
7017 9059 1
7017 9282 2
7033 8682 2
7033 8700 1
7033 9458 1
7033 9860 1
7033 8693 2
7033 8959 1
7033 8979 94
7033 9504 1
7033 9811 1
7047 8990 1
7047 9552 1
7047 9661 3
7047 9434 6
7056 8758 1
7056 8805 1
7064 8603 2
7064 8677 112
7064 9124 6
7070 9123 1
7070 9279 1
7070 9311 1
7076 9058 1
7076 8816 1
7076 8882 1
7076 9412 1
7076 9268 1
7076 9553 1
7076 9674 8
7082 9464 1
7082 9121 1
7083 9030 2
7083 9308 1
7086 9822 1
7086 8999 2
7086 9059 1
7086 9585 1
7086 8943 1
7086 9811 1
7092 9461 6
7093 8965 1
7093 9521 1
7094 9028 1
7094 9208 1
7094 9814 1
7094 8855 1
7094 8865 1
7094 9860 4
7096 9551 1
7100 9225 3
7100 8855 2
7100 9310 2
7100 9509 1
7106 8655 1
7106 9541 1
7106 9803 1
7107 8678 1
7138 8813 2
7138 9395 1
7138 9887 2
7138 8758 2
7138 9644 3
7163 9419 2
7163 9797 2
7163 8788 9
7163 8813 1
7166 9479 2
7166 9742 3
7166 9874 1
7166 8883 1
7166 9101 1
7166 8800 1
7166 9346 1
7166 9382 3
7166 9493 1
7177 9263 1
7177 9689 1
7177 9795 1
7178 8872 1
7179 8593 2
7179 8852 1
7208 8579 6
7208 9980 1
7208 9429 2
7208 9408 1
7208 9743 86
7208 9484 1
7208 9581 3
7208 9749 1
7210 8771 2
7210 9191 8
7210 9422 4
7210 9955 4
7217 9810 1
7217 8793 10
7224 8666 1
7224 9978 2
7224 9689 2
7224 9781 2
7226 9372 1
7226 8764 1
7226 9799 5
7226 8809 1
7239 9805 1
7239 9148 14
7257 9953 1
7257 8667 1
7257 9585 1
7264 9245 1
7264 9905 4
7264 8922 1
7281 9881 1
7281 9685 1
7281 8973 1
7281 9182 13
7282 9625 1
7282 9777 1
7284 8902 3
7284 9430 2
7284 9245 2
7284 9613 2
7285 9405 1
7285 9045 1
7285 9942 4
7295 9282 1
7295 9980 14
7295 9407 1
7295 8827 1
7295 8926 2
7295 9824 1
7315 9346 1
7315 9330 1
7315 9829 6
7315 8993 1
7324 9640 8
7324 9998 1
7324 9231 1
7324 9811 3
7325 9070 2
7325 9389 1
7336 9815 3
7336 9675 1
7336 8818 1
7336 9621 1
7336 9165 1
7336 9625 1
7336 9810 7
7352 8776 1
7352 9711 1
7352 9870 1
7352 9108 1
7374 8680 5
7378 8812 9
7400 9295 2
7400 9469 13
7400 9659 1
7411 9544 10
7411 8837 3
7425 9340 1
7425 9401 37
7444 9680 1
7444 8610 39
7444 9324 2
7444 9580 1
7445 8781 2
7445 9956 7
7448 9083 1
7448 9583 3
7448 8693 1
7448 8902 2
7448 8975 2
7448 9101 1
7448 9272 2
7455 8721 2
7455 9687 5
7455 9808 5
7472 9363 6
7472 9679 1
7508 9875 2
7508 9304 2
7508 8774 1
7508 9234 1
7508 9030 2
7508 9149 1
7509 9177 2
7509 8659 4
7509 9943 1
7509 9240 2
7509 9620 1
7509 9728 1
7510 8638 1
7510 8687 1
7510 9322 4
7510 9905 1
7510 8866 1
7510 9640 4
7529 8813 2
7529 9347 1
7540 9906 1
7540 8693 1
7547 9381 1
7547 9484 3
7547 9323 1
7547 9072 1
7547 9202 3
7547 9566 1
7573 9024 1
7573 8615 1
7583 9899 1
7583 8788 1
7583 9202 5
7583 9616 1
7583 9027 3
7583 9707 43
7583 8849 4
7594 8874 1
7594 9258 6
7594 9983 2
7594 8592 9
7594 8750 1
7595 9617 3
7595 8688 3
7595 9072 1
7595 9624 2
7595 8942 1
7607 8935 5
7607 9268 1
7607 9620 17
7622 8819 1
7622 9430 1
7622 8836 1
7626 8981 1
7626 9389 1
7626 8692 2
7626 9270 1
7626 9434 2
7626 9498 3
7641 9048 5
7641 9990 1
7641 9171 1
7641 9276 4
7641 9738 1
7641 9557 1
7650 9304 2
7694 9561 1
7694 8571 2
7694 9666 1
7694 9680 1
7694 9091 1
7694 9799 1
7694 9859 3
7694 9504 1
7694 9948 1
7699 8885 1
7699 9119 1
7699 9124 1
7699 9944 1
7699 9003 1
7699 9127 1
7699 9348 2
7709 9354 3
7709 9301 1
7736 9182 1
7736 9623 6
7736 9391 3
7736 8698 1
7736 9829 1
7736 8808 1
7736 9586 1
7736 9849 1
7738 9972 1
7738 8887 1
7738 9486 2
7741 9802 1
7742 9412 3
7742 9632 1
7742 9687 1
7742 9988 4
7745 9658 1
7745 9027 1
7745 9848 9
7745 9997 3
7755 8881 5
7755 9383 1
7755 9780 1
7755 9868 1
7755 8901 1
7768 9589 2
7771 9962 2
7771 9556 1
7771 8763 2
7771 8595 2
7771 8750 11
7771 9037 1
7771 9729 1
7771 9102 1
7771 9079 7
7771 8759 1
7771 8870 1
7771 9154 2
7771 9449 1
7799 9874 11
7799 8811 3
7799 8754 64
7799 8885 3
7799 9332 2
7834 9517 1
7834 8571 1
7834 9011 2
7834 8920 1
7834 9745 2
7849 9785 1
7855 9208 1
7855 9464 14
7860 9403 1
7860 8900 1
7871 9919 1
7890 8965 3
7890 8761 1
7890 8697 1
7891 9225 1
7891 9300 200
7891 8601 3
7891 9811 19
7891 9859 1
7891 9486 7
7903 8926 6
7906 9471 1
7906 9876 2
7906 9367 1
7907 8888 1
7907 8615 2
7907 9615 1
7911 9663 1
7911 9399 8
7911 9751 7
7911 9274 1
7913 9372 1
7913 9559 3
7914 9311 1
7914 9245 1
7914 9595 2
7914 9481 2
7914 9488 2
7914 8835 1
7914 8912 200
7914 9753 1
7921 9724 1
7921 8813 1
7921 9440 6
7938 8837 2
7938 9676 1
7938 9145 1
7938 8645 1
7938 9887 2
7939 8637 1
7939 9452 1
7939 8792 1
7939 8571 1
7939 8777 1
7948 9230 1
7948 8625 2
7948 9067 1
7948 9200 4
7948 9894 1
7949 9383 1
7949 9227 3
7970 9139 2
7970 9691 2
7970 9298 1
7981 9265 1
7981 9920 1
7981 9108 1
7981 8863 6
7987 9357 1
7987 9129 1
7987 9747 1
7987 9981 1
7993 9716 1
7995 9218 2
7995 9662 1
7995 8970 1
8003 9797 4
8003 9098 1
8003 9164 1
8017 8579 1
8017 9982 1
8023 8885 1
8023 8917 1
8023 8921 1
8023 9253 3
8023 8934 1
8023 9589 1
8027 8582 3
8027 9902 1
8027 9685 2
8035 9484 1
8035 9773 2
8035 9045 1
8040 8570 1
8045 9042 1
8046 9319 1
8046 8658 1
8052 9481 48
8052 9074 2
8052 9576 200
8065 8939 3
8065 9824 1
8065 8651 1
8065 8682 1
8065 9222 7
8065 9399 1
8065 8831 2
8065 9053 12
8065 9147 1
8065 9941 1
8075 8818 3
8075 8889 1
8075 9115 1
8075 9957 1
8075 8972 8
8075 9555 3
8075 8596 1
8075 8993 2
8075 9152 1
8109 9774 1
8109 9408 1
8112 9510 1
8112 9135 1
8112 8941 2
8112 9290 1
8112 9995 5
8115 8853 2
8115 9140 1
8131 9215 1
8131 8660 1
8132 9308 37
8132 9113 4
8132 9178 2
8157 8818 2
8157 9514 7
8161 8830 2
8161 9707 3
8161 9951 1
8161 9797 2
8171 9707 1
8171 9048 1
8171 9225 2
8171 9969 1
8175 9147 1
8175 9220 3
8175 8610 2
8192 9534 1
8192 8692 1
8192 9385 1
8192 9666 1
8207 8755 1
8207 8856 1
8207 9134 3
8207 9256 2
8207 9287 3
8226 9633 4
8226 8570 1
8226 9178 1
8226 9850 1
8226 9128 9
8226 9474 1
8226 9899 1
8231 9590 1
8231 9712 1
8231 9638 2
8231 9578 2
8231 9766 3
8231 9911 1
8269 8604 1
8269 9393 1
8269 9453 1
8316 9269 193
8325 8954 1
8325 9385 7
8325 9289 10
8325 9271 3
8328 9017 3
8328 9298 2
8328 8689 3
8328 8621 4
8328 8968 4
8339 9873 2
8339 9315 1
8339 9544 2
8339 9410 1
8351 9390 2
8351 9176 1
8368 8740 1
8368 8953 1
8368 9744 2
8372 8796 1
8372 9001 1
8391 9841 3
8391 9334 1
8410 9064 1
8410 9264 1
8410 8587 1
8417 8575 1
8417 9699 1
8417 9199 1
8417 9773 2
8417 9616 1
8417 9980 1
8420 9997 1
8420 8699 2
8426 9869 2
8426 9113 6
8426 9918 1
8454 8995 1
8454 9037 2
8454 9990 1
8465 8882 1
8465 9247 1
8465 9986 1
8465 9851 1
8465 9127 1
8465 9855 2
8466 8692 10
8474 8830 3
8474 9959 2
8474 9632 1
8474 9794 1
8474 9525 1
8474 9533 1
8484 9770 8
8484 9726 2
8484 9985 1
8484 8808 2
8484 9705 3
8484 8726 2
8484 8768 1
8484 9135 1
8484 8943 1
8502 9730 4
8502 8900 1
8502 9568 1
8504 8603 1
8504 9633 1
8504 9355 2
8504 9903 1
8517 9031 1
8517 8734 2
8517 9247 6
8520 8889 4
8531 9991 3
8531 9375 1
8532 9168 2
8533 9703 1
8533 9132 2
8533 9626 7
8539 9650 1
8539 9941 1
8539 8792 1
8539 9759 2
8540 9524 1
8540 8846 1
8540 9958 13
8543 9143 1
8543 9379 1
8546 9472 2
8546 9755 2
8546 8826 12
8546 9734 4
8546 9772 11
8547 8808 1
8548 9805 1
8548 9820 8
8548 8590 2
8548 9238 24
8548 9482 1
8548 9342 1
8549 8970 3
8549 8781 2
8549 8849 1
8549 9628 2
8550 9690 1
8550 9689 1
8551 9984 1
8551 8902 1
8551 9309 1
8551 9811 3
8551 8779 4
8551 8637 5
8551 8919 1
8551 9879 5
8552 9733 1
8552 9319 1
8554 8867 15
8557 9062 1
8557 9344 1
8557 9362 1
8557 9231 1
8557 9847 3
8562 8610 15
8562 8657 1
8562 8716 3
8562 9141 11
8568 8986 3
8568 9945 1
8569 8853 1
8569 9004 1
8571 9439 1
8571 9528 1
8572 8661 1
8573 9652 15
8574 8587 15
8574 8596 1
8574 8779 1
8576 9636 1
8576 8622 1
8576 9760 1
8577 8924 2
8578 8643 1
8578 9536 14
8579 9284 1
8580 8719 2
8580 8715 1
8580 9148 2
8580 9796 1
8581 8694 1
8581 8778 1
8582 9522 1
8583 9650 1
8583 9734 1
8583 8926 5
8583 9999 4
8583 8645 2
8583 8985 1
8583 9693 2
8583 8950 3
8583 9712 1
8583 9905 70
8584 8680 1
8584 9709 2
8585 8762 5
8586 9107 1
8586 8803 1
8588 8775 1
8589 8840 1
8590 9188 1
8591 8972 1
8591 9319 5
8591 8826 1
8591 8600 2
8593 8938 1
8596 8977 1
8599 9614 5
8601 8964 1
8603 9592 4
8605 9044 1
8609 8636 1
8611 9271 1
8611 9332 3
8611 9819 4
8612 8725 1
8613 9528 1
8614 8666 25
8614 9988 1
8614 9475 1
8614 8699 1
8614 9571 1
8614 9116 1
8614 9458 1
8615 9652 6
8617 8860 3
8619 9066 1
8619 9703 1
8619 9150 1
8619 9705 5
8620 9230 1
8620 9863 1
8620 8689 2
8620 8758 1
8620 9821 1
8622 9016 3
8624 9152 1
8624 9989 2
8624 9755 3
8624 8820 1
8624 9913 1
8624 9977 1
8625 8679 3
8625 8739 63
8626 8860 1
8626 8845 1
8626 8939 1
8626 9909 1
8627 8656 1
8628 9522 1
8628 8656 1
8629 9782 1
8629 9969 1
8629 8974 7
8629 9798 1
8629 9842 1
8630 9016 1
8631 9278 3
8631 9474 7
8635 8732 1
8636 9533 1
8636 9243 1
8636 9962 1
8636 9371 1
8636 8970 8
8636 9211 1
8637 9005 1
8638 8705 2
8640 9134 1
8640 9099 1
8640 9724 1
8641 8775 1
8642 9082 1
8643 9834 1
8643 9988 1
8643 8791 7
8643 9033 2
8643 9201 1
8643 9085 1
8643 9664 1
8643 9921 1
8644 8716 1
8644 9400 1
8644 9711 1
8644 9836 2
8646 8740 1
8646 9056 2
8646 9711 2
8646 9076 1
8647 9736 1
8647 8652 2
8648 8717 1
8649 9289 2
8649 8745 1
8649 9872 1
8650 8999 1
8650 9660 2
8651 9686 1
8652 9276 2
8652 9067 1
8653 9392 1
8653 9749 1
8653 9934 3
8653 8951 1
8653 9971 1
8656 9644 1
8656 9685 2
8656 8893 1
8656 9445 1
8656 9922 1
8657 9078 1
8659 9050 1
8661 8680 134
8661 9440 2
8663 9279 1
8663 9412 12
8663 9818 1
8663 8753 1
8663 8902 1
8664 8747 1
8665 8808 30
8666 8785 1
8666 9606 1
8667 8914 2
8669 9576 6
8669 8947 1
8670 9347 1
8670 9750 1
8670 9033 1
8670 9298 1
8671 9417 1
8672 8948 3
8672 9015 1
8672 9151 1
8672 9612 1
8672 8918 1
8673 9507 1
8673 9243 2
8673 9642 1
8673 9656 1
8674 9922 1
8676 9798 1
8678 9701 3
8679 9013 1
8679 8684 1
8681 9188 1
8681 8802 1
8683 9767 5
8683 9848 35
8683 9989 1
8685 9735 1
8685 9265 1
8685 9047 200
8685 9931 3
8686 9575 1
8686 9266 21
8690 9193 1
8691 9253 1
8691 9493 1
8691 9889 2
8691 8916 1
8694 8978 3
8696 8798 2
8698 9206 1
8700 9320 1
8702 9210 1
8702 8920 4
8702 8863 1
8702 9195 6
8702 9026 1
8703 8765 1
8704 9188 1
8705 9431 1
8705 8901 1
8705 9555 1
8705 9889 1
8707 9439 1
8709 9358 1
8709 9382 6
8709 9600 1
8709 8789 2
8709 9709 2
8709 9851 11
8709 8990 1
8709 9564 1
8709 8872 2
8709 9249 1
8710 8978 1
8711 9234 1
8711 9585 96
8711 9945 1
8713 9606 2
8713 9466 2
8714 9796 1
8714 8768 1
8714 9792 1
8714 9340 2
8717 9143 2
8717 9213 11
8717 9583 1
8717 9705 1
8717 9220 11
8717 9306 1
8717 9806 4
8718 8821 10
8720 9216 200
8722 8919 1
8722 9932 1
8724 9344 4
8724 9071 1
8724 9793 1
8725 9804 5
8725 9963 1
8725 9591 1
8725 8906 7
8725 9789 2
8727 9106 4
8728 8871 1
8729 8856 6
8729 9009 2
8730 9673 2
8730 9061 1
8730 9159 2
8731 8905 1
8732 9642 1
8733 8818 1
8733 9011 1
8733 9035 3
8733 9597 1
8734 9442 1
8735 9105 1
8735 9822 4
8736 8842 5
8736 9186 1
8737 9583 1
8737 9113 10
8737 9044 2
8737 9874 63
8737 9720 1
8737 8874 2
8737 9854 6
8737 9405 3
8737 9676 1
8738 9780 1
8738 9679 1
8738 9960 1
8738 9991 4
8738 9990 3
8738 9968 2
8739 8968 1
8740 8876 2
8741 9121 1
8741 9878 1
8741 9512 1
8741 9109 4
8742 8984 1
8742 8942 1
8742 9464 1
8742 9339 1
8742 9665 7
8743 8879 1
8743 8999 1
8744 9793 1
8744 9969 1
8744 9971 1
8744 9048 4
8744 8928 1
8744 9454 1
8744 9054 1
8745 8991 1
8747 9371 1
8749 9387 1
8749 9189 4
8751 9836 5
8751 9061 10
8751 9366 1
8751 9730 10
8751 9748 1
8752 9614 5
8752 8956 1
8753 9912 1
8755 8899 1
8756 9941 1
8756 9046 4
8757 9486 1
8757 9272 1
8757 8969 5
8757 9875 1
8757 9927 3
8757 9125 5
8759 8983 2
8759 9043 1
8760 9864 1
8762 9233 1
8762 9435 1
8762 9491 1
8762 8831 9
8762 9872 1
8764 9736 1
8765 9701 1
8766 9809 1
8769 8876 2
8770 9553 2
8770 9797 1
8770 9125 1
8770 9548 1
8770 9948 3
8770 9595 3
8772 9329 2
8772 9304 1
8772 8849 1
8773 9749 1
8774 8880 1
8775 9116 1
8776 9457 1
8779 9769 5
8782 9945 1
8782 9617 1
8783 9777 1
8783 8789 1
8783 9191 1
8783 9472 200
8784 8826 1
8784 8933 2
8784 9276 1
8785 9624 2
8785 9918 2
8785 9901 35
8785 9704 2
8785 9362 1
8785 9480 19
8785 9648 1
8786 9421 4
8786 9263 1
8786 9760 14
8787 9522 1
8788 9288 22
8788 8964 1
8789 9809 15
8790 9518 1
8791 8910 8
8791 9562 6
8795 8899 2
8796 8821 1
8797 9498 1
8798 9125 19
8798 9503 1
8801 9823 1
8802 9547 1
8802 9390 1
8802 9403 19
8805 8890 1
8806 9320 1
8807 8963 1
8811 8982 1
8812 9614 1
8814 9186 1
8817 9420 1
8817 9311 2
8821 9099 1
8825 8996 1
8825 9522 1
8827 8895 1
8828 9652 1
8829 9074 1
8829 9568 2
8830 9641 101
8832 9889 14
8832 8877 1
8832 8976 1
8834 9043 1
8839 9172 1
8839 9544 1
8840 9745 2
8840 9219 1
8840 9726 17
8840 9422 1
8840 9433 1
8841 8895 1
8842 9508 2
8842 9624 4
8842 9988 2
8844 9164 2
8847 9455 6
8847 9535 2
8848 9616 6
8848 9915 1
8853 8890 1
8854 9422 1
8854 9408 2
8854 9304 1
8854 9815 1
8858 9803 4
8859 9229 1
8859 9413 1
8859 9399 1
8861 9568 1
8861 8869 1
8861 9881 1
8861 9309 1
8861 9323 8
8861 9584 1
8864 9796 1
8864 9918 28
8864 9237 1
8865 9457 1
8868 9193 2
8869 9040 1
8871 9949 2
8873 9480 1
8873 9690 1
8875 9123 2
8875 9047 1
8875 9636 2
8876 9876 17
8876 9926 1
8876 9963 1
8878 9861 2
8878 9847 1
8879 9605 2
8880 9632 3
8880 9474 4
8880 9106 10
8883 9193 1
8886 9006 1
8886 8980 5
8887 8909 1
8888 9646 1
8890 9523 1
8890 9978 1
8891 9757 1
8893 9325 3
8894 9960 1
8894 9265 1
8895 8901 1
8895 8902 1
8895 9440 1
8895 9841 4
8895 9993 3
8897 9188 4
8898 9736 1
8903 9080 9
8903 9922 1
8903 9428 2
8903 9044 1
8904 9235 1
8904 9642 1
8905 9777 7
8905 9873 1
8905 9977 1
8907 8977 1
8908 9769 1
8909 9367 3
8909 9450 2
8910 9957 1
8911 9537 3
8911 9802 1
8913 9215 2
8913 9868 1
8914 9302 3
8914 9482 1
8914 9858 1
8915 9997 2
8915 9862 4
8915 9805 1
8917 9040 4
8918 9522 4
8924 8960 1
8926 9193 99
8927 9318 2
8927 9407 1
8927 9471 2
8929 9641 4
8931 8937 2
8932 9453 1
8932 9395 1
8933 8961 1
8937 9176 1
8937 9197 1
8937 9853 1
8937 9326 1
8937 9668 2
8938 9200 2
8938 9132 3
8938 9678 1
8938 9025 4
8938 9658 9
8938 9448 4
8939 9299 1
8939 9288 7
8940 9859 1
8940 9774 11
8942 9216 2
8942 8998 3
8944 9522 1
8946 9945 3
8946 9012 1
8946 9817 2
8946 9461 2
8947 9002 1
8949 9193 1
8951 9216 2
8953 9019 1
8956 9659 4
8957 8991 1
8959 9682 1
8960 8962 2
8961 9987 1
8961 9830 1
8961 9155 2
8961 9530 1
8961 9077 6
8963 9670 2
8964 9297 1
8964 9319 1
8964 9613 5
8964 9698 1
8972 9682 3
8975 9605 1
8977 9033 1
8978 9955 1
8978 9651 1
8978 9776 1
8980 9451 12
8980 9899 1
8980 9806 6
8980 9042 3
8980 9346 1
8980 9919 2
8982 9194 5
8983 9310 12
8983 9199 4
8983 9243 23
8987 9034 1
8989 9817 3
8989 9897 3
8991 9659 1
8991 9399 1
8994 9720 1
8996 9318 1
8996 9460 1
8996 9813 1
8998 9727 3
8998 9730 1
8998 9864 2
9000 9678 3
9006 9808 1
9006 9296 1
9010 9573 6
9014 9572 1
9016 9691 2
9016 9667 1
9018 9082 1
9018 9215 1
9018 9530 1
9018 9859 1
9022 9174 1
9022 9432 1
9030 9254 2
9032 9562 5
9034 9343 7
9034 9640 1
9034 9855 2
9038 9457 1
9040 9553 31
9040 9920 1
9043 9156 38
9043 9178 1
9043 9578 1
9043 9832 1
9043 9463 1
9050 9272 1
9050 9266 5
9055 9682 2
9057 9741 1
9060 9804 7
9060 9344 1
9061 9606 1
9062 9562 2
9067 9206 1
9070 9457 2
9079 9682 2
9080 9912 20
9093 9858 1
9093 9688 2
9098 9299 8
9102 9417 3
9103 9938 4
9108 9206 7
9115 9515 9
9124 9606 5
9130 9865 10
9131 9606 1
9134 9466 1
9136 9631 1
9140 9763 1
9168 9193 2
9175 9433 11
9178 9592 2
9181 9282 1
9181 9678 1
9184 9823 1
9184 9250 1
9186 9267 1
9186 9723 1
9186 9866 1
9186 9897 3
9186 9303 1
9186 9579 2
9188 9545 1
9188 9905 6
9188 9265 2
9188 9795 1
9193 9981 1
9193 9511 1
9193 9738 1
9202 9206 2
9202 9823 1
9203 9299 1
9206 9815 1
9216 9795 1
9216 9278 2
9216 9758 1
9221 9935 1
9226 9299 1
9229 9809 1
9237 9436 1
9240 9417 3
9247 9778 3
9250 9760 1
9253 9823 1
9254 9915 1
9267 9320 2
9271 9417 7
9276 9592 1
9284 9409 3
9284 9498 2
9284 9450 1
9287 9769 1
9290 9896 6
9296 9823 1
9299 9724 1
9299 9372 1
9299 9346 1
9305 9572 1
9314 9622 18
9316 9466 1
9316 9912 4
9320 9374 2
9320 9461 1
9320 9773 1
9320 9334 1
9325 9482 115
9325 9792 2
9325 9372 1
9332 9466 1
9338 9500 1
9348 9952 1
9355 9912 1
9360 9457 1
9360 9425 4
9368 9769 1
9376 9652 1
9379 9763 1
9383 9536 2
9387 9605 1
9401 9457 8
9418 9802 2
9425 9807 4
9425 9965 1
9428 9686 2
9439 9501 1
9439 9807 1
9441 9952 1
9442 9573 1
9442 9691 1
9442 9846 1
9452 9606 1
9457 9676 1
9466 9922 1
9466 9670 24
9466 9758 1
9466 9499 2
9522 9541 2
9528 9673 1
9536 9941 1
9536 9923 2
9536 9558 1
9545 9641 1
9549 9896 2
9567 9697 1
9572 9863 10
9572 9957 1
9573 9823 1
9582 9942 17
9585 9606 1
9592 9987 2
9605 9645 6
9606 9888 2
9606 9990 3
9606 9918 3
9614 9821 1
9634 9646 3
9637 9930 56
9639 9739 1
9652 9779 5
9658 9809 1
9661 9823 1
9663 9763 1
9675 9682 1
9686 9820 6
9701 9874 1
9713 9763 3
9729 9809 1
9735 9736 1
9736 9833 1
9742 9952 3
9763 9908 3
9769 9894 1
9769 9944 1
9777 9809 2
9778 9955 4
9823 9911 2
