7 9608 1
7 9476 1
7 8534 1
7 9463 1
7 9784 1
20 8631 1
23 8546 1
69 9211 1
84 9104 2
84 9995 11
84 8618 16
84 9640 2
84 8899 49
84 9778 1
85 9008 3
85 9817 8
85 8706 4
85 9030 1
85 9383 1
85 9388 1
87 9327 1
87 8545 5
87 9539 1
87 9691 4
87 8659 1
100 9643 1
100 8774 1
100 9100 1
116 8816 1
116 9715 7
116 9409 1
116 9214 1
118 8535 1
118 9014 1
120 9066 5
120 9008 1
120 9535 1
120 9614 1
137 9574 3
137 9502 4
137 9184 1
137 8619 1
137 9095 3
137 9338 2
161 9396 1
161 8903 2
161 9370 1
161 9969 1
161 9897 1
161 9903 2
169 9825 2
169 8876 1
169 8700 2
169 9338 3
169 9905 1
169 9978 11
172 9754 1
197 8694 1
197 9597 5
197 8651 4
197 8797 1
197 8828 4
197 9247 2
197 9873 1
202 9923 2
202 9590 1
203 9124 9
203 8940 1
203 9084 1
225 8828 1
225 9461 1
225 9084 1
225 8682 1
227 9454 1
227 8850 4
232 9710 1
232 8983 1
232 9561 1
241 8958 200
241 8627 1
241 8619 1
241 9717 1
241 8674 2
241 9337 1
241 8588 1
241 8729 3
241 9858 4
246 9336 1
254 9470 3
254 9551 23
254 9988 2
255 9842 1
255 9702 4
263 8575 1
263 9255 1
263 9427 1
263 8549 20
268 8898 1
268 8690 2
268 9698 3
268 9935 1
283 8797 1
283 9060 1
283 9593 2
286 9184 1
286 9455 1
286 9961 3
286 9640 4
292 9594 1
292 9082 1
292 9631 2
292 9146 1
292 9037 1
292 9117 1
292 9852 1
298 9625 1
298 8848 1
298 9125 1
298 8605 3
298 8793 1
301 9218 3
301 8666 1
301 8768 1
303 8623 1
305 9401 49
305 8914 1
305 9032 1
318 9040 1
318 9329 1
318 8586 1
318 8949 2
318 9074 1
318 8618 14
342 9892 1
342 9082 11
367 9631 1
367 8681 10
367 9273 1
367 8635 2
401 9353 3
401 9903 4
401 8846 1
401 9410 2
401 9671 1
415 9637 1
421 8786 1
421 9592 2
421 9594 5
421 9808 6
421 8666 1
421 9498 1
429 8720 3
429 9903 2
429 8578 10
429 9435 2
429 9846 1
429 9902 3
429 9533 1
449 8770 8
449 8784 1
449 9482 1
449 9157 1
470 9030 1
470 9740 5
470 9069 1
470 8870 2
472 9864 2
472 9198 2
472 9506 1
472 9860 9
472 8638 2
473 9163 2
488 9026 16
488 9064 1
488 9444 3
488 8669 2
492 8947 1
492 9577 1
492 9260 1
492 8798 1
492 9974 2
492 9204 1
492 9825 1
494 8595 6
494 9277 1
494 9608 2
494 9637 1
516 8714 1
516 9438 1
536 9692 1
536 8694 1
536 9449 2
554 9400 1
554 9499 5
555 9859 5
555 9442 1
555 9301 1
555 9867 200
555 8603 6
558 9320 1
558 9611 6
558 9886 4
558 9852 1
558 8624 1
558 8983 200
558 9397 39
571 8824 1
571 9541 3
571 8977 2
571 9034 1
573 8617 1
573 9946 1
575 9586 1
575 8988 1
587 9996 2
587 9029 2
587 9061 2
587 9666 1
587 9900 1
590 8620 1
594 8974 2
594 9787 1
594 8919 1
594 9877 3
594 8984 1
594 9730 2
595 9400 1
595 9066 6
612 9374 2
630 9400 1
630 9448 1
650 9032 1
650 8666 3
650 8729 1
650 9286 1
650 9591 1
650 8626 1
650 9051 1
659 8979 2
659 9299 1
659 9616 2
659 9704 1
666 9578 1
666 8938 11
689 8606 2
689 8650 1
689 9329 1
689 9313 2
696 9871 1
696 9989 1
696 8598 1
696 9236 1
696 9545 1
696 9605 2
709 9667 1
709 9154 2
709 9602 22
709 9315 1
724 9516 200
724 8895 1
724 9617 2
724 9806 3
744 8546 1
750 9982 1
750 9386 3
764 9142 1
764 9086 3
799 8952 2
799 9141 6
799 9535 1
799 9403 1
805 9504 1
805 8612 1
805 8907 1
805 9675 1
805 9556 1
806 8984 1
806 8909 1
806 9313 1
806 9861 1
819 8567 1
835 9892 1
835 9695 2
835 9330 1
841 8849 3
841 8768 2
841 9515 3
870 8568 1
870 8987 1
881 9230 1
887 8708 5
887 8548 1
887 9459 1
887 9000 1
887 8965 2
887 9589 1
887 9640 1
887 9699 1
899 9631 1
899 9100 3
908 8901 2
908 8740 1
908 8728 4
908 8737 1
908 9383 4
908 8952 1
908 9346 1
908 9815 2
917 9543 98
917 9913 52
917 9096 1
917 9162 7
917 8868 1
917 9282 1
917 9230 1
927 9613 1
927 9623 1
933 9730 1
947 8681 2
950 8622 3
950 9685 1
950 9194 1
950 9358 2
950 9383 1
950 9145 1
950 9556 2
951 9008 1
951 9513 2
951 9741 1
951 9766 1
951 8623 2
964 8884 6
964 8735 1
965 8888 5
965 9417 1
965 9675 1
965 9720 1
967 8548 2
967 8577 23
967 8770 1
967 9401 1
980 9803 35
984 8979 1
984 9766 1
984 8972 1
984 9037 3
984 9195 1
987 9809 1
987 9595 5
987 9679 1
990 8892 9
990 9835 2
990 9510 1
996 9284 1
996 9826 2
996 9129 3
996 8737 1
1016 8885 5
1016 9492 1
1016 8912 1
1016 9318 4
1017 9470 3
1017 9969 200
1017 9727 9
1020 9291 2
1020 9316 1
1020 8688 1
1020 9995 2
1020 9152 7
1020 9586 1
1021 8545 1
1021 8937 1
1024 9247 1
1024 9567 70
1024 9804 30
1024 9016 1
1024 9712 10
1024 9876 8
1028 9411 8
1028 9087 1
1028 9903 1
1028 9782 3
1028 9543 1
1029 9778 3
1029 9198 3
1029 9261 1
1029 9422 1
1029 8613 1
1029 9145 2
1033 8576 1
1033 8988 1
1033 8646 1
1033 9823 2
1041 9638 1
1041 8854 2
1041 8708 1
1041 9684 1
1041 9142 1
1042 9070 6
1042 9905 2
1043 8674 1
1043 8600 2
1062 9107 1
1062 8798 7
1062 9566 1
1062 9907 1
1066 8624 2
1066 9514 1
1074 9387 1
1074 9474 28
1074 8631 2
1074 9377 1
1074 8754 8
1074 9410 2
1074 9751 5
1074 8721 2
1074 9863 1
1080 8987 1
1102 9999 1
1102 8980 2
1102 9294 1
1102 8928 1
1114 9428 1
1114 9018 1
1118 8888 1
1118 9566 1
1118 9360 1
1118 9739 2
1118 9806 1
1118 9865 5
1118 9982 1
1146 9134 11
1146 9532 47
1146 9707 2
1146 9933 1
1158 9760 4
1158 9881 1
1158 9693 1
1158 8638 1
1158 8810 1
1158 9449 38
1158 8894 45
1158 9017 1
1158 9205 1
1162 8807 1
1178 8623 2
1178 8797 1
1178 9434 9
1178 9565 1
1181 9497 1
1181 9603 29
1201 9666 1
1201 9474 1
1201 9696 1
1201 9891 7
1201 8566 1
1201 9018 200
1201 9561 2
1201 8949 12
1201 9201 5
1201 9274 1
1222 9135 1
1222 8935 1
1222 9579 1
1230 9213 13
1230 8714 2
1230 9004 1
1230 9813 2
1247 9103 3
1247 9171 1
1248 8776 2
1248 8639 1
1248 9115 3
1269 9684 1
1269 8860 1
1269 9074 1
1269 9702 3
1276 8578 1
1276 8684 1
1276 9015 1
1276 9213 1
1282 9252 1
1282 8733 11
1282 8786 2
1292 9323 7
1292 9653 8
1300 9009 2
1300 8632 1
1300 8712 1
1300 8628 1
1300 8745 1
1301 8927 2
1301 9147 1
1301 9124 1
1301 9464 1
1302 8983 1
1302 9784 1
1302 9133 1
1310 9383 2
1310 8896 1
1310 8554 1
1310 9786 1
1323 8938 1
1323 8973 44
1323 9157 1
1323 8781 1
1323 9787 3
1323 8713 2
1323 9109 1
1323 9184 1
1345 8957 3
1345 9668 1
1346 9898 1
1346 9025 1
1346 9404 4
1346 8964 1
1346 9419 1
1346 8807 1
1346 9069 2
1346 9539 1
1369 8699 1
1369 9686 1
1375 9056 1
1375 9088 2
1375 9293 1
1378 9149 3
1378 9163 2
1378 9305 3
1405 8796 1
1405 9157 7
1405 9375 2
1428 9085 1
1428 8973 2
1431 8952 3
1431 9343 1
1431 9099 40
1431 9369 1
1431 8904 1
1443 9979 3
1476 9387 1
1483 8803 1
1483 8760 1
1487 9254 1
1487 8559 1
1487 8835 1
1487 8968 4
1487 9472 2
1487 9801 1
1487 9300 1
1487 9427 1
1502 8729 1
1502 9600 5
1505 9801 1
1505 9780 1
1505 9661 4
1515 9338 2
1515 8668 1
1515 9237 1
1515 9546 1
1539 8854 1
1539 8795 1
1539 9968 7
1539 8614 1
1539 9578 7
1539 9639 19
1561 8880 2
1561 9906 1
1561 8556 1
1561 9460 1
1561 9498 1
1561 8983 4
1561 9382 1
1561 9548 9
1561 9201 1
1561 9212 1
1561 9327 1
1561 9899 1
1564 9533 1
1564 8815 1
1564 8600 1
1564 9225 1
1575 8904 1
1575 8677 1
1575 9029 1
1575 9657 1
1612 9604 5
1623 9261 1
1643 9111 1
1643 9067 1
1643 8774 1
1653 9814 2
1653 9649 7
1653 9777 1
1653 9939 4
1657 9686 1
1657 8793 1
1657 9348 1
1657 9351 1
1657 9082 15
1657 9550 1
1680 9311 7
1680 9747 1
1680 9670 1
1680 8668 1
1680 9050 1
1680 9134 2
1680 9179 9
1680 9981 3
1680 9000 2
1680 9451 29
1685 8943 1
1685 8824 200
1685 9176 2
1685 9878 1
1685 9092 1
1685 9171 6
1688 8682 10
1688 8604 2
1688 8705 2
1688 9925 2
1688 9926 1
1691 9043 1
1691 9696 1
1691 9748 1
1691 9104 7
1716 9504 28
1716 9575 2
1729 9715 1
1729 9879 4
1735 9703 1
1735 9004 1
1735 9878 2
1735 9014 1
1745 8760 4
1745 9376 8
1745 9219 3
1745 9821 3
1746 8858 1
1746 8842 4
1746 9773 49
1746 9865 6
1746 9573 7
1756 8616 76
1763 9422 1
1763 9635 2
1763 8551 2
1763 9035 7
1763 9272 1
1763 9423 1
1763 8959 5
1763 8539 1
1763 9178 1
1763 8586 1
1772 9388 1
1772 9261 1
1793 9514 1
1803 8821 3
1803 8607 1
1803 9787 1
1803 9796 2
1806 9069 2
1806 9459 4
1806 9682 1
1812 9369 7
1812 9147 2
1835 9124 1
1835 8751 1
1835 8812 1
1835 9516 1
1835 9958 1
1855 9346 2
1855 9025 8
1855 9686 3
1855 9969 5
1856 9653 2
1884 9126 3
1901 9127 7
1901 8592 1
1919 9548 2
1919 8868 2
1919 9224 1
1919 9281 4
1925 9733 2
1925 9276 1
1925 9444 1
1939 9213 122
1939 8910 3
1939 8876 1
1939 8936 1
1952 9039 1
1952 9742 4
1963 9699 11
1963 8594 2
1963 8613 1
1963 8721 1
1963 9766 1
1965 9008 1
1965 9342 1
1965 8793 1
1965 9640 1
1965 9489 2
1965 9279 6
1965 9414 1
1965 9844 2
1965 9037 1
1965 9578 2
1967 9296 4
1967 8600 2
2002 9747 1
2002 8917 2
2002 9917 1
2002 9974 1
2012 9439 2
2012 8984 2
2017 9187 2
2017 9321 1
2017 8870 2
2017 8974 1
2017 9757 1
2017 9807 1
2017 9388 2
2017 9699 6
2017 9291 4
2017 9933 14
2017 9316 11
2026 8879 2
2026 8578 3
2026 8800 1
2026 9715 1
2050 9124 1
2050 9400 2
2050 8949 3
2050 9276 3
2050 9255 1
2060 9847 1
2060 8646 2
2060 9224 3
2061 8615 3
2061 9961 1
2061 8859 1
2061 9328 1
2061 8713 1
2065 9577 1
2065 8796 1
2065 9238 1
2065 9126 9
2082 9617 1
2083 9413 8
2083 9335 1
2093 9800 1
2093 9854 1
2101 9748 3
2105 9941 2
2105 9619 1
2107 8742 1
2107 9107 1
2107 9614 1
2107 9739 1
2112 8835 1
2112 9771 1
2112 9444 3
2112 9822 1
2114 9132 1
2114 8972 1
2126 8538 1
2126 8598 5
2165 8925 13
2165 8653 1
2165 9217 1
2165 9088 1
2182 8850 1
2182 9212 2
2182 9440 1
2192 9276 2
2192 9943 1
2192 8746 1
2192 9247 4
2192 9956 2
2192 9461 1
2212 9234 1
2212 9731 1
2212 9414 1
2212 9698 14
2248 9345 2
2248 9910 7
2248 9611 1
2288 9211 4
2288 9627 1
2292 9727 2
2292 9090 1
2321 9093 1
2321 9289 1
2321 9542 1
2321 8594 1
2321 8921 2
2354 9327 1
2354 8641 1
2354 9544 1
2358 9580 4
2380 8803 3
2380 9625 3
2382 9555 3
2382 8856 1
2382 9797 1
2387 9557 1
2387 9138 1
2390 8776 1
2390 8911 1
2390 9035 2
2405 9364 1
2405 9863 1
2405 8941 11
2405 9546 1
2405 9735 1
2405 8977 2
2407 8768 1
2407 9322 2
2420 9527 1
2420 9393 10
2420 9033 1
2422 9435 1
2422 8674 1
2422 8708 36
2433 9261 1
2433 8914 2
2446 9006 5
2451 9824 4
2451 9706 2
2468 9328 1
2468 9519 1
2468 8735 5
2468 9050 1
2468 9062 1
2474 9744 5
2474 9329 1
2474 8569 1
2474 8641 1
2474 8994 1
2476 9493 1
2476 8933 1
2476 9993 2
2477 9967 1
2477 8923 1
2481 9227 1
2481 8884 5
2481 9218 1
2481 9587 1
2490 8723 1
2490 9731 1
2490 9409 1
2509 9589 2
2509 9048 2
2509 9733 2
2509 9323 1
2512 8935 1
2518 9301 1
2539 8561 1
2539 9862 29
2555 8737 1
2555 8696 1
2555 9320 1
2558 9236 2
2558 9346 1
2558 8714 2
2558 8972 2
2558 9069 9
2558 9148 2
2558 9310 1
2558 9591 1
2558 9974 2
2558 8585 1
2558 9383 1
2558 9763 7
2558 8858 1
2575 9502 1
2575 9080 1
2575 9776 2
2575 9747 1
2577 8632 68
2577 8617 1
2578 9321 1
2578 9149 1
2584 8622 1
2584 8999 2
2584 9717 1
2584 8584 1
2587 9514 1
2587 9791 1
2587 9898 2
2587 9414 1
2587 9628 1
2587 9622 200
2587 9477 10
2587 9995 74
2590 9539 1
2590 9607 1
2590 8630 1
2590 9545 1
2590 9878 2
2590 9336 1
2590 9359 2
2590 9431 1
2597 9163 1
2597 9622 2
2598 8861 1
2601 9490 1
2601 9309 1
2601 9856 2
2610 9993 1
2621 8972 1
2628 9590 1
2629 9790 1
2629 9964 3
2636 9861 1
2636 8587 1
2636 9345 1
2649 9859 2
2649 8893 1
2649 9808 2
2649 8622 1
2649 8820 1
2649 8626 1
2649 8795 1
2649 9039 1
2649 9847 1
2649 8740 2
2668 8875 1
2671 8939 1
2671 9071 5
2671 9182 1
2671 8622 3
2671 9135 1
2682 9846 1
2682 9142 2
2682 9505 1
2704 9968 3
2704 8941 1
2704 9827 1
2704 9196 1
2704 9392 2
2704 9026 2
2704 9153 17
2722 8768 1
2733 8636 6
2733 9195 5
2733 8623 1
2733 9958 1
2733 9120 1
2733 9245 1
2747 9426 2
2747 9439 1
2747 9818 1
2768 9142 2
2768 9500 1
2768 9867 4
2768 9996 1
2778 8977 1
2778 8719 1
2778 9863 1
2778 8941 1
2778 9005 1
2790 9445 1
2790 8755 1
2790 9492 2
2792 9839 2
2792 8650 1
2792 9505 1
2792 9412 2
2792 9515 1
2792 8858 1
2792 9700 1
2793 9754 1
2793 8940 1
2793 9693 1
2793 9950 2
2796 9978 2
2796 9815 3
2806 9595 2
2806 9744 2
2806 8800 1
2806 9095 1
2806 8720 1
2806 8862 1
2806 9903 1
2807 8901 1
2807 9166 1
2807 9677 2
2807 9219 1
2807 9995 1
2807 9259 1
2809 9212 1
2809 9103 1
2809 9627 1
2809 9595 2
2809 9928 12
2819 9612 2
2821 8549 1
2821 8765 1
2821 9522 1
2821 9085 3
2821 9313 1
2826 9616 1
2826 8793 1
2828 8634 2
2831 9322 2
2831 9751 1
2837 8701 1
2837 9429 1
2850 8766 1
2850 8644 1
2857 9700 1
2857 8539 3
2857 9550 1
2857 9964 1
2867 9358 3
2867 9923 2
2867 9284 1
2867 9744 3
2883 9475 1
2883 9896 1
2883 9868 200
2883 8996 1
2883 9085 3
2883 9483 5
2883 9179 2
2883 9282 1
2906 9262 1
2909 9026 1
2909 9856 1
2909 8688 3
2909 9294 1
2909 9730 3
2912 9537 1
2912 8800 5
2912 9490 1
2912 9572 1
2912 9851 5
2915 9127 1
2920 9593 7
2920 8604 1
2920 9978 1
2920 9056 6
2920 9803 1
2931 9033 1
2953 9895 2
2953 8637 1
2953 9359 1
2961 9086 1
2961 8787 1
2961 9824 1
2966 8997 1
2966 8789 1
2966 9258 3
2966 8874 2
2966 9801 1
2974 9966 2
2977 9925 1
2977 8677 9
2977 9324 1
2990 9275 3
2990 8821 1
2990 8953 1
2990 9059 4
2990 9303 1
2990 9765 2
2997 9237 2
2997 9701 2
2997 8982 1
2997 9279 1
2997 9516 1
2997 9732 1
2997 9991 8
2998 9369 3
2998 9433 3
2998 9460 1
3006 8815 1
3006 8537 9
3006 8632 1
3006 8796 1
3006 8969 1
3019 8646 1
3019 9189 1
3019 9022 3
3019 9904 1
3021 9324 1
3034 9418 1
3034 9966 4
3036 9735 1
3036 9561 1
3036 9935 2
3036 9339 1
3036 9706 3
3052 8967 1
3052 9893 2
3058 9302 1
3058 9664 1
3058 9865 3
3058 9867 1
3058 8881 1
3058 9067 1
3068 9071 2
3068 9539 1
3068 8655 7
3068 9277 5
3068 8631 49
3068 9862 1
3068 9325 6
3068 9751 3
3068 9544 1
3068 9314 2
3077 9619 4
3077 8980 1
3077 9288 1
3111 9885 2
3111 8699 1
3111 8997 1
3111 9307 1
3112 8684 1
3112 9386 1
3112 9303 1
3112 9702 1
3112 9482 1
3118 8545 76
3118 9004 117
3118 8828 4
3124 9225 1
3124 9346 6
3126 9269 4
3126 8944 1
3126 8841 5
3126 9257 1
3126 9690 1
3143 9350 11
3143 8683 2
3143 8615 1
3156 8935 1
3156 9289 1
3156 9670 1
3168 9286 1
3168 9208 1
3189 8797 1
3189 9397 1
3189 9134 200
3189 9591 7
3189 9052 1
3189 9535 1
3189 9720 1
3189 9250 57
3220 9404 1
3220 9823 1
3225 8972 1
3225 8688 1
3228 9956 1
3228 9991 17
3263 9423 5
3263 9604 1
3268 8692 2
3268 8745 2
3268 8782 1
3268 8700 1
3277 8810 1
3277 9480 1
3277 8706 1
3277 9038 7
3289 9276 1
3289 8956 1
3311 9616 1
3311 9594 1
3311 9946 1
3311 9987 3
3311 8653 1
3311 9910 3
3315 9250 1
3315 9159 1
3315 8571 1
3315 8855 1
3347 7627 1
3347 9243 1
3347 9645 1
3355 8636 1
3355 8631 1
3355 9048 1
3355 9176 1
3361 9786 1
3361 8841 1
3361 9296 2
3373 9364 2
3373 9434 1
3373 9519 3
3373 9777 2
3373 9939 1
3373 9030 1
3373 9928 1
3381 9434 1
3381 9777 1
3381 8767 1
3382 9390 2
3382 9316 1
3382 8766 2
3382 9411 1
3384 9138 22
3384 8657 1
3384 9103 1
3384 8728 1
3384 8842 1
3384 9724 3
3413 8594 2
3413 9178 2
3420 9735 1
3420 9906 1
3425 8967 1
3425 9261 1
3425 9573 13
3461 9827 27
3466 8741 1
3466 9034 1
3466 9253 1
3466 9672 1
3468 9616 7
3468 9470 1
3468 8567 1
3468 9450 1
3468 9876 1
3468 9328 1
3476 8980 5
3489 9610 2
3489 8603 2
3489 8950 2
3489 9065 2
3496 9593 1
3496 9303 1
3496 9895 5
3496 8899 8
3496 9851 2
3496 9332 1
3511 9797 3
3511 9103 1
3526 9228 1
3526 9483 1
3547 8688 4
3547 9631 1
3555 8676 1
3555 9351 6
3555 9668 1
3555 9445 1
3568 8958 1
3568 8934 2
3568 8965 1
3589 8721 3
3589 8828 2
3589 9080 2
3589 9529 1
3589 9968 2
3592 8812 1
3592 8609 2
3592 8612 1
3608 8565 2
3608 8544 2
3610 9562 1
3610 9338 1
3610 9626 1
3610 9620 1
3610 9642 1
3610 9257 1
3610 9965 2
3639 9494 3
3650 9405 1
3650 8780 10
3650 9605 3
3650 8766 1
3650 9958 1
3650 9019 4
3650 8673 1
3652 9387 2
3652 9412 1
3652 9943 1
3652 8741 1
3652 9259 1
3652 9790 1
3657 8928 1
3657 8712 1
3657 8918 2
3657 9753 1
3659 9176 1
3659 9489 3
3659 9768 39
3659 9886 1
3665 9462 1
3665 8830 4
3665 9461 2
3665 9602 3
3665 9965 1
3678 9847 1
3678 9931 1
3678 9732 1
3678 8944 5
3694 9439 1
3698 8795 1
3698 8648 1
3698 9288 1
3698 8809 6
3698 9608 1
3746 9056 1
3746 9474 1
3746 8824 1
3746 9600 4
3755 9610 1
3758 8744 1
3758 8749 1
3758 9674 6
3763 8993 1
3763 8780 1
3763 9292 13
3763 9325 1
3763 9467 1
3806 8728 1
3815 9342 3
3815 8878 1
3815 8926 1
3815 8945 1
3815 9579 2
3819 8646 8
3819 9296 1
3819 9500 61
3819 9901 1
3819 8567 2
3820 9073 12
3820 9689 1
3820 9854 1
3820 9733 1
3820 8566 2
3820 9137 1
3820 9597 4
3827 9068 3
3827 9872 1
3827 9217 1
3827 9544 2
3827 8873 2
3827 8907 1
3827 9556 1
3842 9533 1
3842 9539 2
3842 9661 1
3842 8851 2
3842 9247 2
3853 9810 2
3853 9963 2
3853 9109 11
3853 9859 1
3856 9050 1
3856 9071 1
3856 9463 16
3856 8594 6
3856 9227 1
3856 8544 1
3856 8682 114
3864 9229 4
3864 9008 1
3864 9105 2
3864 9628 2
3865 9096 10
3865 8793 7
3865 8811 3
3865 8741 1
3865 8901 3
3866 8836 3
3866 8554 11
3881 8893 1
3881 8751 1
3881 8787 1
3881 9672 1
3881 8749 1
3881 8777 6
3881 8784 5
3881 9040 1
3881 9807 1
3893 8789 1
3893 8797 1
3893 9704 1
3893 9822 2
3893 8796 2
3893 9342 1
3893 9431 1
3930 9334 4
3937 8919 2
3942 8835 1
3942 9333 1
3942 9853 8
3942 9956 12
3948 8778 20
3952 9111 1
3952 9393 1
3952 9376 1
3952 8754 1
3952 8883 1
3952 9403 1
3955 9187 1
3955 9480 1
3955 9557 4
3955 8718 1
3955 8781 10
3955 9641 1
3956 9885 1
3956 9851 1
3956 9388 2
3956 9735 1
3956 9836 2
3956 9099 1
3958 9561 2
3958 9137 2
3969 9234 2
3969 9736 3
3977 8854 1
3984 9753 1
3984 9426 1
3984 8668 1
3984 8987 200
3984 8966 7
3984 9004 1
3984 9788 5
3990 8940 1
3990 9110 2
3990 9804 1
3990 9981 1
4000 9461 1
4000 9973 1
4000 9864 1
4000 9811 1
4011 8811 1
4011 9846 1
4014 9525 1
4014 8848 1
4019 9314 1
4019 9933 1
4019 9548 1
4043 9154 1
4050 9451 3
4050 9299 1
4050 8836 1
4050 9896 17
4052 8988 1
4052 9033 5
4052 9059 12
4052 9087 2
4052 8649 1
4052 9553 1
4052 9619 2
4054 9592 3
4054 9949 1
4054 9639 2
4054 8541 1
4054 8558 1
4054 9139 2
4063 9294 3
4063 9104 1
4063 9384 2
4068 9300 8
4068 9622 2
4075 9712 1
4075 9056 5
4075 9360 1
4075 9768 1
4075 9842 1
4075 9848 1
4095 9556 3
4095 9115 1
4095 8781 1
4095 9884 2
4117 8701 4
4117 9718 1
4121 8547 1
4121 9472 3
4138 9125 1
4138 9754 79
4138 9943 2
4139 9712 7
4139 8718 1
4139 9023 6
4139 9077 3
4179 9982 1
4179 8573 23
4179 8660 1
4179 9921 1
4192 8634 1
4192 9181 7
4192 9846 2
4192 9913 1
4198 9589 3
4198 9506 1
4218 8565 12
4218 8720 1
4218 9998 1
4218 9216 2
4218 9999 2
4218 9817 3
4235 9487 1
4235 9884 2
4235 9134 4
4235 9243 2
4235 9626 3
4285 9307 2
4294 9696 1
4294 9007 1
4294 9641 1
4294 9857 1
4294 9868 1
4294 9589 1
4294 9790 7
4321 9120 1
4321 8723 1
4321 9017 1
4336 9853 2
4336 9607 1
4336 9109 3
4336 9809 2
4364 8680 1
4364 9970 1
4364 8944 1
4364 9989 3
4377 8556 1
4377 8919 1
4377 9083 1
4377 9947 1
4377 9171 1
4391 9784 2
4419 8910 1
4419 8926 1
4419 9970 21
4425 9794 1
4425 8547 1
4425 9861 1
4425 9925 1
4425 9060 1
4425 9527 1
4425 9877 13
4447 8837 1
4447 9858 3
4447 8832 2
4454 8696 2
4454 9364 1
4454 8873 1
4454 9756 1
4481 9291 1
4481 9107 1
4481 8684 1
4481 9111 3
4481 9191 6
4481 9353 1
4481 9515 2
4488 9178 1
4495 8999 1
4505 9419 2
4505 9062 1
4510 9212 1
4510 9929 1
4510 8548 1
4510 9745 1
4510 8867 1
4548 9628 1
4548 9216 1
4549 8919 1
4549 8694 2
4549 9022 1
4633 9531 7
4633 9187 2
4633 9195 36
4647 9189 2
4647 9466 1
4657 9230 5
4657 8617 1
4657 8910 1
4666 9321 26
4666 9043 1
4666 8545 1
4666 9895 4
4666 8566 2
4677 8896 3
4677 9963 27
4681 9877 2
4681 9470 1
4686 9086 1
4693 9425 1
4693 9859 2
4693 9800 1
4693 8550 1
4693 9302 7
4700 9550 1
4712 8939 1
4716 8607 1
4716 9182 1
4716 9021 2
4716 9923 8
4738 9447 1
4741 9910 1
4748 9765 1
4748 8705 1
4748 8746 1
4748 8957 1
4748 9506 1
4782 9748 7
4782 9095 1
4782 8998 3
4804 8950 1
4804 9886 1
4804 8994 1
4804 9048 1
4804 9751 8
4804 9077 2
4804 9128 1
4804 8978 1
4804 8925 8
4804 8956 1
4818 8648 2
4819 8675 5
4837 8535 6
4837 9885 1
4871 9418 1
4881 9285 1
4881 9409 2
4881 9090 1
4881 9692 2
4881 9534 1
4881 9424 1
4909 9948 7
4919 8556 1
4919 9961 4
4919 8824 1
4919 9194 2
4923 9679 6
4923 8664 2
4924 8967 1
4924 9396 2
4926 9988 2
4926 9331 2
4940 9603 1
4940 9903 2
4940 8818 5
4951 9515 1
4951 8953 1
4957 8666 1
4957 8816 1
4957 9364 2
4957 9562 3
4957 9778 1
4957 8741 1
4960 8551 2
4960 9106 1
4960 9980 4
4971 9760 3
4971 8734 1
4999 9873 1
5013 9062 2
5013 8598 3
5013 9590 1
5013 9913 1
5013 8650 1
5013 8939 1
5027 8978 1
5069 9086 1
5069 9873 1
5069 9537 2
5079 9873 1
5079 9291 1
5079 9701 2
5079 9841 6
5079 8595 1
5079 9531 2
5089 8879 3
5089 9366 6
5089 9641 1
5089 9948 4
5100 9374 1
5100 9234 3
5100 9838 1
5101 9110 3
5101 9814 3
5101 9864 1
5113 8664 1
5118 8571 1
5118 9834 1
5118 8578 3
5118 9841 1
5120 9490 1
5120 8624 1
5120 9246 1
5120 9872 1
5120 9842 1
5126 8719 2
5126 9941 1
5126 9967 1
5126 9213 6
5126 9419 2
5126 8609 1
5157 9822 2
5157 9211 4
5157 9410 1
5157 9967 1
5157 9039 9
5157 8615 2
5157 9074 2
5157 9407 1
5157 9462 1
5157 9791 1
5162 9218 1
5167 9801 1
5167 8659 1
5167 9807 1
5170 9197 1
5170 9881 1
5170 9212 1
5170 9367 1
5185 8854 1
5185 8696 2
5185 9642 2
5185 8964 1
5185 9288 1
5185 9419 4
5185 8959 11
5185 9043 2
5185 9286 3
5185 9514 7
5185 9211 3
5185 9650 15
5185 9196 1
5196 8561 1
5196 8597 135
5196 9980 1
5196 9635 1
5196 9901 6
5211 9214 6
5211 9313 1
5211 9028 1
5211 8937 1
5230 9248 1
5230 9305 2
5230 8565 2
5230 8568 1
5230 9329 1
5238 9219 4
5238 8658 1
5238 8831 1
5238 8947 2
5258 9219 1
5258 9222 1
5258 8932 1
5262 9103 2
5262 9022 1
5262 8979 2
5262 9685 1
5278 9450 1
5282 9118 1
5282 9457 34
5308 9004 2
5308 9524 1
5308 9252 1
5308 9489 2
5330 9433 6
5330 8546 1
5330 9003 1
5340 9103 2
5340 8852 1
5340 8644 1
5340 8645 1
5340 9692 1
5341 9474 1
5360 9102 1
5360 9592 1
5360 9051 2
5360 9126 2
5360 9497 1
5360 9513 1
5360 9052 1
5362 8911 1
5362 9817 4
5362 8650 1
5370 9429 2
5378 9576 7
5378 9613 3
5378 9693 3
5381 9259 69
5381 9159 1
5381 9811 8
5381 9771 2
5381 9449 1
5381 9731 1
5381 9624 1
5382 9827 1
5382 9056 1
5382 9757 2
5382 9442 1
5389 8696 1
5389 9207 1
5389 9110 2
5389 9560 1
5401 9309 8
5401 9808 1
5418 9545 1
5418 9674 1
5421 9236 1
5421 9288 1
5423 8578 2
5423 9102 1
5423 8850 1
5423 9007 3
5423 9152 1
5423 9270 4
5423 9663 3
5424 9292 1
5424 9033 1
5427 8810 1
5427 9048 1
5427 9337 3
5427 8978 1
5431 9017 6
5431 9061 1
5432 9403 5
5432 9169 1
5432 9368 1
5439 9998 1
5439 9687 1
5439 9758 1
5459 9025 1
5459 9517 3
5459 9426 1
5471 8571 1
5471 9624 1
5471 8848 1
5486 9813 1
5486 9978 1
5491 9152 10
5491 8744 5
5491 8803 4
5491 9360 1
5496 8981 1
5496 8976 2
5498 9999 1
5498 9283 1
5511 9392 1
5511 8564 2
5511 8878 2
5511 9537 2
5545 9704 2
5549 9598 1
5551 8631 1
5598 9697 1
5598 8844 3
5598 9070 16
5645 9545 1
5645 9125 1
5675 8876 1
5675 9329 1
5675 9568 6
5675 8831 1
5675 9770 1
5675 9901 3
5675 9827 2
5684 8585 1
5700 9267 1
5700 9331 2
5700 9524 1
5700 9742 1
5700 9804 1
5700 9981 1
5730 9998 1
5730 9147 7
5730 8818 2
5730 8663 1
5730 9554 200
5730 8744 2
5730 9834 14
5736 8751 16
5736 8633 1
5736 9028 3
5736 9068 1
5752 9684 1
5756 9472 1
5756 8723 1
5756 9159 1
5769 8733 1
5769 8851 1
5769 9736 1
5776 8555 1
5776 9555 1
5776 8852 7
5776 9638 1
5776 9776 2
5776 9931 1
5814 9866 1
5814 8921 1
5814 9043 25
5814 9229 1
5821 8968 1
5828 9961 3
5828 9276 1
5828 9553 1
5828 9655 1
5828 9884 4
5828 9234 25
5828 9302 1
5830 9877 1
5830 9227 8
5831 9106 2
5831 9170 1
5831 9084 1
5831 9800 2
5839 8661 1
5839 9120 2
5839 9668 1
5839 8976 1
5839 8712 1
5839 9161 1
5839 8613 1
5839 9374 1
5852 9016 1
5852 9961 1
5852 9126 4
5852 8562 1
5852 8956 1
5852 9066 2
5852 9206 1
5853 8947 1
5859 9284 2
5859 8664 1
5859 8996 3
5859 8812 1
5859 9350 1
5859 9612 2
5859 8997 1
5861 9023 1
5861 9827 1
5861 9281 3
5861 9758 2
5874 9005 2
5874 9777 1
5874 9958 1
5876 9818 2
5876 9276 3
5901 9873 3
5901 9861 1
5901 8893 1
5901 8630 2
5901 8537 1
5901 9404 3
5901 9830 1
5901 9014 1
5901 8881 1
5901 9879 1
5901 8624 1
5901 8945 1
5901 9111 1
5901 9970 1
5912 8958 6
5912 9032 7
5912 9886 2
5942 9575 1
5942 9390 1
5942 9528 1
5948 8818 3
5948 9856 4
5948 8980 34
5948 8536 4
5952 9600 1
5952 9058 4
5952 9489 2
5977 9504 21
6016 8734 40
6016 9969 1
6016 9235 1
6016 9284 1
6035 9454 1
6035 8559 1
6035 8896 1
6035 8976 5
6035 8993 3
6035 9505 1
6035 9830 1
6044 8567 3
6044 9405 3
6063 9663 1
6063 8653 1
6080 9250 1
6080 8981 1
6080 8643 4
6080 8879 1
6082 8652 1
6082 8860 1
6082 9316 1
6082 8974 1
6102 9189 1
6102 9469 2
6108 9502 5
6108 9696 1
6108 9543 2
6108 9972 1
6110 9616 2
6122 8940 1
6122 8593 1
6123 9842 1
6123 9626 1
6123 8722 6
6123 8628 1
6123 9945 2
6123 8837 2
6123 9425 3
6123 9050 1
6130 9506 1
6130 9525 1
6134 9815 1
6134 9375 1
6134 9861 2
6143 8976 1
6143 9243 1
6143 9459 1
6148 9910 57
6148 9866 7
6153 8620 2
6153 9881 1
6153 9757 1
6170 8914 1
6170 9260 1
6170 8867 1
6170 9900 1
6170 9369 1
6175 8836 1
6178 8844 1
6178 9607 2
6180 9885 1
6180 8624 1
6180 9492 2
6180 9863 1
6180 9580 1
6199 9048 1
6199 9557 1
6199 8556 2
6199 9368 1
6199 9137 1
6199 9132 1
6200 8588 1
6200 9562 1
6200 9847 2
6207 8597 1
6207 9310 196
6207 9561 1
6207 8811 4
6207 8820 2
6207 9307 1
6211 9130 1
6211 9996 2
6215 9623 2
6215 8937 1
6215 9907 3
6253 9018 1
6253 8633 1
6253 9221 1
6253 8619 4
6253 9286 1
6261 9215 2
6267 8849 1
6267 9734 1
6277 8780 2
6277 9684 1
6301 8566 1
6301 9725 1
6301 8612 1
6304 8873 7
6304 9210 1
6313 8939 16
6313 9490 1
6313 9638 1
6333 9111 3
6333 8677 1
6333 8708 1
6333 9866 2
6333 9400 1
6333 9341 8
6334 9624 2
6348 8977 2
6348 9476 1
6350 9005 1
6350 9734 1
6357 9926 1
6357 8674 1
6357 8765 1
6378 9237 3
6378 9679 1
6378 8774 6
6378 9429 1
6378 9330 21
6378 9539 21
6378 8681 1
6385 8723 1
6385 8835 1
6385 8999 1
6385 9273 2
6385 9469 1
6385 9741 2
6429 9148 4
6429 9127 4
6429 8772 1
6429 9060 1
6429 9427 2
6429 8867 2
6429 8597 1
6429 9564 2
6431 8804 6
6431 9973 8
6443 9051 1
6443 9128 1
6445 9840 1
6445 9039 2
6445 9139 2
6445 9252 1
6445 9542 1
6445 9589 3
6445 8534 1
6445 9321 2
6445 9546 1
6445 8893 4
6445 9818 1
6445 9034 11
6448 9330 2
6448 9661 1
6448 8997 1
6448 8765 1
6448 8535 2
6448 8935 1
6448 9597 14
6465 8605 1
6465 9677 3
6465 9797 2
6490 8896 1
6490 9028 43
6490 8680 2
6501 8846 4
6527 9813 1
6527 9642 1
6543 8778 91
6543 9544 4
6543 8749 1
6543 9016 2
6543 8885 1
6543 8936 1
6550 9311 1
6550 9394 2
6550 8861 2
6550 9309 1
6550 9350 2
6550 9586 6
6551 8701 1
6575 8857 1
6575 9068 1
6575 8696 6
6575 9074 1
6580 9592 5
6580 9384 4
6580 8821 7
6580 9194 29
6580 9537 2
6580 8893 5
6580 9036 1
6580 9858 4
6580 8768 5
6582 9741 2
6584 9597 11
6584 8933 1
6589 8657 1
6589 9939 1
6589 9105 1
6589 8649 7
6589 9551 4
6589 8857 1
6589 8660 1
6589 8742 2
6589 9411 35
6589 9557 14
6589 9809 1
6592 9926 1
6592 8883 1
6592 9051 1
6592 9311 6
6592 9589 1
6594 9941 1
6594 8910 6
6597 9291 1
6597 8923 1
6597 9110 1
6597 9269 1
6597 9318 25
6597 9450 1
6597 9464 1
6600 9069 2
6600 9269 1
6600 9416 3
6602 9064 1
6602 9818 63
6602 9868 3
6602 9123 1
6602 9603 2
6631 9211 1
6631 9289 1
6631 8555 1
6631 8655 1
6637 8578 10
6637 9333 2
6645 9171 1
6648 9804 2
6648 8561 19
6648 8966 1
6674 9615 1
6674 9920 1
6674 9387 1
6674 9771 3
6679 9372 1
6679 8875 3
6679 8880 2
6702 9243 6
6702 8598 1
6702 8926 1
6702 9182 1
6702 9696 6
6737 8668 2
6737 8856 1
6737 9267 1
6737 9612 2
6742 9695 1
6742 9064 2
6742 9770 1
6742 9335 1
6753 8892 1
6758 9139 2
6764 9529 1
6764 9176 2
6772 8987 4
6772 8834 1
6775 9353 1
6775 9312 1
6776 9590 1
6776 9703 6
6786 8633 10
6786 9198 4
6789 9344 1
6789 9384 9
6789 8758 1
6789 9254 1
6789 9301 1
6789 9872 1
6799 9434 1
6799 9595 1
6800 9246 5
6800 8636 1
6841 9251 1
6841 9542 1
6841 9586 1
6841 8536 7
6841 8834 6
6841 8892 1
6841 8893 1
6878 9497 19
6878 8721 3
6878 8561 1
6878 9493 1
6878 9947 1
6883 9554 1
6883 9946 1
6883 8772 1
6883 9351 11
6883 9715 6
6883 8537 1
6883 8663 1
6883 9102 6
6883 8576 11
6883 9895 1
6893 9696 2
6893 9358 2
6893 9359 11
6893 9457 1
6893 9664 1
6893 8630 1
6893 8656 3
6897 9848 1
6897 9052 1
6897 9270 87
6897 8979 1
6897 9788 2
6903 9586 2
6919 9000 1
6919 9942 1
6924 8551 2
6924 8539 3
6924 9418 1
6958 8912 1
6958 9979 1
6959 9413 7
6959 9480 12
6959 9744 2
6959 9000 1
6959 9187 1
6959 9061 1
6969 8534 3
6969 9082 2
6969 9292 1
6969 9502 1
6969 9902 1
6990 9303 1
6990 9227 1
7006 9815 1
7006 9838 1
7006 9470 1
7006 9666 1
7009 9283 1
7009 9839 7
7009 9026 2
7009 9367 1
7010 9236 15
7010 9649 1
7010 9997 1
7010 8918 3
7010 9815 1
7061 8862 1
7062 9935 1
7062 9226 1
7075 9322 2
7080 9262 1
7080 9413 1
7114 9216 2
7114 8635 1
7114 9120 1
7114 8692 2
7114 9519 5
7114 9999 2
7122 9610 1
7122 8776 3
7122 9071 11
7122 9251 1
7129 8844 2
7129 9620 3
7129 8618 3
7141 8809 1
7159 9307 1
7159 9438 1
7159 9787 1
7159 9504 25
7162 8637 2
7162 9573 2
7162 9698 1
7162 9880 1
7162 8958 2
7198 9455 1
7198 9410 2
7198 9872 1
7198 9978 4
7200 9214 8
7200 8615 2
7200 9068 10
7200 9803 61
7200 9339 31
7200 9494 1
7210 8587 1
7210 8581 1
7210 9853 1
7212 8536 3
7212 9825 1
7212 9211 1
7212 9997 4
7214 9917 1
7214 9351 2
7247 9510 3
7250 9809 2
7250 8588 3
7272 9675 1
7272 8994 1
7272 9666 14
7272 9279 1
7284 9839 1
7284 9015 1
7285 8875 5
7285 9611 1
7288 8755 2
7294 9594 2
7294 9219 1
7294 9724 1
7294 9354 1
7309 9446 2
7309 9924 3
7309 8858 37
7309 9283 1
7309 9579 2
7309 9747 2
7314 8904 6
7314 9323 1
7314 9835 2
7328 9222 1
7328 8754 10
7328 9259 1
7328 9365 4
7328 9889 4
7338 9414 1
7338 8637 1
7338 9552 1
7338 9965 1
7338 8832 4
7365 9533 1
7365 9197 1
7365 9554 1
7365 9745 3
7365 8832 1
7365 9477 1
7373 8798 1
7373 8903 1
7373 9998 3
7373 9377 1
7373 9689 15
7378 9504 1
7378 8652 6
7378 9201 44
7378 9117 1
7378 9123 1
7378 9643 3
7383 9360 1
7383 8809 4
7383 9060 1
7383 9462 2
7383 9254 1
7383 8656 5
7383 9110 1
7385 9528 2
7385 8720 1
7416 8650 1
7416 9237 1
7416 9204 1
7416 9214 1
7417 9282 1
7417 9694 19
7433 9494 1
7433 9580 5
7433 8620 1
7433 9298 2
7433 9311 1
7435 8729 6
7435 8597 1
7435 9178 1
7435 8578 1
7435 9631 1
7435 9226 1
7435 9293 10
7435 8676 36
7435 9607 1
7438 8765 8
7438 8604 1
7439 8807 1
7439 9591 1
7439 9324 1
7439 8605 1
7439 9864 3
7439 9664 1
7449 9671 1
7449 9092 2
7449 9941 1
7449 9422 1
7449 9628 1
7453 9008 1
7453 9365 1
7453 9715 2
7453 8559 1
7453 9768 1
7453 9904 2
7453 9887 2
7472 9154 6
7473 9438 1
7473 9659 1
7476 8700 2
7476 8561 6
7476 9133 1
7476 8856 1
7476 9765 1
7476 9921 1
7484 9862 2
7486 9440 1
7486 8937 1
7486 9193 2
7504 8954 1
7504 9008 5
7504 9404 17
7504 9440 2
7504 9745 1
7504 9897 1
7504 8849 1
7505 9740 1
7505 9005 4
7505 9878 4
7508 9476 8
7508 9726 1
7508 9083 4
7508 9148 3
7511 8648 1
7511 9429 1
7531 9273 1
7531 8563 2
7531 8787 1
7531 8954 1
7533 8784 5
7533 8849 1
7533 9272 45
7533 8576 2
7533 8782 1
7533 9013 1
7533 9727 2
7542 8546 1
7542 8745 1
7550 9498 1
7550 9344 2
7550 8941 1
7565 8606 1
7565 9863 1
7565 8796 1
7565 9228 35
7565 9924 1
7565 9380 3
7565 9398 1
7570 9365 1
7570 9891 2
7579 8986 1
7579 9603 2
7579 9593 2
7579 8651 2
7579 9993 6
7579 9370 5
7591 9876 1
7603 9416 1
7603 8896 1
7603 9972 1
7603 8836 1
7603 9440 1
7611 9669 200
7611 8692 1
7611 9318 1
7611 9517 2
7611 8782 1
7611 9111 3
7611 9337 5
7627 9634 2
7627 9943 2
7627 9146 4
7627 9428 3
7627 9474 1
7635 8781 23
7635 9448 3
7635 9687 2
7635 9777 1
7649 9015 1
7649 9147 1
7649 9474 1
7649 9459 1
7649 9699 1
7677 8914 4
7677 8538 105
7677 8683 1
7677 9896 1
7678 9146 4
7678 9282 1
7678 9796 1
7678 9245 1
7678 9374 2
7678 8784 4
7678 9291 1
7693 9723 2
7693 9554 1
7693 9354 1
7693 9929 1
7702 9032 1
7702 8607 1
7702 8714 1
7702 8868 1
7739 9620 1
7739 9036 4
7739 9248 2
7740 8855 1
7740 9081 1
7753 9856 1
7753 8551 1
7753 9906 2
7763 8712 2
7763 9330 5
7763 8880 1
7763 8941 1
7763 9226 1
7763 9274 3
7776 8696 1
7776 8798 2
7776 8903 200
7776 9035 2
7776 8631 1
7776 8657 2
7776 9329 3
7776 8852 5
7779 9747 11
7779 9601 2
7787 9388 1
7787 9275 2
7787 8536 1
7789 8708 2
7789 8859 1
7791 9898 2
7791 9156 1
7791 8556 1
7796 9574 3
7796 9925 2
7796 9118 1
7796 9606 2
7796 9697 1
7796 9800 1
7796 8628 1
7796 8952 7
7796 9096 1
7811 9152 1
7820 9394 1
7820 9601 1
7820 9891 1
7820 9262 1
7834 9396 1
7834 8804 2
7838 9336 1
7838 9312 4
7838 9227 4
7838 9162 2
7848 8909 1
7848 9928 1
7848 8637 1
7848 9197 1
7850 9218 2
7850 9701 5
7852 9791 1
7874 8953 1
7874 8710 1
7874 9156 1
7874 9510 1
7885 9372 1
7885 9083 1
7885 8778 1
7885 8880 1
7885 9092 1
7885 9590 2
7888 8651 6
7888 8851 1
7888 9344 1
7888 9469 1
7888 9704 1
7888 9031 1
7912 9773 1
7912 9870 1
7917 9032 1
7917 9695 1
7917 9796 1
7917 8797 17
7917 8544 1
7917 9023 1
7917 8885 1
7929 9050 4
7932 9608 14
7938 9659 1
7938 9722 1
7957 9344 1
7957 9325 1
7957 9552 1
7957 9917 1
7957 8554 1
7957 9730 6
7957 9269 2
7957 9419 1
7965 8573 1
7965 8939 2
7965 9502 2
7965 9698 4
7965 8548 1
7969 9490 1
7979 9905 2
7979 8681 1
7979 8700 1
7979 9409 1
7979 9753 28
7979 9631 25
7982 8534 2
7982 9008 1
7982 9103 3
7982 9868 2
7987 8818 1
7987 9275 1
7987 8909 6
7990 9237 1
7990 8719 8
7990 9898 1
7990 9904 2
7995 9823 1
7995 9483 1
7995 9208 1
7995 8968 1
7997 9204 3
7997 8564 1
7997 9301 1
7997 9477 2
8016 9070 1
8016 8927 2
8021 9166 1
8021 8661 1
8036 8998 1
8036 8605 2
8036 9921 2
8036 9980 2
8036 8997 1
8036 9336 4
8045 9194 1
8045 9327 1
8045 8577 4
8077 9801 1
8077 8714 1
8077 9881 2
8077 8649 2
8077 9577 1
8077 9298 1
8090 9884 1
8108 8786 5
8108 9225 1
8108 8737 2
8108 9345 1
8111 8600 1
8111 9797 5
8111 8837 1
8113 8938 2
8175 9878 1
8175 8919 3
8184 8957 1
8184 9610 1
8203 8572 1
8203 9107 1
8203 9358 4
8214 8892 1
8214 9365 2
8214 9731 1
8218 9499 1
8243 8655 3
8243 9786 1
8250 8636 1
8250 9351 1
8250 8786 1
8250 9771 1
8250 9708 2
8277 8656 1
8277 9162 1
8278 9156 2
8278 9169 3
8278 9650 2
8278 9613 1
8278 9272 2
8278 9364 1
8279 9034 1
8279 8606 1
8299 8539 10
8299 9405 1
8312 9876 10
8312 9900 1
8312 8862 1
8312 9629 1
8312 9887 3
8315 9073 1
8315 9043 5
8315 9336 1
8323 8857 2
8323 9463 9
8323 9967 2
8335 9407 1
8335 9404 4
8369 9401 7
8369 9424 2
8369 9834 2
8369 9988 1
8369 9130 6
8373 9806 2
8373 9197 1
8373 9000 1
8373 9092 2
8373 9390 3
8373 8675 5
8373 9077 1
8373 9065 1
8383 8683 11
8383 8570 1
8384 9876 1
8384 9612 34
8384 8719 3
8396 9841 1
8396 8841 1
8396 9445 19
8396 8634 1
8396 8943 2
8451 9790 2
8451 8575 2
8451 8651 1
8451 8684 2
8451 8995 1
8491 9601 1
8525 8926 1
8525 9622 1
8525 9087 2
8525 9777 1
8525 9370 2
8525 9411 1
8534 8610 1
8534 8946 5
8537 9233 1
8537 9468 1
8538 8788 1
8538 8871 1
8539 9244 3
8540 8804 1
8540 9924 2
8541 8732 1
8541 8693 1
8541 8601 1
8542 8978 1
8542 9105 1
8542 9899 1
8543 8981 1
8543 9498 124
8545 8819 1
8547 9209 1
8549 9714 2
8549 9728 2
8550 8580 2
8550 9047 1
8551 8756 1
8552 9546 3
8552 8675 1
8552 9060 1
8552 9310 1
8552 9377 2
8552 9425 1
8553 9056 3
8553 9898 5
8553 9163 1
8553 8636 12
8553 9602 2
8553 9858 3
8555 9831 1
8556 9828 7
8557 9227 1
8557 9396 1
8558 8756 1
8558 9662 1
8560 9603 1
8560 8573 1
8561 8724 3
8562 8975 1
8562 9317 2
8563 8580 1
8564 8990 1
8566 8805 9
8569 9116 1
8570 9875 1
8570 9918 9
8572 8802 3
8574 9021 200
8574 9527 3
8575 8715 3
8576 8975 1
8579 9438 2
8579 8861 49
8579 9606 161
8580 8844 2
8580 9889 1
8580 9450 1
8581 8801 1
8581 8757 1
8582 9191 2
8582 9338 3
8582 9294 1
8583 9067 1
8583 8644 1
8583 9482 1
8583 9697 4
8584 9116 4
8585 8792 1
8585 8963 3
8586 9951 1
8586 8702 1
8587 8788 1
8588 9116 200
8589 9572 200
8589 9260 2
8589 9253 6
8589 9348 9
8590 9827 1
8590 9344 1
8590 9629 5
8591 9519 1
8593 9075 2
8594 9536 1
8594 9231 1
8595 8716 4
8596 8870 1
8596 9717 1
8596 9725 4
8599 9857 2
8599 9300 1
8599 9551 2
8599 9613 1
8599 9252 1
8599 9594 1
8602 9300 1
8602 9462 2
8603 8753 2
8603 8897 7
8606 9304 1
8606 8764 1
8607 8819 1
8608 9842 1
8608 8874 1
8608 9808 1
8608 8766 1
8609 9231 1
8609 9582 4
8610 9137 1
8610 9533 1
8610 9672 10
8610 9677 1
8610 8664 6
8610 8876 1
8610 8928 1
8611 9333 8
8611 9163 1
8614 8703 2
8614 9992 2
8614 9875 1
8616 9012 4
8617 9295 1
8621 9325 1
8625 9861 1
8625 9217 2
8625 9587 2
8625 8776 51
8625 8778 1
8626 8840 2
8627 8703 1
8627 9317 1
8628 8942 1
8628 8732 2
8629 9567 1
8629 9234 1
8629 9026 1
8629 8751 1
8629 9400 101
8629 9826 6
8630 8698 1
8630 9992 3
8634 9373 1
8635 9705 2
8636 9984 1
8640 9323 5
8640 9958 1
8640 8836 4
8640 9664 6
8640 9017 3
8642 9366 8
8642 9217 1
8642 9342 2
8643 9582 1
8644 9192 1
8645 9011 1
8645 9244 2
8647 9204 1
8647 8934 1
8648 8877 1
8649 9536 2
8649 9173 2
8650 8693 1
8652 9491 2
8652 8922 1
8652 9536 2
8652 9478 1
8654 8900 1
8654 8963 1
8654 8843 1
8655 9010 1
8656 8871 1
8657 9041 1
8658 8750 1
8658 9986 1
8659 9957 2
8662 9383 1
8662 9447 1
8662 9682 1
8662 8933 1
8662 9009 2
8662 9541 1
8662 8986 1
8662 9193 2
8662 9663 1
8662 8787 2
8662 8789 1
8662 8998 1
8663 8743 1
8664 9042 1
8665 9803 1
8665 8901 1
8667 8964 1
8667 9289 1
8670 8888 3
8670 9839 12
8670 9644 1
8670 9780 3
8670 9920 1
8671 8821 2
8671 9448 1
8671 8772 1
8671 8959 2
8671 9310 1
8672 9394 1
8672 9364 1
8672 8855 2
8672 9019 1
8673 9609 11
8673 8715 1
8673 8773 1
8675 8791 1
8677 9714 1
8677 8853 1
8678 9939 1
8679 9181 1
8679 8898 1
8679 9194 52
8679 9892 2
8681 8693 4
8685 9130 1
8685 9680 1
8686 8816 24
8686 9222 3
8686 9542 1
8687 9594 1
8689 9671 1
8689 9956 1
8689 9343 200
8690 8840 1
8691 9898 1
8691 9906 1
8691 9428 1
8691 9610 1
8693 9350 1
8693 9921 1
8693 9573 1
8693 8812 2
8693 9726 4
8694 9802 1
8694 8715 6
8695 8798 1
8695 9763 1
8697 9433 2
8697 8986 1
8697 9627 3
8698 9751 1
8698 9872 22
8698 9447 1
8698 9234 1
8698 9940 9
8699 9047 2
8699 8897 7
8701 9759 3
8702 9480 1
8702 9372 1
8702 9246 39
8702 9417 18
8702 9135 2
8702 9196 1
8703 9079 1
8703 9182 1
8703 9238 1
8703 9723 1
8703 9810 1
8704 9174 1
8704 8993 4
8704 9849 5
8705 9098 1
8705 8775 2
8706 8805 4
8706 9660 1
8706 9716 1
8707 9993 1
8707 9139 1
8709 9566 1
8709 9040 2
8709 9163 1
8710 8753 1
8711 8984 4
8711 9642 1
8711 9707 1
8711 9577 1
8711 9733 2
8715 9071 1
8715 8914 1
8715 8982 1
8716 9939 1
8716 9445 1
8716 9541 1
8717 9989 1
8718 8732 1
8719 8902 2
8720 8756 1
8721 9101 14
8721 8886 2
8722 9172 1
8722 8788 1
8722 8738 24
8722 9121 7
8724 9945 1
8725 9004 1
8725 8770 3
8725 9079 1
8726 9345 1
8726 9840 1
8727 9778 1
8727 9672 4
8729 9046 1
8730 9988 1
8731 9505 1
8732 9724 1
8733 8951 1
8734 8739 1
8734 9172 1
8735 8756 2
8736 9719 1
8737 9478 3
8738 8774 1
8738 8809 1
8738 8988 65
8742 8886 2
8742 9660 1
8743 9560 1
8743 9926 1
8743 9482 1
8743 9643 1
8743 9019 1
8743 8780 1
8744 9468 4
8747 9050 1
8747 8895 1
8747 9823 1
8747 9393 1
8747 9513 2
8748 9217 22
8748 9401 1
8749 8970 1
8749 9295 2
8750 9942 1
8750 9857 4
8750 9553 1
8750 8854 2
8752 9510 7
8756 9539 1
8756 8994 1
8756 9016 24
8756 9695 1
8757 9745 3
8757 9670 1
8759 9438 5
8759 9257 1
8760 8805 4
8761 9324 26
8761 9375 1
8761 9900 8
8761 8969 1
8761 9614 2
8761 9773 2
8762 9210 1
8762 9124 1
8763 8998 1
8763 9776 2
8764 9298 17
8764 8927 15
8764 9102 1
8767 8882 3
8769 9260 1
8769 9475 1
8769 9250 1
8769 9966 1
8771 9439 1
8771 9246 1
8771 9524 1
8772 8948 5
8773 9839 2
8773 8952 1
8773 9277 1
8775 8945 1
8775 9919 2
8779 9987 2
8779 9039 18
8780 8946 1
8783 9920 1
8785 9254 4
8785 8903 1
8785 9258 2
8785 9475 1
8785 9973 1
8786 8853 2
8787 9116 5
8787 8915 1
8788 8986 1
8788 9332 1
8788 9251 1
8788 9380 1
8790 9950 3
8790 9236 1
8791 9919 14
8791 9085 1
8792 9040 1
8792 9370 1
8792 9037 1
8792 8980 1
8794 9642 1
8795 9044 2
8799 9428 1
8799 9801 1
8799 9722 7
8799 9748 2
8801 9462 1
8801 9857 1
8801 9034 1
8801 9591 1
8802 9230 1
8802 9198 5
8803 9011 1
8805 8933 1
8805 9541 3
8805 9154 1
8805 9860 1
8806 8807 1
8807 8989 1
8808 9489 1
8808 9339 1
8808 9446 2
8808 9235 1
8809 9101 1
8809 9523 1
8810 8905 1
8813 8861 1
8814 9507 1
8815 9523 1
8816 8826 1
8817 9296 5
8817 9979 1
8817 9189 6
8819 8884 1
8819 9334 3
8819 9405 32
8819 9866 1
8822 9294 1
8822 9006 1
8823 8947 1
8823 9429 92
8824 9938 1
8825 9835 9
8825 8974 1
8825 9411 1
8826 9398 1
8826 9659 1
8827 9834 1
8827 9602 1
8829 9921 3
8829 9961 2
8829 9854 1
8830 9172 1
8833 9649 1
8833 9809 1
8833 9748 1
8834 9172 2
8837 8877 1
8838 9156 1
8838 9447 1
8839 9483 2
8839 8923 2
8839 9997 2
8839 8940 3
8839 9513 1
8839 9031 2
8839 9931 2
8839 8907 2
8840 9201 2
8840 9455 1
8840 9998 2
8842 8975 1
8843 9902 1
8843 9382 1
8843 9592 3
8844 9373 2
8845 9690 2
8845 9766 8
8845 9552 3
8847 9398 1
8848 8866 2
8849 8962 1
8849 8913 6
8853 9069 1
8853 9451 1
8853 9532 1
8854 9759 1
8856 9121 1
8857 9356 1
8859 9047 1
8860 9121 36
8860 9042 4
8862 9729 1
8863 9293 1
8864 9840 1
8865 9213 1
8866 9272 1
8868 9055 1
8869 9611 1
8869 9671 1
8871 9797 1
8871 8873 1
8871 8911 1
8872 8966 2
8872 9386 1
8872 9949 2
8876 8905 2
8877 9987 1
8880 9233 2
8882 8943 1
8882 9170 1
8882 9811 1
8883 8915 1
8884 9651 1
8885 8922 24
8886 9773 1
8886 9013 1
8886 9546 4
8886 9907 2
8886 9991 3
8886 9311 1
8887 8899 1
8887 9314 1
8887 9806 2
8887 9560 1
8888 9047 1
8889 9891 2
8889 9348 1
8889 9372 1
8889 9413 2
8890 9247 1
8891 9284 28
8891 9127 2
8891 9945 1
8892 9044 1
8894 9027 1
8895 9075 1
8896 9280 2
8897 9350 1
8897 9965 1
8897 9021 1
8897 9207 1
8897 9634 1
8898 9356 1
8899 9894 1
8900 9574 2
8902 9691 1
8904 9055 16
8905 9776 6
8905 9937 1
8905 9989 9
8906 9854 1
8908 9077 1
8908 9449 1
8908 9724 1
8908 9574 1
8908 9299 3
8908 9161 1
8913 9691 2
8913 9732 3
8913 9394 1
8915 9409 1
8915 9321 1
8916 9318 1
8916 8986 25
8916 9375 1
8916 9514 1
8916 8996 1
8916 9548 24
8917 9304 1
8920 9786 1
8922 9021 1
8922 9393 1
8922 9081 1
8922 9141 5
8924 9293 1
8924 9073 1
8924 8936 5
8929 9758 2
8929 9608 1
8929 8952 1
8929 9423 6
8929 9679 1
8929 9694 37
8929 9275 1
8929 9376 2
8929 9497 3
8930 9824 6
8930 9480 3
8930 9655 1
8931 9003 2
8931 9446 1
8932 9047 1
8933 9658 2
8934 8955 4
8936 9728 1
8943 9041 1
8944 9116 3
8946 9947 1
8946 9191 2
8946 9422 3
8947 8951 1
8948 9880 1
8949 8989 2
8950 9714 3
8950 8951 39
8951 9881 3
8951 9712 3
8951 9754 1
8951 9770 1
8955 9066 1
8955 9120 1
8955 9564 1
8955 9322 16
8955 9412 1
8957 8971 1
8957 8992 1
8959 9621 1
8960 9197 2
8961 9324 5
8961 9972 2
8963 9028 1
8963 9839 1
8964 9536 1
8967 9660 2
8970 9653 1
8970 9810 3
8971 9021 3
8971 9537 1
8971 9466 1
8971 9926 1
8971 9950 3
8971 9941 3
8981 9802 23
8983 9054 1
8985 9117 13
8985 9645 1
8985 9013 2
8985 9366 1
8987 8989 1
8989 9444 1
8989 9003 1
8990 9677 2
8991 9924 1
8991 9639 1
8991 9019 1
8992 9083 5
8992 9403 1
8992 9197 1
8992 9364 2
8992 9426 3
8992 9680 5
8996 9609 1
8999 9983 1
9001 9516 14
9001 9895 2
9001 9022 1
9001 9118 1
9001 9414 1
9002 9243 1
9003 9621 4
9006 9121 3
9007 9165 1
9009 9373 1
9009 9795 4
9011 9753 9
9012 9364 1
9012 9197 2
9012 9422 1
9012 9864 1
9012 9198 1
9012 9014 1
9012 9066 1
9012 9087 1
9012 9961 7
9019 9172 65
9020 9821 1
9024 9895 1
9024 9448 2
9025 9047 2
9027 9106 2
9027 9170 1
9030 9719 1
9041 9457 1
9041 9634 1
9041 9824 1
9042 9397 1
9042 9229 1
9042 9277 2
9042 9454 2
9042 9522 1
9042 9604 1
9044 9135 1
9044 9517 1
9044 9576 1
9044 9638 52
9045 9110 1
9045 9672 12
9045 9696 3
9046 9228 1
9047 9123 1
9047 9751 4
9047 9315 1
9047 9718 2
9047 9450 1
9047 9780 1
9047 9822 8
9047 9392 1
9047 9835 1
9049 9206 1
9049 9725 1
9049 9723 1
9053 9643 1
9053 9554 3
9055 9210 1
9058 9406 3
9064 9729 4
9068 9523 1
9070 9101 1
9073 9618 1
9075 9636 2
9075 9541 1
9075 9893 5
9075 9757 5
9079 9795 1
9084 9280 119
9091 9869 1
9093 9658 11
9094 9570 1
9096 9518 3
9098 9653 1
9098 9760 3
9098 9864 2
9098 9552 7
9101 9921 1
9101 9910 1
9101 9134 2
9101 9555 1
9105 9582 2
9116 9724 2
9118 9658 1
9121 9533 1
9121 9906 1
9121 9305 9
9121 9181 2
9121 9507 1
9123 9183 2
9129 9875 2
9130 9986 1
9147 9728 1
9151 9934 3
9153 9984 1
9156 9233 1
9160 9818 2
9160 9712 1
9165 9825 1
9165 9331 2
9165 9257 1
9165 9568 1
9166 9992 1
9169 9918 1
9170 9714 1
9172 9424 1
9172 9184 2
9172 9334 3
9173 9830 2
9173 9460 1
9173 9532 2
9179 9536 2
9179 9233 1
9182 9295 1
9183 9435 1
9189 9795 1
9191 9621 8
9192 9412 1
9193 9518 1
9206 9356 1
9209 9600 1
9216 9356 13
9221 9468 1
9230 9894 1
9233 9770 1
9233 9745 1
9237 9304 4
9243 9280 1
9246 9658 1
9252 9719 1
9262 9833 1
9277 9523 12
9280 9476 4
9280 9574 1
9280 9333 8
9280 9881 3
9281 9621 1
9295 9902 11
9295 9447 1
9295 9777 3
9295 9534 1
9295 9613 2
9295 9700 2
9295 9979 6
9297 9304 2
9304 9466 1
9304 9889 1
9316 9588 6
9317 9367 2
9317 9877 3
9320 9705 1
9321 9609 1
9321 9918 1
9328 9658 1
9334 9618 1
9339 9523 1
9342 9714 2
9353 9795 1
9365 9831 2
9367 9789 1
9373 9442 2
9389 9952 1
9394 9705 1
9400 9536 1
9406 9814 1
9406 9605 1
9423 9582 27
9455 9759 1
9465 9944 1
9468 9868 1
9477 9651 1
9491 9557 1
9493 9828 4
9500 9660 1
9502 9909 1
9519 9716 1
9522 9833 6
9523 9867 2
9523 9598 2
9531 9609 15
9536 9734 1
9542 9618 1
9545 9986 1
9546 9957 1
9551 9618 1
9556 9621 3
9563 9954 2
9575 9719 1
9581 9767 2
9582 9655 2
9582 9941 6
9598 9789 2
9609 9824 1
9615 9983 1
9618 9740 1
9620 9729 7
9621 9822 5
9621 9864 3
9626 9759 1
9628 9894 1
9629 9656 1
9629 9651 1
9635 9714 1
9644 9894 19
9650 9789 2
9651 9740 1
9651 9735 11
9657 9660 2
9658 9754 1
9658 9707 2
9662 9825 2
9662 9988 1
9686 9890 1
9689 9716 6
9705 9896 1
9705 9844 1
9708 9894 13
9714 9860 1
9729 9940 1
9732 9759 1
9742 9909 74
9759 9844 1
9759 9857 7
9769 9882 1
9782 9831 1
9795 9928 1
9814 9951 1
9836 9992 1
9841 9984 1
9844 9957 1
