2 9225 4
2 9017 7
3 9800 1
3 8814 1
3 8828 1
3 9187 1
3 9317 2
3 9792 1
3 8926 1
3 8921 2
3 9874 1
3 9122 2
3 9885 1
18 9867 2
18 8811 15
18 9595 1
18 9663 2
18 9075 1
18 9501 1
23 9289 2
31 9393 2
31 9294 1
31 9121 1
31 9224 1
31 9549 1
39 8926 2
39 9524 1
39 9593 5
39 9708 1
56 8743 1
61 9507 8
61 9983 1
61 9104 4
61 9901 1
61 9870 1
61 9878 1
72 9600 3
72 8577 56
72 9822 1
80 9651 2
80 9212 1
80 9229 1
80 9485 1
80 8569 4
80 9357 1
80 9416 1
80 9644 2
86 9045 1
86 9098 1
86 9979 1
91 9105 1
91 9912 2
116 9784 6
123 9874 1
123 9252 6
124 8671 5
124 9942 1
143 9999 2
143 8830 3
143 9524 1
143 8993 1
143 8754 1
143 9201 1
144 9983 16
144 9872 3
144 9341 149
151 9997 1
165 8867 5
165 8658 2
165 9247 2
165 9994 1
165 9369 1
165 9841 4
165 9390 1
182 8630 1
182 8970 2
189 8653 1
189 8730 1
189 9825 1
189 9143 2
189 9414 3
189 8621 2
189 9118 1
189 9327 1
189 9409 1
189 9421 33
216 8711 3
216 8773 1
216 9013 1
216 9127 1
246 9127 2
256 8650 1
256 8765 1
259 8755 4
259 9558 1
264 9839 2
272 8734 1
272 9204 4
276 9872 1
276 9318 1
276 9029 1
276 9569 6
277 9406 3
284 9134 1
284 9187 2
285 9314 2
285 9702 1
285 9486 1
285 9150 1
285 9400 1
286 9401 1
286 8756 5
294 9768 1
294 8702 1
294 9154 2
323 8770 72
323 9685 1
346 9782 1
346 9038 2
346 9745 1
346 9185 1
346 9398 2
350 9682 2
350 9864 1
364 8687 1
364 8744 1
364 8873 1
364 9480 1
364 9784 1
368 9356 1
368 9899 2
368 8830 1
368 9606 1
372 9400 19
372 9304 1
372 9634 1
372 9579 3
372 9643 1
381 9354 4
381 9926 3
381 9044 1
381 9607 1
391 9753 1
391 9299 4
391 9095 4
391 9257 1
419 9274 3
419 9144 1
419 9196 1
419 9745 1
432 8722 11
432 9048 2
433 9089 1
433 9869 1
433 8587 1
433 8750 1
433 9105 1
433 8895 1
433 9012 1
435 9463 2
435 9476 2
435 9004 1
435 9568 1
435 9770 1
435 9781 1
435 9439 1
435 8908 1
435 8733 1
435 9626 1
450 8587 1
450 9524 1
451 9144 4
451 8761 1
451 9942 1
474 9307 2
474 8671 1
474 9020 1
474 9597 1
496 9109 1
496 8724 2
496 9036 3
496 9829 1
521 8940 2
521 9988 1
530 8681 3
530 9079 1
530 9526 2
541 9373 2
541 8845 1
541 8584 1
541 8928 1
541 9090 1
541 9600 2
562 8671 9
562 9990 1
562 8996 3
566 8684 1
566 9562 1
578 9042 10
578 8799 1
578 9843 1
578 9948 1
593 9916 1
593 8901 3
593 9392 1
593 9622 3
597 9092 2
600 9083 1
603 8747 1
603 9017 1
603 9275 2
603 9743 1
641 9943 1
641 9855 4
641 9367 19
641 9499 2
641 8851 3
648 9062 1
648 8632 15
650 9630 7
650 8686 5
655 8628 1
658 8842 1
658 8801 1
658 8966 1
660 8718 7
660 8726 1
666 7689 1
666 9015 1
666 9407 1
671 9771 1
671 8579 1
674 8639 1
674 9157 1
686 9703 8
686 9857 1
690 8866 1
690 8809 2
690 8839 16
734 9589 1
734 9393 3
736 9876 1
736 9229 2
736 9529 2
755 9100 1
755 8733 1
755 8999 3
763 9550 1
763 8579 2
763 9458 11
770 8724 1
770 8737 1
770 9303 2
770 9229 3
773 9809 1
779 9111 1
779 9345 2
779 9206 2
779 8991 1
779 9895 1
782 9706 3
782 9527 1
782 9219 1
782 8615 1
782 8905 1
782 8768 1
782 9838 1
791 8934 1
791 9285 2
791 9544 4
791 9005 1
791 9749 2
791 9892 1
799 9015 1
799 9795 1
830 9371 6
830 8663 2
842 8746 1
842 8889 1
842 8767 1
842 9696 2
843 9747 1
843 9329 1
843 9300 1
850 9507 7
889 9835 1
889 9083 1
909 8895 1
909 9089 1
909 9484 5
909 9181 2
909 9312 1
928 9085 1
938 8794 2
938 9530 3
938 9822 1
941 9960 1
941 9448 1
944 9827 1
944 9633 1
960 8806 26
960 9655 2
973 9147 1
973 9987 2
973 9414 1
973 9971 9
975 8587 1
975 9419 12
975 8624 1
975 9372 2
975 9439 1
1019 9952 1
1019 8712 60
1021 9897 2
1021 9004 1
1021 9271 1
1025 9946 2
1026 9009 4
1046 9270 5
1046 8592 3
1046 9874 3
1046 9885 1
1046 8675 3
1046 9508 1
1055 9994 1
1055 8793 1
1055 9470 1
1055 9695 5
1059 9425 2
1059 8914 23
1059 9616 1
1059 9742 2
1060 9880 1
1060 9727 1
1060 9897 1
1074 8674 11
1074 8859 1
1074 9124 1
1074 8809 1
1074 9068 1
1074 9307 2
1105 8887 11
1105 9133 2
1105 9147 1
1105 9276 9
1105 9661 1
1105 9907 1
1107 9876 15
1107 9731 1
1107 8801 13
1113 9929 1
1113 8921 1
1159 9042 2
1159 9783 1
1163 9673 2
1174 9954 2
1174 9290 1
1174 8990 1
1174 9105 14
1174 9845 6
1184 8974 4
1184 8620 1
1192 9243 2
1192 8776 1
1215 9771 13
1215 8943 3
1215 8991 5
1215 9232 1
1215 8770 4
1239 9809 2
1239 8577 2
1239 9245 1
1239 9694 1
1239 8658 1
1239 9321 1
1239 9855 1
1241 9068 1
1241 9399 1
1241 9781 2
1258 9582 2
1258 8883 1
1271 9553 5
1271 8723 1
1271 8575 1
1271 8912 1
1271 9345 39
1271 9787 1
1271 9813 1
1283 9367 175
1283 9059 2
1283 9593 1
1283 9361 1
1284 9420 1
1284 9224 1
1284 9461 5
1284 9852 1
1322 9234 1
1330 9777 1
1330 9217 7
1330 9255 3
1330 9811 1
1330 9107 1
1330 9385 1
1383 9136 5
1383 9147 2
1383 9985 1
1395 9809 3
1411 8607 1
1434 9673 1
1436 9515 1
1436 9664 1
1436 9675 5
1436 9916 2
1442 9600 1
1442 8774 1
1442 9735 2
1443 9824 1
1443 8735 1
1443 9791 1
1443 9951 3
1443 8709 1
1443 8880 1
1443 9304 1
1455 8793 1
1455 9671 1
1455 9526 1
1455 9664 1
1473 9865 1
1473 9915 3
1473 8822 1
1475 9373 2
1475 9270 1
1475 9015 1
1475 9287 1
1510 9959 1
1510 9157 22
1512 8758 1
1512 9207 1
1512 9477 1
1512 8914 2
1522 9547 1
1522 9258 1
1522 9845 5
1522 9419 1
1522 9271 1
1522 9742 1
1522 9942 1
1522 8707 1
1524 8988 3
1524 9213 1
1524 9351 3
1524 9878 1
1531 9672 1
1531 8957 6
1532 8739 1
1532 8795 7
1532 8981 1
1532 9442 1
1532 9924 1
1533 9758 1
1533 8772 1
1533 8849 1
1541 9157 4
1541 8573 1
1542 9503 5
1542 9788 1
1542 8657 1
1555 9110 2
1555 9134 2
1555 9820 1
1555 9796 1
1568 9268 1
1568 8684 1
1577 8702 1
1577 9893 4
1577 9086 2
1577 8717 27
1582 9099 1
1582 9097 5
1582 8724 1
1582 9080 1
1582 9142 3
1589 8991 1
1595 8759 1
1595 9152 1
1595 9617 2
1600 9408 1
1606 9662 14
1606 9910 2
1624 9491 3
1624 8991 1
1624 9509 1
1624 9745 1
1624 8909 1
1624 9130 1
1624 9243 2
1627 8746 1
1627 8879 1
1638 8988 1
1638 9064 1
1646 9266 1
1646 9011 6
1655 9069 2
1655 9610 1
1655 9821 1
1655 9616 1
1658 8712 1
1658 9242 1
1658 8678 2
1659 9319 1
1659 8673 1
1660 9654 4
1660 9256 1
1660 9780 1
1660 9884 1
1662 9122 1
1662 9100 1
1662 9356 1
1662 8603 1
1662 8628 1
1662 9904 1
1666 8573 1
1666 9645 7
1666 9711 1
1666 9130 1
1666 9085 3
1666 9660 2
1666 9879 1
1672 9564 4
1672 8996 3
1672 8789 1
1702 9137 8
1702 8793 1
1702 8999 3
1702 9061 2
1702 9996 1
1708 9543 1
1708 9903 2
1708 8864 2
1708 9225 1
1708 9491 1
1731 8932 1
1731 9315 12
1731 9958 1
1731 8783 1
1731 8927 1
1731 8583 4
1734 9038 1
1734 9368 1
1734 9847 1
1736 9421 1
1736 8601 1
1736 8943 1
1736 9846 3
1736 9827 1
1736 9929 2
1759 9421 2
1759 9214 1
1762 9207 1
1762 9020 1
1762 9387 16
1762 8853 7
1762 8985 1
1762 9145 4
1762 9740 4
1765 9291 1
1765 8911 1
1789 9773 1
1789 9635 1
1799 9382 2
1799 9318 1
1806 9933 1
1807 9832 1
1807 8639 1
1807 9575 1
1807 9680 3
1817 9149 3
1817 9095 1
1817 9403 1
1817 8709 24
1817 8995 1
1817 9213 19
1817 9463 3
1823 8697 4
1823 9605 2
1823 9656 2
1823 9786 1
1823 8791 1
1823 9795 2
1823 9877 2
1832 8933 7
1832 9382 1
1832 8674 1
1832 9773 1
1832 9780 1
1837 9390 1
1837 9120 1
1866 9101 2
1866 9675 1
1875 9224 1
1875 9819 5
1878 9558 1
1878 8885 7
1878 9601 6
1878 9867 7
1915 9672 1
1915 8627 1
1915 8732 4
1915 9289 1
1915 9556 1
1915 8966 1
1915 9612 1
1927 8949 1
1934 8924 2
1934 8902 1
1934 9860 1
1937 9842 33
1937 9315 1
1937 9327 1
1937 9605 8
1937 9899 1
1937 9017 1
1937 9908 1
1945 9018 2
1947 9974 1
1947 9560 1
1965 9771 1
1965 8577 1
1965 9723 2
1965 9854 1
1969 9084 4
1969 8641 3
1969 9125 4
1969 8717 3
1969 9184 2
1969 9465 1
1981 8697 1
1981 9091 4
1981 9742 1
1981 8669 1
1981 8910 1
1992 9652 2
1992 9865 1
1992 9933 1
1992 9997 1
1997 9689 110
2019 9017 1
2039 9633 5
2039 8748 9
2039 8797 4
2039 8938 1
2040 9950 2
2042 8948 1
2042 9926 1
2054 9146 1
2054 9175 1
2054 9520 1
2061 9285 2
2061 9227 15
2061 9651 1
2062 8934 3
2062 9024 1
2062 9164 1
2062 9215 4
2062 9492 2
2062 9671 1
2062 9005 1
2062 9646 1
2062 8657 1
2062 9843 1
2066 8776 13
2066 9134 1
2066 9235 1
2066 8641 2
2066 9087 7
2066 8995 1
2066 8635 1
2074 9226 200
2074 9471 3
2092 8594 1
2092 8953 1
2097 9615 2
2097 9037 1
2098 9152 2
2098 9047 1
2098 9572 1
2105 9993 1
2105 9397 2
2108 9879 1
2108 9616 1
2108 9049 3
2108 9883 1
2109 9571 1
2109 9218 2
2109 9588 2
2109 9699 5
2118 9700 1
2118 9311 1
2136 8835 1
2136 9959 1
2136 8921 1
2138 9468 2
2138 9454 2
2138 9846 1
2164 8697 4
2164 8842 1
2164 9541 2
2178 8657 1
2178 8686 1
2178 9355 1
2178 8792 1
2178 8659 1
2178 8817 2
2225 9315 10
2225 9115 6
2225 9463 1
2225 9494 12
2225 9960 4
2228 9318 1
2228 9142 1
2228 9996 21
2228 8732 1
2228 9804 1
2231 9979 1
2231 8610 1
2231 9557 68
2231 9886 3
2242 9052 1
2242 9188 1
2242 8567 1
2245 9855 3
2245 8717 2
2253 9178 2
2253 9705 1
2269 8959 1
2269 9018 3
2269 9228 1
2291 9430 1
2291 8937 31
2291 9270 1
2291 9272 1
2291 9197 1
2291 9258 1
2291 9832 4
2302 8761 4
2302 9496 1
2302 9652 2
2317 8583 1
2325 9110 1
2325 9860 2
2325 8741 4
2325 9182 1
2325 9239 1
2352 9691 2
2352 9479 10
2352 9056 1
2356 9485 1
2356 8718 1
2356 9117 1
2356 8815 1
2356 9638 4
2356 9423 3
2356 9920 1
2364 9490 4
2364 9769 10
2364 9910 1
2396 9079 1
2396 8904 1
2396 9166 1
2396 9680 1
2396 9918 35
2396 9994 3
2396 9111 2
2396 8726 1
2396 8601 2
2396 8845 4
2396 8978 30
2396 9014 1
2396 9928 1
2398 9811 1
2398 8572 1
2398 9643 4
2398 8911 1
2398 9538 5
2403 9724 3
2403 9707 4
2403 9428 1
2435 8587 1
2445 9280 1
2445 9307 1
2445 9925 1
2450 9698 11
2450 8645 1
2450 8651 1
2450 8882 3
2450 8940 1
2450 9707 4
2491 9026 1
2507 9295 2
2578 9792 1
2578 8918 1
2578 9056 23
2578 9074 1
2578 9099 11
2578 9133 1
2578 9679 1
2594 9609 3
2594 9409 8
2594 9869 1
2594 9448 5
2594 8936 1
2604 9636 1
2604 9855 3
2606 9255 1
2606 9074 4
2606 9194 3
2606 9997 2
2606 8792 1
2639 9781 1
2639 9128 1
2639 9199 3
2639 9562 1
2655 9115 1
2655 8696 7
2655 9972 1
2670 8574 1
2670 9068 1
2683 9568 1
2689 8569 1
2689 9884 1
2692 8658 2
2692 8978 1
2692 9826 5
2692 8622 1
2700 9560 2
2700 9218 4
2700 9961 7
2705 9302 2
2705 9720 1
2705 9029 3
2705 9855 1
2705 9471 1
2713 9765 2
2713 9221 2
2713 9696 2
2713 8698 1
2713 9407 1
2717 9139 3
2717 9255 1
2717 9501 1
2740 9700 1
2740 9729 1
2740 9866 1
2740 8630 1
2740 9335 6
2740 9506 2
2740 8580 1
2748 9996 1
2748 8817 2
2748 8643 1
2771 9977 1
2771 9159 1
2774 9477 1
2774 8795 1
2774 8835 5
2776 9356 3
2776 9835 1
2776 8817 2
2776 8879 16
2776 9041 1
2779 8759 1
2779 8850 1
2779 9234 1
2780 8699 12
2780 9629 1
2780 9961 1
2780 9883 2
2795 9482 3
2795 8628 1
2795 8961 2
2795 8992 1
2795 9147 1
2795 9284 1
2795 9326 1
2797 9652 1
2797 8589 1
2810 9842 1
2810 9131 1
2810 9831 1
2811 9369 1
2811 9568 1
2823 8839 1
2823 9499 1
2823 8924 2
2823 9918 107
2827 8885 2
2827 9841 2
2827 9999 1
2827 9037 1
2827 8636 3
2836 9125 1
2836 8972 3
2836 9401 1
2836 8583 1
2836 9345 5
2836 9566 1
2836 9753 7
2836 9984 1
2853 9617 1
2853 9902 7
2853 8895 2
2853 9081 1
2853 9809 1
2866 9415 1
2866 9037 1
2866 8595 3
2866 9038 2
2904 9825 1
2912 9048 139
2914 8585 1
2914 8720 18
2914 8730 1
2914 9384 3
2914 9483 2
2922 8643 1
2922 9974 1
2925 8771 1
2925 8815 1
2925 8763 2
2925 9591 1
2925 9922 1
2925 8577 1
2925 9120 1
2950 8902 1
2950 8908 1
2950 9387 1
2950 9775 1
2956 9401 1
2956 8816 1
2956 8959 3
2956 8972 1
2960 8611 1
2960 9131 1
2960 9575 1
2960 8965 1
2960 9297 1
2968 9552 1
2968 8811 2
2982 8924 1
2982 8932 1
2982 9212 1
2982 9305 1
2982 9667 1
2999 9736 4
2999 8734 7
3027 8641 1
3027 9956 2
3029 9749 3
3029 8808 1
3029 9853 1
3039 8830 1
3039 9893 4
3040 9252 2
3040 8615 46
3040 9100 1
3040 9622 1
3040 8581 2
3040 9295 1
3064 9558 1
3064 9304 2
3064 9405 1
3068 8730 7
3068 9218 3
3068 9121 117
3074 8696 1
3074 9087 1
3074 8959 1
3074 9043 9
3074 9143 1
3074 9044 4
3074 9661 1
3074 9317 1
3079 9695 4
3079 9909 4
3086 9001 1
3086 9614 1
3090 9024 2
3115 9062 1
3115 8856 1
3115 9149 1
3115 9594 1
3115 9959 1
3115 8819 2
3115 9402 200
3115 8783 1
3115 9595 10
3119 8763 2
3138 9948 3
3142 8755 1
3142 8636 1
3142 9361 4
3142 9780 1
3160 9305 1
3160 9515 3
3160 9290 1
3160 9615 1
3162 9079 2
3162 9384 1
3162 8575 10
3162 9842 2
3169 9004 22
3169 9127 3
3169 9353 1
3169 9983 1
3171 9419 191
3171 9821 1
3171 9835 1
3171 9920 1
3192 9989 1
3192 9006 2
3197 9645 2
3204 8916 1
3206 9864 1
3206 9248 1
3206 9723 3
3206 9291 1
3229 9430 1
3229 8879 1
3229 8765 1
3229 9215 1
3229 8756 5
3232 9317 4
3242 9117 1
3242 9549 1
3256 9609 1
3284 9979 1
3284 9109 1
3284 9984 1
3284 9767 3
3284 8744 1
3284 8599 3
3284 9635 1
3295 9011 6
3295 8567 19
3320 9767 1
3321 9803 4
3321 9470 20
3321 9581 3
3327 8960 5
3327 9591 1
3328 9552 6
3328 8864 1
3328 9074 1
3332 9661 1
3335 9333 1
3335 8867 1
3361 9469 1
3361 9989 1
3361 9087 3
3361 9927 1
3361 9950 56
3373 9980 1
3373 9533 1
3373 8650 1
3391 9922 1
3394 9062 5
3394 9666 1
3436 9639 1
3442 9492 1
3442 9337 1
3442 8692 2
3442 9824 5
3442 9814 2
3445 8599 2
3445 8919 1
3445 9629 1
3447 8901 1
3447 9042 1
3447 9073 22
3449 8911 1
3449 9036 2
3449 9743 1
3449 9152 1
3449 9822 8
3471 9095 2
3471 9897 3
3471 8886 1
3471 8960 7
3484 8993 30
3484 9999 5
3484 9131 1
3484 9289 1
3484 8882 1
3484 9501 1
3484 9891 1
3484 9905 2
3487 9403 1
3487 9485 1
3487 8803 1
3487 9363 2
3493 9027 2
3493 9547 5
3493 9839 1
3493 8794 5
3505 9963 2
3505 8681 2
3505 9921 2
3512 8575 1
3512 9481 1
3512 9973 1
3512 9645 1
3512 9276 4
3524 9685 3
3524 8579 1
3524 8933 1
3524 8851 3
3524 8815 1
3524 8852 1
3524 8890 1
3524 9349 1
3539 9209 5
3544 9805 1
3544 9957 1
3566 8663 1
3568 9891 1
3568 8717 5
3568 8969 2
3568 8625 3
3568 9916 16
3570 9053 2
3570 9070 1
3570 9580 1
3570 9608 1
3570 9034 1
3570 9297 1
3570 9681 1
3570 9796 1
3570 9968 1
3570 9599 2
3575 8938 3
3575 8959 1
3575 9346 3
3575 9499 1
3575 8600 6
3587 9142 10
3587 9970 7
3587 8843 1
3587 9288 13
3587 9644 1
3587 9720 1
3587 9927 3
3611 8655 2
3611 9632 3
3613 8726 1
3613 8960 1
3613 9447 1
3613 8697 1
3613 9725 1
3616 8830 2
3616 9512 12
3616 9907 34
3616 9634 1
3625 9733 21
3625 9049 1
3635 9958 6
3635 9013 1
3635 9943 1
3635 9155 2
3635 9544 1
3635 9666 2
3644 9068 1
3644 8688 1
3644 9285 3
3644 9375 1
3668 9872 5
3668 8879 1
3668 9987 3
3668 9183 1
3668 9468 1
3668 9738 1
3668 9819 1
3668 9790 9
3668 9919 1
3674 9005 2
3674 8774 1
3674 9874 7
3675 8992 4
3675 9261 1
3675 8805 1
3698 8716 1
3698 9479 1
3699 9586 1
3699 8784 1
3699 9136 1
3699 9221 1
3699 9070 4
3699 8633 1
3699 9020 1
3699 9352 4
3700 9694 1
3700 8912 1
3715 8618 17
3715 9104 3
3734 8915 1
3734 9159 2
3734 8969 1
3742 9202 1
3742 9257 1
3749 8937 1
3749 9118 1
3749 8790 2
3749 8880 1
3749 9754 1
3752 9104 1
3752 9073 1
3752 9199 12
3752 9430 1
3753 9286 1
3753 8696 1
3755 9680 1
3755 9212 1
3755 9286 1
3755 9779 22
3755 9977 64
3755 9020 1
3755 9228 3
3759 9843 2
3759 8597 5
3759 8763 1
3760 9631 1
3760 8645 6
3760 9232 1
3760 9453 1
3776 9367 1
3776 8730 1
3776 9655 2
3817 9421 29
3817 8581 1
3817 9204 3
3817 9970 1
3817 9984 1
3817 8915 2
3817 9503 3
3830 9110 1
3830 8986 4
3830 9533 1
3834 9607 1
3834 9844 21
3834 9598 1
3842 9662 51
3842 9991 1
3845 8828 1
3845 9410 3
3845 9371 8
3845 9608 1
3845 9777 124
3845 9212 5
3846 9846 2
3846 9448 1
3846 9499 3
3846 9335 1
3846 8853 10
3846 9060 2
3846 9100 1
3851 9930 1
3851 9119 1
3851 8930 1
3851 8934 7
3856 9311 2
3856 9839 1
3856 9461 103
3856 9501 2
3856 9886 1
3856 9981 2
3866 8834 1
3866 9792 1
3866 8810 5
3866 9894 5
3866 8953 1
3866 9662 3
3872 8911 2
3872 9084 1
3872 9486 1
3872 9624 1
3872 8619 1
3872 8718 2
3872 9570 6
3873 9175 1
3882 9673 2
3882 8758 6
3882 9428 1
3897 8806 2
3897 8595 71
3908 9743 200
3908 9248 1
3908 9419 1
3908 9571 1
3908 9611 1
3908 9875 1
3938 8965 1
3938 9729 3
3938 9089 2
3938 9941 7
3939 8653 2
3939 8626 1
3939 8822 1
3939 9164 4
3941 8760 2
3941 9850 14
3941 9456 3
3964 8905 1
3964 9487 1
3974 9372 1
3974 9910 25
3974 9778 1
3974 9909 1
3974 9769 2
3988 9263 1
3988 9355 2
3988 9037 13
3999 9845 2
3999 9150 1
3999 8897 4
4012 8768 1
4012 9107 1
4014 9476 1
4014 9775 1
4014 9950 1
4014 9423 3
4040 9093 1
4040 9733 1
4044 9979 31
4044 9392 1
4044 9918 1
4044 9294 1
4044 9481 2
4050 9903 4
4050 9105 1
4050 8940 1
4050 9610 1
4050 9456 1
4054 9247 1
4054 9409 1
4054 9873 1
4079 9416 1
4079 9791 1
4079 9362 31
4101 9291 2
4115 9476 2
4115 8800 1
4115 9756 1
4116 9915 1
4117 9164 3
4117 9479 1
4117 9880 3
4117 8897 1
4123 8972 3
4123 9566 1
4123 8834 4
4160 9552 1
4165 9705 1
4165 9711 2
4165 9511 1
4165 9146 1
4165 8666 1
4165 9406 2
4167 8911 1
4167 9990 3
4169 8818 8
4169 9302 1
4169 9901 1
4184 8922 1
4184 9489 1
4193 9300 2
4193 9139 1
4193 9020 1
4193 9617 1
4204 8971 1
4204 9507 1
4204 8620 3
4204 9898 16
4214 9235 1
4214 9474 1
4220 8845 1
4220 9570 8
4220 8614 1
4220 9393 1
4220 9415 1
4229 9264 1
4229 9330 2
4229 9869 1
4229 9255 200
4229 9979 1
4229 8730 1
4229 9825 5
4229 8834 1
4229 9308 1
4239 8639 1
4243 9313 1
4243 9175 3
4259 9066 1
4280 9590 1
4280 9988 1
4280 9774 11
4280 9898 3
4324 8843 7
4324 8895 1
4324 8626 1
4324 8864 2
4324 9014 1
4324 9968 1
4324 8958 1
4324 9648 1
4324 9329 1
4324 9826 1
4331 9363 2
4331 8919 1
4331 9885 1
4331 9948 1
4331 9356 3
4375 9379 1
4375 9187 6
4375 8996 1
4383 9696 1
4383 8653 1
4383 9512 1
4383 9518 1
4392 9950 29
4392 9218 1
4392 9855 2
4392 9983 1
4392 8993 1
4397 8626 1
4397 8607 1
4407 9219 2
4407 8950 4
4413 9407 1
4413 8823 5
4413 9069 1
4413 9489 3
4413 9774 1
4430 8882 1
4430 8785 1
4433 9017 1
4435 9314 1
4435 9389 20
4435 9490 1
4451 9452 1
4451 9932 2
4451 8733 1
4451 9121 3
4451 9265 2
4451 9705 1
4451 9974 1
4480 8945 1
4480 9097 2
4480 9672 1
4482 9515 1
4482 9948 1
4497 9088 3
4497 8752 4
4497 9286 6
4504 8724 2
4504 9124 1
4504 9675 1
4504 9767 6
4504 9041 1
4504 9579 3
4518 9166 7
4518 8974 1
4527 9740 1
4527 9145 2
4527 9247 1
4527 8687 1
4527 9346 1
4527 8568 1
4530 9590 1
4530 8602 2
4531 8748 1
4531 8724 1
4531 9355 1
4532 8618 1
4532 8674 1
4532 9985 7
4532 9086 5
4532 9547 1
4543 9988 1
4543 9351 5
4543 9932 1
4547 8851 1
4553 9255 1
4553 8776 2
4553 9074 2
4553 8904 1
4553 8850 14
4553 8765 2
4553 9222 4
4553 9682 2
4554 9715 1
4554 8866 1
4554 8783 2
4554 8814 1
4554 9316 1
4554 9615 8
4559 8627 32
4559 9330 4
4570 9527 1
4570 9654 2
4570 9984 18
4570 8741 7
4570 9243 1
4570 9182 1
4570 9681 5
4575 8688 1
4575 9061 2
4575 8573 1
4575 8857 43
4575 9095 1
4575 9113 1
4575 9496 1
4575 9743 3
4577 8944 4
4577 9958 9
4579 9308 1
4579 8831 1
4579 8910 1
4579 9715 3
4579 9817 1
4579 9476 1
4612 9629 2
4612 9030 1
4615 9954 1
4615 9782 1
4615 9916 1
4615 8945 1
4615 9122 1
4615 9623 9
4618 9212 1
4632 9897 1
4632 9247 3
4632 9673 100
4632 9803 8
4645 9425 2
4645 9632 2
4645 9646 2
4645 9770 4
4665 8818 1
4667 8734 1
4667 8778 2
4667 8973 2
4667 9508 1
4671 9563 2
4671 9243 1
4671 9003 1
4671 9630 1
4671 9369 1
4671 9954 4
4680 9651 1
4680 8653 3
4682 8928 1
4682 9778 8
4682 9811 1
4683 8814 1
4683 8695 1
4683 9339 1
4711 9529 3
4711 8773 2
4711 9192 1
4711 9196 2
4711 8696 1
4711 9756 1
4711 9486 1
4711 8632 1
4711 9973 2
4725 9827 1
4725 8778 1
4725 9367 7
4728 9147 2
4728 8698 4
4728 9194 9
4728 9870 1
4728 8932 1
4734 8709 5
4734 9638 1
4743 8633 1
4743 9756 2
4744 9708 1
4744 9917 1
4744 9626 1
4744 9546 1
4744 9741 1
4748 8928 1
4748 9144 4
4748 9583 1
4748 9358 1
4751 9061 1
4751 8873 1
4751 9634 1
4751 9663 1
4751 9908 6
4784 9421 1
4784 9839 6
4784 9208 11
4784 9879 1
4784 9294 2
4784 9612 10
4784 9704 1
4788 8702 1
4788 9044 2
4788 8608 1
4788 8686 1
4788 9775 1
4797 9836 4
4797 9695 1
4810 9569 1
4810 8792 1
4810 8818 2
4814 9944 1
4814 8633 1
4814 9382 2
4814 8823 1
4814 9852 6
4814 8599 1
4820 9634 1
4820 9103 1
4825 8581 1
4825 9580 1
4834 8643 1
4838 9590 1
4838 9787 2
4838 8585 8
4838 8743 1
4838 9073 4
4838 9552 200
4838 9675 2
4844 9484 1
4851 9113 1
4851 9625 3
4851 9786 1
4851 9916 1
4864 9309 1
4864 9167 1
4864 8971 1
4864 9655 18
4864 8761 1
4864 9971 1
4865 9061 1
4865 9876 47
4871 9983 2
4871 9843 2
4871 8837 2
4871 9484 1
4871 9893 1
4877 8933 1
4877 9942 1
4877 9675 1
4877 9067 1
4877 9358 1
4877 8643 3
4877 9738 1
4879 8698 1
4879 8723 4
4879 9284 17
4879 9874 1
4879 9891 1
4883 9276 1
4883 9771 1
4883 9689 1
4883 9579 4
4891 8656 1
4891 9926 1
4891 9089 5
4891 9643 3
4891 8865 2
4896 8822 2
4898 9204 1
4898 9169 1
4898 9564 2
4921 9372 4
4921 9059 1
4921 9841 1
4936 9037 1
4936 9879 1
4936 8627 1
4936 9802 8
4949 8579 2
4949 9905 1
4965 8828 2
4965 9609 1
4970 9527 1
4970 9727 2
4970 8908 2
4984 8653 2
4984 8618 2
4999 9196 2
4999 9499 2
4999 9399 1
4999 8918 1
4999 8760 1
5054 8992 1
5054 8778 1
5054 8904 1
5054 9833 1
5064 9819 3
5064 9738 1
5064 9792 3
5070 8575 1
5070 8706 2
5070 9081 3
5070 9309 1
5074 9187 2
5074 9491 2
5074 8937 1
5093 9309 1
5093 8714 1
5113 8835 1
5113 8864 1
5113 8620 1
5113 9299 1
5113 9385 1
5113 9242 3
5113 9322 1
5128 8893 1
5129 9119 1
5160 9033 1
5160 9682 1
5171 8744 10
5171 8924 6
5171 9861 1
5186 8722 1
5186 8581 1
5186 9088 1
5187 9266 2
5187 8682 1
5187 8873 2
5187 9946 5
5187 9990 1
5187 8651 1
5187 9009 6
5187 9052 1
5187 9485 1
5205 9979 1
5205 8837 1
5205 8572 1
5205 9468 1
5205 9262 1
5205 9796 2
5205 9066 1
5205 9322 2
5205 8949 1
5208 8936 10
5217 9367 17
5238 9040 47
5238 9530 1
5238 9671 4
5238 9442 2
5238 9863 1
5247 9919 33
5247 9315 1
5247 9273 1
5247 9977 1
5251 8981 1
5251 9069 1
5251 9263 1
5257 9072 1
5257 8712 1
5264 9385 1
5283 8856 1
5283 8965 33
5283 9778 1
5283 9192 11
5305 9382 1
5305 9819 2
5321 8817 2
5321 9599 5
5345 8809 3
5366 9222 7
5366 9583 1
5373 8759 1
5380 9266 6
5387 9902 1
5387 8625 1
5387 8942 1
5387 9045 1
5388 8986 1
5388 9403 1
5388 9537 1
5388 8771 72
5388 9032 1
5388 8803 1
5388 9279 1
5388 9387 1
5388 9663 2
5389 8623 1
5389 8710 2
5389 8663 1
5389 9075 9
5389 9049 1
5389 9947 2
5390 9237 3
5390 9658 1
5390 9595 2
5390 9368 1
5390 9764 2
5390 9180 4
5394 9843 3
5394 8978 1
5394 9098 1
5394 9704 2
5403 8619 1
5403 9463 1
5403 9062 1
5423 9707 3
5423 8733 2
5424 9235 13
5424 9506 1
5424 9787 2
5425 9829 1
5425 9270 1
5425 9371 1
5435 9262 6
5435 9586 1
5435 8784 1
5435 9303 36
5435 9728 1
5442 9633 2
5442 9400 1
5442 8596 1
5443 8663 2
5443 8931 4
5462 9983 1
5462 9098 9
5478 8574 7
5478 8612 1
5478 9246 1
5478 8649 1
5478 8905 1
5478 8943 1
5478 9604 26
5486 9399 11
5486 9406 5
5486 9736 1
5486 9144 1
5486 8879 7
5486 9872 1
5486 9597 2
5502 9453 2
5502 9545 1
5502 8799 1
5520 9088 1
5520 9819 1
5520 8973 14
5520 9363 1
5521 9256 1
5521 9861 1
5543 9709 1
5543 9879 1
5554 8595 1
5554 9831 2
5554 9898 1
5554 8577 1
5554 8864 1
5556 9167 1
5556 9362 2
5556 8568 1
5556 9196 3
5556 8612 2
5579 8862 1
5579 8828 3
5590 9882 1
5603 8677 1
5603 8914 200
5603 9781 1
5607 9895 1
5607 8587 14
5607 9975 1
5628 9763 5
5656 9790 1
5673 8885 1
5673 9327 1
5673 8786 8
5684 9160 1
5684 9908 1
5684 9379 1
5684 8625 17
5684 9784 1
5684 8836 3
5690 9255 3
5690 9360 1
5692 8705 2
5692 9583 2
5692 9789 1
5692 8758 1
5692 9660 1
5692 8949 1
5692 9551 1
5692 9617 1
5692 9577 2
5692 9594 6
5698 9299 1
5698 8678 1
5698 9964 1
5698 9892 1
5698 9032 1
5706 9050 2
5706 8932 3
5706 9989 1
5706 9012 1
5706 9458 9
5706 8675 1
5706 8926 4
5706 9662 1
5736 9262 2
5736 9550 1
5736 9406 1
5736 9275 1
5736 8743 1
5737 9042 2
5737 9853 18
5737 8597 1
5737 9110 1
5737 9869 1
5747 9857 1
5747 9291 1
5747 9490 1
5747 9828 5
5752 9921 1
5752 8716 2
5757 9983 1
5795 9195 1
5795 9883 1
5795 8934 2
5795 8785 1
5795 9577 1
5795 9795 2
5795 9970 1
5798 9118 2
5813 8866 2
5813 8771 2
5813 8954 8
5827 9423 1
5827 9527 1
5827 9867 1
5847 9274 1
5847 9117 13
5847 9782 1
5853 8930 1
5853 9562 1
5853 9575 1
5853 8686 1
5853 8655 1
5868 9930 1
5868 9720 1
5885 8623 2
5885 9126 1
5888 9048 1
5888 8859 2
5888 9853 1
5888 9253 1
5897 9503 12
5903 8931 2
5903 9072 1
5903 9290 1
5911 9838 15
5911 9842 1
5914 9284 1
5914 8986 3
5914 9588 4
5928 9346 1
5928 9246 3
5928 8650 3
5928 9226 5
5928 9648 1
5929 8594 1
5944 9984 1
5944 9509 1
5944 9635 1
5951 9036 2
5951 9257 1
5951 8767 1
5951 8907 1
5951 9059 1
5984 8983 1
5984 8959 1
5984 9564 12
5990 9236 2
5990 8814 3
5990 9371 1
5990 9530 1
6007 9682 2
6007 8907 1
6007 9884 3
6007 9952 1
6021 9519 3
6021 9042 2
6021 8953 1
6021 9109 1
6021 9416 1
6026 9178 1
6026 8750 12
6026 9448 3
6029 9567 1
6029 9813 1
6029 8772 3
6029 9779 1
6029 9988 1
6029 8645 1
6036 9560 1
6036 8810 2
6036 8850 2
6036 9571 1
6036 9637 5
6046 9199 1
6046 8894 1
6046 9066 1
6063 8589 1
6063 8610 4
6063 8808 1
6063 9256 21
6063 9292 8
6063 9608 3
6063 9559 2
6095 9877 1
6095 9903 16
6099 9329 1
6099 9036 1
6099 9623 1
6099 9782 1
6099 9727 1
6099 9913 1
6103 9276 17
6103 9421 1
6103 8839 1
6118 9304 1
6118 9166 1
6134 8927 4
6135 9546 1
6135 9118 1
6135 9314 1
6135 9722 2
6135 9816 1
6156 9217 4
6160 9844 1
6160 8894 4
6160 9360 1
6160 9800 2
6160 8941 3
6162 9501 2
6162 9623 3
6162 9317 2
6169 8644 1
6169 9033 1
6169 9866 2
6169 8755 80
6169 9724 1
6182 8836 2
6182 9551 7
6182 8709 2
6182 9685 1
6182 9742 1
6182 9804 2
6182 9675 1
6182 9171 3
6186 9308 2
6186 9062 4
6202 9820 1
6216 9241 1
6216 9646 1
6216 8941 1
6216 9107 1
6216 9358 1
6216 8944 1
6216 9880 1
6216 9092 1
6216 9408 8
6216 9803 1
6216 9134 2
6216 9747 1
6220 8709 2
6220 9484 4
6220 8961 14
6220 8697 28
6225 9820 2
6225 9346 1
6225 9492 2
6229 8705 15
6229 9006 1
6261 9965 1
6264 9049 1
6264 9217 1
6272 8774 1
6272 9601 1
6272 9929 1
6272 9902 1
6276 8632 2
6276 8774 1
6276 9637 1
6283 9379 4
6283 9540 1
6308 8945 3
6308 9131 6
6308 8938 1
6308 8942 1
6313 8783 1
6313 9972 5
6313 9880 1
6315 9300 1
6315 9385 3
6315 8739 1
6315 9305 4
6315 9709 15
6350 9081 1
6350 9373 1
6350 8764 1
6350 8779 1
6353 8932 1
6353 9912 1
6353 9149 1
6353 9443 7
6357 9578 7
6357 9392 1
6357 8610 1
6357 9092 2
6357 9221 1
6364 9999 1
6364 9032 1
6364 8933 2
6364 9003 3
6395 9895 9
6395 9565 1
6397 8592 3
6397 9265 1
6397 8707 1
6397 9425 1
6425 9651 1
6425 8965 1
6425 9688 2
6428 8902 2
6428 8937 3
6428 9694 3
6468 9428 2
6481 9214 1
6481 8981 1
6492 9650 1
6492 9357 1
6492 9896 4
6492 9397 6
6505 9234 1
6505 8686 3
6505 9079 36
6505 9563 1
6505 8671 2
6505 9136 1
6505 8773 10
6505 9195 1
6511 9590 1
6511 8794 5
6511 9600 4
6511 9736 1
6522 8597 1
6522 8814 1
6522 8970 3
6524 8918 2
6524 9894 1
6524 9961 5
6524 9854 1
6524 9410 1
6527 9590 1
6527 8918 3
6527 8885 4
6537 8810 2
6537 9105 1
6546 9247 1
6546 9913 4
6568 9735 1
6568 9603 2
6569 9443 1
6577 9066 1
6577 9414 24
6577 9111 1
6591 9791 3
6591 8749 1
6591 8922 7
6599 8765 1
6599 8945 1
6599 9975 1
6601 8610 1
6601 8887 1
6601 9590 1
6601 9651 1
6619 9075 1
6629 9271 3
6629 9051 2
6629 9134 25
6635 8682 9
6635 9030 1
6647 8785 1
6647 9984 1
6647 9646 4
6647 9658 1
6651 8795 1
6651 9136 1
6651 9943 2
6651 9862 2
6658 9838 1
6658 9814 2
6658 9412 1
6664 8589 1
6676 8970 1
6676 9013 6
6676 9117 1
6676 8857 15
6676 9137 1
6706 8958 3
6706 9688 1
6706 9300 3
6706 8933 3
6706 9338 1
6728 8797 1
6728 9338 2
6728 9410 3
6728 8572 1
6763 9731 2
6763 9060 1
6771 9512 1
6771 9339 3
6771 9045 1
6771 9453 1
6771 8904 1
6773 8596 4
6773 9511 2
6781 9089 3
6781 8671 1
6796 9494 2
6796 8600 1
6796 9043 1
6796 9245 1
6796 9379 1
6796 9767 1
6805 9047 1
6805 9957 1
6805 9474 1
6805 9128 1
6805 8621 4
6805 9040 1
6805 9789 1
6805 9835 1
6815 9769 2
6815 8601 1
6815 9045 1
6815 9581 3
6815 9702 1
6815 8843 4
6815 8859 1
6815 9185 4
6821 9652 2
6821 8889 3
6821 9559 1
6832 9778 1
6832 8633 3
6832 9183 1
6837 9885 1
6842 9482 1
6862 9324 1
6867 9453 6
6867 9048 1
6867 8651 1
6867 8805 5
6867 9301 1
6871 9416 1
6871 8731 1
6871 9403 1
6925 9089 2
6925 8720 1
6925 9633 2
6925 9262 1
6970 9281 1
6970 9034 1
6970 9454 1
6970 9351 5
6970 9681 1
6970 9783 1
6982 8931 1
6982 9211 3
6982 9381 1
6984 9965 1
6984 8904 1
6984 8574 1
6986 8927 4
6986 9831 1
6986 9891 1
6986 9070 3
6986 9072 1
6986 8926 7
6986 9632 3
7003 8594 3
7003 9148 1
7003 9166 1
7004 8823 6
7004 8802 1
7004 8897 1
7004 8657 3
7004 8893 1
7004 9013 4
7011 9893 1
7013 9577 2
7013 9027 1
7013 9509 61
7013 9586 1
7013 9614 5
7024 9234 1
7024 9824 1
7036 8720 2
7036 9946 1
7050 9967 2
7050 9320 1
7050 9489 1
7050 8793 1
7060 8580 6
7060 8983 1
7060 9079 5
7060 9213 1
7061 9069 1
7061 9563 3
7061 9319 2
7066 9768 1
7066 8662 1
7082 8996 2
7082 9805 1
7082 9026 1
7082 8693 2
7082 9659 2
7083 8774 1
7083 8984 1
7119 9164 6
7119 9607 1
7119 9866 1
7119 9981 1
7133 8885 1
7133 9228 1
7133 9077 4
7133 9704 1
7133 8596 1
7152 8580 1
7152 9315 1
7152 9127 19
7152 8885 1
7152 9097 7
7156 9247 1
7156 8909 1
7156 9883 1
7156 8621 2
7156 8934 120
7156 9689 1
7162 9280 1
7162 9373 1
7182 8602 12
7182 9335 1
7239 9130 1
7239 9722 2
7250 8888 1
7250 9487 1
7250 9937 1
7250 9139 2
7256 9941 1
7256 9967 1
7256 8603 1
7256 9033 1
7256 9537 1
7273 9491 57
7273 9219 2
7274 9982 1
7274 8812 8
7277 8710 1
7277 8886 1
7277 9275 1
7284 8577 1
7284 9050 1
7284 9266 144
7284 9285 2
7284 9802 2
7284 9935 4
7309 9775 1
7309 9813 4
7309 8600 45
7309 8948 1
7309 9715 1
7326 9870 3
7326 9321 1
7326 8839 1
7326 8637 1
7326 8954 38
7326 9273 76
7329 9128 1
7329 9800 12
7341 9901 1
7341 8910 1
7341 9057 2
7341 9352 1
7341 8623 3
7368 8580 1
7393 8837 2
7393 9399 1
7393 9928 1
7440 9007 1
7440 9048 1
7440 9136 1
7440 9207 1
7444 9012 6
7451 9480 1
7451 8970 1
7451 9119 1
7451 9483 1
7451 8950 1
7451 9167 2
7451 8888 2
7451 9910 1
7454 9699 1
7454 9844 9
7455 9198 2
7458 9899 1
7458 9414 5
7458 9234 2
7458 8931 2
7458 8894 42
7458 9259 1
7458 9894 2
7460 9392 1
7460 9468 1
7460 9952 2
7460 9956 1
7460 9563 1
7469 9242 2
7469 9954 1
7469 8866 1
7490 9791 1
7490 9957 1
7490 9985 1
7502 8693 1
7502 8954 2
7502 9070 9
7512 9125 2
7512 9245 22
7512 9895 1
7512 8678 4
7549 8970 47
7549 9083 1
7549 9471 11
7549 9540 1
7549 9729 10
7549 9964 10
7578 9991 1
7578 9286 1
7591 8908 12
7591 9543 28
7591 9998 1
7591 9865 1
7594 8944 5
7594 9443 2
7594 9468 200
7594 9139 1
7594 9207 2
7594 9841 1
7594 8916 1
7619 9991 8
7638 8590 28
7638 9308 1
7640 9059 1
7640 9125 8
7644 9656 1
7644 8981 1
7644 9592 1
7657 9897 1
7657 9813 1
7665 9068 2
7673 9282 1
7673 8785 1
7673 9330 1
7673 9232 200
7673 9443 200
7673 9828 1
7673 9075 1
7689 9372 1
7689 8922 12
7689 9184 1
7689 8575 1
7689 8818 64
7689 9312 3
7699 8612 1
7699 8585 1
7699 9937 1
7700 8973 5
7700 8705 1
7700 8802 2
7700 9556 1
7700 9800 3
7710 8983 1
7710 8658 1
7710 9064 1
7723 9862 1
7723 9942 2
7723 8636 3
7723 8673 2
7723 9978 3
7723 8624 13
7727 9024 1
7744 8732 1
7744 8623 2
7744 9324 1
7744 9379 1
7765 9300 1
7768 9144 1
7768 9747 1
7768 8999 1
7768 9389 1
7768 9978 8
7788 9341 3
7794 9316 1
7794 9833 1
7794 8764 1
7794 8779 7
7794 8880 1
7794 8995 3
7794 8600 2
7794 9099 1
7794 9118 2
7794 9624 1
7801 9964 1
7801 9148 11
7801 9693 1
7824 9536 3
7824 9261 1
7824 9564 1
7824 9289 2
7842 9672 2
7842 9960 1
7847 8931 10
7847 8771 1
7847 8669 5
7847 9346 8
7855 9907 12
7855 8705 1
7855 8878 1
7855 9349 1
7855 9208 3
7876 9167 1
7876 8958 1
7877 8741 2
7877 8883 2
7877 9101 1
7877 9777 1
7907 9951 1
7907 9499 1
7907 9989 1
7907 9970 1
7919 9612 5
7947 8972 2
7947 9630 7
7947 8714 1
7947 9248 2
7947 8823 1
7947 9482 1
7962 8794 1
7962 8641 1
7962 9024 1
7962 9978 1
7962 8748 4
7962 9132 3
7962 9682 8
7975 8913 5
7975 9826 1
7975 8723 1
7991 9052 2
7991 9763 1
8003 9943 2
8003 9005 4
8003 9512 1
8005 8625 3
8005 9214 1
8005 9275 1
8005 9137 6
8005 8619 2
8011 8754 1
8011 9963 19
8011 8816 3
8014 9360 1
8014 8682 1
8017 9983 1
8017 9157 8
8017 8644 1
8027 9996 1
8027 8760 3
8027 8856 7
8027 8800 1
8027 9307 1
8027 9368 2
8027 8779 1
8027 8831 1
8027 9268 3
8030 9333 33
8030 9817 1
8051 8867 1
8051 9206 1
8051 9281 1
8051 9982 1
8068 9113 1
8068 8747 1
8068 9443 1
8068 9546 1
8068 9578 200
8070 8954 1
8070 8789 1
8096 9642 1
8096 9249 2
8096 9636 3
8106 9154 1
8106 8772 1
8106 9253 1
8106 9326 1
8106 9646 2
8106 8758 1
8106 9685 3
8111 8941 1
8111 8615 5
8117 9190 9
8117 9592 1
8117 9538 1
8117 9560 1
8117 9933 1
8152 8770 1
8152 9041 2
8152 9610 4
8152 9241 1
8152 9836 1
8165 9111 7
8165 9140 1
8182 9629 11
8182 9903 1
8183 8802 1
8183 9605 3
8183 9185 1
8183 9198 1
8183 9468 6
8184 9629 2
8184 8750 1
8191 8824 3
8191 9574 2
8191 8800 1
8191 9149 2
8191 9543 1
8191 8895 4
8206 8945 1
8206 9339 2
8206 9408 4
8206 9915 9
8210 9131 6
8210 8893 1
8211 9828 1
8211 9967 1
8211 9646 1
8211 8655 2
8211 9588 1
8211 9965 1
8211 8759 1
8236 9423 2
8236 9217 1
8237 9937 3
8237 9001 2
8237 9142 2
8254 9942 1
8254 9239 1
8254 9580 2
8254 9736 1
8263 9594 1
8263 9922 3
8266 8583 1
8266 9465 2
8266 9161 4
8278 9219 1
8278 9491 1
8278 9598 1
8278 9930 1
8284 8918 1
8284 9171 4
8284 9303 1
8284 9405 1
8303 8580 6
8303 8926 1
8307 9358 5
8307 9578 2
8307 9805 5
8318 9878 1
8318 9405 1
8318 8797 7
8318 8971 1
8318 9581 1
8318 9783 1
8318 9812 1
8318 9836 1
8318 8815 2
8318 8983 16
8318 9415 7
8325 8933 2
8325 9870 2
8325 9574 1
8325 9515 1
8326 8803 37
8326 9656 12
8326 9465 1
8326 9967 125
8328 9954 1
8328 8747 8
8349 9972 1
8349 9230 2
8349 9664 3
8349 8941 1
8353 8948 14
8353 9074 2
8353 8871 1
8353 9958 1
8361 9735 1
8361 8764 3
8361 9605 1
8363 9924 1
8363 9167 1
8363 9768 13
8378 9667 1
8387 8686 6
8387 9042 1
8387 9578 1
8387 9232 151
8393 9876 5
8394 9673 1
8394 9215 3
8394 8688 1
8394 9181 1
8394 9678 1
8414 8697 1
8414 9051 2
8414 9169 2
8414 9398 5
8441 9852 5
8441 8870 1
8441 9077 1
8441 9517 3
8455 9967 30
8455 8592 1
8462 8746 9
8462 9792 1
8462 9935 1
8462 8687 1
8468 9789 1
8471 9868 2
8471 8880 1
8471 9009 2
8471 8755 1
8474 9051 2
8474 9062 1
8474 9579 1
8474 8568 1
8474 9052 2
8474 9707 1
8474 9609 3
8474 9420 1
8489 9201 1
8489 8720 1
8489 9292 3
8494 9443 1
8494 9632 1
8494 9700 2
8494 9625 1
8494 9526 1
8494 9474 1
8494 9091 1
8494 9631 2
8495 8824 1
8495 9759 1
8495 9034 1
8495 9999 3
8495 9079 6
8507 9186 2
8507 9447 1
8510 8948 1
8510 9831 1
8511 8901 1
8511 9597 1
8511 9891 1
8511 9756 1
8512 9828 1
8512 9299 1
8515 9922 1
8515 8850 1
8515 9230 3
8515 9975 1
8515 8610 1
8515 9338 1
8518 9168 1
8518 9410 2
8518 8887 1
8518 9036 1
8518 8913 2
8518 9115 1
8524 8681 1
8524 8581 1
8524 8731 1
8524 8860 1
8524 9654 22
8525 9324 1
8525 9150 1
8525 9868 1
8526 9850 4
8526 8984 1
8528 8889 1
8528 9397 3
8528 9873 1
8528 9642 5
8533 8851 1
8533 8791 1
8533 9999 2
8535 8966 1
8535 9127 1
8535 9222 1
8535 9570 2
8535 9213 2
8535 9817 1
8536 8835 9
8536 8750 17
8539 8584 3
8539 9477 1
8539 9899 2
8544 9639 1
8544 8611 1
8544 9656 19
8548 9600 1
8548 9897 1
8548 9621 2
8551 8857 2
8551 9382 1
8551 9014 2
8551 9978 1
8551 9263 1
8551 8860 1
8551 9124 1
8551 9951 4
8552 8765 1
8552 9672 1
8552 8693 27
8552 9040 1
8552 8862 1
8552 9764 1
8553 9977 1
8553 8957 5
8553 9161 2
8553 9980 6
8553 9453 2
8553 8930 1
8553 9357 1
8553 8569 9
8553 9754 1
8557 9623 1
8557 8612 1
8557 9795 1
8557 8681 1
8557 8960 2
8560 9824 2
8560 9335 1
8561 8644 1
8561 8957 1
8562 9877 3
8562 8568 1
8567 9726 64
8569 8829 1
8569 9176 2
8570 9188 1
8570 9273 1
8570 9280 1
8571 8655 2
8571 9557 1
8571 9824 1
8573 8868 1
8576 9086 1
8576 9920 2
8576 9492 4
8576 9591 1
8578 8933 3
8578 9304 1
8578 9469 1
8578 9507 2
8578 9703 4
8581 8664 1
8582 8871 1
8582 8857 5
8582 8659 2
8582 9679 6
8582 9972 8
8584 8833 1
8584 8762 1
8586 9545 10
8586 8716 1
8586 9195 1
8586 9645 1
8587 8665 175
8588 9255 1
8588 8853 1
8588 8681 1
8588 8710 6
8588 9439 1
8589 9911 136
8589 9451 1
8590 8821 12
8590 8742 10
8590 9328 1
8591 9932 1
8591 9259 4
8591 8674 7
8591 9481 2
8591 8612 4
8591 9101 41
8591 8692 2
8592 8708 200
8592 9380 1
8593 9469 4
8593 9790 6
8593 8673 2
8593 9373 1
8593 9545 1
8593 9896 1
8594 9019 1
8596 8648 2
8597 8787 2
8598 9629 2
8598 9109 3
8598 9256 1
8598 9980 2
8602 8848 4
8604 9006 1
8604 8988 1
8604 9313 1
8605 9664 13
8605 8971 4
8605 9113 1
8606 9280 3
8606 8974 2
8606 9845 11
8606 8677 1
8606 9758 2
8607 8804 6
8608 9162 3
8608 8891 1
8608 8647 1
8609 9543 3
8609 9026 1
8609 9314 1
8609 9661 1
8609 9702 1
8609 9821 6
8613 8627 1
8613 9931 1
8613 9817 1
8613 9947 1
8613 8756 1
8613 9414 5
8614 8935 3
8615 8775 2
8616 9994 1
8617 9375 1
8617 9337 1
8617 9703 7
8617 9610 1
8618 8670 3
8619 8757 3
8619 8769 4
8622 9516 10
8624 9542 1
8626 9755 1
8628 8979 1
8629 9592 2
8630 8977 2
8631 9067 1
8631 9288 1
8632 8777 4
8634 8797 4
8635 9793 1
8637 8841 3
8638 9159 1
8638 9124 1
8640 9774 90
8640 8726 1
8640 9828 1
8640 9947 11
8641 9323 1
8642 9980 1
8642 8755 1
8642 9492 1
8642 9660 1
8642 9494 2
8644 9755 1
8644 8841 1
8645 9336 1
8646 8976 1
8646 8657 1
8646 9320 1
8646 9547 1
8646 9622 2
8647 8799 1
8647 9012 7
8648 9910 1
8649 8807 1
8652 8803 1
8654 9214 2
8654 9872 5
8655 8729 2
8656 9726 2
8659 9331 1
8660 9349 2
8660 9190 4
8660 9877 1
8661 8887 1
8661 8914 1
8661 9012 1
8661 9345 9
8661 9847 1
8664 9622 4
8664 8873 2
8664 8675 2
8665 8772 1
8665 8786 2
8665 9029 1
8667 9691 1
8668 8844 1
8668 9199 1
8668 9935 1
8668 8810 4
8670 9803 2
8670 9136 3
8670 9390 2
8670 9959 1
8672 8950 3
8672 9295 1
8672 9566 1
8672 9549 1
8672 9249 1
8672 9582 15
8676 9103 1
8676 8860 1
8676 8789 1
8676 8871 1
8677 8982 9
8678 8917 1
8679 9942 1
8680 9308 4
8683 9001 1
8685 9236 5
8685 9990 1
8685 9057 7
8687 8825 1
8689 9811 2
8689 9362 1
8689 9968 1
8690 9393 1
8691 9361 1
8691 9876 1
8692 9830 1
8693 8833 4
8693 8798 4
8694 9409 1
8694 9624 25
8694 9287 1
8694 9878 9
8694 9987 2
8699 9336 1
8699 8766 2
8700 8849 5
8701 9788 2
8701 9818 1
8703 9420 2
8703 9947 4
8703 9943 1
8704 9607 1
8704 9155 2
8706 9761 1
8707 8719 1
8707 9911 3
8709 8898 1
8710 9022 4
8711 9391 38
8711 9815 4
8713 9784 3
8713 8913 1
8714 8923 6
8714 9793 1
8715 9642 1
8715 9273 1
8715 9569 1
8715 9680 1
8715 8990 1
8715 9236 1
8715 9630 3
8718 8997 1
8719 8758 1
8719 9156 2
8719 9104 1
8719 9249 1
8719 9973 1
8721 9913 2
8721 9693 1
8721 9320 1
8722 8840 1
8723 9336 2
8725 8949 1
8725 8806 1
8727 9658 1
8727 9198 8
8728 8943 1
8728 8760 1
8728 9321 3
8728 9143 1
8728 9396 3
8729 9956 1
8729 9589 20
8729 9719 1
8729 8805 3
8729 9574 1
8731 9939 3
8735 9647 1
8735 9364 1
8736 9326 1
8736 9410 1
8736 9592 1
8736 9636 1
8736 9198 5
8736 9009 14
8736 8909 8
8736 8978 1
8737 9815 1
8737 8955 1
8738 9156 1
8738 9192 1
8738 9654 1
8738 9084 1
8738 9486 10
8739 9739 4
8740 9234 5
8740 8945 1
8740 9784 1
8740 9667 6
8740 9907 1
8741 8780 7
8742 9688 1
8742 9544 4
8742 9355 3
8742 9868 5
8742 9935 1
8742 9603 1
8742 9133 17
8742 9606 1
8742 9499 3
8745 9145 8
8745 9255 12
8745 9640 1
8746 8964 2
8747 9336 2
8748 8847 1
8749 8935 1
8751 9440 1
8751 9146 1
8751 9963 2
8753 9147 1
8753 9259 1
8757 8894 2
8757 9814 2
8762 9339 1
8764 9331 1
8766 9809 1
8766 9279 1
8766 9355 1
8766 9699 3
8766 9354 1
8766 9852 1
8766 8889 1
8766 9237 4
8767 9331 1
8769 8974 1
8769 9207 1
8770 9162 1
8770 9457 1
8771 9331 1
8771 8874 1
8773 9516 3
8773 8982 3
8776 8956 1
8776 9343 8
8777 9161 1
8778 8964 1
8780 9919 2
8780 9753 1
8780 9027 10
8781 9651 2
8781 9689 1
8782 9842 1
8782 9981 1
8782 9143 2
8782 9623 1
8782 9032 17
8782 8810 5
8784 8987 1
8784 9851 5
8787 8978 1
8787 9771 1
8788 9774 1
8788 9382 5
8790 9336 1
8791 9808 1
8796 9075 1
8796 9694 2
8796 9820 1
8796 9891 2
8796 9601 2
8796 9083 1
8796 8922 8
8796 9181 1
8796 9588 1
8796 9731 1
8797 9793 1
8798 9228 1
8798 9935 1
8798 9606 1
8798 9544 84
8798 9011 1
8798 9354 6
8800 9112 45
8802 9418 1
8803 8906 9
8804 8984 8
8804 9728 4
8804 9119 6
8806 9022 1
8807 9279 1
8807 9018 12
8807 9278 1
8808 9331 1
8808 9223 2
8811 8896 1
8812 8952 1
8812 8997 1
8813 9841 1
8813 9798 3
8813 9401 2
8814 9391 7
8816 8929 1
8819 8968 1
8820 9085 2
8820 9520 1
8820 8824 2
8820 9024 1
8820 9318 8
8821 9485 1
8821 9222 1
8821 9860 2
8821 9264 3
8821 9882 7
8821 9994 1
8823 8876 1
8824 9380 1
8825 9026 2
8826 9253 2
8826 9299 3
8826 9741 3
8826 9316 1
8827 9598 1
8827 9963 2
8827 9184 30
8827 9608 1
8829 9103 1
8829 9678 1
8832 9559 1
8832 8969 1
8833 9318 2
8833 9038 5
8833 9802 1
8838 9959 2
8840 9356 3
8840 8844 1
8840 9149 1
8840 9197 5
8841 9239 2
8841 9114 4
8846 9408 1
8847 9329 3
8847 9529 1
8847 9612 1
8847 9671 2
8847 9559 1
8847 9098 1
8847 9314 1
8847 9790 1
8847 8915 3
8848 8943 1
8850 8989 5
8851 8977 1
8854 9779 1
8854 9430 1
8855 9171 1
8855 9333 1
8855 9825 1
8856 9129 1
8858 8905 4
8858 9567 2
8858 9998 1
8860 9584 1
8861 8873 1
8861 8978 1
8862 8987 1
8863 9479 1
8863 9440 1
8863 9898 1
8865 9761 3
8867 9343 1
8868 9110 17
8868 9466 1
8869 9626 1
8869 9242 2
8869 9932 1
8872 9292 1
8874 8922 1
8874 9795 1
8874 9128 1
8874 9225 1
8875 9916 1
8875 9557 1
8876 9607 1
8876 9152 4
8876 9558 1
8877 9968 1
8878 9418 1
8881 9239 1
8881 9798 1
8882 9521 1
8883 8968 1
8884 9543 1
8884 9833 2
8884 9131 9
8884 9330 1
8887 8963 1
8889 9386 1
8890 9911 1
8891 8916 1
8891 9749 1
8891 9222 1
8891 9759 26
8892 9899 1
8892 9527 1
8892 9763 1
8892 9397 1
8893 8989 4
8896 9469 1
8896 9503 1
8898 9953 1
8898 9913 1
8898 9281 1
8899 9143 1
8900 9081 2
8900 8930 1
8900 9190 1
8900 9729 1
8901 8929 6
8903 9857 3
8903 9093 1
8905 9744 3
8906 9541 8
8906 9496 1
8906 9515 1
8907 9856 1
8917 9999 2
8917 9168 3
8918 9619 1
8919 9391 30
8920 9329 10
8920 9592 5
8920 9601 1
8923 9926 2
8923 9118 1
8925 9139 2
8925 9728 2
8927 8951 1
8929 9581 3
8935 9696 200
8935 9011 67
8935 9973 1
8935 9351 1
8935 9658 1
8935 8961 1
8938 9021 1
8939 9291 3
8939 9274 1
8944 9939 1
8944 9028 1
8946 9855 1
8946 9579 1
8946 9626 5
8946 9658 1
8946 9809 1
8947 9895 1
8947 9551 3
8950 8968 1
8951 9929 1
8952 9204 3
8952 9656 1
8953 8997 3
8954 8968 1
8955 9701 6
8955 9474 1
8955 9664 1
8955 9462 2
8956 9497 1
8956 9839 9
8956 9957 2
8958 9939 1
8959 9911 1
8962 9892 1
8962 9067 6
8962 9227 3
8962 9820 1
8963 9079 1
8963 9517 1
8963 9235 2
8964 9439 1
8964 9638 3
8964 9084 1
8964 9056 1
8964 9864 1
8964 9440 2
8967 9957 1
8967 9356 1
8967 9387 1
8967 9466 2
8967 9799 2
8968 9854 1
8971 9493 1
8975 9043 1
8976 9016 1
8977 9180 1
8977 9050 1
8977 9735 2
8979 9777 2
8979 9829 1
8979 9614 1
8980 9133 3
8980 9987 1
8980 9114 1
8982 9059 1
8982 9980 39
8984 9000 1
8986 8997 8
8988 9418 4
8989 9321 1
8989 9638 6
8989 9258 1
8989 9319 1
8989 9540 1
8994 9041 1
8997 9107 1
8998 9402 2
8998 9563 3
8998 9103 1
9000 9186 1
9001 9162 1
9001 9761 78
9002 9458 1
9005 9031 4
9007 9162 8
9007 9992 1
9008 9616 1
9008 9333 1
9008 9215 1
9008 9503 1
9010 9603 3
9010 9526 1
9010 9246 3
9010 9274 1
9015 9576 6
9016 9930 3
9019 9353 1
9020 9028 1
9021 9237 1
9021 9990 1
9022 9882 1
9022 9494 26
9022 9034 1
9022 9230 7
9022 9511 1
9023 9264 4
9023 9818 3
9025 9845 48
9025 9208 1
9025 9329 1
9025 9266 1
9028 9586 1
9028 9168 2
9028 9324 1
9028 9788 1
9028 9850 3
9028 9917 1
9028 9947 4
9031 9894 1
9031 9567 1
9031 9303 1
9031 9917 1
9031 9148 2
9036 9162 2
9045 9757 1
9050 9336 1
9053 9223 1
9053 9911 1
9057 9856 1
9077 9451 1
9081 9755 1
9099 9647 9
9101 9939 1
9112 9411 2
9112 9178 1
9112 9711 18
9119 9386 2
9129 9852 1
9129 9375 20
9132 9451 3
9141 9906 3
9153 9342 1
9156 9794 1
9162 9484 2
9162 9186 3
9162 9272 1
9166 9815 1
9178 9911 1
9180 9794 1
9188 9451 5
9194 9451 1
9198 9619 1
9204 9334 1
9210 9937 29
9214 9331 1
9219 9794 2
9223 9287 1
9240 9744 1
9247 9856 1
9258 9323 1
9261 9394 1
9270 9348 1
9272 9336 2
9277 9730 1
9284 9391 9
9285 9331 1
9289 9856 2
9294 9815 4
9297 9726 5
9300 9394 1
9300 9457 1
9302 9394 1
9320 9331 19
9323 9768 2
9323 9792 1
9328 9719 2
9331 9639 2
9331 9636 3
9331 9672 1
9331 9812 6
9334 9446 1
9336 9724 34
9336 9530 1
9337 9386 1
9338 9348 1
9341 9911 1
9343 9671 2
9343 9719 1
9352 9739 4
9353 9457 1
9364 9729 3
9374 9455 1
9378 9522 2
9386 9415 1
9391 9485 5
9391 9924 1
9391 9400 1
9391 9867 1
9392 9938 2
9393 9647 2
9394 9913 1
9394 9700 1
9394 9603 1
9402 9761 2
9406 9793 1
9411 9938 1
9418 9700 1
9448 9808 1
9451 9541 1
9451 9550 2
9457 9519 1
9457 9636 1
9457 9639 200
9458 9808 1
9469 9734 1
9480 9830 1
9484 9619 1
9487 9911 1
9518 9856 1
9520 9521 1
9521 9791 1
9543 9726 1
9565 9851 5
9567 9739 1
9584 9594 3
9584 9779 1
9589 9757 1
9595 9830 1
9608 9618 1
9619 9908 1
9621 9815 1
9632 9761 4
9642 9851 1
9647 9967 1
9691 9830 1
9722 9726 1
9725 9938 1
9739 9798 2
9761 9920 1
9761 9965 1
9793 9925 1
9805 9808 2
9808 9943 1
9808 9982 1
9808 9989 2
9815 9921 2
9815 9835 1
9863 9939 1
9864 9992 1
9876 9911 1
9911 9957 9
9931 9992 1
