158 584 
74 4476 
660 817 
382 16 
660 104 
1885 660 
158 4425 
660 281 
480 11 
660 1591 
74 1020 
342 4809 
660 1940 
660 708 
660 2458 
342 1881 
3249 1666 
660 1258 
4807 584 
660 141 
1064 381 
1137 4369 
660 490 
660 520 
1064 2789 
103 319 
480 397 
660 3192 
660 2752 
65 16 
443 16 
660 174 
222 16 
660 1094 
1764 2528 
50 16 
266 16 
660 1650 
660 2278 
660 2442 
342 3877 
660 620 
1104 4230 
577 3491 
660 901 
342 18 
660 2575 
260 324 
660 2102 
588 16 
779 2345 
660 1364 
1064 670 
660 1077 
104 16 
660 1511 
660 3627 
660 1688 
69 2564 
660 2510 
584 3222 
342 1886 
660 1248 
3333 50 
110 181 
9 1506 
660 226 
660 2121 
424 16 
660 1542 
660 395 
410 171 
660 2549 
660 280 
3491 397 
67 2197 
660 891 
660 951 
74 2611 
220 374 
660 6 
342 3418 
524 4434 
69 285 
1104 324 
36 16 
75 16 
779 1421 
3794 660 
1064 3465 
660 557 
1315 3893 
177 16 
660 3167 
71 324 
1995 468 
660 496 
74 643 
342 3864 
74 4138 
660 1137 
660 875 
660 588 
46 1073 
173 4141 
660 314 
660 1502 
342 193 
660 759 
660 76 
1596 243 
50 5 
660 2082 
74 651 
660 53 
660 686 
660 424 
660 192 
465 16 
660 2553 
3794 3333 
1064 1040 
1885 4425 
644 171 
1885 3627 
928 324 
660 206 
660 615 
660 66 
76 436 
660 90 
660 584 
415 16 
660 3273 
660 646 
615 40 
660 67 
188 3273 
4789 13 
105 3273 
2502 2422 
338 3273 
76 1023 
321 3273 
75 3273 
3161 11 
53 2884 
89 3273 
220 13 
104 1559 
849 1696 
144 3273 
9 1506 
1502 2604 
842 1033 
1248 2322 
18 2187 
6 3273 
148 2187 
26 3273 
2017 743 
36 993 
1 1511 
188 3310 
1939 1559 
160 494 
477 1033 
304 18 
865 238 
222 238 
36 4425 
22 3836 
321 238 
631 382 
720 1537 
2017 579 
379 536 
110 504 
266 238 
110 1346 
96 999 
61 238 
503 238 
454 238 
851 1040 
48 2139 
727 1207 
851 53 
851 260 
631 1207 
53 30 
319 222 
448 30 
177 454 
76 395 
50 204 
155 1511 
2357 30 
22 3481 
55 1537 
3224 1735 
2584 3627 
1735 100 
643 1621 
177 1033 
3627 314 
901 4716 
865 896 
1939 4716 
410 1164 
382 4716 
510 59 
3473 3474 
338 3525 
2773 2774 
75 2698 
260 626 
110 2774 
873 59 
1547 59 
1818 59 
338 3474 
59 410 
18 3474 
264 250 
248 454 
65 2698 
26 1597 
71 2342 
104 2698 
237 66 
515 551 
1939 1511 
188 1094 
4248 4326 
3130 4248 
188 1511 
727 1511 
3257 11 
155 602 
441 363 
441 1023 
441 53 
464 363 
2150 2530 
5 602 
42 551 
94 3257 
3257 94 
22 4471 
65 602 
548 602 
515 602 
631 1511 
105 602 
503 551 
3204 1411 
901 513 
424 654 
441 1542 
65 654 
50 2325 
443 3373 
588 3373 
104 3373 
588 2698 
464 3373 
842 513 
1634 3718 
410 2325 
69 6 
801 3492 
71 2689 
233 2689 
382 400 
266 2417 
104 400 
454 2417 
64 2689 
188 2417 
524 2417 
5 1951 
155 2417 
375 2689 
18 129 
175 2417 
222 400 
321 2417 
1269 2564 
18 4178 
177 1537 
69 2393 
424 2414 
452 686 
160 332 
18 3237 
1746 3049 
18 3788 
958 2900 
174 1020 
18 2533 
382 654 
607 69 
319 400 
18 3003 
260 607 
11 2541 
375 400 
18 2089 
18 748 
643 524 
5 4653 
1398 1035 
61 2007 
4228 441 
524 1541 
681 5 
1397 1398 
319 125 
18 832 
958 2889 
53 2889 
69 1555 
615 586 
524 17 
459 779 
1833 319 
248 524 
104 188 
4360 260 
804 2277 
1059 1217 
464 266 
18 681 
266 671 
188 496 
464 343 
865 1756 
454 671 
293 222 
40 671 
2454 289 
65 6 
1269 2277 
477 2532 
441 6 
321 464 
40 266 
410 16 
65 266 
4302 577 
237 3263 
155 266 
237 960 
174 607 
649 4663 
16 607 
2612 584 
588 266 
855 4416 
842 326 
244 2269 
1502 18 
688 2794 
76 321 
177 192 
76 2768 
188 266 
1542 397 
1542 110 
1833 26 
1542 1040 
1542 289 
50 250 
2003 1090 
293 266 
1542 9 
2669 2391 
1542 53 
548 266 
76 727 
177 1064 
2274 1522 
76 696 
237 2622 
22 2035 
3030 1634 
2622 76 
539 9 
76 2622 
283 539 
1634 18 
76 1688 
779 1745 
222 1226 
1056 910 
321 1226 
209 4136 
2003 3435 
75 1226 
5 159 
901 584 
69 2329 
38 3013 
1265 48 
188 1226 
443 1226 
174 49 
496 69 
237 2654 
244 46 
2590 1265 
232 1226 
1833 324 
69 496 
22 2329 
1692 324 
1692 3360 
260 263 
382 855 
155 1226 
64 855 
420 1404 
2662 2659 
170 186 
234 855 
1502 4157 
865 186 
233 855 
643 855 
71 855 
375 855 
65 186 
71 186 
424 186 
59 1226 
643 186 
4157 4158 
71 3360 
94 855 
643 3360 
266 186 
715 186 
4158 64 
454 855 
188 836 
11 1418 
842 186 
1634 2031 
415 186 
94 812 
160 4128 
3 1504 
2443 1788 
61 336 
71 1788 
884 336 
4493 336 
727 451 
232 285 
477 2622 
424 336 
170 1788 
363 451 
280 3074 
6 3290 
266 3084 
785 24 
1370 53 
266 573 
266 1086 
464 1796 
71 6 
643 6 
192 1010 
266 3365 
233 6 
524 356 
1033 64 
266 4923 
266 2544 
266 2466 
443 356 
397 2554 
65 1796 
