375 275 
375 18 
375 654 
158 234 
375 117 
375 233 
96 1175 
1064 1756 
510 1104 
834 510 
375 235 
375 3369 
375 1047 
74 1953 
2993 834 
1833 266 
375 255 
302 3206 
375 2005 
375 464 
1726 4427 
1064 436 
375 518 
1833 738 
304 184 
375 238 
375 4910 
3207 302 
375 2757 
375 1252 
1885 18 
375 2375 
375 338 
1064 878 
140 1180 
375 711 
375 1833 
3206 3207 
375 339 
375 1119 
375 1949 
1885 234 
375 3047 
644 375 
480 171 
375 104 
375 792 
2395 2396 
2502 1666 
130 1666 
1023 1666 
130 2265 
5 2318 
4060 64 
973 1666 
2396 232 
266 530 
530 1444 
1819 294 
3160 802 
177 2562 
1819 314 
1819 810 
1819 59 
915 314 
1833 790 
104 458 
1766 16 
1819 264 
1023 1113 
1819 1040 
1819 289 
1819 126 
1819 22 
1819 46 
1819 644 
901 424 
1819 53 
548 1013 
304 1558 
104 4769 
104 3160 
588 1013 
503 16 
631 1558 
1819 69 
1819 958 
503 1259 
2223 3568 
727 1013 
382 1259 
727 802 
155 1259 
173 3568 
3160 802 
464 1259 
125 802 
3983 338 
1766 576 
503 757 
106 226 
503 1013 
902 3229 
588 901 
464 667 
42 1252 
977 3483 
104 1013 
266 1013 
11 1121 
232 1215 
1939 4968 
3114 186 
1013 59 
75 1013 
50 104 
1833 3113 
59 626 
126 1013 
3828 4002 
375 901 
577 3447 
1774 680 
3381 11 
16 3886 
465 13 
415 951 
901 468 
89 1559 
631 901 
76 1189 
579 3264 
104 802 
3264 615 
104 901 
2314 242 
2365 2366 
119 424 
148 458 
901 1023 
961 2366 
466 2483 
332 1960 
598 170 
148 1701 
1271 1082 
69 2002 
94 3840 
454 2833 
148 2768 
670 615 
1940 1490 
266 3407 
985 1361 
177 2794 
126 4080 
2370 3309 
454 3407 
69 2659 
1040 3132 
565 2587 
3691 1424 
313 46 
588 535 
121 2725 
2669 4520 
2135 2483 
730 1634 
3069 173 
1634 468 
4396 3691 
1124 313 
1124 314 
641 267 
3069 884 
1104 50 
22 3221 
313 294 
75 3514 
424 707 
954 627 
701 314 
314 4145 
2613 2956 
232 1552 
11 2098 
264 2626 
53 193 
71 1085 
222 3514 
266 3514 
193 53 
148 3744 
5 4029 
395 2507 
89 696 
579 1224 
902 1799 
5 1224 
1939 622 
1547 3160 
321 622 
375 622 
631 622 
64 696 
100 2753 
520 1791 
5 622 
18 1224 
16 2099 
233 696 
901 622 
76 622 
441 391 
1791 436 
382 622 
71 696 
1634 2001 
266 735 
548 735 
441 1227 
295 105 
588 735 
155 670 
334 26 
11 459 
9 374 
865 735 
213 382 
4916 2017 
443 735 
295 106 
3358 295 
18 2349 
335 735 
61 1477 
884 338 
875 490 
884 1120 
53 875 
61 3784 
233 543 
69 3376 
2847 3899 
441 232 
61 336 
424 1477 
884 3629 
53 2647 
334 104 
5 3712 
1542 16 
4493 2022 
3284 1815 
901 232 
42 1400 
884 3160 
524 4461 
61 1989 
334 304 
884 1477 
2225 424 
3669 155 
335 3669 
18 3669 
842 3669 
806 771 
78 1989 
3132 3567 
1790 260 
901 1989 
412 413 
5 1989 
188 3669 
865 3669 
5 1283 
3669 524 
3669 452 
186 3669 
3669 105 
245 543 
530 2541 
524 3669 
117 1989 
78 1344 
3133 3567 
1281 177 
78 3669 
3669 1544 
413 452 
441 3669 
3669 125 
3669 947 
454 3669 
3669 381 
16 1989 
40 849 
105 1989 
234 118 
441 6 
413 412 
117 3669 
174 3669 
189 1989 
3669 158 
548 3669 
530 1143 
175 1989 
464 1989 
18 1989 
338 3669 
1790 225 
155 3669 
266 3669 
234 3669 
118 3669 
530 4559 
105 3669 
3669 2805 
3567 3132 
443 3669 
175 3669 
158 3669 
530 499 
3567 3133 
464 3669 
3669 874 
321 3669 
530 3365 
155 3669 
1198 4753 
100 1025 
11 1313 
884 65 
110 704 
106 2539 
69 3729 
441 144 
234 1013 
319 615 
3562 3561 
71 1731 
631 4483 
9 3130 
643 1731 
147 53 
441 513 
530 452 
266 1344 
69 1391 
443 234 
1776 147 
2011 696 
524 3237 
3561 59 
69 2045 
234 4324 
2011 2283 
3561 11 
69 4223 
173 3175 
69 1535 
3133 3567 
1939 3189 
986 3782 
2738 2737 
234 4910 
1281 338 
69 316 
304 3074 
524 1088 
1281 314 
234 936 
443 1344 
3441 3442 
530 477 
69 1361 
61 1344 
64 440 
1939 238 
18 3060 
234 2587 
234 2611 
654 3314 
42 1558 
110 226 
234 1441 
631 1558 
234 565 
155 206 
518 232 
61 1558 
234 3848 
3358 2017 
59 1106 
391 2925 
1572 136 
334 335 
295 874 
234 2095 
234 4425 
1412 1413 
234 351 
188 206 
321 234 
524 206 
118 3060 
174 1558 
234 1366 
338 3060 
158 3060 
5 206 
76 206 
464 1558 
2265 2129 
105 3060 
452 177 
75 537 
441 1509 
382 157 
50 655 
237 537 
117 537 
188 537 
842 2301 
321 206 
338 537 
222 537 
266 537 
117 3060 
174 157 
338 655 
255 331 
18 537 
61 3834 
842 2144 
4136 209 
234 34 
237 3237 
294 2549 
643 367 
643 63 
294 464 
643 1790 
38 1164 
61 2691 
524 34 
670 188 
480 685 
209 314 
901 783 
441 34 
3646 3647 
50 738 
643 1344 
579 3237 
174 34 
2017 1190 
548 537 
524 2665 
233 902 
121 18 
443 537 
50 1545 
524 3369 
643 902 
18 537 
174 800 
3143 3078 
174 3369 
902 2738 
59 660 
579 1190 
454 537 
53 4994 
11 206 
579 3325 
2017 3237 
655 18 
884 641 
260 3061 
94 3916 
53 3061 
2576 4363 
260 1495 
26 1447 
577 53 
338 335 
6 275 
319 3514 
2662 1508 
59 1370 
2662 3665 
6 2562 
6 3376 
6 1273 
6 2080 
6 4379 
565 1917 
188 792 
842 2988 
319 391 
64 234 
61 2988 
321 391 
588 2224 
2017 404 
18 559 
321 792 
4304 4808 
454 792 
382 792 
727 792 
321 496 
22 1565 
865 1634 
441 188 
727 496 
319 66 
350 248 
314 2006 
865 391 
