464 1452 
842 1452 
40 1452 
74 343 
1064 415 
631 777 
441 306 
14 376 
294 374 
1316 1885 
2815 342 
842 464 
865 3306 
727 3891 
321 322 
71 1268 
126 4141 
26 1085 
26 3306 
321 1692 
1617 53 
727 457 
321 1085 
382 329 
321 1441 
155 1003 
503 602 
243 2048 
397 1003 
1542 3691 
1542 228 
539 1064 
577 4474 
13 4474 
250 2462 
16 4474 
234 4474 
338 4474 
1271 2462 
18 4474 
170 381 
53 4474 
356 4474 
174 1023 
233 777 
188 1023 
16 2896 
321 1023 
588 1624 
524 1023 
61 4463 
588 1346 
821 174 
11 4375 
397 459 
397 954 
177 2224 
2145 541 
1059 18 
248 496 
94 2379 
42 1085 
2370 4741 
3396 220 
71 266 
160 476 
1939 4871 
3926 3927 
643 266 
643 1163 
42 1555 
266 1481 
138 232 
884 584 
22 4340 
727 79 
266 1591 
248 74 
1642 818 
266 909 
266 1776 
4005 436 
4719 4720 
234 2288 
382 1657 
2978 16 
75 260 
225 1819 
225 1930 
577 509 
225 480 
225 53 
225 309 
3926 3927 
319 2224 
260 83 
48 3221 
3668 11 
225 2251 
631 235 
225 260 
245 2288 
928 4678 
524 659 
225 110 
225 55 
225 232 
16 2288 
155 3273 
640 69 
233 3273 
232 3273 
503 711 
441 3310 
2017 1078 
375 499 
441 2960 
2334 3641 
382 37 
631 499 
640 289 
3669 1746 
177 147 
4838 4839 
293 3273 
76 499 
640 53 
363 660 
466 3393 
382 499 
1836 4838 
64 3273 
237 2157 
2938 2939 
2368 135 
237 334 
4493 506 
1473 1040 
675 676 
237 1077 
452 2680 
2815 1315 
250 1024 
815 2600 
4597 264 
395 4158 
1141 2947 
2017 1224 
319 1189 
1542 2896 
264 1040 
2083 294 
397 4525 
958 2895 
2285 511 
4850 80 
1692 581 
2938 2939 
304 518 
2783 2896 
294 2783 
222 2620 
234 3569 
16 1872 
1088 3940 
730 444 
5 3940 
321 329 
264 373 
18 3940 
1146 3940 
234 3432 
1522 640 
243 356 
363 329 
2939 2274 
155 3940 
3940 818 
135 3940 
4416 1892 
387 3940 
579 513 
266 1624 
319 1624 
588 1624 
444 53 
105 2174 
2017 681 
2935 3930 
865 389 
155 2102 
631 4463 
1542 173 
363 2834 
441 389 
884 389 
42 966 
22 2453 
2102 4782 
524 2424 
631 2102 
3930 520 
577 11 
155 1146 
477 209 
842 2102 
198 1666 
3527 2320 
174 2765 
766 1124 
5 800 
5 343 
2320 577 
89 2011 
415 2794 
1395 584 
477 209 
234 3153 
2647 69 
441 3549 
2647 53 
155 2946 
22 4810 
3368 312 
579 4951 
2762 1077 
260 3368 
69 3130 
11 1905 
1897 668 
5 2946 
11 316 
3130 9 
234 1441 
2326 115 
3273 588 
3855 1151 
579 2946 
53 2665 
332 499 
643 735 
2662 2484 
443 499 
1400 2982 
158 2946 
234 2669 
654 464 
4055 177 
100 3613 
89 1861 
69 2647 
901 1861 
11 1861 
1617 189 
1861 1409 
901 1688 
16 1861 
3913 2969 
100 4981 
1634 239 
727 71 
71 738 
71 1344 
71 1166 
71 1692 
71 515 
71 320 
71 344 
71 900 
71 1790 
71 443 
71 2417 
71 1163 
71 4029 
71 651 
71 389 
71 1541 
71 596 
1780 3207 
71 2549 
71 1866 
100 3143 
71 3074 
71 641 
71 1976 
71 269 
71 2958 
71 757 
71 2611 
71 410 
71 440 
71 3214 
631 71 
71 3648 
71 284 
71 161 
71 796 
71 1601 
71 1578 
71 376 
71 548 
16 3359 
71 328 
71 1226 
71 183 
155 629 
155 1264 
155 1558 
237 4104 
155 255 
177 622 
987 4681 
155 525 
524 75 
785 1077 
155 1686 
22 886 
22 2947 
304 177 
71 2757 
71 867 
71 1989 
26 2011 
71 3507 
71 233 
2973 325 
71 1215 
1818 399 
71 3167 
64 2011 
375 867 
727 2011 
71 454 
71 3443 
325 160 
71 2011 
71 206 
233 2011 
71 902 
1818 18 
3527 285 
71 2768 
71 3273 
375 3273 
71 329 
71 1677 
71 654 
59 2011 
293 37 
71 708 
375 902 
524 2973 
375 2689 
1818 1930 
71 64 
71 3015 
5 833 
71 1077 
71 334 
71 3023 
71 1023 
71 1681 
71 72 
319 225 
1818 225 
71 2689 
71 518 
71 293 
588 37 
443 1385 
22 2947 
325 452 
281 342 
325 105 
325 1885 
304 272 
304 1064 
2973 468 
325 391 
177 117 
325 26 
304 133 
2973 878 
325 1033 
2973 817 
304 55 
2973 513 
2973 226 
325 381 
304 280 
245 2925 
304 225 
325 16 
2973 391 
304 117 
2973 1094 
245 2011 
104 2973 
266 2973 
304 69 
1315 2815 
304 106 
281 11 
2973 381 
2973 1077 
245 708 
304 686 
2815 280 
325 117 
325 177 
304 795 
321 2973 
2973 395 
2815 281 
1315 281 
2815 342 
325 192 
325 222 
3216 281 
454 2973 
304 268 
304 896 
382 2973 
245 1613 
319 281 
71 245 
304 933 
245 72 
245 3023 
188 2973 
325 144 
631 2973 
304 622 
2973 160 
281 2815 
325 2389 
304 50 
186 2973 
441 325 
280 3794 
71 3465 
304 221 
325 902 
304 381 
155 2973 
304 64 
325 896 
2973 686 
865 494 
1939 2973 
