379 174 
878 53 
382 525 
4493 525 
480 544 
260 1666 
1912 2567 
874 295 
26 3710 
18 2893 
74 165 
74 79 
280 509 
548 525 
785 1642 
901 67 
515 525 
177 2239 
1617 464 
234 3532 
266 525 
356 3710 
314 315 
16 3710 
424 525 
823 3710 
2443 222 
588 525 
715 3710 
250 3205 
174 525 
338 3710 
3216 1881 
5 2893 
331 18 
100 823 
158 874 
688 220 
104 174 
441 454 
727 1334 
1064 792 
64 646 
75 525 
3527 2930 
326 2905 
1064 140 
237 295 
3314 3532 
222 4029 
280 174 
468 190 
2614 69 
881 1666 
188 557 
727 3532 
806 220 
389 1666 
1395 4196 
1064 3263 
321 1761 
363 642 
5 3623 
2550 304 
326 4584 
74 2625 
74 1229 
104 2791 
289 719 
40 3549 
40 3317 
222 1761 
2139 2498 
177 2251 
397 1294 
232 177 
232 5 
865 1215 
177 1819 
222 768 
4442 178 
177 771 
884 1085 
40 3082 
382 1085 
40 1539 
865 2461 
40 1686 
16 4442 
5 2082 
40 1229 
884 525 
313 1960 
1088 1375 
865 230 
727 1085 
160 1761 
548 1085 
441 76 
6 1539 
1547 2987 
140 2751 
22 895 
5 1375 
40 530 
266 1085 
260 1539 
615 76 
222 5 
177 2062 
588 1085 
40 1264 
40 57 
40 221 
104 1085 
441 67 
40 1776 
40 3002 
319 525 
588 525 
266 525 
40 783 
615 4116 
155 1375 
18 1920 
106 1920 
375 1085 
865 1761 
40 582 
135 1375 
266 2791 
75 1085 
40 559 
387 1375 
40 2620 
5 2752 
304 1044 
515 175 
631 2791 
464 1539 
188 768 
18 1642 
40 3084 
1897 938 
334 67 
248 2960 
865 40 
177 53 
69 4391 
266 1509 
155 1492 
40 852 
4775 3696 
243 1104 
104 3815 
40 1542 
40 61 
155 1591 
1897 2162 
4391 11 
104 67 
266 67 
2662 2369 
40 3306 
40 3044 
40 581 
1939 1085 
40 959 
464 150 
424 1591 
40 1716 
104 2502 
40 4399 
40 1796 
40 4559 
188 1688 
588 698 
155 40 
40 2095 
266 40 
631 3815 
40 1259 
40 1761 
1833 67 
40 401 
382 67 
977 2913 
192 40 
1897 3374 
1532 1091 
40 3110 
266 4834 
40 499 
2662 3588 
155 3049 
155 67 
1269 2564 
5 1492 
18 2162 
40 452 
40 1227 
40 2002 
11 4072 
170 454 
1939 67 
363 3752 
515 641 
177 40 
64 2177 
565 735 
464 735 
158 1261 
588 170 
158 3463 
615 1261 
36 71 
233 2177 
321 2177 
50 735 
155 174 
18 3463 
3254 960 
419 3279 
266 735 
266 3011 
901 520 
71 735 
155 615 
518 67 
59 2177 
375 174 
75 735 
382 71 
842 735 
186 171 
18 1261 
5 3463 
59 3259 
40 735 
53 3267 
26 71 
410 174 
53 3279 
3527 2483 
155 735 
1547 735 
3463 155 
363 735 
548 71 
727 2177 
643 3178 
18 2987 
71 3178 
842 524 
1833 2177 
245 2177 
785 334 
743 4004 
382 6 
503 269 
266 174 
2935 1181 
743 633 
375 3178 
719 3422 
335 381 
975 976 
441 1193 
1897 2613 
727 177 
5 237 
464 71 
2469 4643 
332 192 
3100 67 
71 450 
16 380 
18 217 
3023 3178 
2210 46 
234 3178 
643 2177 
248 192 
18 743 
40 71 
901 3178 
477 743 
2139 1184 
785 237 
18 4570 
727 3178 
715 6 
188 513 
1092 192 
245 3178 
412 69 
397 192 
715 177 
188 381 
5 743 
1833 71 
64 3178 
548 67 
901 2177 
177 313 
1939 2177 
104 1258 
104 42 
441 133 
266 36 
18 564 
356 564 
1192 397 
515 506 
397 564 
3623 158 
515 3983 
615 2115 
564 4525 
319 67 
1208 1209 
233 3178 
842 5 
78 1989 
727 133 
55 516 
577 564 
75 36 
6 356 
382 36 
54 1064 
464 356 
443 133 
1358 1357 
6 516 
884 516 
26 564 
118 1989 
1672 975 
177 381 
294 36 
2751 9 
260 2121 
564 3715 
140 61 
48 564 
412 53 
335 67 
158 1989 
234 564 
96 356 
410 36 
415 356 
975 173 
69 4947 
375 1215 
1092 564 
160 16 
160 4461 
5 3520 
1136 260 
419 645 
160 200 
160 1578 
64 66 
3935 348 
958 645 
382 326 
44 2357 
1608 3520 
233 66 
71 66 
348 9 
18 2328 
3 4 
3937 859 
708 326 
160 2900 
160 1259 
266 326 
548 326 
237 2328 
11 2580 
842 104 
160 2127 
1939 2740 
5 2328 
233 71 
958 4072 
1146 3520 
2334 2839 
1833 59 
75 326 
293 524 
2576 645 
382 66 
615 4798 
237 3358 
3934 3935 
188 313 
579 3520 
160 326 
350 503 
221 716 
186 324 
34 720 
80 324 
237 1058 
419 324 
419 45 
1297 562 
186 104 
53 4461 
1547 324 
4741 1846 
910 140 
30 324 
1939 324 
374 53 
855 69 
419 3204 
717 4198 
266 324 
2242 11 
4688 4689 
2787 45 
530 75 
64 1833 
424 324 
4198 46 
2787 1309 
6 3990 
1064 3242 
464 4923 
75 324 
2242 232 
644 324 
232 1833 
175 1297 
264 42 
842 186 
865 324 
594 324 
3160 104 
155 2318 
901 225 
250 1082 
75 59 
160 1545 
588 104 
715 324 
419 4539 
61 324 
424 104 
459 3106 
2787 3204 
126 2142 
2615 324 
96 324 
419 1309 
22 4753 
3527 324 
2889 4098 
65 503 
380 686 
954 324 
104 2960 
140 823 
104 193 
104 900 
18 2318 
293 503 
503 74 
910 16 
4302 4688 
641 2620 
715 823 
1939 1688 
1833 543 
1833 2549 
1833 1634 
1833 951 
1833 3214 
3932 3078 
1833 1556 
3078 314 
1833 3360 
11 2239 
1833 842 
415 1064 
11 1441 
1833 3648 
2288 16 
260 1624 
5 1444 
443 2066 
1833 1259 
69 504 
496 424 
884 2987 
424 1121 
352 4885 
3211 3212 
321 1231 
5 1715 
1833 902 
1833 328 
61 104 
234 874 
382 104 
243 3329 
3930 4537 
1833 329 
1833 708 
727 2987 
1833 1281 
363 1596 
11 1391 
78 2301 
3977 995 
1833 2544 
264 4473 
1939 321 
424 4923 
1833 2611 
1833 148 
188 2805 
1833 63 
785 331 
4570 2987 
1833 1033 
1833 4162 
1833 320 
3160 3141 
1833 1790 
1833 643 
1833 2510 
1833 241 
1833 3834 
289 4306 
928 1833 
1851 4269 
18 3986 
18 1121 
1833 596 
4536 3930 
248 104 
503 735 
1547 104 
266 104 
232 4830 
184 37 
104 599 
106 2955 
280 1110 
237 1572 
727 735 
53 275 
6 1106 
1547 735 
382 37 
5 1832 
1106 140 
188 37 
2584 4724 
477 4794 
266 37 
779 998 
9 4830 
4203 4789 
503 2698 
155 1756 
727 874 
631 599 
865 319 
104 37 
1692 727 
50 1106 
660 3794 
1939 104 
464 1756 
643 727 
50 144 
148 104 
75 37 
779 369 
503 660 
441 1033 
321 735 
65 104 
50 1104 
314 660 
727 104 
465 200 
631 37 
969 294 
175 4745 
2223 1815 
16 3273 
188 1195 
865 1195 
462 1964 
155 1195 
727 1195 
104 3273 
222 1195 
548 4745 
464 3273 
18 3273 
441 1195 
4880 998 
1964 177 
13 102 
1502 462 
225 69 
415 324 
579 1624 
503 1019 
842 183 
464 1195 
140 1227 
1819 2504 
140 319 
53 3990 
382 324 
160 1195 
331 3873 
2896 4601 
334 69 
3930 2223 
641 4755 
104 464 
155 4745 
293 3273 
160 1227 
382 3273 
6 1195 
280 2005 
1134 732 
104 324 
222 1227 
454 3273 
117 3273 
335 125 
3975 3976 
75 125 
379 49 
865 1545 
20 289 
865 160 
468 855 
326 584 
865 1259 
319 147 
110 2086 
188 2955 
3846 1626 
4005 326 
865 443 
20 110 
69 3599 
459 1717 
75 440 
865 379 
901 16 
186 2086 
865 1696 
382 125 
1291 1965 
16 2086 
188 874 
865 363 
3284 584 
3257 2174 
106 3975 
225 125 
260 2896 
865 998 
901 696 
842 878 
104 125 
884 124 
842 551 
375 125 
424 125 
865 1885 
548 125 
59 632 
80 2317 
225 59 
3816 508 
464 2960 
2100 2291 
188 1940 
477 76 
1634 1965 
266 440 
842 1634 
188 901 
842 1688 
865 901 
260 794 
1895 1206 
61 88 
2787 2291 
4044 3827 
280 1259 
3446 2291 
418 2291 
104 708 
16 2428 
524 4362 
50 1227 
9 4306 
100 3493 
874 105 
441 557 
395 1737 
160 1761 
696 496 
375 2960 
155 37 
69 1450 
548 37 
338 37 
588 37 
424 37 
464 37 
140 37 
842 37 
126 651 
71 2461 
842 557 
160 37 
3304 2254 
177 688 
794 1317 
510 1622 
350 1917 
18 4777 
1917 53 
688 588 
468 1995 
332 1978 
4959 3207 
188 2960 
140 243 
36 74 
160 1632 
3784 2982 
4493 641 
319 2960 
524 3358 
61 728 
2017 3263 
565 1317 
588 327 
1092 1978 
649 314 
641 2424 
26 4947 
1917 11 
727 3160 
865 1978 
234 1317 
641 4493 
350 1622 
3144 649 
59 660 
1172 960 
234 660 
16 2417 
118 464 
94 855 
338 2417 
233 660 
655 656 
18 2805 
293 848 
503 4029 
656 3876 
1385 260 
785 1572 
11 2281 
1991 2286 
18 4794 
78 2417 
2674 2675 
18 2417 
177 306 
118 42 
117 2417 
248 299 
865 2417 
727 660 
11 2797 
64 660 
42 2417 
3930 1791 
842 694 
71 660 
3528 4250 
186 2417 
865 1833 
464 2805 
177 1833 
16 2797 
443 2417 
530 2137 
2300 2628 
158 2417 
118 2417 
105 2417 
2628 2629 
520 3930 
89 660 
174 2417 
321 2417 
919 920 
118 78 
518 660 
160 226 
1326 3281 
264 1637 
266 1962 
18 2056 
264 3990 
188 36 
4510 4148 
424 2510 
424 2960 
382 454 
424 255 
464 2417 
424 1541 
415 1637 
104 1542 
53 449 
188 1227 
641 4493 
188 2600 
424 293 
184 1227 
424 37 
234 350 
424 238 
382 414 
1269 324 
424 160 
564 459 
397 3407 
424 959 
237 324 
465 100 
424 1692 
426 1545 
78 2417 
503 324 
727 3743 
424 1033 
3249 3250 
424 320 
321 2600 
375 2600 
260 2356 
3990 177 
424 1144 
426 11 
424 4180 
9 4433 
424 89 
464 2955 
140 192 
1939 3743 
424 901 
424 188 
294 304 
631 2600 
902 2531 
1939 1542 
424 2549 
715 20 
3840 469 
1939 117 
382 1542 
424 117 
715 1637 
464 1940 
69 4433 
5 560 
715 6 
515 19 
100 272 
232 1624 
424 19 
865 1509 
299 272 
1819 1953 
464 536 
842 158 
18 19 
106 209 
26 3149 
22 1738 
260 4273 
175 3514 
118 3514 
6 19 
727 1229 
1222 3689 
464 6 
958 3172 
11 19 
715 332 
513 2606 
536 1953 
101 3149 
321 3514 
415 332 
3396 46 
75 1624 
441 2955 
2606 513 
1264 3451 
186 1140 
379 193 
1611 1912 
69 2106 
4971 53 
177 896 
443 986 
4971 69 
503 6 
50 986 
715 986 
69 760 
3596 3597 
69 186 
415 986 
686 314 
81 2106 
1302 749 
75 374 
715 374 
1995 1964 
1833 104 
266 66 
100 374 
104 66 
188 490 
321 66 
50 374 
239 94 
1502 11 
75 66 
806 374 
140 220 
53 3990 
842 490 
160 374 
186 3894 
477 2744 
654 1634 
3924 4010 
53 723 
53 358 
3894 16 
5 404 
579 404 
643 1634 
2935 1815 
80 1033 
524 404 
441 3178 
69 2860 
64 1510 
1568 404 
577 4824 
69 220 
106 3604 
4203 220 
4203 4789 
232 537 
956 2010 
4203 103 
59 3193 
363 2619 
958 4691 
4203 110 
1420 265 
4203 1341 
902 436 
69 4203 
1780 4773 
588 476 
441 338 
222 344 
232 4631 
1010 4285 
9 3651 
174 3746 
18 928 
496 708 
2713 314 
1833 855 
245 855 
221 69 
3273 105 
18 4777 
105 4951 
75 338 
160 338 
464 321 
655 1978 
217 727 
727 326 
454 1394 
174 2713 
3160 217 
1692 1790 
104 326 
4951 2017 
443 327 
105 607 
61 338 
1198 289 
1833 105 
4951 18 
321 326 
496 125 
382 338 
643 327 
565 1124 
998 1766 
524 855 
11 1394 
222 170 
338 2007 
81 2106 
64 727 
75 327 
382 329 
65 338 
588 338 
222 338 
104 338 
266 338 
1395 3284 
1545 59 
915 324 
177 4801 
88 3067 
958 1477 
50 338 
46 1391 
65 59 
3160 59 
50 59 
954 1752 
424 338 
264 59 
806 59 
1545 1735 
424 59 
48 1762 
443 66 
865 326 
40 216 
350 565 
2773 2948 
1917 391 
548 443 
1939 326 
443 326 
901 338 
232 755 
26 216 
