1064 499 
192 1229 
319 193 
192 174 
294 174 
184 852 
1064 225 
464 192 
69 4266 
188 117 
1064 1542 
110 852 
1064 1885 
74 1143 
48 173 
46 1664 
192 117 
74 584 
397 244 
451 174 
36 405 
1064 950 
222 852 
1064 1268 
326 2472 
2815 50 
464 225 
1064 20 
192 75 
2936 2937 
969 1766 
465 1338 
294 1766 
173 4379 
5 3877 
842 1248 
94 239 
901 1634 
1542 1208 
9 23 
779 1766 
1542 314 
104 1555 
1833 237 
2968 3913 
901 2960 
389 3653 
6 364 
727 364 
3004 1637 
177 768 
160 1537 
424 2833 
424 1587 
588 1587 
16 3430 
382 2689 
100 2751 
631 2689 
1939 2689 
222 1587 
177 3835 
1833 1587 
588 241 
4416 4657 
579 295 
4915 3290 
3290 232 
1124 1125 
1833 6 
397 4280 
1040 1925 
234 3474 
1925 1926 
1939 818 
901 818 
842 536 
452 2968 
36 4677 
806 3259 
4084 496 
644 3446 
2017 241 
524 395 
2017 3697 
548 1281 
477 314 
1040 3221 
6 525 
901 686 
865 1281 
94 4364 
441 456 
503 2698 
266 86 
42 707 
933 1040 
1634 4364 
42 241 
5 738 
104 339 
158 2532 
266 339 
188 1776 
338 506 
631 325 
375 339 
5 1541 
71 5 
155 1281 
325 69 
503 193 
375 5 
631 339 
436 4041 
173 3665 
64 1077 
304 173 
627 2320 
1939 339 
5 328 
5 626 
2662 668 
40 1281 
548 325 
40 1776 
382 339 
5 275 
1146 2349 
11 1509 
174 951 
524 2349 
5 2349 
71 842 
579 2349 
452 1854 
1231 3314 
615 2349 
69 455 
441 59 
3035 801 
1406 358 
768 3654 
865 581 
321 3047 
1088 2349 
135 2349 
387 2349 
304 275 
160 59 
441 2349 
222 1509 
69 1621 
464 1621 
188 790 
2398 1329 
2398 3567 
3257 2174 
314 1621 
2398 2399 
2613 360 
1621 1666 
515 1621 
681 2318 
78 1621 
232 1621 
22 1104 
55 1684 
126 1621 
327 1621 
2398 3133 
183 1621 
26 718 
3206 302 
186 1621 
105 718 
321 718 
225 1621 
2730 2731 
944 2342 
61 1621 
42 1300 
105 1621 
2398 1944 
335 1621 
233 735 
78 1790 
61 1790 
294 1790 
260 1790 
548 1281 
3178 173 
579 2115 
727 520 
59 735 
443 391 
71 1281 
232 1776 
579 1325 
71 1776 
643 1281 
1281 16 
1281 1790 
515 2022 
1814 147 
222 1790 
266 1790 
503 1281 
579 4760 
174 1790 
64 255 
579 748 
424 1790 
233 170 
71 170 
2613 3178 
40 319 
1790 1692 
61 1281 
464 170 
222 391 
71 581 
148 304 
579 2410 
59 170 
579 2893 
643 245 
975 1724 
643 1525 
71 1525 
454 707 
382 707 
842 24 
170 598 
155 707 
64 707 
104 707 
4203 69 
1939 707 
1060 1059 
715 306 
55 4197 
71 707 
50 1790 
441 234 
61 1849 
464 2417 
928 1776 
321 2480 
234 707 
266 596 
321 900 
64 245 
233 707 
548 2417 
3729 69 
177 171 
3729 260 
419 3446 
928 581 
177 496 
785 1734 
901 104 
1939 74 
233 581 
842 395 
53 4098 
248 424 
76 490 
313 1124 
266 1004 
594 419 
266 151 
266 494 
59 581 
71 902 
266 933 
319 306 
75 89 
266 3062 
4098 3267 
266 1545 
104 148 
631 89 
80 419 
842 36 
631 2587 
510 3028 
177 4162 
1555 1064 
375 902 
1555 260 
441 643 
248 4162 
174 643 
686 562 
424 643 
177 544 
1555 1621 
1637 299 
188 4745 
2017 751 
177 343 
155 4745 
69 3548 
177 643 
160 643 
40 1776 
266 643 
548 643 
3325 452 
234 643 
443 4745 
293 4745 
4678 1104 
248 790 
175 4745 
588 643 
1064 985 
9 1273 
1555 644 
1555 53 
174 4745 
177 1555 
901 790 
410 6 
75 643 
1555 183 
234 74 
1555 177 
266 4745 
548 4745 
865 643 
248 343 
579 751 
323 2957 
335 454 
524 335 
54 53 
424 590 
655 141 
2017 1149 
363 2957 
222 335 
177 454 
61 335 
1092 2957 
335 537 
174 335 
321 4745 
293 581 
524 4559 
332 2957 
1555 11 
266 335 
16 1621 
1555 304 
61 1003 
515 1621 
1264 2957 
174 1596 
454 4559 
727 4559 
548 4461 
643 581 
16 656 
579 1149 
266 4461 
1555 424 
3033 958 
638 22 
126 1632 
1555 36 
42 1300 
3033 11 
3033 933 
382 620 
1555 26 
314 3634 
155 620 
464 581 
104 620 
61 1693 
1555 18 
61 864 
884 864 
53 1822 
222 1562 
155 74 
104 248 
294 345 
260 2029 
188 345 
1637 260 
1385 3729 
588 345 
4271 4272 
126 1394 
4271 53 
4271 1145 
901 1077 
61 643 
9 1140 
464 345 
61 3023 
375 345 
363 6 
579 751 
896 53 
188 620 
118 643 
55 345 
419 2101 
177 345 
548 551 
4626 1862 
69 2202 
1833 1525 
61 345 
245 727 
3055 496 
1692 1525 
708 314 
708 59 
104 3167 
177 3181 
631 248 
11 599 
3055 708 
708 707 
75 602 
177 1774 
69 4460 
1601 65 
594 3279 
643 314 
158 1601 
1553 1646 
18 1601 
18 2174 
1962 1435 
40 2611 
503 1601 
69 3181 
69 2902 
46 4510 
260 297 
75 1601 
842 345 
1692 1435 
234 3002 
1064 1857 
1897 1508 
3397 3713 
524 1601 
954 1270 
104 187 
260 4360 
78 1601 
61 1601 
294 643 
179 2202 
1601 53 
26 1601 
177 3393 
117 1601 
188 1601 
174 1601 
234 2082 
454 3365 
104 1911 
155 1601 
16 1601 
105 1601 
443 1601 
260 715 
503 2611 
175 1601 
1897 1295 
9 1402 
614 4649 
3182 594 
443 1010 
155 1010 
69 926 
266 551 
177 1010 
3182 80 
822 2993 
177 250 
2576 645 
232 1512 
842 26 
338 2402 
214 729 
75 515 
524 3373 
294 207 
18 2402 
302 3207 
865 822 
631 729 
490 491 
50 207 
335 795 
61 729 
177 795 
865 796 
69 3938 
415 207 
9 3181 
620 2218 
6 379 
11 379 
61 796 
65 125 
375 646 
174 2420 
174 189 
410 686 
65 735 
65 667 
266 2442 
454 1085 
65 1796 
64 1620 
65 193 
65 998 
65 900 
54 9 
375 629 
65 334 
266 1034 
174 2782 
65 2541 
59 189 
65 316 
65 1525 
65 2988 
78 1621 
1833 89 
174 1285 
65 641 
65 324 
174 1742 
232 1116 
160 588 
65 509 
539 100 
104 588 
65 1010 
50 1261 
375 867 
50 261 
174 4915 
350 74 
220 4269 
65 1591 
1366 350 
222 1034 
175 1949 
65 189 
266 1285 
64 646 
727 189 
174 3808 
174 1345 
65 1189 
222 1047 
266 646 
304 2242 
174 1949 
61 4463 
65 1976 
65 148 
75 1034 
454 1541 
