958 2623 
727 1731 
321 1344 
1064 3743 
158 3669 
1064 1666 
74 1502 
321 1731 
342 4163 
100 719 
382 61 
30 2100 
1885 3060 
1885 2005 
579 314 
1666 947 
1885 3669 
2357 2100 
3236 947 
65 4477 
50 314 
861 1666 
3137 177 
338 1666 
335 548 
975 1666 
188 1666 
524 1666 
64 1666 
3818 1666 
177 779 
188 548 
174 1666 
878 11 
865 1544 
548 998 
266 998 
1544 381 
868 869 
548 1544 
160 105 
75 998 
579 334 
173 253 
11 4816 
9 644 
245 104 
46 3302 
232 262 
18 2714 
1134 1135 
53 1326 
1326 1327 
969 9 
465 264 
1326 264 
969 232 
412 3622 
459 420 
209 615 
4947 26 
1692 381 
1431 459 
233 1624 
1907 232 
842 951 
415 951 
397 3992 
842 1064 
64 1624 
515 1696 
71 1624 
686 646 
1040 1192 
954 466 
350 1917 
686 588 
118 4641 
59 1338 
2055 1012 
588 933 
615 4151 
452 3676 
104 1650 
26 4677 
1939 1650 
4801 4924 
222 1098 
321 1364 
64 440 
577 13 
1715 659 
865 2955 
248 356 
441 331 
18 659 
901 1650 
66 2741 
1448 4183 
66 3467 
66 4461 
66 2424 
66 321 
66 89 
66 1492 
40 1394 
66 315 
66 896 
66 694 
66 2553 
66 584 
66 718 
66 3443 
66 2102 
66 5 
873 3110 
66 646 
66 414 
119 1406 
2365 452 
66 329 
66 67 
66 3682 
66 42 
66 468 
66 206 
319 1539 
66 670 
360 2387 
66 3310 
66 817 
66 847 
66 1677 
66 524 
193 66 
66 2342 
66 2768 
66 275 
66 933 
66 18 
66 3049 
66 654 
66 848 
66 878 
66 105 
66 708 
66 476 
66 2458 
66 1939 
2387 173 
66 2575 
66 3465 
66 3263 
66 513 
66 660 
66 1258 
66 477 
66 452 
66 599 
66 320 
189 66 
66 2002 
641 66 
155 1427 
66 2960 
66 631 
66 1117 
66 3752 
66 142 
105 3110 
66 125 
66 1119 
66 234 
66 1094 
66 436 
66 381 
66 326 
66 490 
5 4104 
66 520 
66 1582 
66 4411 
66 2442 
66 2240 
66 1033 
66 4162 
66 1961 
66 3015 
66 582 
66 1248 
66 2138 
66 71 
66 759 
66 235 
66 901 
66 412 
66 382 
66 395 
66 1681 
530 343 
66 2047 
66 1364 
611 3392 
66 187 
66 1077 
66 1511 
66 334 
66 72 
66 790 
2833 117 
66 1650 
66 2510 
66 17 
66 2791 
66 658 
66 792 
66 590 
66 620 
66 3828 
66 1231 
66 1657 
66 2121 
66 1859 
66 24 
66 450 
878 59 
66 1542 
66 1023 
66 255 
443 327 
66 951 
66 2005 
66 1688 
66 2493 
237 3623 
66 4871 
66 2689 
66 226 
66 518 
66 1116 
66 37 
66 867 
66 842 
66 3507 
66 233 
66 129 
66 293 
66 959 
66 2177 
66 238 
66 836 
66 325 
66 1013 
66 1477 
66 1215 
66 696 
66 2752 
66 362 
66 496 
66 160 
66 2082 
66 441 
66 75 
66 1989 
66 1904 
452 4666 
66 2600 
66 331 
66 874 
66 557 
66 2375 
66 76 
66 3167 
66 936 
66 155 
2366 2365 
66 2740 
66 345 
66 509 
66 875 
66 192 
66 626 
66 686 
66 3815 
66 4809 
66 2376 
66 90 
4183 557 
66 174 
106 1094 
520 2737 
2737 2738 
4374 106 
3160 321 
64 5 
1818 5 
3358 18 
901 874 
106 18 
170 5 
452 4623 
1088 1652 
1851 4269 
503 849 
2662 861 
588 2224 
4885 2233 
148 321 
352 4885 
1646 1851 
5 4004 
1646 1647 
293 2341 
338 3983 
295 294 
118 2700 
105 2700 
175 2700 
158 2700 
177 225 
174 698 
401 11 
901 670 
363 660 
803 1387 
188 2700 
155 2700 
225 1901 
234 2700 
715 426 
158 4776 
18 2665 
268 2665 
356 2665 
150 2665 
454 2665 
18 2038 
188 2665 
2895 177 
884 3728 
61 1692 
323 2665 
40 2665 
3310 3298 
266 245 
3160 3728 
1547 3728 
727 3728 
1269 267 
579 4104 
5 2665 
280 79 
530 2665 
117 2665 
464 2665 
232 1692 
873 2665 
727 2665 
71 72 
1264 2665 
160 2665 
338 2665 
266 2665 
76 2157 
715 140 
234 2665 
1939 245 
105 2665 
174 155 
818 331 
64 1634 
818 295 
818 76 
818 2533 
233 1634 
160 3253 
818 1572 
794 1560 
375 1634 
818 670 
3749 323 
1833 520 
2017 818 
884 4570 
1939 2791 
59 1634 
818 2954 
865 155 
818 241 
727 155 
804 152 
76 1634 
818 2450 
818 388 
1939 3526 
1502 2792 
397 152 
441 155 
42 1578 
65 1108 
818 3263 
731 855 
452 232 
177 334 
884 974 
524 3940 
1198 110 
148 2768 
69 3167 
1198 22 
424 336 
155 2665 
794 565 
1286 2474 
865 4235 
222 2301 
59 755 
42 755 
524 4235 
530 790 
2474 463 
50 2562 
2017 295 
884 755 
443 1634 
175 1634 
69 1998 
2129 2582 
177 588 
11 755 
174 1634 
64 755 
2310 4026 
222 559 
11 149 
806 3259 
1064 584 
2978 3025 
289 3262 
61 2736 
4363 594 
24 2672 
350 2736 
1537 312 
177 294 
11 3259 
3259 1064 
1463 24 
1064 6 
424 1163 
4308 4309 
160 1163 
1611 69 
71 269 
78 1163 
174 1553 
443 933 
335 173 
415 2794 
1611 1064 
110 2483 
441 1940 
16 249 
1064 36 
248 36 
3358 785 
842 468 
1475 3534 
1596 269 
419 2129 
524 3427 
901 896 
173 2794 
513 2174 
338 3460 
16 3669 
688 3990 
234 3460 
59 1370 
718 260 
1395 11 
718 69 
3460 718 
1370 59 
2066 908 
188 646 
237 441 
222 590 
76 2138 
18 3460 
3737 3738 
901 1511 
293 1013 
2066 177 
718 260 
548 2805 
264 310 
579 2636 
454 2805 
1546 4922 
477 3254 
237 2560 
727 422 
4495 768 
99 1766 
174 847 
268 626 
268 1444 
323 2082 
548 582 
40 2082 
443 582 
222 2960 
441 2301 
222 1264 
222 3082 
174 4495 
289 1114 
234 4029 
530 2082 
268 3062 
443 998 
234 3060 
530 59 
865 422 
160 62 
443 1261 
380 329 
443 170 
382 1034 
4495 440 
175 2005 
548 959 
174 998 
524 1716 
588 62 
524 87 
126 87 
266 959 
338 2082 
530 106 
530 3002 
969 1766 
150 3062 
530 27 
884 1790 
873 3062 
94 2663 
454 62 
443 2925 
26 87 
382 441 
268 1045 
266 2761 
