842 1692 
1064 2066 
842 515 
321 900 
842 1344 
280 998 
74 221 
1064 696 
842 1790 
842 1047 
321 2611 
842 328 
480 6 
4738 1563 
443 655 
842 1976 
321 161 
842 757 
321 4692 
321 1344 
1885 24 
842 325 
11 2319 
321 602 
842 222 
74 2988 
1064 902 
321 1601 
842 161 
842 1796 
1064 1116 
281 391 
727 57 
660 105 
842 1601 
727 777 
842 548 
321 367 
321 1043 
842 933 
451 174 
74 2420 
842 3642 
2662 360 
3941 4516 
524 1662 
464 551 
548 170 
1040 590 
842 551 
266 170 
2675 177 
118 727 
75 170 
548 90 
524 233 
842 1144 
160 67 
160 422 
71 977 
67 1248 
1833 464 
5 703 
335 125 
454 321 
515 503 
67 718 
67 2102 
443 321 
2662 3374 
321 503 
842 226 
67 2102 
50 848 
1322 1323 
67 125 
155 1814 
615 2988 
631 2376 
67 334 
4971 59 
64 2988 
2472 2473 
1833 339 
380 537 
160 350 
1423 1322 
443 1114 
443 2066 
46 2632 
443 719 
443 951 
727 76 
477 76 
232 1752 
524 862 
443 4830 
363 1264 
315 2328 
11 446 
5 1088 
415 1007 
105 76 
443 3992 
160 518 
1682 790 
22 846 
1392 1067 
443 848 
237 76 
443 304 
3354 3355 
415 1261 
375 3467 
443 769 
443 282 
615 24 
294 883 
443 2325 
579 76 
524 4760 
524 2089 
2078 3546 
443 2107 
446 11 
1939 186 
4391 126 
2521 3722 
53 4410 
9 2451 
186 928 
670 477 
3516 477 
3516 106 
9 4550 
81 3304 
243 3329 
2804 59 
704 110 
2751 3329 
696 557 
211 106 
264 823 
2139 48 
464 515 
4493 503 
42 503 
6 928 
477 42 
2281 3200 
2533 874 
1660 928 
106 363 
380 313 
2533 76 
2533 106 
901 708 
420 260 
3137 2035 
248 503 
105 2180 
2533 2318 
65 1259 
338 2973 
3013 3289 
155 1662 
234 2973 
397 2756 
264 601 
105 2973 
321 2973 
177 1859 
49 2298 
104 1259 
380 54 
63 16 
643 1259 
245 1259 
272 4810 
18 2973 
375 2973 
117 2973 
177 1259 
842 1259 
160 509 
266 1259 
294 2988 
727 2973 
477 1859 
217 321 
1259 757 
155 2973 
5 2973 
76 2973 
294 1564 
443 1261 
133 3723 
170 105 
245 325 
696 875 
464 2973 
503 454 
188 1259 
548 1259 
16 2973 
294 1564 
524 452 
183 4425 
155 849 
160 64 
590 2083 
579 452 
22 172 
464 849 
1833 2342 
849 165 
2139 314 
155 452 
641 2919 
727 629 
61 2388 
186 165 
524 867 
387 452 
1164 3490 
175 165 
1088 452 
160 849 
135 452 
61 2671 
321 646 
1040 160 
61 1959 
901 2973 
1146 452 
4528 4474 
382 867 
1833 1166 
186 640 
321 1047 
727 1406 
443 75 
615 3622 
2794 69 
71 503 
363 1047 
875 59 
104 792 
160 75 
248 75 
1833 186 
1563 521 
444 3387 
18 981 
1108 1578 
1939 2102 
75 160 
766 391 
66 3 
266 160 
5 751 
4790 4791 
193 118 
237 3707 
18 3707 
11 2116 
356 3589 
454 1989 
118 193 
18 832 
160 738 
237 832 
188 795 
901 707 
464 1511 
524 832 
18 751 
2017 3707 
727 2102 
375 1989 
5 832 
104 2102 
104 686 
477 237 
1140 4110 
220 806 
289 54 
76 1077 
76 874 
105 3035 
477 319 
1939 933 
1140 186 
48 2166 
18 1334 
175 4461 
174 4461 
3435 4411 
237 833 
436 4985 
4411 53 
237 2767 
11 446 
105 3263 
188 4461 
865 4461 
64 1023 
3490 2035 
248 2689 
319 2822 
188 53 
105 53 
415 1033 
59 3752 
159 3254 
75 1033 
382 424 
59 1435 
524 1624 
155 1624 
22 3085 
375 53 
1897 3969 
1833 72 
4559 232 
2003 861 
59 72 
321 1624 
61 1033 
524 1481 
375 1624 
382 1033 
1035 1398 
382 187 
727 3752 
454 53 
232 1033 
548 1033 
245 72 
48 466 
1818 660 
696 3167 
2554 2135 
588 1033 
1265 2783 
104 1033 
293 464 
6 849 
818 659 
245 543 
727 2708 
2654 874 
4777 18 
1638 59 
727 4777 
3160 4777 
865 651 
177 651 
818 2654 
884 4570 
321 4777 
4777 424 
874 106 
2783 3691 
4777 1547 
100 1033 
1547 884 
150 660 
3665 1532 
548 1189 
18 2003 
6 1085 
1939 2689 
126 3451 
855 3387 
234 2003 
4655 3561 
4302 2277 
268 660 
865 1189 
477 25 
873 660 
3527 2320 
356 660 
1939 6 
323 660 
577 397 
40 660 
579 25 
3527 3552 
104 1231 
477 155 
233 170 
233 72 
266 3153 
389 69 
64 2757 
233 2689 
64 1989 
2017 155 
64 727 
375 1023 
64 1587 
155 1258 
2879 326 
59 266 
363 2374 
3160 2502 
842 2102 
233 2757 
375 884 
477 2089 
233 867 
233 1989 
4493 336 
233 1587 
375 170 
64 2375 
338 2802 
64 266 
233 3167 
188 266 
375 518 
64 626 
643 842 
233 1077 
375 842 
233 2510 
375 293 
233 735 
64 5 
64 72 
64 206 
64 902 
233 4461 
375 245 
42 3828 
233 1681 
233 626 
233 4809 
454 520 
233 5 
233 518 
64 708 
233 206 
64 3465 
1939 3828 
233 2925 
64 2689 
515 336 
2502 75 
188 3153 
64 452 
155 4293 
59 4002 
158 1297 
155 3153 
375 266 
588 105 
78 3153 
64 234 
104 1940 
16 2374 
2502 11 
155 4912 
233 452 
64 3015 
375 329 
3020 314 
233 454 
375 206 
233 708 
104 520 
233 3465 
326 902 
174 3153 
64 1077 
233 2375 
233 234 
40 144 
64 334 
64 4809 
64 2510 
696 707 
1677 3828 
233 3015 
503 4086 
64 450 
884 2502 
643 234 
64 170 
727 2493 
5 2089 
579 2089 
363 4333 
233 381 
233 266 
64 518 
64 867 
233 450 
686 4721 
233 3443 
160 3153 
233 2768 
233 1023 
64 293 
155 1790 
818 18 
822 350 
155 3834 
22 4118 
466 314 
155 1163 
155 1108 
155 176 
155 4029 
155 596 
155 531 
46 789 
155 1268 
155 757 
155 3214 
155 1043 
375 155 
155 1166 
715 141 
155 1562 
155 1692 
675 2105 
155 1369 
155 344 
155 4180 
155 1894 
155 320 
155 1120 
155 322 
822 260 
11 2057 
155 189 
155 1731 
155 537 
155 2549 
155 3891 
155 3642 
1542 3004 
266 4086 
155 1441 
530 660 
715 656 
503 266 
503 464 
631 1023 
865 656 
186 656 
1537 4843 
22 3543 
415 848 
30 595 
1790 126 
3060 1790 
1790 232 
622 3342 
1092 369 
78 3060 
535 917 
96 3432 
1281 64 
177 2552 
1790 11 
1033 11 
2250 1024 
266 3060 
335 1435 
901 588 
464 1435 
18 2496 
160 908 
59 1435 
1833 2515 
1326 2085 
234 2496 
282 69 
59 266 
2017 2089 
177 2418 
177 1735 
225 314 
314 2496 
2960 2418 
338 2496 
209 18 
209 452 
382 53 
477 1761 
631 53 
65 1163 
16 3060 
234 1761 
739 632 
424 1163 
1 2496 
335 3060 
464 1163 
503 1163 
1021 209 
864 1939 
727 1761 
53 3198 
40 1163 
78 1163 
865 1163 
338 2389 
503 2782 
186 1163 
503 2764 
443 908 
155 599 
865 1509 
503 3639 
503 2841 
2534 598 
548 1163 
515 1163 
443 1163 
338 1047 
503 2344 
901 454 
237 477 
901 902 
321 1163 
727 331 
454 2095 
260 1495 
1502 730 
503 2797 
842 2534 
503 2242 
234 2534 
160 1163 
