4493 336 
266 849 
100 412 
74 3569 
1064 1032 
158 3427 
69 739 
81 998 
503 336 
360 1666 
2550 694 
441 389 
1851 307 
170 186 
229 1134 
1134 3692 
1134 1135 
548 735 
1135 1473 
732 1104 
1692 1033 
1424 232 
1791 520 
229 1424 
4098 645 
234 604 
727 499 
160 499 
363 3110 
117 3110 
548 3110 
641 3992 
1264 3110 
338 3110 
321 3110 
590 22 
319 57 
11 373 
1926 590 
5 281 
22 403 
177 2794 
188 698 
160 3132 
1364 654 
248 2224 
403 402 
321 79 
94 2799 
641 62 
1104 397 
104 2757 
266 2757 
188 414 
524 414 
155 414 
104 414 
266 414 
1939 414 
173 499 
1777 53 
174 414 
464 414 
1939 2757 
382 2757 
579 3948 
2418 2290 
1319 69 
5 3948 
524 158 
884 735 
2418 2419 
71 389 
441 2224 
727 3825 
524 459 
842 2224 
280 524 
477 3948 
524 125 
4836 1319 
325 620 
524 126 
524 11 
441 2575 
2334 4836 
524 468 
419 645 
524 395 
524 280 
524 226 
865 735 
155 325 
304 2095 
193 2095 
144 2095 
1040 2931 
548 1541 
443 2224 
3891 78 
183 2095 
18 2095 
588 78 
335 78 
842 4080 
118 2095 
1799 4738 
1791 3284 
177 1114 
51 1525 
503 2990 
636 637 
177 1164 
524 694 
104 1207 
104 658 
104 4871 
104 2121 
104 518 
104 727 
104 1587 
104 2177 
104 581 
104 477 
104 160 
104 324 
104 37 
104 867 
443 1587 
104 842 
104 3507 
104 1904 
104 331 
631 1613 
104 3454 
104 76 
104 936 
177 309 
104 2082 
104 509 
631 382 
104 339 
631 589 
104 718 
104 3467 
104 89 
104 626 
104 2187 
104 188 
104 3047 
548 1731 
104 5 
104 1591 
104 2383 
104 414 
104 1121 
104 2011 
104 72 
104 206 
104 1096 
443 1731 
104 896 
104 2768 
104 2189 
915 509 
104 848 
104 452 
104 105 
104 329 
104 3682 
104 1189 
104 476 
441 1731 
104 3635 
104 1677 
104 142 
174 1731 
104 1544 
104 599 
104 629 
104 233 
104 3373 
104 2575 
104 3465 
104 2752 
104 783 
104 496 
104 1582 
104 4162 
104 582 
104 2138 
104 235 
104 759 
104 3369 
104 2047 
104 217 
104 157 
321 631 
104 1047 
104 498 
104 790 
104 2510 
104 2278 
104 17 
104 3023 
104 1248 
104 1261 
104 1657 
104 2689 
104 1681 
104 1364 
104 170 
590 779 
1692 596 
1926 232 
173 4731 
260 4891 
160 3376 
22 1442 
1926 160 
9 3533 
158 3427 
641 36 
2154 3270 
319 1452 
641 2665 
36 641 
3691 1040 
4396 3691 
3927 615 
248 170 
1390 69 
424 261 
910 2712 
2878 2460 
865 4559 
155 1620 
2751 250 
466 1717 
174 2510 
118 562 
643 518 
304 518 
598 599 
584 4511 
579 3463 
2017 3463 
3338 158 
477 3463 
842 1545 
155 3074 
69 1473 
266 3074 
18 3463 
186 34 
118 34 
2017 1715 
11 1403 
20 3845 
718 1 
441 3074 
155 4411 
842 226 
332 3730 
155 1064 
177 1545 
4922 1546 
590 250 
590 299 
590 1189 
590 1164 
590 4110 
590 415 
590 220 
590 1776 
590 50 
590 110 
590 282 
590 312 
590 112 
590 374 
590 264 
590 398 
175 651 
590 2814 
590 575 
590 1637 
590 9 
590 4510 
590 272 
590 466 
590 1735 
590 3253 
590 986 
590 101 
590 480 
590 48 
590 225 
590 2254 
590 304 
590 102 
590 1022 
590 1024 
590 1542 
590 1744 
590 171 
1617 338 
590 908 
590 6 
590 140 
590 915 
590 177 
590 294 
53 1617 
155 590 
590 2794 
590 465 
590 69 
590 44 
160 1477 
590 564 
590 332 
590 1192 
590 4684 
590 588 
590 1912 
590 137 
715 1013 
590 577 
590 741 
590 2615 
1617 1618 
443 777 
590 1420 
590 2250 
590 243 
590 11 
189 3891 
424 537 
515 1344 
424 581 
424 777 
18 3891 
234 96 
117 562 
294 198 
424 1108 
338 1086 
424 658 
424 1578 
884 584 
424 896 
189 1344 
22 1876 
424 320 
16 3891 
548 3110 
