304 1116 
289 20 
74 326 
110 4060 
155 1539 
1264 2111 
188 2698 
74 2985 
3314 1833 
266 2789 
222 2111 
74 2620 
1064 2955 
266 1539 
1692 1833 
1064 3759 
452 2853 
40 2620 
75 117 
448 644 
186 559 
382 117 
727 1481 
1064 529 
272 1564 
155 1481 
5 1481 
155 3799 
38 285 
448 53 
234 2111 
480 810 
250 4141 
397 564 
266 422 
280 1481 
1112 1666 
266 3799 
1064 226 
74 564 
1885 2417 
104 117 
524 2789 
155 2789 
548 777 
104 2698 
1064 326 
441 1666 
46 2238 
588 2698 
158 2417 
588 327 
6 69 
74 956 
100 2623 
155 1633 
454 2111 
155 4415 
515 2541 
65 201 
524 3799 
181 289 
155 201 
631 3373 
1064 1120 
193 1481 
878 1342 
69 3608 
266 117 
548 117 
69 852 
524 2111 
155 2111 
2550 59 
170 658 
806 126 
71 2791 
3132 2398 
334 1502 
75 777 
2398 3132 
69 2571 
104 581 
643 658 
71 658 
233 658 
375 658 
382 206 
245 1833 
419 3204 
928 285 
518 658 
4714 4117 
2747 3722 
184 581 
69 2988 
285 4732 
126 698 
1634 730 
901 875 
382 581 
363 249 
110 2076 
1833 64 
4117 138 
391 1956 
631 581 
806 719 
727 3044 
727 581 
395 1995 
232 4171 
293 658 
65 581 
3527 4732 
222 3044 
518 1833 
177 536 
806 289 
138 53 
2889 4098 
464 3044 
319 4745 
464 1116 
891 4745 
464 3550 
78 796 
3575 289 
2502 1116 
727 1116 
410 536 
588 304 
105 1572 
260 796 
2017 2533 
415 304 
1833 338 
186 374 
719 848 
1827 4098 
64 796 
75 304 
65 796 
338 796 
266 796 
382 1116 
503 117 
443 796 
110 1588 
11 3550 
105 4364 
1547 304 
104 304 
237 2533 
155 1116 
842 3360 
130 4098 
464 1144 
266 3360 
548 3373 
363 3044 
155 62 
266 4745 
454 1023 
3023 105 
78 3360 
42 1144 
321 4745 
155 3044 
233 105 
105 1032 
40 1144 
891 4745 
503 3360 
188 1144 
454 3360 
865 3360 
61 1144 
548 3360 
188 4745 
503 3373 
865 4745 
188 3360 
293 1144 
524 3360 
319 304 
155 3360 
4098 645 
443 3360 
173 1066 
40 2698 
443 4745 
321 3360 
293 4745 
104 4745 
382 3047 
65 1144 
443 1144 
588 1144 
631 1023 
155 1144 
266 1144 
643 4745 
174 4745 
515 1144 
266 1385 
6 3550 
477 193 
441 221 
222 3550 
40 272 
643 1385 
266 936 
464 1696 
26 3550 
170 520 
727 3550 
410 20 
188 3550 
3913 4218 
727 1047 
452 1755 
4302 2564 
245 520 
69 2564 
42 20 
865 3550 
524 633 
842 1452 
515 272 
126 522 
1508 18 
255 3273 
1634 105 
9 1807 
564 26 
4203 69 
1808 69 
4098 3267 
1807 1808 
174 1023 
18 633 
419 3267 
56 3211 
454 4072 
5 2123 
188 803 
1492 1493 
1432 4882 
1545 1106 
1484 520 
2325 1064 
842 1064 
686 3132 
421 420 
177 232 
46 1155 
443 171 
78 1261 
2281 902 
958 3132 
69 2753 
441 334 
842 424 
232 4080 
11 1048 
586 452 
2180 2181 
524 1680 
26 1696 
94 1895 
465 590 
464 2619 
3160 727 
64 509 
1564 576 
314 1328 
615 586 
901 26 
640 160 
233 232 
842 188 
810 4805 
1840 4352 
59 698 
46 1073 
1291 1223 
184 2698 
140 1555 
3051 1964 
71 356 
865 335 
264 314 
1939 1511 
643 602 
2751 220 
71 602 
3463 3310 
1833 698 
188 4477 
6 171 
2913 4126 
2402 64 
688 356 
188 2741 
901 1511 
11 426 
441 26 
579 788 
18 4737 
477 3604 
1146 4737 
443 3759 
804 1752 
1717 466 
4805 3207 
160 66 
188 1555 
412 188 
188 2237 
173 2417 
319 1761 
118 602 
441 193 
3254 4170 
243 356 
61 803 
250 220 
188 3110 
188 966 
615 3986 
1637 4891 
524 795 
42 104 
18 2619 
314 2417 
76 1761 
631 88 
1564 576 
1120 2955 
40 2619 
382 1761 
928 4678 
313 2223 
5 2619 
61 2619 
3273 324 
107 4831 
100 2751 
46 2210 
443 2751 
641 3110 
375 1761 
313 186 
806 260 
105 2619 
53 2751 
313 314 
18 950 
6 3074 
18 633 
150 950 
18 548 
6 1976 
18 1121 
18 4444 
243 1999 
6 3214 
338 2619 
356 950 
18 2768 
975 2865 
50 590 
264 3503 
18 135 
18 50 
323 950 
18 855 
18 404 
1692 304 
40 950 
118 53 
363 2127 
155 950 
100 4823 
50 884 
410 1164 
1315 1316 
6 1114 
16 342 
50 928 
5 950 
410 18 
50 3306 
2368 158 
50 269 
319 140 
631 1117 
50 184 
50 1385 
379 141 
6 499 
6 548 
50 161 
443 2080 
443 324 
363 2080 
1596 777 
1635 160 
6 268 
1536 1535 
6 2646 
50 588 
379 2301 
873 950 
655 509 
314 919 
1264 441 
520 232 
6 367 
363 87 
18 975 
117 950 
18 2403 
50 53 
441 874 
50 230 
727 3815 
18 2958 
234 950 
6 716 
18 928 
160 950 
338 2127 
338 950 
1535 69 
50 958 
266 950 
2778 675 
6 320 
1635 908 
105 950 
18 1911 
50 738 
6 255 
1634 317 
464 950 
1092 3174 
50 105 
158 2560 
397 3174 
18 1059 
424 4822 
727 1117 
18 1547 
155 57 
6 1866 
50 1520 
1597 363 
631 331 
294 2834 
727 536 
617 2101 
209 3986 
441 724 
410 379 
1546 4922 
50 515 
631 331 
842 285 
243 4230 
579 788 
410 2002 
50 186 
1040 3033 
443 356 
50 651 
319 1545 
559 896 
865 724 
281 280 
243 2269 
243 1032 
410 884 
106 209 
289 1848 
503 174 
59 405 
243 1029 
50 2794 
503 536 
464 1665 
2620 314 
75 536 
3578 4571 
2620 59 
155 724 
727 724 
548 724 
71 588 
294 1032 
76 18 
727 339 
158 3623 
1692 4461 
363 2504 
293 319 
9 1388 
1264 1369 
1264 1297 
321 874 
188 878 
319 400 
18 1642 
18 2532 
1146 2532 
18 4760 
1546 2659 
6 171 
382 1077 
382 1650 
842 400 
524 2532 
715 1276 
1807 1808 
18 1018 
177 400 
18 2622 
1264 582 
3623 3697 
64 4461 
155 1650 
727 1650 
1833 727 
188 694 
681 18 
2532 2696 
104 1077 
293 727 
18 3940 
266 304 
248 188 
4228 76 
18 692 
643 4461 
1264 3407 
1264 750 
375 1077 
1264 1562 
245 4461 
4228 5 
1088 2532 
842 1650 
18 4410 
730 94 
3079 3080 
2953 2629 
75 374 
727 2708 
1765 3080 
294 688 
174 4010 
75 443 
410 264 
655 2002 
884 2708 
901 105 
11 3561 
248 400 
958 1120 
233 4461 
11 2953 
1121 3744 
454 2240 
94 2200 
382 2240 
586 615 
363 2988 
188 2240 
363 642 
188 192 
397 3552 
464 2689 
266 2240 
363 4150 
294 410 
59 3561 
266 443 
3924 4010 
577 3552 
321 3744 
443 2611 
53 181 
1151 124 
727 363 
188 1650 
443 643 
524 1650 
655 363 
375 3373 
4098 958 
443 186 
188 3407 
2319 125 
443 332 
40 66 
18 3744 
188 2121 
125 1064 
234 3744 
155 36 
118 1634 
76 833 
410 933 
125 53 
66 69 
104 2121 
443 61 
237 1149 
293 66 
410 1032 
1999 69 
71 1634 
443 269 
477 1077 
76 708 
410 1100 
76 792 
76 2318 
884 2319 
155 150 
5 1149 
76 1149 
379 2834 
106 477 
335 795 
363 590 
222 559 
530 66 
94 1626 
1450 999 
3023 1634 
125 314 
155 3263 
503 2247 
382 1620 
76 2121 
319 66 
2502 2319 
727 2319 
1624 1267 
104 3744 
3204 4098 
125 810 
643 66 
4228 18 
1637 379 
181 53 
160 1119 
382 1364 
5 4885 
443 141 
266 1119 
631 1119 
11 3836 
64 1510 
443 2106 
1172 314 
3973 468 
2017 4228 
382 1119 
477 4228 
1364 777 
842 125 
817 2290 
1364 375 
375 1364 
1366 2993 
395 801 
801 3492 
884 4696 
104 1119 
1939 1119 
842 177 
468 2603 
78 503 
155 1078 
1092 1621 
901 1033 
243 2080 
78 1497 
42 1542 
6 582 
314 3744 
391 4660 
1092 582 
477 3050 
727 234 
94 1634 
264 2080 
2396 260 
69 2080 
363 1369 
6 1369 
503 234 
59 234 
177 312 
160 312 
6 1772 
50 1092 
363 186 
117 4425 
155 4425 
5 785 
78 4425 
806 312 
175 4425 
158 4425 
50 312 
18 3948 
5 2005 
464 4425 
178 4442 
173 2047 
76 67 
842 584 
503 902 
38 312 
1542 4971 
105 4425 
18 3474 
321 226 
234 3474 
515 596 
1766 3835 
443 596 
464 2224 
174 596 
155 1788 
174 4010 
3048 615 
18 2007 
3574 69 
4782 3207 
220 319 
338 3474 
465 3376 
110 4437 
46 2753 
40 1788 
248 896 
319 220 
26 4138 
1645 1916 
11 3610 
260 2060 
319 26 
2822 3333 
36 26 
1564 2060 
155 596 
188 306 
1092 4138 
53 4138 
106 790 
321 4299 
1819 3610 
177 101 
110 2774 
18 1463 
220 319 
3333 319 
727 2375 
727 1692 
94 2606 
727 4162 
727 2095 
727 2376 
727 3047 
727 718 
727 382 
727 3443 
100 4334 
76 513 
727 2047 
727 329 
727 157 
727 72 
727 206 
727 3023 
727 724 
727 328 
245 37 
727 1731 
518 842 
727 2342 
727 646 
727 280 
3665 2662 
727 738 
6 1960 
727 855 
727 1281 
727 1677 
727 1256 
727 598 
727 3465 
727 1226 
727 2288 
727 2544 
727 2549 
727 26 
119 121 
727 708 
727 325 
727 581 
727 234 
727 777 
727 64 
727 241 
727 1033 
727 2417 
727 118 
727 3015 
727 1043 
1360 1361 
2662 3473 
727 1613 
727 1790 
332 1596 
727 4029 
727 2650 
727 1077 
727 596 
727 1620 
727 24 
727 1108 
518 598 
103 319 
643 117 
727 651 
727 1541 
1637 1596 
901 1502 
727 548 
69 2564 
727 37 
727 1866 
727 1634 
264 3370 
727 3214 
319 103 
727 464 
727 2757 
727 3360 
727 1525 
1146 3349 
727 757 
321 2121 
1563 2685 
1973 1360 
865 1545 
727 1344 
727 339 
727 344 
222 1788 
4678 16 
1380 2747 
3160 324 
104 4299 
2443 1788 
1088 751 
266 1788 
71 1788 
441 1788 
158 751 
18 751 
464 1788 
76 1033 
1146 751 
2783 3692 
160 270 
3282 2783 
524 751 
865 1788 
5 751 
188 1509 
410 1064 
1939 727 
40 1716 
174 1788 
76 454 
1192 1064 
6 216 
100 1354 
4595 128 
4678 4679 
222 711 
1509 69 
1134 3902 
464 216 
53 1907 
2783 2083 
1105 4678 
1105 928 
160 216 
289 1040 
155 1716 
443 1259 
248 144 
1105 1104 
5 579 
16 1105 
22 3958 
727 216 
441 443 
350 631 
76 338 
842 221 
188 1545 
1502 53 
155 1545 
1917 234 
