1064 836 
1336 397 
1833 285 
1064 1192 
1818 660 
424 1666 
314 1666 
342 1885 
233 157 
3941 98 
1064 105 
2988 374 
1104 1881 
112 1666 
11 4342 
158 2532 
644 53 
1064 577 
454 24 
1064 382 
1818 803 
1313 11 
53 2623 
1469 1470 
14 152 
579 2517 
69 4473 
524 1666 
64 4162 
245 4162 
518 4162 
250 4171 
64 1657 
3023 4162 
104 4162 
266 1297 
234 822 
71 4162 
382 1215 
233 4162 
18 2318 
375 4162 
44 230 
915 3868 
464 1657 
454 1297 
382 4162 
170 4162 
518 1657 
173 324 
611 2831 
842 157 
794 822 
48 3004 
654 157 
48 933 
48 1265 
48 2455 
155 822 
1264 626 
50 1164 
188 1023 
598 518 
160 304 
248 304 
174 325 
464 325 
727 1268 
548 2988 
1268 598 
104 1231 
245 1587 
11 4149 
50 2988 
1833 3314 
842 436 
443 2988 
280 2988 
382 304 
266 325 
104 325 
321 2988 
245 5 
321 325 
314 352 
18 1231 
464 1268 
424 324 
643 1268 
335 4745 
1939 436 
631 1231 
170 4745 
75 2988 
160 2988 
61 1280 
631 325 
338 2988 
304 90 
443 1280 
188 325 
245 157 
443 325 
1313 9 
325 53 
960 3254 
119 708 
727 3356 
319 299 
104 2502 
160 1338 
644 1157 
321 3356 
727 61 
13 1338 
222 329 
26 998 
477 400 
2988 374 
375 658 
4163 2989 
174 1562 
865 61 
419 1604 
174 3356 
3409 2244 
16 2988 
173 966 
248 2988 
266 2988 
61 86 
443 715 
78 2988 
183 2988 
4597 1073 
184 174 
415 2562 
1092 4891 
901 3167 
100 2988 
188 2988 
237 2988 
363 401 
64 4158 
727 2988 
548 2988 
9 4597 
65 2988 
266 86 
177 3044 
64 1525 
126 4891 
443 2988 
75 174 
222 2988 
865 174 
173 4932 
140 2988 
233 1634 
24 832 
11 3646 
2267 2266 
3875 788 
842 304 
788 241 
584 2531 
944 2267 
1269 324 
59 1634 
158 832 
2017 159 
332 397 
75 2988 
448 1827 
338 3646 
40 2988 
3273 245 
321 524 
788 106 
954 324 
64 1634 
615 1990 
76 1502 
155 4653 
36 374 
319 1621 
177 233 
160 233 
842 651 
13 958 
878 3244 
243 374 
155 4951 
158 4760 
155 2318 
727 233 
155 2349 
155 775 
727 3044 
18 4760 
289 417 
155 442 
3244 3245 
148 1284 
465 848 
319 1562 
234 157 
260 1495 
248 590 
5 949 
579 949 
465 1164 
42 3410 
465 590 
133 3723 
465 1542 
477 790 
2787 1604 
1604 3854 
884 104 
144 241 
1745 4806 
3013 3289 
22 3936 
1198 100 
18 154 
615 4942 
465 3376 
465 230 
104 1761 
3035 801 
148 4570 
4203 2586 
641 4180 
577 3589 
641 1004 
250 98 
22 519 
53 499 
690 691 
22 3996 
842 391 
159 1172 
4203 4690 
2017 2318 
410 42 
465 102 
44 1827 
1172 315 
874 24 
76 329 
2085 4203 
4203 2085 
579 1172 
61 237 
3880 3332 
243 524 
548 4809 
48 1564 
174 3373 
16 950 
503 4477 
524 243 
3332 69 
419 4363 
48 4806 
183 237 
121 148 
1313 22 
75 237 
71 237 
11 3880 
579 833 
631 3373 
3332 314 
237 1545 
631 3646 
415 1545 
794 1800 
170 3360 
785 3263 
2370 3166 
1307 94 
579 3263 
641 1849 
1172 159 
1406 631 
289 529 
452 412 
3973 69 
321 3263 
454 1866 
464 1544 
155 513 
503 4461 
524 563 
524 759 
18 1267 
237 59 
579 2038 
579 4653 
158 2233 
5 563 
106 237 
319 660 
579 3050 
155 4461 
1088 2217 
579 2533 
387 2217 
5 833 
579 1089 
5 857 
727 2988 
2662 3100 
11 991 
237 978 
579 237 
579 633 
794 1917 
155 331 
579 2158 
412 295 
579 3621 
3160 4570 
5 2421 
2672 2157 
579 616 
76 2560 
387 4885 
615 237 
1088 563 
5 3793 
237 2450 
579 2056 
18 3463 
387 563 
830 831 
579 1721 
155 833 
135 833 
6 3411 
5 3325 
579 862 
579 692 
579 388 
245 105 
579 295 
5 2279 
579 4004 
2017 832 
579 188 
579 1572 
1951 4004 
579 2450 
524 2450 
314 849 
321 998 
76 4461 
160 2988 
160 391 
3349 1302 
588 2988 
631 1215 
314 1960 
696 66 
126 2988 
579 4794 
884 2988 
188 3369 
155 3369 
696 707 
696 933 
5 2533 
64 3369 
696 878 
18 330 
104 3369 
496 696 
696 226 
503 391 
2539 615 
452 3050 
696 1094 
696 1154 
986 4695 
696 875 
464 3369 
696 490 
375 3369 
184 391 
24 105 
696 4809 
579 330 
158 330 
266 3369 
321 1215 
171 4405 
3378 3386 
452 59 
1637 2080 
237 700 
3386 64 
260 2988 
266 503 
237 2318 
126 626 
16 3019 
1778 3473 
3386 69 
126 3451 
441 2318 
515 1684 
319 26 
155 503 
382 1624 
794 4660 
503 1624 
319 334 
3647 2442 
1778 314 
26 1215 
950 11 
670 4165 
579 749 
727 1215 
266 658 
464 503 
1106 69 
248 1215 
397 804 
335 874 
188 1116 
842 1624 
2442 1116 
524 658 
177 1215 
170 319 
11 2790 
61 658 
2005 2768 
1227 4285 
1939 1215 
2620 53 
188 658 
213 59 
248 338 
452 4724 
443 204 
9 3778 
785 1621 
16 559 
321 631 
901 2600 
901 631 
3332 3977 
2672 2600 
71 658 
3880 3857 
727 2600 
727 1406 
382 3743 
4655 3055 
46 2483 
363 559 
6 559 
76 1077 
3857 314 
213 454 
477 454 
4188 4455 
4883 128 
3857 3880 
1638 59 
477 875 
1923 314 
222 2646 
18 4677 
160 2646 
524 4293 
901 187 
177 13 
80 288 
11 187 
155 319 
696 584 
727 187 
155 4912 
4084 696 
188 3004 
155 187 
326 708 
69 854 
250 590 
237 159 
1264 2687 
40 2646 
1564 2330 
321 187 
2370 2306 
53 187 
89 2342 
59 2342 
1781 3207 
842 855 
842 1545 
218 26 
71 1657 
1780 1781 
643 187 
643 1657 
518 187 
126 4812 
518 2376 
518 1657 
524 187 
579 3325 
334 105 
218 219 
234 2376 
1995 855 
245 2342 
64 2342 
454 2376 
454 187 
26 218 
375 382 
233 2342 
594 2576 
188 187 
64 71 
158 3325 
688 16 
503 324 
245 16 
325 59 
1104 16 
96 324 
4493 6 
16 1583 
50 334 
237 4653 
842 1258 
5 718 
779 16 
418 3498 
1104 806 
2100 3498 
643 16 
1104 294 
173 16 
617 3498 
2370 3869 
689 59 
71 325 
518 16 
2751 16 
2375 325 
2554 38 
104 325 
9 16 
3273 16 
50 688 
2787 3498 
806 16 
643 325 
1077 388 
451 16 
375 3972 
382 325 
3446 3498 
160 1859 
69 4094 
363 3407 
397 270 
222 1859 
655 16 
4802 100 
50 1859 
177 140 
548 1859 
2251 177 
4678 16 
884 3931 
3598 11 
727 532 
11 3931 
375 1859 
4802 2251 
75 1859 
842 1859 
424 532 
524 388 
727 3931 
327 3110 
2251 1819 
61 3117 
667 64 
59 3834 
4053 11 
75 440 
4827 1726 
842 1833 
319 281 
4053 126 
487 2251 
18 655 
667 11 
26 655 
59 1166 
727 1166 
65 440 
454 2740 
452 3050 
4915 16 
133 2740 
40 531 
727 2740 
1833 174 
266 440 
6 2420 
321 464 
443 1166 
222 1166 
6 1166 
177 3290 
494 2740 
321 1441 
11 1275 
174 1166 
884 3185 
222 2242 
464 2082 
464 2740 
148 3185 
2420 1264 
225 11 
503 2515 
3273 727 
126 1043 
727 3185 
222 464 
266 391 
50 174 
222 2549 
1547 3185 
26 2804 
443 2106 
503 2420 
321 1166 
174 2549 
321 3185 
